Number of elements 912
     0 :  2.8254160e-09 -5.9237187e-12 -6.1933731e-09
     1 : -1.7058605e-04  3.6238683e-04  7.4246135e-05
     2 : -4.1002281e-02 -1.3957632e-02 -5.5733671e-02
     3 :  4.0524215e-06  4.0934314e-07 -8.6981139e-06
     4 :  2.8314678e-02  3.7050531e-02  3.3170768e-02
     5 : -1.3108890e-02  7.5821944e-02  6.6085384e-02
     6 :  1.8497896e-16  3.6941445e-16 -7.8237463e-16
     7 :  2.3643166e-04 -1.1608439e-04 -3.2565026e-05
     8 :  3.1125607e-04 -7.8617076e-04  4.6367888e-04
     9 : -6.7842868e-15  1.0137505e-15  1.8904912e-14
    10 :  5.9517573e-04 -2.6396874e-03  1.0748635e-03
    11 :  3.4709472e-17 -9.4922450e-18 -1.8302014e-17
    12 :  5.2348286e-03 -8.9404930e-01  1.0258403e+00
    13 :  5.0987936e-03 -6.4429103e-03  2.7890013e-03
    14 : -5.5911058e-07  1.5477069e-06 -1.8128742e-07
    15 :  5.5739721e-03  4.3886133e-02  2.8142631e-02
    16 : -4.2667131e-18  2.3677857e-18  8.7015612e-18
    17 :  2.3740415e-11  1.5413811e-11 -9.4836991e-11
    18 : -1.3972246e-03  3.8634348e-03 -7.0245205e-04
    19 :  3.5847716e-20 -2.1362712e-20  1.2362707e-20
    20 : -5.5679717e-11  2.3697224e-11  1.1276713e-10
    21 :  4.0391369e-02  2.3516630e-02  2.1301848e-02
    22 :  2.4902869e-02  6.6488519e-03 -4.9644332e-03
    23 : -7.6061643e-20 -1.4758042e-18  5.5087931e-19
    24 : -6.4225728e-05  3.7448780e-04 -5.9056269e-05
    25 :  3.0126899e-20 -9.1281542e-20  6.6324175e-21
    26 :  1.1777112e-04  5.7999325e-04  9.4925607e-05
    27 :  3.0846746e-03  6.5403184e-02  4.9817621e-02
    28 :  9.2809465e-03  8.5620235e-03  7.5775198e-03
    29 : -1.2724911e-05 -5.2854655e-05  4.1810061e-05
    30 : -8.7588104e-04  2.3881782e-03 -3.4360485e-03
    31 : -1.9041059e-06  1.4490543e-06  3.0181216e-06
    32 : -1.3371695e-15 -6.8368914e-16  5.0189353e-15
    33 : -3.2398862e-03 -2.3850336e-02 -1.2849044e-02
    34 : -3.6604647e-21  1.7191614e-20 -7.0309934e-21
    35 : -9.3611774e-07 -2.3773763e-07  5.4773215e-06
    36 : -1.8858292e-02 -2.0653152e-02  4.3103746e-03
    37 :  3.7470114e-03 -1.4447017e-02  2.7290716e-02
    38 :  4.0975233e-02  2.9699432e-02  5.2489052e-02
    39 : -4.2029288e-05  5.4309527e-06 -2.6417459e-05
    40 : -6.6828330e-05  1.0583858e-04 -2.0576071e-04
    41 :  2.3939330e-04  4.1258384e-02 -2.7529981e-02
    42 : -1.5701259e-19 -4.5645082e-20  1.4054067e-19
    43 :  2.9419105e-10 -3.4756396e-10 -2.2371663e-10
    44 :  3.3628593e-02  2.6614341e-02 -1.1013369e-02
    45 : -2.0496587e-08  2.0580479e-08 -5.5328601e-08
    46 :  1.1552947e-07 -4.3518676e-08  7.0782092e-08
    47 :  2.1156634e-15  3.3686591e-15 -2.7185973e-15
    48 :  1.4247531e-17  4.2360047e-17 -1.3241237e-17
    49 :  6.0322614e-04 -2.8131963e-03 -2.4621131e-03
    50 : -2.8945796e-02 -2.3037747e-02  2.3239747e-03
    51 : -4.7176755e-03 -4.9268945e-02 -2.3814611e-02
    52 : -8.6527121e-03  2.6155845e-02 -4.5621466e-03
    53 : -4.4609172e-17 -3.0021190e-18  1.7582535e-18
    54 :  4.0110536e-03  1.0438163e-02 -3.0772611e-03
    55 :  1.1195986e-02  7.6596842e-03 -5.7878219e-04
    56 :  3.5018196e-02  3.6121247e-02  5.2446277e-02
    57 : -3.8664939e-03 -3.0549745e-03  5.9927641e-02
    58 : -5.4758974e-02 -3.2966554e-01  1.9659661e-01
    59 : -4.2928126e-03 -4.3786844e-03 -1.4395406e-03
    60 :  2.7549608e-02  2.9599215e-02  3.7429742e-02
    61 : -3.5854712e-02 -4.0411055e-02 -5.2106933e-02
    62 :  4.6012783e-04  2.2465177e-04 -2.4064448e-04
    63 : -2.5976857e-02 -1.1530184e-02  3.2755835e-02
    64 : -4.5068991e-05 -1.0690524e-04  7.2751950e-04
    65 :  4.4061702e-06 -4.9555869e-05  2.2483355e-05
    66 :  2.7488260e-06 -1.0663386e-05  4.0738152e-06
    67 :  3.6600218e-16 -4.8787927e-16 -7.1698515e-16
    68 : -1.0259484e-16  2.7347291e-16 -4.1613685e-17
    69 :  4.8857351e-16 -5.9904304e-16 -7.4747364e-16
    70 :  7.2106712e-08 -7.6047399e-08 -1.5759947e-07
    71 :  3.6515394e-02  2.2708915e-03 -8.3908113e-03
    72 :  7.5224075e-19 -2.1699180e-18  8.0687338e-19
    73 :  9.4232098e-03 -3.0767835e-02 -2.8698522e-02
    74 : -6.7926920e-12  2.0384740e-12 -1.0950080e-12
    75 : -1.1805346e-12  8.2021938e-13  4.2212860e-13
    76 : -8.7023489e-19  6.4998385e-18 -8.0873949e-19
    77 :  7.9383435e-14  1.7841436e-12 -3.3827936e-13
    78 : -2.4849185e-15  1.2123275e-14 -2.3622467e-15
    79 :  4.3255525e-10 -1.9215252e-10  4.3667678e-10
    80 :  4.7083079e-25  4.3496118e-24 -1.9083028e-24
    81 :  2.0459682e-14  2.6792949e-14 -2.3508390e-14
    82 : -1.0932200e-01 -6.4749636e-01  4.4988486e-01
    83 : -1.1871100e-21  5.4379058e-21 -1.6142065e-21
    84 : -6.4995530e-20  1.7280323e-19 -4.3926222e-20
    85 :  5.7009556e-02  4.6695795e-01 -4.1589927e-01
    86 :  1.0392275e-11 -3.1554909e-12 -2.6464125e-12
    87 :  2.5368551e-10 -2.1780460e-10 -2.9932717e-10
    88 : -2.9584743e-05 -2.6547910e-05  2.5275045e-05
    89 : -4.8105420e-02 -1.7720777e-02  3.9365775e-03
    90 :  4.7513519e-18  1.0602164e-17 -7.1601597e-18
    91 :  3.6353226e-02  4.1243668e-02  3.4729593e-02
    92 : -6.1547061e-08 -2.3516394e-07  1.8138624e-07
    93 : -4.1985008e-23  3.2263998e-24  2.4065193e-23
    94 :  2.0570547e-09 -9.6747660e-10 -3.3884122e-10
    95 :  3.4007903e-17 -8.2682011e-18 -1.3212963e-18
    96 :  9.8276718e-07 -3.1759127e-06  4.9890815e-06
    97 : -5.4983045e-07  8.4374488e-07  3.1282296e-07
    98 : -9.5919397e-04 -2.9928218e-02  7.0153818e-03
    99 : -1.6711697e-15 -9.5238540e-15  4.2228425e-15
   100 : -5.9251137e-16 -4.0687421e-16  1.5481351e-15
   101 : -2.0611451e-05  1.7637286e-06  9.9430897e-06
   102 :  1.5191007e-03  6.3610626e-03 -3.4882546e-03
   103 :  1.2438969e-21 -1.9174286e-21 -1.9164996e-21
   104 : -1.0202260e-09  7.3010276e-09 -3.2503750e-09
   105 : -5.0280962e-03  3.6447925e-04  7.9336147e-04
   106 : -2.7235449e-05 -1.8972570e-05 -1.2679816e-05
   107 : -2.8149224e-05  3.7850454e-04 -1.7546293e-04
   108 :  4.2633537e-04  3.7221102e-04 -2.9288336e-03
   109 : -6.0711465e-03 -2.0954698e-03  1.4111144e-02
   110 :  8.6354442e-03 -3.1957643e-02 -1.0678499e-02
   111 :  3.4766179e-04 -1.3280514e-04 -1.2934545e-04
   112 :  4.2924476e-14  1.1208604e-13 -1.5034315e-13
   113 : -7.4741851e-03 -5.9448733e-02 -4.9154084e-02
   114 : -1.5199213e-07  8.9973840e-07  1.3043631e-07
   115 :  1.9463477e-02  4.5109407e-02  6.3182638e-04
   116 : -4.2041829e-02 -3.3776076e-02 -5.3398346e-02
   117 :  3.4763295e-02  4.2311240e-02  4.1116983e-02
   118 : -9.9867665e-02 -1.5737770e-02 -5.3718239e-02
   119 :  1.1853847e-16  6.0916187e-17 -2.6530338e-16
   120 : -1.8888930e-07  4.1029462e-08 -1.1523621e-08
   121 : -2.2910882e-14  1.2742396e-12 -7.9731961e-13
   122 :  5.4771546e-03  5.6119141e-03  1.2776403e-02
   123 : -1.7043637e-21 -6.2691587e-22  2.3406140e-21
   124 : -2.0481090e-16  2.8887084e-16 -9.1814491e-17
   125 :  6.9591089e-25 -1.8797103e-24  5.1274270e-25
   126 : -2.9854907e-12  2.4578260e-11  1.1469570e-11
   127 :  1.5544666e-12 -7.3797228e-12  2.8501632e-12
   128 : -2.2491336e-02  1.7777786e-02  4.2501401e-02
   129 :  8.6738136e-10  5.1630568e-10 -4.0708378e-09
   130 : -3.5004796e-02 -3.9863678e-02 -4.9968336e-03
   131 :  3.7568916e-02  7.0277520e-03  2.7330448e-02
   132 :  1.0038297e-02  4.9947462e-02  2.5027045e-02
   133 : -3.5232507e-02 -2.1122596e-02 -3.4587421e-03
   134 :  1.3104034e-02 -5.9211643e-03 -4.2042602e-03
   135 :  1.6260182e-03 -3.4534803e-04 -2.2921583e-03
   136 : -8.4901375e-05  5.5010464e-05 -2.5589620e-06
   137 :  1.7055133e-03 -2.5660259e-03 -4.1699590e-03
   138 :  5.8076125e-04 -4.9298798e-04  6.7663097e-05
   139 :  1.1175309e-04  3.1823641e-04 -1.5299927e-04
   140 :  1.9926057e-14 -5.6282916e-14  1.4013773e-14
   141 :  2.1370369e-13 -4.8047746e-14 -3.2407171e-13
   142 :  5.3058835e-04  2.1574768e-04  5.6189966e-04
   143 :  4.7040581e-17 -1.9656196e-16  1.1666767e-16
   144 : -6.9969123e-05 -7.1513078e-05  4.2366447e-05
   145 : -1.7342963e-06  1.0579204e-05 -4.6740503e-06
   146 : -1.8571028e-08  1.8293645e-08  3.2057756e-08
   147 :  2.8098659e-17  1.4693405e-17 -1.3657659e-17
   148 : -5.2722839e-09 -9.7045261e-09  2.4269319e-08
   149 :  3.9379812e-03 -3.1419329e-03  5.7329935e-03
   150 : -5.6144975e-06  1.1724818e-05  8.5887857e-06
   151 : -1.1307409e-12 -1.5416633e-12  4.7883707e-12
   152 :  1.4060982e-09 -4.6297219e-10 -3.9285575e-10
   153 :  4.6724053e-02  1.2316167e-02 -5.7088892e-02
   154 : -2.3429252e-23  1.4969680e-23  3.2566096e-23
   155 :  1.5271882e-17  2.3203033e-17 -3.2617881e-18
   156 :  2.0974955e-19 -2.6623643e-18  7.6829781e-19
   157 :  1.7798741e-07 -2.1171003e-07 -3.0234064e-07
   158 : -2.0687048e-04 -1.9051729e-04 -1.4644938e-03
   159 : -4.4688694e-06  3.3526610e-06 -1.9973533e-06
   160 : -1.8624775e-22  1.0285660e-22  4.4256692e-23
   161 : -4.1516308e-21  3.2459023e-21 -3.5344186e-21
   162 : -3.5542645e-03  8.9602201e-03 -2.3842452e-03
   163 :  2.5920070e-02 -9.4047112e-03  1.3058873e-02
   164 : -1.1859226e-11  7.2924502e-13  2.1927950e-11
   165 :  1.0894575e-05 -9.5247655e-05  1.2055654e-04
   166 : -1.2775740e-17  7.2036827e-18  2.5593779e-17
   167 :  3.4487755e-04 -1.5154214e-05  3.6082046e-04
   168 :  8.4913965e-03  4.9691794e-02  1.5949929e-02
   169 : -1.0052334e-01 -4.8085530e-02 -5.2253095e-02
   170 : -2.4897286e-16  7.7236276e-17  8.5777530e-17
   171 : -1.1578093e-16 -4.2983376e-16  9.9378194e-16
   172 :  1.0927160e-02  3.6137856e-02  2.9825557e-02
   173 : -5.2873825e-03 -2.6908163e-03  4.4760393e-03
   174 : -2.5283463e-04  5.9915634e-04  3.6590388e-04
   175 : -2.3916954e-08 -1.9057995e-09  7.1414134e-09
   176 : -6.8892190e-16  2.3253203e-15 -1.9212845e-15
   177 : -9.4365517e-05  2.1560618e-04  1.0919173e-04
   178 : -8.6435474e-02 -8.6618803e-02 -5.2768565e-02
   179 :  1.9652081e-04  5.6941274e-04 -2.8664396e-04
   180 : -6.6345215e-18  2.4006204e-18  1.5879211e-17
   181 :  1.0106747e-02  3.8160175e-02  5.1922819e-02
   182 : -9.3006216e-10  3.4183325e-10  1.7626135e-10
   183 :  2.7988601e-03  3.6447280e-02 -9.4530091e-03
   184 :  2.4705264e-22  1.0165835e-21 -4.1256024e-22
   185 : -2.4982784e-11 -7.8071361e-12  1.2109903e-11
   186 : -3.0746912e-07  3.3852674e-07 -6.8245716e-07
   187 :  4.5091655e-04 -7.3658081e-04  4.2852665e-04
   188 : -5.3888363e-02 -9.9474487e-01  8.8585543e-01
   189 : -9.8008966e-03  6.5867020e-03  1.4878491e-02
   190 : -4.0255818e-05 -5.7117205e-05  6.1011952e-06
   191 : -6.1031576e-21  2.0266647e-21  3.1519570e-21
   192 :  7.9945026e-02  1.7494144e-02  8.1497260e-04
   193 :  9.5665272e-03  4.3883223e-04 -4.9850819e-03
   194 :  1.2751561e-02  3.0023556e-01 -2.2420563e-01
   195 : -4.2701518e-08 -5.0534962e-08  3.3369469e-08
   196 :  1.0711040e-18  1.1981287e-18 -5.6925540e-18
   197 :  9.4931625e-18 -1.5612641e-17 -2.7833234e-18
   198 : -2.4714271e-06  8.0274224e-07  1.6460168e-06
   199 : -5.1712478e-02  6.5896332e-02 -4.0585072e-02
   200 :  2.6769137e-16 -6.3245945e-16  1.9618478e-16
   201 :  8.7099333e-02  5.0545916e-02  1.9162314e-02
   202 :  2.1013191e-06 -8.7968582e-07 -7.0093282e-07
   203 :  1.0201774e-19  3.0686912e-19 -1.0028418e-19
   204 : -4.4904600e-09  2.1531713e-07 -3.0025920e-07
   205 : -1.1660997e-02 -2.9053678e-02  3.7020908e-02
   206 : -1.0887154e-18  3.2370100e-19  1.8052991e-19
   207 :  3.5489635e-17 -1.9884912e-17  1.7607494e-17
   208 : -6.2351883e-13  2.8950432e-12 -1.8944696e-12
   209 : -5.9252306e-02  9.1777510e-02  4.5414443e-02
   210 :  6.1631456e-08 -1.8796833e-07 -9.1441173e-08
   211 :  1.2526306e-20  2.2588911e-19 -7.1273064e-19
   212 :  5.5355169e-04 -3.5121841e-03  1.0648998e-03
   213 :  4.1648330e-17  8.1559988e-17 -1.9153270e-16
   214 :  1.5714181e-03  1.5297655e-04 -1.6247159e-03
   215 : -1.0247056e-01 -8.6089131e-03  1.5421783e-02
   216 :  1.1369390e-03 -1.3336858e-03 -9.3314354e-04
   217 : -4.1840120e-24  1.1640953e-22 -4.4519808e-23
   218 : -1.5120951e-13  3.9715076e-13 -8.6804410e-14
   219 : -1.0168519e-02  1.7460309e-02  4.0090552e-02
   220 :  3.1759711e-11  2.3243016e-11 -6.1702138e-11
   221 : -9.4020832e-16  7.0068276e-16  1.5890085e-15
   222 : -6.1207617e-02 -4.1952259e-02 -5.1810663e-02
   223 : -1.9716775e-02 -3.5592605e-02 -8.6084180e-03
   224 :  6.5399191e-06 -7.9798259e-06 -8.3801566e-06
   225 : -3.1755812e-11 -8.1386521e-11  1.3572760e-10
   226 :  6.2908722e-15 -1.4760500e-15 -1.3213748e-15
   227 : -1.1264403e-07  1.7713497e-08  3.0409263e-08
   228 :  1.0306941e-05 -1.6134614e-05 -9.6315547e-06
   229 : -2.3840403e-09  3.7620213e-09 -7.8818108e-10
   230 : -6.8475216e-16 -6.8866880e-16  4.0080954e-16
   231 :  2.4200530e-16 -6.9311071e-16  2.9716405e-17
   232 :  2.0209286e-23  1.3715414e-23 -1.4362612e-23
   233 : -2.7567820e-15  5.7190937e-15  6.2344097e-16
   234 :  2.8735039e-02 -4.2442568e-02 -3.3251749e-04
   235 :  6.3802761e-02  7.7091592e-02 -9.4971858e-02
   236 :  4.1691591e-14 -1.1927139e-13 -1.1460391e-14
   237 : -5.6391051e-13  2.4152688e-12 -7.6821299e-12
   238 :  7.6774508e-22  2.9470269e-22  7.6181888e-24
   239 : -3.1292182e-15  1.4167204e-15  3.7708029e-16
   240 : -2.2381691e-19 -2.3622664e-18  1.9364991e-18
   241 :  2.4770376e-02  2.0729758e-02 -3.3179370e-03
   242 : -1.0573609e-02 -1.1466586e-02  4.0478621e-02
   243 : -2.4222100e-02 -1.8547972e-02 -1.9086879e-02
   244 :  9.7976034e-03  2.4943137e-02 -2.0479517e-03
   245 :  2.2960962e-14 -1.7788162e-14 -1.3810987e-14
   246 :  4.3439228e-03  9.3895715e-04 -1.0259389e-03
   247 : -4.4484603e-02  1.9342676e-03 -4.2360806e-02
   248 : -6.7882817e-23  9.3584900e-23  8.9146410e-23
   249 :  6.9810578e-11  4.9848679e-11 -2.5601806e-10
   250 :  2.0296797e-03 -3.1935760e-03 -5.5651848e-03
   251 :  1.1056921e-05 -3.1616977e-05 -2.3168089e-05
   252 :  4.0804284e-15 -7.6713147e-16 -1.5605998e-15
   253 : -4.4130301e-19  4.6059973e-19 -5.9532636e-19
   254 :  1.5550259e-02 -2.2280570e-02 -2.3171147e-02
   255 : -2.5093295e-07 -1.6272810e-08  9.1289813e-08
   256 : -5.0966499e-03 -4.9215613e-03  2.0449297e-03
   257 : -1.7718654e-02 -8.3901170e-03 -3.0099170e-02
   258 :  7.7138915e-08  3.5319228e-08 -5.8936651e-08
   259 : -1.5855529e-13 -7.7363483e-13  1.3351692e-12
   260 : -1.1063348e-03 -3.9337476e-03 -9.3179037e-04
   261 :  6.4482009e-07  2.5927006e-07 -3.1740530e-07
   262 :  9.4931058e-15 -6.7736004e-14  8.8059314e-14
   263 :  3.2158352e-16 -5.0116465e-16 -6.5939149e-16
   264 : -4.0374967e-07  1.4546391e-07 -4.7330771e-07
   265 :  1.0443976e-02 -8.0538236e-03  1.6740263e-02
   266 :  7.0748527e-10  3.6458513e-10 -2.0895541e-10
   267 : -3.6483353e-09  8.1716704e-09 -2.3547075e-09
   268 :  5.4745276e-18  1.7006620e-17 -4.1507260e-17
   269 : -4.3331930e-02  1.3408471e-02 -2.9160594e-02
   270 : -7.6115906e-09  4.4348459e-09  1.8878720e-08
   271 :  2.4254148e-02 -7.8113010e-03  2.9296608e-02
   272 :  6.9112926e-09 -1.9320276e-09  9.9583656e-11
   273 : -3.8427332e-16 -4.5053023e-17  8.9027838e-16
   274 : -2.7981881e-03 -2.9824704e-03  1.6580567e-02
   275 :  1.3554089e-14 -1.2313770e-13  3.2813810e-13
   276 :  7.5336775e-03  9.6142916e-04  3.2515719e-02
   277 : -2.8993700e-15  2.2115241e-15  3.6256656e-15
   278 :  5.6392004e-04  1.9873508e-04 -2.8821458e-03
   279 : -2.2481524e-06  1.8085732e-06  3.9741193e-07
   280 :  4.4894267e-02  2.6221979e-02  2.5753240e-02
   281 : -7.4174972e-07 -1.7060813e-09  9.6143997e-08
   282 : -1.9162928e-09  1.1151427e-09 -1.1213938e-09
   283 : -1.3980662e-12  2.3520300e-12  3.1892986e-13
   284 : -1.6234130e-14  1.1099522e-14 -4.1641248e-14
   285 :  1.3630747e-02 -1.9127115e-02 -4.3808118e-02
   286 :  3.2202330e-04 -4.6041612e-03 -5.9774197e-03
   287 :  3.5129171e-04  4.8276110e-04  1.1010074e-04
   288 :  3.5528312e-02  3.7200054e-02  2.7579020e-02
   289 : -4.0440144e-05  2.4680364e-05 -8.6279026e-05
   290 : -3.2733821e-03 -5.7094234e-03 -2.3770585e-02
   291 :  1.3507754e-06 -6.2782003e-07 -1.8210982e-07
   292 : -3.5341462e-02 -2.9448156e-02 -2.0836438e-02
   293 :  6.5384708e-13 -2.5994437e-13 -1.4696962e-12
   294 :  5.8321249e-04 -4.8469193e-04 -4.5065924e-03
   295 : -2.6564865e-19 -4.7987287e-19  2.1821748e-19
   296 :  2.9839815e-02  3.0879361e-02 -9.8957329e-03
   297 :  8.8597885e-06 -2.7776520e-05  8.7288768e-06
   298 :  1.1606957e-06  1.0160647e-05 -5.0641098e-06
   299 : -5.5892798e-21 -7.8330327e-21  2.3726332e-20
   300 :  4.6528180e-02  3.8654178e-02  1.4730596e-02
   301 :  4.3586664e-06 -4.1440205e-06  1.5175902e-06
   302 : -1.9568739e-03  6.4751481e-03 -3.3499049e-03
   303 :  8.5278870e-05 -4.9415409e-04  3.2155003e-04
   304 :  7.7273560e-04  2.7778039e-04 -5.5090176e-04
   305 : -1.8654302e-07  7.6745724e-08  4.0781790e-08
   306 : -2.7834315e-02 -2.9674034e-02 -8.2675406e-03
   307 :  2.7550628e-04  4.8914101e-04 -1.5172993e-03
   308 :  1.3183787e-07  1.0265627e-07 -2.4144799e-07
   309 :  3.4454823e-20 -3.6364055e-19  1.6994965e-19
   310 :  2.1791290e-06 -9.3978517e-06 -2.4912471e-05
   311 :  1.3952292e-03 -2.3403732e-03 -5.1931640e-03
   312 : -1.9696125e-18  1.0854575e-18 -5.4604698e-18
   313 :  4.3387580e-12 -1.4887401e-11  4.6532147e-12
   314 : -6.3403445e-21 -2.9911044e-21  8.3374961e-21
   315 :  1.4418834e-15 -2.8023996e-15  4.4651291e-15
   316 : -3.6776782e-02 -1.4907693e-02  1.5557824e-04
   317 : -2.8114660e-20 -1.0731912e-20  6.9555499e-20
   318 :  4.1488494e-03 -1.0243636e-03  7.5796241e-03
   319 : -9.4169590e-03  4.0184195e-02  3.6041312e-02
   320 : -1.9044082e-01 -2.9460963e-03 -1.9594702e-02
   321 :  6.1888380e-03 -1.2800017e-02 -2.5185531e-02
   322 :  9.2300753e-21 -2.2869356e-20  2.3426963e-21
   323 :  2.2557358e-22 -3.3541040e-21  8.7444050e-22
   324 : -5.3530850e-14  7.2329504e-14 -2.1904881e-14
   325 : -5.2956496e-12  3.4253163e-13 -4.0319580e-12
   326 : -8.7312437e-02  1.8375181e-02  6.8318914e-03
   327 : -1.0617536e-01 -2.9768831e-01  7.1020633e-02
   328 :  2.2334152e-02 -2.3476492e-03 -3.9535165e-03
   329 : -1.6766467e-15 -1.2472580e-14  2.4358671e-15
   330 :  7.8823866e-22 -2.2050828e-22 -1.4164116e-21
   331 : -1.3796795e-08  2.5972440e-08  4.6316818e-08
   332 : -1.6920414e-03 -1.3884705e-03  1.2404945e-03
   333 : -1.1922274e-12  1.7003302e-15 -4.2198729e-13
   334 :  2.5375613e-02  3.1746929e-02  4.5341907e-02
   335 : -5.3060329e-04 -1.2909760e-05 -1.4159617e-03
   336 :  4.0241776e-03 -8.5522282e-03 -9.1064780e-03
   337 : -1.0617376e-18  5.6247204e-18 -4.1774214e-18
   338 :  8.1235907e-03 -1.2995358e-03 -5.8164583e-03
   339 :  2.8963322e-14 -5.3930801e-14  2.6472447e-14
   340 :  1.0992530e-02  4.0099671e-03  6.9484216e-03
   341 : -2.0861228e-19  6.7413242e-20 -4.9431098e-20
   342 : -1.2473137e-15  7.2215411e-16  2.4893597e-15
   343 :  2.1345235e-06 -1.6387520e-06 -1.6796273e-07
   344 : -3.4272124e-03 -1.1891771e-02  2.9739717e-03
   345 : -5.7749806e-03 -3.8935920e-02 -6.0888820e-02
   346 :  4.3963667e-15  2.0028394e-15  1.7483057e-15
   347 :  2.8007740e-02 -7.8771362e-03  3.2415896e-02
   348 :  1.9959739e-06 -1.1785369e-07 -5.2576078e-07
   349 : -2.8226210e-07  1.6947393e-07 -8.8677150e-08
   350 :  3.1933562e-02  2.7495285e-02  3.1944652e-02
   351 : -1.2939282e-11 -1.5715185e-11  1.1649443e-11
   352 :  3.9148112e-02 -5.4932873e-03  1.3182753e-02
   353 :  9.6760400e-04 -1.5918932e-03  5.8810761e-04
   354 :  1.5169049e-02  4.3348773e-03 -3.3542485e-03
   355 :  1.4616369e-02  3.6753118e-03  1.2061151e-02
   356 : -2.4462161e-18 -3.4216905e-18  8.8707491e-18
   357 :  8.4980620e-02  9.5311353e-02 -6.0622518e-02
   358 :  7.0235243e-08 -6.8374329e-08 -9.2393981e-08
   359 :  3.2560725e-25 -1.0421210e-24  7.3747391e-25
   360 :  3.5943237e-02  1.8394417e-02  2.9322434e-02
   361 : -1.7225710e-10 -6.3946089e-11  4.4456096e-11
   362 :  2.2273814e-07 -3.1632483e-07  5.1777451e-07
   363 : -7.1234087e-09 -7.7018010e-10  5.5056879e-09
   364 : -4.1689640e-11  1.9650710e-09 -4.5592362e-10
   365 : -4.6395771e-06 -1.2878159e-07  1.0607258e-06
   366 :  1.1576838e-17 -9.6518323e-17  5.8830482e-17
   367 : -3.7684954e-06  7.0579358e-06 -3.8148904e-05
   368 :  4.2313092e-03  4.9446075e-03  4.7023871e-03
   369 :  1.7392639e-07 -2.4163862e-07 -1.0230010e-06
   370 : -5.9506217e-10 -5.5027559e-09  2.1003246e-08
   371 : -6.7952313e-18  1.4052878e-17 -2.5406004e-17
   372 : -3.4339794e-06  6.9532309e-06 -5.9442024e-08
   373 :  6.0464031e-04  3.7926446e-04 -1.1538393e-03
   374 :  2.4183748e-02 -3.1001534e-02 -3.8088248e-02
   375 :  2.5650108e-12  5.5107199e-12 -3.1762248e-12
   376 :  6.3345613e-19  1.2582341e-18 -2.7366537e-18
   377 :  9.7808166e-06  6.2528745e-06 -6.1959956e-08
   378 :  4.0340019e-08 -1.7434373e-07  7.7243047e-08
   379 : -1.9912256e-22  5.2439121e-22 -2.0108351e-22
   380 : -1.7149494e-02  2.8353319e-03 -5.0463694e-03
   381 : -1.4325083e-08  2.7093628e-08 -4.5580392e-09
   382 : -2.6354124e-11  2.2012379e-11  3.3116103e-11
   383 :  9.9093855e-03 -2.0422323e-02  4.1717419e-02
   384 :  5.0207969e-12 -6.1577115e-11  3.1031575e-11
   385 :  1.4562643e-03 -3.2452809e-03  1.4798860e-04
   386 : -3.5312154e-02  1.6954907e-03 -1.0320457e-02
   387 : -6.4478182e-13  2.7952140e-13  1.0550489e-12
   388 :  4.0431188e-02  4.0683282e-02  9.7993304e-03
   389 :  1.2011372e-09 -1.3322846e-09 -1.5935708e-09
   390 : -4.6850972e-04  5.5323867e-03  7.5057590e-03
   391 :  3.0181448e-08 -1.9706861e-08  1.1429790e-09
   392 :  9.9715550e-03  3.6971947e-02  3.6020160e-02
   393 :  3.1668638e-02 -8.5866425e-04 -1.3577066e-02
   394 : -9.9473071e-11  2.0509185e-10  1.5564904e-10
   395 :  3.2082420e-07  3.8778146e-06 -4.7126301e-06
   396 :  2.7922473e-22 -6.4099627e-22  1.5574377e-21
   397 :  3.2066771e-02 -7.3864534e-03  3.7776919e-02
   398 :  3.1495018e-04  6.8664266e-04 -2.7002574e-04
   399 : -3.9620365e-02 -3.6829196e-02  2.0050032e-02
   400 :  7.4482738e-05 -1.4075725e-04  2.5765059e-04
   401 :  2.2456838e-04 -2.9499145e-03 -2.8057341e-03
   402 :  1.3424494e-09 -3.3591136e-10 -2.4602424e-10
   403 :  2.5253510e-09 -6.5976470e-09 -2.1741364e-09
   404 :  1.1074189e-17  6.0482926e-18 -4.3056140e-17
   405 : -3.1596590e-05  4.7918859e-06  1.5458061e-05
   406 :  3.7370463e-02  2.6002794e-02  1.8072286e-02
   407 :  1.1056382e-02  3.6568411e-02  2.5467533e-02
   408 : -4.1822283e-02  5.1658895e-03  2.6876217e-02
   409 :  3.7905345e-05 -1.0384070e-04  7.7151880e-06
   410 : -2.0005777e-02 -4.0098267e-02 -2.0953745e-02
   411 : -2.0579580e-05  6.6841303e-05 -6.0821513e-05
   412 : -6.1937602e-04 -5.0406443e-04  1.0529211e-04
   413 : -2.7373906e-19  1.1714575e-19  2.9428005e-19
   414 : -1.8695304e-03 -3.8438133e-02 -5.3065286e-03
   415 : -1.5403583e-04  3.5144401e-05  2.8673020e-04
   416 : -1.0815469e-13  6.2618789e-14 -5.3226694e-14
   417 :  3.4274277e-02  2.8523332e-02  3.9639864e-02
   418 : -1.9022252e-02 -3.2561716e-02 -3.3571162e-02
   419 : -2.4840941e-17  7.7627761e-17 -2.4277287e-17
   420 : -2.8158648e-16  9.0434611e-16 -3.0674143e-16
   421 : -1.4991097e-14  1.6577759e-13 -1.4332706e-13
   422 : -4.3198412e-07 -8.6039347e-08 -8.1905975e-07
   423 : -1.1533591e-04  4.3431868e-04 -2.3099325e-05
   424 :  2.7638048e-10 -1.1834016e-10 -4.9863382e-11
   425 :  2.4116528e-13 -1.4657452e-12  5.4194976e-13
   426 :  7.2408330e-09  5.7471858e-09 -4.2008157e-09
   427 : -5.8775402e-09 -2.6033660e-09  1.4811049e-08
   428 : -9.5593064e-11  4.1834619e-10  2.4908362e-10
   429 :  6.1242918e-04  5.6036453e-04  2.5915257e-04
   430 :  6.6321418e-03 -4.2524098e-03  2.2499756e-02
   431 :  2.3368904e-05 -3.3728337e-05 -9.6636430e-06
   432 : -4.0356341e-07 -9.6775069e-07  5.5478234e-07
   433 : -5.6258808e-19  9.4359011e-19  2.1738365e-19
   434 : -6.7775509e-02 -1.1294303e-02 -4.1337093e-02
   435 :  1.3120438e-04 -6.7168287e-05  3.1999375e-05
   436 :  4.5874720e-12  1.5683469e-11 -2.8288536e-11
   437 :  7.9628986e-02 -2.0718036e-02  7.1830861e-02
   438 :  2.5224971e-02 -5.2902692e-03  1.6960459e-02
   439 :  2.5586227e-02  3.1234337e-02  1.5901915e-02
   440 :  1.0491407e-14 -4.3709065e-14  1.4455461e-14
   441 :  5.5005358e-20  4.1043062e-20 -1.0442801e-19
   442 :  2.3614576e-02  3.2229138e-02  1.2891665e-02
   443 : -3.0468301e-06  8.4946396e-06  3.1308852e-06
   444 :  3.2732286e-02  3.3283734e-02  3.1458425e-02
   445 :  6.2999422e-07 -2.6444078e-07 -1.6278796e-07
   446 :  3.1409622e-02  2.0933835e-02 -3.3587827e-02
   447 : -3.2267262e-08  3.8361804e-08 -1.6926150e-08
   448 :  4.8829726e-04 -2.5485534e-03  2.3202216e-04
   449 : -1.1145689e-18  8.8768627e-19  1.7662580e-18
   450 :  2.1864700e-21  3.7883447e-20 -2.8503153e-20
   451 : -9.7964571e-03 -4.0354705e-02 -6.3470497e-02
   452 :  1.0943904e-02 -3.8121723e-03  5.6750514e-03
   453 :  2.2589593e-02 -3.7677411e-04 -2.2366124e-02
   454 :  3.3683667e-02  2.6002785e-02  2.1795857e-02
   455 : -3.2891886e-09  5.9248559e-10  1.6870534e-10
   456 :  4.8438337e-04  2.1962669e-05  4.2674320e-04
   457 : -2.6523940e-20 -2.0790440e-20  8.3059651e-20
   458 :  3.7485275e-10 -2.2880811e-08  1.9776242e-08
   459 : -2.4549873e-04 -1.5061693e-05  6.4623113e-04
   460 :  4.1250667e-04 -3.0116878e-03 -1.2340979e-03
   461 : -4.1331621e-09  3.6756809e-08  1.9112778e-08
   462 :  6.0272436e-06 -1.2852360e-05  3.3451680e-06
   463 :  1.7982327e-15  1.5981958e-14 -1.1714933e-14
   464 :  2.0863373e-02  5.6953852e-02 -1.4722854e-03
   465 :  2.3408954e-04 -8.7488147e-05 -4.6879789e-05
   466 :  1.5811759e-02  2.8591094e-02  3.3560332e-02
   467 :  8.8592746e-15 -2.6457139e-15 -8.9851100e-15
   468 :  3.9815646e-13  1.6420017e-12 -5.6944876e-13
   469 : -2.2137714e-22  1.2810406e-21  2.2472797e-22
   470 : -1.2904769e-19  1.3890429e-19 -6.9258099e-21
   471 :  3.1805234e-11  1.1389863e-11 -2.9784669e-11
   472 :  1.8658927e-14  3.7391332e-14 -1.0975617e-13
   473 : -2.6338582e-03  8.5913410e-04  4.6859326e-03
   474 :  6.1202928e-17 -2.2944048e-17 -4.3743623e-17
   475 :  7.3445428e-11  8.2102179e-11 -1.2065812e-10
   476 : -1.4838867e-11 -1.8455302e-10  5.8158746e-11
   477 :  4.3827463e-22  4.1196310e-22 -2.5419241e-21
   478 :  9.0420623e-04 -7.8792149e-04 -6.2027092e-04
   479 :  9.8513605e-23 -2.5077141e-22  4.7180801e-23
   480 : -3.9830729e-02 -3.5864883e-02 -5.3360495e-02
   481 : -3.5401026e-11 -1.4352791e-09  3.6916645e-09
   482 :  1.5658165e-18 -1.9749799e-15  7.7088281e-16
   483 :  6.3986174e-03 -6.9614667e-04 -1.5186276e-02
   484 :  5.6861262e-04 -1.1766016e-05 -5.1563412e-05
   485 : -3.0059506e-04  2.9220009e-04  6.0593984e-04
   486 :  4.0953829e-03 -2.1674392e-02  7.1938283e-03
   487 :  1.4568470e-03  1.2476934e-03 -3.8592450e-03
   488 : -2.4866522e-02 -1.9294406e-02 -1.7345266e-02
   489 :  6.7304891e-17  4.9170148e-17 -2.0877853e-16
   490 :  6.2791638e-15 -4.1985307e-16 -2.2445376e-15
   491 :  1.7310275e-15  4.4153998e-15 -2.8100045e-15
   492 : -5.8602139e-03  1.1695541e-03 -5.5076726e-03
   493 :  5.3574123e-03 -1.0027331e-02 -2.1485766e-03
   494 :  3.7666347e-03 -1.7363033e-03  9.5406354e-03
   495 :  1.1405465e-06  5.6214695e-06  3.0776251e-06
   496 : -8.9300734e-13  5.8311911e-12 -3.7662664e-12
   497 : -2.2159098e-19 -7.6464839e-19  4.4701522e-19
   498 :  9.9727946e-18 -1.1684677e-17  2.1691152e-17
   499 : -6.9461045e-02 -1.0771113e-02 -2.5024803e-02
   500 : -3.8500313e-20  4.6178981e-20  5.8582807e-20
   501 :  8.4874149e-22 -3.9365581e-21  4.2285369e-22
   502 : -6.4923929e-03  2.7472315e-02 -5.8504816e-03
   503 :  4.8931435e-03  4.2617598e-03  5.1715357e-03
   504 : -6.3121062e-05  1.5903840e-04 -6.8569679e-05
   505 : -7.0313830e-02 -3.2675937e-02 -1.1207069e-02
   506 : -1.0355025e-14  2.7188369e-14  1.3632006e-14
   507 :  7.3365522e-13  5.3747852e-13 -2.4152537e-12
   508 : -3.7017017e-13  2.4755783e-13 -9.8834636e-14
   509 :  1.4076126e-03 -1.8902815e-03 -2.6871024e-03
   510 :  1.5724467e-12 -2.2191325e-12  4.8148731e-12
   511 :  3.7881226e-08 -1.3723454e-08 -4.2168831e-08
   512 : -1.9148577e-10 -2.4127346e-10 -1.6626149e-09
   513 :  1.4923650e-05  1.9564946e-05 -4.0927070e-05
   514 : -2.5195682e-05 -3.9509535e-05 -5.6917311e-05
   515 :  3.6975434e-02  5.2153790e-02  9.8318965e-03
   516 :  6.3184849e-13  1.8437348e-12 -1.1649274e-12
   517 : -2.4184623e-03  4.2199532e-02 -1.9535642e-02
   518 : -7.7432841e-05  5.1423084e-07  6.6812226e-05
   519 :  1.2942932e-07 -1.7701360e-07 -2.0467227e-07
   520 :  1.0148685e-06 -3.8400552e-07  3.8833563e-06
   521 :  3.8140253e-02  2.2707461e-02  2.5300241e-02
   522 : -4.5762290e-03 -2.4381847e-03 -1.6810518e-02
   523 : -2.4484035e-02 -1.3017536e-01  1.4452205e-01
   524 :  2.6018927e-05 -5.2892155e-05 -1.1123993e-05
   525 : -2.6430278e-05 -2.3131007e-06 -7.5766567e-05
   526 : -2.5904301e-09 -9.2433103e-10  3.0751508e-09
   527 :  3.1698675e-17  9.7789078e-17 -2.3058703e-16
   528 :  3.0790847e-03  4.0531129e-02 -2.9431428e-03
   529 :  3.3298107e-05 -4.1290603e-03 -4.5496745e-03
   530 :  6.1518772e-03 -2.3909345e-02 -2.4514359e-03
   531 :  2.3981309e-03  1.2596395e-02 -4.9182302e-03
   532 : -1.1384890e-08  4.3285680e-08  7.4466263e-09
   533 : -1.6023818e-23  3.9025788e-24  5.8931521e-24
   534 :  3.6296239e-24  1.2413973e-23 -3.0596697e-23
   535 : -3.7810834e-16  5.1809258e-16 -3.8391487e-16
   536 :  2.1011075e-02  3.1746012e-02  3.4406801e-02
   537 :  5.0923899e-03  5.1384539e-03  9.0777190e-04
   538 :  7.9366716e-04  2.2208644e-04  1.9814253e-04
   539 :  2.7772860e-16 -1.0499067e-15  4.0727301e-16
   540 :  1.5211626e-15 -2.1745348e-14  1.4843437e-14
   541 : -4.1566466e-14 -5.5082691e-13  5.1987817e-13
   542 :  2.4915538e-06  7.7165136e-06 -9.3869021e-07
   543 :  1.6308535e-17  2.7633618e-17 -1.3218151e-17
   544 :  7.7092114e-06 -9.0297978e-06 -1.1417743e-07
   545 :  2.5345841e-11 -1.4776923e-11 -5.4893794e-11
   546 : -1.4028148e-02 -1.6486401e-02 -3.9786256e-04
   547 : -3.4833861e-15  8.1644348e-15 -9.3713448e-16
   548 :  3.1328951e-02  3.5206313e-02  1.9804224e-02
   549 : -1.1882993e-12 -7.6746191e-13  2.7368534e-12
   550 : -3.1224975e-03 -2.2241362e-03 -4.3684323e-04
   551 :  2.1665844e-02  7.8049475e-03  5.5008061e-04
   552 :  1.3422583e-02  1.4164586e-02  7.8405388e-03
   553 :  3.3446897e-03 -2.8838051e-03 -6.3777318e-03
   554 :  4.1805979e-12 -2.1300430e-11  6.3368278e-12
   555 : -6.2644156e-07  4.6412745e-06  2.3890626e-06
   556 :  7.9941221e-13  9.4067528e-13 -7.6008689e-13
   557 :  4.5645105e-02  2.8997199e-02  1.5503533e-02
   558 :  1.6238067e-03 -3.9735895e-03 -3.1887170e-03
   559 :  1.8608419e-02 -2.4489595e-04  1.8114153e-02
   560 : -1.1890673e-03 -3.7854481e-03 -1.1835314e-03
   561 :  1.0910338e-02  3.4278728e-02  1.5893711e-02
   562 : -1.4180462e-09  1.4084696e-08 -4.1575421e-09
   563 :  4.0982069e-20 -2.4218547e-20  4.8959527e-20
   564 :  1.5512188e-03  8.6463011e-03 -5.5692885e-03
   565 : -3.8767324e-02 -9.1440025e-03 -3.7089322e-02
   566 : -8.5117426e-15 -8.6643691e-14  9.6443562e-14
   567 : -1.6725194e-06  3.6333617e-06 -1.8711484e-07
   568 : -2.4886578e-03 -4.2328157e-02  3.2074354e-02
   569 : -5.2274075e-03  6.9872273e-03  1.5289160e-02
   570 :  1.5190030e-11 -3.6482642e-11 -1.4072241e-11
   571 :  3.2433073e-07 -9.2126131e-07 -3.3957719e-07
   572 : -3.2977787e-21  2.3165997e-21 -1.4818097e-21
   573 : -8.6802278e-04 -1.0255517e-03 -2.0911312e-04
   574 : -1.3161630e-03  1.3484785e-03 -2.5686364e-03
   575 :  2.8615820e-02  6.7928264e-03  2.1388464e-02
   576 : -3.1717128e-05  2.7941670e-04  2.5553660e-04
   577 :  1.9230795e-02  3.6054377e-02  2.4869562e-02
   578 : -9.1129589e-23  2.4504238e-22 -1.0125394e-22
   579 : -1.9857463e-02 -1.5405633e-02 -2.0255181e-02
   580 :  3.7626864e-02  3.4152128e-02  1.1100187e-02
   581 : -5.1302156e-12  1.4036840e-11  1.5626489e-11
   582 : -1.9482694e-22 -1.8508986e-21  7.3983344e-22
   583 : -6.6522495e-11 -9.2156209e-12  2.1815061e-10
   584 : -6.6687059e-19  1.1622802e-18  1.3081709e-19
   585 :  6.7365302e-03  1.1014207e-02  3.7537047e-02
   586 : -4.8906654e-15  2.3065512e-14 -1.0829387e-14
   587 :  3.1495139e-10 -4.9709334e-10  6.8821897e-11
   588 :  7.5411142e-14 -1.4061419e-13  9.5135928e-15
   589 :  6.1696095e-02  1.2818805e-02 -7.0903010e-03
   590 :  9.9408773e-03  5.2150653e-03  3.5794870e-02
   591 : -2.6161371e-21  3.6403342e-21  2.2283392e-21
   592 : -7.1801335e-13 -6.5191224e-13  2.0860997e-12
   593 : -3.0908311e-09  2.5263342e-08  1.3362511e-08
   594 : -3.2039662e-09 -9.6304997e-10  6.1884795e-10
   595 :  4.9289155e-04  2.7295085e-04 -7.8721282e-04
   596 :  5.5909142e-04 -1.0400887e-03  1.5398374e-03
   597 :  3.9251719e-09  1.9407046e-07 -5.3610635e-07
   598 : -2.3107047e-09  1.5130690e-09 -4.3630389e-10
   599 :  5.7358048e-02 -8.4093520e-02 -6.9628449e-02
   600 :  4.5519007e-05 -7.9277772e-05 -1.1080262e-04
   601 :  1.8664704e-02 -3.6253369e-02 -3.0084335e-02
   602 :  4.9216879e-15 -6.5118483e-15  6.4032820e-15
   603 :  2.2190420e-17  1.3824089e-16 -2.5551004e-17
   604 : -1.5620760e-10  1.4926394e-10 -1.5378116e-10
   605 : -7.7451110e-09  7.8172531e-08  3.1894266e-09
   606 : -1.0635286e-03 -1.7997940e-02 -1.0284254e-03
   607 :  1.2351837e-05 -8.0225012e-06 -1.1757033e-05
   608 : -6.7051995e-14 -1.4274828e-13  8.2109870e-14
   609 :  2.4376844e-11 -1.7265027e-10  4.5008368e-11
   610 : -1.0946122e-16 -2.9719214e-16  7.3048745e-16
   611 :  9.3642837e-03 -1.9053555e-02 -1.6768046e-02
   612 :  1.6014518e-05 -2.8417516e-05  2.5235826e-06
   613 :  6.2660724e-08 -3.1030465e-07 -1.2414322e-07
   614 :  2.1978478e-02  4.1367233e-02  1.4864867e-01
   615 : -6.2356127e-06  1.6824039e-06  1.2126102e-05
   616 :  9.0276284e-19 -3.5295206e-19 -9.1112363e-19
   617 :  1.3404217e-06  1.5475013e-07 -6.5641381e-07
   618 : -1.8034240e-09 -1.3384301e-09  1.4864196e-09
   619 : -6.5758431e-15 -9.7897937e-15  2.9625148e-14
   620 :  2.0980732e-08 -1.3308514e-08 -2.6403956e-09
   621 :  4.6263191e-07  7.9408904e-06  8.3083370e-06
   622 : -7.2453537e-03 -1.9081641e-02 -4.8319621e-02
   623 :  3.4776266e-03 -2.3275618e-03 -4.3006554e-03
   624 :  5.9787449e-07 -2.7819603e-05  8.8581390e-06
   625 : -2.8842747e-07  4.5931168e-06 -1.9457378e-06
   626 : -1.5758631e-22  6.7401427e-22 -2.3607060e-22
   627 :  1.7167608e-16  2.2038250e-15 -2.6097081e-15
   628 : -6.1279863e-10 -1.4020792e-09  8.9978168e-10
   629 : -6.5025302e-03  2.1487016e-02  2.4344480e-02
   630 : -2.3217481e-02  8.1183240e-03 -1.2634018e-02
   631 :  2.7119478e-08 -2.4220741e-07 -2.7398449e-08
   632 : -1.0494826e-17  2.1063923e-17  4.3021291e-18
   633 :  3.1512199e-03 -3.1870979e-03 -3.6983734e-03
   634 : -4.2379136e-05 -3.1255848e-05  1.4437374e-04
   635 :  3.9310126e-02  1.7456607e-02  1.6755482e-02
   636 :  7.7154163e-04  2.4231488e-03  6.0585054e-03
   637 : -2.3583471e-02  3.3657345e-02 -2.3131230e-03
   638 : -3.7227463e-02 -3.6073376e-02 -1.8731953e-02
   639 :  3.4842533e-02  3.8451310e-02  2.4294458e-02
   640 :  5.5171401e-03 -5.1211151e-03  6.0287175e-04
   641 :  1.6805446e-15 -6.5735256e-15 -2.4990262e-14
   642 :  2.6169638e-03 -3.6175705e-03 -5.6066669e-03
   643 :  3.8538105e-02  2.8724767e-02  2.4974714e-02
   644 : -1.0427631e-02 -1.9629424e-02  7.2420450e-02
   645 : -1.3073429e-04  3.7013677e-04  2.2520207e-04
   646 :  3.4672587e-06  3.3503651e-06 -2.9648054e-06
   647 :  4.9323846e-03  9.1175208e-03  4.4493882e-02
   648 : -4.3152152e-05  9.3501303e-05 -4.8350301e-05
   649 :  3.0342593e-02 -7.2004059e-03  1.5295579e-02
   650 :  3.4905625e-06 -5.7564168e-07 -7.5960492e-07
   651 : -8.9856390e-03 -1.8299332e-02 -3.2032130e-02
   652 :  3.2031561e-06 -5.6585453e-05  1.3863221e-05
   653 : -1.7078498e-02 -3.9376794e-02 -6.1087058e-02
   654 :  2.1866765e-10 -3.0855314e-11 -9.1655063e-11
   655 : -8.4013062e-06  1.7062311e-05 -3.8800437e-05
   656 : -6.2933519e-02 -5.3723365e-02 -3.8969390e-02
   657 :  4.4435251e-02 -2.9905719e-02  2.5120493e-02
   658 :  1.2328552e-04 -1.0689509e-04  1.7393682e-04
   659 :  2.8429853e-04 -2.4228561e-03  4.3753192e-04
   660 : -3.0644788e-02 -7.4211435e-03 -4.8921050e-02
   661 : -3.8619102e-02  3.5737165e-02  3.5111172e-03
   662 :  8.0448538e-10  7.9290611e-10 -3.0858118e-09
   663 :  2.8471628e-02  2.9083795e-02  2.4480399e-03
   664 : -1.1115602e-02 -5.8244489e-03 -1.7054171e-02
   665 : -4.0528420e-02  2.6886534e-02  1.1594281e-02
   666 : -3.0480528e-18  2.8810526e-18  3.8352920e-18
   667 :  1.8656853e-11 -5.7462833e-12  6.7243338e-12
   668 :  9.8672490e-03  4.7328037e-03  6.1853682e-03
   669 : -1.9578167e-22  2.4580409e-22  3.5360154e-22
   670 :  3.7061653e-02  3.4420668e-02  6.5986723e-03
   671 :  2.9711429e-02 -2.6244850e-03  9.2541295e-03
   672 : -1.3471721e-02 -9.2634122e-04 -1.2262626e-02
   673 :  1.0200489e-08  1.1169491e-08  2.5781184e-08
   674 : -3.4460038e-07  1.2464245e-07  7.0897293e-08
   675 : -1.7017025e-07  2.1422977e-08 -3.7211110e-09
   676 :  3.0148037e-04  5.8331655e-04  4.7315737e-04
   677 : -1.5610263e-05  8.1802514e-06 -1.2587563e-05
   678 :  4.8314030e-03  2.2328369e-03 -9.0719785e-03
   679 : -1.4213975e-03  6.3857746e-04 -3.2230565e-03
   680 :  5.2005741e-04 -2.0711837e-03 -3.2071294e-03
   681 :  1.7551192e-12 -1.4068888e-12  5.0883260e-12
   682 : -8.3985168e-13  2.6497726e-12 -2.7544972e-12
   683 :  6.7565342e-11 -1.3326971e-10 -1.1144952e-10
   684 :  8.4458296e-15 -1.4390335e-14  4.1637877e-15
   685 :  1.2190093e-04  3.9439496e-04  2.9493932e-04
   686 : -3.3756260e-07  3.7328759e-08 -3.9041969e-08
   687 :  7.6875010e-14  8.0845806e-14 -2.0678541e-13
   688 : -1.0833398e-08  9.4403143e-08 -7.7332253e-08
   689 : -3.7302738e-02 -3.9172891e-02 -2.1127985e-02
   690 : -5.1736062e-05 -2.6594727e-05  5.0590393e-06
   691 :  3.6692843e-04  2.8777109e-04  2.4993817e-04
   692 : -6.4894379e-05 -9.5154098e-05  2.7294106e-04
   693 : -3.0246567e-22  7.3518287e-22  5.1868116e-22
   694 :  3.1016126e-16 -2.6204240e-15  1.9157126e-15
   695 :  3.6417033e-04 -2.0844169e-02 -1.6405871e-02
   696 :  6.8531585e-03  6.1566535e-03  1.5342639e-02
   697 :  3.1729389e-05 -7.5039350e-05 -1.0198295e-04
   698 : -3.2455159e-02 -3.5225455e-02 -3.2192646e-02
   699 : -3.4368535e-09 -4.9984598e-09  1.6652332e-08
   700 :  6.0882249e-21 -7.8483190e-21  5.2956344e-21
   701 :  1.1617324e-18 -4.0995457e-18  1.4571456e-18
   702 : -3.0009858e-12 -7.2756066e-12 -1.5625460e-11
   703 :  3.3194456e-02  4.0896113e-02  3.7961377e-02
   704 :  3.2493636e-05  1.2037879e-05 -7.2468822e-05
   705 :  8.0633089e-15  1.1734029e-13 -5.7774838e-14
   706 : -1.1861915e-01  1.5202535e-01  8.0669537e-02
   707 : -4.4315937e-04  1.5889657e-02 -1.3996689e-02
   708 : -5.4713268e-03 -2.6515255e-03  3.1137682e-04
   709 :  2.0535697e-06 -1.4153802e-06  2.0560125e-06
   710 :  3.3702604e-09 -1.7096287e-11 -1.1303532e-09
   711 :  1.1097075e-06  1.7818968e-06  4.5904142e-06
   712 :  2.7611918e-02  1.4625582e-02  3.1960713e-02
   713 : -4.1494574e-05 -7.3139101e-06 -5.9713681e-05
   714 :  2.4874353e-02  3.4605352e-02  1.5579260e-02
   715 :  4.4134335e-04 -8.8598697e-05 -1.6803967e-05
   716 : -2.7340896e-15  8.0453286e-15 -1.6947969e-14
   717 : -3.4055479e-03  1.3474368e-02 -2.9701282e-03
   718 :  1.8910732e-06  5.5080120e-06 -4.3103227e-05
   719 :  9.7487066e-03  2.1973131e-02 -5.7333363e-03
   720 : -2.6674822e-03 -7.9953934e-03  8.3389626e-03
   721 : -3.5728469e-02 -2.7612299e-02 -3.9454323e-03
   722 : -4.7760044e-13 -1.6569644e-12  6.3774355e-13
   723 :  1.7031470e-13 -6.4235649e-12  5.0162019e-12
   724 : -1.9824515e-12  6.6778564e-12 -2.0346761e-12
   725 :  2.3560883e-02  1.3682254e-02  4.1800043e-03
   726 : -7.8299302e-08  4.3579893e-08  1.8951984e-08
   727 :  2.0373052e-02  2.3648915e-02  3.5901432e-03
   728 : -4.6361624e-03  1.3876554e-02  1.5924605e-02
   729 :  1.3124801e-03 -1.3705809e-03 -1.5999405e-03
   730 : -4.3377491e-05 -1.6394017e-05 -4.3910494e-05
   731 : -1.2268185e-12  2.6774407e-12 -7.3417500e-13
   732 : -1.0523232e-09  3.6191784e-10  4.5581826e-10
   733 :  1.2475941e-04  1.7484740e-04 -6.4974541e-05
   734 : -1.5337363e-01 -9.9320462e-01  9.7820799e-01
   735 : -7.1539662e-05  3.8917365e-04 -3.6140677e-04
   736 :  1.4876586e-02 -1.7787211e-02 -3.4162304e-02
   737 : -3.5641081e-07 -1.2151704e-07 -1.6934026e-08
   738 :  5.6515830e-03  6.0679353e-03  3.1641457e-03
   739 :  2.0492700e-02  4.5752836e-03 -1.9570752e-03
   740 : -7.3063872e-05  4.8210640e-04  5.5218686e-05
   741 : -2.6859784e-02 -2.8010131e-02 -1.2895247e-02
   742 :  1.2050333e-05  4.6057682e-06 -3.5827100e-05
   743 :  4.3212144e-04  2.7009815e-04 -2.2779830e-04
   744 : -6.3352290e-02 -6.4462896e-03  8.5486063e-03
   745 :  4.7637305e-13 -1.2088725e-12 -6.7667554e-13
   746 :  7.3506463e-11 -1.5293972e-10 -3.0886092e-10
   747 : -8.6129804e-08  9.1142387e-08 -3.6936142e-07
   748 : -4.3269440e-05 -7.8451840e-05  4.2281376e-04
   749 :  8.4019166e-04  3.0604698e-02  1.6195168e-02
   750 : -3.7706984e-14 -1.0732039e-13  3.0662477e-13
   751 : -4.4896245e-03 -1.8236018e-02 -1.7229569e-02
   752 :  1.2563404e-05  3.4300458e-06 -2.1703593e-05
   753 :  1.1803664e-03  3.1819699e-02  1.3944709e-04
   754 :  1.5300246e-11  5.2558036e-11 -6.1186256e-11
   755 :  1.8176035e-02  7.6289344e-03 -3.2864727e-02
   756 : -1.0679277e-06  1.0927777e-06  8.9570553e-07
   757 : -8.0029842e-22 -5.6460293e-22  5.2578390e-22
   758 : -5.3827171e-02 -1.1252096e-01 -6.2339643e-02
   759 : -5.4061939e-05  4.9710457e-06 -5.3083601e-05
   760 : -1.1663900e-08  3.7218006e-08  1.2664222e-09
   761 : -1.2597457e-04  7.2436007e-05  3.0124792e-04
   762 : -7.1694337e-02  1.2094468e-01 -3.0241833e-01
   763 : -1.9932444e-16  5.9932905e-16 -1.9727456e-16
   764 : -1.7550054e-17 -5.4154573e-17  3.4875919e-17
   765 :  1.4937786e-02 -5.2178562e-03 -1.4494750e-02
   766 : -4.4893447e-07  1.2722922e-07 -5.8216709e-07
   767 : -1.3796452e-01 -6.9262070e-02 -2.3674787e-01
   768 : -2.7369782e-14 -2.6772905e-14  1.7618311e-14
   769 :  1.6503632e-02  2.7030552e-02 -4.7916193e-03
   770 :  4.6879116e-04 -4.6579523e-05  8.9772988e-05
   771 :  6.1420031e-03 -8.6457453e-03  2.9668912e-02
   772 :  3.0889600e-04  1.5096725e-02 -9.8904259e-03
   773 : -2.3763994e-06  3.0906064e-06  3.3470956e-06
   774 : -4.0706591e-02 -1.9341105e-02 -2.0183251e-02
   775 : -6.7945777e-03 -3.8748583e-01  4.5016774e-01
   776 :  5.4337025e-06  3.6332850e-06 -1.1661552e-05
   777 : -1.0785021e-04 -2.6510055e-05  7.4391534e-05
   778 :  4.2224377e-04 -1.9592590e-04  2.3539991e-04
   779 :  7.5733629e-11 -1.0177961e-10  1.3438324e-11
   780 : -5.2080744e-02 -1.1912407e-04 -7.2920992e-02
   781 :  3.0070143e-13 -1.5234339e-13  2.0921744e-13
   782 : -1.4702913e-22  1.5552799e-23  2.8408559e-22
   783 :  2.8259554e-04  2.4380924e-04  4.6385215e-04
   784 : -3.4403179e-05 -9.9792002e-05  3.3763950e-05
   785 : -4.6960123e-13  1.3465301e-12 -2.1784580e-14
   786 : -2.8171388e-02 -4.3837950e-03 -6.6329105e-02
   787 :  5.6231973e-03 -3.3810318e-03 -2.2619539e-03
   788 : -4.8156594e-13  3.4053539e-13 -3.2458685e-13
   789 :  1.7261392e-12 -9.4841253e-12  1.2500746e-11
   790 :  7.4791670e-04  1.0957349e-04 -1.9618194e-03
   791 : -4.4532802e-03 -5.5031956e-03 -1.3141089e-03
   792 : -1.0781626e-02  1.7360305e-02 -3.7751761e-03
   793 :  1.0883395e-03  2.9593595e-02  1.4407494e-02
   794 :  8.1769383e-04  2.2559381e-04 -7.5571745e-04
   795 : -1.7940624e-02 -3.9079828e-03 -1.0509774e-02
   796 :  2.8900314e-02  2.9677725e-02  1.7933943e-02
   797 :  3.8550243e-14 -1.7143723e-13  3.0494217e-13
   798 :  2.7154542e-04  2.3379113e-03 -8.0270798e-03
   799 : -4.4388220e-07 -3.4206721e-07  8.1059279e-07
   800 :  2.4744897e-02  1.4799816e-02 -5.6535075e-04
   801 :  5.3622992e-12  8.9395128e-12 -2.0163089e-11
   802 : -9.6431934e-05  3.8079393e-04 -3.9435082e-05
   803 :  1.0137603e-09  2.3084463e-08 -9.1619711e-09
   804 :  1.6325109e-02 -1.5768669e-02 -1.8589490e-03
   805 : -9.5722817e-05  5.6119090e-05 -8.2149542e-05
   806 :  4.7750912e-11 -3.6769752e-12  4.0813059e-11
   807 :  6.2840540e-15  2.0380755e-15 -4.7704641e-14
   808 : -3.9444793e-02 -6.9651321e-04 -1.3548509e-02
   809 :  6.0146491e-08 -4.6258652e-08  6.1261298e-08
   810 :  9.2207976e-14  1.4138124e-12 -3.3302022e-12
   811 :  3.5494678e-22  1.5992766e-22 -8.0533322e-22
   812 :  6.3032874e-06  2.1490700e-06 -7.6732817e-07
   813 : -5.0569032e-05 -1.0809234e-05 -1.5298642e-04
   814 : -1.9800895e-21 -1.5009713e-22  2.2972876e-21
   815 :  2.7753142e-24 -1.6361047e-23  2.0682852e-23
   816 : -1.1984601e-19  1.5138651e-19 -1.8170463e-20
   817 :  3.8320593e-20  8.0061053e-20 -1.5854504e-19
   818 :  5.3559673e-22 -4.9661841e-21  3.5319969e-21
   819 : -1.6929087e-06  5.4668718e-06 -9.4564817e-06
   820 :  8.7447458e-22 -2.5268499e-21  5.3799734e-22
   821 :  1.2267696e-02  4.5172510e-02  4.7423865e-02
   822 :  5.8294231e-04  1.2858150e-03 -2.6625718e-03
   823 :  2.6089679e-09 -6.9343461e-09  1.1927022e-09
   824 : -3.3451899e-09  1.8819231e-09 -2.8120676e-09
   825 :  1.3916955e-16  3.4668158e-16 -8.2836725e-16
   826 :  8.2461775e-03 -3.4958732e-03  3.1304583e-02
   827 : -3.5285921e-11  2.8077315e-11  2.9488045e-12
   828 :  4.5399131e-08 -3.6415931e-07  1.4721427e-07
   829 : -4.6715413e-04 -9.8189132e-04 -5.3082899e-04
   830 :  4.1752981e-03  4.6643638e-02 -8.8414623e-02
   831 : -1.3049802e-03 -6.2737207e-01  5.4197527e-01
   832 :  6.9452180e-06 -2.2527889e-05 -3.0579900e-06
   833 :  9.7814801e-03  2.3941331e-01 -2.4152099e-01
   834 : -9.4267262e-22  9.2481585e-22 -8.6286406e-21
   835 :  3.5016220e-23 -8.4359857e-23  1.5856470e-22
   836 : -8.9834176e-05  2.5017343e-04 -8.8004823e-05
   837 :  8.1697226e-12 -3.9471578e-12  8.7572566e-12
   838 : -3.4497037e-03 -4.5437985e-03  1.0930075e-02
   839 :  3.6103415e-09 -1.2004981e-08  5.5739103e-09
   840 : -1.0856378e-11 -1.6047780e-11  4.5801567e-11
   841 :  1.3185337e-09 -5.0774877e-10 -2.5464126e-10
   842 :  2.3204802e-06  4.6614681e-06 -1.7629444e-06
   843 : -1.9579524e-10  2.6617632e-10  1.6512279e-10
   844 : -1.4649080e-05  1.5148981e-05 -2.0994637e-05
   845 : -1.1780357e-15  4.4291630e-16 -9.9425921e-16
   846 :  5.4702385e-04 -7.2111258e-04  8.1630671e-04
   847 : -9.1004488e-07  2.7997534e-07  6.9041137e-07
   848 : -2.6995321e-25 -9.5255969e-24  4.7113748e-24
   849 : -9.6119667e-09  1.2379945e-08  9.0706824e-09
   850 :  6.1933547e-08 -2.5397305e-08  1.2982936e-07
   851 : -2.0257654e-09  1.6742408e-08 -1.5610065e-08
   852 :  6.5947780e-17 -1.9135158e-16  8.0088643e-17
   853 :  8.3589429e-03 -9.7179255e-03  2.6118488e-02
   854 :  1.8685065e-25 -9.9425993e-25  2.7763933e-25
   855 :  4.5920837e-02  1.4927087e-02  2.5767469e-02
   856 : -4.9225196e-03  6.5450334e-04 -2.0649707e-03
   857 :  3.7277051e-02  2.8855401e-02  3.2970692e-02
   858 : -4.9392892e-03 -8.6576785e-04  3.8647546e-04
   859 :  1.0324288e-16 -2.4421973e-16 -4.8280564e-17
   860 :  4.3572176e-04  1.4382081e-04  2.3923151e-04
   861 :  2.3781345e-04 -1.6075367e-04  1.5569107e-04
   862 :  3.8967417e-05 -3.6422288e-05 -8.1858587e-05
   863 :  5.8089001e-03  3.7593531e-02  4.1400729e-02
   864 :  3.8471800e-02  3.8489850e-02  2.6754638e-02
   865 : -1.4545904e-02  5.0977959e-01 -4.5459596e-01
   866 :  1.0830836e-01  3.0540558e-02 -1.2911130e-02
   867 : -3.0597749e-03 -2.6474204e-02  1.0571495e-02
   868 :  5.2009351e-06  1.5210360e-05 -2.2145452e-05
   869 :  5.8043075e-06  8.3788283e-06 -4.7906050e-06
   870 : -3.5507854e-06  7.3081547e-06 -2.1697261e-06
   871 :  3.0407587e-02  6.0860833e-02  1.5813492e-02
   872 :  2.1453171e-02  2.9481123e-02  3.6805409e-02
   873 :  1.6974828e-02  2.9802890e-02  3.7412523e-02
   874 :  3.9507097e-02  3.7239349e-02  1.3330510e-02
   875 :  8.5546734e-10 -1.3050418e-11 -3.2342567e-10
   876 : -7.8217382e-10  2.6597307e-09  1.3156869e-09
   877 : -7.4485126e-21  9.7995769e-21 -1.2535241e-20
   878 : -1.8081893e-19  3.9388489e-19 -6.5993684e-20
   879 :  5.0737312e-11 -5.3261865e-11  5.0056784e-11
   880 :  1.6610217e-09 -1.1653903e-09 -3.1777645e-10
   881 : -4.1928213e-21  9.8634959e-22  2.1315238e-21
   882 :  1.6984025e-21 -9.6522133e-21 -1.2496421e-22
   883 : -4.7104764e-11  1.9745752e-11  4.8542274e-12
   884 :  5.1474343e-11  3.3803322e-10 -9.1741564e-11
   885 : -2.6617457e-04  6.3517724e-04  4.4344723e-04
   886 :  3.4643733e-04 -4.4188990e-05 -1.7742233e-04
   887 :  1.5543655e-04 -8.2423928e-05 -3.8211882e-03
   888 : -4.1103194e-03 -4.6996358e-03  1.6786737e-04
   889 : -3.7856855e-02 -4.9032464e-02 -4.1964289e-02
   890 : -3.1045473e-02 -2.9924117e-02 -4.8688072e-02
   891 :  3.0546271e-10 -5.8415925e-10  8.9282701e-10
   892 :  5.1203949e-09 -2.0320316e-08  7.1451606e-09
   893 :  2.6395807e-04 -1.5782844e-04 -9.5841772e-06
   894 :  6.9132514e-04 -7.7242159e-04 -2.8316979e-04
   895 :  2.5615275e-02 -1.3635698e-02 -7.6643152e-02
   896 : -2.4342328e-02 -3.5416676e-02 -2.3211966e-02
   897 : -1.7656109e-11  2.7005071e-12  1.6892988e-11
   898 :  1.2541897e-10 -1.2578055e-10 -1.9983882e-10
   899 :  7.7781336e-03 -1.6506470e-02 -2.0955760e-02
   900 : -2.0914982e-02 -3.3423598e-03  8.2678323e-03
   901 : -3.3343850e-05  8.5023112e-07  1.7307462e-05
   902 :  1.6950968e-04  1.1890727e-04 -1.2566671e-05
   903 :  1.0072574e-02  2.7906114e-02 -6.3437678e-03
   904 : -4.4098992e-03 -5.2143511e-03  3.5933401e-03
   905 :  3.1603665e-02  2.6138583e-02  3.8332520e-02
   906 :  3.5862277e-02 -1.6777845e-02 -3.0399597e-03
   907 :  1.0076009e-02  5.1777848e-02  3.2605543e-02
   908 : -3.4944912e-04  1.2300148e-03 -3.8679440e-03
   909 : -2.9771640e-03  1.8180626e-02 -5.7033938e-03
   910 :  2.8806777e-02  3.5452062e-02  3.7262316e-02
   911 :  3.6272667e-02  7.0261398e-03  2.8318080e-02
