Number of elements 912
     0 : -1.6482841e-10  3.8017593e-10  3.0180355e-10
     1 : -2.8196565e-05  5.1597682e-05 -1.0238081e-05
     2 :  1.9757391e-02  3.8308505e-02 -4.8404128e-03
     3 : -7.5661797e-07  1.3581641e-06  1.3208011e-06
     4 :  5.7309989e-02  3.8452660e-02  3.9643178e-02
     5 :  2.3034398e-02  7.8432876e-02  1.1286837e-01
     6 : -1.7368381e-17 -4.3304797e-18  5.0166343e-17
     7 : -2.6900075e-05  3.2820863e-04 -2.1770302e-04
     8 :  3.5115826e-04  4.0329147e-04 -7.7373870e-05
     9 : -1.6294468e-15 -1.3787950e-15  5.2550066e-15
    10 :  1.6138334e-05 -5.0733557e-05  5.0532805e-04
    11 : -1.2515852e-17  2.7723916e-17  2.1064879e-17
    12 :  4.3929880e-02 -5.0646456e-01  7.3859727e-01
    13 : -4.5125222e-03 -1.3263846e-03 -4.3417809e-03
    14 :  9.5197503e-08  2.8931455e-08 -9.7573018e-08
    15 : -4.9650982e-03  2.7698027e-02  7.2846836e-03
    16 : -2.6371735e-18 -4.1705689e-18  9.2118975e-18
    17 :  3.6724345e-12  2.3999938e-12 -5.4442305e-12
    18 : -3.8946528e-04  2.4959439e-04 -4.5178228e-04
    19 : -8.0314468e-21  1.4259064e-20 -1.1147376e-21
    20 :  8.7694260e-14 -2.3095921e-11  2.2577721e-11
    21 :  3.9943014e-02  4.6139149e-02  4.4354537e-02
    22 :  8.7168637e-03 -2.4523139e-03 -5.8565108e-03
    23 :  9.9512923e-20  5.3970091e-20 -2.5678113e-19
    24 : -3.8733815e-05  1.3812963e-04 -8.1663280e-05
    25 :  6.6404826e-21 -1.5743885e-20  6.3974987e-23
    26 : -5.3574917e-05  2.0944696e-04 -1.0463988e-04
    27 : -2.2696408e-02  5.2095302e-02  5.4082266e-02
    28 :  4.9343367e-03  1.6590390e-02 -6.2759063e-03
    29 :  1.4022836e-05  9.3994959e-06 -5.6855434e-05
    30 :  9.7074486e-04 -2.2781836e-03 -5.4148900e-04
    31 : -1.7052995e-07 -8.4252790e-07  8.0321021e-07
    32 : -6.5368309e-16 -5.8553025e-16  1.9130582e-15
    33 :  8.4209059e-03 -1.2198839e-02 -2.1482633e-03
    34 :  1.7629776e-23  1.3522967e-21 -1.3336719e-21
    35 : -4.5245644e-07 -8.3296804e-07  1.5601296e-06
    36 :  4.9441686e-05  1.7026862e-02 -1.2616625e-02
    37 :  2.3446658e-02  1.0618092e-02  4.0163943e-02
    38 :  3.8156547e-02  5.6828210e-02  1.5747176e-02
    39 :  2.4570672e-05 -4.2079807e-05 -5.2677947e-05
    40 : -1.7056730e-05 -8.7228301e-05  2.6044894e-05
    41 : -5.4127469e-03  1.0486674e-02 -1.8393961e-02
    42 :  2.0482003e-20  1.3828171e-20 -4.3083815e-22
    43 : -6.0245073e-11  9.9482690e-11  8.0188797e-11
    44 :  4.3767072e-02  3.9612613e-02  1.6568842e-02
    45 : -4.1400653e-08  1.4100822e-08  6.9028350e-09
    46 :  3.8662383e-08 -2.3551958e-08  9.9181156e-09
    47 :  1.7252908e-15 -2.3679236e-15  4.2450551e-15
    48 :  6.1254774e-18 -6.3255283e-19 -4.6273652e-18
    49 :  9.0633377e-04 -3.0710968e-03 -1.6606896e-04
    50 : -6.2715466e-03 -1.3090199e-02  1.2837930e-02
    51 : -4.9071485e-02 -6.8026319e-02 -6.2825684e-02
    52 : -2.2260481e-03  7.4371360e-03 -1.5219480e-03
    53 :  8.8488676e-17 -1.0126010e-17 -9.6240645e-17
    54 :  9.6927200e-03  6.9298858e-03  2.2606922e-03
    55 :  8.0836394e-03  4.8020760e-03  5.2626227e-03
    56 :  3.3641044e-02  7.0440987e-02  5.3866765e-02
    57 : -1.1151824e-02 -7.0615153e-03  2.8301788e-02
    58 : -4.6240545e-02 -5.0744022e-01  3.3562141e-01
    59 : -2.3862157e-03 -2.8402362e-03  1.3146547e-03
    60 :  9.6766439e-03  1.7341581e-02  4.7068341e-02
    61 : -3.7613356e-02 -8.0531674e-03 -6.2053815e-02
    62 :  1.8239877e-05 -5.4099775e-05 -4.3068153e-05
    63 :  4.0351308e-03  1.1033117e-02  5.2737679e-02
    64 : -3.2623606e-04  5.1233920e-04  2.7510666e-04
    65 :  5.3935475e-06  6.8292261e-06  2.4781993e-06
    66 : -1.0034682e-06  6.9470673e-06 -2.2867647e-06
    67 :  7.0617280e-17 -3.2535124e-17 -1.2071283e-16
    68 :  8.0733156e-18 -3.4168913e-17  9.6652811e-18
    69 :  8.4858448e-17 -7.5621160e-17 -1.0508127e-16
    70 :  3.7052187e-08 -1.2142535e-09 -8.9237388e-08
    71 :  9.7391931e-02  3.4624876e-03  6.4998838e-03
    72 : -2.3269014e-19  7.0675324e-19 -1.4856925e-19
    73 :  3.6752236e-02 -1.5528066e-02 -1.1921854e-02
    74 : -3.1840229e-13 -6.6800697e-12  3.6683723e-12
    75 :  4.3225976e-13  4.9453374e-13 -5.8350299e-13
    76 : -2.2567667e-19  2.5737603e-18 -6.4749439e-19
    77 : -2.8339719e-13  7.2896156e-13  4.0328004e-14
    78 : -5.6854071e-16  2.5108952e-15 -5.6261150e-16
    79 :  6.6003132e-11 -7.6783063e-11  1.0146804e-10
    80 :  1.6137002e-27 -3.0462163e-25  1.0314649e-25
    81 : -1.0485802e-15 -1.3257819e-14  6.8511188e-15
    82 : -2.3564391e-03 -6.4951237e-01  6.9679191e-01
    83 :  2.8764442e-23  5.8158701e-22 -5.9694894e-22
    84 : -1.3083506e-21  1.3628057e-20 -6.8744576e-21
    85 : -1.8060900e-02  3.1678343e-01 -4.4129585e-01
    86 : -6.9898296e-12 -4.7223227e-13  8.4135499e-12
    87 : -3.7837484e-11  4.4002513e-11  6.8718827e-11
    88 :  5.3676164e-06  5.4920645e-06 -2.7771455e-06
    89 : -3.9280221e-02  6.0981811e-03  2.5792679e-02
    90 :  1.8239538e-20  1.4484306e-19 -1.2523793e-19
    91 :  6.3734159e-02  3.7676010e-02  3.7213166e-02
    92 :  6.9128908e-08 -5.6893297e-08  1.1958330e-08
    93 :  2.0184464e-24 -4.3560640e-25 -4.0891607e-25
    94 :  2.3035689e-11 -5.9781702e-11 -4.8716931e-11
    95 :  2.4490295e-17 -9.4296512e-18  3.1152465e-19
    96 : -6.3427025e-07  9.0283097e-09 -1.1324081e-06
    97 : -3.8716261e-08  3.7009333e-07 -3.2607934e-07
    98 :  3.7748776e-02 -5.3649461e-03 -2.1243378e-02
    99 : -2.1815713e-17 -2.9380339e-16  3.1382585e-16
   100 :  1.4794861e-16 -3.2568553e-16  1.1912168e-16
   101 :  4.4523098e-06  4.5547282e-06 -1.9357226e-06
   102 : -8.8990829e-04  1.0004315e-03 -1.5044674e-03
   103 :  2.0099616e-22 -2.4404353e-22 -2.5692733e-22
   104 :  5.7381723e-09  4.0378461e-09 -4.2275741e-09
   105 : -7.6875458e-04  7.0514101e-04  6.4632396e-04
   106 :  1.2574983e-05 -3.0306416e-06 -3.6386307e-05
   107 : -4.9826358e-05  2.2968436e-04 -8.0398430e-05
   108 :  2.9810913e-04  2.1879136e-04 -2.7204578e-04
   109 : -5.5677550e-03 -3.9432639e-03 -2.8299597e-03
   110 :  3.6869166e-02 -1.8601331e-02  1.3813340e-02
   111 : -4.9533001e-05 -3.2796289e-05 -1.8251930e-05
   112 : -8.5139968e-15  1.2507415e-14  1.1005266e-14
   113 : -6.0118957e-02 -6.2820857e-02 -6.6516635e-02
   114 : -3.7184306e-07 -3.8890752e-08  2.2928273e-07
   115 :  3.0012570e-03  2.0681497e-02 -1.3541381e-02
   116 : -5.6675706e-02 -1.4522639e-01  9.2926752e-02
   117 :  6.3447404e-02  6.9119702e-02  3.7115516e-02
   118 :  5.3896219e-02  4.4642282e-02  1.1418090e-02
   119 :  1.0634211e-17  3.8718108e-18 -1.4238907e-17
   120 : -1.1118856e-07  5.4189153e-08 -2.5292283e-08
   121 : -7.6609800e-14 -4.1063074e-14  6.5232089e-14
   122 :  4.7129153e-03  1.1385388e-02 -5.0846269e-03
   123 :  7.9741862e-22 -1.5751911e-21 -4.4258654e-22
   124 :  5.4247356e-17 -2.1215974e-16  4.2814151e-17
   125 : -2.2970958e-26  7.2408769e-26 -2.6296897e-26
   126 : -4.5018147e-12 -1.5816608e-11  2.8649924e-11
   127 : -2.4104390e-14 -4.1825437e-13  4.7911863e-13
   128 : -9.7073796e-03  8.3676677e-04  1.8471931e-02
   129 :  2.6995847e-10  3.8459296e-10 -1.1411016e-09
   130 : -3.7167448e-02 -5.4473522e-02 -2.8757381e-02
   131 :  3.9508991e-02 -5.4661924e-03  1.6362206e-02
   132 : -5.5970934e-03  4.4203234e-02  5.9479661e-03
   133 : -1.2671877e-02 -4.3295621e-02  7.3269290e-03
   134 : -1.9081140e-03 -1.4472439e-03 -4.2920197e-03
   135 :  1.6783756e-04  3.9272751e-04  3.9991658e-04
   136 : -1.2275580e-05 -4.0678978e-05  1.7725985e-05
   137 :  9.1191798e-04  1.6766004e-04 -1.4551262e-03
   138 :  2.9319365e-04  4.3410274e-05  4.9136043e-05
   139 : -1.3160928e-04  4.0046209e-04 -1.4267412e-04
   140 : -2.0654118e-15  3.3281688e-15  1.1194027e-15
   141 : -3.9500891e-15  4.4914804e-14 -1.5213345e-14
   142 :  1.5475520e-04 -1.7294898e-04  4.3778422e-04
   143 : -2.4176356e-19 -3.3008752e-18  8.4326690e-18
   144 :  3.9528561e-06 -4.2029510e-06  1.1279146e-05
   145 : -8.9045941e-07  1.4650579e-06 -3.7141226e-07
   146 : -2.5905352e-09  3.8075741e-11  3.2339273e-09
   147 :  7.3430297e-18  2.1621729e-19 -2.6001701e-18
   148 : -3.5825515e-09  2.4727049e-09  5.2314267e-09
   149 : -1.2579736e-02 -4.1901133e-02 -3.1121241e-02
   150 : -2.1309854e-06  3.4865089e-06  2.9231980e-07
   151 : -1.6253275e-13  2.3324004e-13  9.5056256e-14
   152 :  1.0540546e-10 -2.2746966e-10 -1.2153339e-11
   153 :  9.3155024e-02  6.1139272e-02  1.2282530e-02
   154 : -5.8250298e-25  6.2336800e-25  1.4943477e-24
   155 : -7.9455095e-19  1.3791073e-17 -8.3379265e-18
   156 :  1.3724024e-19 -7.5840655e-19  2.4236566e-19
   157 :  9.1519581e-08 -1.9493882e-07  8.2324838e-09
   158 :  2.3747230e-04 -5.7202107e-04 -2.1159357e-04
   159 : -5.7414645e-06 -7.8930783e-06  5.5600443e-06
   160 :  6.7291224e-25 -9.9649703e-25 -1.1175364e-25
   161 : -3.3838258e-22  4.3190898e-22 -6.1121638e-22
   162 : -5.0734568e-02 -2.6111667e-02 -3.9987679e-02
   163 :  6.9844294e-03 -5.3451565e-03 -3.5215614e-04
   164 :  2.2013139e-14 -3.9581271e-12  1.5684031e-12
   165 : -2.3223884e-05  7.8032146e-05 -7.6653113e-06
   166 : -1.2257802e-19 -3.3140018e-19 -1.4564562e-19
   167 :  2.3968429e-04 -1.5803979e-04  3.0191307e-04
   168 : -1.3951573e-02  5.4521367e-02 -6.7103761e-03
   169 : -3.0961300e-02  4.7431643e-02 -1.4820288e-03
   170 : -2.8588824e-17  4.0132242e-18  2.6236583e-17
   171 :  9.1593438e-18  1.3486468e-17 -3.9470097e-17
   172 : -2.9302158e-03  2.7091896e-02  1.7147021e-02
   173 : -2.3258519e-03  2.3467564e-04 -3.6232977e-03
   174 : -1.0515174e-04  1.5044263e-04  8.0384476e-07
   175 : -1.2078616e-08  2.3392572e-09  1.9808513e-09
   176 :  4.8370921e-16 -3.7848130e-16 -1.2762110e-15
   177 : -2.8250500e-05  7.7264227e-05 -3.5922520e-05
   178 : -4.4520374e-02 -1.1029567e-01  1.1726806e-01
   179 : -1.2504881e-04  5.0779095e-05  4.5020425e-04
   180 : -7.1137222e-19  2.5767761e-19  1.6837272e-18
   181 : -5.7506588e-03  1.7205629e-02  4.7096130e-02
   182 : -1.3406756e-10  3.9615044e-11  1.3547227e-10
   183 :  2.4526605e-02  4.1476302e-02  1.0381923e-02
   184 :  2.7541928e-23  2.0009108e-22 -9.9601784e-23
   185 : -8.8562399e-13  7.4975492e-13  5.9667546e-13
   186 : -2.0835927e-07  5.1290052e-08  1.5136489e-07
   187 : -1.2668034e-04  4.6096208e-04  4.0776552e-04
   188 :  9.4444611e-04 -9.3251753e-01  1.0999990e+00
   189 : -5.3240077e-04 -3.1881351e-03 -8.1994248e-04
   190 : -1.6651627e-05 -3.4624764e-05  1.5470137e-05
   191 :  2.0850911e-21 -2.5813779e-21 -3.4952416e-21
   192 :  8.5279612e-02  3.2596352e-02  1.7915250e-02
   193 : -7.4001954e-03 -3.7169261e-02 -5.6182728e-02
   194 :  1.5119324e-02  2.9067925e-01 -3.4462629e-01
   195 : -4.1173994e-08 -1.1900243e-08  2.5418175e-08
   196 :  8.4494646e-19  4.9789643e-20 -2.5876565e-18
   197 : -2.2514139e-18  3.7608589e-18  9.8729242e-19
   198 :  9.1399670e-07 -2.3929879e-07  1.7590253e-07
   199 : -1.0908355e-01 -3.0776165e-03 -6.0130685e-02
   200 :  3.4684626e-19 -1.4893506e-17  1.4973622e-17
   201 :  6.7844353e-02  1.0938448e-02  5.9385217e-02
   202 : -4.7429964e-07  1.6990189e-07  1.1044054e-09
   203 :  4.0446202e-20  6.9659954e-20 -3.7094536e-20
   204 : -3.5530467e-08 -7.7647434e-08  1.1988971e-07
   205 :  6.5226831e-04  3.2995801e-03  1.8914547e-02
   206 : -2.0685465e-19  6.2960870e-20  3.6482101e-20
   207 :  2.8524644e-19 -6.1729632e-19 -6.6349407e-21
   208 : -1.0592125e-13 -6.5589764e-14  2.0160834e-13
   209 :  1.2263222e-03  1.2389693e-01  8.6149390e-02
   210 :  6.7718707e-08 -7.9911735e-08 -4.6744685e-08
   211 :  4.5949506e-20  1.8808814e-20 -9.7302824e-20
   212 :  6.8754202e-04 -3.8091234e-04  1.2740748e-04
   213 : -2.8007111e-18  9.2789192e-18 -5.4674902e-18
   214 : -1.2932937e-02 -1.3319324e-03 -4.4284090e-02
   215 : -5.0656738e-02  4.1931056e-02  3.8331075e-02
   216 : -2.5396488e-04  2.5853401e-04  7.6502461e-04
   217 :  7.3175922e-25  9.6583303e-24 -4.6400121e-24
   218 :  2.3672343e-14 -6.2569881e-14 -4.7510350e-15
   219 : -1.1492611e-02  3.2240255e-04  2.1691695e-02
   220 :  1.1732055e-11 -2.3192631e-12  6.3153738e-12
   221 :  2.0020556e-16 -1.2645175e-16 -5.8938168e-16
   222 : -6.0274977e-02 -1.7760786e-02 -6.3133422e-02
   223 : -5.8874574e-03 -1.8225491e-02  3.5844615e-03
   224 :  3.1345175e-06 -7.4046953e-06  8.5549186e-07
   225 :  4.0881230e-12 -2.1163538e-11  9.5151508e-12
   226 :  1.6960346e-15 -7.0923386e-16 -4.7982200e-16
   227 : -1.5865054e-08  3.3694723e-09  8.5454119e-09
   228 : -1.3205602e-07  5.5451614e-06  6.2202323e-06
   229 : -8.9690495e-10  9.3635145e-10 -7.8917354e-11
   230 : -1.0466059e-16 -1.0470128e-16  7.0996552e-17
   231 :  3.8655863e-17 -1.1293900e-16  1.5085094e-17
   232 :  4.6956154e-25  3.4483025e-25 -5.2372751e-25
   233 : -1.4528467e-16 -5.7283130e-16  6.5221201e-16
   234 :  5.1359421e-03 -4.7749688e-02 -1.6188122e-02
   235 :  1.5007543e-01  1.4780496e-01 -7.8653419e-02
   236 :  1.0601967e-15  9.3496947e-16  2.5581780e-15
   237 :  1.3479791e-13  1.5993846e-12 -2.6372778e-12
   238 :  2.4489902e-21  2.1845150e-22 -1.2960323e-21
   239 : -6.7915586e-17  3.0539372e-16 -5.0023807e-16
   240 :  1.9049353e-19 -4.1005052e-19 -1.8584291e-19
   241 :  3.6061642e-03  9.0869011e-04 -6.7305140e-03
   242 : -9.5342156e-03 -4.7644584e-03  1.6697403e-02
   243 : -2.2767488e-02 -2.0920815e-03 -1.1458310e-02
   244 :  2.0980332e-02  3.6977587e-02  1.3792907e-03
   245 : -3.0892863e-15  4.2620596e-15  5.8216409e-15
   246 :  7.9911609e-04 -8.0215332e-04 -7.0874522e-04
   247 : -4.2023554e-02  2.8494969e-02 -3.5653921e-02
   248 : -1.1449176e-23  1.8733949e-23  7.4193094e-24
   249 :  9.1696486e-12 -5.6628548e-12 -1.5076308e-11
   250 : -4.4644472e-03  2.6586788e-04 -2.2829211e-03
   251 :  3.9444971e-07  2.3778413e-06  4.7655124e-06
   252 :  6.4185192e-16 -6.9428527e-16 -2.1152921e-16
   253 :  6.1304682e-20 -3.6633761e-20  5.5646196e-20
   254 : -1.0623285e-02 -2.3232591e-02 -1.5930858e-02
   255 : -1.5447814e-07  6.5638990e-08  8.3126137e-09
   256 : -2.1685426e-03 -1.9620208e-03  1.8952125e-03
   257 : -4.3371930e-03  1.6326545e-02 -1.2578930e-02
   258 :  2.1446744e-09 -2.9392153e-08  8.5423498e-08
   259 : -2.8648838e-13  2.4074472e-13 -5.2219976e-13
   260 :  1.7343214e-03 -2.7768058e-03 -4.1362468e-03
   261 : -3.9567710e-07 -3.5827657e-07  1.4832457e-06
   262 : -5.8253522e-15  9.0762973e-15  8.0284453e-15
   263 :  8.1076440e-17 -8.8474335e-17 -9.2374538e-17
   264 : -3.0816428e-07  2.2629746e-07 -2.5743606e-07
   265 : -1.9427600e-03 -3.1348751e-03  7.1945784e-04
   266 :  9.4545852e-11  2.9917503e-10 -1.6712992e-10
   267 :  1.0838835e-10 -8.5163317e-10  1.7723455e-10
   268 : -6.9771399e-19 -1.2278096e-18  3.6741358e-18
   269 : -3.0015188e-02  2.4632539e-02 -7.8299944e-03
   270 : -5.6010233e-09  1.5862901e-08 -2.6839096e-09
   271 :  5.6044430e-03 -8.9895063e-03  1.1600616e-02
   272 :  1.1034202e-09 -5.1853678e-10  1.6477089e-10
   273 :  2.6185290e-17 -1.0403533e-17 -5.6816206e-17
   274 : -2.0599081e-03 -2.5525129e-03 -5.4544530e-04
   275 : -3.0211324e-14 -1.0972773e-14  1.0083619e-13
   276 :  9.9400796e-03  1.5463480e-02  1.9045320e-02
   277 :  1.7277235e-16 -3.6830848e-16 -3.8655750e-16
   278 :  5.7134741e-04  7.9254882e-04 -2.5379635e-03
   279 :  1.4024529e-06 -5.0784783e-07 -4.0458981e-07
   280 : -6.0188359e-02  1.2090053e-02 -1.8871238e-02
   281 :  5.0098470e-07 -9.5811103e-07 -5.6391587e-07
   282 :  1.3671372e-10 -9.1064610e-11  3.0589049e-10
   283 :  4.5689253e-13 -6.6732907e-13 -2.8045620e-13
   284 : -3.3346815e-15 -1.0792661e-15 -6.6495816e-15
   285 : -3.5640073e-02 -5.7811006e-02 -7.6691459e-02
   286 :  2.1474772e-03 -2.7531209e-03 -3.1792545e-03
   287 :  2.0311333e-04  2.8350293e-04 -1.7569467e-04
   288 :  6.0617910e-02  3.8228151e-02  5.7047230e-02
   289 : -8.6510170e-06  1.2429464e-05 -1.0954440e-05
   290 : -4.7351162e-02 -4.3907135e-02 -6.1906978e-02
   291 : -6.0512196e-07  1.1373680e-06 -1.9504444e-07
   292 : -9.0192688e-03 -1.1147606e-02 -2.6376556e-02
   293 :  5.0151390e-13 -5.6302665e-13 -3.9107795e-13
   294 :  1.0609243e-03  5.0996992e-04 -1.2225663e-03
   295 : -5.1811604e-20 -1.5990529e-19  8.0486177e-20
   296 :  4.1640327e-02  4.6564589e-02  2.2214366e-02
   297 : -1.1019057e-06  5.5475704e-06  3.4237968e-06
   298 : -1.6765427e-06  2.3111751e-06 -1.3449563e-06
   299 : -1.5470998e-21 -1.2027024e-21  4.3280164e-21
   300 :  4.6200833e-02  2.0324508e-02 -1.1616653e-03
   301 : -4.7829909e-08  2.4594335e-06 -9.5646202e-07
   302 : -5.9879950e-04  3.8301917e-04 -1.6995279e-03
   303 :  3.5159566e-04  1.0514461e-04 -1.3819448e-04
   304 :  2.3701351e-04 -1.8503111e-04  5.6436866e-04
   305 : -2.8403888e-08  3.0385018e-08  1.7226978e-09
   306 : -8.0019348e-03 -1.0531025e-02  1.4866531e-02
   307 :  3.4297599e-04  1.7816776e-04  4.1042995e-04
   308 : -5.3693805e-07  3.2905565e-08  6.9358951e-07
   309 :  1.4333163e-21  5.9400861e-20 -2.5897489e-20
   310 : -6.9550510e-06 -5.3562748e-05  7.1755326e-05
   311 :  1.3447299e-03  5.0065887e-04 -2.8613723e-03
   312 :  1.2838905e-19 -2.3904728e-19 -2.9842389e-18
   313 : -1.1049839e-13  7.3490737e-13 -1.1646851e-13
   314 :  2.3376676e-21  4.1639377e-21 -1.1598507e-20
   315 :  1.2947505e-15  7.1824436e-15 -3.1942480e-15
   316 : -1.8605684e-02  2.7152340e-03  1.5737870e-02
   317 : -3.3539870e-21 -3.3827026e-21  9.8422366e-21
   318 :  6.8065257e-03  4.8090360e-03  5.4440096e-03
   319 : -1.3717232e-02  2.4582196e-02  1.6939240e-02
   320 : -1.3091238e-01  3.9748204e-02  3.3787716e-02
   321 :  1.6195586e-02  4.6942214e-03 -6.5753109e-03
   322 :  1.8637351e-21 -4.4018395e-21  5.8790237e-22
   323 :  5.0878935e-22 -9.7031960e-22  1.9434241e-22
   324 :  2.2557860e-14 -6.0721021e-14  1.0741110e-14
   325 : -2.1589247e-12  2.1603807e-12 -4.0285977e-12
   326 : -9.0645726e-02 -5.2431498e-02 -1.7308526e-02
   327 : -7.1222227e-02 -4.7140713e-01  3.6246544e-01
   328 : -5.1524482e-05 -5.0754693e-03 -4.2234688e-03
   329 :  4.7202856e-15 -8.0808130e-14  3.7598576e-14
   330 :  1.0112127e-22  2.9234309e-23 -2.5472198e-22
   331 : -9.7482150e-09  2.3615340e-09  1.9728892e-08
   332 : -3.5579412e-05 -2.0247053e-04  1.9911318e-04
   333 : -6.7811402e-13  2.4919894e-13 -1.0726260e-13
   334 :  1.4767007e-03  5.3582111e-02  5.0693024e-02
   335 :  2.0843371e-04 -1.1133178e-03  1.7605357e-04
   336 :  3.6119316e-03 -3.7677043e-03 -6.4126852e-03
   337 :  1.0527089e-19 -4.2120833e-19  1.3054714e-19
   338 : -4.9944831e-03 -5.2163922e-03  6.5134592e-04
   339 : -1.2608433e-14  1.1270531e-14  3.2425925e-14
   340 :  7.7748873e-03  7.4960357e-03  5.3522505e-03
   341 : -3.5140176e-19  2.3192473e-19  7.0687396e-20
   342 :  1.3146957e-16  4.6700855e-16 -1.0558202e-15
   343 :  2.8417256e-08  4.6290805e-08 -3.6227894e-08
   344 :  7.0416518e-03 -8.7887112e-06  6.9474149e-03
   345 : -5.3890306e-02 -5.6477555e-02 -6.6388130e-02
   346 :  5.1181069e-15  3.2280697e-15 -3.1658306e-15
   347 :  1.2257420e-02 -9.7889695e-03  1.4153325e-02
   348 :  5.9761874e-07  6.9478237e-07 -5.4040439e-07
   349 :  1.0031520e-07 -2.6506767e-08  6.1688288e-09
   350 :  3.6385272e-02  7.4568704e-03  3.5339749e-02
   351 :  6.4098064e-13  1.6141469e-12 -1.9659836e-13
   352 :  4.2396661e-02 -1.4031536e-02  5.8401281e-03
   353 :  3.7630576e-04  4.8033987e-04 -5.0817450e-05
   354 :  4.9480614e-02  1.0336176e-02  3.1205198e-02
   355 : -1.1909485e-02 -3.4553699e-02 -3.2195505e-02
   356 :  1.5020428e-19  4.7274095e-20 -4.9772449e-19
   357 :  1.2739475e-01  9.1311073e-02 -2.3231517e-02
   358 : -3.3998074e-09  3.4892461e-08 -8.8750274e-09
   359 : -3.3990827e-27  1.3912497e-26 -3.2256084e-26
   360 :  3.6645494e-02 -2.6293713e-03  1.8325504e-02
   361 : -3.9405165e-11 -3.2761741e-11  2.7205798e-11
   362 : -9.4850455e-08  8.0934491e-09 -7.4780161e-08
   363 : -2.2284612e-09  9.8224289e-10 -7.0990351e-10
   364 :  3.8230788e-11  2.7857973e-10 -1.3906853e-10
   365 : -1.0061953e-06  4.4618838e-07 -7.5251024e-09
   366 :  1.1053911e-18 -1.1264958e-17  7.6301331e-18
   367 :  1.3051275e-05  8.2048241e-06 -2.7681301e-05
   368 : -1.7966200e-03  9.5457763e-03  2.4212175e-03
   369 :  1.0192111e-07  3.1042620e-07 -5.1923713e-07
   370 : -6.5622263e-09  1.4421669e-08 -2.4701423e-09
   371 :  1.7204958e-18 -1.1709221e-18  1.6380273e-18
   372 :  7.8001116e-07 -1.3496934e-06 -8.5854149e-07
   373 :  3.0416741e-05 -2.2954138e-05  5.1268981e-04
   374 : -1.4463591e-02 -4.1844672e-02 -4.0331767e-02
   375 :  3.0371617e-13 -8.1493848e-13  2.6990616e-14
   376 :  9.0051216e-21 -1.3792199e-19  1.3286137e-19
   377 :  1.9221490e-06  3.3572987e-06 -1.8209703e-06
   378 : -1.9571514e-09  2.7812027e-09  2.2739293e-10
   379 : -2.4550308e-23  4.4466929e-23 -9.5237657e-24
   380 : -3.2525701e-02  9.9271952e-04  5.7026455e-03
   381 : -7.3629887e-09  1.0301653e-08 -2.0862849e-09
   382 :  6.9809571e-12 -1.2769739e-11 -3.0612338e-12
   383 :  4.0463323e-02  1.6771466e-02  5.9185944e-02
   384 :  1.8586434e-12  2.5842483e-12 -1.2882520e-12
   385 :  6.4856093e-04 -6.1125189e-04  5.3716048e-04
   386 : -1.7487094e-02  1.6694168e-02  1.9279014e-03
   387 :  8.8218741e-14 -1.1406092e-13 -1.7540634e-13
   388 :  4.2466765e-02  3.3544925e-02 -3.4525396e-02
   389 :  2.4453052e-11 -1.5328462e-11  3.6572719e-11
   390 : -1.8097668e-03  3.5361085e-03 -8.5476684e-04
   391 :  4.4437996e-09  1.5694357e-08 -9.1310694e-09
   392 :  4.1730786e-02  2.7764643e-02  3.6664253e-02
   393 :  4.0247540e-02  1.9899124e-02  6.9962686e-03
   394 : -2.4165677e-11  4.6541335e-11  7.3584727e-12
   395 :  4.7869649e-06 -1.5865385e-06  1.1508907e-06
   396 :  6.8150148e-23 -1.6622103e-22  2.8050335e-22
   397 :  3.8364547e-02  1.9465251e-02  3.9461269e-02
   398 : -1.9308141e-05  8.9046877e-05 -1.0891507e-04
   399 :  4.8067113e-02 -4.4606052e-02  4.2637824e-02
   400 : -6.4595788e-05 -8.0171606e-06 -4.7599227e-05
   401 :  8.3982186e-04 -1.2761766e-03 -1.0570267e-03
   402 :  7.5936998e-11 -2.3856383e-11 -5.0321371e-11
   403 :  5.8017021e-10 -2.1675272e-09  1.0802237e-09
   404 :  1.3839174e-18 -2.6224555e-19 -4.1225726e-18
   405 : -4.3117508e-06  5.2778022e-06  4.6131677e-06
   406 :  3.4305022e-02  7.5466894e-03 -1.1880412e-03
   407 :  3.0851242e-02  3.0531390e-02  3.6203888e-02
   408 : -2.1539584e-02  2.5167869e-02  3.9580055e-02
   409 : -4.5679913e-05 -1.9022554e-05  2.0701099e-05
   410 :  4.3240670e-03  1.1081938e-02  1.8273112e-02
   411 :  1.7370334e-05 -6.1741606e-05  7.3050262e-06
   412 :  2.7140114e-04 -4.1921572e-04 -9.0375270e-04
   413 : -1.9260929e-21  4.6450508e-20 -6.1597367e-20
   414 : -1.4444343e-02 -5.6173738e-02 -4.1228327e-02
   415 :  4.7664135e-06 -7.9716643e-05 -2.8538515e-05
   416 : -3.3983126e-14 -7.0295793e-15  5.3095367e-14
   417 :  3.9418119e-02  6.1715157e-03  4.8471585e-02
   418 : -4.5038311e-03 -1.1974703e-02 -1.7695599e-02
   419 :  5.6394627e-18 -1.6077186e-17  3.9192800e-18
   420 :  3.9179015e-18  1.9145240e-18 -1.6969057e-17
   421 :  9.5908337e-15 -6.0032426e-14  3.3531026e-14
   422 : -1.7500808e-07  2.3310973e-07 -3.8853049e-07
   423 :  2.6541137e-06  5.2379531e-05 -8.0572988e-05
   424 : -5.8347485e-12 -4.0778451e-11  9.0993065e-12
   425 :  2.2118134e-14  2.7344675e-13 -9.9588252e-14
   426 :  8.6225048e-10  3.7945661e-10 -7.1796515e-10
   427 : -1.2707572e-10 -7.4651785e-10  1.4940197e-09
   428 : -1.3774201e-10  2.5394739e-10  8.7452173e-11
   429 :  3.6589366e-04  4.5262231e-04 -1.8964573e-04
   430 : -2.4736439e-03 -2.5967626e-03  2.9824768e-03
   431 : -2.5859798e-06  1.0005367e-05  1.0927460e-05
   432 : -9.4217341e-07  5.9467501e-07 -9.3543269e-07
   433 :  5.7615902e-20 -1.4472520e-19  2.2770510e-20
   434 : -5.0418920e-02  8.6380368e-03 -2.0451827e-02
   435 :  1.8916736e-05 -3.0526486e-06 -2.5977736e-05
   436 :  1.5700352e-12  5.8236527e-12 -8.4083826e-12
   437 :  6.4070574e-02 -3.0292360e-02  5.1967571e-02
   438 :  3.3020498e-03 -5.9381363e-03 -1.0916672e-03
   439 :  3.6923408e-02  2.0405645e-02  3.2730239e-02
   440 :  2.0750400e-15 -7.8155967e-15  2.7948039e-15
   441 : -1.1484163e-20 -7.6938032e-21  3.0909580e-20
   442 :  4.7156850e-02  4.0497371e-02  4.0411504e-02
   443 : -8.4733158e-07  1.3572968e-06 -7.5335583e-07
   444 :  4.0616585e-02  3.6154216e-02  1.0443116e-02
   445 : -2.4602570e-07  7.4071342e-08  3.7497053e-08
   446 :  7.0014701e-03 -3.9948995e-03 -4.8555308e-02
   447 :  2.0836617e-08 -2.0187535e-08  2.5890770e-08
   448 :  8.0074303e-05 -8.7517558e-05  1.5570138e-04
   449 : -5.4635986e-20 -6.0208164e-20  1.7901776e-19
   450 : -3.9767381e-21  9.1051390e-21  1.1453455e-21
   451 : -5.9074902e-02 -5.6640283e-02 -7.3918828e-02
   452 : -9.8152178e-03 -2.0223529e-02 -3.6465260e-02
   453 :  1.0545748e-03 -2.9332952e-02 -2.6167446e-02
   454 :  3.9898096e-02  1.4746685e-02  4.8459802e-02
   455 : -4.3137172e-10  4.6871052e-11  2.4372464e-10
   456 :  2.2416432e-04 -1.3533394e-04  1.0495400e-04
   457 : -1.2831489e-21  2.1118653e-20 -1.6016347e-20
   458 : -6.7402879e-10  3.1343177e-09 -8.1551786e-09
   459 : -4.5978158e-05 -8.2160716e-05  9.6961320e-05
   460 :  4.9876602e-04 -6.8044782e-04  4.2675309e-04
   461 : -9.7052881e-09  2.5583548e-09  1.5451740e-08
   462 : -2.3559867e-06  4.7647669e-06  1.1070699e-06
   463 : -5.9699467e-15  1.2738802e-15  1.3044168e-14
   464 :  1.6331246e-03  3.7038342e-02 -1.0426395e-02
   465 :  7.4890535e-05 -2.6708122e-05 -6.9087617e-05
   466 :  3.5735134e-02  4.1453933e-02  1.9918840e-02
   467 :  6.5451456e-16 -2.5277733e-16 -5.1353924e-16
   468 :  1.2500316e-14 -5.7579055e-14 -4.0271559e-14
   469 : -1.5721587e-22 -2.2936860e-23  8.3524234e-23
   470 :  2.6480256e-20 -3.0407774e-20  4.1953829e-22
   471 :  3.4135939e-13  4.5094625e-12 -5.2445325e-12
   472 :  4.9944345e-16  4.6172456e-15  1.8868807e-15
   473 : -7.6468729e-04 -8.4276100e-04  4.5346494e-04
   474 : -2.2573314e-17  3.4346733e-17  3.9194757e-17
   475 :  5.0330584e-11 -2.8996683e-11  7.6314016e-11
   476 :  3.9747665e-12 -3.0493943e-11  1.3398001e-11
   477 :  1.9570663e-22  6.3147842e-23 -4.4427498e-22
   478 : -2.7407564e-05  4.5260849e-04  3.0902720e-04
   479 :  4.3367209e-24 -1.0458396e-23  1.9964845e-24
   480 : -1.7187523e-02 -1.8471331e-02 -5.8723477e-02
   481 :  3.1331369e-10  2.1920629e-10 -1.2986525e-09
   482 :  1.4667066e-16 -4.4888369e-16  1.5609048e-16
   483 :  1.9797319e-02  5.9688148e-03  1.1221073e-03
   484 :  1.1047505e-04 -1.1862035e-04 -5.1217308e-05
   485 : -9.0028235e-05  4.2887042e-05  1.2666634e-04
   486 : -1.1783696e-02 -4.1920463e-03 -1.1857036e-02
   487 :  7.5966566e-04  2.4720783e-04 -1.0462824e-03
   488 : -2.4738430e-02 -2.0429214e-02 -1.2817105e-03
   489 :  1.9315709e-18 -9.8668900e-19 -8.9960590e-19
   490 :  1.1419276e-15  2.4311918e-16 -6.8655377e-16
   491 :  9.7077569e-18  6.8345610e-17 -7.0366741e-17
   492 : -4.0356956e-03  2.9750720e-03 -4.1561415e-03
   493 :  7.2348152e-03  1.6626628e-04  3.8405555e-03
   494 :  1.7615718e-02  1.1275140e-02  2.2580559e-02
   495 : -1.7857865e-06 -1.6853352e-06  5.9170086e-06
   496 : -2.1041103e-14 -1.4432615e-12  1.5253367e-12
   497 :  4.2536220e-20  8.4282961e-20 -3.7934554e-20
   498 : -1.0084770e-18 -7.1049211e-20  2.9089738e-19
   499 : -3.0983282e-02 -2.5757544e-02 -2.6454817e-02
   500 : -5.6652003e-21  6.1649092e-21  7.8102238e-21
   501 :  1.6551114e-22 -1.3115776e-21  6.6714852e-22
   502 : -6.4769638e-03  5.2114457e-03 -4.8615452e-03
   503 :  2.7359307e-03  6.9908133e-03  2.0279153e-03
   504 :  1.8165720e-05 -5.4691567e-05  2.5761366e-06
   505 : -4.7844534e-02 -5.0792826e-03  7.8894981e-03
   506 : -4.9144871e-15  1.2740838e-14  5.7066624e-16
   507 :  3.5606043e-13  1.1199046e-13 -5.7830584e-13
   508 : -5.2122196e-16 -3.1448169e-13  1.0739457e-13
   509 : -2.7406179e-03  6.9681718e-04 -1.4280645e-03
   510 : -2.6957733e-13  1.0948201e-12 -1.3935748e-13
   511 : -1.5508821e-08  7.9021143e-09  2.7546583e-08
   512 : -5.7169886e-10 -3.3856804e-09  1.3631643e-09
   513 : -4.7811825e-06  2.7056181e-06  1.1464151e-05
   514 :  2.6131843e-05 -4.9422650e-05 -2.2324954e-05
   515 :  4.9257819e-02  2.8078308e-02  4.6801722e-02
   516 : -6.9256577e-14 -1.1082905e-13  5.4836276e-14
   517 :  2.0691367e-02  3.9223121e-02 -2.7180211e-03
   518 : -9.9286743e-06  8.6388172e-06 -6.9853154e-06
   519 :  7.8594598e-10  5.1056353e-08 -3.2228810e-08
   520 : -1.1310905e-06 -9.0500643e-07  3.0889265e-06
   521 :  3.5688668e-02  2.3450943e-03  6.2127175e-03
   522 :  3.0466537e-02 -6.3674764e-04  2.1288540e-02
   523 : -3.9795978e-02 -6.4181054e-02  1.2764917e-01
   524 : -1.9456686e-05 -8.3183435e-06  1.1214705e-05
   525 : -4.4091950e-05  1.9047522e-05  1.6909574e-06
   526 : -1.7314671e-11  1.0979669e-10 -5.1173383e-10
   527 :  3.1387479e-18  1.3432704e-17 -2.7717132e-17
   528 : -7.0884178e-02 -1.2589850e-02 -3.0306290e-02
   529 :  1.8821331e-03 -2.1737782e-03 -2.9652235e-03
   530 :  1.6944975e-02 -6.2198032e-03  1.0541390e-02
   531 : -2.9193026e-03 -2.9471156e-03 -2.2421291e-03
   532 : -1.4449158e-09 -1.2888705e-09  1.3303214e-09
   533 :  1.7780444e-25  3.1023948e-25 -7.0584126e-25
   534 : -9.1334730e-26 -1.7751415e-25  6.5154042e-25
   535 :  1.1272395e-16 -4.7136376e-16  7.7791367e-17
   536 :  3.9281788e-02  1.8807173e-02  2.7891658e-02
   537 :  2.1988298e-03  1.7561170e-03 -1.1763508e-03
   538 :  5.6432473e-04 -3.3932398e-04  3.8745578e-04
   539 : -2.3518070e-17  8.2478911e-17 -1.5505309e-17
   540 :  9.5555883e-16  2.1410038e-15 -1.2788063e-15
   541 :  1.8181304e-14 -9.3280986e-14  3.6800660e-14
   542 : -5.8912228e-07  1.1809546e-06 -1.0679082e-06
   543 : -3.8697778e-18 -5.1625104e-18  2.7646131e-18
   544 : -1.5547226e-06  7.2257905e-06  3.5156184e-06
   545 :  2.2790869e-12  1.9960649e-12 -4.4885139e-12
   546 : -2.6955288e-02 -8.2213564e-03  6.5355589e-03
   547 :  8.9489700e-17 -1.9469617e-16 -2.9124915e-17
   548 :  1.8188719e-02  2.5939482e-02  3.9473752e-02
   549 : -1.8343205e-13  1.9173269e-14 -1.1479056e-13
   550 :  3.9111464e-04 -2.9071783e-03  7.2288819e-04
   551 :  3.7086187e-02  2.2608313e-02  2.2704230e-04
   552 :  8.7384754e-03  4.1543309e-03  4.3913833e-03
   553 : -6.9899952e-03  1.4592842e-03 -9.9891344e-04
   554 :  3.8364701e-14  2.0786018e-13  3.4491060e-13
   555 : -6.2862089e-07  1.7497249e-06 -8.1886647e-08
   556 : -1.2065658e-13 -1.2919631e-13  6.5363230e-14
   557 :  8.3127524e-02  5.6786473e-02  5.6815237e-02
   558 :  9.9195910e-04 -1.5317306e-03 -3.0408472e-04
   559 :  8.7957386e-03  1.4392950e-02  1.0521636e-02
   560 : -2.8273976e-03 -1.3457820e-03  1.1198074e-03
   561 : -5.3606267e-03  2.5426315e-02 -1.5557450e-02
   562 : -1.3727791e-09  3.6121444e-09 -1.3745773e-09
   563 :  1.3489832e-20 -6.4233984e-21  4.5393502e-21
   564 : -2.2749195e-03  2.2924964e-02  6.3467751e-03
   565 : -1.7511034e-02  3.3563506e-03 -1.9528472e-02
   566 :  8.4812243e-15  1.7764137e-14 -4.3156278e-14
   567 :  8.9564507e-08  5.9820003e-07 -8.6222874e-07
   568 :  1.6959909e-03 -3.9255944e-02  4.6965140e-02
   569 :  8.8415042e-03  2.1373871e-02  4.0169253e-02
   570 :  1.3336062e-12 -1.1683935e-12  9.2337233e-13
   571 : -5.1362498e-07 -4.9068713e-07  2.9501586e-07
   572 : -2.1466418e-22 -4.6804154e-21  2.1758623e-21
   573 :  4.3255901e-04  6.1944787e-04 -2.5701322e-03
   574 :  3.1248352e-04  3.3065158e-04 -1.8072652e-05
   575 :  2.0328824e-02  1.9673311e-02  4.8317145e-02
   576 : -7.1293104e-05  4.0964555e-05  9.3484405e-05
   577 :  6.0788388e-02  6.2058273e-02  5.5628430e-02
   578 : -1.0320050e-23  1.4110782e-23 -4.9124212e-24
   579 : -2.2547478e-02 -4.3941898e-02 -2.3962973e-02
   580 :  3.4472289e-02  2.7045813e-02 -1.1666051e-02
   581 : -2.1059722e-12  2.9279602e-12  3.1204610e-12
   582 :  3.1063707e-24 -2.1595221e-22  8.8010979e-23
   583 : -2.1515684e-11  7.9886797e-11 -3.4865443e-11
   584 :  1.6882072e-19 -2.8809441e-19 -7.0815957e-20
   585 :  3.2033100e-02  2.9231569e-02  3.1593722e-02
   586 : -2.5488323e-15  4.7608269e-15  6.6769722e-16
   587 : -4.9281544e-11 -4.0964943e-10  4.2722804e-10
   588 : -5.4991478e-14  3.1941058e-14  8.3001850e-15
   589 :  1.9786860e-02  5.3202980e-02  2.3277906e-02
   590 : -2.1687432e-03 -3.6420689e-03  2.2645581e-02
   591 : -5.4630750e-22  7.9298331e-22  3.1756333e-22
   592 :  3.7605565e-13  9.3308553e-14 -5.7144663e-13
   593 :  2.3329736e-08 -8.1692148e-09  8.1314270e-09
   594 :  3.0514787e-10 -1.2189733e-09  4.8471608e-10
   595 :  2.0296263e-04 -6.4552812e-05  7.1824593e-06
   596 :  4.3928867e-05  6.0619148e-04 -8.7219417e-05
   597 :  1.1477020e-07  6.4547551e-08 -2.1522354e-07
   598 : -5.5323137e-10 -1.5679214e-09  9.5996749e-10
   599 : -1.0130929e-02 -8.8027585e-02 -9.5838681e-02
   600 :  2.2278753e-05 -2.5408732e-05 -5.1853174e-06
   601 : -1.6746696e-02 -4.6396370e-02 -4.3465218e-02
   602 :  2.8234059e-15  8.4235769e-15 -4.1139512e-15
   603 :  3.3265410e-18  6.2270175e-18 -1.2670272e-17
   604 :  2.0186186e-11 -1.4031667e-11  1.1016741e-11
   605 : -1.5442858e-08  2.6250861e-08  1.4528149e-08
   606 : -1.6197752e-02  1.8101403e-02  2.9796504e-04
   607 : -3.4012349e-06  9.4770883e-06  6.3404093e-06
   608 : -1.2829815e-14  2.7890641e-14  1.1952643e-15
   609 :  8.2554606e-12 -2.8154109e-11  1.2862000e-11
   610 :  1.4057958e-17  3.0430766e-17 -8.2397603e-17
   611 : -1.2076086e-02 -1.2647830e-02 -2.7312041e-02
   612 : -4.8512287e-06  1.0361090e-05  7.2063389e-06
   613 :  7.2118964e-08  1.2701530e-07 -2.1140060e-07
   614 : -3.2805840e-02  7.1896416e-02  1.1477285e-01
   615 :  4.8205822e-07 -3.5010153e-07 -1.2224925e-06
   616 : -6.4081929e-19  7.4845791e-19  5.9174573e-19
   617 : -2.9049028e-07 -2.3061526e-07  1.3520141e-07
   618 :  6.2667456e-11 -7.0225702e-11  2.2019172e-11
   619 : -1.3224825e-14  1.3374132e-14  1.3650621e-14
   620 : -4.3745617e-09  4.0588924e-09 -9.6709911e-09
   621 : -3.9238639e-06  4.0026435e-06  5.9922203e-06
   622 :  2.3850278e-02  6.4677990e-03 -4.1878828e-02
   623 : -3.9370904e-03  3.0476549e-04 -1.3673451e-03
   624 :  3.1585733e-06  4.5229794e-06 -3.4299764e-07
   625 :  7.4700031e-07  6.8569781e-08 -4.1270995e-07
   626 : -1.8635479e-23  6.9938545e-23 -2.5765139e-23
   627 : -1.3862052e-16  5.5700137e-16 -2.7235480e-16
   628 : -8.5319522e-11  1.9619581e-10 -2.8479560e-11
   629 : -4.4981644e-03  2.9973843e-03  5.0540638e-03
   630 : -1.5666875e-02  4.9217878e-02  1.2507372e-02
   631 :  3.4233475e-08 -1.3262682e-07  3.3911335e-08
   632 : -1.1549220e-18  2.3391515e-18  4.0636406e-19
   633 : -4.5446929e-03 -2.6742274e-03  2.5979740e-04
   634 : -8.3324914e-06 -5.4061949e-06  2.7175122e-05
   635 :  3.3961005e-02 -1.5906984e-03 -2.1066262e-03
   636 :  8.2606222e-03  6.9523299e-03  2.5897565e-03
   637 :  8.6467892e-03  5.1265391e-02  2.9313014e-02
   638 : -1.4483827e-02 -4.5690337e-02 -4.2284127e-02
   639 :  3.7196958e-02  3.5559386e-02  2.3072209e-03
   640 :  1.1893400e-02 -4.6858276e-02  5.5202377e-04
   641 :  2.8912222e-14 -5.9894347e-14 -1.4935675e-15
   642 :  1.4499525e-03 -1.0231396e-03 -2.6270733e-03
   643 :  3.7383707e-02  1.0655619e-02  6.3915892e-03
   644 : -2.0246659e-02 -1.1644493e-02  4.4398639e-02
   645 : -5.7832785e-05  8.1997020e-05 -5.0869195e-05
   646 : -1.0428855e-06 -2.5519521e-06  6.2062401e-06
   647 : -2.9425853e-02 -3.2109918e-02  4.4695877e-02
   648 : -4.5756605e-06 -4.6478918e-05  6.3890126e-06
   649 :  4.4701256e-02  1.6487791e-02  3.9518781e-02
   650 :  1.5292268e-06  8.2507823e-08 -1.8297136e-06
   651 : -3.2289296e-02 -1.1744326e-02 -5.5399010e-02
   652 :  1.1517131e-05 -4.5758207e-06  3.3321497e-06
   653 :  6.0034402e-02  1.2688589e-03 -8.3879770e-02
   654 : -2.6418962e-12  2.3304266e-12 -1.6335940e-11
   655 :  5.4925350e-06 -1.6425015e-08  5.3696045e-07
   656 : -5.8198719e-02 -6.6420054e-02 -3.5446476e-03
   657 :  5.8768245e-02  1.4741734e-02  6.6156943e-02
   658 : -5.0712357e-05  1.0281718e-05 -4.7986440e-05
   659 :  4.1340540e-04 -2.4077913e-04  1.3537146e-04
   660 : -6.7228735e-03  2.5283510e-02 -4.8738665e-02
   661 : -3.9246671e-02 -2.5137977e-03 -4.7462468e-02
   662 :  3.7309367e-10  1.3287442e-10 -6.4944781e-10
   663 :  3.5198748e-02  3.5334949e-02  2.8710246e-02
   664 : -2.7953741e-02  8.7956670e-03 -1.6685506e-02
   665 : -2.2143974e-02  4.0354791e-02  2.2225694e-02
   666 :  2.4332026e-19 -2.7863629e-19 -2.9731742e-19
   667 :  3.3979956e-12 -1.5431189e-12 -5.5903212e-13
   668 :  4.5198178e-03  1.5443531e-03  8.3610983e-03
   669 : -3.5922225e-23  2.3933748e-23  5.9426045e-23
   670 :  3.9652156e-02  2.6184898e-02 -6.2699576e-03
   671 :  2.5965235e-02 -9.9527300e-03  1.8298808e-02
   672 : -7.8064151e-03  6.5070293e-03 -1.9538345e-03
   673 : -5.7451909e-09 -5.7544294e-09  1.7879618e-08
   674 :  4.4945379e-07 -2.6689750e-07 -8.1944127e-07
   675 :  6.3258794e-08  6.2173807e-09 -7.1255310e-08
   676 : -1.3050780e-04  3.1675198e-04 -2.2794142e-04
   677 : -6.7662260e-07  1.6186341e-06 -8.5254810e-07
   678 :  6.5748230e-03  6.6517348e-03  1.8260759e-03
   679 :  6.1200493e-04 -3.0404910e-03  1.3418556e-04
   680 :  5.9737766e-04  1.0256730e-04 -1.0858344e-03
   681 :  3.7737890e-13 -4.6032745e-13  7.0411370e-13
   682 :  9.7186645e-14 -3.8053258e-13 -5.1887102e-13
   683 :  1.0971682e-11 -1.5008560e-11 -1.6246824e-12
   684 : -1.4101277e-15  2.1648785e-15 -3.7296577e-15
   685 : -9.4993469e-05  2.3438341e-04  9.1585468e-05
   686 : -2.5606388e-08 -8.7101666e-08  6.3285348e-08
   687 : -1.5202306e-14 -2.1782740e-14  6.9275649e-14
   688 : -3.2092391e-09  1.3532222e-08 -2.8293703e-08
   689 : -4.3147768e-02 -4.1459853e-02  7.8948338e-03
   690 : -2.6335214e-05 -5.9723595e-06  1.1602076e-05
   691 :  2.1793677e-04 -6.1460709e-05  1.5466152e-04
   692 : -1.8863059e-05 -2.3273062e-06 -1.2044929e-05
   693 : -8.5600410e-23  1.4485300e-22  7.4064987e-23
   694 :  2.7784006e-16 -7.5411012e-16 -1.0310991e-16
   695 :  6.0981577e-03 -1.0358924e-02  1.4303660e-03
   696 : -3.5354715e-03  4.8201710e-03  3.3743904e-03
   697 :  3.0046852e-05 -1.7434043e-05 -3.9138748e-05
   698 : -9.4999354e-03 -2.7435027e-02 -1.1139048e-02
   699 : -4.3580309e-10  7.5898062e-10 -2.5670681e-09
   700 :  1.0939533e-20  1.3352532e-20 -3.8687834e-20
   701 : -3.5076066e-19  9.3604352e-19 -2.8513202e-19
   702 :  4.8740043e-12 -1.3822820e-11  4.5682740e-13
   703 :  7.1783993e-02  6.8430100e-02  6.2439842e-02
   704 :  6.4638947e-06 -7.6333660e-07  1.7455904e-06
   705 : -1.0724212e-15  1.0957004e-14 -6.6454876e-15
   706 : -8.2418806e-02  1.1262184e-01  1.2056419e-01
   707 : -1.0025408e-02 -6.2988240e-03 -2.9135272e-03
   708 : -1.4370017e-03  4.9121186e-05  1.0022154e-03
   709 : -2.7802109e-07  1.2538054e-07 -6.7833474e-07
   710 : -1.5493208e-09  3.2244709e-10  1.1156611e-09
   711 :  3.3986260e-06 -6.3676718e-07 -5.7664583e-07
   712 :  3.8829638e-02  4.2580327e-02  4.0114409e-02
   713 :  8.1306352e-06  9.8694542e-06 -1.8910009e-05
   714 :  5.6052909e-02  4.0190929e-02  4.8123726e-02
   715 :  5.3847370e-05 -2.8575388e-05 -5.6107690e-05
   716 : -8.3985339e-17  3.5720362e-16 -3.9848228e-16
   717 : -3.1173995e-03 -3.7042035e-03 -3.8805179e-03
   718 : -1.7736996e-05  5.8414935e-06  3.1081182e-06
   719 : -3.2132405e-03  2.3372419e-03 -4.2785558e-03
   720 : -1.1262083e-02 -4.3769119e-02  1.1733167e-02
   721 : -8.0780087e-02  3.8251176e-02 -6.1037746e-03
   722 :  4.8490266e-14 -1.3891055e-13  8.9156877e-14
   723 :  8.4130519e-16  1.7547195e-12 -1.4268803e-12
   724 : -5.5239068e-13  5.4391308e-13 -1.7474409e-13
   725 :  4.8307692e-02  3.8129291e-02  2.2642818e-02
   726 :  1.2917007e-08  1.7583023e-08 -1.1244423e-08
   727 :  3.6044385e-02  4.9044990e-02  1.9974157e-02
   728 : -4.0598225e-03 -2.3515964e-03 -2.1257321e-03
   729 :  1.5837565e-04  3.1188457e-04  5.0831652e-04
   730 : -1.8026213e-05  1.0091171e-05 -1.1722600e-05
   731 :  3.1394195e-13 -7.2652265e-13  2.0382394e-13
   732 :  2.2337838e-10  3.1607516e-11 -1.0657303e-10
   733 : -4.0295305e-05 -4.6360306e-05 -1.0794845e-05
   734 : -1.6271677e-01 -1.1201706e+00  1.1069731e+00
   735 : -1.9146871e-05 -1.0732564e-04  2.3272638e-05
   736 : -1.2319458e-02 -3.2055315e-02 -4.6824731e-02
   737 :  6.2667094e-08  6.9934300e-08 -2.2385433e-07
   738 :  7.3981750e-03  2.0446103e-03  6.6224519e-03
   739 : -2.1966466e-02 -3.0485337e-02 -3.8389235e-02
   740 : -6.4210925e-05  1.2879918e-04 -6.5280688e-05
   741 : -1.7722005e-02 -3.2757433e-02  4.8965041e-03
   742 : -1.0061414e-06  4.5817941e-06  2.1644569e-06
   743 : -5.3453044e-05 -6.4190409e-05  4.3273095e-04
   744 :  5.7862960e-03  5.5196022e-02  7.5195969e-02
   745 :  8.9774547e-14 -1.2433201e-13 -3.4009875e-14
   746 :  3.4664795e-11 -6.5626963e-12 -9.0312404e-11
   747 :  1.3842301e-08  9.3502742e-08 -8.2531655e-08
   748 : -2.8341518e-05 -2.2450215e-05  3.7756980e-05
   749 : -4.4883571e-03  1.2780117e-02 -2.4814392e-04
   750 : -5.3016586e-15 -1.0773576e-14  1.9059803e-14
   751 :  2.9431025e-02  2.4247355e-02  4.4718725e-02
   752 : -4.4776316e-06  4.7958321e-06  1.0221624e-05
   753 : -5.5904219e-03  1.1114557e-02 -4.2332066e-03
   754 : -1.5779165e-11 -1.3677150e-11  5.2074900e-11
   755 :  6.7825533e-02  6.5411436e-02  2.7416658e-02
   756 :  2.5309487e-07 -4.1518759e-07 -4.7100312e-07
   757 : -5.6633932e-23 -1.3282908e-23  3.8423553e-23
   758 : -1.1699219e-01 -1.0850479e-01 -9.0755470e-02
   759 : -1.1419516e-05  1.4838749e-05 -2.2264344e-05
   760 : -2.6569646e-09  6.4742851e-09 -3.6979877e-09
   761 : -1.8290525e-05 -5.8026634e-05  1.1733841e-05
   762 : -1.3150905e-01 -6.2583320e-02 -1.9309031e-01
   763 :  1.9204867e-17 -6.4269639e-17  2.0310304e-17
   764 :  2.2173193e-18  3.9829506e-18 -2.6529950e-18
   765 :  4.7955732e-02  3.1477141e-02  4.6401712e-02
   766 :  3.3436710e-07 -9.3510963e-07  9.5964839e-08
   767 : -1.0883960e-01 -3.8350464e-01  7.3531341e-02
   768 : -3.3859903e-15  1.7241363e-14 -3.3767394e-14
   769 :  6.3401071e-02  5.6205204e-02  5.1741748e-02
   770 :  3.1387401e-05 -5.9327101e-05 -9.0616442e-05
   771 :  3.8033492e-03  9.1705209e-03  7.6365544e-03
   772 :  1.6717806e-02  3.2223678e-02  3.9752008e-03
   773 : -1.4167178e-07 -1.3809225e-06  1.1609447e-06
   774 :  1.9517264e-02  4.7777070e-02  2.6784513e-02
   775 :  8.3371265e-03 -3.6783116e-01  4.3019564e-01
   776 : -2.3690857e-07  4.0290546e-06  5.8319071e-07
   777 : -2.4762239e-05 -4.2218249e-05 -5.7072639e-05
   778 : -7.2962146e-05  4.4077099e-04 -6.2753871e-05
   779 : -7.6020253e-12  1.7685543e-11 -4.4588488e-12
   780 : -1.3400745e-01  1.4236093e-02 -2.3581694e-02
   781 :  4.3678503e-14 -3.0782990e-14  2.5778844e-14
   782 : -7.5673313e-24 -1.5018507e-24  1.1802584e-23
   783 : -1.2271616e-04 -5.7397519e-05  2.0864115e-04
   784 :  5.2400344e-06 -2.5772598e-05  1.5025610e-05
   785 : -1.0107205e-13  2.3111492e-13 -4.0543423e-14
   786 :  4.1927628e-02  7.5729677e-02 -1.0582548e-02
   787 :  1.0216867e-02  1.6603051e-03  2.9853236e-02
   788 : -1.4202232e-14  4.4995311e-14 -1.3527166e-15
   789 :  2.3835335e-13  6.3294798e-14 -9.0210963e-13
   790 :  2.0635621e-04  6.4700184e-04  4.4932805e-04
   791 : -5.0917664e-03 -1.0826885e-03  1.1000915e-03
   792 :  9.5338913e-04  3.3199797e-02  2.6521103e-02
   793 :  2.4001809e-02  3.6595081e-02  3.1191393e-02
   794 : -1.2199984e-04  3.5818628e-04  5.2439504e-04
   795 : -8.7953472e-03 -1.1866443e-03  2.4669291e-02
   796 :  3.5527874e-02  1.8617104e-02  3.6162453e-02
   797 :  3.3884889e-15  2.0167114e-14 -4.8335571e-14
   798 : -2.6887431e-03 -5.2206232e-03  1.0921070e-03
   799 :  1.0080988e-07 -2.7080394e-07 -2.5934180e-07
   800 :  5.5746883e-02  4.6800830e-02  5.6035034e-02
   801 :  1.5149062e-13 -1.4385838e-12  1.2610840e-12
   802 : -1.3073635e-05 -4.3929404e-05 -9.8868736e-05
   803 : -1.7794814e-09 -8.0887117e-10  1.8851793e-10
   804 :  4.7282377e-02  4.5617477e-02  5.4942695e-02
   805 :  5.2219204e-06 -6.1277656e-05 -5.0480623e-06
   806 :  3.1083047e-12 -5.4225696e-12 -2.9717274e-13
   807 : -9.4574010e-15 -4.4726629e-14  1.6284173e-14
   808 :  2.9610982e-02  5.8247759e-02  4.9402969e-02
   809 : -3.0760281e-08  5.9747493e-08  9.5751123e-09
   810 :  2.6834425e-14 -1.3518807e-13  4.0414620e-13
   811 :  3.6148881e-23  1.1118798e-23 -6.6057505e-23
   812 : -2.4342018e-07 -1.0154221e-06  4.0759740e-06
   813 :  1.0522146e-05 -5.2743897e-05  1.1588483e-05
   814 : -2.9546831e-22 -2.8389354e-23  3.5284521e-22
   815 : -4.0381362e-25  1.3496505e-24 -2.0720662e-24
   816 : -9.2887879e-20  2.1776458e-20  3.4788748e-20
   817 : -1.1200906e-21 -7.8950159e-21  1.0578978e-20
   818 : -1.1484079e-24  2.6031107e-22 -2.0501772e-22
   819 : -1.2932393e-06 -4.0199388e-09  1.4800516e-06
   820 :  3.9951227e-23 -1.0377042e-22  2.1198291e-23
   821 :  4.5898700e-02  8.6631710e-02 -1.4632988e-02
   822 : -1.6760635e-05  6.1196051e-04 -5.2722254e-04
   823 :  1.4702062e-11  1.4054121e-10  7.9982407e-11
   824 :  1.9241598e-09 -2.9881553e-09 -1.1674135e-09
   825 :  1.7015467e-16  5.1439924e-17 -4.1099497e-16
   826 :  3.0843703e-03  5.7429023e-03  1.3901364e-02
   827 :  1.4949255e-12 -6.6418929e-12  2.6533639e-12
   828 :  4.5692799e-08 -1.3366234e-07  3.8548611e-08
   829 :  3.0868434e-06 -3.8864568e-04  1.1257707e-04
   830 : -7.3194876e-02  3.8374780e-02 -1.3206541e-01
   831 : -5.5326859e-04 -4.4581292e-01  3.1161081e-01
   832 :  6.3678628e-06 -8.1394334e-06 -3.3043643e-06
   833 : -1.5313682e-02  1.2123786e-01 -2.6050352e-01
   834 : -9.3737885e-21  8.8503726e-21 -9.4273858e-21
   835 : -6.1882531e-25 -2.1456915e-24  3.8104925e-24
   836 : -3.4874786e-05 -9.8482539e-06  1.8412889e-05
   837 :  6.3919968e-13 -8.4532137e-13  7.6037891e-13
   838 : -3.2366013e-03 -1.7406939e-03 -3.9941106e-03
   839 : -6.8728547e-09 -4.6516897e-10  1.4856676e-08
   840 :  5.5206631e-12 -2.1326651e-13 -6.7726155e-12
   841 :  1.2782338e-10 -3.6258209e-11 -6.1660096e-11
   842 :  4.8140703e-07 -2.7617140e-07 -2.7186800e-07
   843 : -3.1303060e-12  5.3945675e-11 -5.8763235e-11
   844 :  2.4673112e-07 -6.3074687e-07  2.8371395e-06
   845 : -2.1524419e-16  2.0800918e-16 -3.9116727e-16
   846 : -3.2515074e-05  4.3371503e-04 -6.0729090e-05
   847 :  2.2755910e-07 -9.8602118e-10 -2.3163561e-07
   848 :  6.4762258e-26 -5.6824636e-25  2.4973707e-25
   849 :  4.6082607e-10  1.3820399e-09 -3.5122646e-09
   850 :  1.0601686e-08 -4.9196262e-08  1.0130942e-07
   851 :  1.7109760e-09 -1.6332017e-09 -2.6415809e-09
   852 :  5.5876055e-18 -1.8229909e-17  8.0266518e-18
   853 : -3.0725618e-03 -4.9080696e-03  5.8502392e-03
   854 : -4.6177150e-27 -3.5971238e-26  3.7044398e-26
   855 :  4.4183463e-02 -1.1963957e-03  9.2110880e-03
   856 : -1.2418464e-03  8.8661726e-04  1.6595791e-05
   857 :  4.4939152e-02  9.9451703e-03  4.5831105e-02
   858 : -1.2144889e-03  7.7330400e-04  7.4960687e-04
   859 :  3.9787955e-18 -2.8252767e-17  3.2994117e-17
   860 :  3.5055922e-04  4.7294258e-04 -3.0994577e-04
   861 : -4.7054886e-05 -6.1132156e-06 -4.4690853e-05
   862 : -5.8545176e-05  1.6210295e-05 -4.3572087e-07
   863 : -6.8954470e-03  2.2730858e-02  2.8152932e-02
   864 :  3.6941200e-02  3.0624870e-02  4.9514428e-02
   865 : -2.1762706e-02  4.8759860e-01 -3.5653370e-01
   866 :  1.4637275e-01  5.9605709e-02  3.5866455e-02
   867 :  1.2124620e-02 -6.5912552e-03  2.4079327e-02
   868 : -1.7917027e-06  1.0385263e-06  6.4891892e-06
   869 :  1.3230854e-06 -7.5393090e-07 -9.6805499e-07
   870 : -5.3662478e-07 -6.2313555e-07  2.8517772e-07
   871 :  7.5994180e-03  5.5246827e-03  4.7061415e-02
   872 :  3.9403733e-02  1.7141192e-02  7.1207880e-03
   873 : -4.7241558e-03  1.9825976e-02  3.8157511e-02
   874 :  4.1011599e-02  3.4215616e-02 -1.0124065e-02
   875 :  3.5428662e-10 -6.7830521e-11 -1.3426460e-10
   876 : -6.1416266e-10  5.6244533e-10  1.1433522e-09
   877 : -3.3349151e-22  3.9281030e-22 -4.3437432e-22
   878 : -1.0508105e-19  2.6568293e-19 -6.5130650e-20
   879 :  4.5193519e-12  1.3737088e-11 -3.4315606e-11
   880 : -2.6705613e-10 -1.0545229e-10  1.9028760e-10
   881 : -6.2038602e-22  1.7077490e-22  2.7795093e-22
   882 :  1.2523214e-20 -8.4318993e-21 -1.7385826e-20
   883 : -8.0357052e-12  4.3412812e-12 -1.1968123e-12
   884 : -1.9731936e-12  9.4183935e-11 -4.1700717e-11
   885 : -1.7450915e-04  8.9170597e-05  2.3308483e-04
   886 :  9.8192625e-05 -1.3913629e-05 -5.7088483e-05
   887 :  6.2692305e-04  4.0966351e-04 -2.3390992e-04
   888 : -9.0302194e-04 -1.8677661e-03  1.1273398e-03
   889 : -4.2854463e-02 -5.9991854e-02 -2.0960042e-02
   890 : -1.6845151e-02 -9.3221650e-03 -4.2737927e-02
   891 : -1.2228607e-10  2.4771010e-11  5.2672262e-11
   892 :  3.5570776e-09 -6.3778876e-09 -1.0573403e-09
   893 :  1.5859943e-04 -3.8733530e-05 -7.8868797e-05
   894 : -2.1231994e-04  3.2982464e-04  4.6311601e-04
   895 : -1.7273803e-02 -2.3121048e-02 -3.8062924e-02
   896 : -1.0219728e-02  5.5592211e-04 -6.7819718e-02
   897 :  7.4935670e-12 -1.9474998e-12 -1.1809107e-12
   898 :  1.6005601e-12 -3.4178163e-12  1.1630009e-11
   899 :  2.0937757e-02 -1.8509817e-03 -1.6791721e-02
   900 : -1.8261749e-02  9.8956749e-03  2.2317256e-02
   901 : -1.8164747e-05  1.3144168e-05 -1.3352682e-05
   902 : -1.5839535e-05  2.1979348e-04 -8.9334312e-05
   903 : -2.2537263e-03  9.4765018e-03 -6.9738243e-03
   904 : -4.2310813e-03 -4.0496778e-04 -5.4358763e-03
   905 :  3.9804604e-02  4.9403546e-02  3.1020711e-02
   906 :  4.4741352e-02  1.1434037e-02  2.6954215e-02
   907 :  4.4514925e-02  3.0376616e-02  4.2862193e-02
   908 : -1.0100141e-03  1.1722141e-03 -8.8824444e-04
   909 : -1.7232592e-03  8.8356242e-03 -3.1030732e-03
   910 :  9.6721272e-03  3.6615355e-02  2.8323920e-02
   911 :  2.0225352e-02 -3.9864736e-03  8.9011534e-03
