Number of elements 912
     0 :  4.9186329e-14 -4.6502844e-14  1.4575016e-13
     1 : -2.2061883e-07  3.3692808e-07  4.8511703e-08
     2 :  4.0172587e-02 -9.4838813e-02 -4.6452078e-03
     3 :  2.8770933e-09  2.0844684e-09 -7.4865403e-09
     4 : -1.1606218e-01 -6.8730036e-02 -9.0374684e-02
     5 : -2.2719538e-02  9.6073434e-03 -9.1158627e-03
     6 : -5.9638648e-21  2.1037133e-21  1.2207212e-20
     7 :  4.8307146e-07  1.5968857e-06 -1.5646051e-06
     8 : -4.0187488e-06 -1.0107027e-05  7.2410472e-06
     9 :  1.1545352e-19  4.0840505e-19 -6.2888392e-19
    10 :  4.6346982e-06 -2.6945681e-05  1.8226609e-05
    11 :  6.3426293e-21 -1.1076341e-20 -6.2545825e-21
    12 : -7.3458984e-04 -8.2309380e-01  7.1304735e-01
    13 :  3.8635366e-04 -2.8474942e-04  4.4160563e-04
    14 :  2.9221552e-10  7.0324189e-10 -4.9035859e-10
    15 : -8.7280162e-05  3.8402924e-04  2.8672934e-04
    16 :  9.0206321e-23  1.1648452e-21 -1.0757383e-21
    17 :  4.4978771e-16  4.0652205e-15 -6.7622441e-15
    18 : -1.5239721e-05  4.7520659e-05 -1.2893473e-05
    19 :  7.7117883e-26 -1.7926073e-26  3.4614173e-26
    20 :  1.7139380e-15 -9.6367861e-15  6.8730344e-15
    21 :  2.1156179e-04 -2.3066621e-03 -5.5060376e-03
    22 :  5.5166274e-04  7.0597293e-04 -8.9264573e-05
    23 : -1.8569058e-24  9.4307459e-27 -1.3342919e-23
    24 : -5.3062602e-07  2.4232066e-06 -4.6990447e-08
    25 :  2.6950612e-25 -3.4984564e-25  1.5919978e-25
    26 : -2.9675821e-07  2.8752870e-06 -1.3053922e-06
    27 :  1.6935430e-04  8.6060486e-04 -5.5768984e-04
    28 :  3.0886243e-04 -2.5556037e-04  1.9035211e-04
    29 :  1.3067739e-07  1.3026211e-07 -5.5255340e-07
    30 : -2.7509940e-06  2.3200452e-05 -1.6942386e-05
    31 : -4.7919761e-10 -3.7784961e-09  3.6818658e-09
    32 : -1.0066819e-19 -7.8324006e-20  2.8386427e-19
    33 : -1.5777651e-03  5.1258382e-05 -1.6359731e-03
    34 : -2.3500006e-28 -4.6961244e-26  4.2462574e-26
    35 : -2.8010791e-09 -3.5069899e-09  1.5961400e-08
    36 : -3.9758297e-02 -5.8607251e-02 -9.1937050e-02
    37 :  7.8177569e-03  2.1745346e-02 -1.2460856e-02
    38 :  2.6086170e-04 -4.8486816e-03  1.6383937e-03
    39 :  2.0454244e-07 -3.2229353e-07 -3.6303456e-07
    40 :  1.1029573e-07 -2.4891456e-07  2.1888158e-07
    41 : -1.7988611e-04  9.7102157e-04  5.7047767e-05
    42 :  5.5774791e-25 -1.0918552e-24  7.9701176e-26
    43 : -2.3913454e-14  5.7097313e-14  1.8079181e-14
    44 : -6.4883388e-03 -9.0737857e-03  1.3216324e-02
    45 :  1.5624377e-10 -3.5071060e-11 -9.1607535e-11
    46 :  9.1288172e-11 -6.4648455e-11  5.3326049e-11
    47 :  3.7369251e-19 -3.9047559e-19  6.1893363e-19
    48 : -5.3769398e-22 -1.5206369e-21  5.1986704e-22
    49 : -1.5219493e-05  6.8621925e-05 -5.2202771e-05
    50 : -2.8978656e-03 -4.0872588e-04 -1.5262881e-03
    51 :  1.0814321e-02  1.5666631e-02 -3.6803268e-03
    52 : -4.3122190e-05  8.4613635e-05 -1.1990214e-05
    53 : -4.5563467e-20  1.4124574e-20  1.7492094e-20
    54 : -1.2583365e-03 -1.6098151e-04 -1.0050778e-03
    55 : -1.9125397e-04 -1.4228565e-04 -1.1817229e-03
    56 : -4.7761209e-02 -3.9293922e-02 -2.2131177e-02
    57 : -1.1850719e-04 -2.1687099e-04  7.3344397e-04
    58 :  2.0641848e-01 -4.2140492e-01  5.3603493e-01
    59 : -1.7109499e-05 -3.9456837e-05  2.0859754e-05
    60 :  1.9617216e-03 -3.3928368e-04 -5.6653881e-03
    61 :  3.0547982e-02  8.7391554e-02 -2.3677760e-02
    62 :  2.3058191e-06 -4.9662474e-08 -1.3633753e-06
    63 :  1.1670041e-02  4.6149917e-03 -7.5367199e-03
    64 : -3.4067949e-06  4.9687794e-06  2.7196302e-06
    65 :  4.3166964e-08 -3.5004948e-08  4.4014278e-08
    66 : -4.2311100e-09  3.1663196e-08 -1.1076013e-08
    67 :  1.0390112e-20 -6.9708892e-21 -1.9280341e-20
    68 :  1.8043198e-21 -5.0742850e-21  7.4761486e-22
    69 :  1.2459231e-20 -1.1981055e-20 -1.7181146e-20
    70 :  4.7112106e-11 -2.4584952e-11 -8.8706764e-11
    71 : -1.2917761e-02  3.6414185e-02  4.0404539e-02
    72 : -2.0690746e-23  6.8328847e-23 -2.2251697e-23
    73 : -2.1001393e-02  4.5672254e-02  4.9146098e-02
    74 :  5.9232253e-16  6.9750938e-16 -5.1143608e-16
    75 :  2.9158101e-16  4.5600896e-16 -3.7438881e-16
    76 : -2.8709259e-23 -1.2004380e-22  4.6126776e-23
    77 : -1.0883836e-16  2.9664278e-16 -9.6513397e-18
    78 :  9.0270782e-20 -4.6701706e-19  7.5711962e-20
    79 :  1.2604302e-13 -1.0118222e-13  1.3519069e-13
    80 : -2.5213141e-31 -2.0643156e-30  9.6150558e-31
    81 : -9.7501441e-20  5.2497190e-19 -1.9519038e-19
    82 : -8.7498611e-02  6.3177206e-01 -8.2361441e-01
    83 : -3.8796918e-26  4.9438728e-26  4.8022903e-26
    84 :  5.3949561e-25 -1.3826013e-24  3.3140307e-25
    85 : -4.9649906e-02 -7.0057416e-01  4.7596680e-01
    86 : -4.6186037e-15 -1.4446919e-15  7.4508084e-15
    87 : -4.4694175e-14  8.4894085e-14  2.9109919e-14
    88 :  2.4729550e-08  2.4166600e-08 -2.2830335e-08
    89 :  7.3039073e-02  2.8749492e-02  1.1746811e-02
    90 :  4.5480583e-23  1.0975030e-22 -7.3732426e-23
    91 : -8.1906534e-02 -4.5593092e-02 -7.0776072e-02
    92 :  1.6552198e-10 -2.0592229e-10  7.1362738e-11
    93 :  2.0015742e-29 -1.2084274e-30 -1.2570069e-29
    94 : -4.1148741e-13  1.3427585e-14  2.6519194e-13
    95 : -5.8342117e-21  2.1442942e-21  1.0940129e-21
    96 :  1.0405268e-09 -2.2641058e-09 -1.1683374e-09
    97 : -2.7529788e-10  6.7258785e-10 -9.6427406e-11
    98 :  3.4401524e-02 -5.4218221e-02 -6.7101461e-02
    99 : -2.1488888e-19 -2.7956911e-20  9.8880584e-20
   100 : -1.5574162e-21 -3.9750691e-20  3.5021376e-20
   101 :  1.7129405e-08  1.7754720e-08 -6.4308087e-09
   102 :  9.7635716e-06  1.0379469e-04 -6.3715124e-05
   103 : -3.8935131e-27  6.2843301e-27  2.5075910e-27
   104 : -1.7573322e-11 -4.7525661e-12  5.6164530e-12
   105 : -3.9599649e-05  1.1552528e-05  1.1764785e-05
   106 : -2.5994145e-08 -2.8624570e-08 -1.3985691e-07
   107 : -4.0317985e-07  1.7455345e-06 -5.4185172e-07
   108 : -7.9247054e-07  4.8654746e-07  2.0072775e-06
   109 : -2.1388427e-04 -6.8017871e-05  1.5831879e-04
   110 : -1.4300878e-02  4.0851084e-02 -4.4418729e-03
   111 :  1.7121904e-06 -7.4180028e-07 -7.4503974e-07
   112 :  2.8210082e-18  5.2788281e-18 -1.0356685e-17
   113 : -1.5812480e-03  1.4098677e-02  2.1680188e-02
   114 :  3.7777166e-10 -2.2246728e-10 -5.8363159e-11
   115 :  1.4552034e-04  5.7537044e-04 -3.0271011e-04
   116 :  2.1396062e-02  9.6300806e-03 -5.4627907e-03
   117 : -7.6657911e-02 -4.3206283e-02 -4.5298882e-02
   118 : -8.6117095e-02 -1.4433392e-01 -6.9198017e-02
   119 :  1.7630096e-21  7.8517752e-22 -3.4310564e-21
   120 : -2.0611578e-10 -2.9129258e-11  2.8885941e-10
   121 : -5.9169725e-17  1.2381869e-16  3.7810087e-17
   122 :  1.4593783e-04 -1.0749618e-04  1.3435967e-04
   123 : -9.9948980e-27  3.7477673e-27  1.4127127e-26
   124 : -4.6819903e-20  1.0944733e-19 -2.6254998e-20
   125 : -1.2568900e-30  3.8232472e-30 -1.3252276e-30
   126 : -6.2658560e-16 -9.3289372e-15  1.3386219e-14
   127 : -2.9915791e-16  3.5335806e-16  4.7313501e-16
   128 : -1.6359740e-04  3.4581164e-04  7.3709771e-05
   129 :  4.9922383e-13  5.3804239e-13 -2.1033323e-12
   130 :  3.1996961e-02 -2.5170535e-02 -1.8675786e-02
   131 : -5.1799229e-03  1.7941719e-03 -5.2620795e-04
   132 :  3.5351935e-04 -7.7210329e-04  4.1620724e-04
   133 :  2.6866610e-02  7.7684347e-02  5.2708701e-03
   134 :  4.3166220e-04 -1.7348406e-04 -8.5444947e-05
   135 :  7.7632774e-06  1.0890287e-06 -7.3670275e-06
   136 : -1.5530297e-07 -4.5763253e-08  7.1188318e-08
   137 :  3.7141140e-05 -3.8551754e-05 -6.6833885e-05
   138 :  1.5397620e-06 -5.5446295e-07  1.8145488e-06
   139 : -8.7786574e-07  3.4210103e-06 -1.2822065e-06
   140 : -7.2478140e-19 -1.0175238e-17  3.9096913e-18
   141 : -1.7428932e-17  6.3988525e-17 -2.1433519e-17
   142 :  7.4347640e-07 -2.4009614e-06  4.9504461e-06
   143 :  3.6605724e-22 -2.1425617e-21  1.6733460e-21
   144 : -1.3695744e-07 -2.5494942e-07  1.8871990e-07
   145 : -9.1339729e-10 -7.5734875e-10  1.1560505e-09
   146 : -7.5700585e-12 -1.0395801e-12  1.5782275e-11
   147 : -1.1995652e-21  6.3922994e-23  4.0789197e-22
   148 : -2.8095626e-12 -1.2266936e-13  6.2014108e-12
   149 : -9.7240482e-02 -4.5917300e-04 -8.7602994e-02
   150 :  3.4331961e-09 -1.4728964e-09 -1.0649691e-08
   151 :  3.7527766e-17  3.9365458e-16 -2.2503882e-16
   152 :  2.2865593e-13  1.5932083e-13 -1.3784282e-13
   153 : -1.0355380e-01 -1.1512863e-01 -1.5890332e-01
   154 :  1.6899484e-29 -1.5207916e-29 -1.7025974e-29
   155 : -1.7725426e-22  3.1385281e-22  6.1920218e-22
   156 : -2.4369881e-23  5.6805177e-23 -1.4949929e-23
   157 :  3.5596148e-10 -7.5275204e-10 -2.7369462e-11
   158 : -1.0774184e-06  8.1733578e-07 -4.1719627e-06
   159 : -6.3488993e-09  8.9196440e-09 -2.5950317e-09
   160 :  7.6182035e-29 -4.2932413e-29 -1.7725109e-29
   161 :  3.4331786e-27 -8.9441804e-27  1.5748872e-26
   162 : -2.6250345e-02 -8.7671596e-02  5.8535420e-03
   163 :  4.0223539e-04 -1.9516230e-04  4.1094313e-04
   164 :  2.4783504e-15 -3.2063073e-15 -4.2295483e-15
   165 :  1.5969045e-08 -2.6663330e-07  2.9248688e-07
   166 : -1.1179644e-22  5.2278349e-23  2.1769820e-22
   167 : -1.5616879e-06  1.5430629e-06  1.6438350e-06
   168 :  1.0647640e-03 -2.0355793e-03  5.4788772e-04
   169 : -2.2421665e-02 -1.4083610e-02  5.3803038e-02
   170 :  4.1556040e-21  8.8399358e-22 -7.3277146e-21
   171 : -9.6016964e-22 -4.9622531e-23  7.3156752e-22
   172 :  1.4728877e-03 -1.8486348e-03  4.8209908e-05
   173 : -7.8117588e-05 -3.5788311e-05  1.0576751e-04
   174 : -1.8290236e-06  2.1047337e-06  1.6346874e-06
   175 :  2.7175183e-11 -1.0435758e-11 -4.7172716e-13
   176 : -3.1405899e-19  4.5956568e-19  4.1697593e-19
   177 : -3.7857529e-07  4.9673639e-07  7.7869101e-07
   178 :  2.9184486e-02  3.3224191e-01 -2.8540916e-01
   179 : -2.5221978e-06  2.2204017e-06  5.4033740e-06
   180 :  1.8173871e-22 -3.0759468e-23 -4.1450380e-22
   181 :  6.3914229e-04  3.7640642e-04 -1.1858315e-03
   182 :  3.0079682e-13  8.6266346e-14 -4.3882489e-13
   183 : -9.8764482e-03 -5.9835707e-03  6.1920143e-03
   184 : -1.2276135e-28 -6.9457135e-28  3.7750169e-28
   185 : -6.9875586e-16  8.9784261e-16  6.6238368e-17
   186 : -1.7051251e-10  2.7402940e-11  2.2752588e-10
   187 : -3.9715704e-07  1.2201544e-06  6.6789662e-06
   188 : -1.1901189e-01 -4.8618003e-01  1.5845993e-01
   189 : -9.8847522e-06 -6.4752250e-05  5.6251131e-05
   190 : -2.4564656e-07 -2.6864013e-07  6.6269529e-08
   191 : -2.4142621e-26  2.8576326e-26  2.9394656e-26
   192 : -6.9512527e-03 -4.6637021e-03  1.9662961e-02
   193 : -1.2068314e-01 -7.7498177e-02 -3.3971449e-02
   194 :  1.9283287e-02 -1.4820775e-01  1.5058638e-01
   195 :  1.5897141e-11  8.0123797e-12 -8.5664047e-12
   196 : -2.1181228e-22  1.7912015e-22  3.5157942e-22
   197 :  4.4405038e-24 -7.7618271e-24 -8.9848332e-24
   198 : -1.1909243e-08  3.8409224e-09  2.8047894e-09
   199 :  9.1908828e-02 -1.6618376e-01  3.3656959e-02
   200 : -1.4065617e-21  1.0717962e-20 -9.8573261e-21
   201 : -1.3953069e-03  2.1592387e-03 -5.3775873e-03
   202 :  2.6609150e-10 -9.9775459e-11  3.5511557e-11
   203 : -3.7565588e-24 -2.9942007e-24  2.7295039e-24
   204 : -6.0348672e-11 -4.5475833e-11  1.9373677e-10
   205 : -1.5185615e-03 -1.8284550e-03  6.5276324e-04
   206 :  9.9866055e-24 -3.4914172e-24 -1.1206993e-24
   207 :  2.8635010e-22 -1.7883857e-22  1.4710685e-22
   208 : -9.4848438e-17 -3.4736750e-17  1.6264424e-16
   209 : -1.8039329e-01 -3.6310666e-03 -8.7405874e-02
   210 : -8.0270168e-11  1.0884909e-10  6.8636000e-11
   211 : -3.0778847e-24 -1.2137387e-24  6.2077697e-24
   212 :  1.2189251e-05 -3.3236051e-05  8.0354974e-06
   213 :  2.4032151e-22  1.2043146e-21 -1.8780659e-21
   214 : -9.4967541e-02 -9.1936933e-02 -1.2757064e-03
   215 : -3.9682710e-02  4.8482638e-02 -2.9515505e-02
   216 : -3.5712663e-07 -2.2103229e-06  6.2694572e-06
   217 :  6.1183169e-31 -1.6022255e-28  7.2273419e-29
   218 :  1.0075871e-17 -1.4853246e-17 -1.0770735e-17
   219 : -3.3929574e-04  4.0296007e-04  8.3306587e-04
   220 :  1.4094336e-15  3.8082834e-15 -9.7742925e-15
   221 : -2.4916720e-19  1.3291399e-19  4.7814567e-19
   222 :  2.7354118e-02  7.1350738e-02  2.7054514e-02
   223 :  2.4674232e-02  6.4035453e-02  1.4030076e-02
   224 :  7.0941560e-09 -3.1126709e-09 -1.1964448e-08
   225 :  7.3635280e-15 -1.4712442e-14 -5.0928365e-15
   226 :  2.5191105e-19 -1.0261911e-19 -6.4960356e-20
   227 : -3.4200473e-11  8.8535773e-12 -5.2864592e-12
   228 : -1.1850541e-08  1.2141961e-08  6.1187553e-09
   229 :  1.0853099e-12 -1.3818905e-13 -2.6954056e-13
   230 :  2.2509809e-20  2.1875813e-20 -1.4442097e-20
   231 : -6.8167076e-21  2.4309839e-20 -6.7195226e-21
   232 : -1.2316486e-29 -1.0490140e-29  5.8704571e-30
   233 : -2.5228325e-19  4.0560835e-19  1.5070673e-19
   234 : -1.2525019e-02  2.7931254e-02 -9.0102662e-03
   235 : -2.3405865e-02 -9.3975704e-03  3.3865641e-02
   236 :  3.5982249e-18 -9.3640765e-18 -9.7938003e-19
   237 : -2.4262344e-17  7.3003232e-16 -1.1646143e-15
   238 :  2.9453079e-26  1.1430095e-27 -1.5332435e-26
   239 : -1.9737327e-19  5.7617953e-20  6.0133807e-20
   240 : -2.6441749e-23  4.7449978e-23  1.9949829e-23
   241 :  3.4168800e-04  3.9606419e-04 -2.0400296e-04
   242 :  1.2936977e-04 -2.4861208e-05 -1.6133039e-05
   243 :  2.2307901e-02  7.0073503e-02  4.9004138e-02
   244 :  3.0995024e-02 -9.9007947e-03  4.8464804e-02
   245 :  4.9044745e-19  1.1699838e-18 -1.4110823e-18
   246 :  6.5895846e-05 -1.8009222e-05 -2.2932060e-05
   247 :  6.4599020e-02  1.9612561e-02  5.9930888e-02
   248 :  3.7919957e-28 -7.0917572e-28 -1.1430810e-28
   249 : -3.2988538e-14  9.5438615e-15  6.4556878e-14
   250 :  7.2937765e-06 -1.1897658e-05 -8.1051121e-05
   251 : -7.6458812e-09  1.2005694e-08  3.3827406e-09
   252 :  1.1629415e-19 -1.0456846e-19 -2.9791568e-20
   253 : -1.5679230e-24  1.7450000e-24 -2.5297850e-24
   254 : -4.1189590e-02  8.8991444e-03  5.1639083e-02
   255 : -2.6305156e-10  1.4921366e-10 -3.3581201e-11
   256 : -1.1472183e-04 -1.0169496e-04  6.8914790e-05
   257 :  1.9492385e-02 -5.9106720e-03  5.0111306e-02
   258 : -1.4353869e-11 -5.3316873e-11  1.8606659e-10
   259 : -5.6736160e-17  1.4233308e-16 -2.4024924e-16
   260 : -9.3708557e-05 -8.0227994e-05  2.1757754e-04
   261 :  3.4794668e-10  3.6913567e-10 -1.6886359e-09
   262 :  1.3722462e-18 -3.6778255e-18  3.1074277e-18
   263 :  1.0817160e-20 -1.2580329e-20 -1.4831218e-20
   264 : -1.6391611e-09  9.4037739e-10 -8.2444685e-10
   265 :  2.1118007e-04 -2.4038082e-04  5.2071030e-04
   266 :  1.7109153e-13  3.1018613e-13 -1.9340886e-13
   267 : -1.8836710e-13  1.1937662e-12 -5.1566369e-13
   268 : -4.8816530e-23 -3.8836702e-22  8.9041000e-22
   269 :  6.9196252e-02  9.7195137e-03  7.7893138e-02
   270 : -1.1386382e-11  2.4197693e-11  9.5535009e-13
   271 :  1.0257995e-03 -1.6191552e-04  7.5176148e-04
   272 : -1.1168628e-12  1.6449309e-12 -3.2351729e-12
   273 :  5.9210716e-21 -2.3956521e-21 -9.6864883e-21
   274 : -3.1555840e-05 -5.1023588e-05  9.2269482e-05
   275 : -1.8602831e-17  1.1760180e-17  3.5863190e-17
   276 : -1.3018412e-03 -3.9031369e-03 -1.3096579e-03
   277 : -4.2180307e-19  3.1805407e-19  8.0005725e-19
   278 : -1.3620655e-05 -7.2439452e-06  3.9203798e-05
   279 :  1.2953504e-09 -9.7645603e-10 -2.5683780e-10
   280 : -1.0051234e-02 -2.7847704e-02 -7.4409102e-02
   281 :  2.7424144e-09 -5.1434994e-09 -2.5220732e-09
   282 :  1.6877855e-13 -1.1022854e-13  7.7132145e-14
   283 : -7.4907887e-17  1.0957521e-16  4.9129280e-17
   284 : -1.9900180e-18  4.1122945e-20  2.3530241e-18
   285 : -4.2817451e-02  1.0738017e-03 -3.8743358e-03
   286 :  5.7388287e-05 -3.6424653e-05 -1.2208977e-04
   287 : -1.2312426e-07 -7.0747171e-07 -3.2671705e-07
   288 : -8.2170938e-02 -6.9463187e-02 -1.1158844e-01
   289 : -1.4799570e-07  1.4539031e-07 -3.9474313e-07
   290 : -2.2336025e-02  9.6122426e-03  7.1087115e-03
   291 : -6.9144630e-10  8.4719901e-10 -9.7629412e-11
   292 :  5.9005115e-02  5.2249961e-02  4.1594180e-02
   293 : -4.5529024e-17 -1.9776914e-17  1.4844552e-16
   294 :  1.5387268e-05  2.0313612e-06 -1.1080965e-05
   295 : -4.2958546e-24  3.5789060e-24 -1.7448025e-25
   296 : -1.4110975e-03 -4.1452705e-03 -5.4314456e-04
   297 :  2.2468096e-08 -6.8577396e-08  2.8831081e-08
   298 : -1.0132569e-08  1.6269997e-09  8.6814352e-10
   299 :  2.5924729e-26  4.6669021e-26 -1.1688901e-25
   300 : -2.7465018e-03  8.6457898e-05  9.7241023e-04
   301 : -1.2963348e-09 -1.9775144e-09  1.0922615e-09
   302 : -1.6841858e-05  6.0361922e-05 -3.9006871e-05
   303 :  1.1260262e-06 -1.3536461e-06  3.8580203e-07
   304 :  8.7405697e-06  8.9679374e-08 -1.9544109e-06
   305 : -7.7417000e-11  1.1656788e-10 -9.0352470e-12
   306 :  4.7324997e-02  4.8832600e-02 -5.8729157e-03
   307 :  3.9652677e-06  4.8325183e-07  5.1668191e-06
   308 : -1.1814345e-09  1.7381945e-09 -4.6604196e-09
   309 :  4.7965664e-26 -2.1546645e-24  9.9387236e-25
   310 :  4.8111975e-08 -1.3043813e-07 -1.5855287e-08
   311 :  2.3567060e-05  3.3850383e-06 -5.0107824e-05
   312 :  4.3548218e-24 -9.3312188e-23  2.2678834e-22
   313 :  9.3201672e-17 -8.7410168e-17 -4.7163759e-18
   314 :  7.2988412e-26  2.3292666e-26 -1.2243683e-25
   315 :  1.6771164e-19  9.9724793e-19 -4.2866998e-19
   316 :  6.1866560e-02  2.5682635e-02 -9.1979586e-03
   317 :  3.9786627e-26  1.6555489e-25 -2.2303262e-25
   318 : -6.4882292e-04 -1.2650925e-03 -1.9270379e-04
   319 : -3.1385984e-04  8.2245544e-04  1.4388958e-03
   320 : -1.3078550e-06  6.6646203e-02  1.3915215e-02
   321 : -1.0784480e-02  2.9464792e-02  7.7438324e-02
   322 :  5.9076976e-26 -1.3945511e-25  2.1510786e-26
   323 : -3.2149919e-27  3.7621967e-27 -2.5681736e-28
   324 :  3.1050532e-18 -9.8419657e-18  1.8459286e-18
   325 : -8.4346771e-16  1.0208734e-15 -2.0518548e-15
   326 :  8.2820594e-02 -1.0723973e-01 -3.5306118e-02
   327 :  5.3139698e-03  8.8433930e-01 -8.2883497e-01
   328 :  2.0032511e-04 -1.1232227e-04 -7.8691533e-05
   329 :  1.9306497e-18 -1.8959226e-17  8.5577585e-18
   330 : -1.3009645e-27 -5.4706027e-27  8.3022346e-27
   331 : -1.3941069e-11  8.5068704e-13  4.3412381e-11
   332 : -6.3903694e-06 -4.6334330e-06  4.6894842e-06
   333 : -3.3624761e-16  1.5445993e-16 -5.5306575e-17
   334 :  1.3211318e-03 -3.7000176e-03  4.0233588e-04
   335 :  6.9601971e-06 -1.8186454e-05  3.9710223e-07
   336 : -1.1183668e-05 -1.8659499e-05  1.7184965e-05
   337 : -6.7507612e-24  3.5732861e-23 -2.4136017e-23
   338 :  6.3843949e-05 -1.1891239e-04 -1.5089825e-05
   339 : -1.8177707e-19 -5.3229079e-18  2.2188345e-19
   340 :  3.3276756e-04 -6.1037788e-04 -2.8289264e-04
   341 : -3.1556372e-23  2.2373779e-23  4.6248578e-24
   342 : -7.8997933e-20  1.2000162e-19  6.3514562e-20
   343 :  1.2173224e-09 -9.7433654e-11 -4.0490945e-10
   344 : -1.2537638e-03 -1.9573219e-03 -4.9538650e-04
   345 :  8.0834732e-03 -2.5354157e-02  8.3779984e-03
   346 :  7.4169367e-19  5.3682067e-19 -4.6992565e-19
   347 :  5.6686817e-04  4.5665650e-05  1.0345259e-03
   348 :  9.4584659e-10 -1.8579178e-10 -2.6807072e-10
   349 :  2.6448841e-10 -5.8596629e-11 -3.2607245e-11
   350 : -1.5560350e-03  1.0054321e-03  1.0741264e-04
   351 :  2.2179091e-15  2.2801826e-15 -1.7787469e-15
   352 : -2.1389067e-03  6.9194234e-04  1.0450632e-03
   353 :  1.2293537e-05 -6.4617170e-06  2.0643281e-06
   354 : -1.2935093e-01 -8.6873084e-02 -1.1278262e-01
   355 : -5.8300179e-02 -1.1304928e-01 -9.5272486e-02
   356 : -1.0857238e-23 -1.9968593e-23  4.5901584e-23
   357 : -6.6099153e-03 -8.3670967e-03  2.2648012e-02
   358 :  7.4779780e-12  7.2332434e-11 -7.0280958e-11
   359 : -1.6693393e-30  4.1784211e-30 -1.3945344e-30
   360 :  6.4658092e-04  8.5789276e-05  6.2234094e-04
   361 : -5.4730084e-15  7.7596980e-15 -7.4587700e-15
   362 :  9.8299606e-10 -5.5335728e-10  1.1394022e-09
   363 : -3.4942344e-12  1.1626264e-12  5.9634563e-13
   364 : -1.4046120e-13  1.3502001e-13  2.6272930e-14
   365 :  3.3804017e-09 -8.4270185e-10 -6.9568750e-10
   366 : -1.8568973e-22  2.5031195e-21 -1.9167407e-21
   367 :  7.4768985e-08  4.4237775e-08 -1.8366437e-07
   368 :  9.7856538e-05 -2.9317485e-04  1.6719180e-04
   369 :  1.9917036e-10  1.3246826e-09 -1.6737884e-09
   370 :  5.7607438e-12 -1.2394716e-11  3.6411817e-13
   371 :  8.2573948e-24 -6.3908775e-23  1.3671214e-22
   372 :  3.8795153e-09 -6.2320959e-09 -3.2066849e-09
   373 :  1.8023231e-06  8.8459910e-07  3.9119949e-07
   374 : -2.5903243e-02  4.6759968e-02  3.3402150e-02
   375 : -4.9913151e-17 -6.7094559e-16  4.0934325e-16
   376 :  3.4404872e-24  9.5563143e-24 -1.7212219e-23
   377 :  2.3298647e-08  2.7074289e-08 -9.9358998e-09
   378 : -2.3021016e-12  1.9564075e-11 -1.0445213e-11
   379 :  2.6195782e-28 -4.9751810e-28  1.6305462e-28
   380 :  7.6168802e-02  5.1127504e-02  4.9352105e-03
   381 :  5.6248208e-11  6.0294462e-13 -2.2515020e-11
   382 : -2.2900774e-16  2.0335274e-15 -1.5821926e-15
   383 : -8.8743316e-03 -8.8060402e-03  3.8869090e-04
   384 : -2.3330878e-15  9.5541087e-15 -4.6622451e-15
   385 :  3.1952382e-05 -5.5229928e-05 -1.2155212e-05
   386 :  6.0730171e-02 -9.8681677e-03  1.4106312e-02
   387 :  7.4247899e-18 -1.0141726e-17 -2.1239226e-17
   388 : -3.4842488e-02 -3.2789043e-02 -5.6266506e-02
   389 : -7.0957834e-14  4.5097553e-14  8.4104069e-14
   390 : -5.6832425e-05  1.1781877e-04  8.8951834e-05
   391 :  2.2433336e-11  2.1417059e-11 -1.9439253e-11
   392 : -1.0796430e-02  1.6438151e-03 -8.8661896e-04
   393 : -6.8107507e-03 -5.7624223e-03  7.0208993e-03
   394 : -5.2361533e-15 -7.1147604e-15  1.6387183e-14
   395 :  2.1278563e-08 -4.9728346e-11 -1.2858212e-08
   396 :  1.2200556e-27 -8.2614945e-28  4.1050738e-28
   397 : -2.6750061e-03 -4.9980766e-04 -1.9763726e-03
   398 :  1.4528364e-06  5.6687546e-06 -3.0504426e-06
   399 : -1.1754484e-02  4.2994132e-02 -1.3813855e-02
   400 : -8.8093517e-07  4.4840369e-08 -4.5592623e-07
   401 :  1.1818595e-05 -1.8708200e-05 -1.2039636e-05
   402 :  1.7162820e-13 -5.3776880e-14 -7.0926572e-15
   403 :  9.2421357e-13 -3.9460842e-12  1.5559326e-12
   404 : -2.7528002e-22  1.3384891e-22  7.2249345e-22
   405 : -1.3659066e-07  2.9041606e-08  5.9787428e-08
   406 :  7.1993936e-04  6.7116313e-04  1.1257475e-04
   407 :  3.6248534e-04 -7.3680765e-03 -4.9846104e-03
   408 :  6.7003140e-02  1.0385097e-02 -9.1045786e-03
   409 : -1.7798764e-07 -4.9045200e-07  2.2544419e-07
   410 : -4.0339263e-02  7.2796807e-03 -6.9863232e-02
   411 :  1.4911326e-07 -6.3183130e-07  1.5528087e-07
   412 :  8.2884249e-06 -8.4875667e-06 -1.7026446e-05
   413 :  1.7717014e-24 -3.9063665e-24  1.9414162e-24
   414 :  9.5945345e-03 -1.6702342e-02  1.9449407e-02
   415 : -6.0914605e-07 -4.5290487e-07  1.0632511e-06
   416 : -2.7639562e-18 -4.6806600e-18  1.0938917e-17
   417 : -8.8782292e-04  9.9542619e-04 -2.1326987e-03
   418 :  2.4173392e-02  5.4543973e-02  6.1415307e-02
   419 :  5.2564762e-23 -1.1649217e-22  4.7817183e-23
   420 :  2.2241258e-21 -1.1723559e-20  6.7624948e-21
   421 :  7.1257468e-19 -5.9227236e-18  4.1586796e-18
   422 : -9.4207144e-10  7.2484316e-10 -1.5100154e-09
   423 :  9.4990090e-08 -4.5944830e-07  1.0040165e-07
   424 :  2.6772585e-14 -3.5778343e-14  4.1949306e-15
   425 : -3.9744297e-18  1.1841771e-17 -6.2415837e-18
   426 : -1.4941399e-12  7.1745157e-13  1.0716938e-13
   427 :  4.6534231e-13  7.4896612e-13 -2.1047591e-12
   428 : -1.3809192e-13  2.7581622e-13  4.6259056e-14
   429 :  4.9641577e-06  5.1819773e-06 -2.8572266e-06
   430 : -5.2455528e-05 -1.9843363e-05  1.8345133e-05
   431 : -2.5291595e-08  4.9576795e-08  9.6356859e-08
   432 : -4.5513059e-09  3.5564544e-09 -4.6264694e-09
   433 :  3.6868804e-24 -4.2617809e-24 -3.5102047e-24
   434 :  6.4109562e-02  3.3460906e-02  6.5997405e-02
   435 :  2.7143613e-07 -1.6390635e-07  1.0474527e-07
   436 :  9.2444339e-16  8.3814779e-16 -2.5240630e-15
   437 : -1.4214252e-03  1.2474095e-03 -1.3653718e-03
   438 :  3.7746539e-04 -1.7578119e-04  6.5978754e-05
   439 : -6.5587389e-03 -2.2516469e-03 -5.7615555e-03
   440 :  2.7639172e-20 -3.0457625e-19  2.0571314e-19
   441 :  1.9260942e-25  1.8539464e-25 -5.3257240e-25
   442 : -2.3147733e-03 -1.0357659e-05 -3.7517048e-03
   443 :  3.1729533e-09 -7.5588738e-09 -2.6207766e-09
   444 : -8.0440347e-04 -9.0853259e-05  4.5223301e-04
   445 :  2.0069201e-10 -6.0217829e-11 -2.2907974e-11
   446 : -2.0522879e-02 -1.8104032e-02  4.6302440e-02
   447 : -1.7866171e-11  1.7828890e-11 -2.7095285e-11
   448 : -6.4882268e-07  1.3746926e-06  7.9745822e-07
   449 :  8.8648985e-24  4.4702806e-24 -2.5254386e-23
   450 :  1.2062938e-25 -4.3827123e-25  1.7386896e-25
   451 : -3.4895669e-02  1.3485884e-02  4.0465967e-02
   452 : -7.4236109e-02 -8.0629382e-02 -9.6201001e-02
   453 : -3.6088135e-02 -4.1944044e-02  7.1039135e-03
   454 : -8.1393774e-02 -4.3173564e-03 -1.2882846e-01
   455 : -4.4585192e-13  1.6398474e-13 -2.5082537e-14
   456 :  1.2820769e-06 -1.0552836e-06  2.9629276e-08
   457 : -1.8511062e-26 -3.6079126e-25  3.5478228e-25
   458 :  4.4303565e-12 -7.9087692e-12 -1.7573340e-11
   459 : -3.8472625e-07 -3.0729695e-07  4.8379916e-07
   460 : -2.9455625e-07  6.2497171e-07  5.6938218e-06
   461 :  1.3663401e-11 -1.2557982e-11 -2.2118223e-11
   462 :  4.9464658e-10 -3.2895570e-10 -2.8051185e-09
   463 :  1.1794581e-18  2.0902386e-18 -6.0693792e-18
   464 :  5.5093919e-04  8.8867023e-04 -3.3891190e-04
   465 :  4.5538932e-07 -1.8361426e-07 -1.5109078e-07
   466 : -4.8500122e-03 -7.7564165e-03 -1.0167926e-03
   467 : -2.7364419e-19  3.3646445e-20  3.0736560e-19
   468 : -7.0170815e-17  1.6803319e-16 -2.4645361e-17
   469 :  3.5907947e-27  2.9486005e-27 -2.5744598e-27
   470 :  8.4316618e-25 -8.4542571e-25 -1.2852968e-26
   471 : -4.6625610e-15  1.5306725e-15  1.7867243e-15
   472 :  5.7755748e-18 -9.2850619e-18 -5.8963211e-18
   473 : -2.1176948e-05 -2.1171586e-05  5.9576541e-05
   474 :  4.1236296e-21 -5.3082065e-22 -9.4725804e-21
   475 :  1.3326669e-14 -5.2362157e-15  2.9541866e-14
   476 : -3.5439324e-14 -1.2063890e-14  1.5078661e-14
   477 : -1.8834305e-27  7.4809373e-28  1.0815831e-28
   478 : -2.7410354e-06  3.7424392e-06  2.6170874e-06
   479 : -3.7415332e-29  3.9879659e-29  3.8885982e-29
   480 :  6.5983091e-02  5.9529062e-02  3.7696541e-02
   481 :  5.7304808e-14 -1.0218713e-13 -1.5537958e-13
   482 : -1.0103979e-20  5.2363446e-20 -1.8940448e-20
   483 :  3.4126803e-02  5.3678264e-02  7.0054076e-02
   484 : -7.9188001e-07 -1.9458414e-07  1.8192409e-07
   485 : -8.2482120e-07  7.1982965e-07  1.3914229e-06
   486 : -6.8140297e-02 -4.2358773e-02 -8.8814080e-02
   487 :  3.0452545e-06  4.3245982e-06 -8.7148763e-06
   488 :  2.6358438e-02  6.5017567e-02  6.8479686e-02
   489 : -8.1009407e-22 -4.9155672e-22  2.2812425e-21
   490 :  4.3195633e-20 -3.6327594e-20 -1.5605025e-20
   491 : -2.7825780e-20 -4.5886609e-20  3.2008248e-20
   492 : -4.9460161e-05  5.0905916e-05 -8.1204551e-05
   493 : -6.7425787e-04 -1.2915844e-03 -1.2027175e-03
   494 : -9.1651801e-03  2.1465335e-02  8.2818386e-03
   495 : -1.3586130e-08 -1.2343901e-08  4.0065162e-08
   496 :  3.1754631e-17  1.8104060e-16 -2.5846731e-16
   497 : -1.4171203e-24 -3.4557706e-24  2.0302660e-24
   498 :  4.3931882e-23 -8.3304460e-23  1.5990299e-22
   499 :  1.0097243e-01  1.3694566e-02  2.6623221e-02
   500 :  1.9264763e-25 -1.4886459e-25 -2.9217228e-25
   501 : -1.1742769e-27  8.0533637e-27 -4.1388516e-27
   502 : -2.7907993e-04  9.9934733e-04 -1.5401618e-04
   503 :  1.5902874e-04 -1.8848794e-04  1.2137525e-04
   504 : -7.6347938e-09  8.8258352e-08 -9.1922349e-08
   505 :  6.2808011e-02  8.0356568e-02  3.5997799e-02
   506 :  1.1092078e-19 -7.3803717e-19  3.7669386e-20
   507 :  1.4554279e-16  5.1007357e-17 -2.5845697e-16
   508 :  9.5675913e-18 -2.7877011e-17  2.0523645e-17
   509 : -2.5686262e-05  1.2570291e-05 -6.8206442e-06
   510 :  8.4872755e-18  1.0301218e-16  8.1954467e-17
   511 :  1.1473051e-11 -4.8056939e-12 -2.2430944e-11
   512 :  3.2479734e-13 -6.4047276e-12  2.1578796e-12
   513 : -2.0256222e-08 -8.7059803e-09  6.4145781e-08
   514 :  1.3524163e-07 -2.1396378e-07  5.7542558e-08
   515 : -3.8031257e-03  2.8148834e-04 -3.6055199e-03
   516 : -3.7906366e-19  2.2404093e-17 -1.5681549e-17
   517 : -3.6559651e-03 -1.4517807e-03 -1.8363132e-03
   518 : -1.2949071e-07  1.5188897e-08  7.9463964e-08
   519 : -9.6172392e-12 -3.8530622e-11  5.4650163e-11
   520 : -6.7578648e-09 -3.0577563e-09  1.9345429e-08
   521 : -3.4178027e-04  7.3299486e-04  4.5177744e-04
   522 : -1.0349758e-01 -9.0229916e-02 -7.0850066e-02
   523 :  4.5691399e-02  2.0754726e-03 -1.2883424e-02
   524 :  6.5588400e-09  5.1222063e-08 -1.6284066e-08
   525 : -3.7932359e-07  1.8118530e-07  1.2126298e-07
   526 : -4.2590013e-13  5.7850712e-13 -7.7589702e-13
   527 : -5.1878876e-22 -3.4342645e-21  6.4745509e-21
   528 : -1.4617254e-01 -8.1310077e-02 -1.3654951e-01
   529 :  3.5495045e-05 -2.7512828e-05 -4.1384310e-05
   530 : -1.2338239e-02  7.9606748e-02  2.2206748e-02
   531 : -6.9747862e-05 -7.1582119e-05 -1.2037664e-05
   532 :  2.4983139e-12 -1.1940125e-11  3.2812754e-12
   533 :  3.5502694e-30  7.0307299e-32 -3.1424065e-30
   534 : -1.4868565e-30 -2.4908483e-30  7.7846187e-30
   535 : -8.4696262e-21  4.5867185e-20 -3.8384589e-20
   536 : -6.3630680e-03 -2.3704043e-04 -3.7724001e-03
   537 :  1.2697358e-04  1.0750855e-04 -3.2882050e-05
   538 :  4.9645711e-06 -2.8939298e-06  9.2381878e-07
   539 : -1.6869626e-21  5.0313163e-21  3.2305836e-22
   540 :  9.2164366e-19 -4.9873701e-18  2.1542329e-18
   541 : -9.0083674e-18 -5.5344093e-17  6.9040370e-17
   542 :  4.1728581e-09  1.3870358e-08 -6.7525730e-09
   543 : -3.5162320e-22 -3.1572491e-22  2.0143386e-22
   544 : -2.1611710e-08  6.5407865e-08  2.6852822e-08
   545 :  2.1826676e-15 -9.5792536e-17 -4.3590633e-15
   546 :  7.1089609e-02  6.5987936e-02  5.6166558e-02
   547 :  5.3237086e-20 -1.2911751e-19  2.1803006e-20
   548 : -3.0515615e-04  8.4399237e-04 -8.2632158e-03
   549 : -8.6777743e-17 -8.9996801e-17  3.2869043e-16
   550 :  1.3153855e-05 -3.0175736e-05  8.3884466e-06
   551 : -6.5745207e-03 -5.2570956e-04  4.1197808e-02
   552 :  2.4639210e-05  6.0735142e-04 -7.6533455e-05
   553 :  5.6864655e-06  4.1280305e-06 -5.2394029e-05
   554 :  2.1558954e-16 -9.0717922e-16  3.8059430e-16
   555 : -2.5550102e-09  1.3496591e-08  2.8964455e-09
   556 : -1.4610093e-17 -2.6945399e-17  1.0226566e-17
   557 : -4.9699909e-02 -8.7283312e-02 -1.0575654e-01
   558 :  3.6008157e-05 -6.2736064e-05 -4.6265222e-05
   559 :  2.3163491e-04 -2.6704920e-03  4.4053249e-04
   560 : -3.8749052e-05 -1.3536016e-06  1.8658027e-05
   561 : -1.6550928e-02 -3.9491242e-02 -4.6125033e-02
   562 :  7.8737859e-13 -3.6822761e-12  1.3951508e-12
   563 : -5.6256014e-25  3.2874851e-25 -2.5247073e-25
   564 :  4.3764596e-02  3.8056960e-07  8.2036063e-03
   565 :  6.7278121e-02  1.4765690e-02  6.1783595e-02
   566 :  2.3694302e-18  2.7854479e-18 -7.8010527e-18
   567 :  6.6347540e-10  3.5163125e-09 -4.4937302e-09
   568 : -7.2129224e-04  2.0880602e-03 -2.5134739e-03
   569 :  5.3884560e-03  7.0362633e-04 -5.3182008e-03
   570 :  1.6297272e-15 -2.8052421e-15 -6.7597111e-16
   571 : -2.4295963e-10 -2.1156156e-09  5.9267477e-10
   572 :  1.2034263e-27  4.9647279e-26 -2.4013754e-26
   573 :  5.2741792e-06  8.1572002e-06 -2.1957106e-05
   574 :  2.6860240e-06  1.3158025e-05 -2.1519373e-05
   575 : -8.8432313e-03 -9.2241262e-02 -1.3236259e-01
   576 : -9.2327911e-08 -2.9185315e-07  2.0172127e-07
   577 : -9.9876858e-02 -8.0632371e-02 -1.1093831e-01
   578 : -7.2382579e-31  2.7077525e-29  7.2514377e-30
   579 :  1.2819374e-02 -1.9258248e-02  7.7115915e-02
   580 : -5.6894517e-02 -4.3451968e-02 -1.4996744e-02
   581 : -4.2576612e-16  1.1576522e-15  1.1483611e-15
   582 :  7.8727353e-29  4.6054610e-27 -2.0471928e-27
   583 :  1.0632455e-14 -1.6667565e-14 -1.0230116e-14
   584 :  1.7671356e-23 -3.2401285e-23 -3.9285574e-24
   585 : -1.0828515e-02 -5.7151208e-03 -9.3790049e-04
   586 :  5.8547470e-19 -1.3525363e-18  9.5685412e-20
   587 : -2.0393715e-13 -9.3401009e-14  5.4790192e-13
   588 : -8.5979315e-18  5.8327493e-18  8.8845456e-19
   589 :  2.5780864e-03 -3.3721091e-03 -3.5383231e-03
   590 :  8.3682473e-04  7.3839206e-04 -9.9308479e-04
   591 : -1.7633930e-26  2.6343041e-26  8.6396618e-27
   592 :  1.6895228e-16  7.7340192e-17 -3.2387986e-16
   593 : -1.6425440e-11 -6.5748643e-13  2.6299339e-12
   594 :  3.3644835e-14  6.3789704e-13 -2.3540564e-13
   595 :  1.2521656e-06  1.1139497e-06 -3.2344216e-06
   596 : -1.2623527e-06  4.5643790e-06 -2.1933722e-06
   597 :  4.3032115e-10  2.8655729e-10 -1.0748661e-09
   598 : -8.9573809e-13 -9.7725236e-13  8.1209635e-13
   599 : -1.1123504e-01  5.7943491e-02  3.3647167e-02
   600 :  5.4190470e-08 -8.6455739e-10 -1.1362159e-09
   601 : -1.9841730e-02  6.8933917e-02  4.2548223e-02
   602 :  4.1405196e-19  1.3733770e-18 -6.4982160e-19
   603 : -3.0674260e-22 -1.6656233e-21  4.8216127e-22
   604 :  3.4260999e-16 -2.7172915e-15  4.6686062e-15
   605 : -1.9989138e-11  7.0804202e-11 -8.3086637e-12
   606 : -7.9341393e-02 -6.6178354e-02 -9.2322103e-02
   607 : -1.5672255e-08  5.3448086e-08  3.1781080e-08
   608 : -1.6474827e-17 -1.0653142e-17  6.1102839e-18
   609 :  2.3657278e-15 -1.1552034e-14  1.2574208e-15
   610 :  5.1518654e-22  1.8581025e-21 -4.1940162e-21
   611 : -3.4960762e-02  5.6832943e-02  8.3683524e-02
   612 : -5.6660595e-08  1.0846756e-07  4.1230616e-08
   613 : -1.3414079e-10  3.1069473e-11  3.2513204e-10
   614 :  3.2081126e-03 -2.4064837e-03 -5.0020430e-03
   615 :  4.9489922e-09 -4.1587624e-10 -1.0138271e-08
   616 :  1.1918611e-23 -1.9654769e-23 -7.4966442e-24
   617 :  1.2999708e-10  2.4522016e-10 -6.8718479e-11
   618 :  1.9775222e-13  1.3071186e-13 -1.6237882e-13
   619 : -2.9020750e-18  2.7535391e-18  3.0607904e-18
   620 : -8.3077551e-12  8.6962568e-12 -1.8036837e-11
   621 : -1.5655929e-08  1.0834589e-08  2.0237805e-08
   622 :  7.4541544e-03  3.2246159e-02  7.6525632e-02
   623 :  2.8223135e-05 -2.8332468e-07 -9.4016827e-05
   624 : -4.7107640e-09  5.3438831e-09 -3.6095861e-09
   625 :  1.1494611e-10 -3.8118001e-09  1.7789851e-09
   626 :  4.4601095e-29 -1.4977603e-28  4.7790023e-29
   627 :  1.6739188e-20 -3.0458463e-20 -4.2287605e-21
   628 :  8.6959225e-14  1.8389383e-13 -1.2558894e-13
   629 : -9.0258861e-05  1.8173009e-04  8.2199561e-05
   630 :  1.1846647e-02 -1.0421953e-02 -4.7568719e-03
   631 : -5.7019046e-11  2.5151697e-10 -3.9505416e-11
   632 :  2.8912104e-22 -5.8561744e-22 -6.4065819e-23
   633 :  2.2432821e-06 -5.7824407e-05 -9.7107866e-06
   634 : -1.3775635e-07 -4.7434522e-08  5.7034940e-07
   635 :  8.3210975e-04  3.9828742e-05 -3.0422047e-05
   636 : -7.0867929e-04 -4.3073839e-04  3.4029530e-04
   637 :  1.1434470e-02 -7.6728807e-03  2.9396729e-03
   638 :  3.6674836e-02  7.8334132e-02  8.0061806e-02
   639 : -1.1504645e-03 -3.2711515e-04  1.3386162e-03
   640 : -8.2935986e-02  2.2238548e-03 -9.6422877e-02
   641 :  6.6950825e-18 -1.3002524e-17 -4.9027683e-19
   642 :  2.9352284e-06 -1.4873513e-05 -2.4808098e-06
   643 : -2.9072152e-04  1.6814035e-04  3.8683938e-04
   644 :  4.8956454e-04 -3.0866330e-05 -3.1670144e-04
   645 :  1.7807799e-08 -1.0630028e-08 -1.1484741e-07
   646 : -7.9523665e-09 -1.4498563e-08  3.5655276e-08
   647 : -4.5240904e-02 -5.5262509e-02 -1.6661480e-02
   648 :  4.6865316e-08 -3.1367949e-08  2.8658658e-08
   649 : -2.1738374e-03  6.9436981e-04 -3.6904578e-03
   650 :  2.9004416e-09 -3.2318626e-11 -2.6355755e-09
   651 :  1.6028028e-01  9.3556707e-02 -8.6684537e-03
   652 :  3.0335353e-08  7.1962470e-08 -2.9223335e-08
   653 : -2.0034900e-02  5.2166739e-04  6.0323893e-02
   654 :  2.5001415e-14 -1.4109896e-15 -1.9477822e-14
   655 :  7.8039847e-09 -1.5461041e-08  3.9938680e-08
   656 :  1.7448666e-02 -2.9017800e-02  8.7544272e-02
   657 :  8.4417954e-04 -9.8262616e-03 -4.1951721e-03
   658 : -8.9475485e-08  1.3562377e-07 -1.7606591e-07
   659 :  4.4425380e-06 -1.4210325e-06 -1.7974582e-08
   660 :  2.8875734e-02  4.0268696e-03  8.2797928e-02
   661 : -1.2909187e-01 -1.9418723e-01 -4.6004953e-02
   662 : -2.2942773e-13 -1.2053421e-13  5.5828205e-13
   663 : -3.4136639e-03  1.2674672e-04 -7.0124464e-03
   664 :  1.2672636e-01  4.0947493e-02  8.7740458e-02
   665 :  6.8886398e-02 -1.3410367e-02  3.9945847e-04
   666 :  2.2088937e-23 -1.8649092e-23 -2.6636292e-23
   667 :  1.4684594e-15 -5.4952738e-16  5.9000886e-16
   668 :  2.0003144e-04  1.6026699e-04 -2.8613326e-04
   669 :  1.4570087e-28  1.6918492e-28 -4.7045430e-28
   670 : -5.4557159e-03 -3.0840184e-03  2.1180862e-03
   671 : -1.4803927e-02  1.2750901e-02 -7.2805415e-02
   672 :  3.3578641e-03 -1.1538849e-03 -4.7408900e-04
   673 :  4.2353056e-12  7.6845307e-13 -1.6596204e-11
   674 :  1.7558237e-09 -9.3646650e-10 -3.1739832e-09
   675 : -1.2052168e-11  1.6251996e-11 -2.6449999e-11
   676 :  7.1125122e-08 -7.7847376e-07 -3.8884299e-07
   677 : -4.7626724e-08  1.4316378e-08 -3.2285521e-08
   678 : -5.2014486e-04 -5.6985097e-04 -1.7407442e-03
   679 :  1.2613749e-05 -3.6973945e-05  1.8373659e-06
   680 :  9.6112454e-06 -7.2489603e-07 -1.8120952e-05
   681 :  2.6883564e-16 -1.7561227e-16  4.5686340e-16
   682 : -6.7736212e-17  1.2218077e-16 -1.8630971e-16
   683 :  6.0631810e-15 -8.4291695e-15 -1.4213333e-14
   684 : -1.8936509e-19  1.7174340e-19  2.2141314e-19
   685 : -9.0821533e-07  1.5178828e-06  7.3614833e-08
   686 :  2.4245908e-10 -7.1831569e-11 -1.9424757e-11
   687 : -1.5192750e-19 -1.1734880e-19 -6.5388412e-19
   688 :  2.4815588e-11 -4.9182005e-11  4.9731669e-12
   689 :  5.9670646e-02  6.7361814e-02  3.5007636e-02
   690 : -2.3225328e-07 -7.0387818e-08  3.9116105e-08
   691 : -6.1110503e-07 -2.3211591e-07  1.5013155e-07
   692 :  2.7339293e-08  1.1645259e-07 -2.9213180e-07
   693 :  2.5804844e-28 -4.7865164e-28 -1.1170106e-28
   694 : -3.6162332e-20  1.0138530e-19  6.3354727e-20
   695 :  5.5525567e-02  6.5899424e-02  6.7730556e-02
   696 : -3.0561337e-05 -7.5527752e-05  6.1748814e-04
   697 : -4.4017760e-08  1.0764824e-07  9.2312147e-08
   698 :  5.4419929e-02  5.0658058e-02  5.2286371e-02
   699 :  4.3679565e-13  9.4209167e-13 -2.5095386e-12
   700 :  5.8816600e-25  8.9876466e-25 -2.4267264e-24
   701 : -3.2872327e-23  1.1171312e-22 -3.8719484e-23
   702 :  1.9833667e-15 -6.1821474e-15  3.4976331e-16
   703 : -5.3945681e-02 -4.0701275e-02 -7.9903208e-02
   704 : -3.8056795e-08 -1.2050774e-08  6.9163292e-08
   705 : -1.5907909e-18  1.8892576e-18 -1.4473624e-18
   706 : -7.5212633e-02  2.1538168e-02  5.6949155e-02
   707 :  3.0364696e-04  2.8400816e-04 -2.5654903e-04
   708 : -5.5406216e-05 -6.0171565e-06  2.0256047e-05
   709 : -4.6635030e-10  3.7786435e-10  1.0596323e-10
   710 : -1.0329808e-12  1.8731302e-13  1.7012859e-12
   711 : -2.5241408e-09 -4.4117380e-10 -3.2130274e-09
   712 : -1.6030888e-03 -3.4126333e-03 -2.4859761e-04
   713 :  3.4380656e-08  1.6425009e-08  3.8001813e-08
   714 : -1.1676627e-01 -8.9868580e-02 -1.2833809e-01
   715 : -2.3034199e-07 -2.0920189e-08 -1.7843063e-07
   716 : -4.3963997e-20  1.1834730e-19 -1.9157593e-19
   717 : -3.8128015e-05 -4.6159453e-05 -7.5883759e-05
   718 :  1.5119009e-08 -1.5074805e-08  3.0751821e-08
   719 :  1.4759360e-04  2.4034073e-04 -1.4614782e-04
   720 :  1.1517931e-02 -4.2421265e-04 -6.7677775e-02
   721 :  1.1433970e-02 -6.1223523e-05  1.0643151e-02
   722 : -1.9072734e-17 -9.3283537e-17  4.0352058e-17
   723 : -1.6816615e-17 -2.2817974e-16  2.0469610e-16
   724 : -1.7170518e-16  5.3896424e-16 -1.5514188e-16
   725 : -3.2676149e-03 -3.6826675e-03 -2.1002133e-03
   726 :  3.5535725e-11 -1.3876964e-11 -1.0330403e-11
   727 : -4.5662135e-03 -3.7747000e-03 -1.1323600e-03
   728 : -6.7128033e-05 -5.4837285e-05 -1.9474863e-05
   729 : -2.5586397e-06  6.8354948e-06  4.0863202e-06
   730 :  2.0737457e-08  3.4633193e-08  2.3087870e-08
   731 :  1.7831500e-16 -4.2004137e-16  1.1864252e-16
   732 :  3.3337499e-15 -4.0622291e-14  1.2363035e-14
   733 : -8.4235495e-08 -1.6135526e-07  1.1362442e-07
   734 :  1.3216559e-02 -1.0387611e+00  1.1033226e+00
   735 :  9.9367175e-09 -9.0887740e-08  7.6793585e-08
   736 : -2.2046874e-02  8.0500565e-02  7.1886491e-02
   737 :  3.2088054e-12 -6.0951564e-11  2.9263552e-10
   738 : -3.9882893e-04  2.4943999e-04 -3.8267295e-04
   739 : -9.6787778e-02 -8.8564035e-02 -1.4666362e-01
   740 : -2.0227796e-07  2.6599076e-07 -3.6156450e-07
   741 :  3.4180376e-03  1.1799535e-02 -2.3915811e-03
   742 : -1.1382886e-08 -4.2431103e-09  3.9896456e-08
   743 : -7.6344367e-07 -5.4638402e-07  1.2057403e-06
   744 : -5.3506433e-02 -1.1002643e-01 -1.4183414e-01
   745 :  3.4466627e-17 -7.3605655e-17 -4.9305375e-17
   746 : -3.1302974e-15 -3.0372579e-14  6.3544424e-15
   747 : -9.2708114e-11  2.7501040e-10 -4.9130998e-10
   748 : -1.7377182e-08 -8.2855257e-09 -3.4662586e-07
   749 : -1.3327169e-04  4.1611656e-04  2.3210494e-05
   750 : -1.5458104e-18 -3.6701519e-18  8.9894952e-18
   751 : -1.0429345e-01 -6.5759276e-02 -8.2478179e-02
   752 : -4.4508799e-08  3.2876020e-08  9.0478087e-08
   753 : -1.2159227e-04  3.3900254e-04 -1.0178237e-04
   754 :  6.6272046e-16 -4.1087702e-15 -7.0829196e-17
   755 : -1.1297801e-01 -9.8741653e-02 -1.3304924e-01
   756 :  3.3992141e-10 -6.3762648e-10  1.7149997e-10
   757 :  7.7249442e-29  2.1326011e-28 -7.7250303e-29
   758 :  2.6451987e-02  8.6180013e-02  8.4189344e-02
   759 :  3.7140817e-08  1.9374788e-08  2.4692097e-08
   760 :  4.3907964e-12 -1.2586701e-11  2.8989272e-12
   761 :  2.0427851e-07 -4.0428283e-07 -3.0926789e-07
   762 :  6.3454702e-02 -3.8414603e-02  1.9083317e-01
   763 :  3.4234843e-21 -9.6781733e-21  2.9939336e-21
   764 :  2.6985203e-22  1.1871282e-21 -6.9423943e-22
   765 : -1.2558175e-01 -1.0403717e-01 -9.2355530e-02
   766 :  2.0195817e-09 -4.9929946e-09  5.8562316e-10
   767 :  5.5232269e-02 -1.2719289e-01  3.4789067e-01
   768 :  1.1933539e-18 -3.0598781e-18  6.7541653e-18
   769 : -1.1202269e-01 -1.0676300e-01 -1.1288054e-01
   770 : -5.0681749e-07 -9.3275856e-08 -8.0847102e-07
   771 :  2.0080104e-04 -5.0972176e-04  4.6074160e-04
   772 : -4.8391875e-03 -5.0314039e-03  6.0571574e-03
   773 :  1.7601884e-09 -1.2177832e-08  6.4010086e-09
   774 :  1.5630076e-02 -1.0154216e-01 -7.3045000e-02
   775 :  7.2613527e-02 -3.8524544e-01  3.8061284e-01
   776 :  6.6410898e-09  2.1048626e-08 -3.4487282e-08
   777 :  1.8241025e-07 -1.3696313e-07 -3.0302373e-07
   778 : -6.0934752e-07  8.9986810e-07 -3.9631451e-07
   779 :  4.2070221e-16 -1.2344178e-15  2.9126934e-16
   780 :  1.2681479e-02  2.5969983e-02  2.5291858e-02
   781 :  1.7638619e-17 -1.0962301e-17  7.9409867e-18
   782 : -3.5782905e-30  1.0934301e-29 -8.9151319e-29
   783 :  4.4474488e-08 -1.4758814e-07 -6.8298795e-07
   784 :  2.3642083e-08  1.3719595e-07 -5.4979051e-08
   785 : -3.5807890e-17  8.7254201e-17 -1.1038386e-17
   786 : -1.1142309e-02 -1.8554855e-01  4.0609956e-02
   787 : -8.7111001e-02 -9.2138682e-02 -1.1095115e-01
   788 : -2.3573261e-17  2.2060333e-17 -2.4496350e-17
   789 : -2.2109773e-16  5.2939760e-16 -4.0682271e-16
   790 :  1.5008837e-06  1.0112190e-05  4.8295154e-06
   791 :  2.4485154e-05 -4.2067014e-05 -7.4135564e-06
   792 :  5.0216087e-03 -4.2486033e-03 -6.0936481e-03
   793 : -6.8897414e-03 -4.2525549e-05 -3.6305717e-03
   794 : -1.6911848e-06 -1.5488580e-07  2.6464886e-06
   795 :  1.7964676e-02  1.7322049e-02 -1.4839229e-02
   796 : -1.2919146e-04  9.4882344e-04 -2.4515009e-03
   797 : -1.6637587e-18  2.4212988e-18 -3.0071858e-18
   798 : -4.4545589e-05 -8.3249234e-05  4.6457017e-05
   799 : -2.1798791e-10 -1.0207683e-09  1.0738989e-09
   800 : -1.1203672e-01 -1.2247342e-01 -1.1267112e-01
   801 : -2.1481718e-16 -2.9098892e-16  6.8124392e-16
   802 :  5.5962781e-08 -1.3422414e-07  7.5516967e-08
   803 : -5.2450606e-13 -4.7132740e-12  2.3066633e-12
   804 : -1.2410176e-01 -9.1551125e-02 -1.0851887e-01
   805 :  1.2221366e-07 -2.3710947e-07  1.1244772e-07
   806 : -3.8754539e-15  2.2294978e-15 -2.8455331e-15
   807 :  2.2184475e-18  9.8603078e-18 -3.9346050e-18
   808 : -5.0291577e-02 -1.2246888e-01 -9.2008408e-02
   809 :  1.4733935e-11 -2.7645297e-11 -3.3667917e-11
   810 : -1.0964315e-17 -3.1318219e-17  7.2215279e-17
   811 : -4.3967945e-28 -2.9119029e-28  1.1495039e-27
   812 : -3.3869442e-09 -2.6952529e-10 -1.8952733e-09
   813 :  7.3502422e-08 -4.7999012e-08  1.5681403e-07
   814 : -8.8641530e-27 -5.7300160e-28  1.0014366e-26
   815 : -4.4822566e-30  2.9511381e-29 -3.9443461e-29
   816 :  2.6326233e-24 -1.0434003e-24 -7.7027172e-25
   817 :  2.9032749e-25  5.9659970e-25 -1.1929721e-24
   818 : -1.7185737e-27  1.2783248e-26 -8.5119896e-27
   819 :  4.1284774e-09 -6.2149963e-09  9.2602364e-09
   820 : -6.9151900e-29  4.7338973e-28 -1.2361979e-28
   821 : -4.0205932e-03 -7.0233644e-03  4.6380810e-03
   822 : -9.0452783e-07  7.8522131e-06 -6.2348893e-06
   823 : -3.3341215e-13  8.9619746e-13  3.0615844e-14
   824 : -8.8059315e-13  1.3924891e-12  1.1455388e-12
   825 :  2.2320829e-20  8.2966939e-21 -5.6473718e-20
   826 :  3.8245340e-04 -5.5474398e-04 -4.1137967e-04
   827 :  4.6087993e-15 -2.2539292e-15 -1.0706579e-15
   828 :  1.3222158e-10 -4.6134504e-10  1.4401596e-10
   829 : -1.8850447e-06 -5.9606359e-06  2.0653034e-06
   830 : -8.8365704e-02 -2.6198936e-01  5.6352887e-03
   831 : -1.7256810e-01  1.5698661e+00 -1.8697995e+00
   832 :  1.3455187e-08 -2.0993479e-08 -5.5433497e-09
   833 : -9.2052748e-02 -5.1465612e-01  4.0555437e-01
   834 : -5.9276520e-25  5.3064361e-25 -4.9851879e-25
   835 : -5.8059978e-29  4.8024619e-29 -8.5518186e-29
   836 : -2.1027149e-07 -1.8358125e-07  1.6755921e-07
   837 :  3.2036540e-16 -5.2040557e-16  1.4053191e-15
   838 : -3.6494030e-05  8.6214562e-07 -9.1847343e-05
   839 : -5.8058821e-13 -2.4915067e-12  2.9282948e-12
   840 :  7.4609997e-15  5.6491064e-16 -9.9455336e-15
   841 : -2.0232077e-13  5.9133423e-14  7.6505081e-14
   842 : -1.1589658e-09 -7.0535562e-10  7.6484159e-10
   843 :  1.3797147e-14  1.8257094e-15 -3.5567618e-14
   844 :  8.7341069e-09 -1.0903972e-08  1.6191007e-08
   845 :  3.2242874e-20 -6.4430050e-20  1.2108473e-19
   846 : -1.7504507e-06  2.7909158e-06 -9.6657624e-07
   847 :  5.6252167e-10 -7.3828888e-11 -4.4149404e-10
   848 :  3.2910343e-31  6.9428151e-30 -3.5633846e-30
   849 :  3.5824837e-13  3.6536784e-13  8.6213691e-13
   850 : -1.7012931e-13 -1.2315846e-10  2.4594676e-10
   851 :  3.7912030e-13  4.2662080e-12 -5.0299804e-12
   852 :  1.0401136e-21 -3.3305392e-21  1.4137967e-21
   853 :  1.9202328e-04 -1.9378022e-04  3.9548732e-04
   854 : -1.0892489e-31  3.1250566e-31  9.8398489e-32
   855 : -1.9127786e-03  6.0865735e-04  1.1450954e-03
   856 : -5.3324019e-05  1.9962941e-05 -1.8994992e-05
   857 : -3.9991293e-03  2.2385157e-03 -6.3054788e-03
   858 :  1.5965514e-06  8.2695331e-06  1.9291830e-06
   859 :  1.6979570e-21 -4.0983146e-21  3.6411888e-23
   860 :  1.0643751e-07  1.8690316e-06 -1.6850699e-06
   861 : -4.2245634e-07 -1.1955386e-07 -3.3287039e-07
   862 : -5.2829914e-07  2.1708633e-07 -1.5326579e-07
   863 : -1.3046352e-04  4.1573880e-04  3.8958264e-04
   864 :  6.3245359e-06  8.8498801e-04 -1.5664671e-03
   865 :  5.9094790e-02 -3.4848592e-02  7.5430284e-02
   866 :  9.1704807e-02 -6.0343734e-02 -8.7654968e-02
   867 :  2.4387548e-02  7.4916921e-02  3.6728696e-03
   868 :  6.9483316e-09  2.4629505e-08 -4.2071223e-08
   869 :  1.0781581e-08  1.2363076e-09 -7.7369743e-09
   870 :  2.3505839e-09 -6.4790877e-09  2.0503350e-09
   871 :  7.5632839e-04  1.1866429e-03 -1.8192803e-03
   872 : -1.6109224e-03  6.5932753e-04  6.2422086e-04
   873 : -1.7150598e-02 -1.5446238e-02 -6.5403456e-02
   874 : -7.4588586e-02 -6.0417705e-02 -6.7930905e-03
   875 : -2.6220251e-13  7.6275306e-14  6.2712195e-14
   876 :  8.7235027e-13  1.0424342e-13 -1.8656060e-12
   877 :  2.9385105e-26 -4.0895670e-26  5.3320011e-26
   878 :  3.2742934e-24 -7.3008476e-24  1.5367304e-24
   879 : -6.4356948e-15  5.9259251e-16  6.3948830e-15
   880 : -1.3848714e-13  2.9681685e-13 -7.3876900e-14
   881 : -1.9030815e-26  5.8461057e-27  7.4544375e-27
   882 :  7.6805446e-25 -4.1905599e-25 -1.1360926e-24
   883 : -7.4196689e-15  4.0614143e-15 -1.0283193e-15
   884 : -9.8703353e-15  1.0685412e-13 -4.0302001e-14
   885 : -2.8657994e-06  6.9910543e-06  1.8487452e-06
   886 :  1.9282612e-06 -1.4301499e-08 -1.2834430e-06
   887 :  1.0407247e-06  2.2521464e-06  8.5921264e-06
   888 :  5.4607583e-06 -5.2699985e-06  6.7943246e-06
   889 :  2.6881107e-02  2.8677595e-02  7.0671636e-02
   890 :  5.3666813e-02  5.3348109e-02  5.1742073e-02
   891 : -2.1988263e-13  1.2115532e-13 -4.7603052e-14
   892 :  5.5159802e-12 -7.6672311e-12 -3.5727717e-12
   893 : -5.3080818e-09  1.0345010e-07 -1.5306974e-07
   894 : -2.8730984e-06  3.0498752e-06  3.1017860e-06
   895 : -2.5814733e-03  3.8991953e-02  1.2471531e-01
   896 :  4.7954890e-02 -1.2425921e-03  9.0392894e-02
   897 :  4.2719432e-15 -1.7346972e-16 -3.3133104e-15
   898 : -2.5013535e-14  3.7943948e-14  2.5210637e-14
   899 :  3.4347727e-02  6.8257502e-02  7.4530646e-02
   900 :  8.4162355e-02  4.4678949e-02  3.0441351e-02
   901 : -3.7017372e-08  4.4269210e-08 -5.9026490e-08
   902 : -4.3825646e-07  8.9126810e-07 -1.4748939e-07
   903 :  7.2491336e-04  8.8811827e-04 -2.0711849e-04
   904 : -1.0471641e-04 -1.5632266e-04  2.8034120e-04
   905 : -1.3137335e-04 -1.4121621e-03  8.1251947e-04
   906 : -9.2533218e-03  2.0849984e-02  6.3568872e-03
   907 : -2.7652398e-03 -3.7908672e-04 -5.4869684e-03
   908 :  1.8613731e-05 -6.8370807e-08 -3.5024358e-05
   909 : -1.6651704e-05 -9.1532575e-05  5.7596016e-05
   910 :  1.5495455e-04  1.8326573e-04  5.2115647e-04
   911 :  3.3051980e-04 -1.1002550e-04  1.0300900e-04
