Number of elements 912
     0 : -2.4520082e-06 -6.9100690e-07  5.5068608e-06
     1 : -9.4598495e-03  2.5491441e-02 -1.3014959e-03
     2 :  3.0612423e-02  1.3470747e-02  1.2776116e-02
     3 : -2.5054738e-05  5.2391840e-04  4.8099996e-04
     4 :  2.4738699e-02  1.9137055e-02  2.3755124e-02
     5 : -5.2342054e-02  3.2237740e-02  5.9338865e-02
     6 : -1.7500618e-12 -7.3617426e-12  8.4536135e-12
     7 :  3.1428969e-03  2.0232785e-02 -5.6734768e-03
     8 :  1.3438284e-02  2.1886831e-02  1.1831116e-02
     9 :  8.0908937e-11  1.0374234e-10 -2.4267003e-10
    10 :  1.7057158e-02  6.6779973e-03  2.0199999e-02
    11 :  1.1863651e-12 -3.6403145e-12 -5.9644504e-13
    12 : -1.3210328e-03 -1.7236619e-01  2.3549332e-01
    13 : -2.1079323e-02  2.5939280e-03 -1.5536371e-02
    14 :  6.1769051e-05 -4.5707476e-05  5.4020495e-05
    15 :  1.1870650e-03  2.7941295e-03 -7.0600702e-03
    16 : -8.4744158e-14  3.7858068e-13  2.6165285e-13
    17 : -2.4701230e-08  4.6028550e-08 -6.9047317e-08
    18 : -2.6258836e-03  7.4689098e-03  4.8524258e-04
    19 : -1.1340665e-14  2.5467778e-14 -5.9388661e-15
    20 :  1.6247958e-07  7.3753743e-08 -5.0916052e-07
    21 :  3.7589045e-03 -2.8709677e-04 -3.2334880e-03
    22 : -2.5308027e-02 -1.5118417e-02 -1.3021620e-02
    23 :  7.9489751e-14  1.2274827e-13 -4.4142129e-13
    24 : -3.3134983e-03  1.6134645e-02 -2.1786592e-03
    25 :  1.8696022e-15 -5.9377779e-15  2.1788927e-15
    26 :  2.3759330e-02  3.3105433e-02  3.5403023e-02
    27 : -4.3844556e-02 -6.7529111e-03  2.4532141e-03
    28 :  1.0768875e-02  1.4511823e-02  1.4883208e-02
    29 : -4.8337831e-03 -2.0473534e-03  1.6247233e-02
    30 :  2.9353100e-02 -1.3568133e-02  4.3552549e-02
    31 :  3.5258199e-04  1.7640537e-04 -5.7564763e-04
    32 : -5.2861160e-11 -3.5034971e-11  6.1495915e-11
    33 :  5.6971356e-03 -2.1355423e-03  7.6138939e-04
    34 : -6.4491956e-16  1.6106152e-15  3.1690464e-16
    35 :  2.7653053e-04  4.8116829e-04  1.1944484e-05
    36 :  6.2870830e-03  1.4871835e-02  3.4530223e-03
    37 : -7.5110971e-03 -1.2198802e-02  2.8956003e-03
    38 :  4.2714634e-03  2.0856676e-03 -2.2419172e-03
    39 : -3.6147923e-03  2.0044232e-02  3.1901343e-02
    40 :  1.7053475e-02 -2.5442921e-02  8.9546831e-02
    41 : -1.0122643e-02 -7.5913510e-02  2.0601343e-02
    42 :  4.9107261e-14  2.1979946e-14 -2.0673555e-14
    43 : -8.4444729e-09 -1.3451621e-07 -1.9015985e-07
    44 :  8.6818573e-03  3.1932693e-03 -1.1188142e-02
    45 :  8.5388526e-06 -8.8646467e-06 -1.6643306e-05
    46 : -5.2773222e-05  6.1258175e-06 -3.1577677e-05
    47 :  1.6272537e-10 -2.2495915e-10  2.5879489e-10
    48 :  2.3169421e-13 -2.1898278e-12  9.8504921e-13
    49 :  1.9084905e-02 -5.6970403e-03  1.1584018e-02
    50 : -1.1208162e-03 -2.0137816e-03  7.6798695e-03
    51 : -9.3609813e-03 -1.7531209e-02 -1.9769065e-02
    52 :  4.0735628e-02 -3.4774135e-02  3.6771114e-02
    53 : -1.2627124e-11  3.5760185e-12  1.1523796e-12
    54 : -3.6120346e-03  1.2694045e-03  4.7018626e-04
    55 : -2.8509078e-03 -1.1448463e-03  3.0587952e-04
    56 :  1.3921468e-02  1.4633706e-02  1.4881114e-02
    57 : -5.3632405e-02 -4.0090789e-02 -1.6592892e-02
    58 : -4.0557680e-02 -2.2980088e-01  1.8190832e-01
    59 : -2.2444893e-02 -2.3902583e-02 -3.2274927e-03
    60 : -5.3439843e-03 -6.6589608e-03  8.1730478e-03
    61 :  8.7306456e-04  1.2518080e-03  3.9269587e-03
    62 :  2.1343271e-02  1.7014044e-02 -5.2407627e-03
    63 : -1.9364888e-02 -1.8463229e-02  1.3419906e-02
    64 : -6.4846153e-04  2.2028259e-02  3.2493048e-02
    65 : -1.8412150e-03 -2.9083443e-03 -6.9724824e-04
    66 : -3.1326656e-04 -1.6157383e-03  4.2534941e-04
    67 :  3.9184480e-12  7.0787422e-12 -2.4300190e-12
    68 :  1.0776311e-12 -6.4463141e-12  2.2600539e-12
    69 :  1.4671531e-12  4.1577042e-12  3.3358752e-12
    70 :  4.2073856e-05 -2.3652216e-05 -1.2888811e-04
    71 :  1.1446344e-02 -1.4078698e-02 -2.1466295e-02
    72 : -6.0230358e-14  2.0238476e-13 -4.1570277e-14
    73 :  2.2347956e-02  3.4633622e-03  8.7918814e-03
    74 : -1.0914041e-07 -2.3192639e-07  1.2691219e-07
    75 :  1.0194537e-08 -3.3677031e-09 -1.2166679e-08
    76 : -4.5500569e-14  2.5127083e-13 -6.5290014e-14
    77 : -2.6401845e-09 -7.8292799e-09  4.0705322e-10
    78 :  3.1743177e-11 -1.1858029e-10  4.0460147e-11
    79 : -7.5188337e-07  1.4487310e-07 -6.6345679e-07
    80 :  1.5183121e-19  1.7467875e-18 -7.4787704e-19
    81 :  8.0161585e-10  4.2860377e-10 -6.0219734e-10
    82 :  2.9949578e-02  8.2893429e-02  2.3400240e-02
    83 : -6.8796094e-17  3.0860690e-16  1.3753099e-16
    84 : -7.2104497e-15  1.9698043e-14 -4.8921453e-15
    85 : -9.4673482e-03  1.9544108e-03 -2.2392618e-02
    86 :  3.2835701e-08  4.1973807e-08 -1.5164621e-07
    87 : -5.9650144e-08 -2.3658813e-07  1.1867226e-08
    88 :  1.5663682e-02  1.8480182e-02 -1.2108629e-02
    89 : -1.5745259e-02 -1.3689959e-02 -6.6862296e-03
    90 : -2.1986495e-13 -3.9994490e-13  2.6604919e-13
    91 :  2.0811624e-02  1.5371449e-02  1.9292715e-02
    92 :  9.7844531e-05  2.1025316e-04 -1.6026634e-04
    93 : -1.4532824e-17  1.0198315e-18  7.3842528e-18
    94 :  1.4075874e-06  1.1763593e-07 -1.0059622e-07
    95 : -2.4611304e-12  9.2167701e-13  7.1086525e-13
    96 :  4.1189567e-04  2.8239305e-04  1.7849565e-04
    97 : -1.2776148e-04  4.2975023e-04 -1.2317807e-04
    98 :  5.1927797e-03  5.9453218e-03 -8.5039049e-03
    99 :  4.3621841e-11  1.0717377e-10 -4.6570664e-11
   100 :  6.5990376e-12 -2.7843326e-11 -2.6065732e-11
   101 : -1.4642148e-03 -1.9615327e-03  2.2513016e-04
   102 :  5.5089535e-03  1.4965933e-02 -6.8419775e-03
   103 : -1.3686430e-16  2.3709661e-17  1.4190499e-16
   104 : -1.6844048e-05 -5.5806598e-07  9.0545000e-06
   105 : -2.6938429e-02  1.0905009e-02  2.2153463e-02
   106 : -2.7863912e-03 -2.1060064e-03  2.3177343e-03
   107 : -1.6052336e-03  3.1315394e-02 -7.4268672e-03
   108 :  2.2498927e-02  1.9746275e-02 -2.4281712e-03
   109 : -1.6510586e-02 -2.5320318e-02 -2.9225624e-02
   110 :  2.0639915e-02  9.4922559e-03  1.6724911e-02
   111 :  1.4774656e-02 -3.9225983e-03 -1.7013474e-03
   112 :  4.1001160e-10 -4.3656231e-10 -6.7654867e-10
   113 : -1.1233639e-02 -7.2272078e-03 -1.7100505e-02
   114 : -1.0310292e-03 -1.5330411e-03  1.0419397e-03
   115 : -1.5207946e-02 -5.8450422e-03 -5.2931334e-02
   116 : -1.6487571e-02 -1.2065499e-01  1.1229019e-01
   117 :  2.0565998e-02  1.7409463e-02  1.5489900e-02
   118 :  4.0908653e-02  4.3840946e-02  2.7925282e-02
   119 :  6.0402622e-14 -8.8820696e-13  4.7689434e-12
   120 :  6.5996152e-05 -4.4911933e-05  1.1667098e-05
   121 : -1.8119595e-09  1.0938635e-08 -2.3621701e-09
   122 :  1.1396798e-04 -2.9362748e-02  2.8612954e-02
   123 :  1.7588115e-15 -2.7458583e-15 -1.6925743e-15
   124 : -9.5610466e-12  1.2205774e-11 -2.3902852e-12
   125 : -4.6444123e-20  1.5515672e-19 -5.2579960e-20
   126 :  2.7241348e-08  4.6389201e-08 -1.7065919e-07
   127 : -2.7360817e-08  6.1169382e-08  2.5499730e-08
   128 :  3.9965368e-02 -2.4359361e-02 -3.6428987e-02
   129 : -1.4038335e-06 -3.7456471e-07  5.2256535e-06
   130 :  2.5432396e-03  4.5254251e-03  1.4348799e-02
   131 : -3.8386179e-03 -1.6197190e-02 -1.8146005e-02
   132 : -5.4530851e-03  1.7755215e-02  3.8894935e-03
   133 : -2.6363830e-02 -3.1266599e-02 -1.8351930e-02
   134 : -1.8817944e-02 -4.0140551e-04 -1.4110935e-02
   135 :  4.9635424e-03  2.6781893e-02 -4.7031873e-04
   136 :  1.7346315e-03  9.3426598e-03 -4.6257519e-03
   137 :  2.6320827e-02  9.0509038e-03 -6.1004392e-03
   138 :  1.5835282e-02 -1.3458033e-02  1.9007824e-02
   139 :  7.2032397e-03  2.7390252e-02 -6.8534233e-03
   140 :  3.5250715e-11 -7.7180669e-10  2.5712567e-10
   141 : -1.6500064e-10  4.0494511e-10 -1.7772588e-09
   142 :  1.9349575e-02  3.6993057e-02  1.5604623e-02
   143 : -1.9710041e-12  6.2452702e-12 -8.0476553e-13
   144 : -2.6669293e-03 -3.2631164e-03 -1.1413834e-03
   145 :  3.6966450e-04 -6.0739292e-03  2.6816463e-03
   146 :  8.4345516e-06 -3.3157329e-06 -9.6848374e-06
   147 : -6.4251616e-13  3.1324493e-13  2.2313767e-13
   148 : -3.5721275e-06 -2.1199941e-06  1.7723076e-05
   149 :  4.2858014e-03 -5.2962363e-03 -5.2851394e-03
   150 :  5.0232892e-04 -4.4605019e-03 -2.7789262e-03
   151 : -4.6613546e-09  5.8990938e-09  1.6125324e-08
   152 :  1.6563117e-06  1.4914150e-08 -1.4591649e-07
   153 :  7.2471537e-02  1.3629237e-02 -1.0115660e-04
   154 : -2.8910591e-18  2.1391141e-18  4.6314470e-18
   155 : -8.1478978e-13  4.0867579e-12 -6.1487007e-13
   156 : -3.5496126e-14 -5.3243747e-15 -2.1874273e-16
   157 : -9.1190619e-05  1.6328371e-04  5.1658650e-05
   158 :  3.6195470e-02 -2.5296946e-02  2.0213056e-02
   159 : -8.6849462e-04 -2.8068037e-03  1.8054686e-03
   160 : -6.1986276e-17  3.6067972e-17  1.4538605e-17
   161 : -3.0390104e-16  1.6208136e-16 -1.4716915e-16
   162 : -1.8127685e-02 -4.4146937e-03 -5.2848865e-03
   163 : -1.5925250e-03 -2.3207151e-02 -1.2586862e-02
   164 :  2.0850966e-08 -5.0419320e-08  1.3902128e-08
   165 : -3.5857864e-03  1.0349077e-02 -5.0980888e-03
   166 :  3.4674977e-13 -4.9464570e-13 -9.0137487e-13
   167 :  1.3376432e-02 -2.0644061e-03  1.7315097e-02
   168 : -6.9515990e-02  2.5080774e-02 -3.2736091e-02
   169 :  5.1810584e-02  3.9711897e-02  2.7811240e-02
   170 :  6.6462807e-15  7.3823083e-13 -3.8421682e-12
   171 :  2.6105050e-12  4.5136770e-12 -1.1738411e-11
   172 : -1.6912323e-02 -4.6122733e-03 -6.9607404e-03
   173 : -2.0285297e-02  3.7733301e-03 -2.2375161e-02
   174 :  3.7475529e-03  2.0909102e-02  1.5690502e-02
   175 : -8.6051432e-06  2.2544977e-07 -5.2722618e-08
   176 : -5.6199341e-11  8.2201476e-11  1.1063883e-10
   177 : -4.2784428e-03  8.1899861e-03  5.9645037e-03
   178 :  2.8854171e-02  2.9270611e-01 -2.6445540e-01
   179 :  2.4672442e-02  2.0664590e-02  1.9729066e-02
   180 :  1.2280510e-13  1.8099480e-13 -2.0168022e-13
   181 : -6.0934833e-03  8.9352204e-03  2.1335420e-02
   182 :  1.1026780e-07 -3.1599545e-07  1.1043567e-06
   183 :  1.4865061e-02  4.6239934e-04  1.9482942e-02
   184 : -1.0033861e-17  3.9110589e-16 -2.1888748e-16
   185 :  8.8288062e-08  7.3476785e-08 -4.4132227e-08
   186 :  2.1629222e-04 -1.2591997e-04  5.8271623e-05
   187 :  2.9115232e-02  1.1561956e-02  2.7080039e-02
   188 :  1.2414938e-02 -7.7935726e-02  1.7792998e-01
   189 :  2.6595397e-02 -2.9175167e-03 -2.5408495e-02
   190 : -2.5479501e-03 -2.0439940e-03 -7.3068118e-04
   191 :  3.2568534e-15 -3.4706150e-15 -5.4300789e-15
   192 :  1.2264998e-02 -3.4608186e-03 -1.2815746e-02
   193 : -6.9475504e-03 -9.1988897e-03 -2.2957701e-02
   194 : -8.8501964e-04  7.8379045e-02 -1.0150588e-01
   195 : -6.1059199e-05  7.7741452e-05  2.0309294e-05
   196 : -1.6273722e-13  2.6786523e-13  1.6687128e-13
   197 :  6.2841076e-13 -1.0073460e-12 -1.8338184e-13
   198 : -4.5073367e-04  1.8426631e-04  2.0815358e-04
   199 : -4.1172756e-02 -1.5285877e-02 -1.6698270e-02
   200 : -1.5603938e-12 -2.6952236e-12  5.8449274e-12
   201 : -1.8882597e-03 -1.2160445e-02  2.1156969e-02
   202 : -1.3094618e-04 -2.0427991e-04 -8.6540022e-04
   203 : -6.9482524e-15  4.0454037e-15  4.4315256e-15
   204 :  1.4222657e-04 -4.0654574e-04  2.6925472e-04
   205 :  6.9393872e-04 -1.3813532e-02  3.4514848e-02
   206 : -2.4842847e-14  6.5178618e-15  4.3654861e-15
   207 : -9.9175343e-13  2.6059310e-13 -6.6453765e-13
   208 : -8.7772465e-09 -1.7331305e-08  2.7674378e-08
   209 : -7.5061022e-02  8.7872838e-02  6.5880648e-02
   210 :  5.0646743e-04 -8.2360169e-04 -4.3664908e-04
   211 : -1.6829230e-14  5.7337654e-15 -1.9151968e-14
   212 :  1.1090078e-02 -2.6314493e-03  2.1243438e-02
   213 : -1.6948583e-12  2.0889884e-13  6.0275204e-12
   214 :  4.2490921e-03  1.0801392e-02 -5.8606444e-03
   215 : -2.3479906e-02  3.2760598e-02  1.7899395e-02
   216 :  1.5275098e-02  8.7630488e-04  7.8959200e-03
   217 : -3.5156369e-18  6.3801834e-18  1.7890670e-20
   218 :  3.0460507e-09 -5.2004624e-09 -2.2701563e-09
   219 : -2.2243309e-02 -2.6112060e-02 -1.6305267e-02
   220 : -5.9824274e-08  6.6689054e-09 -1.4604623e-07
   221 : -3.9952302e-11  2.1942837e-11  8.5542492e-11
   222 : -8.4403677e-03 -4.0155141e-03 -1.4931336e-02
   223 :  3.9709010e-03 -4.1007757e-03  1.0600897e-03
   224 :  7.8829968e-04 -2.1557764e-03  5.4361427e-04
   225 :  2.2151109e-07  8.4843113e-08 -6.1754941e-07
   226 :  1.6402118e-11 -3.3628317e-11 -2.0205997e-11
   227 :  9.6172902e-07 -2.5087061e-06 -8.4384529e-06
   228 :  2.1516382e-04  9.1264497e-03  7.5362720e-03
   229 :  4.4991867e-06  1.6017697e-06 -1.2653360e-06
   230 :  5.8131487e-12  9.3745652e-12 -6.8756164e-12
   231 : -2.5845984e-12  8.3929908e-12 -4.4479308e-12
   232 :  4.7057597e-19  8.5429900e-19 -8.9047574e-19
   233 : -3.2238518e-11  1.7867836e-11  7.1977724e-11
   234 :  2.4001026e-02 -1.3720947e-04  1.7316083e-02
   235 : -5.3300991e-02  5.8405084e-02 -2.4877100e-03
   236 :  1.5819692e-10 -4.0639342e-10  3.1970818e-11
   237 :  5.4054956e-09 -1.4282039e-08  3.9586448e-08
   238 :  1.0569932e-15  1.1413202e-16 -4.2593602e-16
   239 :  4.6225245e-11 -2.5839112e-11  5.5036566e-11
   240 : -6.6179818e-14  1.2438810e-14  1.5497718e-13
   241 : -1.9483756e-02 -2.2654276e-02 -2.5622240e-02
   242 :  2.5719246e-02  3.5578968e-02 -4.2196888e-02
   243 : -1.0473214e-02 -1.7102227e-02 -1.3053329e-02
   244 : -1.2665805e-02 -4.6582089e-03 -2.1548060e-02
   245 :  1.0403982e-10  6.6462011e-10 -3.6967649e-10
   246 :  5.5781153e-03 -1.3414467e-03 -2.5443918e-04
   247 : -1.1175576e-02 -9.3034974e-03 -3.1630878e-03
   248 : -1.4126314e-17  4.3492425e-19  2.7758861e-17
   249 :  1.5089854e-08 -1.3285040e-07 -1.7053602e-07
   250 : -1.3605663e-02 -5.9631769e-03 -2.0154997e-02
   251 : -1.2939609e-04  1.4628255e-02  1.3584251e-02
   252 : -3.4178561e-11 -4.7429683e-11 -2.2592555e-13
   253 :  7.8976873e-14 -4.4785482e-14  6.8334116e-14
   254 :  6.0403792e-03 -9.6228524e-03 -1.3928283e-02
   255 :  1.5228539e-04 -4.9726375e-05 -5.8894102e-05
   256 : -6.5875804e-03 -4.1446250e-03  2.5984005e-02
   257 :  4.6929405e-03  1.6009037e-02  3.0244885e-03
   258 : -3.6919796e-05  1.8919442e-06 -3.8592487e-05
   259 :  5.6548873e-09 -4.5036952e-09  1.3780625e-08
   260 :  2.4904472e-02 -5.1057388e-03 -1.5084867e-02
   261 : -1.5652891e-03 -1.2385020e-03  5.4021588e-03
   262 :  5.1378393e-10 -1.5352628e-10 -3.6696217e-10
   263 :  7.3651149e-12 -8.0323181e-13 -2.9169519e-13
   264 :  2.0410209e-04 -1.2760887e-04  1.7888725e-04
   265 : -1.3541673e-02 -1.9134372e-03 -1.3711800e-02
   266 : -9.4571831e-07 -4.2755831e-07 -1.5613116e-08
   267 :  1.4432909e-06  6.0115489e-07  1.7292478e-07
   268 : -1.3038628e-13 -1.2512249e-13  5.5069616e-13
   269 : -3.0033167e-03  4.2426689e-03  3.6685941e-03
   270 :  1.0202053e-05 -3.1761735e-05 -4.4892898e-06
   271 : -9.4329897e-03 -1.7866925e-02 -1.0307499e-02
   272 :  1.4260432e-07  5.7047740e-07  1.5502660e-06
   273 : -9.9759132e-12 -9.0226052e-12  3.1946571e-11
   274 : -1.3393094e-03 -6.7203272e-03 -9.4076245e-04
   275 : -2.8160898e-10  1.4750975e-09 -2.8716108e-09
   276 : -1.9639084e-02  2.8050573e-03 -1.5092590e-02
   277 : -4.2575393e-11  7.8082239e-11  7.5083839e-11
   278 :  1.7535930e-02  2.0055046e-02 -5.3640615e-04
   279 :  2.5577431e-03 -2.3513039e-03 -5.2124523e-04
   280 : -1.9289670e-02  2.6564203e-03 -6.3310124e-03
   281 :  8.7412645e-05  3.7830474e-04  2.5266506e-04
   282 : -5.5934665e-06  3.4760786e-06  3.0136858e-06
   283 : -1.5499705e-08  2.7133064e-08  4.9522878e-10
   284 :  5.6813407e-11  6.5065575e-11  1.7856169e-10
   285 : -1.8646157e-02 -1.9953155e-02 -1.7748833e-02
   286 :  7.2800127e-03 -2.7144798e-02 -1.5859929e-02
   287 :  1.0360836e-03  7.1616442e-03  2.2562338e-02
   288 :  2.1292853e-02  1.9147265e-02  2.4813421e-02
   289 : -2.9155975e-03 -1.0852136e-03 -3.2664388e-03
   290 : -1.9415899e-02 -6.4022201e-03 -1.8710419e-02
   291 : -1.8255567e-03  1.4761508e-03 -1.9313890e-04
   292 :  1.0124059e-02  4.3705020e-03 -1.0319813e-02
   293 :  2.7645278e-08 -3.1374282e-08 -2.4649391e-08
   294 :  7.7263977e-03 -3.2102083e-03 -2.3146771e-02
   295 : -1.6280704e-14 -2.5757612e-14  9.1053273e-15
   296 :  5.3976958e-03  1.1707706e-02 -1.5055763e-02
   297 :  9.0228763e-04 -3.0109713e-03 -6.9812526e-04
   298 :  6.0726386e-04 -5.0836693e-03  2.0614277e-03
   299 :  1.3061669e-15  9.6752769e-17 -1.2832429e-15
   300 :  1.6034416e-02  9.5268588e-03 -9.7504575e-03
   301 :  1.5451372e-03  7.8328512e-03 -2.5509404e-03
   302 : -3.6638203e-03  8.2480829e-03 -5.8982500e-03
   303 :  3.8732639e-02  2.6918015e-02 -9.2037505e-03
   304 :  2.2797982e-02  1.2356457e-02  2.2104399e-02
   305 :  1.9838987e-05 -3.2447599e-05 -9.2954528e-06
   306 :  8.3091783e-03  3.6357699e-03  1.5884046e-02
   307 :  7.2052015e-03  1.6675230e-02 -3.5303591e-03
   308 :  2.7265361e-04  5.0183488e-05 -1.9385540e-04
   309 : -1.6685252e-15  5.5836784e-14 -2.5506677e-14
   310 : -5.8676538e-03 -6.2758924e-03  1.3381962e-02
   311 :  3.0053626e-02  4.3285200e-03 -3.9701222e-02
   312 :  1.3510795e-13 -5.7462620e-13 -1.9225992e-13
   313 : -1.6516794e-08  7.1093743e-08 -2.3620608e-08
   314 : -6.7798826e-17 -1.3038066e-16 -8.6998759e-16
   315 :  3.6397047e-11  3.4157237e-10 -1.9425078e-10
   316 : -2.9078044e-03  1.1080071e-02  7.0167896e-03
   317 : -1.5305688e-15  4.4216946e-16  2.9174325e-15
   318 :  1.9949273e-03  8.5215060e-05 -7.5658292e-04
   319 : -2.2926387e-02 -1.5220244e-02 -2.2751402e-02
   320 :  4.4376670e-03  5.0045245e-02  2.5206281e-02
   321 :  1.2107492e-02  1.2164349e-02  3.1443878e-03
   322 :  1.2357776e-15 -3.0444272e-15  5.0885464e-16
   323 :  9.8873113e-16 -1.5755938e-15  3.6157599e-16
   324 :  1.2657820e-09 -2.1929632e-09  4.1140388e-10
   325 :  3.1272531e-08 -1.1095174e-08  3.4415479e-08
   326 : -4.6528014e-03 -9.7398180e-03 -2.8030778e-02
   327 :  4.2221648e-02  2.1582355e-01 -1.3166849e-01
   328 : -2.2798240e-02 -2.4355797e-02 -2.3148825e-02
   329 : -8.9493550e-11 -3.0722049e-09  1.5480128e-09
   330 :  7.5613662e-17 -3.0211779e-17 -1.8124963e-16
   331 :  1.8568983e-05 -1.8150821e-05 -4.8950876e-05
   332 :  2.9030344e-02  3.1179840e-02 -1.1345579e-02
   333 :  1.0899015e-08 -3.0338347e-09  6.5508918e-09
   334 : -3.4820102e-02  1.6490609e-02  4.1472269e-03
   335 : -6.0676189e-03 -1.1680906e-02 -3.3053906e-03
   336 :  3.4565426e-02  4.4678226e-02  2.8772547e-03
   337 :  1.2722487e-13 -4.5724545e-13  1.8927869e-13
   338 : -4.6893704e-02 -3.6808545e-02  5.8422842e-03
   339 :  4.5207001e-10 -1.0121272e-09 -1.1844307e-09
   340 :  2.9153814e-03  1.4980743e-03 -1.2589236e-03
   341 :  1.1074118e-13 -1.2454808e-14 -4.9805036e-14
   342 : -6.2279639e-11  6.8006466e-11  1.0513710e-12
   343 : -6.1502013e-05  2.4419481e-04  4.3429448e-05
   344 :  5.7571414e-03  5.4621654e-04  4.6096848e-03
   345 : -8.3229099e-03  1.8921200e-03 -8.7563259e-03
   346 :  2.3110596e-10  9.7744499e-11 -1.8178009e-10
   347 : -2.2579687e-02 -1.4800438e-02 -2.5538033e-02
   348 :  2.5094550e-04  5.1129313e-04 -3.2617645e-04
   349 :  1.8840863e-05 -3.6921828e-05  1.1827663e-06
   350 :  2.3342449e-03 -1.8324026e-02 -3.7948498e-03
   351 :  1.9536629e-08  4.1960670e-08 -1.0005112e-09
   352 : -1.2716040e-02 -8.8523366e-03 -2.4798694e-02
   353 :  2.2785204e-02  1.0812995e-02  2.0926582e-02
   354 :  2.6809654e-02  1.7115836e-02  1.9984409e-02
   355 : -5.6694158e-04 -4.8642671e-03 -1.0503743e-02
   356 :  1.7559449e-13  1.3217978e-13 -6.7024101e-13
   357 :  1.2794154e-02  7.4709430e-03 -8.1990529e-03
   358 : -2.1284361e-05 -1.2993576e-05  6.7445951e-06
   359 : -3.9474270e-19  6.3721348e-19  5.7927885e-20
   360 : -3.9674926e-03 -2.6940100e-02 -1.5881766e-02
   361 : -1.3721746e-07 -7.7597587e-08 -7.2538772e-10
   362 :  6.8949113e-05 -2.1529581e-05  2.0735022e-04
   363 :  9.0895601e-06  5.5076390e-07  1.0373426e-06
   364 : -8.8893567e-07  1.5115952e-06 -1.3090926e-08
   365 :  7.6822744e-03 -7.6568918e-04  4.0237686e-04
   366 :  5.2578217e-13 -5.9631732e-13 -1.2439724e-12
   367 : -3.4744841e-03 -5.5221077e-03  1.5554064e-02
   368 :  1.0368326e-02  9.7198357e-03  5.8328569e-03
   369 :  1.8203989e-05  1.0026167e-04  3.8254856e-04
   370 : -2.9517444e-05  6.6289030e-05  5.6261166e-05
   371 : -1.6198628e-13  9.9330829e-13 -2.0190136e-12
   372 :  1.0601969e-03 -2.8802142e-03  5.2091765e-04
   373 :  2.2066444e-02  1.9633523e-02  1.3391685e-02
   374 :  2.2769102e-02 -7.6588966e-03  1.8088371e-03
   375 :  1.2553285e-08  1.9052950e-08 -3.0817154e-09
   376 : -8.9377408e-16 -1.3699614e-13  1.6826005e-13
   377 : -4.8006259e-04 -3.1981818e-04  5.8604482e-04
   378 :  1.0596002e-04 -3.8148259e-04  2.0588067e-04
   379 : -5.4930938e-18  3.2602432e-17 -1.0889926e-17
   380 : -2.7072412e-02 -2.0685747e-02 -1.8993925e-02
   381 : -1.0677194e-05 -9.5888648e-06  3.3040487e-06
   382 : -1.9714600e-07  9.4942582e-08  2.4281117e-07
   383 :  1.9816861e-02  2.1831087e-02  4.6133267e-03
   384 :  1.3624942e-08 -1.5879335e-07  2.5971523e-08
   385 :  2.1726989e-02  6.3465966e-03  2.0057316e-02
   386 : -2.2830139e-03  6.4759305e-03  7.6383152e-04
   387 :  5.2520326e-09 -5.0753317e-09 -9.0148974e-09
   388 :  1.0740765e-02  5.0367136e-03  1.6956225e-03
   389 :  6.3788644e-06 -1.0529323e-05 -6.4252390e-06
   390 :  6.3269460e-04 -4.6375180e-05  1.1940681e-02
   391 : -1.0097991e-05 -2.7322845e-05  1.1796675e-05
   392 :  1.7427678e-02 -1.6223016e-02 -1.9910967e-03
   393 :  5.0447938e-03  8.5934178e-03  1.6394358e-02
   394 :  3.4547328e-07 -7.4595197e-07 -6.9380972e-07
   395 : -1.3369682e-03  7.7427431e-04 -9.6749818e-04
   396 :  1.1181964e-16 -1.5147413e-16  3.7742857e-16
   397 :  4.3628481e-03  2.2046559e-02 -3.2119611e-04
   398 :  1.4278562e-02  1.8880282e-02 -2.0407091e-03
   399 :  2.7975622e-02 -7.5343505e-03  1.7983497e-02
   400 :  1.9674314e-02  1.4717432e-04  2.0719436e-02
   401 :  8.0952043e-03 -7.2950438e-03 -3.2050094e-03
   402 :  1.6722419e-06 -1.2674644e-07 -3.8258541e-08
   403 : -2.5088766e-06  6.9714691e-06  2.5916784e-06
   404 :  9.3181013e-14  2.8222592e-13 -6.8935287e-13
   405 : -3.0313514e-03 -3.6182336e-04 -7.6099159e-04
   406 : -5.3503775e-03 -1.7618258e-02 -2.3766313e-02
   407 : -2.8805309e-03 -3.7406574e-03 -2.0490834e-03
   408 : -5.2636156e-03 -6.9078660e-03 -4.0863878e-04
   409 :  7.9056695e-03 -1.2887979e-03 -3.5291304e-03
   410 :  7.3050806e-03  1.6460640e-02  1.5435779e-02
   411 : -6.2579186e-03  1.7661583e-02  1.8378418e-04
   412 : -5.6858834e-03  1.8917993e-03 -3.1055788e-03
   413 : -2.4908172e-14 -1.4063852e-14  6.2595215e-14
   414 :  1.2722300e-02  1.2418347e-03 -5.5210824e-03
   415 : -6.7378896e-03  7.8845269e-03  1.8340830e-02
   416 :  6.8417226e-10  9.0530066e-11 -1.5810694e-09
   417 :  7.4491555e-03  4.2195572e-03  1.4122972e-02
   418 :  4.9293645e-03  2.6724013e-03 -6.1959833e-03
   419 : -9.7574428e-13  4.3495017e-12 -1.5650150e-12
   420 :  2.0304047e-12 -1.9683639e-12 -3.8280803e-12
   421 :  5.1341051e-10 -2.8267960e-09  2.0315473e-09
   422 :  1.8944583e-04 -1.0837584e-04  4.2454130e-04
   423 :  1.2796156e-02  2.7352226e-03  2.0302046e-02
   424 : -5.6622229e-07  7.1066366e-08  1.6067345e-07
   425 :  6.5478678e-09 -2.0599005e-08  6.2412558e-09
   426 :  5.6197318e-07  7.7036497e-07  1.1096828e-06
   427 : -2.5482674e-05 -1.0900763e-05  6.7458130e-05
   428 : -1.6758728e-07 -4.1657541e-07 -7.1128576e-07
   429 :  2.5015351e-02  1.5663329e-02  3.7262984e-02
   430 :  2.1953735e-03 -3.8055973e-04 -3.7210370e-05
   431 : -5.1251989e-04 -3.1808064e-03 -2.8563457e-03
   432 :  2.3243260e-04  1.8903660e-04  2.1223137e-04
   433 : -5.3312409e-14  9.1011479e-14  1.6312157e-14
   434 : -8.7629674e-03  1.1325780e-02 -4.2930537e-03
   435 : -4.0461250e-03  1.2920988e-03 -5.0407782e-03
   436 :  1.9825475e-08  4.1077857e-09 -4.6298470e-08
   437 : -2.3248884e-03  9.7245333e-03 -1.4801782e-02
   438 : -2.0361354e-02 -2.4443409e-02 -2.3629308e-02
   439 :  3.4644616e-04 -1.6705152e-02  5.1677375e-03
   440 :  1.5173084e-10 -4.5842768e-10  1.3655444e-10
   441 : -1.5153013e-14 -9.6890661e-15  3.6015684e-14
   442 : -8.7986805e-05  3.7320773e-03 -3.9324457e-03
   443 : -4.8543914e-04 -2.7446892e-03 -3.1399969e-03
   444 :  5.5693242e-03  3.7475103e-03  3.1310589e-03
   445 : -5.8262677e-04 -1.0410703e-04 -3.7718010e-05
   446 :  2.3072899e-02  5.5941582e-03 -9.7108433e-03
   447 :  9.1399662e-05  1.4574468e-05  1.0835126e-04
   448 :  1.6578576e-02 -2.0586016e-03  1.8814964e-02
   449 : -4.0614062e-14  7.3204834e-14  6.7057001e-14
   450 :  3.8027782e-15 -2.3509241e-15 -6.6732709e-15
   451 : -1.8063674e-02 -1.3740460e-02 -1.5982701e-02
   452 : -2.3125351e-03  3.8625628e-03 -6.3504725e-03
   453 :  1.0176138e-02 -6.5033516e-03 -1.0024196e-02
   454 :  2.4542417e-02  2.0987837e-02  2.7027847e-02
   455 :  4.4841828e-06 -1.7675541e-06 -4.9496423e-07
   456 :  8.3224922e-03  2.5213926e-02  1.9489822e-02
   457 : -6.4927473e-16  1.8385551e-14 -1.8971987e-14
   458 :  2.0226654e-06 -1.7450340e-05 -2.9026985e-06
   459 :  4.0913130e-03  1.9147327e-02  1.9370275e-02
   460 :  2.1410728e-02 -1.1926229e-03  1.8868217e-02
   461 : -3.6295253e-05  1.6556233e-04  1.3124232e-04
   462 : -4.5970768e-03  1.1316104e-02 -5.6083712e-04
   463 :  2.9962838e-10  1.4455878e-10 -9.9637359e-10
   464 : -3.3371619e-02 -8.0065721e-03 -4.0203910e-02
   465 :  8.8028931e-03 -3.7856163e-03 -1.2884244e-03
   466 : -1.6932532e-03  4.1973869e-03 -5.1023940e-03
   467 :  2.1937847e-10 -7.2066392e-11 -2.3998130e-10
   468 : -1.1129805e-08  8.4959070e-09 -1.2109383e-09
   469 : -1.2615655e-16 -9.1332919e-18  1.2071287e-16
   470 : -7.2712683e-15  8.4654742e-15 -1.4890274e-15
   471 : -2.9114273e-07  6.2197810e-08  1.5502062e-07
   472 :  1.2432620e-09 -2.4918638e-09 -4.3254181e-10
   473 : -8.2565945e-03 -5.6296176e-04  5.6281556e-03
   474 :  3.0168975e-13  4.0055826e-12 -1.9699206e-12
   475 : -4.3749984e-07 -3.4486946e-08 -2.2586301e-07
   476 : -4.2323958e-07 -8.1971136e-08  9.9785671e-08
   477 :  4.9581074e-16  1.0782117e-16 -7.0307254e-16
   478 :  3.4565406e-02  1.3321319e-02  1.8840689e-02
   479 :  2.8308010e-17 -7.7474888e-17  1.7898926e-17
   480 : -3.9760854e-03 -4.0437488e-03 -1.3986417e-02
   481 : -5.4102988e-07 -2.4722516e-07  2.6099100e-06
   482 : -5.4278206e-12 -7.6546592e-11  3.1193140e-11
   483 : -1.2685722e-02 -1.9255576e-02 -1.7251928e-02
   484 :  1.0571145e-02  2.0342138e-02  2.0658986e-02
   485 : -7.5614303e-03  3.0114670e-03 -7.0777589e-03
   486 : -3.9247615e-03  4.2864030e-03  7.4787245e-03
   487 :  1.5976019e-02 -4.8172376e-03  5.5627243e-02
   488 : -1.1372519e-02 -1.6637590e-02 -1.6474730e-02
   489 :  2.9237540e-12  2.2741433e-12 -9.4956041e-12
   490 :  6.8928393e-11  4.7986425e-11 -5.7422899e-11
   491 :  9.8073424e-13 -1.9467675e-12 -5.4232753e-12
   492 : -3.1419694e-02  3.4384436e-02 -5.5913395e-02
   493 :  2.0547556e-03  9.1114262e-04 -6.6927324e-05
   494 :  1.1034431e-02  6.4413162e-03  2.7204316e-03
   495 :  9.5427091e-05 -1.7640713e-04 -2.6640185e-03
   496 : -6.5814991e-09  3.9140404e-08 -1.8839367e-08
   497 :  4.4958894e-14  9.3444466e-14 -4.3272267e-14
   498 : -9.7686544e-13  2.7401717e-13 -7.0494564e-13
   499 :  1.3839032e-02 -1.3332123e-02 -5.3308564e-03
   500 : -1.6486979e-15  2.2441862e-15  3.1621715e-15
   501 :  1.4042511e-16 -1.5884259e-15  1.2343816e-15
   502 : -1.7259056e-02 -3.4487788e-02 -1.1695928e-02
   503 :  5.5698740e-03  4.9395867e-03  2.9836063e-03
   504 : -5.2198843e-03  1.5404310e-02 -2.9448654e-03
   505 : -7.3062237e-03  3.1178934e-03  1.0965800e-02
   506 :  2.1695483e-10 -5.5121731e-10 -1.6268235e-12
   507 : -4.3006038e-09 -3.5422467e-09  1.2060718e-08
   508 : -9.8531557e-10  9.7461424e-09 -2.5146571e-09
   509 :  1.4756628e-03  1.9653446e-02 -1.3053414e-03
   510 : -1.2283333e-08  2.7760399e-08 -1.9969503e-08
   511 :  2.4694292e-05  6.1275493e-05  1.1956044e-05
   512 :  3.2677608e-06  3.5216473e-06  1.2385681e-06
   513 : -1.5809260e-03 -2.5804243e-03 -7.8487534e-05
   514 : -3.4420379e-03  3.1490998e-02  2.3082853e-02
   515 :  1.5413297e-02  1.7241533e-02  3.1195210e-03
   516 : -4.4991646e-09 -1.1628128e-08  6.5477254e-09
   517 :  9.9789169e-03 -3.5938147e-02 -8.0490219e-04
   518 : -2.6228863e-03  2.2002252e-03 -5.2907478e-03
   519 :  2.9782243e-04 -1.0865545e-04 -6.5533746e-04
   520 :  3.2074793e-04  4.6886515e-04 -1.0067494e-03
   521 :  9.6831107e-04 -2.1776923e-02 -1.8023934e-02
   522 :  2.0074788e-02  1.0198589e-02  1.5434396e-02
   523 : -1.5122809e-02  7.7334508e-02 -9.6140843e-02
   524 :  1.0736520e-02  1.3097932e-02  1.8477148e-02
   525 :  1.6454747e-02 -5.6040898e-03  4.4901777e-04
   526 :  1.5045136e-06 -1.9553296e-07  2.1259467e-06
   527 :  1.3112763e-14 -1.7919170e-12  1.0759661e-12
   528 : -8.8936987e-03 -3.9214369e-03 -9.3823388e-03
   529 :  8.3205560e-03 -2.2920431e-02 -2.5690675e-02
   530 :  1.1644261e-02  3.1767951e-03  6.6127835e-03
   531 : -2.8436544e-02 -2.7403631e-02 -2.1695562e-02
   532 : -3.5776919e-05 -8.6217230e-07  1.9773939e-05
   533 : -6.4700677e-18  1.3043749e-18  2.6661884e-18
   534 :  1.5475468e-18  5.1851287e-18 -1.2625695e-17
   535 : -1.0425711e-12 -1.8075040e-11 -2.8359264e-12
   536 :  7.6153440e-04 -5.6959774e-03 -4.6822367e-03
   537 :  5.5838681e-03  3.3684114e-03 -1.1060143e-03
   538 :  7.1415446e-03  2.2173019e-02 -1.3650915e-03
   539 : -1.5753629e-12  8.0282408e-12 -5.8444492e-12
   540 :  9.2926817e-11 -4.4143597e-10  1.9683771e-10
   541 : -3.5703884e-10 -7.8715702e-10  6.9589643e-10
   542 :  4.4845048e-04 -2.8606836e-04  4.7115272e-04
   543 :  1.9638939e-14 -9.5118798e-13  9.9987523e-13
   544 : -2.8032361e-04 -2.3519747e-03 -1.6251302e-03
   545 : -4.7584476e-08  6.8716968e-08  1.2991503e-07
   546 : -2.1645429e-02 -1.4102999e-02 -1.9945777e-02
   547 : -1.0073649e-10  2.3219176e-10 -1.8306709e-11
   548 : -1.8084011e-02 -1.5933022e-02  8.3233520e-03
   549 :  9.1334986e-10 -2.8942139e-09  1.1499562e-08
   550 : -2.9745523e-02 -2.9507875e-02 -5.7918980e-03
   551 : -5.0903244e-03 -1.2041091e-02 -2.1808864e-02
   552 : -4.6817663e-03 -1.3303423e-02  8.0839336e-04
   553 : -5.2991529e-02  7.6768716e-03 -2.9579464e-02
   554 : -1.2272887e-08  8.8091265e-08 -1.9886544e-08
   555 :  2.8344735e-04 -6.0897126e-05  2.2329457e-04
   556 : -6.5400114e-09 -8.6425845e-09  5.0487836e-09
   557 :  3.2083485e-02  1.2135181e-02  2.2465829e-02
   558 :  2.6175909e-02 -6.0082533e-03  2.4865780e-03
   559 : -7.9536960e-03 -5.7161716e-03 -1.6012607e-02
   560 : -3.2948489e-02 -2.2077149e-02 -4.4834116e-03
   561 :  7.7456404e-04  1.0429422e-02  6.3081277e-03
   562 : -2.2093560e-05  6.4755415e-05 -1.3160094e-05
   563 : -4.9441065e-15  1.7727399e-15  2.1103411e-15
   564 : -2.2358716e-02 -1.2006758e-02 -1.8106558e-02
   565 : -4.3849698e-03  2.0456259e-03 -4.1670781e-03
   566 :  9.0726034e-10  1.1619580e-09 -2.2576383e-09
   567 :  6.0574735e-04 -1.2686528e-03  4.2050806e-04
   568 : -1.5795850e-03 -2.7216665e-02  2.8146537e-02
   569 : -1.7234236e-02 -1.2884779e-02 -3.2406516e-03
   570 : -3.0154831e-08  1.0027349e-07  6.7432357e-08
   571 :  3.6913505e-04  4.4271427e-04 -1.1523967e-04
   572 :  3.1376146e-16 -5.8740927e-15  2.8672570e-15
   573 :  2.2167134e-02  2.0250484e-02 -2.5196481e-04
   574 :  9.9242137e-03  2.5728267e-02  4.2851578e-03
   575 :  2.3381246e-02  2.0398646e-02  2.7108004e-02
   576 :  4.0643375e-02  1.4326286e-02  1.9865102e-02
   577 :  2.5192821e-02  2.0975721e-02  2.4576828e-02
   578 : -3.2619546e-17 -6.3492868e-18  2.4634050e-18
   579 : -9.1917634e-03 -1.0133003e-02 -1.7805351e-02
   580 :  1.8891927e-02  1.3649410e-02  2.7155931e-03
   581 :  1.3613255e-08 -1.7277383e-08  4.2454135e-09
   582 : -5.8472609e-17 -2.4753060e-17  1.2217034e-17
   583 : -1.3067644e-06  2.5207245e-06  8.0496740e-07
   584 :  3.9589661e-14 -7.4827556e-14 -1.1924162e-14
   585 :  1.4363867e-02  7.6421163e-03 -1.4455204e-02
   586 : -4.8497976e-11  4.4108900e-10 -3.2488010e-10
   587 : -1.1840397e-06  3.5813223e-06  2.5711944e-09
   588 : -2.0659761e-09  2.0202199e-09  2.8494458e-10
   589 : -5.6745007e-02  2.6081164e-02  2.2570188e-02
   590 : -1.6323995e-02 -1.4479364e-02 -9.1689612e-03
   591 : -3.6564067e-16  5.5446151e-16  1.8414717e-16
   592 :  9.0381984e-09  3.6259975e-09 -1.7864454e-08
   593 :  1.7239826e-04 -7.9653915e-06  1.1609145e-04
   594 : -1.4764285e-05 -2.1154716e-05  8.5277687e-06
   595 : -3.0429890e-04 -8.8833140e-03  2.7300869e-02
   596 :  1.8439463e-02 -2.5306676e-01  3.3909996e-01
   597 : -7.2000443e-06 -9.6455766e-05  2.0078810e-04
   598 :  3.1135412e-06  3.9337181e-06 -1.5471344e-06
   599 : -2.1129456e-02 -1.3328589e-02 -1.6982467e-02
   600 : -2.0672672e-03  1.9266605e-02  3.0315268e-03
   601 :  5.8100986e-03 -2.2412666e-02 -8.1043802e-03
   602 :  9.1135876e-11  4.8737255e-10 -2.6929423e-10
   603 :  1.5814828e-12  7.4074091e-12 -3.8137395e-12
   604 : -9.0673533e-07  8.1364825e-07 -7.9223287e-07
   605 :  1.8568548e-05 -6.2373426e-05 -3.5926613e-05
   606 :  2.3496662e-03  1.4728560e-02  1.0602285e-02
   607 :  8.3379721e-04 -2.6553503e-03 -2.3873205e-03
   608 : -9.2895662e-10 -1.7694398e-09  4.3130337e-10
   609 : -5.0692150e-08 -1.4325961e-07  1.4305694e-08
   610 : -5.1049163e-12 -1.2007374e-11  3.0582323e-11
   611 :  6.6844500e-03 -1.3479291e-02 -2.2122029e-02
   612 : -4.0771112e-04 -1.5499450e-03 -3.5579625e-03
   613 :  4.6679789e-04  4.0198191e-04 -1.4810079e-03
   614 : -6.6770526e-02 -7.0252678e-02  4.9215349e-02
   615 :  1.4571146e-03 -1.5981993e-03 -3.5224503e-03
   616 :  6.9162576e-14  2.7044053e-14 -9.2914765e-14
   617 : -2.5133173e-04 -1.0531785e-03 -1.3525818e-04
   618 : -8.3754918e-06 -1.4616058e-05  1.0901412e-05
   619 : -5.2687060e-10  7.4796331e-10  3.0997669e-10
   620 : -7.9075667e-06  8.7498114e-06  5.8370625e-06
   621 : -6.1498658e-05 -4.3864225e-03 -5.3103939e-03
   622 : -9.3814334e-03 -1.3387067e-02 -2.6932979e-02
   623 : -2.1511792e-02  4.0953192e-03  5.3139534e-04
   624 :  5.0277545e-03  1.3701767e-02  4.1791468e-06
   625 : -2.8412419e-04 -1.7974728e-03  6.9999554e-04
   626 : -4.3686626e-17  1.1533060e-16 -5.9846687e-17
   627 : -2.5356961e-11  6.1042946e-11 -7.9310909e-12
   628 : -1.4879119e-06  1.2996771e-06  7.7836463e-07
   629 : -2.8036870e-03  4.9076339e-04  1.5085498e-03
   630 :  4.8326977e-03  1.3064706e-02  1.5714814e-02
   631 :  2.7623480e-04 -1.2518215e-03  9.7107849e-05
   632 :  1.6003056e-13 -2.4292946e-13  8.2048343e-14
   633 : -1.1234352e-02 -6.7030452e-03 -6.2730480e-03
   634 : -2.5419818e-03 -2.3051470e-03  5.3639363e-03
   635 : -5.8513024e-03 -2.3600569e-02 -2.5944813e-02
   636 :  7.5614722e-03  4.3167805e-03  6.6117531e-03
   637 : -1.7446050e-02  1.3347313e-02 -4.9191855e-03
   638 : -2.9803945e-02 -2.2100259e-02 -2.5699073e-02
   639 :  3.3564049e-03 -2.0179064e-03 -2.2782921e-02
   640 :  1.8051304e-02 -6.2699372e-03  1.1136504e-02
   641 :  1.1548217e-09 -2.6725140e-09  2.1286555e-10
   642 :  1.2110661e-03  3.1338568e-02  4.6520726e-02
   643 :  7.8727747e-03  2.5536463e-03  3.2419944e-03
   644 : -4.1246621e-02  2.7863028e-02 -2.6381583e-02
   645 :  4.8443878e-02  1.8369467e-02  3.7007416e-02
   646 : -1.1490343e-04  7.6055393e-04 -2.4240612e-03
   647 : -2.8942186e-02  6.6386774e-03  1.1430628e-02
   648 :  1.5024162e-02  2.3385444e-02  1.4127373e-02
   649 :  6.1879366e-03 -1.5979093e-02 -3.7366632e-03
   650 :  4.6569198e-04 -2.1347119e-03  4.2858176e-03
   651 : -2.0424122e-03 -1.7499103e-02 -3.1304939e-02
   652 : -2.8870359e-03  1.9861399e-02 -1.7056634e-03
   653 : -2.6129392e-03 -5.1520578e-03  2.2778341e-02
   654 : -5.0013641e-07  1.2859655e-07  1.0762699e-07
   655 :  6.9645236e-03 -6.4578183e-03  1.2557842e-02
   656 : -6.3097646e-03 -7.3906094e-04  3.1957361e-03
   657 :  3.6821615e-03  2.0191863e-02  1.6417952e-02
   658 :  3.6043416e-02  1.0191158e-02  1.7537367e-02
   659 :  7.5841846e-03 -2.9575499e-03  1.5297793e-02
   660 : -2.4365230e-02 -8.1273919e-03 -2.9848457e-02
   661 : -2.3077007e-02 -6.5752949e-03 -3.2988047e-03
   662 :  6.3968503e-06  6.6792356e-06 -2.4432038e-05
   663 :  3.6407496e-03 -4.3920710e-03  1.0176333e-02
   664 : -3.6826335e-02 -8.7929887e-03 -1.2025812e-02
   665 : -2.5889181e-03 -2.4054091e-04  4.5794297e-03
   666 : -1.7343259e-13  1.1204764e-13  2.2911284e-13
   667 : -1.9630252e-08  1.5892742e-08  4.4625934e-09
   668 :  4.5018879e-03  4.5161087e-03  1.8267878e-03
   669 : -1.1092931e-16  4.6025329e-17  1.5511479e-16
   670 : -3.5700053e-03 -6.7474365e-03 -1.7263549e-02
   671 :  2.5481115e-02  1.3765694e-02  1.9873883e-02
   672 : -4.0143063e-03  2.2378325e-03  1.4575832e-03
   673 :  1.0375520e-05 -1.6337091e-05  1.9568175e-04
   674 : -5.3299605e-05  8.5327280e-05  2.8246219e-04
   675 :  1.6450502e-04  1.7850803e-04 -3.6804292e-04
   676 :  1.2978687e-02 -8.5166213e-02  1.4679091e-01
   677 : -1.4897461e-03  4.6164482e-04 -1.5875601e-03
   678 :  1.9590314e-03  4.3553211e-03  1.0816928e-03
   679 :  2.0578001e-02 -4.4747257e-03  1.7665084e-02
   680 :  9.4010254e-03 -3.3611744e-03 -8.1021745e-03
   681 :  4.4687077e-09 -2.0331604e-09  6.6562659e-09
   682 : -2.2771231e-09  5.6697881e-09  9.3556758e-09
   683 : -5.3812797e-08 -1.1471725e-08 -9.8557247e-08
   684 :  3.2240381e-10 -4.7855451e-10  1.7098429e-10
   685 :  2.3651508e-02  8.8648392e-03  1.5852242e-02
   686 : -6.3207566e-06 -2.9242232e-04  3.0294372e-04
   687 :  1.8142970e-09  1.4625113e-09 -3.5426461e-09
   688 :  4.3155046e-05  7.6664547e-05 -9.9307919e-05
   689 : -1.2127909e-02 -2.1565078e-02 -1.4627969e-02
   690 : -2.0398045e-03 -1.8200117e-03 -6.9308799e-04
   691 :  2.1271845e-02  3.4274843e-02  2.2390834e-02
   692 :  4.3804735e-02  2.6873075e-02  1.3309968e-02
   693 : -2.2173514e-16  3.0395538e-16  1.4787783e-16
   694 : -2.2494697e-11  5.1633774e-11  3.6632148e-11
   695 : -1.9755111e-02 -1.4988346e-02 -1.6268096e-02
   696 :  4.5006387e-03 -6.4885071e-04 -1.6393386e-02
   697 : -2.8279686e-03  2.1965517e-02  2.3204208e-02
   698 :  8.9319398e-03 -4.7876110e-03  3.5655141e-03
   699 : -1.8868605e-05  4.0058078e-06 -2.5462103e-05
   700 :  4.0833412e-15  5.6302179e-15 -1.6520654e-14
   701 : -9.3433697e-14  2.4384504e-13 -6.9798134e-14
   702 :  1.3435651e-08  6.8970611e-08  7.7759850e-08
   703 :  1.9253067e-02  1.5432302e-02  2.3281936e-02
   704 : -2.5263852e-03 -2.5469907e-03  2.3954270e-02
   705 : -9.9285868e-11 -9.1775201e-10  4.9681776e-10
   706 : -2.1807733e-01  1.5460515e-01  6.9865985e-02
   707 : -6.1300452e-02 -3.9107463e-02 -3.7192921e-02
   708 : -2.2617880e-02 -6.9157370e-03  8.8434855e-03
   709 : -4.8869225e-04 -8.3875977e-04 -1.7073448e-03
   710 :  3.1628053e-06 -5.2619147e-07  1.7318407e-06
   711 :  3.9785025e-03 -1.1639784e-03 -3.1204032e-03
   712 :  4.1790986e-03 -3.2544957e-03  3.2957035e-03
   713 :  1.5005765e-02  5.3941288e-03  2.0748705e-02
   714 :  2.4599677e-02  2.4080275e-02  2.6333543e-02
   715 :  1.5689041e-02  1.3701580e-02  2.2702085e-02
   716 :  3.6497224e-11 -6.9034836e-11  1.4028113e-10
   717 : -2.1838117e-02 -2.6108705e-02 -2.2720873e-02
   718 :  2.6860733e-02 -8.9710804e-04  1.5201881e-02
   719 : -5.7614595e-03  2.8586638e-03 -7.6648936e-03
   720 :  1.3193549e-02 -5.6115146e-03  1.8000285e-02
   721 : -4.4257535e-02  4.1311254e-02 -8.3404728e-03
   722 : -9.4028631e-10  4.4461426e-09 -1.9949624e-09
   723 : -3.4848311e-09 -4.1203672e-08  3.6563869e-08
   724 :  6.8076854e-09  8.1910685e-09 -2.5796180e-09
   725 :  9.3080821e-05 -4.0315653e-03 -1.2855945e-02
   726 :  8.8796104e-05  1.1020319e-04 -6.5172144e-05
   727 : -5.6724622e-03  1.9292121e-04 -1.3226555e-02
   728 : -2.2429854e-02 -2.5646209e-02 -2.4187511e-02
   729 :  5.4401559e-02 -1.0349331e-02  2.7568424e-02
   730 :  1.9462314e-02  7.4344996e-03  1.2918465e-02
   731 :  1.2393402e-08 -1.7926598e-08  3.3443856e-09
   732 : -3.2838771e-06  2.7129116e-06  2.3995999e-06
   733 :  1.6486830e-02  2.2644535e-02  1.7611526e-02
   734 : -8.5040842e-02 -9.6807979e-01  1.0139737e+00
   735 :  3.0029276e-02 -2.6688758e-01  3.8989650e-01
   736 :  7.0799727e-03 -2.3222706e-02 -2.2141560e-02
   737 : -2.2936258e-04  1.0922185e-04 -1.4189635e-03
   738 :  2.6083811e-03  4.0515024e-03  4.2096680e-03
   739 : -6.4646238e-03 -3.8612459e-03 -1.4272565e-02
   740 :  2.1657553e-02  1.0878664e-02  2.2768365e-02
   741 : -3.5273597e-03 -1.1178849e-02  5.4660732e-03
   742 : -4.9901724e-03 -6.7103804e-04  1.1247713e-02
   743 :  2.8263799e-02  2.2445310e-02  1.7691643e-02
   744 :  1.3473197e-02  4.7804731e-02  2.2942883e-02
   745 : -1.2498681e-09  2.9781450e-09 -1.0114785e-09
   746 : -1.0938171e-07 -1.1162478e-07 -6.0560375e-08
   747 : -3.0254101e-05 -8.0164320e-05  1.1261442e-04
   748 :  1.9118034e-02  1.3836053e-02  1.5932506e-02
   749 : -2.8736047e-02 -1.9112115e-02 -2.5060486e-02
   750 :  3.0353562e-10  6.5642512e-10 -1.8498578e-09
   751 :  1.9169120e-02  1.6718764e-02  2.4645353e-02
   752 : -2.0294949e-04 -3.1415701e-03 -1.8496057e-03
   753 : -3.0999812e-02 -1.6866740e-02 -2.8239917e-02
   754 : -4.4909079e-07 -3.4303976e-07  1.5296967e-06
   755 :  2.7969042e-02  3.6858289e-02  1.6700780e-02
   756 :  5.4658456e-04 -1.9701469e-03 -1.8599654e-03
   757 : -2.3401996e-16 -1.7101599e-16  1.4714207e-16
   758 : -2.3486185e-02  1.3760737e-02 -4.9090405e-02
   759 :  1.3172793e-02 -1.9686761e-03  2.1453262e-02
   760 : -3.6199996e-05  1.6178348e-04 -5.9043365e-05
   761 :  2.9667888e-02  2.2710421e-02  1.7872903e-02
   762 : -2.6142038e-02 -1.4540676e-01  8.0696033e-02
   763 :  3.1691843e-12 -1.1766996e-11  3.7286104e-12
   764 :  4.6229258e-13  4.7076599e-13 -3.4445577e-13
   765 :  2.6026111e-02  2.0265681e-02  2.4037217e-02
   766 :  1.0181479e-04  2.6259017e-04  2.4591472e-04
   767 :  9.8564851e-03 -2.6678166e-01  2.4024239e-01
   768 : -5.5012151e-10 -4.7348927e-10 -1.6753998e-10
   769 :  2.6566607e-02  2.4953270e-02  2.5912161e-02
   770 :  2.4121333e-02  2.2326602e-02  3.4270747e-02
   771 :  6.6143995e-04 -2.5451494e-02  3.1322863e-02
   772 :  5.9063089e-03 -1.4612294e-03  2.5259062e-03
   773 :  6.7296530e-04 -1.4565754e-04 -1.2394999e-03
   774 :  2.8419609e-02  2.3137689e-02  1.4009958e-02
   775 :  3.1758580e-02 -3.6324048e-01  3.5411498e-01
   776 :  4.1576037e-04 -4.2054959e-04 -1.5600789e-03
   777 :  2.8169502e-02  1.9746462e-02  2.1103398e-02
   778 :  2.3733580e-02  1.7037625e-02  2.1803699e-02
   779 :  6.0887987e-07 -5.8215990e-07  4.6668571e-09
   780 : -5.7636374e-02 -7.2372451e-03  2.7243853e-02
   781 : -1.8546513e-09  9.7506022e-10 -1.4038356e-09
   782 : -4.5455694e-17  8.0897918e-18  8.5644926e-17
   783 :  3.2632213e-02  3.3315692e-02  2.0772413e-02
   784 :  8.9045330e-03  2.8644863e-02 -4.7792859e-03
   785 :  2.2430939e-09 -6.7143308e-09 -3.2350480e-10
   786 :  4.7172192e-02  1.5525018e-02  1.6762009e-02
   787 :  1.7071443e-02  1.0915542e-02  1.9752574e-02
   788 : -4.5060195e-10 -8.7826136e-10 -6.7061979e-10
   789 :  1.6216586e-08 -7.6200014e-08  1.5874784e-07
   790 :  1.8956555e-02  9.8345814e-03 -7.8672545e-03
   791 : -3.9176587e-02 -9.0828412e-02  8.0225141e-02
   792 :  1.9977386e-03 -2.7375785e-03  5.9728742e-03
   793 :  8.0892873e-03 -4.2670766e-03 -1.3279817e-03
   794 :  2.6723852e-02  1.7064723e-02  1.5119930e-02
   795 :  3.7081031e-03 -5.5970960e-03  1.2960830e-02
   796 : -4.4707901e-03 -1.5344773e-02  6.9079469e-04
   797 :  6.1534122e-10 -3.2313105e-09  6.3176964e-09
   798 : -2.2813147e-02 -8.3030412e-02  1.4931544e-02
   799 : -5.6942881e-05  1.8137001e-04  2.7530298e-04
   800 :  2.5013272e-02  2.5732762e-02  2.6556820e-02
   801 :  5.5694510e-08  6.9236859e-08 -2.0670922e-07
   802 :  3.7399214e-02 -1.5430849e-01  2.4806797e-01
   803 : -1.7391562e-05 -9.5351579e-06 -4.2899441e-06
   804 :  2.5413849e-02  2.4367888e-02  2.6706291e-02
   805 :  3.0120623e-02  1.5123574e-02  3.0405208e-02
   806 :  3.8519794e-07  3.8217438e-08  3.7602319e-07
   807 : -3.5502933e-10 -7.0271691e-10 -3.1787877e-10
   808 :  3.0306871e-02  2.5611500e-02  2.3477715e-02
   809 : -2.0285160e-05  3.1941957e-04  1.8961080e-04
   810 :  5.8514675e-10  1.8173629e-08 -4.4386311e-08
   811 : -1.5323863e-17  2.3689605e-17 -5.4404363e-17
   812 : -1.6976929e-04 -1.7408538e-03  5.0427894e-03
   813 :  1.0098600e-02 -7.3616962e-03  6.2030812e-02
   814 : -2.3368770e-16  1.5920102e-20  2.3263924e-16
   815 :  7.6024773e-19 -3.0562083e-18  6.1210285e-18
   816 : -8.9995615e-15  2.0625905e-14 -5.6740734e-15
   817 : -2.1146026e-15 -7.5066009e-15  1.2007422e-14
   818 :  7.5900195e-17 -1.0802658e-15  8.2100925e-16
   819 : -2.9789815e-03  1.9070276e-03 -1.0522253e-03
   820 :  4.7894180e-17 -1.2172771e-16  2.5277651e-17
   821 :  2.0897066e-03  6.1935152e-02 -1.1502216e-01
   822 :  1.8269029e-02 -1.1030094e-02  6.4708946e-02
   823 : -1.4652661e-06  4.9286159e-06 -4.5505934e-07
   824 : -7.0206739e-06 -1.0227504e-05 -2.5974957e-05
   825 :  1.3038911e-11 -6.3879338e-12 -1.6021254e-11
   826 : -4.4576740e-03 -6.6245719e-04 -6.2689688e-03
   827 :  7.7499777e-08 -1.2547265e-07  2.8472490e-08
   828 : -3.0367119e-05  1.5888952e-04 -6.1260489e-05
   829 : -3.4533236e-03 -3.0562607e-02  3.7546178e-02
   830 : -2.2561605e-02  2.8168817e-02 -2.3520846e-02
   831 : -9.5081733e-03  5.3433947e-02 -6.5059135e-02
   832 : -1.9329890e-03 -7.1995728e-03  1.9386702e-03
   833 : -1.1772679e-02  5.0348524e-02 -1.1762820e-01
   834 : -4.2832112e-15  3.7578236e-15 -3.9063625e-15
   835 : -2.8731333e-19 -2.3877724e-18  2.1739501e-18
   836 : -3.4636705e-03  2.3297777e-02 -9.7360654e-03
   837 : -4.2708050e-09  8.7748853e-12  2.2630630e-08
   838 : -2.1181107e-02 -2.1410469e-02 -2.7910152e-02
   839 : -4.1454002e-05  4.1940813e-05  5.1488378e-05
   840 :  2.5031614e-08  1.2138478e-08 -6.1569239e-08
   841 : -4.0104556e-07  4.6505953e-07 -6.9189967e-07
   842 :  1.2810259e-03  1.4370174e-03 -1.6541362e-03
   843 :  4.5624165e-07 -9.1426708e-07 -2.4446876e-07
   844 :  1.2872843e-02 -9.1206644e-03  1.2834656e-02
   845 :  1.3319083e-11 -2.1970886e-11  4.4346786e-11
   846 :  1.0073479e-02 -1.3613854e-01  2.0490154e-01
   847 :  1.5473119e-03 -5.4369905e-04 -1.0390821e-03
   848 : -1.3568699e-19 -9.5810174e-19  5.1566787e-19
   849 : -3.2578390e-05  3.9230046e-05 -4.4090980e-06
   850 : -2.1025659e-05 -2.3914811e-05 -1.1265801e-05
   851 :  2.8149515e-06 -3.6944894e-06  6.5650578e-06
   852 : -1.2905102e-12  3.3133394e-12 -9.6168510e-13
   853 : -7.4048864e-03 -2.3394309e-02 -8.9880937e-04
   854 :  2.8370219e-20 -2.1611385e-19  8.4125963e-20
   855 :  1.3710699e-02 -8.5841779e-03 -5.3771660e-03
   856 : -2.3045936e-02  2.1529292e-02  3.1000545e-03
   857 :  1.0695255e-02 -4.8512251e-03  6.6086491e-03
   858 : -2.2979310e-02 -3.4732166e-03  4.7064290e-03
   859 :  6.3874485e-13  2.7471557e-12  6.1799906e-12
   860 :  5.4788540e-03 -1.6924346e-03  2.2644603e-02
   861 :  2.0369333e-02 -3.6227833e-03  1.7452336e-02
   862 :  1.3494436e-02 -2.2824199e-03 -3.2173116e-03
   863 :  4.7874986e-04  2.3553269e-03  1.7078526e-03
   864 :  3.0467981e-03  4.0113890e-03  1.1791902e-03
   865 : -2.1965813e-02  2.4148980e-01 -2.4874198e-01
   866 :  8.0455234e-02  6.4112587e-04 -3.0570126e-02
   867 :  6.4421515e-03  4.0016291e-03  4.1104743e-03
   868 :  9.4356898e-04 -5.4507082e-04 -3.0344081e-03
   869 : -7.7631752e-04 -1.4757986e-04  6.7341029e-04
   870 :  4.4057425e-04 -3.8783091e-03  6.6216102e-04
   871 : -7.8879501e-03 -7.9123853e-02  4.8710967e-02
   872 :  3.8136647e-03 -1.3872929e-02 -1.9628705e-02
   873 :  3.9840560e-03  2.3013996e-02  2.4142254e-02
   874 :  2.4513227e-02  1.8769109e-02  2.7564303e-03
   875 :  7.1713477e-07 -1.6548900e-07 -5.0608930e-08
   876 :  3.6605882e-07  1.3579407e-06  4.0485317e-07
   877 : -1.1629326e-15  1.4659636e-15 -1.8567876e-15
   878 : -1.5155996e-14  3.6637145e-14 -4.2537654e-15
   879 :  5.6082318e-07 -1.0562575e-07 -5.3676391e-07
   880 :  6.2154920e-06 -5.5644397e-06 -8.5549152e-07
   881 : -6.1146502e-16  1.9396177e-16  2.1714059e-16
   882 :  6.0111014e-15 -3.3708472e-15 -9.1557715e-15
   883 :  9.1015106e-08 -1.4450895e-08 -5.9436207e-08
   884 : -3.2434129e-07 -6.3596384e-07  1.2108442e-07
   885 : -5.3165669e-03  1.7793346e-02  1.9604363e-02
   886 :  1.6116350e-02 -3.3121192e-03 -4.0766625e-03
   887 :  4.8547936e-03 -2.6401143e-03 -2.1363621e-02
   888 : -2.0862617e-02 -2.2801255e-02  5.4209909e-03
   889 : -7.3105075e-03 -1.5644952e-02 -4.0766986e-03
   890 : -7.0714149e-03  3.0060668e-03 -4.4579695e-03
   891 : -7.0253264e-07  4.7896024e-07 -3.3750779e-07
   892 :  4.1527024e-06  3.5128534e-07 -8.1575048e-06
   893 : -7.0266425e-03 -3.2495063e-03  2.6978236e-02
   894 :  1.5270622e-02  7.1073800e-03 -2.8042629e-02
   895 : -2.4677156e-02 -1.1558925e-02  1.1137931e-02
   896 :  4.5660472e-03 -1.2227013e-03 -1.5580192e-02
   897 : -1.1657418e-07  2.7582767e-08  2.3317233e-08
   898 :  1.5233690e-08 -1.6954086e-07 -1.5567938e-07
   899 : -1.2955889e-02 -1.6994440e-02 -1.7722556e-02
   900 : -1.8790895e-02 -1.6694438e-02 -1.1946879e-02
   901 : -2.2599830e-03 -4.1292324e-03  1.8297173e-02
   902 :  3.5222142e-02  3.7618938e-02 -6.9444187e-03
   903 : -1.7665839e-02 -1.2496852e-02 -1.6050789e-02
   904 : -1.4957305e-02  3.6296080e-03 -2.3395274e-02
   905 :  3.5289929e-03  9.7184139e-04  3.8823433e-03
   906 :  9.9943803e-03 -1.4047650e-02 -6.3640808e-03
   907 :  2.3601620e-03  1.7572819e-02  9.5153694e-03
   908 :  5.5612524e-02 -6.8230073e-02 -2.2397875e-02
   909 : -3.9451685e-02  2.7059959e-02  5.0784215e-02
   910 :  2.9892778e-03  4.3148299e-03  3.8236054e-03
   911 :  2.4340940e-03  6.1486911e-04  2.5838163e-03
