Number of elements 912
     0 :  5.5036484e-21  8.5909690e-21 -7.0448395e-21
     1 :  6.8449640e-13  5.0846576e-13 -5.9399391e-13
     2 :  2.6842850e+05  3.0959750e+05 -2.4055670e+05
     3 : -2.9441520e-12 -2.9215640e-12  2.9294750e-12
     4 : -1.5511164e+05  3.8254401e+05 -1.4920055e+05
     5 :  4.8863382e+07  1.7867945e+06 -2.4699086e+07
     6 : -4.7523261e-34  1.2126916e-33 -3.6860158e-34
     7 :  1.0246246e-12  6.5485297e-13 -8.3935418e-13
     8 : -2.7019456e-08 -5.4500314e-08  4.0916574e-08
     9 :  3.7362691e-31  1.0632470e-30 -7.1863709e-31
    10 : -7.5119811e-09 -1.8875652e-08  1.3164210e-08
    11 : -8.0121712e-35 -5.3692258e-35  6.6882807e-35
    12 : -2.2971941e+06 -1.2774001e+07  7.7852320e+06
    13 : -9.5628714e-05 -7.1694566e-05  8.3671040e-05
    14 :  7.3427771e-18  1.7036211e-17 -1.2225001e-17
    15 :  2.9684304e-07 -2.1808916e-06  9.8864604e-07
    16 :  6.1822770e-37  1.9984275e-36 -1.3081974e-36
    17 :  5.0711285e-26  3.1958299e-25 -1.8467268e-25
    18 :  3.1692331e-11 -1.0862845e-09  5.3298109e-10
    19 : -7.8664118e-44 -3.8216196e-43  2.3034544e-43
    20 : -4.6866333e-24 -3.2004254e-24  3.9300093e-24
    21 : -9.3745858e-04 -1.1236575e-03  1.0254161e-03
    22 :  9.3736437e-05  4.2228313e-04 -2.6002481e-04
    23 :  2.1284386e-39  1.7675326e-39 -1.9458787e-39
    24 :  3.1916023e-10  1.1850905e-09 -7.4758297e-10
    25 :  8.6614654e-43  2.3282441e-42 -1.5982398e-42
    26 :  4.2528246e-09  9.0179036e-09 -6.6885347e-09
    27 :  4.6037574e-07 -2.1810591e-06  8.6699760e-07
    28 :  3.3233826e-07  7.0030769e-07 -5.2145851e-07
    29 :  4.4336420e-10  4.3902470e-10 -4.4061266e-10
    30 :  4.1882679e-08  3.9608007e-08 -4.0931341e-08
    31 :  2.8893308e-16  8.3705625e-16 -5.6272769e-16
    32 : -1.2634546e-35 -5.0671149e-35  3.1619490e-35
    33 : -5.9226837e-05 -2.4494450e-04  1.5181052e-04
    34 : -2.1787502e-44 -4.4099926e-44  3.2940169e-44
    35 :  8.5466051e-17 -9.5943857e-16  4.3644671e-16
    36 :  7.5548699e+04  9.7131302e+04 -8.5313583e+04
    37 :  8.8361045e-02  7.0134545e-01 -4.0090753e-01
    38 : -1.4590167e-05  2.5318125e-05 -6.7398373e-06
    39 :  2.2131965e-11 -2.4120294e-10  1.0912433e-10
    40 :  2.6579066e-12  1.9200380e-12 -2.2605651e-12
    41 : -3.1310832e-08 -2.3687753e-08  2.7725648e-08
    42 : -3.3336991e-41 -2.9644524e-41  3.1519551e-41
    43 :  1.1151579e-22  1.2314044e-22 -1.1726426e-22
    44 :  9.9573551e-02  1.7073730e-01 -1.3433575e-01
    45 :  1.1833226e-17  6.8612860e-18 -9.3616107e-18
    46 :  1.4443474e-17  2.0853297e-17 -1.7656925e-17
    47 :  2.2881298e-33  2.4336276e-33 -2.3600490e-33
    48 : -5.8730718e-36 -1.8267309e-35  1.2075672e-35
    49 : -7.6321791e-07 -2.5093485e-06  1.6335304e-06
    50 :  7.8144797e-05  2.0370800e-04 -1.4161813e-04
    51 :  7.1311923e+00  1.6761451e+01 -1.2320129e+01
    52 : -2.6254008e-06 -6.1322737e-06  4.3696680e-06
    53 :  1.5072615e-33  1.3554774e-33 -1.4296050e-33
    54 :  1.9450355e-04  8.2505922e-05 -1.3759866e-04
    55 :  2.3192928e-05  5.1011591e-05 -3.6642601e-05
    56 :  3.4196701e+07  8.3465954e+07 -5.9524358e+07
    57 : -1.6045235e-08  3.4408309e-08 -9.1895909e-09
    58 :  1.7911877e+04  1.6115380e+04 -1.6937799e+04
    59 :  4.1281780e-09  3.3541630e-09 -3.7815352e-09
    60 :  1.0955296e-03  2.5143211e-03 -1.7944480e-03
    61 :  9.3569647e+01  5.0327610e+01 -7.1522938e+01
    62 :  4.1440690e-10  1.2063023e-09 -8.1364665e-10
    63 :  4.2922175e-03 -2.9995259e-02  1.3322929e-02
    64 :  9.5744938e-13  5.4866255e-13 -7.5197587e-13
    65 : -6.9689867e-14 -2.4821006e-13  1.5926828e-13
    66 : -4.1655847e-16 -9.9856794e-16  7.0643730e-16
    67 :  2.1350052e-39  6.3720299e-39 -4.2510690e-39
    68 : -1.1260880e-40 -3.7864907e-41  7.5176266e-41
    69 : -5.3893325e-40 -1.4211501e-39  9.7961879e-40
    70 :  1.0732427e-16  4.7809559e-16 -2.9249515e-16
    71 : -3.1797245e+00 -7.0807595e+00  5.0588096e+00
    72 : -2.6440550e-43 -1.0018487e-42  6.3312492e-43
    73 : -1.2932317e-03 -1.5176208e-03  1.3901830e-03
    74 :  2.8191800e-27  5.9735337e-27 -4.3994297e-27
    75 :  1.2953475e-24  8.7840527e-25 -1.0874151e-24
    76 :  8.8366492e-39 -5.5119838e-39 -1.6575871e-39
    77 :  1.2591328e-27  7.4264830e-28 -9.9662605e-28
    78 : -4.3094349e-32 -3.3301427e-32  3.8198872e-32
    79 : -3.3650591e-25 -3.9600732e-25  3.6553216e-25
    80 : -2.1776124e-52  6.9369911e-52 -2.3788918e-52
    81 : -2.3002890e-33 -6.6745661e-33  4.4897110e-33
    82 : -9.4383803e+04 -1.6047414e+05  1.2853682e+05
    83 :  3.0029540e-45 -8.8122926e-45  2.9033387e-45
    84 :  4.7517731e-43  3.7916081e-42 -2.1340552e-42
    85 :  1.3827746e+02  1.3044660e+02 -1.3421847e+02
    86 :  1.8449565e-23  1.4871773e-23 -1.6652177e-23
    87 : -1.0643562e-21 -7.4478131e-22  9.0299318e-22
    88 : -4.9968643e-14 -1.6427119e-13  1.0749421e-13
    89 : -7.2963677e+00 -5.6097682e+00  6.4384582e+00
    90 :  7.3486124e-44  2.2468825e-43 -1.4916109e-43
    91 : -2.8780429e+06 -8.4082580e+06  5.9173426e+06
    92 :  1.8959928e-21  1.6150453e-19 -8.1766724e-20
    93 : -3.9870346e-51 -6.5116015e-51  5.2453722e-51
    94 :  2.5755953e-21 -3.0519896e-21  2.4964284e-22
    95 : -2.4635830e-35 -2.1095925e-35  2.2840670e-35
    96 :  2.2378487e-15  7.9655227e-16 -1.5121337e-15
    97 :  4.2479488e-14  4.2998900e-14 -4.2727070e-14
    98 : -2.2113130e+03 -4.6124193e+03  3.3582736e+03
    99 : -4.2417226e-31 -1.4723767e-31  2.8588587e-31
   100 : -5.8555266e-35 -5.9664116e-35  5.9077714e-35
   101 : -1.4284515e-14 -3.2605026e-14  2.3521748e-14
   102 :  4.3323826e-09  1.1491571e-08 -7.9944852e-09
   103 :  1.2468771e-44  8.2104606e-45 -1.0332616e-44
   104 : -3.7178540e-20 -1.1417835e-19  7.6518868e-20
   105 :  4.1597962e-07  3.5597524e-07 -3.8253157e-07
   106 :  2.6540378e-12  3.8685961e-12 -3.2763872e-12
   107 : -3.7397813e-15  3.3858210e-14 -1.5198012e-14
   108 : -1.7755926e-09 -1.1636159e-09  1.4634224e-09
   109 :  6.9003596e-07  7.3429962e-07 -6.9739670e-07
   110 :  4.0198702e-05  1.5124170e-04 -9.7486440e-05
   111 : -1.7601485e-10 -6.6095484e-11  1.2162518e-10
   112 : -2.8408516e-30 -2.3737475e-30  2.6021630e-30
   113 :  2.2290199e+01  3.7418543e+01 -3.0860643e+01
   114 : -1.2035527e-16 -2.1819123e-16  1.6954212e-16
   115 :  8.0295368e-07  1.6322352e-06 -1.2339047e-06
   116 : -1.1441798e-03 -8.4992123e-04  1.0429781e-03
   117 : -4.6022986e+07 -8.8242971e+07  6.7743475e+07
   118 : -9.5801128e+05 -1.0358428e+06  9.8439096e+05
   119 : -1.7072004e-38 -1.7732954e-38  1.7383495e-38
   120 :  3.7077976e-16  2.2509068e-16 -2.9763809e-16
   121 :  1.1432672e-26  2.4162798e-26 -1.7819528e-26
   122 :  7.5510015e-07  1.1253457e-06 -9.6032166e-07
   123 : -7.1439875e-46  6.8264916e-46  1.5861909e-47
   124 :  4.4965889e-33 -6.4473430e-33  9.7722355e-34
   125 :  5.9931190e-56  3.4667877e-56 -4.7290079e-56
   126 : -1.1133700e-24 -4.5529557e-24  2.8261578e-24
   127 :  1.6717944e-27  4.1058740e-27 -2.8850424e-27
   128 : -1.7317897e-05 -1.3074353e-05  1.5195382e-05
   129 :  1.1112391e-23  6.6241406e-24 -8.8584013e-24
   130 : -2.3652592e+02 -8.3835001e+02  5.2430818e+02
   131 : -7.5694513e-03 -6.0233742e-03  6.7671581e-03
   132 : -2.0124321e-05 -9.5146073e-05  5.7448157e-05
   133 : -2.8825549e-01 -5.1219782e-01  4.0551475e-01
   134 :  2.3344982e-05  3.0455486e-05 -2.6903710e-05
   135 : -1.2956495e-11  1.3614316e-11 -2.6686424e-13
   136 : -5.9004103e-13 -1.6743921e-12  1.1364990e-12
   137 : -3.3268484e-07 -3.0258744e-07  3.1684463e-07
   138 : -2.5230652e-08 -5.6786258e-08  4.1201038e-08
   139 : -8.0947552e-13 -1.9828065e-12  1.4018752e-12
   140 : -4.2691413e-29 -3.0831872e-28  1.7579469e-28
   141 : -1.6325720e-26 -1.1046491e-26  1.3680312e-26
   142 : -1.9575682e-09 -3.9172177e-09  2.9068218e-09
   143 : -6.9363844e-41 -7.7046703e-41  7.3188562e-41
   144 : -2.9276969e-12 -6.0615155e-12  4.5194135e-12
   145 :  2.6662848e-14  1.2503738e-13 -7.6087489e-14
   146 : -6.1422697e-19 -1.4161533e-18  1.0141177e-18
   147 : -1.4530800e-36 -6.2498359e-36  3.8579771e-36
   148 : -3.7166681e-18 -5.0603911e-18  4.3860069e-18
   149 :  5.5249886e+02  1.0173248e+03 -7.5368357e+02
   150 :  1.0010824e-14  1.2567424e-14 -1.1270853e-14
   151 :  2.1324161e-25  9.1624142e-25 -5.6437221e-25
   152 : -1.5076419e-21 -9.3296429e-22  1.2284952e-21
   153 :  4.5205254e+05  1.3273784e+06 -8.6494176e+05
   154 :  1.0917404e-48  8.4028114e-49 -9.6653901e-49
   155 :  5.6993332e-36  4.1053447e-36 -4.8989435e-36
   156 : -2.2195583e-39 -4.8461315e-39  3.5376756e-39
   157 : -1.1408737e-17 -1.4353564e-17  1.2865757e-17
   158 : -1.3045789e-07 -6.7776303e-07  4.0500531e-07
   159 :  1.2429744e-13  5.8159778e-13 -3.5342762e-13
   160 :  1.6429283e-50  2.3950529e-50 -2.0201331e-50
   161 :  1.0349885e-46  4.4648928e-46 -2.7502332e-46
   162 : -2.0090661e+00 -1.4429278e+00  3.3867771e+00
   163 :  1.0851422e-04  2.4590862e-04 -1.7655886e-04
   164 :  2.7642839e-23  2.8419622e-23 -2.8007704e-23
   165 :  6.8777821e-11  8.7555051e-11 -7.8122072e-11
   166 :  3.1389025e-44  3.8689341e-43 -2.0905040e-43
   167 : -1.3352692e-08 -1.4932187e-08  1.4107317e-08
   168 :  2.6940573e-07  6.4331006e-07 -4.6028716e-07
   169 :  1.5380849e+05  4.2051176e+05 -2.8306844e+05
   170 :  2.8734624e-34  3.4962742e-34 -3.1806642e-34
   171 :  2.6665668e-33  1.4389092e-33 -2.0531799e-33
   172 : -1.4343465e-03 -5.2754340e-03  3.3375943e-03
   173 : -5.9021792e-07  1.4182685e-05 -6.7588042e-06
   174 : -4.6338166e-11 -7.4962074e-11  6.0549036e-11
   175 :  3.6607579e-19  4.9277471e-19 -4.2930477e-19
   176 : -6.6365784e-32 -4.5769945e-32  5.6062428e-32
   177 : -3.4421196e-11  4.7338897e-10 -2.1937397e-10
   178 : -1.0402907e+03 -1.8142894e+03  1.4926372e+03
   179 :  7.4835210e-08  5.6614668e-08 -6.5502581e-08
   180 : -4.4147259e-39 -3.8035900e-40  2.3955059e-39
   181 : -5.6941531e-04 -2.0236541e-04  3.8409359e-04
   182 :  6.3595287e-21  1.6615539e-20 -1.1458089e-20
   183 :  3.7777494e-03 -5.6483652e-03  9.4895576e-04
   184 :  6.6545143e-52  3.2708825e-51 -1.9704742e-51
   185 : -2.8736030e-27 -2.3087178e-27  2.5952276e-27
   186 : -4.5624165e-17 -3.2451213e-17  3.8975924e-17
   187 :  6.4861765e-08  1.7347388e-07 -1.1799605e-07
   188 :  2.8365432e+05  3.1838852e+05 -2.9979886e+05
   189 : -4.9022156e-08 -6.6145285e-08  5.7410825e-08
   190 :  7.7949706e-12 -6.4893532e-12 -6.4721226e-13
   191 : -1.5230019e-47 -1.0226699e-47  1.2724944e-47
   192 : -3.6830503e-03 -2.0597183e-02  1.2015978e-02
   193 :  6.5077923e+01  1.6611893e+02 -1.2141353e+02
   194 : -1.4766177e+02  3.0430422e+02 -9.8363758e+01
   195 : -2.0154606e-18 -2.3875909e-18  2.2029957e-18
   196 : -7.1229480e-38 -2.7587702e-37  1.7348845e-37
   197 :  7.1821981e-39  3.8100248e-39 -5.4949077e-39
   198 : -9.2250915e-14 -9.2296792e-14  9.2157410e-14
   199 :  2.6146564e-01  2.9578340e-01 -2.7799839e-01
   200 : -3.5119066e-38 -2.8925997e-38  3.2013052e-38
   201 :  1.1442098e-03  2.1164368e-03 -1.6299059e-03
   202 : -8.4723284e-18 -1.8638230e-17  1.3362096e-17
   203 : -6.5075324e-42  3.0399690e-41 -1.1970788e-41
   204 : -3.0789503e-20 -2.9512556e-20  3.0155218e-20
   205 :  2.8261076e-06 -4.6111425e-06  9.5105619e-07
   206 :  2.5575932e-42 -6.1619691e-41  2.9443524e-41
   207 :  3.3371267e-40  3.0149082e-40 -3.1730919e-40
   208 : -1.0740245e-28 -1.5645411e-28  1.3179496e-28
   209 :  2.5899134e+05 -6.2738455e+05  1.8978881e+05
   210 : -5.1243733e-18 -3.5459712e-18  4.3299602e-18
   211 :  2.4476344e-40 -1.5198940e-40 -4.6316066e-41
   212 : -2.5358411e-10 -3.5949432e-09  1.9404043e-09
   213 : -1.8046579e-38 -1.2876160e-38  1.5443493e-38
   214 : -2.3852928e+03 -1.3456596e+03  1.9618989e+03
   215 :  4.5796932e+03  3.0787017e+03 -3.7520958e+03
   216 : -2.0951354e-11 -6.3096057e-11  4.2017822e-11
   217 :  2.3819558e-49  3.2737500e-49 -2.8291660e-49
   218 :  3.0908887e-30  3.3188479e-30 -3.2020340e-30
   219 : -2.7562520e-06  3.7378592e-06 -5.4983890e-07
   220 :  2.8928198e-24  2.2799173e-24 -2.5809691e-24
   221 : -4.2238609e-32 -8.1906542e-32  6.2016184e-32
   222 :  2.8338915e+00  8.3958622e+00 -5.4653100e+00
   223 :  4.9272421e-02  1.5465081e-01 -9.9537962e-02
   224 :  2.7990467e-12  1.2226700e-11 -7.5091228e-12
   225 :  9.2363228e-26  2.0747820e-25 -1.4978072e-25
   226 :  4.3499826e-38  1.2780938e-37 -8.5592012e-38
   227 : -1.3076617e-17 -9.8737733e-18  1.1432043e-17
   228 :  1.1029734e-14  6.0021764e-15 -8.4253913e-15
   229 :  6.8552346e-22 -7.0736471e-21  3.2102786e-21
   230 :  1.8815266e-34  7.0408003e-34 -4.4658083e-34
   231 : -9.5829072e-34 -6.8300012e-34  8.2040371e-34
   232 :  3.6971861e-53 -1.2976936e-53 -1.1996498e-53
   233 :  2.3642537e-31  9.9289171e-31 -6.1438998e-31
   234 :  6.1949726e+03  6.7421208e+03 -6.4200025e+03
   235 :  1.2695573e+00  4.0409382e+00 -2.6529265e+00
   236 :  5.8711754e-29  5.8844618e-29 -5.8751548e-29
   237 : -2.0565790e-26 -1.3409596e-26  1.6953571e-26
   238 :  3.0677519e-46  1.0187514e-45 -6.6297090e-46
   239 :  5.0022244e-30  4.3518813e-30 -4.6731858e-30
   240 :  1.1952898e-38 -4.1692609e-38  1.4867961e-38
   241 :  1.2202381e-06  5.1482037e-06 -3.2284541e-06
   242 :  1.0672749e-04  3.8109587e-04 -2.4379685e-04
   243 :  1.1400739e+02  2.4122522e+02 -1.7555547e+02
   244 : -5.6824235e-02 -4.3101458e-02  4.9560399e-02
   245 :  2.8207966e-33 -2.9802652e-32  1.3481358e-32
   246 : -3.4617471e-09  9.7515895e-10  1.2601021e-09
   247 :  2.3565978e+01  7.4935297e+01 -4.9035852e+01
   248 :  5.2639323e-49  3.4846467e-49 -4.3728997e-49
   249 : -6.0400881e-22 -7.2743883e-22  6.6507219e-22
   250 :  6.3342751e-07 -1.0662077e-07 -2.6008419e-07
   251 :  1.4303152e-14  1.7823463e-14 -1.6120049e-14
   252 : -1.8779712e-37 -3.8235683e-37  2.8553213e-37
   253 :  1.3479199e-43  1.2515209e-43 -1.2988017e-43
   254 : -9.3211058e+02 -2.0647097e+03  1.5378185e+03
   255 :  1.6935138e-18  1.7785309e-18 -1.7363517e-18
   256 : -2.4457683e-07 -5.3776557e-07  3.9331354e-07
   257 :  1.8731980e-02  1.4694407e-02 -1.6507007e-02
   258 : -2.4470857e-19 -7.2293324e-19  4.8318554e-19
   259 : -3.6440612e-27 -5.5608457e-27  4.5923702e-27
   260 : -2.2479517e-06  1.2134036e-05 -4.9375748e-06
   261 :  3.2539892e-16  1.1650973e-16 -2.2057717e-16
   262 :  4.4312642e-31  1.0535524e-30 -7.4756012e-31
   263 :  7.2006495e-37  9.1209383e-37 -8.1542479e-37
   264 :  1.2501924e-15  1.0778931e-15 -1.1636941e-15
   265 : -7.5594587e-05 -2.4255556e-04  1.5822047e-04
   266 : -4.0735553e-24 -8.0184536e-24  6.0585698e-24
   267 : -4.0346601e-21  1.8063756e-20 -7.0446839e-21
   268 :  1.0968595e-40  1.4677714e-40 -1.2822046e-40
   269 : -3.7749129e+00 -2.1420331e+00  2.9909579e+00
   270 :  4.2391800e-22 -2.2508162e-21  9.1612435e-22
   271 : -2.0653349e-04 -2.3776739e-04  2.2093056e-04
   272 : -1.1820564e-19 -2.7870943e-19  1.9825729e-19
   273 :  4.8243295e-35  2.1911383e-35 -3.5062023e-35
   274 : -8.7796383e-07 -6.5772981e-07  7.6080254e-07
   275 :  3.5354994e-27  1.3617287e-26 -8.5648423e-27
   276 :  2.0714787e-06  1.4737061e-06 -1.7879715e-06
   277 : -1.2907496e-30  2.9580717e-31  4.9726687e-31
   278 :  2.6970463e-07  2.4225865e-07 -2.5560640e-07
   279 :  8.9973985e-16  3.1929355e-15 -2.0509129e-15
   280 :  7.4151164e+00  2.0998085e+02 -1.0715431e+02
   281 :  6.1547096e-15  8.9376310e-15 -7.5189271e-15
   282 :  5.0745154e-23  6.2661690e-23 -5.6650123e-23
   283 : -1.3154174e-31 -2.1448064e-30  1.1377121e-30
   284 : -2.0396514e-28 -1.6849352e-28  1.8605293e-28
   285 : -7.5262400e-01  7.9457342e-02  3.4420074e-01
   286 : -9.4943762e-08 -9.3926490e-08  9.4430971e-08
   287 :  3.5045030e-12  2.0323192e-12 -2.7818817e-12
   288 : -2.2282244e+06 -2.6795232e+06  2.4190565e+06
   289 :  1.0217903e-12 -1.7451696e-12  3.5998781e-13
   290 :  2.6121374e+00 -4.3825566e+00  8.8899140e-01
   291 :  1.7429143e-16 -8.2128728e-16  3.2422237e-16
   292 :  2.9448936e-03  2.7313004e-03 -2.7194316e-03
   293 : -3.0457135e-27 -1.0496780e-26  6.7750316e-27
   294 : -1.3963823e-09 -1.4429506e-09  1.4066987e-09
   295 : -8.8179666e-41 -1.3460646e-40  1.1155007e-40
   296 :  5.3361797e-04 -1.9912601e-03  7.1372675e-04
   297 :  2.4926241e-14 -1.3360509e-14 -5.7622113e-15
   298 :  3.3874204e-13  8.7056262e-13 -6.0822384e-13
   299 : -6.3559264e-43 -4.2006753e-43  5.2754911e-43
   300 : -2.2124034e-03 -4.5100711e-03  3.3893059e-03
   301 : -1.2946003e-16 -8.1916888e-16  4.7580805e-16
   302 :  1.0493947e-07  7.8648092e-08 -9.0779374e-08
   303 :  5.0030340e-10  1.9004015e-09 -1.2056322e-09
   304 :  1.2172326e-08  9.8479083e-09 -1.0995460e-08
   305 :  1.1011131e-17  4.0855601e-17 -2.5978480e-17
   306 :  1.4742154e-04  1.1007434e-03 -6.0246579e-04
   307 :  2.3798488e-09  2.1669330e-09 -2.2469822e-09
   308 : -2.7198650e-15 -1.4107092e-14  8.3885881e-15
   309 : -8.6395767e-48 -4.0723165e-47  2.4703068e-47
   310 : -6.9100500e-12  4.4774934e-11 -1.8926984e-11
   311 : -1.1527886e-11 -3.3229135e-11  2.2249555e-11
   312 : -5.7162152e-38 -1.3075650e-37  9.3859555e-38
   313 :  1.8595036e-29  5.2382606e-29 -3.5473069e-29
   314 : -3.9736326e-42 -1.4312651e-42  2.7023434e-42
   315 : -3.3730204e-36 -1.1805495e-35  7.5958852e-36
   316 :  3.8270260e-02  1.7146329e-01 -1.0691481e-01
   317 : -8.0206084e-44  7.6571536e-44  1.8160678e-45
   318 : -4.2510050e-05 -8.2651494e-05  6.4211400e-05
   319 :  4.4989291e-06  5.6804612e-05 -3.0553209e-05
   320 : -5.3136268e+03 -1.1943206e+04  8.3113054e+03
   321 :  1.2303644e-01 -1.1968817e-01 -3.1256141e-03
   322 : -2.0318764e-47 -7.1447674e-47  4.5859352e-47
   323 :  1.7542268e-49  5.0660500e-49 -3.4108924e-49
   324 :  4.3085419e-35  3.9665431e-34 -2.2029668e-34
   325 :  1.0436369e-25  1.0439028e-25 -1.0427507e-25
   326 : -1.9228383e+05 -1.0689704e+05  1.4413581e+05
   327 :  1.1735290e+04 -5.1151985e+03 -3.1154235e+03
   328 : -2.1906597e-08 -1.1122021e-07  6.5711600e-08
   329 :  9.0199434e-34  2.2253975e-33 -1.5645073e-33
   330 : -5.7432184e-47 -4.7057097e-47  5.2237585e-47
   331 : -5.1217650e-21  3.3948704e-20 -1.4365540e-20
   332 : -3.6942990e-09  1.9492549e-08 -7.9173026e-09
   333 : -2.4108503e-25 -2.5589929e-25  2.4829050e-25
   334 : -8.2764444e-08  4.0485009e-07 -1.6084622e-07
   335 :  7.3884513e-10  3.5417691e-10 -5.4348393e-10
   336 : -5.6157583e-05 -5.4133318e-05  5.5107178e-05
   337 :  8.2058794e-43  3.3733660e-42 -2.0961025e-42
   338 :  3.0415015e-11  4.2835649e-10 -2.3177083e-10
   339 :  4.2836109e-29  7.5554338e-29 -5.9168777e-29
   340 : -3.0869685e-07  1.1830586e-05 -5.6942239e-06
   341 : -1.5825743e-39  1.1056843e-38 -4.7391560e-39
   342 :  7.3479418e-34  8.5320298e-34 -7.9354744e-34
   343 :  2.1981371e-17  1.0033099e-17 -1.6060983e-17
   344 : -2.0620690e-05 -3.0964608e-05  2.5557187e-05
   345 :  6.7267422e+01  2.6851697e+02 -1.7351409e+02
   346 :  1.2966279e-36 -3.7714438e-37 -4.6022721e-37
   347 : -5.8007699e-04 -3.4336237e-04  4.5953550e-04
   348 :  2.1219867e-14 -2.2141333e-14  4.5973114e-16
   349 :  1.3704157e-19  3.0127720e-19 -2.1864573e-19
   350 :  2.8650314e-04  2.2725069e-04 -2.5540091e-04
   351 :  5.4306741e-29  8.1405394e-29 -6.7874283e-29
   352 : -1.4152179e-06 -7.6932126e-07  1.0910400e-06
   353 :  2.3553349e-08  3.6963710e-08 -3.0533645e-08
   354 :  3.1093471e+05  3.1876314e+05 -3.1441771e+05
   355 :  1.9366264e+03  2.2088159e+03 -1.8694724e+03
   356 : -6.7375614e-42 -9.9321027e-42  8.3281149e-42
   357 :  5.8986825e-01  9.5169338e-01 -7.7053282e-01
   358 :  2.5851680e-20 -1.1357944e-19  4.3808712e-20
   359 : -5.6095967e-51 -2.2279721e-51  3.9177071e-51
   360 :  1.7161119e-05  1.0338112e-05 -1.3597090e-05
   361 : -2.4383426e-23 -6.6859844e-23  4.5797854e-23
   362 : -4.0065328e-16 -1.7590438e-15  1.0783021e-15
   363 : -8.3560133e-22 -1.1715524e-21  1.0018426e-21
   364 :  1.1739763e-22 -1.7950794e-22  3.1330937e-23
   365 : -2.0723836e-14 -1.9676491e-14  2.0177236e-14
   366 :  1.4976102e-36 -1.5462621e-36  2.4404586e-38
   367 : -5.0313336e-11 -4.2608280e-11  4.6364330e-11
   368 :  6.2307940e-08  1.0024947e-07 -8.1114384e-08
   369 :  1.1696742e-14  1.1309122e-14 -1.1477223e-14
   370 :  1.6323167e-21  8.4478077e-22 -1.2366688e-21
   371 : -1.5353524e-37 -1.4704770e-37  1.5029667e-37
   372 :  4.0860687e-17  1.4649267e-17 -2.7721986e-17
   373 :  4.8387195e-08  1.1565974e-07 -8.1799953e-08
   374 : -8.8646811e+02 -9.8094982e+02  9.3062909e+02
   375 :  1.6290651e-25  2.8348471e-25 -2.2371042e-25
   376 : -3.3578968e-45 -2.9098714e-45  3.1333850e-45
   377 :  9.8767964e-15  3.2385372e-14 -2.1276726e-14
   378 :  1.2461250e-19  1.5773732e-19 -1.4103673e-19
   379 :  5.0294267e-50  3.3450863e-50 -4.1871105e-50
   380 : -1.8119932e-01 -6.4884946e-01  4.1701850e-01
   381 :  3.8175131e-18  1.1290304e-17 -7.5734086e-18
   382 : -2.8671745e-28  4.3886003e-27 -2.0482847e-27
   383 :  1.4778698e-05  3.8048466e-06 -9.2761294e-06
   384 :  2.1814496e-24  1.6276189e-23 -9.2533517e-24
   385 : -2.9393455e-07 -5.0501317e-07  3.9861254e-07
   386 :  7.7664625e-02  5.7941045e-02 -6.6696983e-02
   387 :  3.3635917e-32  1.9724586e-32 -2.6664228e-32
   388 :  1.9209378e+06 -1.4282218e+06 -2.6061586e+05
   389 : -1.4439018e-26 -5.0338996e-25  2.5878522e-25
   390 : -1.6541395e-06 -8.9119825e-07  1.2673158e-06
   391 :  2.9876938e-21  6.3459026e-20 -3.3400488e-20
   392 : -1.1629969e-03 -4.1520212e-04  7.9734900e-04
   393 : -9.8271339e-04  1.1676426e-02 -5.3124737e-03
   394 : -1.5885286e-25  8.1355617e-25 -3.2665249e-25
   395 :  2.2517267e-13  2.4599021e-13 -2.3514257e-13
   396 :  1.3865888e-44  1.5529009e-44 -1.4695327e-44
   397 :  7.3487543e-04  5.9693285e-04 -6.6487218e-04
   398 : -7.8921006e-11  3.1511630e-10 -1.1873996e-10
   399 :  3.9712625e-04  5.3401592e-04 -4.6384355e-04
   400 : -5.5601314e-09 -4.8991170e-09  5.2117474e-09
   401 :  7.7266289e-08  7.6068984e-08 -7.6593195e-08
   402 :  3.7260377e-23  1.0352404e-22 -7.0632375e-23
   403 : -1.6417150e-22 -6.0800715e-22  3.8546571e-22
   404 : -5.1406260e-36 -6.1117625e-36  5.6248134e-36
   405 : -2.3234652e-13 -3.5524920e-13  2.9673017e-13
   406 :  1.1132171e-05  3.7239514e-05 -2.4649902e-05
   407 : -2.0975847e-01 -3.9359630e-01  2.9897535e-01
   408 : -4.5709203e-02  3.1528976e+00 -1.5631707e+00
   409 :  3.8497953e-12  3.3845402e-12 -3.6302416e-12
   410 : -2.4386425e+04 -6.1249954e+04  4.2848907e+04
   411 : -9.6017181e-11 -3.3893427e-10  2.1666599e-10
   412 : -3.3616453e-11 -1.1771650e-09  6.1057979e-10
   413 : -1.7566160e-39 -1.4060034e-39  1.5804397e-39
   414 : -1.3208849e+03 -1.7591717e+03  1.5371059e+03
   415 : -2.4303830e-10 -2.2118093e-10  2.3211883e-10
   416 :  1.5671346e-28  2.3816789e-28 -1.9733183e-28
   417 :  2.7848990e-04  4.6539564e-04 -3.7104810e-04
   418 : -8.5168250e-02 -9.6587243e-02  8.9610604e-02
   419 : -9.5923101e-38 -2.7604517e-37  1.8614791e-37
   420 :  4.1607820e-39  1.5626725e-38 -9.8904053e-39
   421 : -8.1952534e-34 -1.1790247e-33  9.9955823e-34
   422 :  2.1339635e-17  3.1186634e-17 -2.6192026e-17
   423 : -4.0698870e-14 -1.2094290e-13  8.0761298e-14
   424 : -9.7286178e-27  1.0687973e-25 -4.8753755e-26
   425 : -4.7223735e-31 -1.0313931e-30  7.5208253e-31
   426 : -6.8276061e-20 -2.4651894e-19  1.5788829e-19
   427 : -3.3448721e-23 -3.7978041e-23  3.5709356e-23
   428 :  3.8134617e-24  1.5589326e-23 -9.6973517e-24
   429 :  8.6002775e-09  3.1748813e-08 -2.0348993e-08
   430 :  2.6893220e-07  3.9068020e-07 -3.2511137e-07
   431 :  2.0495469e-12  5.1753403e-12 -3.6054591e-12
   432 : -1.1894481e-13 -1.4078304e-13  1.2954619e-13
   433 :  9.0368825e-40  1.2317772e-39 -1.0673132e-39
   434 : -1.5443582e+00 -1.7727970e+00  1.6371588e+00
   435 : -1.2989363e-09 -1.3507956e-09  1.3242227e-09
   436 : -1.5378106e-24 -3.0281078e-24  2.2811568e-24
   437 : -1.7915906e-02 -2.3262378e-02  2.0580555e-02
   438 :  2.4176994e-09  2.3836027e-06 -1.1847496e-06
   439 :  3.1516206e-02  8.4540648e-02 -5.7386475e-02
   440 : -5.5155400e-36  2.4879274e-36  1.5121579e-36
   441 :  3.7491643e-46  1.3690077e-45 -8.7139851e-46
   442 :  1.6233284e-04  1.0212038e-04 -1.3010477e-04
   443 :  4.8937924e-15  3.2806391e-15 -4.0788774e-15
   444 :  2.0305733e-05  1.5583739e-05 -1.7709714e-05
   445 :  9.6091628e-19  4.6883951e-19 -7.1315603e-19
   446 : -3.7278284e+02 -6.7678504e+02  5.3756593e+02
   447 : -3.7468433e-20  6.6779480e-21  1.5389806e-20
   448 :  5.8043818e-10  1.4854574e-09 -1.0510136e-09
   449 :  9.3177276e-38  9.4750273e-38 -9.3973551e-38
   450 :  3.5368016e-41  3.8620081e-41 -3.6998947e-41
   451 :  3.2295558e-01  4.4400167e+00 -2.4566229e+00
   452 : -5.2570766e+03 -8.9613084e+03  7.0363669e+03
   453 : -2.3829585e+03 -9.3818092e+03  6.0341077e+03
   454 : -1.0091728e+04 -2.3243111e+04  1.6960403e+04
   455 : -5.7702770e-23 -1.5040314e-23  3.6657069e-23
   456 : -4.1108649e-10 -3.4420410e-10  3.7373615e-10
   457 : -6.3861533e-47 -2.1466888e-47  4.2652482e-47
   458 : -7.9866570e-22  2.4102192e-21 -8.0237939e-22
   459 : -1.3935673e-12 -1.6868476e-12  1.5528997e-12
   460 :  3.4340803e-09  1.0985961e-08 -7.1226456e-09
   461 : -1.3526452e-21 -3.0225090e-21  2.1872234e-21
   462 : -5.8070200e-15 -2.7695070e-14  1.6717376e-14
   463 :  1.7150665e-30  5.7001015e-30 -3.7060501e-30
   464 :  1.0638466e-08  1.0804152e-08 -1.0842696e-08
   465 :  1.2063186e-09  1.2192239e-09 -1.2040336e-09
   466 :  7.0085546e-03 -7.5650857e-03  2.1803553e-04
   467 : -2.9913093e-33 -1.1763058e-32  7.3717054e-33
   468 : -4.2031755e-31 -8.1617577e-29  4.1036250e-29
   469 : -3.0436636e-50  2.0848710e-50  4.7956307e-51
   470 :  1.8726548e-43  2.7968116e-43 -2.3356846e-43
   471 : -3.2288229e-26 -1.4920386e-25  9.1030963e-26
   472 : -4.9085631e-31 -2.6401942e-31  3.7666312e-31
   473 : -9.1316231e-09 -1.0003529e-08  9.5031534e-09
   474 : -9.8438237e-35 -3.6597273e-34  2.3204751e-34
   475 :  7.2915430e-23  8.1076590e-23 -7.6776937e-23
   476 : -4.6899608e-24 -5.8012454e-24  5.2643041e-24
   477 : -2.1181387e-48 -1.0059808e-47  6.0840723e-48
   478 : -2.0992674e-09 -2.0045822e-09  2.0355283e-09
   479 : -1.5835081e-46 -2.3643023e-46  1.9733157e-46
   480 :  9.9471846e-02  9.1987499e-01 -4.9646662e-01
   481 : -4.8092908e-21 -1.8625927e-21  3.3347235e-21
   482 :  2.2163560e-36 -7.1618938e-36  2.4747788e-36
   483 :  1.3643157e-01  4.0985644e-01 -2.6570244e-01
   484 : -3.6685011e-15  9.2895936e-14 -4.4571202e-14
   485 : -1.4722056e-08 -1.5388936e-08  1.5039009e-08
   486 :  5.4780980e+03 -5.3852909e+03 -2.4847654e+01
   487 :  9.5879728e-07  8.4416525e-07 -9.0124839e-07
   488 : -4.9206293e+01 -3.3824335e+01  4.0821221e+01
   489 :  8.5372882e-39 -1.7501473e-38  4.4797902e-39
   490 :  2.4622299e-36  2.9410348e-36 -2.7028851e-36
   491 :  1.5835952e-38  1.8689910e-38 -1.7293135e-38
   492 :  2.5392721e-10 -3.4761136e-10  4.8183936e-11
   493 : -1.7614274e-04 -6.4213099e-04  4.0000045e-04
   494 :  2.7466303e-01  8.3808749e-01 -5.5725915e-01
   495 :  1.9447900e-12  2.1377542e-12 -2.0360779e-12
   496 : -4.1162730e-28 -3.6764811e-28  3.8949362e-28
   497 :  7.3289696e-45 -7.5534279e-45  1.1267524e-46
   498 :  3.5609859e-40  3.4460577e-40 -3.5012964e-40
   499 :  7.6600017e-04 -5.1099218e-03  2.0237075e-03
   500 :  1.1235160e-43 -1.1489385e-43  1.2537856e-45
   501 :  2.0898815e-49  1.6800093e-49 -1.8844568e-49
   502 : -7.1337536e-06 -2.0408465e-05  1.3730434e-05
   503 :  9.5014438e-07  4.0728650e-06 -2.4984957e-06
   504 :  4.9431085e-12 -1.0579342e-11  2.8474709e-12
   505 :  1.7637112e+00  2.1886072e+00 -2.0006147e+00
   506 :  5.4333069e-31  4.1449755e-30 -2.3404452e-30
   507 :  1.1859717e-26  1.7544081e-26 -1.4674944e-26
   508 :  3.9164288e-28  4.3976555e-27 -2.3977621e-27
   509 : -5.5450451e-08 -6.4050452e-08  5.9546822e-08
   510 : -2.9413184e-30  3.0778117e-30 -6.3040996e-32
   511 :  2.3070330e-21  5.7880451e-25 -1.1479565e-21
   512 :  2.7682767e-23  2.6788061e-23 -2.7318397e-23
   513 : -7.0521550e-16 -3.6936359e-15  2.1982843e-15
   514 : -1.2860658e-11 -3.1366255e-11  2.2114735e-11
   515 :  1.2245536e-03  1.4818856e-02 -7.9992665e-03
   516 :  9.3216757e-33  5.6774883e-32 -3.3096377e-32
   517 :  9.8477020e-06  8.1391768e-06 -8.7474781e-06
   518 :  2.7522045e-10  2.8210790e-10 -2.7846786e-10
   519 : -6.8340423e-20 -6.3068303e-20  6.5582193e-20
   520 : -1.8845212e-14 -1.9913833e-14  1.9290447e-14
   521 : -4.0853604e-05 -4.4429011e-05  4.2465162e-05
   522 : -5.5759040e+05 -3.9715071e+05  4.6186495e+05
   523 : -1.7224382e-05 -4.5203123e-05  3.1526668e-05
   524 :  3.1265223e-14  1.1040849e-13 -7.1301335e-14
   525 :  7.1182000e-10  7.1294175e-10 -7.0777204e-10
   526 :  4.0013643e-20  4.9892827e-20 -4.4910761e-20
   527 :  1.3641566e-35  2.3238411e-35 -1.8421255e-35
   528 : -2.3009318e+02 -3.4639579e+02  2.7539056e+02
   529 :  9.6644684e-09  7.0846083e-09 -8.2936798e-09
   530 : -1.2684784e+00 -1.0689374e+00  1.1225241e+00
   531 :  3.4163073e-08  7.4053819e-08 -5.4896077e-08
   532 :  4.7084773e-20  2.0769371e-20 -3.3825699e-20
   533 : -5.1556255e-49 -2.5378945e-49  3.8466434e-49
   534 :  1.2047624e-48  2.0392719e-48 -1.6219321e-48
   535 : -1.5823091e-32 -1.9276687e-32  1.7536968e-32
   536 :  4.2791806e-02  5.0430133e-02 -4.6333538e-02
   537 :  9.0109930e-08 -5.5651252e-08 -1.7473797e-08
   538 :  1.4158689e-10  1.2914331e-10 -1.3456082e-10
   539 :  2.4145876e-35  1.2579333e-33 -6.4090068e-34
   540 : -1.7887709e-30 -7.6669022e-30  4.7283346e-30
   541 : -3.0731103e-27 -3.2299741e-27  3.1512513e-27
   542 : -7.4577171e-16 -1.6438658e-15  1.2034026e-15
   543 :  3.1327580e-36  4.6848842e-37 -1.8020361e-36
   544 : -2.1573738e-11 -2.6736936e-11  2.4059611e-11
   545 : -4.6639106e-28  7.6598189e-28 -1.4973316e-28
   546 : -6.0757811e+00 -8.6263076e+00  7.4203133e+00
   547 :  2.8220312e-34  1.4121137e-34 -2.1161190e-34
   548 :  2.3534405e-03  1.0042739e-02 -6.1634692e-03
   549 :  2.7838784e-28  8.5714530e-28 -5.6735470e-28
   550 : -3.4111211e-10 -8.3024124e-10  5.8829184e-10
   551 : -4.7229846e-03 -1.1196428e-02  7.8526051e-03
   552 : -7.6294602e-06 -9.0277359e-06  8.2977115e-06
   553 :  9.2903736e-10  1.9817588e-09 -1.4483329e-09
   554 :  4.5394372e-30  2.9699876e-30 -3.7543588e-30
   555 : -1.9649824e-14 -4.3197861e-15  1.1965936e-14
   556 :  1.0110507e-31 -2.2944463e-31  6.4300497e-32
   557 : -6.2869445e+06 -4.2358594e+06  3.6831666e+06
   558 :  1.3329361e-07  9.5394187e-07 -5.4306666e-07
   559 :  1.0031768e-06  1.8296470e-06 -1.4134103e-06
   560 :  4.2725444e-10 -2.3107038e-09  9.4936875e-10
   561 : -9.5291307e+04 -1.2893069e+05  1.0959126e+05
   562 : -4.9104716e-23 -2.1542544e-23  3.5406351e-23
   563 : -5.4555227e-43  2.3204804e-42 -8.8659888e-43
   564 :  4.6089373e-03 -3.3550509e-02  1.4475646e-02
   565 : -3.0402096e-01 -4.1545043e-01  3.5343310e-01
   566 : -9.3732799e-32 -9.2360975e-32  9.2923818e-32
   567 :  5.7058417e-14  6.5328850e-14 -6.1170113e-14
   568 : -9.7877181e-04 -6.8246218e-04  8.0510512e-04
   569 :  1.1379441e-03 -1.7382321e-04 -5.0450904e-04
   570 : -8.7055686e-29 -3.9333358e-28  2.4006760e-28
   571 : -2.0198840e-18  3.4179645e-17 -1.6165641e-17
   572 :  1.6892795e-49  3.2840758e-49 -2.4920276e-49
   573 :  9.3665110e-09  1.0986711e-08 -1.0127182e-08
   574 : -5.8253859e-07 -1.7725013e-06  1.1751304e-06
   575 :  1.1251669e+04  9.5853141e+02 -4.1100826e+03
   576 :  1.0782377e-11 -6.5054296e-11  2.6896078e-11
   577 :  6.0036638e+06  9.4985427e+06 -7.6807670e+06
   578 : -2.2309283e-51 -1.3738135e-51  1.8001127e-51
   579 :  2.1561535e+02 -1.6462006e+01 -9.3058106e+01
   580 : -8.0880935e+04 -8.3776399e+05  4.6446966e+05
   581 :  2.6670379e-27 -3.1367851e-26  1.4325380e-26
   582 : -4.0274534e-47  6.1111450e-47 -1.0466529e-47
   583 :  1.6591629e-25  1.0140347e-24 -5.8952228e-25
   584 : -6.6745027e-43 -9.8023637e-43  8.2353460e-43
   585 :  1.6055891e-02 -2.5117258e-02  4.6238618e-03
   586 : -3.2378118e-32 -1.4844700e-32  2.3538382e-32
   587 : -9.9645388e-26 -3.6754238e-25  2.3320317e-25
   588 : -2.6670694e-33 -2.6410996e-33  2.6599192e-33
   589 : -8.1882436e-05 -2.4306165e-04  1.6240040e-04
   590 :  8.4030071e-04  1.4052663e-03 -1.1153506e-03
   591 : -2.0193470e-47 -9.6710707e-48  1.4929576e-47
   592 :  1.7241691e-31  1.0000160e-30 -5.8614226e-31
   593 :  2.3797806e-20  2.3114432e-20 -2.3348300e-20
   594 : -2.0689334e-23 -5.0972121e-23  3.5953274e-23
   595 :  9.0178610e-08  7.7005277e-08 -8.3514436e-08
   596 :  4.9756958e-11 -5.8673586e-11  5.4736923e-12
   597 : -3.0774943e-16 -3.2541325e-16  3.1617552e-16
   598 : -1.0694690e-23 -5.1559599e-24  7.9470661e-24
   599 :  2.1102399e-01  5.0491509e-02 -1.4188019e-01
   600 : -6.3980831e-14 -4.8414020e-14  5.6102259e-14
   601 : -4.1417615e+01 -1.1692268e+02  7.7842237e+01
   602 : -8.5936617e-36 -3.8977326e-35  2.3820050e-35
   603 :  6.0512706e-36  1.9921333e-35 -1.2986215e-35
   604 :  6.8219947e-26  7.5003087e-26 -7.1598899e-26
   605 :  8.4960447e-19  9.1986478e-19 -8.8443240e-19
   606 : -5.9101859e+04 -1.0997253e+05  8.1678325e+04
   607 : -2.0593858e-13 -1.0097734e-13  1.5309348e-13
   608 :  3.8949669e-29 -2.8735434e-28  1.2449462e-28
   609 : -1.4020780e-24 -1.4810437e-24  1.4489383e-24
   610 : -1.5344473e-36 -1.9906025e-36  1.7625786e-36
   611 : -4.7659359e+01  1.4357712e+02 -4.9402041e+01
   612 :  9.6397788e-12  3.6359497e-11 -2.2895749e-11
   613 :  6.3692978e-19  1.3415852e-18 -9.8902120e-19
   614 : -7.7079014e-02 -1.0003076e-01  8.8375679e-02
   615 :  5.1852805e-18  6.4656919e-18 -5.8245118e-18
   616 : -2.8873386e-40  8.8996909e-40 -3.0039679e-40
   617 : -4.4343451e-18  1.6388136e-18  1.4035292e-18
   618 :  4.7813260e-24  6.1749988e-24 -5.4830520e-24
   619 : -2.2402336e-33 -3.7594887e-33  2.9992177e-33
   620 :  1.8702763e-20  2.2370047e-20 -2.0498502e-20
   621 :  3.3278482e-12  2.7982283e-12 -3.0603543e-12
   622 :  1.2722189e+00  2.6208096e+00 -1.9202400e+00
   623 :  1.9882088e-05  2.6934658e-05 -2.3346334e-05
   624 : -1.2743368e-15  5.8217615e-16  3.3646326e-16
   625 :  1.1109719e-18  4.2951621e-19 -7.7077772e-19
   626 :  1.5213473e-55  4.0224232e-54 -2.1060220e-54
   627 :  1.3340241e-35  1.8686261e-35 -1.6010006e-35
   628 :  4.4458785e-25 -2.1555911e-23  1.0570731e-23
   629 :  2.6039336e-06  8.2989888e-06 -5.4052264e-06
   630 : -2.8547752e-03 -2.3295672e-03  2.5893486e-03
   631 : -3.8993196e-20 -1.2781538e-19  8.3300970e-20
   632 : -3.4612926e-37 -4.9212560e-37  4.1889456e-37
   633 :  2.3882273e-09 -6.1891901e-08  2.8700520e-08
   634 : -7.7980443e-11 -8.3927228e-11  8.0903797e-11
   635 : -1.4419466e-06 -2.7059253e-06  2.0504717e-06
   636 : -2.0240272e-07  1.5080186e-06 -6.7361185e-07
   637 : -1.9902948e-01 -1.8071688e-01  1.8900725e-01
   638 : -2.5296565e+00 -8.7342835e+00  5.5631796e+00
   639 : -1.1380062e-05 -8.1396789e-05  4.7163962e-05
   640 : -4.9089448e+04 -5.2881242e+04  5.0189329e+04
   641 : -3.4449752e-34  2.3366096e-33 -9.9563663e-34
   642 : -5.3443762e-06 -7.2784868e-06  6.3074449e-06
   643 : -6.5423053e-05 -8.2379825e-05  7.3759518e-05
   644 :  2.7092382e-03  2.9400614e-03 -2.8223841e-03
   645 : -1.1533480e-11 -4.3450013e-11  2.7316628e-11
   646 : -1.5154801e-13 -1.9655007e-13  1.7404052e-13
   647 :  5.5817729e+05  1.0994330e+06 -8.1357344e+05
   648 : -5.4676942e-14  6.2661110e-13 -2.8323156e-13
   649 : -8.8117107e-05 -2.1222659e-04  1.5622641e-04
   650 :  9.7289237e-17  1.5098576e-15 -8.0292014e-16
   651 : -2.1499082e+03 -3.0434659e+03  2.5828797e+03
   652 : -1.6273652e-13  5.0424773e-13 -1.7263537e-13
   653 : -2.5468328e-04 -2.4403140e-04  2.4897255e-04
   654 :  1.6240010e-26  1.5863359e-26 -1.6031170e-26
   655 : -6.6608023e-15 -2.5056828e-14  1.5840566e-14
   656 :  1.2583828e+00  3.3730910e+01 -1.7748133e+01
   657 : -8.1022439e-05 -2.7801755e-04  1.7886456e-04
   658 : -2.6579887e-11 -1.5075001e-11  2.0751602e-11
   659 : -2.0439682e-09 -9.3959277e-09  5.7732820e-09
   660 :  1.6595638e+00  2.1681468e+00 -1.9100847e+00
   661 :  3.0378470e+02  9.6615140e+02 -6.2682808e+02
   662 : -2.4135177e-24 -1.8216892e-24  2.1171073e-24
   663 : -1.2004779e-03 -1.6012849e-03  1.3802657e-03
   664 :  5.0619529e+02  6.5426339e+02 -5.7606527e+02
   665 : -4.8740164e-01 -5.7865633e-01  5.1889989e-01
   666 :  2.1785335e-41  7.7933984e-41 -4.9857315e-41
   667 : -1.2568646e-25 -8.3188031e-26  1.0403718e-25
   668 :  1.5179049e-05  1.5068083e-05 -1.4953876e-05
   669 :  1.8040379e-49  2.2835537e-49 -2.0439432e-49
   670 :  5.6564525e-04 -1.4689215e-02  7.1180315e-03
   671 : -3.0412754e+04 -2.5289381e+04  2.6833186e+04
   672 :  3.0964058e-03  2.5614805e-03 -2.8047667e-03
   673 : -9.4852158e-22 -2.6054866e-21  1.7700102e-21
   674 : -2.7917812e-18  4.0367822e-18 -6.2245190e-19
   675 : -4.4234686e-19 -3.5015026e-19  3.9542025e-19
   676 : -8.7767301e-13 -3.9820862e-11  2.0184852e-11
   677 :  3.4387423e-12  3.3275250e-12 -3.3699862e-12
   678 :  1.6557794e-04  2.0887629e-04 -1.8502188e-04
   679 :  8.6540336e-09  1.1743877e-08 -1.0062499e-08
   680 : -8.0301200e-09 -1.0736299e-08  9.2878020e-09
   681 :  8.0230959e-26  7.5505971e-26 -7.7604613e-26
   682 : -2.9535125e-28 -2.4129916e-27  1.3506271e-27
   683 :  6.5539633e-26  2.9337981e-24 -1.4965215e-24
   684 :  6.0385959e-34  3.0957610e-34 -4.5678662e-34
   685 : -1.9026851e-10  1.6895347e-10  1.0545598e-11
   686 : -1.2004821e-17 -4.1114456e-17  2.6582434e-17
   687 : -7.0175609e-33 -3.1467213e-32  1.9257964e-32
   688 : -9.6196384e-20 -1.7761470e-18  9.3431884e-19
   689 :  6.9566104e-01 -1.1331919e+01  5.4149288e+00
   690 :  7.0808760e-12  3.1101643e-11 -1.9202994e-11
   691 :  3.7554268e-10  3.3468558e-10 -3.5209075e-10
   692 :  4.0479175e-12  8.5489990e-12 -6.2959387e-12
   693 :  9.5732964e-52 -2.0343143e-51  5.3818312e-52
   694 :  4.1879723e-32  8.5751573e-32 -6.3720959e-32
   695 :  8.6166465e-01  1.4117332e+01 -7.3720326e+00
   696 : -3.1800279e-07 -1.4505768e-06  8.7909179e-07
   697 :  2.2966259e-15  4.0762693e-15 -3.1752097e-15
   698 : -2.6512891e-03 -9.6031667e-03  6.0667520e-03
   699 : -1.4535068e-21 -8.4522114e-22  1.1466033e-21
   700 :  6.5742824e-45  9.7010418e-45 -8.1376380e-45
   701 :  5.3158651e-44  9.5887014e-44 -7.4560209e-44
   702 :  4.7213618e-25  6.0518389e-25 -5.3745190e-25
   703 :  1.3781377e+08  1.9759877e+08 -1.6313162e+08
   704 : -2.3966229e-16 -3.0416574e-16  2.7150736e-16
   705 :  4.2259031e-29 -3.3170696e-29 -4.5290524e-30
   706 : -1.1697570e+07 -1.2656028e+07  1.2119348e+07
   707 :  6.2970773e-09 -1.7545982e-08  5.8658406e-09
   708 : -1.8896258e-08  7.7008621e-09  3.7617610e-09
   709 :  5.1760648e-17  2.2378737e-17 -3.7070140e-17
   710 : -7.4333584e-22 -8.0292604e-22  7.7174083e-22
   711 :  1.0017593e-15  7.4328824e-16 -8.7127985e-16
   712 : -5.6616362e-06  1.6035430e-05 -5.3114814e-06
   713 : -5.5136532e-14 -8.2535653e-14  6.8248748e-14
   714 :  3.0467537e+05  3.0120855e+05 -2.9834883e+05
   715 :  4.2247454e-11  3.6345510e-11 -3.9111484e-11
   716 : -3.5939874e-31 -1.6039830e-31  2.5979766e-31
   717 : -4.6215238e-08  1.0343464e-07 -2.8365249e-08
   718 :  1.5288579e-12  1.8234715e-12 -1.6760314e-12
   719 : -2.1258898e-06  1.2916024e-06  4.2113687e-07
   720 :  6.6754694e+03  4.2018509e+03 -5.3220850e+03
   721 : -7.8087810e-03 -3.0909617e-03  5.0906632e-03
   722 : -2.7329701e-29  5.0568872e-30  1.1167931e-29
   723 :  5.1388292e-29  2.6766763e-28 -1.5950434e-28
   724 :  6.0991958e-29  1.7815875e-27 -9.1763016e-28
   725 : -3.9648656e-04 -7.8633669e-04  5.8516239e-04
   726 : -2.2282003e-19  1.6210012e-19  3.0047522e-20
   727 :  3.5812295e-03  4.5189865e-03 -4.0088098e-03
   728 : -1.6134396e-08 -1.6673489e-07  9.0496947e-08
   729 : -1.4163983e-10 -9.3173043e-10  5.3442243e-10
   730 :  3.0405397e-13  3.5616817e-13 -3.2952627e-13
   731 :  5.3597699e-32 -2.9101580e-31  1.1908210e-31
   732 : -1.9588831e-24 -1.3971913e-24  1.6757355e-24
   733 :  1.1741466e-12  1.6271737e-12 -1.4109226e-12
   734 : -4.0716592e+05 -3.5005519e+05  3.7522261e+05
   735 : -3.2987371e-12 -1.4053832e-12  2.3514373e-12
   736 :  4.9781579e+01  5.3051122e+01 -5.0780826e+01
   737 :  9.1047001e-19  2.6545828e-18 -1.7797800e-18
   738 : -4.2153963e-05 -4.5118890e-05  4.3035263e-05
   739 : -1.2913452e+03 -2.1439613e+03  1.7516197e+03
   740 : -1.0414322e-11 -3.7436676e-11  2.3641335e-11
   741 : -1.7052218e-04  2.8333923e-04 -8.9225901e-05
   742 : -9.5328684e-14 -6.2258423e-14  7.8656189e-14
   743 :  3.5556253e-10  4.1155790e-10 -3.8244640e-10
   744 :  3.5791102e+06  8.6802650e+05 -2.1662065e+06
   745 :  1.9763837e-29 -1.8280129e-30 -8.9569942e-30
   746 : -2.3335504e-23 -6.2636034e-23  4.2891417e-23
   747 : -2.5421432e-17 -2.1472730e-17  2.3363165e-17
   748 : -1.5555707e-12 -2.7371120e-13  9.0319870e-13
   749 :  5.2792827e-07  1.3619888e-06 -9.3446665e-07
   750 :  3.4162142e-29  2.7676820e-29 -3.0864215e-29
   751 :  5.7471998e+05  1.4022181e+06 -9.5756744e+05
   752 : -3.6020927e-12 -1.3500517e-12  2.4748238e-12
   753 : -1.9381370e-07 -1.8132953e-07  1.8535326e-07
   754 :  3.7097530e-26 -8.3795527e-26  2.3343222e-26
   755 :  5.0891765e+06  7.8083956e+06 -6.0848531e+06
   756 :  3.6144484e-18  1.9966943e-17 -1.1773959e-17
   757 : -7.3153328e-50  2.6907201e-48 -1.3110025e-48
   758 :  1.3462031e+00  2.7804733e+00 -2.0904679e+00
   759 :  7.5191588e-13  2.5014596e-12 -1.6233580e-12
   760 : -3.1138478e-22  1.8429402e-21 -7.6343890e-22
   761 :  1.8672747e-11  3.2001424e-11 -2.5253977e-11
   762 :  2.2536475e-02 -1.8058025e-01  8.0616044e-02
   763 : -1.3991060e-42  5.5338915e-41 -2.7022172e-41
   764 :  1.2361668e-41 -8.0716578e-42 -2.1400433e-42
   765 : -1.0658526e+06 -1.0427701e+06  1.0288404e+06
   766 : -6.1936410e-14 -1.7637646e-14  3.9635578e-14
   767 :  1.9737394e-02  1.6257447e-01 -9.0670896e-02
   768 :  9.8931727e-31  1.0374891e-30 -1.0127245e-30
   769 : -4.6004453e+06 -4.5088723e+06  4.3992885e+06
   770 :  4.3287867e-10  4.8608882e-10 -4.5826534e-10
   771 : -2.5239710e-06 -5.2149142e-06  3.8693757e-06
   772 :  3.2635825e-03  6.9416197e-03 -5.0197806e-03
   773 :  3.5372263e-13  1.6434047e-12 -9.9573061e-13
   774 : -1.2449171e+06 -2.1175542e+06  1.6606730e+06
   775 :  3.1507360e+06  3.3820059e+06 -3.1931929e+06
   776 : -7.4196427e-14  7.3715146e-13 -3.3068368e-13
   777 : -2.1974537e-12  9.9622501e-13  6.1121198e-13
   778 : -4.0749267e-12  4.6258484e-11 -2.0654159e-11
   779 : -7.4714928e-28 -3.1423211e-28  5.3097588e-28
   780 :  4.3644921e-03 -6.6806982e-03  1.1731981e-03
   781 : -4.7054421e-28 -5.6516501e-28  5.1716709e-28
   782 :  2.9858007e-47  1.3107113e-46 -8.0463528e-47
   783 : -1.0940451e-10 -9.3050621e-11  1.0060724e-10
   784 : -5.4165939e-16  4.9470202e-16  2.1346940e-17
   785 : -7.5048334e-29 -9.7328630e-29  8.6020430e-29
   786 :  3.2868326e+06  4.6858116e+06 -3.7715611e+06
   787 :  2.4416750e+05  2.3535497e+05 -2.3295920e+05
   788 : -3.3331931e-29 -4.4560498e-29  3.8868578e-29
   789 : -2.2507443e-28 -1.2593011e-28  1.7510066e-28
   790 : -7.9384068e-10  3.9608159e-09 -1.5659390e-09
   791 : -3.4959293e-10 -3.9460822e-10  3.7547379e-10
   792 :  7.7448657e-04  2.0902953e-03 -1.4338215e-03
   793 : -1.1739759e-03 -1.3621992e-03  1.2590113e-03
   794 :  2.5563279e-10 -3.7046090e-10  5.6864300e-11
   795 :  3.7796213e-03 -5.8691954e-03  1.1115549e-03
   796 : -4.8457158e-05 -1.6025141e-04  1.0309190e-04
   797 : -7.0576210e-32 -3.1992998e-32  5.1285874e-32
   798 :  1.9968081e-09  9.2656442e-09 -5.7824485e-09
   799 :  3.8347154e-16  8.4167473e-16 -6.1188127e-16
   800 : -2.5094298e+05 -5.0542268e+05  3.6854155e+05
   801 : -5.8125219e-29 -2.5082986e-28  1.5446391e-28
   802 :  2.4186612e-11  2.9438708e-11 -2.6556406e-11
   803 : -2.4841469e-21 -4.8310755e-22  1.4863816e-21
   804 :  1.1300394e+06  2.1993251e+06 -1.5893693e+06
   805 : -6.7188564e-12 -9.0547088e-12  7.8211544e-12
   806 :  5.7972332e-27  5.9148271e-27 -5.8533862e-27
   807 :  1.5550281e-31 -1.0805099e-31 -2.3723514e-32
   808 : -5.8263548e+06 -7.4594034e+06  6.5156835e+06
   809 : -6.1258894e-20 -8.5364163e-20  7.3019415e-20
   810 :  4.4156179e-30  5.7745024e-30 -5.0933031e-30
   811 : -2.1758874e-46 -2.3736705e-46  2.2741494e-46
   812 : -9.7396422e-16 -1.1603825e-15  1.0656925e-15
   813 : -1.1925508e-13 -3.9918664e-13  2.5604319e-13
   814 :  5.8063369e-50  1.2580096e-50 -3.5314598e-50
   815 :  5.2054971e-53 -1.9369893e-51  9.4215964e-52
   816 : -6.2239133e-42 -1.9211339e-41  1.2722676e-41
   817 :  3.4236419e-47 -7.1799918e-47  1.8782491e-47
   818 :  8.6494496e-47  2.0794009e-46 -1.4695147e-46
   819 : -1.0892408e-15 -3.7712498e-15  2.4272223e-15
   820 :  1.3688036e-49  2.0907404e-49 -1.7296123e-49
   821 : -3.0879073e-07 -1.0181821e-05  5.3135169e-06
   822 : -2.1487485e-11 -2.3261131e-11  2.2362710e-11
   823 : -1.8621125e-19 -9.0361485e-20  1.3831582e-19
   824 :  9.5203163e-23  1.4926469e-22 -1.2214970e-22
   825 : -1.0978840e-38  6.8677257e-39  2.0554266e-39
   826 : -1.5588444e-05 -1.6944101e-05  1.6264226e-05
   827 : -1.9920867e-26 -3.6451582e-27  1.1788929e-26
   828 :  3.0403733e-19  4.0977141e-19 -3.5695260e-19
   829 : -9.5301040e-11 -2.1313866e-08  1.0677295e-08
   830 :  1.3043067e+01  5.4058660e+01 -3.2199062e+01
   831 : -1.5376332e+02 -2.5021672e+02  2.0066251e+02
   832 : -3.8591890e-13 -6.3959938e-13  5.1333214e-13
   833 :  2.5104026e+00 -2.3615011e+00 -7.9553230e-02
   834 :  6.1742819e-49 -4.5879942e-47  2.2615933e-47
   835 :  2.7607830e-53  4.5302985e-53 -3.6443786e-53
   836 : -2.1238568e-14 -3.1159543e-14  2.6200152e-14
   837 : -1.4729084e-26 -2.2561844e-26  1.8619130e-26
   838 :  1.9455391e-08  2.8352281e-08 -2.3727595e-08
   839 :  5.3715953e-23  2.4059797e-22 -1.4719472e-22
   840 : -1.0043084e-22 -2.5035230e-22  1.7528194e-22
   841 :  5.6566128e-26 -5.4671155e-26 -9.4729465e-28
   842 :  2.0761667e-17  1.8648857e-17 -1.9911271e-17
   843 : -1.1285284e-22 -1.5839985e-22  1.3560178e-22
   844 : -1.4992593e-13 -2.1196677e-13  1.8095436e-13
   845 : -1.3760035e-32 -1.4007097e-32  1.3861379e-32
   846 :  5.6592587e-11  3.2581385e-10 -2.0259300e-10
   847 :  1.9538523e-15  2.1605636e-15 -2.0541289e-15
   848 : -6.7813861e-54 -8.3494928e-52  4.2130627e-52
   849 : -5.8186506e-22 -1.3874464e-21  9.9067193e-22
   850 : -4.3450640e-16 -5.8598122e-16  5.0994892e-16
   851 :  5.8157448e-20  3.8046270e-19 -2.1911537e-19
   852 :  2.4704759e-41  4.0021808e-41 -3.2394138e-41
   853 :  1.0421879e-05 -1.0501589e-05 -2.7291908e-08
   854 :  3.1151606e-54  1.9277174e-54 -2.5207399e-54
   855 :  3.0502058e-03  3.2941331e-03 -3.1577919e-03
   856 : -1.7376125e-06 -2.6973574e-06  2.2083823e-06
   857 : -2.0445294e-02 -2.3518645e-02  2.1788625e-02
   858 : -6.5948044e-11 -2.7738289e-10  1.7442746e-10
   859 :  8.9356449e-37  8.6173743e-37 -8.7689013e-37
   860 :  2.3091472e-12 -1.0653965e-12 -5.9748512e-13
   861 : -6.0673619e-09 -6.9979976e-09  6.5046519e-09
   862 : -3.0111694e-11 -1.2875679e-10  7.9788606e-11
   863 : -3.5965181e-05 -3.2178609e-05  3.3993627e-05
   864 :  3.2517673e-04  2.5561693e-04 -2.8659705e-04
   865 : -6.5178648e+01 -9.3535493e+01  7.9317248e+01
   866 : -1.2890376e+08 -9.7200184e+07  1.0703750e+08
   867 : -1.6886511e-01 -4.2401278e-01  4.7314987e-01
   868 : -5.3610885e-15 -1.4620577e-13  7.5664121e-14
   869 : -1.1009692e-15  1.3848839e-15 -1.4227926e-16
   870 : -2.8173353e-16 -7.7195104e-16  5.3002171e-16
   871 : -5.1581147e-06  2.8394915e-06  1.1590887e-06
   872 :  1.5592910e-06 -1.3054094e-05  5.8525470e-06
   873 :  5.3208894e+03 -4.9870465e+03 -4.5637669e+01
   874 : -8.9725721e+04  9.3109359e+03  4.0346351e+04
   875 :  5.0200019e-22  1.3174491e-21 -9.0850286e-22
   876 :  5.0241792e-21  2.5865619e-20 -1.5423259e-20
   877 : -4.5527044e-45 -1.6306026e-44  1.0429221e-44
   878 : -2.8300038e-41 -3.6464033e-41  3.2377373e-41
   879 :  9.7901935e-27  3.6460251e-26 -2.3120840e-26
   880 :  6.5712935e-24  7.9755258e-24 -7.2755074e-24
   881 :  4.6315540e-49  9.3459624e-50 -2.7827969e-49
   882 : -4.0678114e-46  2.3728030e-46  8.4753091e-47
   883 : -2.4318001e-29 -6.5377176e-29  4.4827702e-29
   884 : -1.8048867e-27 -5.1187070e-27  3.4618672e-27
   885 : -1.0524262e-10  9.0073515e-09 -4.4485278e-09
   886 :  1.0584443e-10  6.9947780e-12 -5.5767147e-11
   887 : -1.5329290e-11 -1.3175512e-10  7.3138060e-11
   888 : -1.7954551e-09 -1.7615583e-09  1.7927593e-09
   889 : -1.1073139e-01  3.6068515e-01 -1.2859737e-01
   890 :  6.5615031e-02  4.2636665e-02 -5.2463025e-02
   891 :  1.7528261e-20  5.8318875e-20 -3.7905788e-20
   892 :  1.0333210e-17  1.4341414e-17 -1.2324343e-17
   893 :  9.3639705e-14  1.1320532e-13 -1.0334064e-13
   894 : -3.6959130e-12  5.2477982e-12 -7.7583948e-13
   895 : -3.7806555e-03 -7.5460356e-03  5.7274369e-03
   896 :  1.4343842e-04  7.1422333e-04 -4.1935835e-04
   897 : -1.3228115e-25  5.2773217e-25 -1.9783719e-25
   898 :  3.7132927e-23 -2.3666088e-24 -1.7388886e-23
   899 :  2.7916347e+00  2.3958861e+00 -2.5444554e+00
   900 :  1.0039698e+01  5.3757388e+01 -3.2239639e+01
   901 : -1.5421713e-13 -1.0459736e-13  1.2914857e-13
   902 :  6.7759001e-12 -1.3447099e-11  3.3360499e-12
   903 : -5.6831335e-05  4.2823730e-05  6.9648583e-06
   904 :  6.2877473e-06  7.8062244e-06 -7.0241147e-06
   905 : -1.8924414e-05  3.8554098e-06  8.2292401e-06
   906 : -4.5752862e-01 -6.4488185e-01  5.4912183e-01
   907 :  9.1267082e-03  5.5048254e-02 -3.2005563e-02
   908 :  1.1340798e-10  6.1093127e-10 -3.6181661e-10
   909 :  1.7039186e-08  1.4041684e-08 -1.5572490e-08
   910 :  2.6896423e-06  7.8580435e-06 -5.3084253e-06
   911 :  2.8698739e-06  2.3349980e-06 -2.6325699e-06
