Number of elements 912
     0 :  6.9600103e-53  1.3946536e-52 -1.0452982e-52
     1 :  1.9758268e-37  1.3591369e-37 -1.6671947e-37
     2 :  9.8823079e-01  9.8895970e-01  1.0100940e+00
     3 : -9.6500464e-40 -9.5828033e-40  9.6155986e-40
     4 : -5.6862566e-03 -5.4154681e-03  5.5168671e-03
     5 :  1.0884473e-05  4.9424974e-06 -7.8999433e-06
     6 : -5.5390819e-73  2.9939970e-72 -1.2200228e-72
     7 :  3.5927485e-36 -4.6251055e-35  2.1331974e-35
     8 :  4.8692823e-28  9.9413369e-28 -7.4081212e-28
     9 :  1.4838589e-68  4.2101382e-68 -2.8470554e-68
    10 : -2.1000818e-30 -5.2807806e-30  3.6899984e-30
    11 : -1.0615533e-74 -5.5498324e-75  8.0824751e-75
    12 : -5.9407085e-05 -3.7867614e-05  4.8598154e-05
    13 :  2.2117460e-22  1.6501223e-22 -1.9310092e-22
    14 :  1.2782233e-46  2.9984135e-46 -2.1386702e-46
    15 :  7.7046097e-29  1.0551708e-28 -9.1227775e-29
    16 :  6.2051636e-78  1.7458938e-77 -1.1831978e-77
    17 :  3.5834699e-59  1.3689214e-58 -8.6352806e-59
    18 : -1.4909371e-32 -4.7284604e-32  3.1109348e-32
    19 : -8.4517714e-90 -3.8170545e-89  2.3310640e-89
    20 : -4.2470437e-58 -2.4933246e-58  3.3694450e-58
    21 : -1.8290708e-24 -1.9988169e-24  1.9134405e-24
    22 : -1.0449288e-24  9.9619126e-22 -4.9782700e-22
    23 :  3.4847623e-83  3.4698833e-83 -3.4770574e-83
    24 :  1.1546782e-33  4.2126134e-33 -2.6826744e-33
    25 :  7.6985247e-88  3.1886251e-87 -1.9793660e-87
    26 :  1.3859702e-31  2.8612167e-31 -2.1247937e-31
    27 :  6.1076560e-27  8.3715454e-27 -7.2370504e-27
    28 :  1.8800065e-25  3.5258859e-25 -2.7043282e-25
    29 :  2.4091320e-35  2.3049815e-35 -2.3568725e-35
    30 : -1.8510476e-29 -1.5261525e-29  1.6883909e-29
    31 :  9.3297472e-44  2.6810591e-43 -1.8069753e-43
    32 : -1.5130671e-76 -6.4171164e-76  3.9648234e-76
    33 : -1.1941872e-20 -2.9967774e-20  2.0955432e-20
    34 : -4.4602936e-90 -8.1450515e-90  6.3026252e-90
    35 : -7.8002474e-44  1.2562647e-44  3.2711730e-44
    36 :  9.8017331e-01  1.0725564e+00 -2.1246605e-02
    37 :  5.7784940e-16 -9.6300139e-16  1.9281150e-16
    38 :  2.1330195e-26  8.3886829e-26 -5.2553302e-26
    39 :  3.2040940e-35 -4.5202767e-34  2.0995618e-34
    40 :  3.8895367e-41  2.4791773e-41 -3.1826792e-41
    41 : -8.8033431e-27  4.9644668e-26 -2.0424672e-26
    42 : -4.3467564e-86 -4.2549261e-86  4.3011259e-86
    43 :  7.3210517e-54  9.2655156e-54 -8.2931342e-54
    44 :  7.6523790e-17  6.7452879e-17 -7.1963101e-17
    45 : -3.7467760e-44 -2.3598044e-44  3.0529512e-44
    46 :  6.6863315e-47  6.9905246e-47 -6.8383985e-47
    47 :  4.5296888e-73  4.7976668e-73 -4.6635736e-73
    48 : -9.1507962e-76 -1.7857316e-75  1.3504307e-75
    49 :  1.4488850e-25  4.9941264e-25 -3.2210803e-25
    50 :  1.7663190e-20  6.1711879e-20 -3.9718765e-20
    51 :  7.0752902e-12 -1.7589468e-09  8.7313063e-10
    52 :  5.7973050e-30  3.2854338e-29 -1.9330649e-29
    53 :  2.2100149e-73  1.9849749e-73 -2.0973281e-73
    54 :  6.3824141e-22  3.3676015e-22 -4.8741390e-22
    55 :  3.5409534e-24  1.1054495e-23 -7.2942634e-24
    56 :  4.0401501e-06  1.1327292e-05 -7.7329890e-06
    57 : -3.2953722e-29 -4.8632540e-29  4.0786301e-29
    58 :  2.9838872e-13  2.6361405e-13 -2.8088076e-13
    59 :  7.2034378e-33  4.7124574e-33 -5.9617206e-33
    60 :  8.4432732e-21  3.1184965e-20 -1.9805012e-20
    61 : -4.1143298e-10 -3.4828943e-10  3.7949859e-10
    62 :  6.3186100e-33  1.6514552e-32 -1.1419529e-32
    63 : -2.1010110e-17 -5.7793560e-17  3.9431828e-17
    64 :  5.3765791e-36  2.9906912e-36 -4.1833577e-36
    65 : -2.6105805e-39 -1.0535028e-38  6.5736522e-39
    66 : -1.2130472e-43 -2.9009880e-43  2.0568026e-43
    67 :  5.9838729e-82  1.6604975e-81 -1.1293961e-81
    68 : -1.5960840e-81 -5.2035538e-82  1.0581647e-81
    69 : -3.3380431e-82 -8.5006669e-82  5.9191808e-82
    70 :  1.8695905e-46  8.4346750e-46 -5.1518601e-46
    71 : -8.4583451e-20 -1.3570038e-19  1.1002410e-19
    72 : -2.3975299e-85 -9.0797731e-85  5.7386503e-85
    73 : -1.7688110e-17 -1.7903970e-17  1.7788462e-17
    74 :  6.0291619e-66  1.2562859e-65 -9.2964271e-66
    75 :  6.9561321e-61  4.6667454e-61 -5.8116251e-61
    76 :  2.6396391e-81 -5.5887407e-81  1.4747199e-81
    77 :  4.7792487e-64  2.2659375e-64 -3.5216603e-64
    78 : -8.1283839e-70 -4.7167632e-70  6.4225597e-70
    79 : -3.8471285e-59 -4.6053298e-59  4.2257228e-59
    80 : -4.3996680e-102 7.3748963e-102 -1.4874463e-102
    81 : -8.4888147e-76 -2.4399226e-75  1.6444627e-75
    82 :  1.5940923e-02  1.0249526e+00 -1.9178114e-02
    83 :  4.7231984e-91 -4.6662935e-91 -2.8446136e-93
    84 :  1.9811766e-88  1.7222105e-87 -9.6018613e-88
    85 :  9.0558170e-07  1.4207672e-06 -1.1672878e-06
    86 :  5.9128674e-56  4.8775218e-56 -5.3950447e-56
    87 : -6.2090810e-53 -4.3221315e-53  5.2651116e-53
    88 : -8.7737927e-43 -2.9288048e-42  1.9034817e-42
    89 :  3.0071149e-13  4.5808025e-14 -1.7305156e-13
    90 :  3.0908792e-87  9.1278531e-87 -6.1095793e-87
    91 :  2.1210869e-04  8.2142793e-05 -1.4665247e-04
    92 :  7.1309528e-51  3.6473857e-49 -1.8594264e-49
    93 : -5.7662660e-101 -1.4559955e-100 1.0162887e-100
    94 :  2.3675706e-51 -3.7786416e-51  7.0619858e-52
    95 : -2.2889875e-76 -1.9578586e-76  2.1232680e-76
    96 :  5.6656457e-42  2.2934756e-42 -3.9787986e-42
    97 :  1.0295344e-42  1.0452141e-42 -1.0373531e-42
    98 :  1.6803338e-02  1.0289907e+00 -2.0807614e-02
    99 : -1.3465706e-68 -6.2223660e-69  9.8447340e-69
   100 : -5.8346425e-76 -5.7823278e-76  5.8083182e-76
   101 : -8.4402283e-41 -1.9723713e-40  1.4084449e-40
   102 :  4.5823407e-30  9.4134298e-30 -7.0018253e-30
   103 :  1.8507251e-91  1.1991859e-91 -1.5248751e-91
   104 : -1.3265716e-47 -3.8928622e-47  2.6101735e-47
   105 :  2.1615803e-28  1.9630286e-28 -2.0613324e-28
   106 : -7.8647989e-34 -9.9453104e-34  8.9032305e-34
   107 : -4.4117180e-40  1.0171332e-38 -4.8670700e-39
   108 : -2.1841755e-34 -1.3047899e-34  1.7440845e-34
   109 :  9.9771193e-27  1.3886377e-26 -1.1922473e-26
   110 :  2.0795859e-20  9.3146614e-20 -5.7031577e-20
   111 : -2.1722939e-33 -2.7721081e-34  1.2251430e-33
   112 : -6.5685463e-69 -5.2095264e-69  5.8882653e-69
   113 :  2.7946482e-10  5.3168598e-10 -4.0618121e-10
   114 : -2.8849317e-46 -1.1439358e-46  2.0144960e-46
   115 :  1.6157962e-29  3.6566152e-29 -2.6385516e-29
   116 : -6.0849864e-18 -8.6243093e-18  7.3657275e-18
   117 : -6.0502180e-05 -1.8962211e-04  1.2565776e-04
   118 : -3.1653252e-02 -6.1107934e-02  1.0436128e+00
   119 : -8.9768763e-82 -9.2845662e-82  9.1300354e-82
   120 :  3.6151589e-42  2.2515661e-42 -2.9332468e-42
   121 :  1.1610667e-61  2.4785429e-61 -1.8199388e-61
   122 :  9.7760593e-27  1.8250246e-26 -1.4027377e-26
   123 : -5.5591853e-93  5.2538427e-93  1.5265771e-94
   124 :  1.0770430e-71 -1.3082608e-71  1.1562871e-72
   125 : 1.1634971e-102 6.4056728e-103 -9.0201449e-103
   126 : -1.6704491e-57 -1.0596622e-56  6.1322982e-57
   127 :  3.9307341e-62  9.5876115e-62 -6.7586967e-62
   128 :  2.0723666e-26  1.8966086e-26 -1.9844355e-26
   129 :  2.1291563e-56  1.3408434e-56 -1.7348871e-56
   130 :  2.4320500e-08  3.6588849e-08 -3.0428561e-08
   131 : -5.0090898e-19 -2.7657286e-19  3.8861740e-19
   132 : -6.2143714e-24 -2.5383641e-23  1.5793713e-23
   133 : -4.5609483e-15 -9.6675205e-15  7.1201579e-15
   134 :  9.7710783e-25  9.6712610e-25 -9.7191824e-25
   135 : -8.1647718e-32 -3.9433867e-32  6.0560894e-32
   136 : -7.2798003e-38 -1.9967891e-37  1.3626386e-37
   137 :  4.4641820e-27  4.1862157e-27 -4.3242245e-27
   138 : -1.6846982e-33 -3.9223858e-33  2.8045116e-33
   139 : -4.3544884e-36 -1.0859947e-35  7.6088497e-36
   140 : -2.5757982e-65 -1.8495406e-64  1.0536666e-64
   141 : -1.5670166e-61 -1.0669359e-61  1.3169466e-61
   142 : -4.3011156e-33 -5.4040944e-33  4.8499799e-33
   143 : -1.3287976e-84 -1.3640029e-84  1.3463753e-84
   144 : -2.3810985e-36 -4.1135880e-36  3.2483887e-36
   145 : -5.6274292e-42 -2.2767867e-41  1.4200679e-41
   146 : -1.3957064e-47 -3.1280445e-47  2.2617538e-47
   147 : -1.6483198e-77 -6.3224208e-77  3.9857743e-77
   148 : -4.7484497e-49 -6.4549612e-49  5.6014774e-49
   149 :  2.5701275e-04  7.2955438e-04 -4.9083333e-04
   150 :  2.3135765e-42  4.7272909e-42 -3.5199682e-42
   151 :  3.6517285e-59  1.5547859e-58 -9.5994738e-59
   152 : -2.4942533e-52 -1.5008502e-52  1.9981855e-52
   153 : -3.0862746e-03 -1.4726205e-02  8.8430602e-03
   154 :  9.3663091e-98  7.1802117e-98 -8.2736074e-98
   155 :  3.7878536e-78  2.6261705e-78 -3.2068595e-78
   156 : -9.6800112e-83 -2.1434988e-82  1.5558983e-82
   157 : -1.9169679e-46 -2.3936091e-46  2.1551468e-46
   158 : -1.3554571e-31 -6.4725854e-31  3.9146206e-31
   159 :  2.4938579e-40 -3.4148833e-40  4.6054850e-41
   160 :  1.1462063e-98  1.6515508e-98 -1.3989451e-98
   161 :  1.3916467e-93  7.1269026e-93 -4.2593098e-93
   162 : -1.3164399e-06  1.1456282e-05 -5.0647647e-06
   163 :  2.9461518e-22  7.4767749e-22 -5.2105137e-22
   164 :  7.7344084e-56  8.1268905e-56 -7.9303028e-56
   165 : -1.7694995e-36  3.0114945e-37  7.3414211e-37
   166 :  1.0375930e-88  5.6881631e-88 -3.3627726e-88
   167 : -6.7702614e-31 -8.7556413e-31  7.7617258e-31
   168 :  3.0814210e-25  7.9146507e-25 -5.5003661e-25
   169 : -1.9265111e-03  9.8904518e-01  1.0056957e+00
   170 :  4.1749073e-74  5.0065591e-74 -4.5903345e-74
   171 :  3.5906925e-73  1.9710440e-73 -2.7809070e-73
   172 :  4.0947438e-20  1.5706849e-19 -9.8971065e-20
   173 : -4.0720644e-27  2.9682510e-24 -1.4817035e-24
   174 : -8.9670658e-35 -1.6796960e-34  1.2881047e-34
   175 :  6.0059393e-47  5.7211210e-47 -5.8633246e-47
   176 : -1.3550734e-70 -8.3868821e-71  1.0968716e-70
   177 :  6.5760836e-32 -8.3595776e-31  3.8507347e-31
   178 :  2.1994646e-02  1.0198614e+00 -1.9528451e-02
   179 :  1.1532292e-30  7.6911923e-31 -9.6096362e-31
   180 : -7.3647194e-80 -5.5070341e-80  6.4355617e-80
   181 : -7.5424979e-22  2.5677127e-22  2.4864244e-22
   182 :  5.8698571e-51  1.6599761e-50 -1.1233293e-50
   183 :  4.0366765e-17  2.4480837e-17 -3.2413996e-17
   184 : 3.9504050e-103 1.9809759e-102 -1.1881270e-102
   185 : -1.0608793e-62 -3.6682228e-63  7.1392268e-63
   186 : -6.9191893e-45 -5.1979992e-45  6.0580467e-45
   187 :  3.4110498e-29  1.0590279e-28 -6.9972914e-29
   188 :  2.5655614e-02  4.0319280e-02 -3.2933729e-02
   189 : -2.5040245e-32 -3.5184687e-31  1.8843103e-31
   190 :  1.4947921e-36 -2.1488412e-36  3.2714344e-37
   191 : -1.4222742e-96 -9.1635201e-97  1.1692878e-96
   192 :  2.4450349e-21  2.5502239e-21 -2.4970875e-21
   193 : -2.2838762e-07 -3.5663357e-07  2.9183253e-07
   194 :  1.8748179e-03  2.4914776e-03 -2.2057115e-03
   195 : -1.2102523e-49 -1.4248969e-49  1.3176268e-49
   196 : -4.5001255e-80 -1.7617682e-79  1.1058632e-79
   197 :  4.6055958e-83  2.4240965e-83 -3.5147911e-83
   198 :  1.7100416e-38  1.6799851e-38 -1.6948117e-38
   199 : -7.2956465e-12 -2.9440218e-11  1.8417812e-11
   200 : -7.8565228e-78 -6.4698612e-78  7.1630589e-78
   201 : -1.2997714e-23 -1.6912536e-23  1.4954645e-23
   202 : -4.5489654e-49 -1.1386807e-48  7.9608633e-49
   203 : -1.9192835e-86  9.3749548e-86 -3.7283824e-86
   204 : -3.0649013e-51 -2.7394231e-51  2.9021827e-51
   205 :  5.3441434e-23 -4.3270825e-23 -5.0493049e-24
   206 :  1.4927831e-86 -1.8231718e-85  8.3676855e-86
   207 :  1.1866277e-84  1.0811139e-84 -1.1337981e-84
   208 : -1.2018256e-64 -1.4531688e-64  1.3274199e-64
   209 :  1.1892796e-03  1.2687254e-03 -1.2253453e-03
   210 : -1.4311370e-50 -1.0392657e-50  1.2351060e-50
   211 :  1.1908474e-83 -5.9094730e-84 -2.9992278e-84
   212 : -2.6503680e-32 -1.4551516e-31  8.6036515e-32
   213 : -7.7752181e-82 -4.9912525e-82  6.3827056e-82
   214 :  1.2088858e-03 -4.1360470e-03  1.4721464e-03
   215 : -3.7138327e-02  9.4333795e-01  1.0455661e+00
   216 : -2.2941361e-33 -6.9340401e-33  4.6140686e-33
   217 :  2.6447506e-97  4.0394941e-97 -3.3422454e-97
   218 :  1.7588523e-67  1.7842567e-67 -1.7714593e-67
   219 : -1.0757601e-24  6.8038307e-25  1.9677897e-25
   220 :  1.0390351e-57  8.2400226e-58 -9.3142231e-58
   221 : -1.0067480e-70 -1.9806829e-70  1.4936341e-70
   222 :  2.3321722e-13  4.4753614e-12 -2.3513474e-12
   223 :  2.1054172e-18  6.2260189e-18 -4.1611799e-18
   224 :  9.3643416e-40  4.1272567e-39 -2.5317532e-39
   225 :  7.1108288e-61  1.9423379e-59 -1.0066698e-59
   226 :  3.3262565e-79  1.1653441e-78 -7.4892589e-79
   227 : -5.3885700e-45 -4.3713919e-45  4.8792165e-45
   228 : -2.3916346e-46 -2.0405424e-46  2.2137760e-46
   229 :  4.3290537e-51 -4.0187186e-50  1.7932374e-50
   230 :  2.8350387e-73  8.9072124e-73 -5.8715253e-73
   231 : -2.6159231e-73 -3.1680832e-73  2.8919509e-73
   232 :  6.5180560e-99 -5.6646318e-99 -4.2669319e-100
   233 :  5.9131196e-70  2.4717416e-69 -1.5314862e-69
   234 : -9.3152551e-07 -9.4471060e-07  9.3740650e-07
   235 :  3.0389505e-20  9.3562595e-20 -6.1972028e-20
   236 :  2.3134218e-66  2.3794848e-66 -2.3463964e-66
   237 : -9.8992510e-62 -8.2511218e-62  9.0734766e-62
   238 :  2.2861118e-92  1.1336390e-91 -6.8114226e-92
   239 :  1.7412517e-67  1.5433668e-67 -1.6422319e-67
   240 :  7.3382454e-81 -2.8625981e-80  1.0643795e-80
   241 :  2.6125614e-27  1.2997304e-26 -7.8121518e-27
   242 :  1.0392569e-27  3.9464726e-27 -2.4927706e-27
   243 :  1.7663122e-13  4.6679987e-13 -3.2144366e-13
   244 : -3.1006443e-19 -2.9546500e-19  3.0266411e-19
   245 :  1.3487045e-71 -9.9484957e-71  4.2997310e-71
   246 : -9.6986530e-32 -3.6065090e-32  6.6572000e-32
   247 : -1.0115374e-11 -6.6617046e-11  3.8352547e-11
   248 :  3.5883988e-97  1.9442093e-97 -2.7662373e-97
   249 : -3.0739198e-53 -3.6336616e-53  3.3536082e-53
   250 :  2.9941767e-26  2.4647498e-26 -2.7286417e-26
   251 :  1.8625835e-44  2.3734698e-44 -2.1184819e-44
   252 : -5.3858849e-79 -1.4332061e-78  9.8604264e-79
   253 :  2.1752122e-90  2.0537101e-90 -2.1143449e-90
   254 : -1.4995699e-11 -3.7035803e-11  2.6099789e-11
   255 :  1.9324536e-47  2.6114244e-47 -2.2720403e-47
   256 : -1.2962992e-27 -2.9197154e-27  2.1085951e-27
   257 : -1.0260632e-19 -1.1623263e-19  1.0934557e-19
   258 : -1.9899136e-48 -6.7067770e-48  4.3480184e-48
   259 : -3.8828464e-61 -3.9854583e-61  3.9336725e-61
   260 : -5.6221224e-25  1.2432631e-24 -3.4050953e-25
   261 :  1.7323761e-47  4.8768800e-48 -1.1099501e-47
   262 :  9.5916577e-70  3.2969292e-69 -2.1280199e-69
   263 :  5.7970543e-79  7.4452152e-79 -6.6207895e-79
   264 :  1.2852420e-41  1.1399048e-41 -1.2125627e-41
   265 : -5.2957067e-24 -2.0864513e-23  1.3075512e-23
   266 : -7.6068199e-57 -1.5680492e-56  1.1645203e-56
   267 : -4.2596422e-51  2.2647495e-50 -9.1960062e-51
   268 :  1.5372384e-81  2.0487340e-81 -1.7929761e-81
   269 :  4.0555468e-12  3.5150318e-12 -3.7822783e-12
   270 :  2.5278925e-53 -1.2005774e-52  4.7397561e-53
   271 : -1.5883218e-22 -2.0997828e-22  1.8434216e-22
   272 : -2.2280107e-48 -5.4862730e-48  3.8569200e-48
   273 :  6.5893307e-77  2.8993715e-77 -4.7442096e-77
   274 : -7.0987189e-28 -5.3373571e-28  6.2151591e-28
   275 :  3.3656788e-62  1.3910953e-61 -8.6376473e-62
   276 :  4.6082229e-22  1.0792198e-21 -7.7038297e-22
   277 : -4.5653679e-68  1.2651863e-68  1.6500511e-68
   278 :  4.0608739e-28  2.4512996e-28 -3.2561508e-28
   279 :  1.0586169e-45  3.6486240e-45 -2.3539325e-45
   280 : -1.9612883e-05  1.5620167e-05  1.5304254e-06
   281 : -7.9240789e-43 -5.8434386e-43  6.8818755e-43
   282 :  2.4669367e-59  3.2108001e-59 -2.8387163e-59
   283 : -8.7891283e-68 -2.8655984e-67  1.8722140e-67
   284 : -1.1756753e-64 -1.0152106e-64  1.0953834e-64
   285 :  2.5509702e-10  2.4655012e-09 -1.3648894e-09
   286 : -6.5831439e-29 -7.0951738e-29  6.8393002e-29
   287 : -3.9980067e-41 -1.3859851e-40  8.9319637e-41
   288 : -7.8734265e-04 -6.0330795e-03  3.4031599e-03
   289 : -1.2327501e-37 -4.8768378e-36  2.4996418e-36
   290 :  1.0558796e-07  5.4364525e-08 -8.0219903e-08
   291 :  1.8658490e-46 -8.3188250e-46  3.2269300e-46
   292 :  1.1722419e-15  1.3053870e-15 -1.2370045e-15
   293 : -1.0810705e-64 -3.6656331e-64  2.3734372e-64
   294 : -2.0119993e-33 -2.1245664e-33  2.0673320e-33
   295 : -2.9475321e-84 -2.9619838e-84  2.9550497e-84
   296 :  7.9912489e-21 -3.5026382e-19  1.7099797e-19
   297 :  1.7798872e-39 -4.4165959e-39  1.3181441e-39
   298 :  1.0344333e-40  1.9393345e-40 -1.4872200e-40
   299 : -1.2939077e-88 -8.6020642e-89  1.0770156e-88
   300 : -1.0102811e-19 -2.1327412e-19  1.5725205e-19
   301 : -9.7410440e-48 -6.2039108e-47  3.5896557e-47
   302 :  1.7768389e-30  1.1253185e-30 -1.4500107e-30
   303 :  5.4667564e-33  2.1171152e-32 -1.3320622e-32
   304 : -1.5244335e-29 -1.1932824e-29  1.3586331e-29
   305 :  4.8007528e-45  1.9417009e-44 -1.2109970e-44
   306 :  2.0963831e-18  3.3736977e-18 -2.7392456e-18
   307 :  4.8955225e-33  3.7983289e-33 -4.3446911e-33
   308 : -9.3960310e-40 -3.7476500e-39  2.3433757e-39
   309 :  3.6004125e-94  3.7135267e-94 -3.6571820e-94
   310 : -1.6616091e-36  1.4590782e-35 -6.4645210e-36
   311 : -1.7158068e-33 -4.7743376e-33  3.2443443e-33
   312 : -1.7743605e-80 -2.4244275e-80  2.0992299e-80
   313 :  7.0762672e-66  1.3354510e-65 -1.0215194e-65
   314 : -1.7961213e-87 -6.5762823e-88  1.2268715e-87
   315 : -4.7834420e-76 -1.9529722e-75  1.2157298e-75
   316 :  6.0723026e-17  2.2940503e-16 -1.4520657e-16
   317 : -1.7392310e-89  1.7282842e-89  5.4722074e-92
   318 : -1.7477821e-22 -3.1811352e-22  2.4685708e-22
   319 :  1.1396948e-22  6.1037621e-22 -3.6214434e-22
   320 : -2.3809407e-02  9.5770682e-01  1.0332096e+00
   321 : -2.1992244e-15 -8.2603431e-15  5.2248566e-15
   322 : -8.0671782e-92 -2.8635733e-91  1.8350788e-91
   323 :  4.7203793e-99  1.2195611e-98 -8.4575303e-99
   324 :  6.2621425e-73  2.0415764e-72 -1.3340230e-72
   325 :  1.5923370e-59  1.6918912e-59 -1.6420251e-59
   326 : -3.8801729e-11 -1.7579238e-11  2.8097365e-11
   327 :  9.1746418e-03  1.0159526e+00 -1.2987294e-02
   328 :  1.1922981e-29 -1.1774639e-29 -7.6555980e-32
   329 :  5.3862742e-71  1.3210266e-70 -9.2985613e-71
   330 : -3.9754996e-94 -5.4910726e-94  4.7332320e-94
   331 :  5.4955435e-51  3.5699750e-50 -2.0595189e-50
   332 :  6.7767134e-33 -4.0252744e-33 -1.3758299e-33
   333 : -4.2511893e-59 -4.3677076e-59  4.3092329e-59
   334 : -2.0471219e-25 -1.6291852e-26  1.1047301e-25
   335 : -4.5068138e-34 -2.2471921e-34  3.3758356e-34
   336 : -5.8434610e-28 -5.6676088e-28  5.7552372e-28
   337 :  2.0325504e-88  8.5519236e-88 -5.2920788e-88
   338 :  7.4228993e-31  1.7738799e-30 -1.2585507e-30
   339 :  2.7841717e-65  4.9682799e-65 -3.8761326e-65
   340 :  3.7208856e-26  2.7174744e-24 -1.3766116e-24
   341 : -7.3058098e-82  6.9744557e-81 -3.1220267e-81
   342 :  6.1388209e-74  9.4773943e-74 -7.8079068e-74
   343 :  2.9384576e-45  1.0094613e-45 -1.9743515e-45
   344 : -2.9338723e-23  9.6494944e-23 -3.3644795e-23
   345 :  1.0975650e-08  4.8282577e-08 -2.9685620e-08
   346 :  2.4432206e-76 -4.2424589e-76  8.9973293e-77
   347 : -1.0112716e-21 -4.5501572e-23  5.2829539e-22
   348 :  5.3390680e-43 -5.4740185e-43  6.7477855e-45
   349 :  1.0590266e-48  2.2725551e-48 -1.6655793e-48
   350 :  4.9693064e-23  4.2721883e-23 -4.6195856e-23
   351 :  9.5470989e-64  1.4913028e-63 -1.2230252e-63
   352 : -4.3158773e-23 -2.2263793e-23  3.2709529e-23
   353 :  4.4536658e-30  8.6440300e-30 -6.5520098e-30
   354 :  1.6796428e-02  1.9465045e-02 -1.7930565e-02
   355 : -7.6316939e-04 -1.2496438e-03  1.0168173e-03
   356 : -1.5820883e-87 -2.1836965e-87  1.8827808e-87
   357 :  1.0056064e-21  1.5177028e-21 -1.2616304e-21
   358 :  2.4248950e-50 -1.1109048e-49  4.3417822e-50
   359 : -8.6156524e-101 -3.4429407e-101 6.0291666e-101
   360 :  5.7102352e-27  2.7847758e-27 -4.2450654e-27
   361 : -1.5525597e-55 -4.5019714e-55  3.0278796e-55
   362 :  7.3840039e-42  3.3366465e-41 -2.0370469e-41
   363 : -4.8635989e-53 -6.4050660e-53  5.6338064e-53
   364 :  2.4808742e-53 -3.7732055e-53  6.4639664e-54
   365 : -2.1709918e-44 -2.1751630e-44  2.1729442e-44
   366 :  1.0607646e-76 -1.5497491e-76  2.4449425e-77
   367 :  1.0830016e-36  1.6733610e-36 -1.3779601e-36
   368 :  2.5204270e-28  2.2834075e-27 -1.2678509e-27
   369 :  6.8407573e-45  6.5844318e-45 -6.7116935e-45
   370 :  2.5171325e-56  1.2222159e-56 -1.8694992e-56
   371 : -1.4112689e-80 -1.3473512e-80  1.3793138e-80
   372 :  1.9988438e-45  7.2919829e-46 -1.3639455e-45
   373 :  7.6068258e-31  1.9183212e-30 -1.3392756e-30
   374 :  1.0925682e-08  8.1563939e-09 -9.5338226e-09
   375 :  2.8558616e-59  5.2948326e-59 -4.0758890e-59
   376 : -6.8507450e-91  6.5895106e-91  1.3030583e-92
   377 : -1.1603599e-41 -3.6520784e-41  2.4073918e-41
   378 :  2.1411562e-53  2.7557210e-53 -2.4482931e-53
   379 :  1.4219317e-95  9.4104742e-96 -1.1814864e-95
   380 :  1.3949381e-16  2.0871712e-16 -1.7433213e-16
   381 :  1.6457851e-45  4.9327526e-45 -3.2896820e-45
   382 : -2.6599912e-66  5.4943955e-66 -1.4170004e-66
   383 :  1.1822624e-22 -8.3234201e-23 -1.7479594e-23
   384 :  7.6627326e-57  4.9859461e-56 -2.8765356e-56
   385 : -1.2421334e-27 -2.5607567e-27  1.9011959e-27
   386 :  3.0912589e-18  1.8289301e-18 -2.4580215e-18
   387 :  1.5552706e-69  2.2581857e-69 -1.9066633e-69
   388 :  2.0417262e-08 -7.5677212e-08  2.7663623e-08
   389 :  3.4920710e-60 -3.8786303e-60  1.9328087e-61
   390 : -5.1489043e-28 -2.6364358e-28  3.8915119e-28
   391 :  2.8503699e-51  5.8023775e-50 -3.0446437e-50
   392 : -2.1156491e-19 -1.8912397e-19  2.0028761e-19
   393 : -1.0076348e-19  8.1349710e-19 -3.5627268e-19
   394 :  3.0346372e-58  1.4780234e-56 -7.5412813e-57
   395 :  2.0044293e-36  2.2261777e-36 -2.1152017e-36
   396 :  4.5745181e-91  5.1484530e-91 -4.8614332e-91
   397 :  7.6021040e-20  2.2033865e-19 -1.4811526e-19
   398 : -1.2203660e-33  4.9529021e-33 -1.8668943e-33
   399 :  2.0157743e-19  2.2982574e-19 -2.1566221e-19
   400 : -4.8073186e-33 -4.3222204e-33  4.5639098e-33
   401 :  3.1957701e-30  2.7925385e-30 -2.9939958e-30
   402 :  3.1982274e-55  8.4496826e-55 -5.8249449e-55
   403 : -5.1759447e-54 -1.9488281e-53  1.2330953e-53
   404 : -4.7862470e-77 -5.7360570e-77  5.2610730e-77
   405 :  6.7406144e-39  1.0851377e-38 -8.7907330e-39
   406 :  1.0439783e-25  4.0674628e-25 -2.5585345e-25
   407 :  1.0838060e-15  2.1021701e-15 -1.5918763e-15
   408 :  4.7989755e-14 -2.0725964e-13  7.9692944e-14
   409 :  3.3309723e-36  2.7788218e-36 -3.0555186e-36
   410 :  9.1384091e-01  8.9815373e-01  1.0951656e+00
   411 : -4.3550114e-36 -1.7557871e-35  1.0953607e-35
   412 : -1.0650071e-34 -2.4412372e-34  1.7527924e-34
   413 : -7.3481726e-83 -5.6699843e-83  6.5088252e-83
   414 : -2.4637884e-06 -2.5737193e-06  2.5182916e-06
   415 :  3.7443871e-32  3.3998685e-32 -3.5720016e-32
   416 :  7.5726314e-64  1.1140478e-63 -9.3562606e-64
   417 :  2.1040653e-21  3.3164384e-21 -2.7098809e-21
   418 :  8.5924186e-18  8.8510080e-18 -8.7181568e-18
   419 : -9.2790655e-81 -2.6603247e-80  1.7942216e-80
   420 :  9.3121438e-79  3.5247390e-78 -2.2279291e-78
   421 : -2.4526451e-72 -2.5838819e-72  2.5182202e-72
   422 :  7.7728823e-47 -2.4641331e-47 -2.6542198e-47
   423 : -4.3600552e-44  6.6690793e-44 -1.1543150e-44
   424 : -1.3272401e-60  1.2442921e-59 -5.5590999e-60
   425 : -2.3220686e-72 -5.3564542e-72  3.8393588e-72
   426 : -1.4043062e-48 -5.4265217e-48  3.4159541e-48
   427 : -4.2092798e-59 -4.9810396e-59  4.5951346e-59
   428 :  6.7066678e-57  2.8545224e-56 -1.7625586e-56
   429 :  2.4915540e-31  1.0050782e-30 -6.2744705e-31
   430 :  2.5018133e-28  4.9892246e-28 -3.7430394e-28
   431 : -4.7542974e-38 -9.9454216e-38  7.3489674e-38
   432 : -1.2282848e-42 -1.3043716e-42  1.2661359e-42
   433 :  5.7021372e-84  7.7939636e-84 -6.7478616e-84
   434 : -2.7289494e-14 -3.4098740e-14  3.0668041e-14
   435 : -5.8916451e-36 -6.1140773e-36  6.0026433e-36
   436 : -1.9866580e-58 -7.2205199e-58  4.6034187e-58
   437 : -2.3934872e-24 -3.0511073e-24  2.7222063e-24
   438 : -1.8707088e-28  1.4264021e-27 -6.1945672e-28
   439 :  3.9974530e-17  1.8407306e-16 -1.1197671e-16
   440 : -1.9820161e-74  9.4155653e-75  5.2019351e-75
   441 :  4.4528056e-94  1.6979338e-93 -1.0715544e-93
   442 :  3.1655770e-26  3.2571738e-25 -1.7849899e-25
   443 :  3.4842655e-45  2.2466183e-45 -2.8650929e-45
   444 :  3.4942125e-25  3.6098777e-25 -3.5507678e-25
   445 :  3.2491460e-51  1.8136744e-51 -2.5310610e-51
   446 : -4.6672497e-07 -4.6712878e-07  4.6759080e-07
   447 :  1.3117216e-53  7.6611029e-53 -4.4865004e-53
   448 :  7.3301771e-35  1.8166329e-34 -1.2758969e-34
   449 :  5.7016921e-80  5.7955861e-80 -5.7486731e-80
   450 :  1.0158130e-85  1.1063400e-85 -1.0610850e-85
   451 :  3.2867787e-12 -7.8126542e-12  2.2669435e-12
   452 : -1.6538364e-03 -2.1283630e-02  1.1574142e-02
   453 : -8.5854943e-10 -1.5462782e-09  1.2060885e-09
   454 : -5.4262714e-04 -2.1698656e-03  1.3577040e-03
   455 : -1.8530292e-53 -1.0472092e-53  1.4503440e-53
   456 : -3.2045760e-35 -2.6166320e-35  2.9089124e-35
   457 : -8.6800212e-95 -2.8101130e-95  5.7449462e-95
   458 : -3.2350218e-53  1.4047339e-51 -6.8614241e-52
   459 :  4.2408981e-37  5.1083007e-37 -4.6737355e-37
   460 :  7.5651546e-33  2.8635362e-32 -1.8088718e-32
   461 : -6.3952919e-58 -1.9459184e-59  3.2948807e-58
   462 : -5.3094807e-45 -2.7584357e-44  1.6445053e-44
   463 :  5.8055569e-68  2.0342752e-67 -1.3073921e-67
   464 :  4.2215576e-28  9.6954850e-28 -6.9623142e-28
   465 :  3.8255690e-33  4.1120270e-33 -3.9670458e-33
   466 : -3.4309987e-18 -4.3634216e-18  3.8999970e-18
   467 : -5.9712130e-74 -2.4554192e-73  1.5261953e-73
   468 :  1.2563967e-65 -7.3297620e-65  3.0371841e-65
   469 : -8.7235651e-96  7.1156971e-96  8.0395470e-97
   470 :  3.3169097e-88  3.4697600e-88 -3.3934427e-88
   471 : -1.3815867e-59 -7.0211947e-59  4.2020799e-59
   472 : -3.0856862e-68 -2.3187364e-68  2.7019141e-68
   473 :  1.1751919e-31  1.8868378e-31 -1.5309689e-31
   474 : -1.0122364e-75 -3.7870658e-75  2.3995473e-75
   475 :  9.2482107e-56  1.0916750e-55 -1.0080487e-55
   476 : -4.3385986e-56 -5.3551901e-56  4.8477549e-56
   477 : -1.0371218e-96 -5.7852541e-96  3.4109658e-96
   478 : -2.6706842e-34 -2.3110239e-34  2.4898020e-34
   479 : -3.9045599e-94 -5.8154465e-94  4.8598910e-94
   480 : -7.7177996e-15  2.5211060e-14 -8.7364266e-15
   481 : -1.0312330e-52 -2.9611367e-53  6.6365816e-53
   482 :  1.8111014e-80 -2.0205364e-79  9.1975241e-80
   483 :  2.4134437e-17  2.5096701e-17 -2.4574189e-17
   484 : -2.7900276e-41 -2.0143166e-41  2.4031291e-41
   485 : -9.9728611e-34 -9.9609486e-34  9.9660654e-34
   486 :  4.3874705e-02  1.0751930e+00 -5.9379486e-02
   487 :  8.0173549e-31  7.9424372e-31 -7.9797125e-31
   488 : -1.0030997e-13 -1.6167251e-13  1.3124173e-13
   489 :  8.3112380e-84 -5.7206145e-83  2.4446643e-83
   490 :  9.0010301e-75  1.0685909e-74 -9.8437519e-75
   491 :  3.5683674e-78  4.1616551e-78 -3.8654370e-78
   492 :  1.1313288e-31  1.5713226e-31 -1.3512025e-31
   493 : -7.0330047e-21 -4.1677662e-20  2.4339341e-20
   494 :  1.1610029e-15  2.4734547e-15 -1.8179468e-15
   495 :  3.0752708e-40  4.4965485e-40 -3.7853254e-40
   496 : -2.0867496e-66 -1.8529854e-66  1.9698208e-66
   497 :  1.3606949e-91 -1.3694715e-91  4.3934000e-94
   498 :  9.9970625e-85  9.0590857e-85 -9.5276015e-85
   499 : -3.8602603e-14 -6.3582159e-14  5.0966603e-14
   500 :  2.5218239e-89 -2.4848022e-89 -1.8537746e-91
   501 :  1.5255274e-99  1.2160478e-99 -1.3707591e-99
   502 : -6.4847401e-25 -1.7662230e-24  1.2071762e-24
   503 :  6.0260695e-27  2.4969228e-26 -1.5494873e-26
   504 : -2.8554539e-35 -1.4211323e-34  8.5359870e-35
   505 :  7.7843548e-13  9.3597222e-13 -8.5805619e-13
   506 :  1.5475546e-67  1.2282904e-66 -6.9145536e-67
   507 :  1.1688919e-61  1.7355704e-61 -1.4520732e-61
   508 :  3.2817282e-63  4.6655023e-62 -2.4970313e-62
   509 : -2.8117304e-30 -3.3661279e-30  3.0883793e-30
   510 : -3.3842979e-67  3.2033338e-66 -1.4324181e-66
   511 : -5.3660395e-54 -3.2028579e-53  1.8698249e-53
   512 :  6.2405584e-55  2.1005699e-55 -4.1713331e-55
   513 : -9.2966124e-43 -4.1972118e-42  2.5633867e-42
   514 : -5.9725340e-37 -4.5386854e-37  5.2575703e-37
   515 : -6.8422028e-20  5.2420908e-19 -2.2788564e-19
   516 : -1.7016724e-71 -2.3833178e-71  2.0426989e-71
   517 :  5.4527024e-21  4.9409482e-21 -5.1893263e-21
   518 :  1.2515348e-36  1.2637239e-36 -1.2575670e-36
   519 : -1.7490789e-53 -1.7627397e-53  1.7557189e-53
   520 : -5.3595659e-39 -6.0369074e-39  5.6973624e-39
   521 : -1.8297666e-24 -1.7305619e-24  1.7815275e-24
   522 : -1.1417341e-03 -5.5823880e-02  1.0238308e+00
   523 : -7.5401920e-20 -3.9688153e-19  2.3625844e-19
   524 : -9.1198902e-43 -1.9116518e-42  1.4123701e-42
   525 :  3.3007591e-35  3.4640156e-35 -3.3811458e-35
   526 :  4.3795070e-50  5.4445097e-50 -4.9117482e-50
   527 :  3.2914672e-76  1.2124801e-75 -7.7076143e-76
   528 : -9.0178684e-07 -1.3577152e-06  1.1271324e-06
   529 :  2.7584888e-31  2.6931255e-31 -2.7245489e-31
   530 : -1.9994513e-15 -1.2180371e-15  1.6061128e-15
   531 :  3.9543074e-32  8.9373163e-32 -6.4510971e-32
   532 :  6.9376065e-54  2.5019185e-54 -4.7188549e-54
   533 : -9.8255079e-98 -4.6888417e-98  7.2571561e-98
   534 :  2.2805278e-97  3.8633756e-97 -3.0719388e-97
   535 : -2.4583252e-72 -3.0358433e-72  2.7469562e-72
   536 : -1.6311633e-17 -1.9485183e-17  1.7889973e-17
   537 :  2.8773413e-29 -3.1556667e-29  1.3942331e-30
   538 :  9.9720990e-36  9.2887363e-36 -9.6274726e-36
   539 :  1.4500920e-75  1.6776365e-73 -8.4605713e-74
   540 : -6.6484124e-68 -2.9144933e-67  1.7896835e-67
   541 : -2.0617985e-63 -2.1355710e-63  2.0986786e-63
   542 : -6.0467854e-42 -6.1826384e-42  6.1172745e-42
   543 :  2.8037332e-77  5.7272561e-78 -1.6883170e-77
   544 : -6.3940585e-38 -7.5040107e-38  6.9473084e-38
   545 : -3.4587936e-63  5.4329762e-63 -9.8706832e-64
   546 :  8.7833156e-15  4.1300795e-14 -2.5075239e-14
   547 :  3.8374290e-76  1.9027085e-76 -2.8699799e-76
   548 : -7.4487863e-20  6.1970975e-19 -2.7255101e-19
   549 :  2.8159479e-64  9.5058989e-64 -6.1606517e-64
   550 : -1.1103078e-36 -2.6471686e-36  1.8792065e-36
   551 : -1.5329127e-20 -1.0512515e-20  1.2918763e-20
   552 : -1.0974333e-26  1.0757734e-26  2.5970278e-29
   553 :  1.8639531e-30  4.1148676e-30 -2.9886387e-30
   554 :  3.8836047e-68 -2.8205282e-68 -5.3059774e-69
   555 :  3.1049915e-41  2.8008348e-41 -2.9525715e-41
   556 :  5.1245154e-70 -6.2932733e-69  2.8907465e-69
   557 : -1.3375810e-02 -1.1955221e-02  1.2558498e-02
   558 :  5.4947391e-28  2.5121468e-27 -1.5307413e-27
   559 :  4.1233060e-24  2.4844786e-23 -1.4481513e-23
   560 :  1.9814425e-35 -1.6513901e-34  7.2697626e-35
   561 : -4.7337773e-08 -1.2108474e-07  8.4523060e-08
   562 : -1.7890954e-56  4.4250683e-57  6.7328643e-57
   563 : -3.3063172e-87  5.9642896e-87 -1.3289100e-87
   564 :  2.7800674e-19  1.9745140e-18 -1.1255648e-18
   565 : -2.0000092e-16 -3.7928890e-16  2.8935809e-16
   566 : -3.0743034e-70 -2.9535510e-70  3.0136793e-70
   567 :  1.5286402e-42  4.0308298e-42 -2.7795471e-42
   568 : -5.6130786e-20 -3.4493658e-20  4.5225060e-20
   569 : -3.7807473e-21  1.6144607e-20 -6.1927779e-21
   570 : -3.7984943e-65 -1.7352557e-64  1.0575206e-64
   571 :  2.8703169e-45  1.4427552e-44 -8.6512828e-45
   572 :  1.7976028e-98  3.3747315e-98 -2.5866055e-98
   573 :  2.7807460e-32  2.9353661e-32 -2.8574089e-32
   574 : -1.5607192e-28 -5.2664210e-28  3.4131096e-28
   575 : -1.0402312e-03 -1.1301692e-03  1.0808826e-03
   576 :  6.7551496e-38 -4.0836266e-37  1.7032947e-37
   577 :  8.3415162e-02  6.6395709e-02 -7.4463085e-02
   578 : -8.2312644e-102 -4.8842256e-102 6.5570263e-102
   579 : -1.5072064e-12 -1.6791331e-11  9.1606321e-12
   580 :  2.1594632e-06  5.3665614e-06 -3.7674417e-06
   581 : -1.2573052e-61 -8.4213610e-61  4.8393062e-61
   582 : -4.8225403e-94  9.0221197e-94 -2.1003608e-94
   583 :  4.6376890e-63  3.2606137e-62 -1.8621024e-62
   584 : -6.0154174e-85 -8.8199245e-85  7.4174861e-85
   585 :  7.3342137e-19 -5.7365107e-18  2.5032355e-18
   586 : -6.6444903e-73 -3.0177246e-73  4.8301162e-73
   587 : -2.7889536e-58 -7.0493893e-58  4.9189629e-58
   588 : -3.1503855e-72 -1.4798118e-72  2.3154359e-72
   589 : -5.9861466e-25 -1.6700602e-24  1.1343240e-24
   590 : -1.9357887e-20 -4.2114489e-20  3.0717521e-20
   591 : -8.1518078e-92 -3.8921035e-92  6.0218781e-92
   592 :  1.6883153e-67  1.0287340e-66 -5.9877834e-67
   593 :  6.9506040e-56  6.9305753e-56 -6.9386068e-56
   594 : -1.8464329e-59 -4.4346500e-59  3.1411910e-59
   595 :  5.5266188e-33  4.6376812e-33 -5.0817963e-33
   596 :  1.4518183e-38 -2.2127015e-38  3.8216697e-39
   597 : -2.0667553e-44 -2.0074069e-44  2.0367470e-44
   598 : -3.3153614e-56 -1.6095288e-56  2.4628470e-56
   599 : -7.6920578e-12  1.0767952e-11 -1.5373450e-12
   600 : -1.6822957e-39 -1.5399515e-39  1.6110316e-39
   601 : -1.6913561e-09 -7.2988282e-09  4.4907129e-09
   602 : -9.5336082e-76 -2.3569088e-75  1.6553015e-75
   603 :  5.2202720e-77  1.7588604e-76 -1.1404430e-76
   604 :  5.4840621e-63  6.1117827e-63 -5.7978586e-63
   605 : -2.0335593e-49 -1.8068969e-49  1.9202011e-49
   606 :  2.2395549e-02  1.0170171e+00 -2.0903042e-02
   607 : -4.7666020e-38  4.5334585e-38  1.1653745e-39
   608 :  2.4297224e-65 -1.7339946e-64  7.4562016e-65
   609 : -5.3117612e-58 -6.3361418e-58  5.8254513e-58
   610 : -1.4138573e-79 -1.8246039e-79  1.6192340e-79
   611 : -4.1961821e-12 -4.1744305e-12  4.1788366e-12
   612 :  2.2027374e-38  1.0292276e-37 -6.2460349e-38
   613 :  3.2025560e-53  6.6305826e-53 -4.9165071e-53
   614 : -1.5195131e-22 -1.9607923e-22  1.7398571e-22
   615 :  9.7068420e-48  1.2435549e-47 -1.1071104e-47
   616 : -1.8830704e-84  5.9578164e-84 -2.0372674e-84
   617 : -1.8903938e-50  8.6683960e-51  5.1191044e-51
   618 :  7.4820279e-59  1.0901692e-58 -9.1923183e-59
   619 : -1.3443233e-70 -2.2622162e-70  1.8032463e-70
   620 :  9.5859564e-51  1.1675725e-50 -1.0629650e-50
   621 : -7.3681689e-39 -7.7829990e-39  7.5752163e-39
   622 :  3.0858232e-13  6.1333797e-13 -4.6058256e-13
   623 :  9.4821315e-26  1.3619763e-25 -1.1549042e-25
   624 :  2.5242319e-46 -1.7729769e-45  7.6100035e-46
   625 :  9.4122081e-52  1.1632772e-50 -6.2872790e-51
   626 : 1.5790736e-105 -1.1024814e-106 -7.3449461e-106
   627 :  4.8400407e-74  6.7903854e-74 -5.8151401e-74
   628 :  4.6769556e-60 -2.1253009e-58  1.0393580e-58
   629 :  3.8944011e-26  1.4927732e-25 -9.4073521e-26
   630 :  1.1301214e-21  1.2239857e-21 -1.1769686e-21
   631 :  4.8536768e-56  3.0083252e-56 -3.9286807e-56
   632 : -9.7843288e-79 -1.5915006e-78  1.2849144e-78
   633 : -1.4428970e-28 -1.9025416e-28  1.6715797e-28
   634 :  1.4073147e-33  2.0938607e-33 -1.7503491e-33
   635 :  4.2470821e-28 -6.2632350e-28  1.0085325e-28
   636 :  2.8384933e-25  2.4809347e-25 -2.6621667e-25
   637 : -1.0765330e-16 -8.9235997e-17  9.8415651e-17
   638 : -4.5657379e-13 -1.7122793e-12  1.0837125e-12
   639 :  1.6901282e-22 -4.3473946e-22  1.3298656e-22
   640 : -1.7241271e-03 -1.8605626e-03  1.7854104e-03
   641 : -2.1817074e-71  1.4121021e-70 -5.9695054e-71
   642 : -4.3330627e-30 -6.0002478e-30  5.1664168e-30
   643 : -2.1619717e-23 -2.6195833e-23  2.3905237e-23
   644 :  3.6440276e-25  3.9460231e-25 -3.7948178e-25
   645 : -2.7321499e-39 -1.2616639e-38  7.6718723e-39
   646 :  3.0357140e-40  4.2781276e-40 -3.6566039e-40
   647 :  9.7694058e-10  2.4715062e-09 -1.7203396e-09
   648 :  1.2924172e-43  1.5901493e-41 -8.0152517e-42
   649 : -9.4617101e-22 -3.2309689e-22  6.3569976e-22
   650 :  5.4466239e-44  1.1203013e-42 -5.8735687e-43
   651 :  2.2610972e-14 -1.4095082e-13  5.9144025e-14
   652 :  7.7147603e-40  2.6291430e-39 -1.7009030e-39
   653 : -2.8925672e-18 -3.8240338e-18  3.3581711e-18
   654 :  1.1182778e-61  1.0852330e-61 -1.1016671e-61
   655 : -1.5760189e-45 -5.0744229e-45  3.3249866e-45
   656 : -3.7741678e-11  2.4792325e-10 -1.0522775e-10
   657 :  2.1628195e-24  8.8435798e-24 -5.5022084e-24
   658 : -9.0033751e-39 -4.4439848e-39  6.7223291e-39
   659 : -5.2626092e-33 -2.1301726e-32  1.3289348e-32
   660 :  1.6006967e-14  1.9402792e-14 -1.7702569e-14
   661 :  2.8308772e-06  7.2094065e-06 -5.0186044e-06
   662 :  6.0254094e-63 -3.1627529e-62  1.2800772e-62
   663 : -3.8378220e-21 -6.1215826e-21  4.9761109e-21
   664 :  1.0938698e-15  2.1740995e-15 -1.6330708e-15
   665 : -3.9292452e-14 -3.8064460e-14  3.8652921e-14
   666 : -1.9651561e-85  8.8796511e-85 -3.4574878e-85
   667 : -2.2507498e-60 -1.5211383e-60  1.8855671e-60
   668 :  8.4904763e-26  8.2890855e-26 -8.3849000e-26
   669 :  8.1968482e-99  1.0746132e-98 -9.4715554e-99
   670 :  3.0519252e-19  7.4423959e-18 -3.8758738e-18
   671 :  5.4342227e-05  5.4030359e-05 -5.4016844e-05
   672 :  3.6492455e-18  2.3407215e-18 -2.9932217e-18
   673 : -1.5337388e-58 -4.5490361e-58  3.0406579e-58
   674 : -4.3837224e-47  6.6666833e-47 -1.1414768e-47
   675 : -2.2558579e-53 -1.7691999e-53  2.0122758e-53
   676 :  3.0715716e-38 -1.3438247e-37  5.1730893e-38
   677 : -7.2506782e-36 -7.8310392e-36  7.5383934e-36
   678 :  3.5616260e-22  4.9093247e-22 -4.2326187e-22
   679 :  9.9635552e-34  1.7510841e-33 -1.3728050e-33
   680 : -1.2910827e-31 -6.9625719e-31  4.1252548e-31
   681 :  8.5438040e-61  9.0010094e-61 -8.7706896e-61
   682 : -1.3456876e-64 -2.4162303e-63  1.2751818e-63
   683 :  9.6928529e-60  1.1834906e-57 -5.9653149e-58
   684 :  1.0175538e-74  6.5154937e-75 -8.3456144e-75
   685 : -2.1081506e-35  2.7456320e-35 -3.1868880e-36
   686 : -5.3239604e-49 -1.8344582e-48  1.1834873e-48
   687 : -1.2131114e-75 -7.4854199e-75  4.3494237e-75
   688 : -1.9578691e-52 -4.6466719e-51  2.4209503e-51
   689 :  5.7882124e-12 -4.9314621e-11  2.1786811e-11
   690 :  1.4176357e-36  7.2148013e-36 -4.3177647e-36
   691 :  2.0065714e-36  1.6286705e-36 -1.8167563e-36
   692 :  1.3932067e-39  3.1654775e-39 -2.2793044e-39
   693 : 1.3776123e-102 -4.6618115e-102 1.6420336e-102
   694 :  3.5507949e-70  1.1001504e-70 -2.3252599e-70
   695 : -1.5405638e-16  3.7228373e-15 -1.7827758e-15
   696 : -1.4823432e-28  6.1922297e-29  4.3147427e-29
   697 :  2.8289591e-42  3.1074181e-42 -2.9677229e-42
   698 :  5.1073055e-17  5.2561638e-16 -2.8856180e-16
   699 : -1.2152244e-56 -6.4768552e-57  9.3132140e-57
   700 :  3.9039285e-88  5.7449435e-88 -4.8244349e-88
   701 :  4.5494877e-86  8.2287426e-86 -6.3893500e-86
   702 :  2.4933893e-60  3.2109803e-60 -2.8517587e-60
   703 :  2.7320505e-03  3.4803725e-03 -3.0978793e-03
   704 : -9.4495580e-45 -1.1155242e-44  1.0301651e-44
   705 :  2.4049813e-65 -2.9149249e-65  2.5501452e-66
   706 : -3.4457538e-07 -3.9107637e-07  3.6767130e-07
   707 :  4.6045669e-28 -7.4353256e-28  1.4209374e-28
   708 :  5.8104979e-29  2.1705506e-28 -1.3771898e-28
   709 : -6.4163811e-51 -3.0765173e-51  4.7464674e-51
   710 : -2.2337317e-53 -2.3550347e-53  2.2941180e-53
   711 :  1.2308131e-47  9.2646394e-48 -1.0785519e-47
   712 :  5.1845033e-24  1.3822310e-23 -9.5195310e-24
   713 :  7.3347960e-44  2.8347620e-44 -5.0853069e-44
   714 :  5.6008323e-02  5.6427867e-02 -5.6022457e-02
   715 :  1.7290456e-37  1.5542221e-37 -1.6412271e-37
   716 : -7.5142401e-70 -3.2720271e-70  5.3929978e-70
   717 : -1.7701290e-30  3.0250791e-30 -6.2734235e-31
   718 :  2.7599898e-41  3.1633092e-41 -2.9616391e-41
   719 : -2.7686513e-26  3.1260879e-26 -1.7900471e-27
   720 :  7.1689548e-05  7.2170777e-05 -7.1710673e-05
   721 : -2.4993451e-16 -1.0889433e-16  1.7904969e-16
   722 : -1.8149492e-66  3.6516096e-68  8.8938552e-67
   723 :  3.0961832e-67  1.5422543e-66 -9.2593053e-67
   724 : -1.4266575e-64  1.5481222e-63 -7.0259337e-64
   725 : -4.8804185e-23  5.1501354e-23 -1.3439141e-24
   726 : -5.7716308e-52  4.3522138e-52  7.0918190e-53
   727 :  1.5046137e-22  1.4947577e-22 -1.4988487e-22
   728 :  1.3339762e-30 -1.1143254e-31 -6.1089642e-31
   729 : -5.2360133e-37 -5.7687997e-36  3.1454905e-36
   730 : -2.6032138e-43  4.6291772e-43 -1.0128995e-43
   731 :  6.3808904e-68 -2.9070805e-67  1.1347167e-67
   732 : -5.9460519e-62 -2.8963432e-62  4.4207283e-62
   733 : -8.3112840e-41 -5.9733211e-40  3.4040759e-40
   734 : -9.9467411e-11 -7.4048393e-11  8.6668995e-11
   735 : -1.3244539e-41  4.8765012e-42  4.1802834e-42
   736 :  1.2092449e-10  1.4317336e-10 -1.3190806e-10
   737 : -7.0424113e-54 -2.3357106e-53  1.5197938e-53
   738 : -4.4415393e-24 -4.7947411e-24  4.6144668e-24
   739 : -9.1438153e-06 -9.8318489e-05  5.4609841e-05
   740 : -9.0174837e-38 -2.6524972e-37  1.7759644e-37
   741 :  2.7855892e-19 -1.5176673e-19 -6.8791210e-20
   742 : -1.2327703e-42 -7.6393578e-43  9.9826840e-43
   743 :  2.2690811e-36  2.9601652e-36 -2.6142911e-36
   744 :  9.8826692e-01 -6.4851712e-03  1.0099525e+00
   745 :  1.1269294e-66  2.9036363e-67 -7.0860708e-67
   746 : -1.7437884e-55 -4.9045458e-55  3.3238360e-55
   747 :  8.1316958e-47  8.1246031e-47 -8.1262080e-47
   748 :  1.3795917e-40  5.0273148e-40 -3.2043108e-40
   749 :  9.3736986e-30  2.4707968e-29 -1.7031749e-29
   750 :  1.1334982e-66  9.3249469e-67 -1.0328818e-66
   751 : -3.0605461e-02  9.1405027e-01  1.0555669e+00
   752 : -5.7347687e-39  3.9862435e-39  8.7431662e-40
   753 : -1.9179653e-31 -1.6583047e-31  1.7868647e-31
   754 :  3.1010746e-62 -3.8435828e-62  3.7123812e-63
   755 :  7.7001746e-02  1.1070637e+00 -8.6200941e-02
   756 :  2.6397572e-51  1.6164400e-50 -9.4013044e-51
   757 : -2.4440112e-98  2.5679338e-95 -1.2828826e-95
   758 :  1.8881264e-11  2.8961675e-11 -2.3942577e-11
   759 :  1.4030481e-40  5.8704425e-40 -3.6362731e-40
   760 : -2.0438356e-57  5.6158757e-55 -2.7973187e-55
   761 :  1.2393683e-37  1.8820583e-37 -1.5605258e-37
   762 : -1.4076166e-14 -1.9296571e-13  1.0365747e-13
   763 : -2.8431969e-83  7.6756465e-82 -3.6961434e-82
   764 :  1.7754740e-82 -1.1300923e-82 -3.2264588e-83
   765 :  4.4854078e-02  5.1073288e-02  9.4995292e-01
   766 : -6.7798944e-43 -1.7486532e-43  4.2632712e-43
   767 :  1.4295932e-14  1.2815476e-13 -7.1202444e-14
   768 :  3.1319530e-70  3.2513025e-70 -3.1914822e-70
   769 : -9.6246335e-02 -1.1490196e-01  1.0977971e+00
   770 :  3.3918261e-35  3.5217361e-35 -3.4563058e-35
   771 : -2.2643026e-26 -4.1891067e-26  3.2240363e-26
   772 :  6.2370587e-21  1.6279945e-20 -1.1249511e-20
   773 :  6.7359096e-41  3.1638497e-40 -1.9184091e-40
   774 :  1.0071840e+00  1.0457446e+00  9.7390409e-01
   775 :  7.8639696e-09  9.2650518e-09 -8.5453736e-09
   776 : -4.8653591e-39 -6.6808787e-39  5.7717181e-39
   777 : -4.6851274e-40  1.0468149e-39 -2.8886859e-40
   778 : -1.4077740e-37 -8.9415648e-38  1.1516210e-37
   779 : -9.6484418e-64 -1.3779331e-63  1.1714252e-63
   780 :  1.6304766e-16 -5.2941225e-16  1.8330142e-16
   781 : -2.6582809e-64 -3.1910015e-64  2.9243993e-64
   782 :  7.1603961e-95  3.2383692e-94 -1.9772020e-94
   783 : -3.0204652e-38 -2.6893997e-38  2.8542345e-38
   784 :  5.9211899e-47  2.8993884e-47 -4.4123256e-47
   785 : -1.5927300e-66 -2.0319312e-66  1.8120906e-66
   786 :  9.8624842e-01  1.0033392e+00  1.0038458e+00
   787 :  3.3525674e-02  3.3784316e-02 -3.3408061e-02
   788 : -2.0016796e-66 -2.7385116e-66  2.3698216e-66
   789 : -1.0563362e-68 -4.0336067e-69  7.2972785e-69
   790 : -1.6526085e-31  8.9238889e-31 -3.6344184e-31
   791 : -9.0774654e-31 -1.1698013e-30  1.0392268e-30
   792 :  6.5591916e-23  2.4263581e-22 -1.5411725e-22
   793 : -1.2814778e-22 -1.8624000e-22  1.5715129e-22
   794 :  3.6566711e-35 -4.9703708e-35  6.5645285e-36
   795 :  8.9092735e-21 -1.5086902e-20  3.1010419e-21
   796 : -1.6513911e-25 -1.2390582e-24  7.0165804e-25
   797 : -4.3116878e-72  8.9497797e-72 -2.3190336e-72
   798 :  1.1695013e-34  4.4982589e-34 -2.8388589e-34
   799 : -2.8148834e-44 -4.5766909e-44  3.6957023e-44
   800 : -2.8428131e-02 -3.4452227e-02  1.0240788e+00
   801 : -5.2001126e-69 -1.8202820e-68  1.1701389e-68
   802 :  3.0090671e-40  3.8285120e-40 -3.4166976e-40
   803 : -3.9781395e-55 -7.4680131e-56  2.3627479e-55
   804 : -6.6626379e-02  9.3548844e-01  1.0581430e+00
   805 : -1.9085607e-39 -2.6715650e-39  2.2891086e-39
   806 :  3.3915932e-66  5.7456306e-66 -4.5684202e-66
   807 :  5.4054760e-71 -3.8247621e-71 -7.9035173e-72
   808 :  9.7477645e-01  9.9254301e-01  1.0178264e+00
   809 : -1.7890943e-55 -2.5954564e-55  2.1917174e-55
   810 :  1.3302090e-71  1.5979284e-71 -1.4640310e-71
   811 : -2.4107353e-94 -2.6205705e-94  2.5155996e-94
   812 :  1.5893221e-48  2.2892829e-48 -1.9391703e-48
   813 : -6.4590876e-42 -1.5345477e-41  1.0896247e-41
   814 :  2.2362743e-94  4.7083077e-95 -1.3535336e-94
   815 : 2.4810043e-100 5.7466845e-100 -4.1136996e-100
   816 : -2.8612867e-87 -8.8196663e-87  5.8406459e-87
   817 :  9.3430781e-92 -2.1567848e-91  6.1124027e-92
   818 :  2.1852427e-94  5.2315879e-94 -3.7079119e-94
   819 : -1.3598495e-41 -4.5280554e-41  2.9437854e-41
   820 :  3.8176224e-95  5.8422648e-95 -4.8299113e-95
   821 : -3.2865213e-23 -2.4671175e-22  1.3987355e-22
   822 : -2.0341531e-34 -2.6259160e-34  2.3299953e-34
   823 : -2.4515508e-53 -1.1765701e-53  1.8140809e-53
   824 :  1.0217091e-60  1.6336892e-60 -1.3276330e-60
   825 : -1.2823088e-79  6.2566328e-80  3.2832182e-80
   826 : -3.0997662e-24 -2.9532913e-24  3.0264433e-24
   827 : -1.2953731e-62 -4.7300376e-63  8.8421161e-63
   828 :  2.8127283e-49  3.7768705e-49 -3.2948221e-49
   829 :  6.0825992e-36 -1.4071569e-33  7.0039413e-34
   830 :  1.2272638e-10  1.1026712e-08 -5.6066998e-09
   831 : -8.0460856e-08 -1.2134239e-07  1.0087592e-07
   832 : -5.2062301e-39 -8.4748920e-39  6.8408906e-39
   833 : -2.7218168e-10  1.8426069e-09 -7.8986381e-10
   834 :  4.6646138e-92 -2.5980023e-90  1.2756190e-90
   835 :  7.4657465e-99  1.2533667e-98 -9.9994787e-99
   836 : -1.0943299e-39 -2.7892112e-39  1.9420622e-39
   837 : -3.2664870e-61 -4.8825632e-61  4.0742094e-61
   838 : -4.7801894e-33 -3.7806108e-34  2.5776967e-33
   839 :  3.1104602e-55  1.2927591e-54 -8.0191393e-55
   840 : -8.3465634e-58 -2.1143002e-57  1.4744193e-57
   841 :  1.6043834e-59 -1.7870091e-59  9.1312629e-61
   842 : -1.8591699e-48 -1.5008697e-48  1.6807716e-48
   843 : -1.2023459e-55 -1.7673941e-55  1.4848501e-55
   844 : -3.0080497e-42 -4.2653254e-42  3.6366978e-42
   845 : -3.2524859e-71 -3.4220450e-71  3.3369305e-71
   846 :  3.7719121e-37  1.6465798e-36 -1.0155524e-36
   847 :  2.2692293e-45  2.5066993e-45 -2.3877662e-45
   848 : 4.9705260e-102 -7.1493872e-101 3.3264648e-101
   849 : -7.5996028e-57 -2.0589924e-56  1.4098216e-56
   850 : -1.5173294e-47 -2.0087932e-47  1.7629984e-47
   851 :  2.3291321e-50  1.0704363e-49 -6.5163718e-50
   852 :  1.1938127e-83  2.1312091e-83 -1.6626913e-83
   853 : -2.3103430e-24 -5.2188552e-24  3.7632451e-24
   854 : 1.0449480e-104 -9.9255453e-106 -4.7282802e-105
   855 :  4.3661842e-21  5.0410589e-21 -4.7023688e-21
   856 : -1.7339127e-26 -2.7700485e-26  2.2514500e-26
   857 : -5.4430996e-19 -5.2913627e-19  5.3641970e-19
   858 : -1.1166633e-35 -3.7197262e-35  2.4196437e-35
   859 :  6.0496487e-79  5.7513570e-79 -5.9001615e-79
   860 :  1.1145175e-38 -2.5619885e-38  7.2464198e-39
   861 : -5.6743584e-33 -6.9314531e-33  6.3013604e-33
   862 : -2.3035384e-36  2.2922954e-35 -1.0306857e-35
   863 : -1.6286608e-28 -1.6459926e-28  1.6380073e-28
   864 :  2.9415513e-26  2.7869336e-26 -2.8625900e-26
   865 : -1.6796725e-17 -2.5398518e-17  2.1097058e-17
   866 : -2.0835558e-04 -2.3997509e-04  2.2338940e-04
   867 :  4.4167611e-14  1.7239794e-13 -1.0793102e-13
   868 : -4.6445377e-40 -6.2736025e-39  3.3687457e-39
   869 : -2.8634132e-42  2.9949829e-42 -6.5793752e-44
   870 :  1.6514949e-45 -5.3793743e-45  1.8670277e-45
   871 : -1.4976633e-27  1.6032396e-27 -5.2786997e-29
   872 :  1.0841508e-27 -5.1100258e-27  2.0150401e-27
   873 :  2.0632305e-05  2.6959108e-05 -2.3710272e-05
   874 : -2.8743864e-05 -1.4137971e-04  8.5401295e-05
   875 :  7.6557640e-53  1.7590385e-52 -1.2621914e-52
   876 :  2.4739157e-50  1.0732305e-49 -6.6027692e-50
   877 : -1.5228806e-91 -5.4467614e-91  3.4848174e-91
   878 : -1.2858034e-86 -1.6615188e-86  1.4736457e-86
   879 : -1.6550595e-67  1.7953225e-65 -8.8937123e-66
   880 :  6.6715355e-62  2.5709072e-62 -4.6213340e-62
   881 :  1.9018109e-93  3.9560170e-94 -1.1486984e-93
   882 : -2.4387757e-89  1.4365344e-89  5.0112179e-90
   883 :  4.9035603e-65  4.4496612e-65 -4.6764053e-65
   884 : -8.2109492e-62  5.5350109e-62  1.3367477e-62
   885 : -2.0201436e-31  2.2792506e-30 -1.0385901e-30
   886 :  2.3971059e-33  1.3539196e-33 -1.8750904e-33
   887 :  5.7810404e-38 -5.6363109e-38 -7.2016929e-40
   888 :  1.1138213e-35  4.3595291e-36 -7.7527661e-36
   889 :  2.6654003e-14 -8.5839065e-15 -9.0326626e-15
   890 : -2.5531407e-16 -3.1970130e-16  2.8692955e-16
   891 :  2.3664733e-54  7.8194253e-54 -5.0927989e-54
   892 :  2.1766363e-50  3.0651677e-50 -2.6207339e-50
   893 :  1.0452032e-42  1.4258733e-42 -1.2354757e-42
   894 : -5.8679331e-40  1.0762979e-39 -2.4475091e-40
   895 : -1.7020732e-14  1.1219694e-14  2.8972197e-15
   896 :  1.5502883e-16  1.3223947e-16 -1.4347353e-16
   897 : -8.4197805e-58  6.2231126e-58  1.0982694e-58
   898 :  2.0718803e-54 -6.6850649e-55 -7.0170462e-55
   899 : -1.5012391e-16 -1.5852083e-15  8.6744089e-16
   900 : -5.8876140e-18  1.5956783e-17 -5.0450848e-18
   901 : -2.2428573e-39 -1.3823693e-39  1.8124560e-39
   902 :  2.8628960e-36 -4.6649615e-36  9.0101220e-37
   903 :  1.2516731e-22 -1.6047819e-22  1.7669415e-23
   904 : -1.1612836e-24 -1.3383385e-24  1.2494739e-24
   905 : -2.9505262e-27 -4.3286534e-27  3.6434811e-27
   906 : -6.1650049e-15 -7.8168820e-15  6.9894629e-15
   907 :  8.4639801e-18  5.0933973e-17 -2.9693626e-17
   908 :  9.2446992e-30  5.4923989e-29 -3.2082787e-29
   909 :  2.7318645e-26  2.2616602e-26 -2.4970259e-26
   910 :  9.3049558e-28  4.1201530e-27 -2.5276556e-27
   911 :  4.4140056e-30 -5.2020277e-30  3.9325353e-31
