Number of elements 912
     0 : -3.0867815e-08  1.1086208e-07  2.0377764e-08
     1 :  1.6347330e-03 -3.4503908e-03 -1.2589597e-03
     2 :  6.8468424e-03 -9.8425485e-03  7.4201102e-05
     3 : -2.2246315e-05 -5.7199442e-05  3.5351185e-05
     4 : -3.2081664e-02 -3.4907257e-02 -3.4704620e-02
     5 : -8.9964691e-02 -1.8203630e-02  3.6101241e-03
     6 : -6.1356928e-14  2.1580263e-15  1.6122548e-13
     7 : -3.6844662e-03  1.6552148e-03 -6.6972893e-04
     8 : -2.8078869e-03  5.7138702e-03 -3.2568333e-03
     9 :  2.1620302e-13 -1.3481737e-12 -1.7119607e-13
    10 : -4.4933522e-03  1.5373776e-02 -4.2440334e-03
    11 : -3.3566068e-15  7.6656439e-15 -8.9485186e-15
    12 : -3.5284835e-02 -1.8784159e-01  8.1561596e-02
    13 :  2.9333182e-02  2.0490602e-02  2.6715874e-02
    14 :  1.1007499e-05 -2.7120140e-05  4.5611452e-09
    15 :  2.4900720e-02  2.9861607e-03  1.8041767e-02
    16 :  2.1570178e-15 -5.9101464e-16 -4.3692270e-15
    17 : -3.1474047e-10 -8.0340155e-10  3.7772918e-09
    18 :  6.4103439e-03 -5.1833180e-03  3.3695031e-03
    19 : -1.9525040e-17  6.0984234e-17 -1.7169050e-17
    20 : -7.5409705e-10 -5.3118320e-09  4.8550255e-09
    21 :  2.2655849e-04 -5.1398890e-03 -1.8813672e-02
    22 :  1.1490928e-02  2.3759501e-02  2.6886975e-02
    23 :  3.1996914e-16 -2.5979536e-16 -4.6958084e-16
    24 :  5.0378167e-04 -2.9240813e-03  2.2513785e-04
    25 : -2.1072489e-18 -9.8276846e-18  7.9628319e-18
    26 : -2.4830883e-03 -2.6103378e-03 -4.1804687e-03
    27 :  3.9900598e-02 -5.2959050e-02 -4.5400815e-02
    28 : -1.3075416e-02 -2.3012095e-02 -2.8368916e-03
    29 :  5.2911082e-04  5.6415949e-04 -1.7594069e-03
    30 :  7.3258995e-03  5.2386656e-02 -8.0301200e-03
    31 :  4.6503923e-06 -4.5716686e-05 -2.4544488e-06
    32 : -9.9029281e-13 -6.2034185e-13  2.4385975e-12
    33 :  1.2358708e-03  1.7021927e-02  7.9694492e-03
    34 :  1.6536825e-18 -5.2722417e-18  1.4482377e-18
    35 : -1.8902239e-06 -3.8520245e-05 -4.5457424e-05
    36 :  6.4599513e-03 -2.8056699e-03  8.7535426e-03
    37 : -1.4979240e-02 -3.0280312e-03 -2.4868173e-02
    38 : -1.3445560e-04 -2.5473301e-02  1.3286275e-02
    39 :  1.2412385e-03 -1.5354465e-03 -2.4241482e-03
    40 : -1.8319604e-03 -4.2345349e-03 -1.1401133e-03
    41 :  3.4500370e-03 -7.8579743e-02  1.1686397e-01
    42 :  5.3265671e-17  8.6631147e-17 -3.6036548e-17
    43 : -1.6595677e-08  2.6149760e-08  1.7672063e-08
    44 : -2.6752171e-02 -2.4334440e-02 -7.0983267e-03
    45 :  3.3359919e-08 -2.4072747e-07  1.8350281e-06
    46 :  3.9458117e-06 -1.8433509e-06 -5.0733444e-07
    47 :  3.4804578e-12 -2.4983843e-12  4.1582409e-12
    48 : -1.2290255e-15 -4.9873737e-15 -4.4492095e-15
    49 : -6.5675579e-03  2.6826262e-02  1.3151997e-02
    50 :  1.9510523e-02  1.6342303e-02 -3.4712839e-03
    51 :  2.0964835e-02  2.8567233e-02  3.1495355e-02
    52 : -2.2510487e-03  5.8639851e-02  1.8235648e-03
    53 :  1.6729825e-14 -3.0359386e-14  5.7766022e-14
    54 : -9.0323629e-03 -4.9368315e-03  6.0242513e-03
    55 : -6.7327083e-03 -2.9406514e-03  4.4959303e-04
    56 : -3.3168942e-02 -3.3658898e-02 -3.7233143e-02
    57 :  4.8007713e-02  3.3235304e-02 -3.6178021e-02
    58 :  4.4540532e-02 -2.3708662e-01  3.0254563e-01
    59 :  2.3512715e-02  2.6471646e-02  1.9706547e-02
    60 :  7.2325267e-03  1.5191852e-03 -2.9923146e-02
    61 :  1.4041001e-03 -3.7080091e-03  1.1628935e-02
    62 : -3.6524156e-03 -2.5565578e-03  1.1687548e-03
    63 :  2.9693528e-03 -2.4983695e-03 -1.8601681e-02
    64 : -2.8077264e-03  3.6401741e-03 -2.6901552e-03
    65 :  1.3867871e-04  5.6837224e-04 -9.2107467e-05
    66 : -7.3272266e-05  3.5965267e-04 -1.1325506e-04
    67 :  1.1232100e-13 -6.0926457e-14 -1.9957783e-13
    68 : -7.8583871e-15  6.4764027e-15  4.8022516e-15
    69 :  1.2281375e-13 -1.0867511e-13 -1.5260501e-13
    70 : -3.4507726e-06  2.5963122e-06  1.0154208e-05
    71 : -4.3009942e-02 -2.5329621e-03 -1.3131386e-02
    72 : -1.1641796e-16  3.3815549e-16  4.1063729e-17
    73 : -6.3596550e-02 -1.6902762e-02 -1.8827967e-02
    74 : -1.1439751e-09 -1.3944616e-09  7.6181335e-10
    75 :  9.1431191e-11  1.2200655e-10 -1.5696632e-10
    76 :  2.7990923e-16 -1.1369077e-15  1.5233914e-16
    77 : -1.0696522e-10  1.9958166e-10  6.3653057e-11
    78 :  9.4659510e-14 -7.7415201e-13 -3.3636502e-14
    79 :  6.2863437e-09 -1.4621855e-08  2.1110719e-08
    80 :  5.2405323e-22  2.1361110e-21 -1.0577233e-21
    81 :  5.2292958e-12  3.6135571e-12 -4.3948677e-12
    82 : -2.6336232e-02  1.5693826e-01 -1.8925662e-01
    83 : -2.5604931e-19 -3.4283332e-19  2.7582924e-18
    84 : -2.0382764e-17  6.0804788e-17 -1.7391293e-17
    85 :  1.3078415e-02  1.9531990e-01 -1.5451956e-01
    86 : -2.2284173e-09 -5.5313812e-10  3.3651914e-09
    87 : -1.4962247e-08  2.1517203e-08  1.9319514e-08
    88 : -1.2159558e-04  1.3841520e-04  2.6460980e-04
    89 :  1.9163963e-02  1.0893506e-03 -1.5699291e-02
    90 : -1.5350285e-16 -5.7295565e-17 -6.1330350e-17
    91 : -3.4448097e-02 -3.6083498e-02 -3.3547411e-02
    92 :  5.0395047e-06 -4.5021427e-06  1.0874711e-06
    93 : -1.8516653e-20  2.2416532e-21  5.8377668e-21
    94 : -9.3370824e-08  2.7364912e-08  1.6328129e-08
    95 : -8.7800699e-15  3.7259134e-15 -2.3576199e-15
    96 : -4.1180934e-05  2.0310004e-05 -8.8515431e-05
    97 :  1.4835419e-05 -4.2533592e-05  6.3861166e-06
    98 :  1.4225186e-02  3.9390689e-03  6.1993858e-03
    99 : -5.9671222e-13  3.4841798e-13  2.3539847e-13
   100 : -1.8425579e-13 -4.9481074e-13  8.4952686e-13
   101 :  3.2510374e-04  1.5865328e-04 -1.2909403e-04
   102 : -3.7730357e-03 -1.4540200e-02  1.4015126e-02
   103 : -3.5841472e-19  5.3235490e-19  1.0216422e-18
   104 :  5.0007074e-07 -5.6102011e-08 -3.6324335e-07
   105 :  3.7887649e-02  6.2659491e-03  3.7550894e-04
   106 :  4.1946617e-04  2.6344116e-04 -2.9604953e-04
   107 : -2.1507511e-04 -1.6751289e-03  5.4929127e-04
   108 :  8.6052017e-03  6.8174133e-03  3.0064247e-02
   109 :  2.6234057e-02  2.5177217e-02  1.4544416e-02
   110 : -6.0046401e-02 -1.8477088e-02 -4.0563974e-02
   111 : -3.1190990e-03  8.1890819e-04  5.9716218e-04
   112 : -3.8322697e-12 -9.8601988e-13  9.7748565e-12
   113 :  2.2720888e-02  2.1371464e-02  2.8982380e-02
   114 : -2.8251706e-05  4.7004549e-05 -2.3288812e-05
   115 : -1.1610798e-02 -8.6013528e-02  8.6871108e-02
   116 :  3.7585734e-02  1.2943565e-01 -7.2412061e-02
   117 : -3.4393677e-02 -3.6184179e-02 -3.4865244e-02
   118 : -4.6321321e-02 -1.4238814e-02 -1.9407138e-02
   119 :  3.1928849e-14  7.5314416e-15 -3.6865274e-14
   120 : -1.0847469e-06  1.5378402e-06  3.2804056e-07
   121 :  5.8253368e-12 -1.5903713e-10  1.1081429e-10
   122 : -5.5352131e-03 -9.1797009e-02  8.5889704e-02
   123 :  4.1088151e-18 -7.5471998e-18 -5.5562665e-18
   124 :  6.4509395e-14  4.1092746e-14 -3.2137741e-14
   125 :  6.6907336e-23 -2.3762503e-22  9.4941921e-23
   126 : -1.2945335e-09 -3.7161000e-09  4.8989508e-09
   127 :  5.2782680e-11  1.4798426e-10  1.0120971e-10
   128 :  1.2801019e-02  4.6009698e-02  4.0561572e-02
   129 :  3.0089973e-08  6.6439824e-08 -1.2428205e-07
   130 : -1.9604168e-04  6.4125915e-03 -8.1886092e-03
   131 : -2.1973282e-02  2.6959657e-02  4.1675549e-03
   132 :  1.5821179e-02 -2.3893648e-02  1.9320504e-03
   133 :  9.1124978e-03  2.9163653e-02 -3.4101502e-03
   134 :  2.3278258e-02  2.0755334e-02  2.8675541e-02
   135 : -1.4352190e-02  2.8254562e-03  1.5415374e-02
   136 :  2.0412288e-04 -1.3696871e-03  6.0273565e-04
   137 : -7.0446560e-03  1.3879699e-02  2.4788031e-02
   138 : -3.1040277e-03  3.0402289e-03  1.7759073e-03
   139 : -2.4092754e-03  5.4512486e-06  1.0300845e-04
   140 : -5.1119038e-12  6.4291861e-12 -1.0671833e-12
   141 : -2.7288333e-11  4.1759358e-11  3.9166835e-11
   142 : -3.1943894e-04 -5.9634068e-03  2.9866791e-03
   143 : -1.5117268e-15 -4.7856070e-15  2.0951969e-14
   144 :  6.1553728e-04  6.3824841e-04 -7.1620344e-05
   145 : -1.0042952e-04  2.0174165e-04 -9.4627694e-05
   146 :  5.4530929e-08 -4.4110172e-07 -2.7548342e-07
   147 : -5.5434447e-15 -3.8341477e-15  2.7175426e-15
   148 :  2.1893069e-07  6.2320714e-07 -1.4009375e-06
   149 :  7.9386024e-03  1.6052248e-02  1.7416872e-02
   150 : -2.5006260e-04  3.8683977e-04  1.9170095e-04
   151 :  1.3816279e-10  1.1852595e-10 -4.7705610e-10
   152 : -6.9688114e-08  9.5467451e-09  1.7460335e-08
   153 :  4.6499504e-04 -4.1939719e-02 -5.6975961e-02
   154 :  8.3294349e-21 -2.2093904e-21 -1.9985831e-20
   155 :  7.7645814e-15 -1.7864337e-15 -2.6685900e-15
   156 : -9.5959821e-17  6.4142638e-16 -1.9105163e-16
   157 :  3.5756840e-06 -9.1738512e-06  4.6368319e-06
   158 : -1.9687279e-03  4.4706085e-03  5.6539019e-03
   159 :  3.6235307e-04  4.0974411e-04 -2.5594227e-04
   160 : -1.1738554e-19  6.6748772e-20  2.7554213e-20
   161 :  7.0065737e-19 -7.1495513e-19  9.6087252e-19
   162 :  3.2251919e-02  1.5734943e-02  1.5052666e-02
   163 :  6.0231065e-03  4.1328489e-02  2.1239717e-02
   164 :  4.2816657e-10 -2.2377576e-10 -1.4691152e-09
   165 :  1.0970692e-03 -4.2183181e-03  2.0165957e-04
   166 : -8.9580089e-16 -1.2028560e-15  9.2611484e-16
   167 : -2.9175037e-03 -1.4632180e-05 -2.6572037e-03
   168 :  3.6172939e-02 -7.1526430e-02  1.8167887e-02
   169 :  1.1730667e-02 -1.1413470e-02  4.6372560e-04
   170 :  4.2786421e-14 -1.7956804e-14 -8.8705423e-16
   171 :  1.9173871e-14  3.9245381e-14 -1.0544211e-13
   172 :  2.4351116e-02 -9.7668926e-03  2.0492837e-03
   173 :  3.5529424e-02  1.5895148e-02  3.2603064e-02
   174 : -1.0616475e-04 -1.4245661e-03 -3.3516055e-03
   175 :  5.6955673e-07  4.6486414e-08 -2.0178466e-07
   176 :  5.0634521e-13 -4.9805683e-13 -5.6198426e-13
   177 :  7.5873235e-04 -1.8360152e-03 -1.1968414e-03
   178 :  2.8188391e-02  5.2188414e-01 -5.0870241e-01
   179 : -3.5852183e-03 -3.4214084e-03  6.9781071e-03
   180 :  1.4548648e-15 -7.3997194e-16 -4.0265328e-15
   181 :  1.8096570e-02 -1.3563965e-02 -3.0834823e-02
   182 :  2.6205749e-08  1.8803257e-09 -2.5387204e-08
   183 : -4.2888744e-02 -2.1387159e-02 -4.0469803e-02
   184 :  1.9514094e-19  1.5251784e-18 -7.4165242e-19
   185 : -6.5218708e-10  3.3583351e-10  4.9403543e-10
   186 : -6.5532248e-06  1.5621988e-06  1.3500832e-05
   187 : -5.4841698e-03  1.0427544e-02  3.6093587e-04
   188 : -3.4048700e-02  9.6461573e-03 -1.1068186e-01
   189 :  3.7825671e-02  5.3372854e-03  4.4045082e-02
   190 :  3.4219964e-04  3.1852038e-04  6.1938230e-05
   191 :  8.1029254e-18 -1.2604624e-17 -1.5646680e-17
   192 : -3.4741865e-02 -1.6163549e-02 -1.4185518e-02
   193 :  2.3995008e-02  1.4130318e-02  2.9729747e-02
   194 :  1.1159717e-02  2.4665690e-01 -2.3057861e-01
   195 : -8.5772095e-06 -4.4172842e-06  5.8618501e-06
   196 : -3.2241876e-16 -6.0024036e-17  1.5631223e-15
   197 :  3.2080764e-15 -5.2249378e-15 -9.6759540e-16
   198 :  4.6084987e-05 -1.4914644e-05 -2.7010036e-05
   199 :  5.5799806e-02  3.8291918e-02  2.3171827e-02
   200 :  2.1761330e-14 -9.1773950e-14  6.2929690e-14
   201 : -1.3219441e-02  2.7633969e-02 -5.4586785e-02
   202 :  7.8441217e-05 -3.9441257e-05 -4.0604127e-05
   203 : -4.5372997e-17 -6.6675881e-17  3.1109680e-17
   204 : -4.0276981e-06 -4.6789920e-06  2.5732358e-06
   205 :  7.3296197e-03  2.0971246e-02 -3.2968119e-02
   206 :  2.5212194e-16 -8.1200208e-17 -3.9457792e-17
   207 :  4.6871704e-15 -3.4315529e-15  4.5765954e-16
   208 : -9.3798855e-11 -1.2197350e-11  3.4973757e-10
   209 : -1.5278227e-01  3.8680733e-02  1.2675574e-02
   210 :  7.7578003e-06 -1.6945076e-05 -1.0341286e-05
   211 :  3.1054812e-17 -7.2734769e-17  1.8874531e-16
   212 :  4.8805432e-03  2.0571522e-02 -7.5919134e-03
   213 :  1.0523207e-14  2.2533606e-14 -3.4363975e-14
   214 :  8.5044140e-03 -2.6070069e-04  1.6480560e-02
   215 : -3.7269233e-02  3.8349439e-02  2.2012413e-02
   216 : -8.5595731e-03  1.0800725e-02  9.1610165e-03
   217 : -2.2914530e-21 -3.8050070e-20  1.4964069e-20
   218 :  1.9953537e-11 -5.0692126e-11 -3.0380009e-11
   219 :  3.1607469e-02  1.2098025e-02 -7.5979733e-03
   220 : -3.8967468e-10 -1.4198168e-09  5.1130401e-09
   221 :  2.0365324e-13  1.3749678e-13 -4.5049524e-13
   222 :  2.4159028e-02  2.4633256e-03  2.5344109e-02
   223 : -1.9546995e-02  1.0412022e-03 -1.8941133e-02
   224 : -1.6973846e-04  3.8873550e-04  1.0569462e-05
   225 :  1.6154213e-11 -7.2182087e-09  3.9606549e-09
   226 :  1.9230527e-12 -7.6496709e-13 -5.4280675e-13
   227 :  1.9657311e-06 -2.9221263e-07 -2.4504216e-07
   228 :  2.5999337e-04 -4.4509434e-05  5.1266894e-04
   229 : -4.4170922e-08 -1.0929085e-07  6.2557897e-08
   230 :  7.9640443e-14  6.2094083e-14 -1.6304813e-14
   231 : -2.8064315e-14  6.6450108e-14  3.0078052e-14
   232 :  5.5059308e-21  5.0152051e-21 -5.0050920e-21
   233 :  2.1913984e-13 -1.6178278e-13 -3.6723959e-13
   234 : -3.1127713e-02  6.2470028e-03 -1.2629383e-02
   235 : -1.2178901e-01 -3.2134505e-02  4.0890460e-02
   236 : -2.0612145e-13  4.6655114e-12 -1.5905202e-12
   237 :  1.5759629e-10  3.9468850e-10 -5.1373213e-10
   238 :  2.1090220e-18  4.0525050e-19 -9.0847718e-19
   239 : -4.4023069e-13  3.9811866e-13 -6.8214244e-13
   240 :  1.6683512e-16  5.9139356e-16 -7.2991782e-16
   241 :  1.4740703e-03  8.3118653e-03  2.4806581e-02
   242 :  3.8814876e-02  8.0745136e-03  5.0474591e-02
   243 :  2.1983732e-03  8.5239847e-03  1.3543703e-02
   244 : -9.1829025e-03 -1.7591789e-02  1.2993856e-02
   245 :  1.4791625e-12  6.6654066e-12 -1.0964414e-11
   246 : -4.5424699e-03  1.0263212e-03  3.3218046e-03
   247 :  1.6148784e-02 -1.3690922e-02  4.7958404e-03
   248 :  1.2548963e-20  3.7303452e-20 -6.5660459e-20
   249 : -4.0653207e-09  8.8074093e-10  1.3442485e-08
   250 :  2.9073509e-02  2.4008864e-02  3.6078240e-02
   251 :  3.2646824e-04 -7.7841707e-04 -3.6357610e-04
   252 :  8.1242503e-13 -7.4757736e-13 -3.3240342e-13
   253 :  1.0573017e-16 -2.6550240e-17  1.2001395e-16
   254 : -2.2065546e-02  1.4488552e-03  1.6564382e-02
   255 : -2.5982739e-06  5.4081581e-06 -7.9798566e-07
   256 :  2.3182730e-02  2.4141237e-02 -7.3519533e-03
   257 : -2.1223058e-02 -4.2288468e-02 -1.1823750e-02
   258 : -6.4250948e-07 -2.5232923e-06  7.1832012e-06
   259 : -5.7830169e-11  1.3760209e-10 -2.9486088e-10
   260 : -3.5361868e-03  2.3781167e-02  3.0105727e-02
   261 : -6.3532761e-06 -1.0988696e-05  1.4423294e-04
   262 : -3.4708270e-13  1.3861213e-12 -1.1898287e-12
   263 :  1.4438967e-13 -1.4610993e-13 -2.1948696e-13
   264 : -9.7527532e-06  8.2997682e-06 -4.7021454e-06
   265 :  2.2512265e-02  2.3143892e-02  1.7901532e-02
   266 :  1.0990312e-08  6.8674766e-08 -3.3932234e-08
   267 :  8.8558783e-08 -2.7834705e-07  6.6916200e-08
   268 : -2.2577259e-16  1.9882121e-15 -3.6530006e-15
   269 :  4.5459606e-03 -3.1628092e-02 -1.0130598e-02
   270 : -6.2138499e-07  2.1681910e-06 -7.1741872e-07
   271 :  1.0775346e-02  3.3931412e-02  6.6655565e-03
   272 : -1.5612197e-07  3.8802158e-08 -7.3329608e-08
   273 : -7.2423855e-14 -4.2513677e-14  2.0767069e-13
   274 :  2.2523439e-02  2.8034708e-02  5.6021238e-03
   275 : -1.7285172e-11  9.5675739e-12  3.2668679e-11
   276 : -2.4952550e-02  8.2445296e-03 -4.7022937e-03
   277 :  5.6293181e-13 -1.0023982e-12 -2.5372375e-13
   278 : -5.5957629e-03 -2.4734391e-03  2.4240999e-02
   279 :  1.6629008e-04 -2.7584257e-05 -5.8398559e-05
   280 : -1.5925512e-03  2.2923916e-02  1.9058452e-02
   281 :  2.5279346e-05 -3.9329194e-05 -3.5843073e-05
   282 : -1.6032032e-07  8.5728448e-08 -2.8371510e-08
   283 : -2.2993882e-10  4.0640230e-10  3.6578776e-11
   284 : -2.7363665e-12 -2.1612506e-12  5.4047830e-12
   285 :  3.2936501e-02  2.6099294e-02  3.1167646e-02
   286 :  9.5676068e-03  3.1603105e-02  2.7126933e-02
   287 :  8.2727778e-03  8.4415753e-03 -5.4940143e-03
   288 : -3.4479886e-02 -3.4818347e-02 -3.2476610e-02
   289 :  4.5635805e-04 -8.8424404e-06  6.7274487e-04
   290 :  3.2029661e-02  1.7234086e-02  3.1017748e-02
   291 : -3.7060763e-05  1.7111577e-04 -4.5803039e-05
   292 : -2.2511095e-02 -2.1998499e-02  1.1791288e-03
   293 :  2.7147717e-10 -2.6307475e-10 -3.1712384e-10
   294 :  7.6518473e-03  1.6174270e-02  3.1188938e-02
   295 :  5.6102004e-17  2.9948767e-17 -3.8852131e-17
   296 : -5.7539934e-03 -1.6061798e-02 -5.5127538e-03
   297 : -1.3317740e-04  4.2857766e-04 -1.0258503e-05
   298 : -8.6935402e-05  1.3678340e-04 -1.2962701e-04
   299 :  9.7964926e-19  2.4169859e-18 -6.2302200e-18
   300 : -3.5109406e-02 -1.1700195e-02  1.8924138e-02
   301 :  1.5934815e-04  6.1361532e-05  7.9586870e-06
   302 :  6.3722821e-03 -2.1813924e-02  2.5648187e-02
   303 :  4.5426434e-04 -6.4681135e-03 -4.5221061e-04
   304 : -4.0337682e-03 -3.0708416e-03  5.2363488e-03
   305 :  2.3707534e-06  8.3130398e-07 -6.2888380e-07
   306 : -2.1057875e-02 -1.3678205e-02 -4.1669650e-02
   307 :  5.6489116e-03  9.6959733e-04  2.0319607e-02
   308 : -1.9942274e-05 -1.6799465e-07  1.2647459e-05
   309 :  1.9967278e-17  1.9469742e-16 -8.7064070e-17
   310 :  1.5346701e-03  7.2249099e-04 -4.7544673e-03
   311 : -1.4088242e-04  1.2479131e-02  4.1210687e-02
   312 :  2.9051671e-16  2.5731776e-16 -2.7143584e-16
   313 :  2.8747310e-11  1.7458406e-10  1.7572654e-11
   314 :  2.0255245e-19  1.2845629e-18 -5.8761948e-18
   315 :  1.0935462e-12  6.0664673e-12 -2.4728354e-12
   316 : -1.4363662e-03 -2.5515656e-02 -3.3261612e-02
   317 :  5.1140965e-18  3.4746235e-18 -1.3324906e-17
   318 : -2.8188966e-03  6.9127036e-04 -3.5911964e-03
   319 :  3.1915396e-02 -8.6915189e-03  2.1897033e-03
   320 : -1.7978664e-02  3.4748592e-02  1.9510767e-02
   321 : -4.0376587e-02 -2.5835326e-02 -9.2561905e-03
   322 :  4.8144335e-18 -1.1793268e-17  1.6020391e-18
   323 :  2.8560196e-18 -6.2343049e-18  1.2867587e-18
   324 :  1.4475029e-11 -4.2271041e-11  6.7655079e-12
   325 : -4.3103880e-10  5.5812674e-10 -9.0416680e-10
   326 :  7.3358421e-02 -3.4377328e-02 -1.4333104e-04
   327 :  1.5770049e-02  3.5525789e-01 -3.2766806e-01
   328 :  2.3101911e-03  2.4083449e-02  2.3685914e-02
   329 :  1.0018440e-12 -3.0521937e-11  1.3992572e-11
   330 : -3.6429258e-19 -5.8619194e-20  8.7206392e-19
   331 : -8.0624849e-07 -6.1337363e-07  1.3358892e-06
   332 : -5.1086563e-03 -1.7865825e-03 -1.4753774e-03
   333 : -1.8564014e-10  1.0832402e-10 -5.0771052e-11
   334 :  1.2427819e-02 -6.0528411e-02 -3.7265232e-02
   335 :  4.5007411e-03 -1.6699998e-03  1.6784354e-02
   336 : -2.2520288e-02  2.3144279e-02  4.4957034e-02
   337 :  4.1722562e-16 -1.0252402e-15 -2.0501596e-16
   338 :  2.4911535e-02  3.2161169e-02  1.4661503e-02
   339 : -1.1226909e-11  1.5036211e-11  1.2262910e-11
   340 : -6.6241140e-03 -2.5978386e-03 -4.1188085e-03
   341 : -7.6991584e-16  9.2679311e-16 -9.2372749e-17
   342 : -8.2216528e-13  1.8541273e-12  4.5922192e-13
   343 : -3.2250185e-05  1.0922136e-05  4.0822893e-06
   344 :  1.4680811e-03  8.0867225e-03 -2.4430533e-03
   345 :  1.7841412e-02  8.0983581e-03  2.3671836e-02
   346 :  4.6304187e-12  2.6780549e-12 -2.5007125e-12
   347 :  7.4631387e-03  3.0447674e-02  4.9930941e-03
   348 : -5.9075011e-05 -4.0853053e-05  3.2037102e-05
   349 :  8.8331169e-06 -2.8470665e-06  2.7140659e-06
   350 : -2.2185246e-02  1.3653991e-03 -1.6966972e-02
   351 : -8.1095496e-10 -4.2289883e-10  7.0374612e-10
   352 : -3.0234946e-02  2.6502146e-02  1.9193924e-03
   353 : -4.3801830e-03  1.2587455e-02 -4.2134030e-03
   354 : -2.7551889e-02 -1.2697594e-02 -1.2840002e-02
   355 :  1.5681938e-02  1.6670207e-02  1.4526277e-02
   356 : -1.8977432e-16 -1.8710030e-16 -3.9457803e-16
   357 : -5.8974494e-02 -2.5122762e-02 -6.6009649e-03
   358 : -1.3295392e-06  4.2612565e-06  1.7592154e-06
   359 : -4.2614746e-22  4.7608963e-22  2.5193142e-22
   360 : -1.6891083e-02  9.8880596e-03 -7.1340308e-03
   361 :  6.1121890e-09  1.6345771e-10 -5.0897842e-10
   362 : -4.8302426e-06  5.8123754e-06 -1.6247544e-05
   363 : -1.7755528e-07  2.1754682e-07 -5.1301926e-07
   364 :  2.1084063e-08 -6.9817903e-08  4.6844529e-09
   365 : -2.4941791e-04  5.1550345e-05  7.2215571e-05
   366 : -4.9239872e-15  2.0667092e-14 -6.6412882e-15
   367 :  7.4602919e-04  3.7611241e-04 -7.5629881e-04
   368 : -8.5701546e-03 -6.7542689e-03 -4.4902221e-03
   369 :  9.1998831e-06  1.7178679e-05 -3.5319354e-05
   370 :  5.8222874e-09 -3.0614888e-07  1.5845301e-06
   371 : -1.6058352e-15  4.6672632e-15 -8.7142973e-15
   372 :  1.1256081e-05  4.7665372e-06 -7.5862807e-05
   373 : -3.8058221e-03 -3.3511704e-03  1.0944559e-02
   374 : -2.8610626e-02  9.6872044e-03  3.1046701e-03
   375 : -3.0153591e-10 -6.7271136e-10  3.1095842e-10
   376 :  1.9032027e-16 -5.8058846e-16  2.0931321e-16
   377 : -5.4949150e-05 -2.0718918e-05 -6.0410076e-05
   378 :  2.9081270e-06 -1.2870946e-05  6.0189523e-06
   379 : -1.3109144e-19  2.6678270e-19 -7.0470648e-20
   380 :  2.8963355e-02  1.6001961e-02 -1.9727457e-03
   381 :  6.9098562e-07 -7.1924248e-08 -2.0139657e-07
   382 : -2.9154064e-09  1.9955047e-09  3.6966302e-09
   383 : -5.7929273e-02 -4.5230212e-02 -3.9636800e-02
   384 : -6.8791475e-10  5.2480238e-09 -2.1129652e-09
   385 : -5.4902678e-03  1.8123489e-02 -2.4091871e-03
   386 : -2.9804595e-03 -3.2485783e-02 -1.9679474e-02
   387 :  3.3896705e-11 -7.2419328e-11 -7.8559151e-11
   388 : -4.1596130e-02 -3.5439721e-02 -1.1370569e-02
   389 :  9.5455683e-08 -1.3855051e-07 -1.1860530e-07
   390 :  1.3116976e-03 -3.4331972e-02  2.0512164e-02
   391 : -1.8276216e-07  2.3630051e-06 -1.0455717e-06
   392 : -4.5155439e-02 -1.0485299e-03 -1.8221687e-02
   393 : -2.6299184e-02 -3.3662555e-02 -3.6405607e-02
   394 : -7.5099132e-09  1.2620032e-08 -9.1580126e-10
   395 :  1.0451689e-04 -8.8240489e-05  9.5190150e-05
   396 :  3.0034156e-19 -5.6336626e-19  1.2711626e-18
   397 : -2.3656777e-02 -4.4716576e-02 -1.9064652e-02
   398 : -2.8112905e-03 -4.1097265e-03  7.1352013e-04
   399 : -4.8937615e-02  1.4899036e-03 -7.0946434e-02
   400 : -2.1279651e-03  5.6843700e-04 -2.8517457e-03
   401 :  6.9972698e-03  2.8876800e-02  2.7924404e-02
   402 : -6.3644696e-08  1.4927709e-08  5.7665592e-09
   403 :  6.4003452e-08 -2.1329180e-07  1.8528408e-07
   404 : -2.4145919e-15 -2.0990428e-15  1.0607068e-14
   405 :  3.9822959e-04 -7.4787740e-06 -3.8053996e-05
   406 : -1.5747438e-02  6.9093940e-04  6.5679954e-03
   407 : -2.3043848e-02 -1.2256101e-02 -2.2379242e-02
   408 : -9.8610114e-04 -1.5342458e-02 -2.5942750e-02
   409 : -1.1066931e-03  4.7453087e-04  4.1508081e-04
   410 :  5.7394380e-03  7.7513023e-03 -6.0464524e-03
   411 :  7.0667681e-04 -1.9999082e-03  4.7362716e-04
   412 :  5.6490195e-03  1.7860498e-03  2.9393621e-03
   413 :  1.1016877e-16 -1.4815989e-17 -1.5401931e-16
   414 : -1.0735529e-02  8.3010100e-03  1.3711160e-02
   415 :  1.2525440e-03 -1.1752287e-03 -2.9059441e-03
   416 :  2.8067504e-12 -1.0141572e-11  2.8885456e-11
   417 : -6.2957256e-03  2.2441516e-03 -1.7967526e-02
   418 : -2.1042914e-02 -1.1470029e-02  3.4932374e-03
   419 : -6.6152934e-15  2.3953769e-14 -7.9751473e-15
   420 : -2.4410043e-14  1.0201484e-13 -5.7302580e-14
   421 :  7.2209620e-12 -4.2083452e-11  1.9568266e-11
   422 : -6.6060261e-07  1.4486112e-05 -1.4779136e-05
   423 : -1.0561633e-03  3.5541964e-03 -3.6409978e-03
   424 : -5.4707947e-09 -1.1650395e-08  2.1911389e-09
   425 :  5.3646332e-11 -2.1176628e-10  7.1724384e-11
   426 : -1.9013688e-07 -1.7647485e-07  6.8743340e-08
   427 : -4.4358742e-07 -1.4346458e-07  1.0603826e-06
   428 : -3.3768971e-08  6.0893635e-08  3.1548776e-08
   429 : -2.6151669e-04  2.9338440e-03 -6.1017909e-03
   430 :  1.8286291e-02  2.2124718e-02  6.2695170e-03
   431 : -1.9163217e-04  5.3210563e-04  4.2831557e-04
   432 : -5.1576301e-05  2.8188049e-05 -5.4000628e-05
   433 : -1.8171489e-16  3.2267186e-16  4.1821773e-17
   434 :  2.6025560e-02 -2.6011671e-02  3.4335691e-03
   435 : -3.1344550e-04  1.6886399e-04  6.5049252e-04
   436 :  1.1502619e-10 -2.3557023e-10  4.1062187e-11
   437 : -1.4999727e-02  6.4968455e-02 -4.9624303e-03
   438 :  1.1349408e-03  2.4239147e-02  5.9007384e-03
   439 : -2.4609536e-02  1.9044610e-03 -3.3184869e-02
   440 :  2.1312902e-12 -8.0537764e-12  2.6204659e-12
   441 : -3.1598890e-17 -2.8459110e-17  1.1309055e-16
   442 : -4.7432859e-03  1.0720993e-03 -6.8587465e-03
   443 : -1.3918840e-04  2.9319598e-04 -2.9235213e-05
   444 : -5.2147238e-03  1.1176783e-03  7.2974215e-03
   445 :  2.5840996e-05 -1.1729539e-05 -8.9777384e-06
   446 : -3.8065648e-02 -2.2071282e-02  1.2640453e-02
   447 : -1.1822527e-06  2.1626586e-06 -2.0303884e-07
   448 :  9.1827495e-04  3.0003145e-02  6.3732269e-03
   449 :  3.7159487e-16 -3.9205133e-16 -4.6568697e-16
   450 : -5.6072575e-18 -4.9748548e-18  8.7107897e-18
   451 :  3.0034703e-02  2.2325457e-02  2.1011420e-02
   452 :  1.2129980e-02  8.6910122e-03  1.7746714e-02
   453 : -2.2747094e-02 -1.9988930e-02  2.5432083e-03
   454 : -3.5891312e-02 -3.3337622e-02 -2.9263567e-02
   455 :  2.9304356e-08  6.9930451e-09  6.2755538e-08
   456 :  3.0865722e-03 -4.3358984e-03 -1.1721352e-04
   457 : -1.7785218e-17  9.6595337e-17 -5.0073936e-17
   458 : -4.5105699e-07  1.2856604e-06 -8.9157810e-07
   459 : -7.2394938e-05 -3.0282404e-03 -1.3209249e-03
   460 :  9.6131270e-03  2.7793942e-02  1.6639577e-02
   461 : -3.2100403e-07  2.9081959e-06  1.6716332e-06
   462 : -1.9120823e-06  2.2901229e-05  2.4202176e-04
   463 : -3.9480139e-12 -2.5194100e-12  8.1461050e-12
   464 :  1.1069479e-02 -3.3989958e-02  3.2775704e-02
   465 : -2.0727637e-03  7.2998390e-04  1.1508044e-04
   466 : -2.6138593e-02 -2.5819176e-02 -4.1930106e-04
   467 :  1.5927908e-12 -6.1291552e-13 -1.6051301e-12
   468 : -1.1398012e-11  2.7636620e-11 -2.3229070e-11
   469 : -7.3902537e-19  2.0068000e-20  4.4333782e-19
   470 : -3.6937312e-17  3.7421227e-17 -2.7104911e-18
   471 : -2.1623940e-09  4.9188877e-10 -1.5343760e-09
   472 :  5.6154075e-12 -1.7902456e-11 -5.1771393e-12
   473 :  1.1225046e-02  9.3639637e-04 -5.0809517e-03
   474 :  7.9358507e-16 -1.3256822e-14  1.0758921e-14
   475 :  1.2895413e-08 -8.1137824e-09  1.4603675e-08
   476 :  3.9357794e-09  4.9240403e-09 -2.5259051e-09
   477 :  1.4687038e-18  3.7528282e-19 -3.2341554e-18
   478 :  2.1294133e-06  1.7294050e-02  1.6568681e-02
   479 :  7.7802471e-20 -2.0007464e-19  3.8593720e-20
   480 :  1.2938228e-03 -1.3693680e-03  2.3813418e-02
   481 :  8.6464560e-08  5.2314756e-08 -2.8487224e-07
   482 : -2.1873670e-15 -5.4206694e-13  2.1461434e-13
   483 : -9.0084613e-03  1.3979693e-02  9.2284223e-03
   484 :  4.5230624e-03 -4.1475016e-03 -2.8481075e-03
   485 :  2.1311606e-03 -1.4552059e-03 -2.6539242e-03
   486 :  1.0861012e-02  4.3372087e-03  1.1042694e-02
   487 : -8.4871086e-03 -4.3486358e-03  5.5964938e-03
   488 :  4.0492961e-03  5.2245165e-03  7.1622134e-03
   489 :  1.8459559e-14  1.3428948e-14 -5.7506585e-14
   490 :  1.1764322e-12  1.8952786e-13 -5.8922950e-13
   491 :  2.2122748e-13  5.1326616e-13 -3.5955109e-13
   492 :  4.5752021e-02 -3.1174553e-03  4.5553203e-02
   493 : -3.6026494e-03  6.5917579e-03  1.4259383e-03
   494 : -3.7563045e-02 -2.7994809e-02 -2.6710000e-02
   495 : -7.4207979e-05 -9.3277783e-05  2.3945656e-04
   496 : -7.4344002e-11  7.1922879e-10 -5.2443892e-10
   497 :  1.6938515e-16  1.7793673e-16 -6.8510482e-17
   498 :  1.2303025e-15 -2.6533387e-15  2.8512910e-15
   499 : -2.7049387e-02  5.6133268e-03  4.3202838e-03
   500 :  9.8188275e-18 -9.8893546e-18 -1.5417953e-17
   501 :  1.1782232e-18 -7.8793093e-18  3.6655250e-18
   502 :  2.6649444e-02  1.3038352e-02  2.6931201e-02
   503 : -4.2836936e-03 -3.5270197e-03 -4.5363731e-03
   504 :  8.5588111e-04 -2.2782093e-03  5.8444887e-04
   505 :  2.5723337e-02 -5.8839152e-03 -2.4424280e-02
   506 : -1.2674253e-12  2.8147662e-12 -2.0678856e-12
   507 :  9.8236749e-11  2.3961679e-11 -8.4400201e-11
   508 :  5.2731089e-11 -1.3440512e-10  4.4890931e-11
   509 :  2.2840602e-02  1.7462346e-02  2.4189446e-02
   510 : -1.2401385e-10  6.2105943e-10  1.7967914e-11
   511 :  2.6499124e-06 -7.6526690e-07 -2.7893823e-06
   512 : -2.0655135e-07 -4.0612497e-07  2.0772586e-07
   513 : -2.9907652e-04  3.0451248e-04  6.3015897e-04
   514 :  1.2863001e-03 -2.4586764e-03 -1.4818091e-03
   515 : -2.0628121e-02 -2.7151242e-02 -2.0718451e-02
   516 : -1.4918599e-11 -4.1739080e-11  6.4594549e-12
   517 : -1.5758461e-02 -4.4071537e-03 -4.3181066e-03
   518 :  7.0008082e-04 -2.3027957e-04  1.9886186e-04
   519 :  7.6368595e-06 -8.6327886e-06 -1.5861686e-05
   520 : -4.4252717e-05 -3.0634983e-05  4.5043418e-05
   521 : -2.1205561e-02  8.0087113e-03  1.2958149e-03
   522 : -1.3059880e-02  1.9989440e-04 -3.5912563e-03
   523 : -9.6032499e-03 -1.0882617e-01  5.3752102e-02
   524 : -1.0776581e-03 -2.0946203e-03  5.5450465e-04
   525 : -1.2242041e-03  6.2260388e-04  3.7006918e-04
   526 :  3.9867178e-08  6.1088822e-08 -1.9534758e-07
   527 : -8.1834552e-15 -1.0002857e-14  4.2817404e-14
   528 :  2.9025000e-02  1.7247207e-02  1.7732069e-02
   529 :  9.4097319e-03  2.8370800e-02  3.0130400e-02
   530 : -3.9247433e-02 -9.7746014e-03 -2.8157142e-02
   531 :  2.0511822e-02  1.0275338e-02  2.4823900e-02
   532 : -1.0014820e-06  2.0896831e-06  1.0624341e-06
   533 : -1.3154443e-20  4.9327907e-21  1.1175569e-21
   534 :  3.0212593e-21  1.0472804e-20 -2.4948348e-20
   535 : -1.3405365e-13 -3.2608849e-14  7.1593156e-14
   536 : -2.9809623e-02  8.0965267e-04 -1.0509098e-02
   537 : -4.8914722e-03 -4.2757052e-03  1.0771866e-03
   538 :  5.9786532e-03 -7.2146112e-03  1.2699545e-02
   539 : -5.7067171e-14  1.9691055e-13 -4.0417000e-14
   540 :  1.1774012e-12  6.6620818e-13 -3.6319069e-12
   541 : -7.8851824e-12  5.2900725e-12  1.7666829e-11
   542 : -5.1901592e-05 -5.8867920e-05 -3.9357554e-05
   543 : -1.0263386e-14 -1.3807721e-14  1.1791166e-14
   544 : -8.0693608e-05  3.1747024e-04  1.3493343e-04
   545 :  1.0712556e-09  7.6218953e-10 -1.9965200e-09
   546 :  2.6974649e-02  1.9130116e-02  1.5038095e-02
   547 : -7.1429317e-13  1.6577225e-12 -1.5536694e-13
   548 :  3.3661151e-03 -1.5311556e-03 -3.6080429e-02
   549 :  1.4415907e-11  3.7466448e-11 -9.4273470e-11
   550 :  3.9878964e-02  2.2992311e-02  1.2956336e-02
   551 : -1.6093717e-02 -5.3207006e-03  1.0866647e-02
   552 : -6.0174827e-03  3.1826625e-03 -4.6035118e-03
   553 :  3.0936603e-02  1.0647246e-02  3.2210234e-02
   554 :  1.0200437e-10  8.4168981e-11  1.8344015e-10
   555 : -1.1525184e-05 -2.4727188e-05 -3.8956911e-05
   556 : -5.0848964e-11 -6.4725174e-11  1.2494746e-11
   557 : -2.2715354e-02 -4.6145457e-02 -3.3680068e-02
   558 : -6.6327528e-03  2.4228946e-02  1.7795919e-02
   559 : -7.3057255e-03 -5.8936013e-03  1.1704547e-03
   560 :  2.6195352e-02  2.6086526e-02  1.6565157e-02
   561 : -2.5092937e-02 -3.6788342e-02 -1.4714355e-02
   562 : -8.7664934e-08  8.4198006e-07 -1.9266820e-07
   563 : -4.4783051e-18  4.1676830e-18 -1.6757545e-17
   564 :  1.3419391e-02 -5.2014262e-03 -3.7508474e-04
   565 :  1.3643647e-03 -2.0915138e-02  3.2412187e-04
   566 :  1.1078738e-11  9.3939041e-12 -3.9633924e-11
   567 :  1.0233564e-05  3.3693308e-06 -4.6655878e-05
   568 : -5.8441574e-04  6.2050448e-03 -5.3424222e-04
   569 : -2.4536468e-03 -4.3731164e-03 -7.0730127e-03
   570 :  4.9143618e-10 -4.2370221e-10  5.6190846e-10
   571 : -2.5925652e-05 -1.9508608e-05  2.0097389e-05
   572 : -2.0281666e-18 -2.1908162e-17  1.0357537e-17
   573 :  1.6560664e-02  1.5339490e-02  2.7358078e-02
   574 :  1.2733791e-02 -6.6995381e-03  1.6686566e-02
   575 : -3.5892776e-02 -1.6024417e-02 -2.9458312e-02
   576 : -5.2354827e-03  2.4513067e-03  5.5815659e-03
   577 : -3.0554772e-02 -3.5766095e-02 -3.2135407e-02
   578 : -1.0898821e-19  1.5923898e-19 -5.8526424e-20
   579 : -3.8065271e-04 -1.5088374e-03  9.7431079e-03
   580 : -3.7150843e-02 -3.3655393e-02 -1.8355683e-02
   581 : -4.5009330e-11 -4.2887471e-10 -3.8970328e-10
   582 :  6.4523898e-20  5.5850783e-19 -2.0788504e-19
   583 : -1.3658457e-08  2.0099860e-08  1.7916370e-08
   584 :  4.4376596e-17 -6.0539311e-17 -6.1051048e-17
   585 : -4.1927592e-02 -3.3788991e-02 -3.2005050e-03
   586 : -2.7550493e-13  3.1102641e-12 -2.2907856e-12
   587 :  9.7938241e-09 -1.0991676e-07  7.7379979e-08
   588 : -3.8075858e-11  1.6662797e-11  7.5062119e-12
   589 : -2.3281668e-02 -5.2625313e-02 -3.9154069e-03
   590 :  2.3299037e-02  2.4425128e-02 -4.6468520e-03
   591 : -1.3849411e-18  2.0329471e-18  8.9168367e-19
   592 :  7.5923924e-11 -3.5011529e-11 -5.0918227e-12
   593 :  2.3442774e-06  7.5066120e-07  2.6976536e-06
   594 : -3.0157439e-07 -2.3325838e-07  1.0855158e-07
   595 : -2.4826955e-03  7.5270354e-04 -3.5764823e-03
   596 :  3.0197373e-03  3.4344082e-02 -1.6289295e-02
   597 :  8.3430223e-06  1.3509195e-06 -5.7928924e-06
   598 : -7.4947705e-08 -3.3190720e-07  1.9267060e-07
   599 :  2.6034273e-02  1.8190335e-02  3.2659946e-02
   600 :  9.3887807e-04 -1.6882850e-03  2.0739312e-04
   601 : -1.6816160e-02  2.5230865e-02  8.8346029e-03
   602 :  2.8682976e-12  7.1840179e-12 -3.0796912e-12
   603 :  1.1005095e-14  5.1142386e-14 -3.9749766e-14
   604 : -1.5985393e-08  1.4165395e-08 -1.3773539e-08
   605 : -1.4031308e-06  1.6003822e-06  1.2062063e-06
   606 :  9.6755092e-03 -2.6503113e-03  3.2599189e-04
   607 : -1.7483282e-04  2.9887450e-04  2.8231633e-04
   608 :  4.7311889e-12  3.3430499e-11 -1.4232939e-11
   609 : -3.4831845e-10  6.1271056e-09 -1.0456181e-09
   610 : -3.0045331e-14 -7.5690367e-14  1.9002207e-13
   611 : -1.9264383e-02  1.7330894e-02  3.1153298e-02
   612 : -2.0927207e-04  4.9284504e-04  3.0551191e-04
   613 :  8.0513300e-06 -1.8359883e-06 -2.6240594e-05
   614 :  8.2139750e-02 -1.5735636e-01  9.4347238e-02
   615 : -1.2752229e-04  3.8984187e-05  1.9337894e-04
   616 :  3.8109984e-16 -1.5551972e-16 -3.6881425e-16
   617 :  5.0005773e-05 -6.7257799e-06 -2.3678022e-05
   618 : -1.5459685e-07 -1.7727411e-07  1.5576699e-07
   619 : -5.4223991e-12  4.2068535e-12  7.5079902e-12
   620 : -9.3071678e-07  4.8435282e-07 -9.4902041e-07
   621 : -2.6155694e-04  2.4104403e-04  4.6788306e-04
   622 : -4.6573459e-03  1.4024219e-03  2.8186992e-02
   623 :  3.1839249e-02  1.6052918e-02  1.9330748e-02
   624 :  2.7368558e-04 -5.5012280e-04  2.4229713e-04
   625 :  1.0282962e-04  1.0231630e-04 -9.4919547e-05
   626 : -1.7916342e-19  6.6738373e-19 -2.5496912e-19
   627 : -1.0730391e-13  5.9640653e-13 -3.7188063e-13
   628 : -6.0450878e-08 -6.0273455e-08  5.9718494e-08
   629 :  2.4675736e-02  3.1775757e-03  4.0607641e-03
   630 : -1.9210604e-02 -5.3025624e-02 -3.9419591e-02
   631 :  3.8899520e-06 -2.5498689e-05 -2.9722410e-07
   632 :  2.2441574e-15 -4.6230723e-15 -1.3480140e-15
   633 :  2.5593143e-02  2.7460760e-02  2.4800904e-02
   634 :  4.1977107e-04  3.5069548e-04 -1.3259509e-03
   635 : -1.5292175e-02  6.6423164e-03  8.5931535e-03
   636 : -2.3257637e-03 -1.7773757e-03 -5.8447991e-03
   637 :  4.4997748e-03 -1.9785028e-02 -8.6655104e-03
   638 :  1.3683248e-02  2.6402906e-02  2.8447815e-02
   639 : -2.2820494e-02 -1.7271699e-02  8.8306087e-03
   640 : -1.3642170e-02  1.7262090e-02 -7.5653877e-04
   641 :  1.0763181e-11 -2.3122561e-11 -2.8596524e-12
   642 : -1.0011106e-02  2.9685675e-03  1.4081907e-02
   643 : -5.9507438e-03  5.2744184e-03  1.5087973e-03
   644 :  8.6041442e-02  4.3026827e-02  1.2817935e-02
   645 : -6.1171853e-03  5.6482712e-03 -2.1018856e-03
   646 : -6.3274424e-05 -1.1014081e-04  2.2705760e-04
   647 : -2.4546983e-02 -8.0052036e-03 -2.9440630e-02
   648 : -1.2910159e-03 -2.1392758e-03 -6.4931730e-04
   649 : -6.2057421e-03 -5.9842396e-03 -5.9858856e-03
   650 : -2.9647040e-05  9.3110504e-05 -2.0465156e-04
   651 :  5.5412844e-02  3.5372916e-03 -7.6779151e-03
   652 :  7.4220810e-04 -6.8078214e-04  3.6937663e-04
   653 : -5.5142352e-02 -2.3127047e-02  6.7377026e-03
   654 : -4.9210851e-09  1.0734865e-09 -4.2642740e-09
   655 :  3.1034606e-04  2.3000412e-04 -1.5148039e-04
   656 :  2.2193500e-02  1.4972801e-02 -5.0365838e-03
   657 : -3.9976673e-02 -4.3208268e-02 -5.9522465e-02
   658 : -2.5617965e-03 -7.3624332e-04 -1.4113344e-03
   659 :  5.7391509e-03  2.9168287e-02  1.8103155e-03
   660 :  1.1737043e-02 -5.3416609e-03  3.0022336e-02
   661 : -1.2359970e-02  4.1218398e-02  2.4373112e-02
   662 :  8.9679180e-08  9.7738795e-08 -3.6318200e-07
   663 : -2.3718651e-02 -1.6195564e-02 -3.5870240e-02
   664 :  1.6022601e-02 -1.1816916e-02  1.3277627e-02
   665 : -3.5537972e-03 -2.6811922e-02 -3.1286568e-02
   666 : -8.8259637e-16  7.3349208e-16  1.1323776e-15
   667 : -6.2571829e-10  2.1707737e-11 -5.4777011e-10
   668 : -9.8936131e-03 -4.7514474e-03 -3.8407488e-03
   669 : -3.0105422e-19  2.2037105e-19  5.2656201e-19
   670 : -2.2158412e-02 -7.8561992e-03  2.8148291e-02
   671 : -3.6856272e-02 -1.0964870e-02 -1.7601167e-02
   672 :  8.8636975e-03 -9.9581272e-04  8.5443724e-03
   673 :  5.8893066e-07  1.6310632e-07  3.6126263e-06
   674 :  2.5322135e-05 -1.9068781e-05 -4.2149290e-05
   675 : -3.6770279e-06  3.8601339e-06 -1.2662230e-05
   676 : -1.8942961e-03  1.7899619e-02 -1.2374391e-02
   677 :  1.9745721e-04 -8.6606506e-05  1.8755824e-04
   678 : -3.4373905e-03 -1.9675341e-03  6.2000318e-03
   679 :  1.6178787e-02  2.7624481e-02  2.8717482e-02
   680 :  5.0620443e-03  2.1077404e-02  2.9513129e-02
   681 :  3.3087767e-11 -4.0300143e-12 -1.5921175e-10
   682 :  6.5025833e-11 -2.8610234e-10  1.8644729e-11
   683 : -1.7114895e-09  4.6302306e-09  6.7258839e-09
   684 :  1.5921709e-12 -2.8906243e-12  8.1459736e-13
   685 : -3.3419191e-03  3.6355176e-03  1.9345815e-03
   686 : -1.3420276e-05 -1.2393296e-05  5.7925509e-06
   687 :  1.4348471e-11  1.2574131e-11 -3.0579151e-11
   688 :  5.3490525e-07  5.7862202e-06 -8.6869478e-06
   689 :  1.4990913e-02  2.3241590e-02  2.4533330e-03
   690 :  3.1630019e-04  2.7685465e-04  6.4344454e-05
   691 :  8.4321427e-03 -1.7658634e-03  6.9826992e-03
   692 : -2.5819328e-03 -1.1104040e-03 -6.2992643e-04
   693 : -6.2932308e-19  1.1280197e-18  6.1194773e-19
   694 :  2.9112306e-13 -1.3626846e-13 -6.0904976e-13
   695 :  1.3802255e-02  1.8105212e-02  8.4660415e-03
   696 : -4.4769089e-03 -2.7970259e-03  3.6003092e-03
   697 :  1.6440258e-03 -1.9908282e-03 -2.7154294e-03
   698 : -2.2705578e-02  1.3865821e-03 -1.3819673e-02
   699 : -3.8402766e-07 -1.8265058e-07  5.5763474e-07
   700 :  1.4106215e-17  1.3767182e-17 -4.4978526e-17
   701 : -1.6196242e-16  1.1324339e-16  3.1783002e-17
   702 :  1.5791882e-09 -3.5011345e-09  2.7511312e-10
   703 : -3.5547215e-02 -3.8282077e-02 -3.3407394e-02
   704 :  8.5967066e-04  3.6847841e-04 -1.1672902e-03
   705 : -2.7861939e-12 -2.2051020e-12 -1.3255636e-12
   706 : -2.1017643e-01  1.2709454e-01  9.4618628e-03
   707 :  4.1526670e-02  9.6030416e-03  4.2842231e-02
   708 :  3.7533939e-02  2.3801726e-02  7.7010408e-03
   709 :  6.4824575e-05 -5.7505715e-05  4.3671943e-05
   710 : -4.8381204e-07  1.0983143e-07  1.8030199e-07
   711 :  3.6304954e-04  3.0098472e-05  4.2617162e-05
   712 : -5.3508384e-03 -6.2239831e-03  6.0624849e-04
   713 : -1.5286522e-04  4.7191733e-04 -1.7311455e-03
   714 : -3.1562675e-02 -3.5367954e-02 -2.6350294e-02
   715 : -7.6057498e-04 -1.0873223e-03 -2.6078559e-03
   716 :  1.9696393e-14 -7.3213913e-14  6.5330518e-13
   717 :  2.0601774e-02  7.1965691e-03  2.2984585e-02
   718 : -1.7019741e-03  6.3656834e-04 -8.1756273e-04
   719 :  1.6381902e-02  1.4378062e-03  2.9240521e-02
   720 : -1.1711673e-02  1.5927472e-02 -1.4848617e-02
   721 :  1.1122640e-01 -4.9973967e-02 -1.1523868e-02
   722 :  3.9987985e-11  5.6795845e-11 -9.3376437e-13
   723 : -2.8662683e-11 -7.8867416e-10  6.6558225e-10
   724 : -2.3758020e-12 -2.6131258e-10  7.3777678e-11
   725 : -6.0974770e-03 -5.6284568e-03 -7.1164711e-03
   726 : -1.3143209e-06  4.7568765e-06 -8.8677696e-07
   727 : -1.5235116e-02 -6.3290651e-03 -6.1751411e-03
   728 :  2.1611405e-02  9.0486022e-03  6.6148190e-03
   729 : -2.2311746e-03  1.7898426e-02  2.5500563e-02
   730 : -1.4984557e-03  3.5128019e-04 -7.4473128e-04
   731 : -1.2111532e-11 -1.5774325e-11  1.3840571e-11
   732 : -9.1080545e-08  4.1518362e-08  4.3372871e-08
   733 : -1.3740677e-03 -1.3906769e-03 -1.6970629e-03
   734 : -1.2197902e-02 -6.8636946e-01  7.3832469e-01
   735 : -3.4650106e-03  3.2400673e-04 -1.0039549e-02
   736 : -1.4666449e-02  2.9746499e-02  2.5342253e-02
   737 : -1.6285444e-05 -3.4530492e-06 -2.0064007e-05
   738 : -4.3292671e-03 -6.0622805e-03 -2.5059345e-03
   739 :  1.9058985e-02  1.6372686e-02  1.7040785e-02
   740 : -2.7764117e-03  1.3392101e-03 -2.8427485e-03
   741 :  1.7309842e-02  3.1818097e-02 -5.4526938e-04
   742 :  8.6524324e-05  3.7452508e-04  8.1838732e-07
   743 : -3.2865798e-04 -1.9260219e-03  1.5868290e-02
   744 : -3.5275300e-02 -8.1725718e-03 -3.4283643e-02
   745 :  2.9089292e-12  4.2041425e-11  2.5895233e-11
   746 : -7.2473539e-10  8.0174486e-09  8.2164659e-09
   747 :  2.2439800e-06  6.2666345e-06  2.7551020e-06
   748 : -1.7649685e-03 -9.3533967e-04 -9.7224763e-04
   749 :  2.0671495e-02 -7.0143598e-03  9.6095539e-03
   750 : -2.8231542e-12 -1.2822692e-12 -5.0642086e-12
   751 : -1.3417949e-02 -4.2047446e-03 -1.6735991e-02
   752 : -2.1024234e-04  1.9661544e-04  5.1047504e-04
   753 :  1.6091987e-02 -1.2125346e-02  2.0422832e-02
   754 : -3.1195945e-09  5.8513910e-10  9.9037434e-09
   755 : -3.1792411e-02 -1.6603719e-02 -3.9366166e-02
   756 : -1.8827142e-05 -2.4238178e-05 -1.4753730e-06
   757 : -5.1916480e-19 -3.5506842e-19  3.3937708e-19
   758 :  9.2939242e-02  6.7446950e-02  7.6302593e-02
   759 : -7.1769004e-04  7.9351303e-04 -1.5197709e-03
   760 : -8.6601177e-07  3.0094419e-06 -1.7397511e-07
   761 : -1.8062628e-03 -2.6492503e-03 -9.4409290e-05
   762 :  9.2347765e-02  1.9492280e-01 -3.4946932e-02
   763 : -1.1031934e-14  1.9538683e-14 -6.4608144e-15
   764 : -6.4047484e-17 -5.8679399e-15  3.3032558e-15
   765 : -2.7578392e-02 -1.2726766e-02 -1.6932550e-02
   766 :  1.7305225e-05 -5.3953716e-05  9.4338009e-06
   767 :  5.1669401e-02  6.0741197e-01 -4.2648667e-01
   768 : -3.8892152e-12 -6.1266777e-12  4.4712862e-12
   769 : -3.3050738e-02 -3.1030088e-02 -2.5430039e-02
   770 : -2.3927759e-03 -2.3825485e-03 -4.1219038e-03
   771 : -6.6017959e-03 -1.5004405e-02 -1.4477011e-04
   772 : -3.0052225e-02 -2.5215535e-02 -2.3462568e-02
   773 : -9.8664718e-06 -6.4633148e-05  3.0919801e-05
   774 :  9.5206677e-04 -2.1697506e-02 -7.4455029e-03
   775 :  8.0492913e-03 -2.4487742e-01  2.1110970e-01
   776 : -7.4580838e-05  2.4389618e-05  1.8922520e-04
   777 : -2.6453577e-03 -2.1764813e-03 -2.7069453e-03
   778 : -1.0465507e-03  1.5834638e-02 -1.8418257e-03
   779 :  8.7895888e-09 -1.0571254e-08  9.9546952e-10
   780 :  1.3263843e-01 -7.5042696e-03 -2.5505270e-02
   781 :  5.2476275e-12 -8.1767720e-12  1.1844232e-13
   782 : -1.1638982e-19 -1.6296903e-21  2.3520218e-19
   783 : -3.2042579e-03 -1.6410906e-03  8.7458699e-03
   784 :  2.5204517e-05 -2.8172713e-03  1.3528423e-03
   785 : -3.1720780e-11  5.2471779e-11 -2.4422268e-11
   786 :  3.8336146e-03 -3.4998282e-02 -1.2078050e-02
   787 : -1.3042971e-02 -2.9580375e-04 -1.2851856e-02
   788 :  2.4517178e-11 -5.1992905e-13  1.0650390e-11
   789 :  1.7380164e-10 -1.0992299e-09  1.7475928e-09
   790 : -5.8869862e-04  7.3693695e-03  2.2697523e-02
   791 :  3.1947687e-02  2.9863062e-02  4.9892391e-03
   792 : -2.0898032e-02 -2.4380146e-02 -3.2516041e-02
   793 : -3.3390630e-02 -1.6408514e-02 -2.5448828e-02
   794 : -1.7545850e-03  1.0307184e-02  1.7894736e-02
   795 : -1.9448418e-02 -8.0625049e-03 -4.3691788e-02
   796 : -1.5924098e-02 -7.4800348e-03 -2.8030157e-02
   797 :  5.3084841e-12 -2.8906343e-11  5.2548514e-11
   798 :  8.0044684e-03 -2.5343263e-02  9.2397950e-02
   799 :  1.0491271e-05 -6.1020864e-06 -2.6840353e-05
   800 : -3.2310334e-02 -2.6102701e-02 -2.5599905e-02
   801 :  7.0908316e-10  9.8483590e-10 -2.5685284e-09
   802 : -3.2803654e-03  4.5079123e-03 -1.1179347e-02
   803 : -2.7065487e-07  1.1419680e-06 -4.9399421e-07
   804 : -2.6690234e-02 -1.7168289e-02 -2.6036541e-02
   805 : -1.2529552e-03 -3.0910218e-03 -1.2191871e-03
   806 :  5.4250005e-09  1.2118708e-12  4.9283360e-09
   807 : -2.3303947e-13  3.2374184e-12 -8.8468384e-12
   808 : -1.6972834e-02 -2.9037323e-02 -1.8728535e-02
   809 :  1.5647315e-06  3.3967466e-06  4.5164485e-06
   810 :  6.9063469e-12  2.0210251e-10 -4.7040582e-10
   811 : -1.5535527e-19 -5.7341180e-20  3.0756526e-19
   812 :  2.1193217e-04  4.9300992e-06  3.4610356e-04
   813 : -3.0463177e-04 -3.3790816e-03 -7.8927245e-04
   814 : -9.3496425e-19 -4.6451496e-20  1.0286592e-18
   815 :  9.0106218e-22 -7.4453504e-21  1.3317829e-20
   816 : -3.4402017e-17  6.6618784e-17 -1.6535647e-17
   817 : -3.1879511e-18 -3.2160917e-17  4.0265533e-17
   818 :  2.5804273e-19 -2.7963420e-18  2.0554752e-18
   819 :  1.1092167e-04 -1.2744238e-04  1.5984609e-04
   820 :  2.8396547e-19 -7.9377314e-19  1.6835714e-19
   821 : -4.3581389e-02 -2.0862546e-01  1.4015249e-01
   822 : -7.8768337e-03 -4.8715117e-03  2.0551435e-02
   823 :  3.7074328e-08 -5.7059764e-08  2.3863299e-08
   824 : -2.0651561e-07 -6.2367819e-08 -3.2307365e-07
   825 :  1.8818142e-13  2.7605769e-14 -4.3195568e-13
   826 : -1.1902325e-02 -5.6287433e-02  3.5226020e-02
   827 : -1.9435367e-09  6.1161888e-10  6.4925647e-10
   828 :  3.3125402e-06 -5.5636919e-06  9.4034013e-07
   829 :  3.4547267e-03  7.9668381e-03  1.7055698e-03
   830 :  5.7522540e-02 -7.3175183e-03  1.0138048e-01
   831 :  2.8361470e-02 -2.6263321e-01  3.7749238e-01
   832 :  2.7827285e-06  4.6093139e-04  3.6977201e-04
   833 :  2.1958700e-02  3.8815378e-02  7.9373048e-02
   834 : -1.1595368e-17  1.0911983e-17 -1.3462071e-17
   835 :  7.7771378e-21 -2.3337083e-20  3.9131249e-20
   836 :  3.5720509e-04 -2.9528349e-03  1.3204153e-03
   837 : -2.8774455e-10  5.3429874e-11 -3.3464007e-10
   838 :  2.0537180e-02  2.4322551e-02  1.0401483e-02
   839 : -8.0009881e-07 -1.7628573e-07  2.0930456e-06
   840 :  8.8347631e-10 -4.0655874e-10 -3.6203831e-10
   841 :  8.1778215e-08 -2.4928063e-08 -3.0964000e-08
   842 :  1.4808993e-04  1.7547872e-04 -8.3732089e-05
   843 : -4.5055627e-09  1.5435419e-08 -1.1718376e-08
   844 : -2.5075932e-04  2.1937787e-04 -3.0821589e-05
   845 :  9.0133583e-14  8.8443019e-14 -8.9998494e-14
   846 :  8.7331091e-04  2.2368253e-02 -4.5618066e-03
   847 :  1.4263640e-05  1.3829056e-05 -2.1049325e-05
   848 : -9.2251812e-22  3.9277062e-21 -1.4849360e-21
   849 : -7.7926990e-07  1.3780728e-06  3.5020218e-07
   850 :  1.7704224e-06 -3.8349706e-06  8.6494350e-06
   851 :  3.8745807e-07 -6.3611935e-07 -3.5674188e-07
   852 :  8.7535515e-15 -2.4049352e-14  1.2171595e-14
   853 :  1.9846194e-02  4.2199969e-02  3.6168135e-03
   854 : -5.4878099e-23  5.9853617e-22 -2.3379941e-22
   855 : -3.0152161e-02  1.7943520e-02  7.1987296e-03
   856 :  3.5685772e-02  1.6210320e-03  1.6017908e-02
   857 : -2.8387525e-02  7.3039724e-03 -2.8256872e-02
   858 :  2.8272819e-02  1.8206122e-02  1.2544687e-02
   859 :  5.1504322e-14 -8.7747641e-14 -3.6083811e-14
   860 :  9.6609820e-03  1.3874762e-02 -7.6464584e-03
   861 : -2.7909385e-03  9.5630292e-04 -2.2603057e-03
   862 : -1.5590663e-03  5.7076295e-04  6.5218616e-04
   863 :  2.3046733e-02  7.3582776e-03  5.1764933e-03
   864 :  1.2090705e-03  6.9680551e-03 -5.4469461e-03
   865 : -7.6295830e-03  2.3645170e-01 -2.9915110e-01
   866 :  3.4949778e-02 -5.8094450e-02 -8.5446038e-02
   867 : -2.7659672e-02 -1.1270066e-02 -3.0175490e-02
   868 : -1.2985122e-04 -7.6995059e-05  4.0782706e-04
   869 : -6.2989831e-06 -8.8023122e-05 -1.0244796e-05
   870 : -1.2071120e-04  1.2016896e-04 -4.2118041e-05
   871 : -1.3839143e-02  5.9323024e-02 -1.0567807e-01
   872 : -2.7973266e-02 -5.8101631e-03 -1.3935670e-02
   873 : -2.1522880e-02 -3.6978877e-02 -3.9822636e-02
   874 : -4.0085691e-02 -3.6905713e-02 -1.9089785e-02
   875 : -1.7960490e-08 -1.5117803e-09  1.0041868e-08
   876 :  1.5155186e-08 -1.0483566e-07 -1.4325791e-08
   877 : -3.6858855e-18  4.6787786e-18 -5.8957876e-18
   878 : -5.4540678e-17  1.3716025e-16 -2.2478527e-17
   879 :  5.8279654e-09 -3.9350074e-09  8.1767807e-10
   880 :  1.3139184e-07 -9.0666708e-08 -2.7351647e-08
   881 : -2.1915437e-18  6.0744026e-19  9.4035530e-19
   882 :  1.6131365e-17 -1.2444262e-17 -2.2354951e-17
   883 : -2.6599810e-09  1.5587624e-09 -9.6002115e-10
   884 :  7.1471357e-11  2.1870809e-08 -1.0340012e-08
   885 :  9.6135691e-04 -3.8704383e-03 -3.3565858e-03
   886 : -2.9392642e-03  5.3790851e-04  9.2412857e-04
   887 :  1.2014574e-02  1.2956454e-02  2.9241247e-02
   888 :  2.6185073e-02  2.5218556e-02  1.3316960e-02
   889 :  9.1303857e-03  2.4371850e-02 -1.3576813e-03
   890 :  1.2199216e-03 -1.2702409e-02  5.4758676e-03
   891 : -1.6037161e-08 -3.2803836e-09  1.9145351e-08
   892 :  3.8392992e-07 -8.2656054e-07 -2.3736948e-08
   893 :  6.9628180e-03 -1.3113582e-03 -4.4388649e-03
   894 : -8.2469495e-03  2.0940974e-02  1.7321762e-02
   895 :  8.7201879e-03  2.9563052e-03 -2.8488731e-02
   896 : -1.5387931e-02 -2.7180442e-02  1.2164980e-03
   897 :  2.8466226e-09 -5.4261269e-10 -1.5170651e-09
   898 : -6.0168417e-09  8.5479111e-09  1.1648500e-08
   899 : -9.6333639e-03  8.1529750e-03  5.7755327e-03
   900 :  9.2598973e-03 -1.2232105e-02 -1.0134765e-02
   901 :  1.3253940e-04  3.4377885e-04 -1.0176631e-03
   902 : -1.6075743e-03  3.5406294e-03 -1.8256922e-03
   903 :  2.4742801e-02  9.1597391e-03  3.1900917e-02
   904 :  2.9730645e-02  1.8668917e-02  3.2345507e-02
   905 :  1.1174571e-03 -4.6062997e-03  6.8167426e-03
   906 : -2.9307788e-02 -1.5861779e-03 -9.4024492e-03
   907 : -2.4331573e-02 -2.4600381e-02 -2.9441197e-02
   908 :  1.4368577e-02 -2.3359494e-02 -1.4031135e-03
   909 : -7.0055997e-03  2.5563404e-02  4.0462669e-03
   910 :  7.7765711e-03  1.6415776e-03  7.3666217e-03
   911 :  7.7588753e-03  2.1582574e-02  6.7379887e-03
