Number of elements 912
     0 :  1.3354277e-05 -3.6697665e-05 -1.2407303e-05
     1 :  2.7018814e-03  4.4533407e-03  4.0141151e-02
     2 : -2.4040223e-02 -1.4195988e-02 -2.2949257e-02
     3 :  1.4324131e-03 -2.2924531e-03 -5.8952343e-03
     4 : -1.3101498e-02 -7.4915644e-03 -1.1103343e-02
     5 : -2.1200418e-02  3.9998743e-04  1.0070318e-02
     6 :  2.6341679e-10  4.4904152e-11 -6.9627114e-10
     7 : -2.3250686e-02 -6.2991261e-02  6.0170753e-02
     8 :  4.3997417e-03 -1.9903493e-02  7.9906084e-03
     9 : -2.9929943e-09  5.6314404e-10  8.0387764e-09
    10 : -6.0976680e-03 -2.2044470e-02 -9.8870073e-03
    11 : -6.0873172e-11  1.1272069e-10  1.2412652e-10
    12 : -7.1751013e-03 -1.3834364e-02 -1.4319732e-02
    13 : -3.0279427e-03 -8.6303543e-03 -6.6614044e-03
    14 : -6.1273337e-04  2.6087085e-05 -4.4587231e-04
    15 : -1.6717136e-03 -4.6236881e-03 -2.7661851e-03
    16 : -1.8091287e-11 -2.0236791e-11  4.6981398e-11
    17 :  2.4698633e-07 -1.9000229e-07  2.0044324e-06
    18 :  1.0115021e-02  2.1454635e-03  8.1348664e-03
    19 : -5.3673839e-13 -6.1942693e-14 -2.6710170e-13
    20 :  6.0619875e-07  1.8364427e-06  1.6006276e-06
    21 : -3.7258856e-03  1.5335826e-03 -2.2504147e-03
    22 :  5.5257125e-03 -4.9521245e-03 -4.9809560e-03
    23 :  6.4670058e-12  1.2377390e-11 -9.4614782e-12
    24 :  1.5916638e-02  3.0386519e-03  1.5246983e-02
    25 :  5.5758680e-15  7.3672485e-13 -3.0227900e-13
    26 : -1.1759328e-02 -2.1688716e-02 -2.5012698e-02
    27 :  1.1755090e-02 -1.8082563e-03 -2.5792931e-03
    28 : -8.7523701e-03 -4.5717254e-02  3.2925294e-02
    29 :  2.0983923e-02  1.9511421e-02  6.4673899e-03
    30 :  2.0184570e-03 -4.5065525e-03  7.5714432e-03
    31 : -1.8915637e-03 -9.1333730e-04  2.3349158e-03
    32 :  3.6764749e-09  1.6422955e-09 -9.5638683e-09
    33 : -5.0196679e-03 -3.4549850e-03 -3.6149675e-03
    34 : -5.4897427e-15  9.0915152e-15 -5.8383918e-14
    35 : -2.0906117e-03 -2.5885679e-03 -6.4965426e-04
    36 : -1.3538940e-02 -1.4918619e-02 -3.0646546e-03
    37 :  6.9387285e-03  8.6658657e-03 -1.2250842e-03
    38 : -4.0004979e-03 -4.5794497e-03 -8.7155671e-03
    39 :  2.4525578e-02 -8.1513692e-03 -2.4358104e-02
    40 : -7.6754953e-03 -2.5778537e-01  2.8080558e-01
    41 :  1.5850838e-03  1.1238863e-01 -1.3586367e-01
    42 :  2.0373198e-12  1.6520982e-12 -1.9651854e-12
    43 :  3.9782187e-06 -4.7348254e-06 -1.0645954e-06
    44 : -7.1820319e-03 -1.4004404e-03  8.4440424e-03
    45 : -8.5756082e-06  8.8542774e-05  1.0661180e-04
    46 : -1.7487432e-04  2.0358026e-04  3.8460130e-04
    47 : -1.4621534e-08  5.1040030e-09 -1.0996770e-08
    48 :  8.2969173e-12  7.9394525e-11 -4.3059849e-12
    49 :  1.8782228e-03 -1.4244286e-02 -1.4932979e-02
    50 : -6.8427073e-03 -2.0666692e-03 -4.8393338e-03
    51 :  4.8865422e-03  8.5743945e-03  9.6796305e-03
    52 :  4.6877524e-03 -7.5954948e-03  5.4877254e-03
    53 :  2.0299085e-10  1.5818877e-10 -5.8726355e-10
    54 : -6.8572280e-03  1.0394413e-03 -4.6861004e-03
    55 : -2.4011641e-03 -4.7564539e-03 -4.7354072e-03
    56 : -4.2627613e-03 -9.2110051e-03  7.4695685e-04
    57 :  5.7911689e-03  4.8597839e-03  7.6626104e-03
    58 :  9.3169478e-04 -1.1315528e-01  1.6503046e-01
    59 : -2.5512362e-03  4.6504219e-03 -1.2786593e-02
    60 : -7.6361632e-03 -5.2947235e-03 -5.1153436e-03
    61 :  4.4152186e-04  1.2330842e-03 -2.4746651e-03
    62 : -3.0846246e-03  2.3439435e-03  2.0776840e-02
    63 :  8.3917233e-03  8.3144374e-03 -9.6652911e-03
    64 :  3.2530968e-02 -4.2910823e-02 -3.4750706e-02
    65 :  6.9788610e-03  1.8537785e-02  3.2300691e-03
    66 :  2.7656222e-03  1.4004621e-02 -2.8651205e-03
    67 : -5.4735249e-10  7.9990912e-10  1.1238071e-09
    68 :  1.0810860e-10 -1.5920780e-10 -3.4539195e-11
    69 : -7.1678236e-10  9.2952481e-10  1.0732532e-09
    70 : -2.8924617e-04  8.5432016e-05  6.7670647e-04
    71 : -5.9109563e-03  9.0306151e-04 -5.6755603e-03
    72 : -4.5411240e-14  7.6378774e-13 -3.6390675e-12
    73 : -6.2879557e-03  5.6324406e-03  2.0636905e-04
    74 :  1.3065822e-06 -1.6967594e-05  8.2116142e-06
    75 : -8.6395512e-08 -5.4896044e-08  1.0723349e-07
    76 : -2.2454997e-12  6.6179883e-12 -2.1475925e-12
    77 :  1.0392194e-07 -7.1373900e-08 -1.9642062e-07
    78 : -1.2562999e-09  5.4262593e-09 -1.0115908e-09
    79 :  2.8882873e-06  6.0037722e-06 -6.1723624e-06
    80 :  3.9441491e-17 -7.8862712e-17 -1.4167873e-18
    81 :  3.2637054e-08 -3.6790204e-08 -1.5015410e-09
    82 : -2.8955960e-02  1.0660428e-01 -2.0254486e-01
    83 :  4.0987050e-14  1.4317170e-15 -1.4100387e-13
    84 : -8.5369439e-13  3.2575693e-12 -1.1871603e-12
    85 :  4.2171010e-03  1.8310342e-01 -1.9088857e-01
    86 :  4.0941083e-07 -5.2239235e-07  1.5874398e-06
    87 :  4.6062954e-06 -1.9693967e-06 -5.4966875e-06
    88 :  1.1684316e-02  5.8557531e-03  3.9204080e-02
    89 :  9.7585079e-03  8.7244701e-03  6.3289898e-03
    90 : -7.3012625e-12 -1.6322944e-11  1.2537757e-11
    91 : -1.0531042e-02 -3.8684865e-03 -7.6258879e-03
    92 : -1.3376136e-03 -1.7449527e-03  1.3776539e-03
    93 :  2.5681405e-16 -3.7904005e-16  1.4907031e-16
    94 : -1.1673735e-05 -5.8975360e-06 -1.6926714e-06
    95 :  1.3586165e-10 -5.6952515e-11  2.3401058e-11
    96 : -2.4945761e-03 -1.9738285e-03 -5.5140696e-04
    97 :  3.7879322e-04 -1.3793825e-03  1.0755564e-03
    98 : -1.8821008e-02 -1.6395919e-02 -6.9875554e-03
    99 :  7.9589790e-10 -2.2868592e-09 -2.0477559e-10
   100 :  2.4606484e-09  1.8943020e-09 -6.2230645e-09
   101 :  1.3871481e-02  7.4668637e-03 -1.6541780e-03
   102 : -1.2897234e-04 -2.1715239e-02  3.3551092e-02
   103 :  2.2928165e-14 -2.0866451e-14 -5.3608322e-14
   104 :  2.0270582e-04 -1.1138945e-05 -1.9828648e-05
   105 :  1.8238070e-02 -2.3989531e-03 -1.0721223e-02
   106 :  1.1764706e-02  5.1028691e-03  1.8957578e-02
   107 :  2.0035075e-02 -4.7906778e-02  4.9014860e-02
   108 : -2.2557627e-03  3.0115507e-03  1.3757243e-02
   109 : -8.2462371e-04  5.7803281e-03  7.6188077e-03
   110 : -6.5912953e-03  5.5594919e-04 -8.1445570e-03
   111 :  2.4431617e-03  1.6559754e-02  1.7249476e-02
   112 : -8.2113257e-09  1.4927900e-08  8.5405422e-09
   113 :  5.0061572e-03  3.9995678e-03  8.7545582e-03
   114 :  9.1914932e-03  2.0245470e-02 -1.0106425e-02
   115 :  6.5978949e-03  2.0695806e-02 -5.5458692e-03
   116 : -9.7643183e-04  2.8312327e-03 -1.2257069e-02
   117 : -1.0524321e-02 -7.4287399e-03 -3.0460657e-03
   118 : -4.6503767e-02 -2.9260267e-03 -2.5826931e-02
   119 : -2.6703047e-10 -1.2144097e-10  4.6966195e-10
   120 : -4.5705566e-04  3.3166799e-04 -4.8237486e-05
   121 :  9.4176878e-09 -1.4552268e-07 -4.2433339e-08
   122 : -2.8413030e-03  5.3065372e-03 -1.7469309e-02
   123 :  8.2342008e-14  1.8898404e-14  1.2663530e-15
   124 :  5.4956707e-12 -9.3892334e-10  3.3749291e-10
   125 : -2.7567630e-17  8.3004539e-17 -2.9299414e-17
   126 :  8.9759931e-07  3.5833245e-07  1.4885564e-06
   127 :  1.0517093e-07 -8.5254232e-07 -7.4555763e-07
   128 :  4.4597527e-03 -1.1360363e-03 -2.8162908e-03
   129 :  1.6668877e-06 -1.8811235e-05 -2.2384123e-05
   130 : -8.4388644e-05 -2.9250271e-03 -7.8358331e-03
   131 :  1.5624859e-03 -6.1310837e-03  3.1101586e-03
   132 : -9.2566459e-03 -1.8375011e-02 -8.1740283e-03
   133 :  1.0510077e-02  1.3501609e-02  6.8031559e-03
   134 : -2.2999049e-03  1.4220621e-04  2.6465850e-03
   135 : -1.1456132e-01 -1.5959877e-02 -6.0462919e-06
   136 :  1.0277954e-02  5.1796224e-03  1.0865708e-02
   137 : -7.5773203e-03 -1.1406014e-02 -1.3505992e-03
   138 : -1.2852951e-02 -2.5523722e-02  4.1258897e-02
   139 :  4.5593485e-03 -4.9784977e-02  4.8909765e-02
   140 :  9.8591664e-09  1.4425315e-08 -4.9315538e-09
   141 :  3.6115675e-08 -8.9501795e-08 -2.1166305e-09
   142 : -6.2509623e-03 -2.3740666e-02 -6.0481940e-03
   143 : -1.0683085e-10  3.2066289e-10 -2.1855690e-10
   144 :  1.8663049e-02  1.5181186e-02  3.5232162e-03
   145 :  6.5000334e-03  4.9778262e-02 -1.4192311e-02
   146 : -9.1343557e-05  7.2191841e-05  1.3224115e-04
   147 :  6.2348935e-11  1.0646466e-11 -2.4810191e-11
   148 :  4.5197572e-05 -5.7958661e-05 -9.1104774e-05
   149 : -3.9678276e-03  3.6209738e-03  4.2101383e-03
   150 :  3.8664414e-03  2.9918236e-02  2.7706263e-02
   151 : -2.4301890e-08 -1.9229791e-07 -7.1027577e-08
   152 : -1.7725957e-05 -3.2091028e-06 -1.5835108e-06
   153 :  2.9161672e-02 -2.8836100e-02 -5.6247078e-02
   154 :  2.1377560e-16 -7.6704864e-18  4.8464803e-16
   155 : -1.3850792e-10  1.8295493e-10 -8.0325711e-11
   156 :  1.3792935e-12 -7.7796692e-12  2.9572667e-12
   157 :  6.0690857e-04 -1.1084218e-03 -4.9603949e-04
   158 : -3.4222265e-02 -6.1638441e-03  3.3052016e-02
   159 : -4.9729164e-03 -5.4651682e-05 -1.0159341e-03
   160 : -5.4179816e-15  3.6968666e-15  9.6795924e-16
   161 :  1.1531052e-14  1.6407381e-14 -4.0301484e-14
   162 :  1.2085096e-02  4.8236001e-03  2.6630009e-03
   163 : -1.2587907e-02  1.2453949e-02 -4.4114402e-03
   164 : -4.7101851e-07  1.3628628e-06  3.5095553e-07
   165 : -7.5444297e-03  3.2243895e-02  9.8200667e-03
   166 :  3.3616124e-11 -1.4450392e-11 -6.2634221e-11
   167 :  4.7884045e-03  1.5998284e-02 -5.0379513e-04
   168 :  2.6113752e-02  1.0098837e-03  5.3472644e-03
   169 : -5.9932325e-02 -1.1593507e-02 -2.5275056e-02
   170 : -1.6405545e-10  6.8823836e-11  9.7202812e-11
   171 : -1.1902892e-10 -9.4439541e-11  3.2587945e-10
   172 : -5.0266583e-03 -5.3079387e-03 -5.4659959e-03
   173 :  1.1847679e-02 -1.2237743e-03  2.1718905e-03
   174 :  8.8787964e-03 -2.5019509e-02 -5.9761310e-03
   175 :  1.1512971e-04 -3.6764800e-06  1.6004645e-05
   176 : -3.4153058e-10 -3.5963277e-10 -1.1791216e-09
   177 :  7.0260359e-03  1.1751054e-02  1.4749579e-02
   178 : -2.4427750e-02  3.1146364e-01 -3.9484702e-01
   179 : -1.0686868e-02 -3.5508451e-03 -1.3822995e-02
   180 : -1.1803789e-11 -5.9864014e-12  3.3996629e-11
   181 : -8.7295734e-03 -2.1612787e-02 -2.0865715e-02
   182 : -5.1091376e-06  2.7992015e-06 -1.4772671e-05
   183 : -4.5583732e-03 -5.7243022e-03 -1.1136374e-02
   184 : -1.4990602e-14 -2.4424464e-14  3.8547585e-15
   185 :  4.0533688e-07 -7.9808395e-07 -5.1566090e-07
   186 : -1.6879112e-03  9.0001829e-04 -9.4416134e-04
   187 : -1.5541931e-02 -5.8633751e-03 -1.6322825e-02
   188 : -1.8613920e-02  4.1762695e-02 -1.1391249e-01
   189 : -3.7124755e-03 -3.3790576e-03  6.4989561e-03
   190 :  1.4356234e-02  1.4329336e-02  4.8664341e-04
   191 :  1.7389783e-13  8.3104751e-15 -7.5581672e-14
   192 : -1.9252784e-02 -1.2732119e-03  1.1083154e-03
   193 :  1.7400439e-02  4.8032117e-03  1.0290975e-02
   194 : -8.2670422e-03  1.5543760e-01 -1.8029034e-01
   195 :  2.7181536e-04 -2.0233634e-03 -2.3340109e-04
   196 :  3.7785815e-12 -3.0338118e-12 -1.9929555e-11
   197 : -3.8100824e-11  6.8205515e-11  3.3316909e-11
   198 :  2.4908637e-04 -6.5489655e-04 -1.5391427e-03
   199 :  2.0243666e-02  1.0852165e-02  1.3004546e-02
   200 : -2.8563862e-11  7.5107615e-10 -8.4731310e-10
   201 : -1.7302749e-02 -6.6329778e-03 -7.2609917e-03
   202 :  8.0347040e-03  2.5687300e-03  7.4694297e-03
   203 :  1.0852910e-12  9.9729923e-13 -6.1672509e-13
   204 : -2.5668176e-03  5.8864352e-03 -2.0248683e-03
   205 : -5.9299180e-03 -4.1418896e-02  2.4306755e-02
   206 : -2.4441874e-12  8.6266559e-13  6.4785955e-13
   207 : -1.0736038e-10  5.6436081e-11 -4.6005838e-11
   208 :  2.1514542e-07 -3.5188541e-09 -8.8844735e-07
   209 : -1.3004163e-01  6.5178335e-02  2.8518147e-02
   210 : -3.5047466e-03  7.9951127e-03  8.2132268e-03
   211 :  6.6699962e-13  6.7226274e-13 -1.4722558e-12
   212 : -1.9067854e-02 -1.4054083e-02 -9.6142519e-03
   213 : -2.2581336e-10 -1.7831650e-10  5.1705895e-10
   214 : -4.1036630e-03 -6.9622867e-03  4.3490385e-03
   215 : -4.1964050e-02 -1.4331326e-02 -3.7561828e-03
   216 :  8.2275477e-03 -2.4523756e-02 -2.7844892e-02
   217 :  6.1369249e-16  9.9404001e-16 -7.5412749e-16
   218 : -3.3170756e-08  1.0334988e-07  1.1943053e-07
   219 :  2.4260103e-03  5.6163993e-03  2.2931837e-03
   220 :  1.6472273e-06  4.7749292e-07  9.5649763e-07
   221 :  1.3838314e-10 -1.3704762e-09 -7.7479201e-10
   222 :  4.9398144e-03  3.2522245e-03  7.8706318e-03
   223 : -2.1319902e-04  3.9300546e-03  2.7560245e-04
   224 :  5.4387490e-04 -2.4015396e-04 -3.5493221e-03
   225 : -4.9019959e-07  4.3287960e-06  3.1112482e-06
   226 : -8.5851731e-09  2.3508024e-09  2.0407407e-09
   227 : -4.1152456e-05  4.6270292e-05  9.2975833e-05
   228 :  4.1913598e-03 -6.4485266e-02  9.2222282e-02
   229 : -4.1702232e-05 -1.8653752e-05 -1.2625950e-06
   230 : -4.4584474e-10 -4.8064316e-10  2.2826046e-10
   231 :  1.8953270e-10 -4.7226143e-10 -3.1397616e-11
   232 : -5.5087417e-16 -4.3855640e-16  3.7317241e-16
   233 : -4.3939636e-10 -2.8927528e-09  2.2063427e-09
   234 : -1.0530512e-02  1.2774324e-03 -8.7137735e-03
   235 : -7.5850923e-02  1.7509635e-02  3.6668552e-02
   236 : -8.4822833e-09  1.2859119e-08  1.2700126e-08
   237 : -3.9306037e-07 -1.0838904e-07 -5.5586411e-08
   238 :  3.2199358e-13  3.0645509e-14 -1.5628020e-13
   239 :  6.0086595e-10 -7.6758986e-10  3.4380134e-10
   240 :  1.4723283e-12 -5.8824179e-12 -2.6810798e-12
   241 :  2.4893738e-03  3.2527150e-03  5.8815038e-03
   242 : -1.0497572e-02  7.7134888e-03 -7.1809781e-03
   243 :  5.0563024e-03  4.1840925e-03  7.7229338e-03
   244 : -1.2505452e-03 -2.5591523e-03  7.7017447e-03
   245 : -1.7345659e-08 -1.8798009e-08  6.8214029e-08
   246 :  3.2982759e-03  9.3338515e-03  9.3966322e-03
   247 :  6.9591842e-03  7.4844443e-03  3.4574459e-03
   248 : -1.5887273e-15 -5.4614388e-15  5.4911682e-15
   249 :  1.0538470e-06  1.5580602e-06  9.6095816e-09
   250 : -1.0330454e-03  8.8846688e-03  1.1867124e-02
   251 :  7.6908089e-03  3.0341085e-03  8.6323066e-03
   252 : -5.0080819e-09  1.8419923e-09  1.9474062e-09
   253 :  3.9303332e-12 -3.7240174e-12  3.5461657e-12
   254 :  8.2202121e-04  5.9882552e-03  8.9332755e-03
   255 : -1.3421082e-03  7.2358221e-05  6.0582339e-04
   256 : -1.0828418e-02 -1.2757063e-02 -1.4721711e-02
   257 : -1.2104242e-03 -7.2910527e-03  1.6242404e-03
   258 :  3.8400527e-04  1.7203188e-04 -1.5214748e-04
   259 : -1.1576119e-07  1.4267981e-08 -1.3379818e-07
   260 : -1.2196699e-02 -1.2538815e-02 -8.1341126e-03
   261 :  1.5255948e-02  6.9533472e-03  1.4620789e-02
   262 : -1.4656018e-08  3.8110794e-08  1.9370594e-08
   263 : -6.2233655e-10  8.8652876e-10  1.5036665e-09
   264 : -1.5738769e-03  7.8412449e-04 -1.1979871e-03
   265 : -3.4712795e-03  2.6428124e-04 -4.7444402e-03
   266 :  1.9107222e-06 -2.1255873e-05  1.2352557e-05
   267 : -3.2693946e-05  3.3843478e-05 -1.2060070e-05
   268 :  7.1928455e-12 -3.4345993e-11  6.6584717e-11
   269 :  2.8315683e-03  2.6238026e-03  4.5756313e-04
   270 : -3.0596384e-05  1.4793177e-04  1.1362564e-04
   271 : -6.2280643e-03  3.1246203e-03 -5.9020419e-03
   272 :  7.0194746e-06 -1.1595322e-05 -1.2067025e-05
   273 :  2.5924558e-10 -1.3242050e-09  4.3331294e-10
   274 :  1.2515602e-02  7.9407648e-03 -7.3514936e-03
   275 :  2.6458056e-08 -5.2394328e-08  2.4342168e-08
   276 :  7.9591754e-03 -2.5489744e-03 -1.1751830e-02
   277 : -4.6810394e-10  1.5422994e-09 -2.1266080e-09
   278 :  2.8519563e-03 -7.4683698e-03 -1.7946706e-02
   279 :  3.1998381e-02  4.4675730e-03 -7.9370859e-03
   280 : -7.4140922e-03 -2.5149469e-03  8.9992998e-04
   281 : -1.5561417e-03 -2.1645951e-03 -9.8998102e-04
   282 :  2.5988142e-04 -4.6304660e-05  1.4203916e-04
   283 :  7.2394187e-07 -1.4716352e-06 -2.8792965e-07
   284 :  5.1925570e-09  2.3320059e-09 -1.4149902e-08
   285 :  1.1790294e-02  6.9246918e-03  1.2332575e-02
   286 : -1.5533862e-02  7.0709069e-03 -1.2735214e-03
   287 : -2.7214454e-02 -2.5980330e-02 -2.2675101e-02
   288 : -1.0010158e-02 -7.5079818e-03 -1.3286604e-02
   289 :  1.5421592e-02  2.4539057e-03  1.4510180e-02
   290 :  1.1781032e-02  3.4187739e-03  9.7265516e-03
   291 :  7.7743327e-03  3.4785082e-02 -6.4186819e-03
   292 :  3.0315193e-04  5.6057957e-03  6.3190452e-03
   293 : -2.1379480e-07  1.5579210e-08  7.0929672e-07
   294 : -1.5609614e-02 -1.2322464e-02  3.9036344e-03
   295 : -2.4388797e-13  2.7182378e-13  2.4465880e-13
   296 : -1.1813960e-03 -9.5239366e-03  8.3809388e-03
   297 : -4.4772223e-03  1.1757297e-02  1.9804991e-03
   298 : -5.0787195e-04  4.8016622e-02 -9.6143634e-03
   299 : -1.4276645e-13 -7.3606419e-14  2.7984869e-13
   300 : -1.4003357e-02 -1.7889114e-02 -5.1886629e-03
   301 :  7.8174053e-03  1.1410630e-02  9.1617066e-03
   302 :  6.6837344e-03 -1.7327929e-02  3.0843065e-02
   303 :  2.0294080e-03  2.0413117e-02  3.2602180e-02
   304 : -6.6532558e-03  6.6264369e-03 -1.9751970e-02
   305 : -2.1500797e-04  2.6761272e-04  1.1843475e-04
   306 :  6.5505951e-04  1.0134087e-03 -7.1793075e-03
   307 :  1.3055695e-02 -4.8024014e-03  7.5868052e-03
   308 : -1.5332481e-03 -2.5315416e-04 -5.6058495e-04
   309 : -8.8755827e-13  3.6116165e-13 -2.3385200e-13
   310 : -8.0745609e-03  2.2977824e-02  3.3469883e-02
   311 : -4.0090870e-02 -2.2680203e-02 -2.5866946e-03
   312 :  1.9478212e-11 -3.1599429e-11 -3.2269843e-11
   313 : -1.3821292e-07 -3.0562845e-07 -4.1849443e-08
   314 :  1.8691771e-13  3.4877456e-13 -1.1198878e-12
   315 : -4.1599567e-09 -1.2966771e-08  3.1122339e-09
   316 :  2.8961829e-03 -6.4156824e-03 -4.1716166e-03
   317 : -3.2871307e-14 -1.2154657e-13  1.1426031e-13
   318 : -3.7286344e-03 -4.0490377e-03 -4.6829891e-03
   319 :  2.1670738e-03  2.5853645e-03  7.6574692e-03
   320 : -8.3704134e-02 -5.1866503e-03 -1.1787752e-02
   321 : -3.5188202e-03 -7.5478549e-03  7.8178970e-04
   322 : -1.2239419e-13  3.2391594e-13 -3.7258430e-14
   323 :  2.8856712e-14  1.1151358e-13 -2.1508276e-14
   324 : -8.0511527e-09  8.5235479e-08 -1.6320857e-08
   325 : -4.6403693e-08 -1.9450270e-07 -1.7966532e-07
   326 :  7.5757611e-02 -3.6508634e-03 -5.4871164e-03
   327 : -3.7445302e-02  1.8947478e-01 -2.9585484e-01
   328 :  4.2381167e-03  5.4421253e-03  4.1712301e-03
   329 :  8.5995271e-09  9.7153768e-08 -4.7649860e-08
   330 :  1.9056602e-14  6.0801583e-15 -5.6935798e-14
   331 : -4.0075227e-05  2.8274800e-04  3.4660624e-04
   332 :  1.5620969e-02  1.2738676e-02  2.0910979e-02
   333 : -9.4122989e-08 -1.5746291e-08 -1.0881103e-07
   334 :  8.0671143e-03 -3.3299532e-03 -1.0228395e-02
   335 :  9.0557950e-03 -1.1274102e-02  4.1820243e-02
   336 : -2.5032745e-03 -2.2457840e-02 -3.1093741e-02
   337 :  3.7763378e-12 -1.3438005e-11  1.7426749e-11
   338 :  1.3982858e-02  3.6404768e-04 -2.3562063e-02
   339 :  5.2533632e-09  2.1793284e-09  1.5888021e-08
   340 : -4.6053439e-03 -3.0911555e-03 -5.0335911e-03
   341 :  2.6071715e-12 -1.0347790e-11  3.4803037e-12
   342 :  5.2578839e-09 -9.9213167e-09 -7.8257886e-09
   343 :  1.5628678e-04 -1.8946746e-03 -5.1496296e-04
   344 : -4.8268765e-03 -3.7750738e-03 -2.1371803e-03
   345 :  3.3315167e-03 -1.8438560e-03  4.8097037e-03
   346 : -1.1187205e-08 -8.2210028e-09  3.6296694e-09
   347 :  5.1034413e-03 -4.7743463e-03  9.1663805e-03
   348 :  6.0089338e-04 -1.7587181e-03  1.1524157e-03
   349 : -6.1667134e-04  4.3800038e-04 -1.6867201e-04
   350 : -6.2051116e-03  1.8820238e-03 -4.1840723e-04
   351 :  4.0662988e-07 -3.4225888e-07 -6.6331221e-07
   352 : -3.1313474e-02  9.7639601e-03  4.6914026e-03
   353 : -6.2602735e-03 -7.5251035e-03 -2.7090841e-03
   354 : -1.5306547e-02 -9.3340737e-03 -1.3369022e-02
   355 : -3.4582454e-03  5.9765214e-03  6.8187644e-04
   356 :  1.6128996e-11  1.3598411e-11 -3.2949362e-11
   357 : -2.7152370e-02 -2.0676595e-02  1.8429610e-02
   358 :  2.5897525e-04 -8.3255221e-05 -1.4000906e-04
   359 : -6.7345266e-17  1.4841904e-16 -2.4405520e-17
   360 :  4.9795392e-04  4.0229092e-03  4.9778563e-03
   361 :  3.0435627e-07  1.3472270e-06  1.0456013e-06
   362 : -3.3182600e-04  8.5936623e-06 -1.5362896e-03
   363 : -4.1035670e-05 -6.2542089e-05  1.0575706e-04
   364 :  3.7303085e-06 -2.2537397e-05  2.7359757e-06
   365 :  1.6708060e-02  2.4840662e-02  6.7771576e-03
   366 :  7.5979907e-12 -5.6307909e-11  6.4375683e-11
   367 :  2.6010907e-02  3.3374705e-02 -2.2898677e-03
   368 :  1.5006626e-04 -7.8951751e-03  2.2866300e-03
   369 : -1.3736229e-03 -1.4267773e-03 -1.4799328e-03
   370 : -6.7042553e-04  1.2056626e-03 -1.0583664e-03
   371 :  5.1854364e-11  5.1975426e-11 -1.1618577e-10
   372 : -7.5190055e-03  2.2813286e-02 -2.2343732e-03
   373 : -4.6315549e-03 -1.9292508e-03 -9.6566992e-03
   374 : -9.9781324e-03  5.0041237e-03  2.9643961e-04
   375 : -3.9189041e-08 -5.6190449e-08 -1.3703825e-07
   376 : -4.5716508e-12  2.3457330e-12  9.5530454e-12
   377 :  1.6102333e-03  6.4455515e-04 -2.8372493e-03
   378 : -1.2232863e-03  7.2818829e-03 -4.1910357e-03
   379 :  6.1957478e-15 -1.4461680e-14  5.0357860e-15
   380 :  1.2580698e-02  8.0163999e-03  7.5749489e-03
   381 :  1.2592460e-04  9.6753409e-05 -1.6495751e-05
   382 :  5.7495871e-06 -1.6655631e-05 -3.0185935e-06
   383 : -6.2406424e-03 -1.0572135e-02 -9.4511804e-03
   384 :  2.2411539e-07  1.5969858e-06  2.2115776e-07
   385 : -1.1044654e-02 -2.1891555e-02 -8.0589958e-03
   386 :  2.3793138e-03 -3.3563187e-03  9.4658220e-04
   387 :  2.9471923e-08  5.5020016e-08  6.2338737e-08
   388 : -1.0714459e-02 -1.8295137e-03  1.2013613e-02
   389 :  5.0440474e-05  3.0761836e-05 -3.9720701e-05
   390 :  3.5034772e-03 -2.7092674e-02  3.0440207e-02
   391 :  1.1655484e-04  1.4107238e-04 -4.0873847e-05
   392 : -5.4262656e-03  5.0497819e-03 -4.3801547e-03
   393 : -7.5239292e-03 -4.5673823e-03 -9.1339788e-03
   394 :  2.1062473e-06 -2.4367872e-07  9.0188789e-06
   395 :  5.6823984e-03 -3.5415677e-03  2.5142301e-03
   396 :  2.2595524e-14 -4.0400684e-14  8.7866005e-14
   397 : -8.0423383e-03 -1.1864960e-02 -5.4529561e-03
   398 : -2.7927570e-03 -6.4575410e-03  1.8492340e-02
   399 :  5.4061723e-03  7.2920680e-03 -5.5582427e-03
   400 : -4.9684325e-03  2.2686208e-02 -3.9651460e-03
   401 :  1.4170972e-02  1.0704290e-02  1.5282025e-02
   402 : -2.1786617e-05 -5.5536461e-07  1.5308001e-06
   403 :  9.1235058e-07 -2.1432884e-05 -5.7638793e-05
   404 :  4.6822158e-12  3.8657966e-12 -1.5300589e-11
   405 :  1.4454906e-02  4.8187446e-04  2.3169286e-03
   406 : -1.0907067e-04  1.6023554e-03  3.3091695e-03
   407 :  5.1065457e-03 -3.9019712e-03  2.5610531e-03
   408 :  6.4986470e-03  6.0390227e-03  2.2939636e-03
   409 :  7.9343545e-03  1.6604918e-02  8.9245907e-03
   410 : -1.3054693e-02 -2.2290272e-02 -1.3105065e-02
   411 :  2.5236381e-02  2.2563137e-03  2.2575761e-02
   412 :  1.2325520e-02  7.5996097e-03  1.1509170e-02
   413 :  4.8064478e-13  1.0082021e-12 -2.8986838e-12
   414 : -7.1506591e-03 -1.6620777e-03  2.3156471e-03
   415 :  1.7316708e-02  1.1762035e-02  1.3460107e-03
   416 : -2.6808959e-08  8.7972214e-09  9.9985048e-09
   417 : -2.4050327e-03 -8.0192171e-03 -1.2552454e-02
   418 : -6.5551886e-04  1.7552733e-03  4.0577748e-03
   419 :  1.5263952e-10 -3.0067958e-10  1.0871388e-11
   420 :  1.4407214e-10 -7.2267276e-10  5.0036771e-10
   421 : -1.3067880e-08  6.9368634e-08 -8.4299347e-09
   422 : -1.7249352e-03  9.0054298e-05 -2.7796901e-03
   423 :  7.5973295e-03 -3.2700522e-02 -2.1034153e-02
   424 :  6.1753175e-06  5.7190773e-06 -4.8050307e-07
   425 :  4.5571302e-07  3.3226692e-09 -3.8260667e-08
   426 :  5.7565879e-06  7.9381088e-06 -2.0279958e-05
   427 : -1.2770802e-04 -1.3421816e-04  1.4164549e-04
   428 :  1.4701026e-05 -2.0963373e-05 -9.7518974e-06
   429 : -1.3666247e-02 -5.5603836e-03 -2.4352260e-02
   430 : -1.8595863e-03  9.4884308e-03 -2.2941965e-03
   431 :  2.0135817e-03  1.8430207e-02  2.1296193e-02
   432 : -2.0481018e-04 -2.1866898e-03 -1.7428804e-04
   433 : -2.6618145e-12  1.7063088e-12  3.0624367e-12
   434 :  6.2583335e-03 -6.2842623e-03  3.3501861e-03
   435 :  1.7554353e-02 -9.1082887e-03  8.6910353e-03
   436 : -5.1119503e-07  3.2146051e-07  1.4742563e-06
   437 : -2.5635242e-02 -1.2159153e-02 -1.2407466e-02
   438 :  3.4290323e-03  4.0409385e-03  2.8642042e-03
   439 :  1.3640896e-03  2.8680580e-03  3.3376179e-03
   440 : -1.1120755e-08  3.6844271e-08 -9.7704535e-09
   441 : -7.1819476e-13 -3.7787257e-13  3.2933363e-13
   442 :  1.8933862e-03  1.2080570e-03  4.6991204e-03
   443 :  1.8939887e-02  2.4241897e-02  3.0285519e-02
   444 : -1.1186909e-03  1.1149376e-03 -1.2755470e-03
   445 :  9.8281890e-03  1.8349840e-03  2.3069356e-03
   446 : -9.6758572e-03  3.2348746e-04  5.9101734e-03
   447 :  3.6364035e-03 -3.2784278e-03  2.5887031e-03
   448 :  6.8629737e-03  1.4050474e-02  3.4053085e-03
   449 : -1.1067755e-12 -2.3119755e-13 -1.7769057e-12
   450 : -1.5271319e-13  2.1518801e-13  5.0696874e-13
   451 :  7.3454654e-03  6.4953775e-03  9.5291449e-03
   452 : -3.5405461e-03 -6.1173385e-03  5.1056813e-03
   453 :  2.4575759e-03 -5.8347539e-04  6.6668891e-03
   454 : -1.0813400e-02 -8.2853113e-03 -1.4401461e-02
   455 : -5.7165350e-05  1.4043368e-05 -2.1207883e-05
   456 :  1.1855844e-02 -7.2082599e-03 -6.8015668e-03
   457 :  5.8583408e-13 -9.9637925e-13 -8.3788041e-13
   458 :  6.1620200e-05  9.3457294e-05  1.1414842e-04
   459 :  1.0671657e-02 -1.4911694e-02 -2.4877633e-02
   460 : -1.3080957e-03  1.1952293e-02 -1.1711921e-03
   461 : -1.8272080e-03 -6.2203436e-04  3.0102014e-03
   462 :  1.8159470e-02  6.2190674e-03  3.1762924e-02
   463 : -1.1724472e-10  3.8951722e-09  1.2646613e-08
   464 :  7.4571960e-03 -3.0122975e-03  2.7258261e-03
   465 :  1.1670510e-02  8.7853710e-03  1.3757080e-02
   466 :  4.3394509e-03 -2.0625654e-03 -6.4776353e-03
   467 :  1.2420396e-08 -7.2332425e-09 -8.0403671e-09
   468 :  1.0413231e-07 -5.3872706e-07  1.1860127e-07
   469 :  2.0234174e-14 -1.5461542e-14 -1.4395333e-14
   470 :  1.0010012e-12 -1.0841457e-12 -1.9672376e-13
   471 :  7.3493753e-06 -1.2741269e-06  4.6728934e-08
   472 : -2.9315418e-08  9.1372595e-08  5.4463013e-08
   473 :  1.3795029e-02  8.5729694e-03  2.2042751e-03
   474 : -2.2218608e-10  4.4274298e-10  2.5253815e-10
   475 : -1.9461779e-06  3.9923337e-06 -9.4938402e-07
   476 :  6.0542846e-06  2.0423678e-06 -1.5807170e-07
   477 : -2.1907688e-15 -1.6328520e-14  1.0681560e-13
   478 :  5.5704987e-03 -2.1186690e-03 -1.0003834e-02
   479 :  5.2262233e-15 -1.3514818e-14  2.5911993e-15
   480 :  3.2263207e-03  3.5504599e-03  7.5022945e-03
   481 : -2.6682865e-05 -8.1823093e-06  2.7028141e-05
   482 :  1.2287587e-09 -6.7670100e-09  2.4609965e-09
   483 : -1.2962316e-03  7.0391772e-03  4.2983878e-03
   484 : -3.0933914e-02 -1.8400458e-02 -2.1473810e-02
   485 :  4.9526803e-03  1.1774351e-02  4.9204906e-02
   486 : -4.3461698e-03 -1.5604897e-02 -2.9224006e-03
   487 :  1.6017259e-02  3.7457537e-02 -1.1725340e-02
   488 :  5.3113318e-03  2.9377849e-03  3.7906513e-03
   489 :  1.9107405e-10  7.7206824e-11 -4.8764547e-10
   490 : -5.5429804e-09 -2.3702063e-09  3.1183870e-09
   491 : -1.8240994e-09 -3.1399829e-09  2.3293397e-09
   492 : -2.0446990e-02 -3.6425633e-02  1.5366058e-02
   493 : -3.5308643e-03 -3.7249325e-03 -4.0798797e-03
   494 : -2.3968583e-03  9.0275363e-04  3.2293327e-03
   495 :  5.3368297e-04  2.0646401e-03  1.8180361e-02
   496 : -3.5809086e-07 -1.9116273e-06  2.9263110e-06
   497 :  2.6463673e-13  4.3523869e-12 -2.8925980e-12
   498 : -6.9890631e-11  5.2860577e-11 -7.2384676e-11
   499 :  3.0659912e-03  5.4626351e-03  3.5498147e-03
   500 : -1.2560142e-13  9.6993836e-14  1.1057576e-13
   501 : -3.9469484e-14  1.3630889e-13  3.1767654e-14
   502 : -1.4789113e-04  1.3700313e-02 -5.5133054e-03
   503 :  2.4763418e-03 -2.2293013e-03  2.4581634e-03
   504 :  1.5106080e-02  6.4231293e-03  1.7172233e-02
   505 :  5.0986983e-03  3.8030216e-04 -6.1710160e-03
   506 : -3.9745234e-09  1.1757389e-08  3.8910473e-09
   507 : -4.6808008e-08  5.7060718e-08 -1.9006482e-07
   508 : -3.8521044e-08 -1.4747477e-07  2.5502228e-08
   509 : -1.1067608e-03  9.0963804e-05  1.0410270e-02
   510 : -7.3236289e-08 -7.5361916e-07 -1.2236946e-07
   511 : -1.5923186e-03  4.6628228e-04  2.0225068e-03
   512 :  1.5830239e-05  3.3005373e-05 -5.2119380e-05
   513 :  5.5550425e-03  1.9736616e-02  1.4047580e-02
   514 :  2.3248539e-02 -2.2211777e-02 -8.0371596e-03
   515 : -1.2581120e-02 -2.6063559e-02  2.6439674e-04
   516 : -1.9437270e-08 -2.5438866e-08  7.3173946e-08
   517 : -3.0967062e-03 -3.8059053e-04  4.0358043e-03
   518 : -2.8663638e-03 -8.2454899e-03  1.6042799e-02
   519 : -1.9504171e-03  2.7970163e-03  7.9505396e-03
   520 : -1.9237131e-03 -2.3926330e-03  4.1532003e-03
   521 : -6.3011808e-03  2.6362758e-03  2.0207371e-03
   522 : -1.3455908e-02 -7.1329404e-03 -1.4273551e-02
   523 :  1.4883770e-02  1.6271619e-01 -1.5666304e-01
   524 : -5.9334379e-03 -1.1426464e-01  1.2749767e-01
   525 : -1.2045874e-03  3.2614423e-02  2.3259338e-02
   526 : -2.4894658e-05 -7.2844739e-06 -3.8319044e-06
   527 :  4.2594687e-11  8.2417086e-11 -2.0226606e-10
   528 : -8.3943586e-03  8.0403971e-03  5.0697611e-03
   529 : -1.6400168e-02  4.2921241e-03  6.5344883e-03
   530 : -3.0237464e-03 -7.9104482e-05  6.6830740e-04
   531 :  1.1169379e-03  4.0427547e-03 -6.4947669e-03
   532 :  2.4796241e-04 -1.2985494e-03 -1.2007137e-03
   533 : -1.0546732e-15  5.9618937e-16 -3.9077661e-16
   534 :  2.2474847e-16  8.0084813e-16 -1.7536243e-15
   535 :  1.6942058e-09 -2.3610398e-09  3.0468503e-10
   536 :  3.2120438e-03 -6.4264035e-03 -3.8904101e-03
   537 :  2.4812579e-03  2.6135010e-03  9.0887149e-03
   538 : -1.5963851e-02 -2.1519089e-02 -1.5976360e-02
   539 :  1.9767378e-10 -6.8878312e-10  1.6646479e-10
   540 : -4.4551173e-09  1.4170755e-08  3.6643653e-09
   541 :  4.6373221e-08 -7.2087894e-10 -1.0825821e-07
   542 : -2.6728153e-03  6.7304327e-04 -2.4833361e-03
   543 :  3.3758668e-11  3.7807040e-11 -2.0707740e-11
   544 :  1.7906839e-03  1.8107643e-02  1.0307363e-02
   545 : -9.8867124e-07 -4.2845598e-07  1.2591609e-06
   546 :  1.1618001e-02  8.2877888e-03  7.2873981e-03
   547 : -3.4052993e-09  7.1641034e-09 -1.0966166e-09
   548 :  3.3331764e-03  4.5785826e-03  1.5936194e-03
   549 : -8.2517305e-08  7.4309816e-08 -4.6495993e-07
   550 : -5.6748460e-03  4.6528057e-03 -2.2726324e-02
   551 : -1.7015424e-03  5.2024593e-03  7.3956640e-03
   552 : -3.2703703e-03 -4.6124932e-03 -5.1331705e-03
   553 :  2.0007341e-02 -2.2288276e-02 -3.1993415e-03
   554 : -2.7616934e-07 -3.7859464e-08 -3.4597136e-07
   555 : -1.9810916e-03 -6.7040430e-04 -1.6191109e-03
   556 :  4.0366168e-08  8.9144709e-08  3.3224731e-08
   557 :  2.0651255e-03 -1.9225202e-02 -1.6967391e-02
   558 : -7.7404483e-03 -7.3964718e-04 -1.6005613e-03
   559 : -4.4027196e-03  4.8905396e-03 -3.5313680e-03
   560 :  4.0198870e-03 -5.2881499e-03 -2.5430441e-02
   561 : -5.6047862e-03 -6.2224066e-03  1.1667375e-02
   562 : -2.9582600e-04  4.1053852e-04 -2.2987166e-04
   563 :  4.8893609e-13 -1.8842238e-13  1.8884767e-13
   564 :  7.9704105e-03  5.1353455e-03  8.0957812e-03
   565 :  3.5620493e-03  6.0720702e-05  3.9920388e-03
   566 : -2.9734060e-08 -4.6817446e-09  9.6972537e-08
   567 : -5.6888359e-03  1.0476545e-02 -3.7262303e-03
   568 : -2.0476752e-03  7.7520594e-03 -1.8114276e-02
   569 :  7.4839433e-03  5.8485430e-03  3.9215490e-03
   570 : -7.2712842e-07  6.1213928e-07 -3.6553101e-07
   571 : -2.3653446e-03 -2.7886519e-03  7.5328766e-05
   572 :  1.4921954e-13  4.2931663e-14  1.4725481e-15
   573 : -4.1654692e-03  4.8728250e-04  5.6965299e-04
   574 : -5.9794498e-03 -6.5100066e-03 -2.9212410e-03
   575 : -9.3180913e-03 -1.1163893e-02 -1.4602383e-02
   576 : -6.7177550e-03  7.2755753e-03  1.7223076e-03
   577 : -1.3924369e-02 -1.0065468e-02 -1.3484246e-02
   578 :  2.3149846e-15 -1.8546046e-14  9.0191876e-15
   579 :  5.3107651e-03  4.0337014e-03  4.1094482e-03
   580 : -7.2145055e-03 -3.2205224e-03  1.6001835e-03
   581 : -2.6978041e-07  9.4966525e-07  2.8506212e-07
   582 :  2.9813772e-15 -1.7462755e-14  5.9658502e-15
   583 : -1.6698205e-05  3.1590045e-05 -2.8947591e-05
   584 :  1.0152902e-12 -2.3090944e-12  9.3474663e-13
   585 : -3.2126916e-03  1.6582271e-03  3.8440325e-03
   586 : -1.1754599e-08  3.7136894e-08 -5.2709885e-09
   587 :  5.8266338e-06 -1.4686999e-05 -2.3549113e-05
   588 :  7.4672070e-08 -7.8381980e-09 -1.8237410e-08
   589 :  2.8276535e-02 -6.3471890e-03 -1.2450738e-02
   590 : -5.2483278e-03 -6.1334123e-03 -3.9878381e-03
   591 :  3.1894462e-14 -4.8021248e-14 -3.0385627e-14
   592 : -2.1039339e-07 -1.8435966e-10  2.6239365e-07
   593 :  5.4851934e-04 -8.8982074e-04 -1.1042614e-03
   594 :  1.1828853e-04 -4.5768325e-04  2.1650694e-04
   595 :  2.5188420e-02  1.4242319e-02  2.2385851e-02
   596 : -2.4245693e-02 -2.6319366e-01  2.5264982e-01
   597 : -6.8034754e-04  8.2389747e-04 -1.6582955e-03
   598 : -1.9725079e-05  9.5272352e-06 -2.0977219e-05
   599 :  4.8260834e-04  1.0185422e-02  1.5709590e-02
   600 :  1.7203541e-02 -1.2777142e-02  9.0515769e-03
   601 : -2.2983092e-05  1.2054227e-02  5.1314169e-03
   602 : -9.1073947e-09 -1.4284720e-08  3.3015171e-09
   603 :  1.6028146e-10  3.7099848e-10 -1.5832265e-10
   604 :  1.2056922e-05 -6.2826823e-06  5.2456527e-06
   605 :  3.2516503e-05  3.5137169e-04  2.8889739e-04
   606 : -4.8169942e-03 -1.4324901e-02 -6.8085262e-03
   607 : -4.2947916e-03  1.0989564e-02  1.3786866e-02
   608 :  1.1694376e-08 -7.9672168e-10  1.3117588e-08
   609 :  1.4763236e-06  7.4227299e-07  5.8369380e-07
   610 :  4.4118455e-11 -7.6036942e-11 -9.3690798e-11
   611 :  8.2893391e-04  8.9794985e-03  1.2415753e-02
   612 :  3.7756812e-03  2.8624545e-02  3.1393430e-02
   613 : -7.5807827e-04  2.6194510e-03  1.4763268e-02
   614 : -4.1389557e-02  3.5711748e-03 -7.9359627e-02
   615 : -9.9079841e-03  1.9765298e-02  2.6282851e-02
   616 : -3.0259025e-11  4.7596737e-11  2.6312452e-11
   617 :  9.5197672e-03  8.8373129e-03  1.6620045e-03
   618 : -9.2740564e-05  5.2660492e-05  5.6513664e-05
   619 :  1.8523257e-08 -2.2989285e-08 -1.7392810e-08
   620 :  2.0200272e-04 -1.2134740e-04  6.8794705e-05
   621 :  1.1813685e-02  3.2657476e-02  3.4332674e-02
   622 :  4.8026336e-03  8.2797439e-03  1.4621061e-02
   623 :  1.7087155e-03 -1.3142641e-03 -1.2251740e-03
   624 :  1.0224348e-02  2.3347727e-03  7.6967222e-03
   625 :  1.2315352e-02  1.6513876e-02 -9.9513173e-03
   626 :  4.8319634e-15 -2.9509125e-14  8.6016539e-15
   627 :  1.2103485e-09 -4.2463095e-09  1.5641084e-09
   628 :  8.0338974e-05  9.6176153e-05 -7.6153045e-05
   629 :  1.1756902e-02 -5.9631395e-03 -2.6500520e-03
   630 : -5.2536964e-04 -9.0864007e-03 -7.0426177e-03
   631 :  5.9717659e-04  1.2844111e-02  2.0103774e-03
   632 : -1.6981207e-11  3.1212287e-11  5.2366119e-12
   633 : -3.1130175e-03  7.2371197e-03  1.0122412e-02
   634 :  4.9700608e-03  7.1783475e-03  1.5055473e-02
   635 :  1.1491865e-03  2.6339623e-03  3.6615791e-03
   636 : -5.8999110e-03 -1.9175134e-03  2.0225548e-03
   637 :  9.3202633e-03 -1.1225962e-02  2.6251057e-03
   638 :  1.2639989e-02  1.2060926e-02  1.1923149e-02
   639 : -7.7538861e-03 -5.0893984e-03  3.0196894e-03
   640 : -9.9245333e-03  3.8711777e-03 -7.0268123e-03
   641 : -3.6824688e-08  9.4372744e-08  3.7051797e-10
   642 :  3.4971343e-02  9.4343773e-03 -8.1633576e-03
   643 : -3.3806182e-03 -1.6857892e-04 -6.4614449e-03
   644 : -3.3308369e-02 -1.8246306e-02 -2.3760715e-02
   645 : -6.6980014e-03  1.4753508e-03 -1.2833982e-02
   646 :  1.2927657e-03 -3.9272346e-03  1.3539804e-02
   647 : -3.0188905e-03  1.2095392e-02  4.4897967e-03
   648 :  1.8461295e-03 -1.7704026e-03  8.2560525e-03
   649 : -8.8206835e-04  7.2706173e-03  4.4201783e-03
   650 : -2.2887023e-04  1.1284037e-02  7.2653620e-03
   651 :  3.8315231e-02 -1.2632253e-03 -1.6432438e-02
   652 :  2.2711354e-02 -4.3108392e-03  2.3489165e-02
   653 :  6.4578021e-03  1.1974921e-02  6.2755368e-03
   654 :  6.3331539e-06 -3.1711891e-07  2.8271835e-06
   655 :  8.7942254e-03  2.6728610e-02  7.2187414e-03
   656 :  3.5796038e-03 -1.3469980e-04 -7.0405838e-05
   657 : -6.9477116e-03 -8.7676980e-03 -1.1226821e-02
   658 :  1.8133153e-03  8.9615633e-03 -5.0264606e-03
   659 :  1.2773810e-02  1.5426311e-02  8.6807079e-03
   660 :  1.1507667e-02  4.0438302e-03  1.5186010e-02
   661 :  6.4155267e-03  2.1568100e-02 -2.2170395e-04
   662 :  3.4215097e-04  1.1659258e-04 -3.4709013e-04
   663 : -6.7936796e-03  6.7801921e-04 -4.7447950e-03
   664 : -9.7954181e-03  9.5914943e-03  7.7294031e-03
   665 :  4.5303451e-03  2.4882146e-03  2.7243888e-03
   666 : -3.0661324e-12 -3.9531140e-12  6.3183530e-12
   667 :  1.0376429e-06 -2.9232521e-07  2.4247213e-07
   668 : -3.4055188e-03  2.8574556e-03 -3.5332435e-03
   669 :  2.8132097e-15 -1.3358927e-14 -1.3905358e-14
   670 :  1.5768699e-03 -3.5884751e-03 -5.7839285e-03
   671 : -1.0610827e-02 -7.0564460e-03 -1.0410640e-02
   672 : -4.8219249e-03 -3.5236406e-03 -3.2622128e-03
   673 : -1.2557804e-03 -6.8834512e-04  2.5146633e-04
   674 : -2.6682602e-04 -6.5413259e-05 -1.1621919e-03
   675 :  3.4710924e-03 -1.3151042e-03  6.5926163e-03
   676 : -1.6142285e-02 -1.8305898e-01  1.7733551e-01
   677 :  4.0840058e-03 -2.5403475e-03  5.6323789e-03
   678 : -3.2822708e-03 -2.1569756e-03 -4.0099191e-03
   679 : -3.2626020e-03  1.6563297e-03 -3.2288379e-03
   680 :  1.2824774e-02  6.9479650e-03  1.1560820e-02
   681 : -1.7928565e-07 -2.2527778e-08 -4.8661853e-08
   682 : -9.3734751e-08  1.8152093e-08 -1.7364881e-07
   683 :  1.2708412e-06  4.8352638e-07 -1.0856759e-07
   684 :  7.1186532e-09 -1.0438388e-08 -1.0966168e-08
   685 :  4.8565066e-03  1.1591941e-02  7.9271212e-03
   686 :  3.1218833e-03  5.1723582e-03 -2.4631952e-03
   687 :  5.3448919e-08 -1.5267108e-08  1.1571692e-07
   688 : -1.0491770e-03 -2.5683709e-03  4.0252594e-03
   689 :  7.4826397e-03  1.1667621e-02  8.8650432e-03
   690 :  1.3643693e-02  6.8795320e-03  9.2424953e-04
   691 : -2.2095189e-03 -9.8740263e-03  2.1808727e-03
   692 :  5.9195743e-03  9.2648769e-03 -1.2787643e-02
   693 : -4.2303864e-15 -1.6796884e-14 -1.7622284e-14
   694 : -3.2241940e-10 -1.0885081e-09  5.0045979e-10
   695 :  6.8080011e-03  8.3694042e-03  4.2527097e-03
   696 : -7.0949268e-03 -3.4784483e-03 -3.7580725e-03
   697 :  2.2233693e-02 -2.1149326e-02 -2.0361525e-02
   698 :  8.5549624e-04  3.8234306e-03  8.9740394e-04
   699 :  1.5887661e-04  2.9596641e-04 -6.3892402e-04
   700 : -1.5524362e-13 -4.4130199e-14  3.4549532e-13
   701 : -4.3644250e-13  9.0101063e-12 -4.2938895e-12
   702 : -1.3356598e-06  1.8648619e-06 -7.5085336e-07
   703 : -9.0578141e-03 -9.2716226e-03 -9.1922959e-03
   704 :  1.9233491e-02  2.9642479e-02 -2.8229988e-02
   705 :  7.1991072e-09  2.3679235e-08 -4.7606914e-09
   706 : -2.0877639e-01  1.9904838e-01  3.1744488e-02
   707 :  2.2372953e-02  2.0856075e-02  3.0849338e-04
   708 :  1.4081815e-02  8.9654428e-03 -7.2200297e-04
   709 :  8.1797640e-03  1.5541098e-02  1.0504904e-02
   710 :  6.7558472e-05 -3.4919194e-05 -5.2298937e-05
   711 :  1.1310857e-02  1.0437851e-02  2.2366720e-02
   712 : -1.9757465e-04  4.6804589e-03  1.2642756e-03
   713 :  8.5590598e-03  1.1997519e-02  4.4122078e-03
   714 : -1.3545100e-02 -1.0953113e-02 -1.4654358e-02
   715 :  6.1819632e-03  7.9394481e-03 -4.5788108e-03
   716 : -2.9012017e-10  5.4020496e-10 -2.7901692e-09
   717 : -2.9382386e-03  3.6728736e-03  3.2681867e-03
   718 :  7.5570726e-03  2.6892646e-02 -1.0728959e-03
   719 : -8.0790209e-03 -9.2537750e-03  7.6793125e-03
   720 : -7.1616082e-03  2.8660838e-03 -9.3811888e-03
   721 :  2.3556982e-02 -3.8518353e-02  4.1058882e-03
   722 : -4.5348557e-08 -1.5274370e-07  4.6461647e-08
   723 :  8.9049408e-08  2.5482988e-06 -2.0501993e-06
   724 : -1.6744311e-07 -1.6783671e-08 -5.5032876e-08
   725 :  1.4228224e-03  4.6313292e-03  5.8092468e-03
   726 :  9.2589367e-05 -2.1623521e-03  2.7839847e-04
   727 : -1.3646071e-03  1.0609488e-03  6.3117814e-03
   728 : -3.0039876e-03  2.3791861e-03  3.2120343e-03
   729 : -1.0134884e-02 -3.6019561e-03 -6.7084712e-03
   730 :  5.9199815e-03  1.0268340e-02  8.0223335e-03
   731 : -1.9848773e-07  1.6644009e-07 -1.9069042e-08
   732 :  2.1803979e-04  3.3316631e-05 -2.6656115e-05
   733 : -5.7665724e-03 -5.7733863e-04  4.4629059e-03
   734 : -1.5352133e-02 -6.0526757e-01  7.0938152e-01
   735 : -1.3132712e-02 -8.1095850e-01  7.8265599e-01
   736 :  6.6727047e-04  1.2361613e-02  1.1952037e-02
   737 :  6.4568229e-03  2.0520522e-03  1.2726031e-02
   738 : -3.7637511e-03  1.6964586e-03 -1.8568394e-03
   739 :  3.4428279e-03  4.3112467e-03  6.0394454e-03
   740 :  5.8922635e-03  9.7725275e-03  5.4688475e-03
   741 : -4.7500036e-03  1.7663504e-03 -6.9018505e-03
   742 :  2.8043690e-02  2.3202500e-02  7.3352954e-03
   743 : -1.8790112e-03 -1.7895838e-03 -1.4160847e-03
   744 : -3.8858231e-02 -3.8737736e-03 -2.2107182e-02
   745 :  3.1019923e-08 -1.3395033e-07 -2.1210947e-08
   746 :  2.5645348e-06 -5.8921212e-07 -1.7478170e-06
   747 :  1.7736758e-04  9.6876738e-05 -1.3533813e-03
   748 :  6.7533490e-03  6.7506082e-03  6.7948724e-03
   749 :  1.4040075e-03  6.3340378e-03  2.5124034e-03
   750 :  6.1869726e-09 -6.5311966e-09  3.1773462e-08
   751 : -1.3380202e-02 -1.4831192e-02 -1.8092903e-02
   752 :  1.7099384e-03  2.0372290e-02  3.0386714e-02
   753 :  5.4430303e-03  7.2384837e-03  6.3294808e-04
   754 : -2.7023585e-06 -1.0811759e-05  9.3772434e-06
   755 : -1.5485176e-02 -7.7203836e-03 -3.3352643e-02
   756 :  1.6219338e-03  2.0877894e-02  1.3960123e-02
   757 : -3.2120273e-14 -2.0509260e-14  2.2716701e-14
   758 : -9.5083487e-03 -4.4760169e-02  1.3476906e-02
   759 :  8.1792836e-03  2.3818102e-02 -3.3578277e-03
   760 : -9.7884642e-04  9.7353379e-04 -9.2790722e-04
   761 :  3.0454853e-03  5.4203819e-03  4.7961695e-03
   762 : -9.0694383e-03  7.0234894e-02 -7.2921973e-02
   763 :  1.9769713e-10 -3.0632178e-10  9.2123984e-11
   764 :  3.0245746e-12  9.8327519e-11 -5.4390969e-11
   765 : -1.4784925e-02 -1.3539291e-02 -1.7795109e-02
   766 : -1.6284448e-03 -3.2852135e-04 -3.5940806e-03
   767 : -3.1990106e-02  2.3313284e-01 -2.8996785e-01
   768 : -3.2628904e-08  4.2836500e-08 -1.0768105e-07
   769 : -1.5744511e-02 -1.2145157e-02 -1.8836246e-02
   770 : -9.9128725e-03 -4.9783496e-03 -2.2319113e-02
   771 : -2.7340992e-03 -1.5505942e-02  6.3940174e-03
   772 : -2.7451848e-03  2.0934834e-03 -1.2973576e-04
   773 : -5.0753818e-03  1.6856058e-03  8.7504378e-03
   774 : -2.1461062e-02 -1.8786580e-02 -1.6727236e-02
   775 :  3.4071433e-02 -1.7661817e-01  2.0721403e-01
   776 : -2.4155407e-03  6.0941647e-04  5.2729449e-03
   777 :  5.0980589e-03  6.9729576e-03  4.6947167e-03
   778 : -2.5605226e-03 -2.5613588e-03 -1.6735716e-03
   779 : -1.5974934e-06  9.5784100e-06 -2.9664890e-06
   780 :  2.0525303e-02 -5.7441048e-04 -2.5945035e-02
   781 :  2.0276784e-08 -3.4626030e-09  3.0523203e-08
   782 : -8.2325367e-15 -3.0055769e-16  1.6561744e-14
   783 : -2.6789784e-02  2.5245969e-03  5.0901258e-03
   784 :  1.1272945e-02 -4.7555951e-02  3.5418285e-02
   785 :  2.3639177e-08  1.4750087e-08  5.1427320e-08
   786 : -8.2217595e-03 -2.5560171e-02 -3.2712501e-02
   787 : -9.1824191e-03 -7.7673043e-03 -1.3226370e-02
   788 : -3.9307771e-08  3.4486544e-08  3.8438808e-08
   789 :  7.9009747e-07 -2.8426189e-06  2.5804911e-06
   790 : -5.9483917e-03 -2.3808687e-03  1.1122041e-02
   791 :  2.2755046e-03  4.4210498e-02 -9.3778273e-02
   792 : -3.3638348e-04  2.2490214e-03 -2.1608449e-03
   793 : -3.8687572e-03  6.4985868e-04  2.2153178e-03
   794 : -1.5107301e-03 -4.8504024e-03 -4.2967805e-04
   795 : -8.2017874e-04  2.2302993e-03 -4.4002448e-03
   796 :  2.1979378e-04  5.1367095e-03  1.6177260e-03
   797 :  1.7909777e-08 -8.7451891e-08  1.7324759e-07
   798 :  5.2321207e-03  4.9232879e-02 -4.9041050e-02
   799 :  2.2155053e-04 -1.5361996e-03 -1.8927139e-03
   800 : -1.3660387e-02 -1.4377728e-02 -1.7618014e-02
   801 :  2.8085136e-06 -2.2354013e-06 -4.3165620e-06
   802 : -1.7746871e-02 -4.4819299e-01  4.3599363e-01
   803 :  1.4643772e-04 -8.0094767e-04  3.5335170e-04
   804 : -1.4053329e-02 -1.8075028e-02 -1.7909213e-02
   805 :  9.3209819e-03 -1.3184291e-03  7.8412965e-03
   806 :  1.3698099e-05 -6.1580691e-06  5.5631088e-06
   807 : -2.6776785e-08 -1.6424728e-07  2.8938934e-08
   808 : -2.1452772e-02 -1.9378978e-02 -1.9222580e-02
   809 : -2.4450043e-03  3.0059172e-03 -2.4490100e-03
   810 : -8.2211250e-08  5.7296595e-07 -8.2525653e-07
   811 :  8.6076881e-15  4.9771265e-16 -8.1385392e-15
   812 :  1.5031619e-02  1.0348858e-02  9.7833978e-03
   813 : -3.4768817e-03 -1.7912873e-01  2.0223811e-01
   814 :  3.5358336e-14  2.0623204e-16 -3.5917749e-14
   815 : -2.8452992e-16 -1.1137642e-17  5.9094271e-16
   816 : -7.6392684e-12  4.1435416e-12  1.6487328e-12
   817 : -1.0245419e-13  2.5683839e-13 -7.5381578e-14
   818 :  1.5487628e-14 -4.6835395e-14  2.8681464e-14
   819 :  1.4003625e-02 -5.5731478e-03 -3.7993115e-03
   820 : -1.9025883e-14  5.8006182e-14 -1.2698568e-14
   821 :  1.2469163e-02  9.6631622e-02 -5.5173482e-02
   822 :  2.0824625e-02 -6.2119046e-02  2.1091857e-03
   823 : -1.3422393e-05  1.5212155e-05 -1.3749960e-05
   824 :  3.0710084e-04 -5.6577244e-04 -6.3846394e-04
   825 : -3.7652592e-10 -3.9166345e-10  1.4681691e-09
   826 :  3.6158046e-03  2.8470575e-02 -3.5034019e-02
   827 :  5.5844766e-06 -4.4305829e-06 -5.3224980e-07
   828 :  1.1308405e-05 -1.1494284e-03  5.3945234e-04
   829 :  4.9836380e-03 -4.4069690e-02  6.3436430e-02
   830 : -2.5748122e-03  1.0160029e-02 -1.7273545e-02
   831 :  1.8225418e-02 -3.9215270e-01  3.7239526e-01
   832 :  3.1913607e-03  3.8341600e-02 -3.0571690e-02
   833 :  1.4301014e-02  6.7217015e-02 -2.3578181e-02
   834 :  1.3064121e-13 -1.1094592e-13  2.1280585e-13
   835 : -1.2879656e-15  2.1960455e-15 -3.9858992e-15
   836 :  1.7534399e-02  5.8616500e-03  6.2638452e-03
   837 :  9.8087778e-08 -1.8893285e-07 -3.3118606e-07
   838 : -3.5800398e-03 -5.8891177e-03  3.5049476e-03
   839 :  6.3286044e-04 -7.6750406e-04 -8.1153013e-04
   840 : -6.9761829e-07  4.6450314e-07 -1.7234928e-07
   841 : -2.0170316e-05 -1.2490332e-06  2.4597449e-05
   842 :  1.2750675e-02  4.2323519e-03  6.7114882e-03
   843 :  2.0295196e-06 -1.5613624e-06  5.2361432e-06
   844 :  1.5764531e-02  1.2054694e-02  2.1903323e-02
   845 : -6.7278655e-10  1.5324703e-10 -9.3648439e-10
   846 : -6.0182160e-03 -1.6110634e-01  1.4499401e-01
   847 :  1.0495387e-02  6.9960185e-03  2.8206078e-03
   848 :  1.1881124e-16 -1.2786337e-16  1.0745484e-17
   849 :  1.4230752e-04 -1.1090396e-03 -7.2698354e-04
   850 : -2.5103205e-04  5.3605562e-04 -8.4874929e-04
   851 : -1.1843464e-04  1.6437986e-04  6.9495448e-05
   852 : -1.2547355e-10  2.9801537e-10 -1.3400632e-10
   853 : -6.9559358e-03  1.3724994e-02 -1.5796351e-02
   854 : -1.4055477e-17  9.8891704e-19  2.7006958e-17
   855 : -1.2327689e-02 -6.1399027e-03 -7.5488839e-03
   856 :  1.4754821e-02 -9.8006389e-03 -1.2128312e-03
   857 : -8.2876806e-03 -8.1467825e-03 -3.7039306e-03
   858 : -2.0148865e-03 -1.2616276e-02 -2.3334070e-02
   859 : -4.9240531e-10  7.9190875e-10  7.2633366e-10
   860 : -2.4967804e-02 -1.6692157e-02 -2.1381890e-02
   861 : -2.1123675e-03  2.2086705e-02  6.7690941e-04
   862 :  7.7249356e-03  2.0096208e-02  1.7887697e-02
   863 : -1.4152400e-03 -2.1860965e-03 -3.5956157e-03
   864 : -3.4113219e-03 -1.6433506e-03  1.0725558e-03
   865 : -1.5934636e-03  6.9714858e-03 -2.5019462e-02
   866 :  7.2315721e-02 -2.8093673e-02 -6.2966375e-02
   867 :  8.5183570e-04 -2.3202374e-04  2.8985358e-03
   868 : -4.7745065e-03  2.4202202e-03  1.2233818e-02
   869 :  3.4215262e-03  1.2360853e-03 -3.5925769e-03
   870 :  3.0750608e-03  3.2358847e-02  1.0635220e-02
   871 :  4.6361695e-03  8.8990416e-03  8.0079377e-03
   872 :  5.9479730e-04  2.8038819e-03  1.0077898e-02
   873 :  1.5227166e-03 -9.5407679e-03 -1.0697420e-02
   874 : -1.0881980e-02 -7.2011791e-03  2.2535560e-03
   875 : -1.2277659e-05  2.3057519e-06 -2.7074683e-06
   876 : -1.0300495e-05 -6.8016546e-06 -5.1131337e-06
   877 : -1.7663976e-13  2.1393723e-13 -2.5691542e-13
   878 : -9.2447708e-12  2.3159109e-11 -5.3045748e-12
   879 :  2.2620087e-05  1.7553756e-05 -6.2859673e-05
   880 : -2.7413639e-04 -1.2889153e-04  1.9241222e-04
   881 :  8.3924827e-14 -2.0815341e-14 -3.8699205e-14
   882 : -1.3606168e-13  2.0294900e-13  1.7919876e-13
   883 :  2.0594767e-06 -1.6622366e-06  2.1302616e-06
   884 :  3.8748774e-06 -6.6508781e-06  4.6131066e-06
   885 :  1.9736555e-02 -3.1107455e-03 -3.6368301e-03
   886 :  3.4593410e-03  1.5948283e-02  1.6653639e-02
   887 : -2.1909939e-02 -2.3793157e-02 -6.4006146e-03
   888 : -6.3685375e-03 -1.8991134e-03 -2.3749440e-02
   889 :  4.4294495e-03  7.3296703e-03  4.0906767e-03
   890 :  3.1886404e-03  1.3180643e-03  5.1209571e-03
   891 :  1.4417936e-05 -2.1664761e-06 -7.5364948e-06
   892 : -8.5850520e-05  1.6632540e-04  5.6368092e-05
   893 : -4.7037060e-02  8.4937561e-02  2.8184720e-02
   894 : -4.4705266e-03 -1.9998064e-02 -2.4701384e-02
   895 :  1.5899116e-02  4.3737854e-03  5.0328084e-03
   896 :  2.7042204e-03  3.0639164e-03  2.5112642e-02
   897 :  1.4367382e-06 -3.8836457e-07  2.1177369e-07
   898 :  1.2720795e-06  8.8980553e-07  3.5685318e-08
   899 : -1.3693320e-03  4.0881436e-03  2.8777982e-03
   900 :  4.0996992e-03 -1.7383598e-03 -2.0389882e-03
   901 :  2.4690735e-02  3.9679643e-03  5.0051375e-03
   902 : -1.0868162e-02 -5.3639415e-03  3.3656861e-02
   903 : -4.6269612e-03 -5.0869876e-03  2.2726318e-03
   904 :  2.6131328e-03 -8.4863094e-03 -2.3676384e-03
   905 :  1.4404968e-03  1.5043714e-03 -1.4635564e-03
   906 : -8.1678288e-03  9.7177207e-03  2.9386737e-03
   907 : -8.1235992e-04 -2.4258633e-02 -7.5000184e-03
   908 :  2.9089544e-01 -4.5687812e-01 -1.2113175e-01
   909 : -1.1311321e-01  2.2972400e-02  2.1757839e-01
   910 : -1.2009585e-03  6.2550882e-04 -1.0747613e-03
   911 : -1.8076664e-03 -1.2566707e-03 -9.8122347e-04
