Number of elements 912
     0 :  1.4315155e-05 -3.3878112e-05 -1.5642918e-05
     1 :  2.0626911e-03  5.4799802e-03  4.0182652e-02
     2 : -2.4376030e-02 -1.4166731e-02 -2.3242707e-02
     3 :  1.4636357e-03 -2.2601288e-03 -5.8576836e-03
     4 : -1.3296384e-02 -7.5490636e-03 -1.1217415e-02
     5 : -2.1349805e-02  5.2435985e-04  9.6421447e-03
     6 :  2.4943375e-10  5.9208246e-11 -6.6704067e-10
     7 : -2.1686735e-02 -6.2568355e-02  6.0019254e-02
     8 :  4.7378116e-03 -2.0046149e-02  8.5237320e-03
     9 : -2.9068744e-09  3.4587082e-10  7.8021591e-09
    10 : -5.4926903e-03 -2.2698927e-02 -9.3729883e-03
    11 : -6.0373418e-11  1.1445160e-10  1.1719070e-10
    12 : -7.5261336e-03 -2.0088991e-02 -8.5730398e-03
    13 : -2.8806410e-03 -8.9250091e-03 -6.7818244e-03
    14 : -5.5824938e-04 -1.2253799e-04 -4.0853180e-04
    15 : -1.3167351e-03 -4.6831339e-03 -2.3103564e-03
    16 : -1.6512194e-11 -1.9846583e-11  4.2516666e-11
    17 :  2.2971509e-07 -2.5780935e-07  1.9819476e-06
    18 :  1.0397141e-02  2.2510268e-03  8.1326417e-03
    19 : -4.5645399e-13 -2.1150931e-13 -2.1027081e-13
    20 :  4.0805275e-07  1.6359085e-06  2.0297027e-06
    21 : -3.8471645e-03  1.1353718e-03 -2.6141849e-03
    22 :  5.5736360e-03 -5.0968768e-03 -5.4670655e-03
    23 :  5.7473075e-12  1.1403313e-11 -6.8807143e-12
    24 :  1.5731174e-02  3.7051711e-03  1.5165603e-02
    25 : -1.8110488e-15  7.2666486e-13 -2.9875409e-13
    26 : -1.1020155e-02 -2.2481071e-02 -2.4939576e-02
    27 :  1.1785008e-02 -1.2344184e-03 -2.0801585e-03
    28 : -8.6608191e-03 -4.6107277e-02  3.3481018e-02
    29 :  2.0535279e-02  1.9546098e-02  7.2776497e-03
    30 :  2.2669072e-03 -4.6073711e-03  7.7806021e-03
    31 : -1.8025398e-03 -9.6906917e-04  2.1260852e-03
    32 :  3.6579292e-09  1.6583605e-09 -9.2794602e-09
    33 : -5.1101619e-03 -3.5427426e-03 -3.7063031e-03
    34 : -1.6920622e-15 -1.0047430e-17 -5.6010262e-14
    35 : -2.0252934e-03 -2.6059730e-03 -8.1328862e-04
    36 : -1.3647023e-02 -1.5010257e-02 -2.9402074e-03
    37 :  6.6355999e-03  8.3354455e-03 -1.7322668e-03
    38 : -4.1536272e-03 -5.0823604e-03 -8.3240366e-03
    39 :  2.5240497e-02 -7.2078741e-03 -2.3782039e-02
    40 : -7.4593575e-03 -2.5666430e-01  2.8022166e-01
    41 :  1.6427499e-03  1.1116751e-01 -1.3433719e-01
    42 :  1.6929899e-12  1.3973986e-12 -1.7728456e-12
    43 :  3.6465568e-06 -4.1700814e-06 -7.3955694e-07
    44 : -7.6068066e-03 -1.8783659e-03  8.0166975e-03
    45 :  4.5238482e-06  7.9895800e-05  1.1334797e-04
    46 : -1.2949415e-04  1.9088155e-04  3.7329310e-04
    47 : -1.4292585e-08  5.3667995e-09 -1.1030708e-08
    48 :  6.6080393e-12  8.0215643e-11 -6.6800966e-12
    49 :  2.2466699e-03 -1.4577351e-02 -1.5203364e-02
    50 : -6.9383236e-03 -2.1322704e-03 -4.9268491e-03
    51 :  5.1382142e-03  8.8783597e-03  1.0169640e-02
    52 :  4.8635865e-03 -7.6675051e-03  5.7899834e-03
    53 :  2.1925531e-10  1.4120594e-10 -5.4885785e-10
    54 : -6.9358428e-03  1.1096661e-03 -4.7675759e-03
    55 : -2.3792222e-03 -4.7328727e-03 -4.7967486e-03
    56 : -4.2357272e-03 -9.3960593e-03  7.8539926e-04
    57 :  5.1242654e-03  4.2372967e-03  8.5487429e-03
    58 :  7.9527759e-04 -1.1142942e-01  1.6324059e-01
    59 : -2.6867324e-03  4.5622324e-03 -1.3203421e-02
    60 : -7.4165564e-03 -5.2652019e-03 -5.6075022e-03
    61 :  8.5262736e-04  1.2939045e-03 -2.2439509e-03
    62 : -2.5189490e-03  2.9116314e-03  2.0742837e-02
    63 :  8.1787528e-03  7.8313140e-03 -1.0315275e-02
    64 :  3.3065238e-02 -4.3014522e-02 -3.4051759e-02
    65 :  6.7354264e-03  1.8436216e-02  2.9217004e-03
    66 :  2.5270421e-03  1.4010777e-02 -2.9660154e-03
    67 : -5.4177774e-10  7.5229474e-10  1.0877269e-09
    68 :  9.6804505e-11 -1.2286596e-10 -4.1097301e-11
    69 : -6.9997679e-10  8.8696400e-10  1.0268926e-09
    70 : -2.8593004e-04  7.9309760e-05  6.5520924e-04
    71 : -6.6892930e-03  7.8919768e-04 -5.9891909e-03
    72 :  2.2904881e-13 -2.7811184e-13 -3.1697018e-12
    73 : -6.3703289e-03  5.3975738e-03 -4.5225429e-05
    74 :  1.6340957e-06 -1.6312114e-05  7.8311937e-06
    75 : -1.0102596e-07 -4.1519605e-08  1.2352586e-07
    76 : -1.9363683e-12  5.0342210e-12 -1.7080950e-12
    77 :  1.0395077e-07 -5.8796971e-08 -1.8489315e-07
    78 : -1.2153191e-09  5.1847440e-09 -1.0092674e-09
    79 :  3.3936011e-06  5.5860916e-06 -5.2410474e-06
    80 :  3.7035752e-17 -1.0458501e-16  8.6976511e-18
    81 :  2.8886610e-08 -3.9013993e-08  1.3126869e-09
    82 : -2.9411398e-02  9.8889160e-02 -1.9550341e-01
    83 :  3.8334526e-14  1.9363663e-15 -1.3467765e-13
    84 : -7.1712889e-13  2.9255107e-12 -1.1178383e-12
    85 :  3.7953986e-03  1.8179369e-01 -1.9098112e-01
    86 :  3.4134890e-07 -5.2957575e-07  1.6295488e-06
    87 :  4.2827234e-06 -1.5381485e-06 -5.0183816e-06
    88 :  1.2014132e-02  7.2372192e-03  3.8228955e-02
    89 :  1.0073554e-02  8.4538855e-03  6.0332077e-03
    90 : -6.2117774e-12 -1.4270012e-11  1.1122201e-11
    91 : -1.0699358e-02 -3.8245959e-03 -7.6746801e-03
    92 : -1.2941473e-03 -1.7360904e-03  1.3672324e-03
    93 :  4.7085164e-16 -3.8688973e-16  4.6382049e-17
    94 : -1.2373459e-05 -5.3544830e-06 -1.3334879e-06
    95 :  1.3355361e-10 -5.5885803e-11  1.9889655e-11
    96 : -2.4778402e-03 -1.8949589e-03 -7.4706321e-04
    97 :  3.5413448e-04 -1.3076592e-03  1.0758745e-03
    98 : -1.8906273e-02 -1.6466251e-02 -7.1277632e-03
    99 :  6.3299153e-10 -2.3302594e-09 -1.0615537e-10
   100 :  2.3352161e-09  1.8834576e-09 -5.8390485e-09
   101 :  1.3887839e-02  7.2280929e-03 -1.7598186e-03
   102 :  6.5149629e-05 -2.1323212e-02  3.3609640e-02
   103 :  2.2142815e-14 -1.9653388e-14 -5.0012552e-14
   104 :  2.0018436e-04 -1.2942951e-05 -2.4278794e-05
   105 :  1.8017483e-02 -3.3051712e-03 -1.1664880e-02
   106 :  1.1509928e-02  4.8529519e-03  1.9206179e-02
   107 :  2.0057707e-02 -4.6856497e-02  4.8506303e-02
   108 : -2.0601700e-03  3.2529932e-03  1.4272025e-02
   109 : -1.3070847e-03  5.7006919e-03  7.9554235e-03
   110 : -6.6075145e-03  2.0465994e-04 -8.4928916e-03
   111 :  3.1828226e-03  1.6375198e-02  1.7336120e-02
   112 : -8.8372366e-09  1.4510775e-08  9.7655716e-09
   113 :  5.2944342e-03  4.0647012e-03  9.0182683e-03
   114 :  8.8219444e-03  1.9811232e-02 -9.9946275e-03
   115 :  7.2411558e-03  2.1928978e-02 -5.2447688e-03
   116 : -1.1334692e-03  1.9280984e-03 -1.1505681e-02
   117 : -1.0694594e-02 -7.5592916e-03 -3.0062152e-03
   118 : -4.6645678e-02 -3.2946331e-03 -2.6274357e-02
   119 : -2.5838496e-10 -1.1485166e-10  4.3641280e-10
   120 : -4.2419786e-04  3.1610731e-04 -3.0581797e-05
   121 :  1.1868230e-08 -1.5047211e-07 -3.6240376e-08
   122 : -2.8418006e-03  4.4413470e-03 -1.6457449e-02
   123 :  6.6016537e-14  3.7001708e-14  1.7661113e-14
   124 :  2.7902857e-11 -8.9794461e-10  3.2011463e-10
   125 : -2.5114646e-17  7.5442066e-17 -2.6613749e-17
   126 :  8.1303725e-07  2.7086233e-07  1.5741701e-06
   127 :  1.3833474e-07 -8.8440004e-07 -7.4409965e-07
   128 :  4.3541846e-03 -1.1287650e-03 -2.6748851e-03
   129 :  2.7202637e-06 -1.7412506e-05 -2.4942417e-05
   130 :  2.8888359e-04 -2.7447026e-03 -7.7731517e-03
   131 :  1.4986990e-03 -6.2685040e-03  3.1293262e-03
   132 : -8.6934496e-03 -1.8962471e-02 -8.2345589e-03
   133 :  1.0445552e-02  1.3682276e-02  6.3340589e-03
   134 : -1.8336273e-03 -5.0937780e-05  2.6222880e-03
   135 : -1.1052890e-01 -1.6659162e-02 -2.1341505e-03
   136 :  1.0569814e-02  5.7727272e-03  1.0545156e-02
   137 : -7.4216724e-03 -1.1759649e-02 -1.7090827e-03
   138 : -1.2882192e-02 -2.5433165e-02  4.1036509e-02
   139 :  5.0949178e-03 -4.9274307e-02  4.8672647e-02
   140 :  9.1665490e-09  1.4763483e-08 -5.0897668e-09
   141 :  3.4087663e-08 -8.3972034e-08  8.7682131e-10
   142 : -6.8869214e-03 -2.3849206e-02 -6.9885083e-03
   143 : -9.6668821e-11  2.8813416e-10 -2.0935926e-10
   144 :  1.8616428e-02  1.4984150e-02  3.1816430e-03
   145 :  5.7343553e-03  4.9494159e-02 -1.4930959e-02
   146 : -8.8930669e-05  6.6387473e-05  1.2577108e-04
   147 :  5.9892353e-11  8.8233801e-12 -2.3763378e-11
   148 :  4.6331969e-05 -6.1346902e-05 -8.6643206e-05
   149 : -3.8678604e-03  3.8575650e-03  4.4227874e-03
   150 :  2.9272773e-03  3.0329324e-02  2.7769287e-02
   151 : -1.5696137e-08 -1.8737927e-07 -8.8475461e-08
   152 : -1.8046785e-05 -2.7733812e-06 -1.2238302e-06
   153 :  2.8869610e-02 -2.9050899e-02 -5.6599040e-02
   154 :  2.7463594e-16 -3.4410593e-17  3.8599472e-16
   155 : -1.2972096e-10  1.5649219e-10 -7.3649374e-11
   156 :  1.4402934e-12 -7.2321573e-12  2.7693852e-12
   157 :  5.9764964e-04 -1.0999186e-03 -4.5730474e-04
   158 : -3.3875625e-02 -6.8247378e-03  3.3028300e-02
   159 : -5.0140942e-03 -2.6313498e-04 -8.5430586e-04
   160 : -4.5986421e-15  3.2058220e-15  7.6975017e-16
   161 :  1.2546796e-14  1.4434225e-14 -3.6773737e-14
   162 :  1.2555882e-02  5.0563157e-03  2.9089004e-03
   163 : -1.1746552e-02  1.2647414e-02 -3.8198822e-03
   164 : -4.6216325e-07  1.3256227e-06  3.0109695e-07
   165 : -7.7290974e-03  3.2308620e-02  9.5704992e-03
   166 :  3.1385333e-11 -1.1936802e-11 -5.7229774e-11
   167 :  5.1831003e-03  1.5999931e-02  5.3442927e-05
   168 :  2.5740692e-02  1.8510588e-03  5.5307997e-03
   169 : -6.0243314e-02 -1.2034895e-02 -2.5692971e-02
   170 : -1.5010905e-10  6.1665796e-11  9.9971715e-11
   171 : -1.1864442e-10 -9.6833508e-11  3.2968921e-10
   172 : -4.8505933e-03 -5.4239828e-03 -5.4089972e-03
   173 :  1.1774932e-02 -1.7581610e-03  2.8315552e-03
   174 :  9.3223393e-03 -2.5014491e-02 -5.4457875e-03
   175 :  1.1814727e-04 -4.7483346e-06  1.2921918e-05
   176 : -2.1606370e-10 -5.1370005e-10 -1.3036721e-09
   177 :  6.7277950e-03  1.2067306e-02  1.5092218e-02
   178 : -2.4677068e-02  3.0533963e-01 -3.8869635e-01
   179 : -1.0023997e-02 -3.1792970e-03 -1.4500681e-02
   180 : -1.1348142e-11 -6.1734255e-12  3.2090850e-11
   181 : -8.1482660e-03 -2.1118804e-02 -2.1571013e-02
   182 : -4.5703539e-06  2.8597512e-06 -1.4741189e-05
   183 : -4.5958003e-03 -5.3260960e-03 -1.1615574e-02
   184 : -1.4591024e-14 -2.7831417e-14  6.0716892e-15
   185 :  2.8248901e-07 -8.4944757e-07 -4.3963371e-07
   186 : -1.6315080e-03  8.8693843e-04 -8.8037345e-04
   187 : -1.4858062e-02 -6.6489645e-03 -1.7067637e-02
   188 : -1.9138130e-02  3.2253165e-02 -1.0470937e-01
   189 : -3.5450921e-03 -2.9786845e-03  7.1311676e-03
   190 :  1.4142550e-02  1.4205114e-02  2.5119403e-04
   191 :  1.4770334e-13  3.3493468e-14 -3.7223478e-14
   192 : -1.9417790e-02 -1.6444247e-03  7.5149258e-04
   193 :  1.7748830e-02  4.9188567e-03  1.0794169e-02
   194 : -8.4459594e-03  1.5369275e-01 -1.7903385e-01
   195 :  1.5015751e-04 -2.0236150e-03 -1.4740834e-04
   196 :  4.0679575e-12 -3.8578357e-12 -1.9141842e-11
   197 : -4.0167232e-11  7.1205836e-11  3.3263068e-11
   198 :  1.1891194e-04 -5.9958335e-04 -1.5444507e-03
   199 :  2.0477757e-02  1.1695622e-02  1.3508817e-02
   200 : -2.1012760e-11  7.0249831e-10 -8.0114175e-10
   201 : -1.7038217e-02 -6.1455239e-03 -8.1353171e-03
   202 :  8.1967117e-03  2.2608490e-03  7.2067539e-03
   203 :  1.0544809e-12  9.1561305e-13 -6.0217245e-13
   204 : -2.4956399e-03  5.6624144e-03 -2.0056879e-03
   205 : -5.9968014e-03 -4.2502346e-02  2.5417375e-02
   206 : -2.1731538e-12  7.7718766e-13  5.8623403e-13
   207 : -1.0013504e-10  5.3938284e-11 -4.1896173e-11
   208 :  2.2014347e-07  1.9013651e-08 -8.7907124e-07
   209 : -1.3041865e-01  6.5036622e-02  2.8301359e-02
   210 : -3.5363937e-03  7.8998280e-03  7.8466646e-03
   211 :  6.8640756e-13  6.0496978e-13 -1.2867071e-12
   212 : -1.9436325e-02 -1.4821548e-02 -9.0044999e-03
   213 : -2.1104444e-10 -1.7316694e-10  4.7519045e-10
   214 : -4.0019559e-03 -6.9219322e-03  4.5624065e-03
   215 : -4.2266294e-02 -1.4406112e-02 -3.6992353e-03
   216 :  9.0283366e-03 -2.5342337e-02 -2.8538694e-02
   217 :  5.9721637e-16  8.6926996e-16 -7.0501344e-16
   218 : -3.6751624e-08  1.0631014e-07  1.1780844e-07
   219 :  1.9424572e-03  5.9507255e-03  2.9120788e-03
   220 :  1.5876407e-06  4.2064622e-07  1.0684579e-06
   221 :  2.1131458e-10 -1.3348794e-09 -9.0163191e-10
   222 :  4.9985513e-03  2.9473347e-03  8.0692333e-03
   223 : -6.5067869e-04  3.6672921e-03 -1.1759676e-04
   224 :  6.2202746e-04 -4.1992849e-04 -3.5034027e-03
   225 : -7.1100844e-07  4.0246866e-06  3.6059520e-06
   226 : -8.3075853e-09  2.3522169e-09  2.0275362e-09
   227 : -2.1664174e-05  4.1357698e-05  8.5632590e-05
   228 :  4.3317863e-03 -6.3398390e-02  9.1675165e-02
   229 : -4.2453723e-05 -1.9657836e-05  2.4365686e-07
   230 : -4.2214882e-10 -4.6364212e-10  2.2548579e-10
   231 :  1.8041588e-10 -4.5246677e-10 -1.8613602e-11
   232 : -5.1571644e-16 -4.1469634e-16  3.5413223e-16
   233 : -3.2003311e-10 -2.7793773e-09  1.8699274e-09
   234 : -1.0551317e-02  1.6518608e-03 -8.6836720e-03
   235 : -7.7387649e-02  1.6862058e-02  3.6792110e-02
   236 : -8.4794027e-09  1.3262478e-08  1.1888170e-08
   237 : -3.8103852e-07 -8.4866645e-08 -1.0045151e-07
   238 :  3.1194356e-13  2.9433937e-14 -1.5252429e-13
   239 :  4.5938673e-10 -6.6878038e-10  2.0407156e-10
   240 :  1.6098116e-12 -5.5130780e-12 -3.0472114e-12
   241 :  2.7964709e-03  3.5780638e-03  5.8386756e-03
   242 : -1.0230666e-02  7.8223501e-03 -7.2158952e-03
   243 :  5.4033829e-03  4.2661729e-03  7.9888113e-03
   244 : -1.4478615e-03 -2.9380119e-03  7.5135797e-03
   245 : -1.6891343e-08 -1.9200742e-08  6.5249900e-08
   246 :  3.3780293e-03  9.4148023e-03  9.4401993e-03
   247 :  7.2678487e-03  7.1960216e-03  3.8867157e-03
   248 : -1.2955117e-15 -5.5092250e-15  5.0893776e-15
   249 :  9.3331183e-07  1.5895962e-06  2.5149251e-07
   250 : -3.1465949e-04  8.4914792e-03  1.1897134e-02
   251 :  7.7990339e-03  3.3903224e-03  8.9673478e-03
   252 : -4.6999486e-09  1.8776900e-09  1.8942383e-09
   253 :  3.3976292e-12 -3.4024250e-12  3.0952298e-12
   254 :  1.1238453e-03  6.3502383e-03  9.2355400e-03
   255 : -1.2830305e-03  1.0102010e-04  5.8873214e-04
   256 : -1.1564956e-02 -1.3467570e-02 -1.4257590e-02
   257 : -1.6431241e-03 -7.6284950e-03  1.2982164e-03
   258 :  3.7301003e-04  1.5774620e-04 -1.1051438e-04
   259 : -1.1361673e-07  1.8848895e-08 -1.4127973e-07
   260 : -1.1874750e-02 -1.3087532e-02 -8.5591481e-03
   261 :  1.4937338e-02  6.8828751e-03  1.4920179e-02
   262 : -1.5074870e-08  3.6459186e-08  1.8507268e-08
   263 : -6.2148995e-10  8.5374817e-10  1.4438738e-09
   264 : -1.5425217e-03  7.7922809e-04 -1.1464787e-03
   265 : -2.9883915e-03  5.0518971e-05 -4.3264783e-03
   266 :  2.5205806e-06 -1.9596703e-05  1.1712987e-05
   267 : -3.1015987e-05  2.9278033e-05 -1.0903149e-05
   268 :  7.0288829e-12 -3.1352173e-11  5.9483043e-11
   269 :  3.1952797e-03  2.6379357e-03  5.1616814e-04
   270 : -3.5615789e-05  1.6164559e-04  1.0570207e-04
   271 : -5.9089156e-03  3.2224334e-03 -5.7277724e-03
   272 :  4.8815279e-06 -1.0566130e-05 -1.2904572e-05
   273 :  2.9413022e-10 -1.2637128e-09  3.0522590e-10
   274 :  1.2975213e-02  8.1559738e-03 -7.1497157e-03
   275 :  2.4977860e-08 -5.0010146e-08  2.6150949e-08
   276 :  7.6438487e-03 -2.6742213e-03 -1.1621632e-02
   277 : -3.4994070e-10  1.2601015e-09 -2.1366048e-09
   278 :  3.2807982e-03 -7.0593594e-03 -1.8305016e-02
   279 :  3.2200585e-02  4.0318357e-03 -8.1620636e-03
   280 : -7.9602802e-03 -2.4885228e-03  7.5184581e-04
   281 : -1.4750015e-03 -2.1793504e-03 -1.1159268e-03
   282 :  2.6133240e-04 -5.0273805e-05  1.3246161e-04
   283 :  7.2437176e-07 -1.4585982e-06 -2.8016028e-07
   284 :  4.7485222e-09  2.0294703e-09 -1.3090737e-08
   285 :  1.2367112e-02  7.3578777e-03  1.2875493e-02
   286 : -1.6049763e-02  6.7844456e-03 -1.8218936e-03
   287 : -2.8613571e-02 -2.6493467e-02 -2.2107492e-02
   288 : -1.0162316e-02 -7.5571552e-03 -1.3478616e-02
   289 :  1.5215039e-02  2.1557786e-03  1.4309055e-02
   290 :  1.2260232e-02  3.6245005e-03  1.0236872e-02
   291 :  7.4063906e-03  3.4917061e-02 -6.5905383e-03
   292 :  8.8714142e-05  5.4210859e-03  6.6360264e-03
   293 : -2.6241671e-07  7.8480081e-08  7.3154359e-07
   294 : -1.6079596e-02 -1.2725786e-02  3.6034055e-03
   295 : -1.8635311e-13  3.9311640e-13  1.9074753e-13
   296 : -1.7958020e-03 -1.0106206e-02  7.8116345e-03
   297 : -4.4640266e-03  1.1416425e-02  1.7361688e-03
   298 : -1.0783689e-03  4.7281953e-02 -1.0489437e-02
   299 : -1.3863151e-13 -6.9024354e-14  2.6457310e-13
   300 : -1.4407033e-02 -1.7463545e-02 -4.6540548e-03
   301 :  7.9681329e-03  1.1705970e-02  9.0257872e-03
   302 :  6.7136407e-03 -1.6814468e-02  3.0394339e-02
   303 :  2.5725341e-03  2.0769994e-02  3.2465789e-02
   304 : -6.3595258e-03  7.2146453e-03 -2.0032284e-02
   305 : -1.8620778e-04  2.6259995e-04  1.0990370e-04
   306 :  4.3794450e-04  7.0720537e-04 -7.5335767e-03
   307 :  1.2791526e-02 -5.3922711e-03  7.0615805e-03
   308 : -1.4882861e-03 -2.1525795e-04 -6.6083416e-04
   309 : -8.4991051e-13  6.8487485e-14 -9.5060235e-14
   310 : -8.3831554e-03  2.2646824e-02  3.3677466e-02
   311 : -4.0118288e-02 -2.3144083e-02 -3.7281870e-03
   312 :  1.8200221e-11 -2.7630672e-11 -2.9213299e-11
   313 : -1.1238284e-07 -3.7416432e-07 -1.0285903e-08
   314 :  1.9838016e-13  3.6212837e-13 -1.1455325e-12
   315 : -4.0832887e-09 -1.3156680e-08  3.4045916e-09
   316 :  2.4304489e-03 -6.9323465e-03 -4.6006485e-03
   317 : -2.2436454e-14 -1.1697775e-13  9.1622963e-14
   318 : -3.7525889e-03 -4.1084523e-03 -4.6592064e-03
   319 :  1.7046534e-03  3.2069535e-03  8.0885271e-03
   320 : -8.4024644e-02 -5.4598157e-03 -1.1910104e-02
   321 : -3.5531023e-03 -8.0292841e-03  6.5312131e-04
   322 : -1.2207100e-13  3.2181545e-13 -3.8198672e-14
   323 :  2.0046946e-14  1.2021918e-13 -2.3970542e-14
   324 : -1.0112047e-08  8.5043653e-08 -1.6335515e-08
   325 : -8.3047616e-08 -1.6976624e-07 -2.0683095e-07
   326 :  7.4827088e-02 -2.9075274e-03 -5.4259144e-03
   327 : -3.7938860e-02  1.8282819e-01 -2.8971736e-01
   328 :  4.6071789e-03  5.3952286e-03  4.1111127e-03
   329 :  8.4528474e-09  9.5201273e-08 -4.6932451e-08
   330 :  1.7704563e-14  5.5915724e-15 -5.2463754e-14
   331 : -4.8551898e-05  2.7090826e-04  3.5353684e-04
   332 :  1.5957708e-02  1.3171456e-02  2.0686787e-02
   333 : -1.0027178e-07 -1.1182752e-08 -1.0845869e-07
   334 :  8.2243431e-03 -2.9789695e-03 -9.9628115e-03
   335 :  9.1636374e-03 -9.9987627e-03  4.0670556e-02
   336 : -1.7406617e-03 -2.1895073e-02 -3.1472243e-02
   337 :  3.0510648e-12 -1.0988383e-11  1.6151684e-11
   338 :  1.3811668e-02 -1.9637308e-04 -2.4123110e-02
   339 :  4.2596003e-09  3.7445876e-09  1.6429161e-08
   340 : -4.5346004e-03 -3.1312256e-03 -5.0247895e-03
   341 :  2.1611960e-12 -1.0094044e-11  3.6447063e-12
   342 :  5.1793651e-09 -9.5847074e-09 -7.4455431e-09
   343 : -1.1494522e-05 -1.8228953e-03 -4.6612874e-04
   344 : -4.9106094e-03 -3.8759110e-03 -2.1961343e-03
   345 :  3.5190137e-03 -1.7021147e-03  4.8915846e-03
   346 : -1.1292147e-08 -8.0561168e-09  3.8910285e-09
   347 :  5.2418940e-03 -5.3260247e-03  9.4898804e-03
   348 :  6.3172998e-04 -1.6819004e-03  1.1044879e-03
   349 : -5.6322374e-04  4.1875164e-04 -1.4271624e-04
   350 : -6.1113364e-03  2.1529076e-03 -3.0758903e-04
   351 :  3.3048312e-07 -3.6525059e-07 -6.1644083e-07
   352 : -3.1642648e-02  9.3247148e-03  4.9957202e-03
   353 : -6.0465539e-03 -8.0403517e-03 -2.2442776e-03
   354 : -1.5495929e-02 -9.3990537e-03 -1.3485990e-02
   355 : -3.5364607e-03  6.1931523e-03  4.7615360e-04
   356 :  1.4841397e-11  1.2667783e-11 -2.8984564e-11
   357 : -2.7972746e-02 -2.0749875e-02  1.8070431e-02
   358 :  2.4564242e-04 -5.7899856e-05 -1.1800296e-04
   359 : -5.6279130e-17  1.2738932e-16 -2.4015116e-17
   360 :  7.1123072e-04  4.2535036e-03  5.4317838e-03
   361 :  5.0401735e-07  1.3899099e-06  9.3962110e-07
   362 : -3.0796896e-04  2.8451844e-05 -1.5131429e-03
   363 : -4.4810215e-05 -5.8786012e-05  9.5707347e-05
   364 :  4.3923850e-06 -2.2559771e-05  2.8096766e-06
   365 :  1.6723970e-02  2.4221945e-02  7.0053757e-03
   366 :  5.4386496e-12 -4.9594658e-11  6.2844053e-11
   367 :  2.6631675e-02  3.3289385e-02 -1.0673338e-03
   368 :  3.6007306e-04 -7.9886108e-03  2.2495270e-03
   369 : -1.2884208e-03 -1.3666011e-03 -1.6119138e-03
   370 : -6.2317846e-04  1.0887156e-03 -1.0392368e-03
   371 :  4.9839762e-11  4.5064652e-11 -9.8719074e-11
   372 : -7.4830077e-03  2.2431917e-02 -2.4262086e-03
   373 : -4.2865093e-03 -1.4562233e-03 -1.0203305e-02
   374 : -9.9011330e-03  5.2940585e-03  6.4678542e-04
   375 : -5.5167403e-08 -7.6820883e-08 -1.2250333e-07
   376 : -4.4735441e-12  2.8953441e-12  8.5511063e-12
   377 :  1.3623688e-03  4.5289619e-04 -2.8593858e-03
   378 : -1.2192144e-03  6.9852375e-03 -4.0616357e-03
   379 :  5.8715324e-15 -1.3779769e-14  4.7753078e-15
   380 :  1.2710844e-02  7.8503538e-03  7.0938651e-03
   381 :  1.2977323e-04  9.0387474e-05 -1.8319674e-05
   382 :  6.2208450e-06 -1.6934602e-05 -3.4526032e-06
   383 : -6.1867245e-03 -1.1014780e-02 -9.2260148e-03
   384 :  1.8625145e-07  1.6562938e-06  1.6791991e-07
   385 : -1.0533349e-02 -2.2488383e-02 -7.6070128e-03
   386 :  1.9340378e-03 -3.7457698e-03  5.5843582e-04
   387 :  2.0532334e-08  6.1643439e-08  7.2683558e-08
   388 : -1.0702394e-02 -1.8089760e-03  1.2393536e-02
   389 :  4.1969532e-05  4.0294311e-05 -3.2038095e-05
   390 :  3.5286783e-03 -2.6966634e-02  3.0435963e-02
   391 :  1.1063182e-04  1.5533452e-04 -4.7810901e-05
   392 : -5.3619199e-03  5.4284849e-03 -3.9432490e-03
   393 : -7.4646456e-03 -4.9860653e-03 -9.6815152e-03
   394 :  1.6528222e-06  5.3575035e-07  9.1491196e-06
   395 :  5.4050697e-03 -3.4637437e-03  2.3123142e-03
   396 :  2.1670249e-14 -4.0023805e-14  8.5622330e-14
   397 : -7.9690183e-03 -1.2372639e-02 -5.0527515e-03
   398 : -2.1784827e-03 -5.7997238e-03  1.8677924e-02
   399 :  5.0958271e-03  6.8562506e-03 -5.4887730e-03
   400 : -4.1677101e-03  2.2958898e-02 -3.4576062e-03
   401 :  1.3917230e-02  1.0742056e-02  1.5823540e-02
   402 : -2.1779147e-05 -3.0406721e-07  1.6031128e-06
   403 :  2.4886563e-06 -2.4862789e-05 -5.5756441e-05
   404 :  3.9348880e-12  2.6713916e-12 -1.1795721e-11
   405 :  1.4174876e-02  2.8546142e-04  2.0516899e-03
   406 :  8.0532621e-05  1.8588014e-03  3.5308913e-03
   407 :  4.7901616e-03 -4.0561242e-03  2.4345390e-03
   408 :  6.8342572e-03  5.7705003e-03  2.1497240e-03
   409 :  8.5304590e-03  1.6682739e-02  8.6063886e-03
   410 : -1.3127030e-02 -2.2507278e-02 -1.3186073e-02
   411 :  2.4740249e-02  3.0653212e-03  2.2773312e-02
   412 :  1.2351650e-02  7.6249281e-03  1.1677010e-02
   413 :  5.4157564e-13  9.9581528e-13 -2.9227202e-12
   414 : -7.1323352e-03 -1.5248107e-03  2.4285673e-03
   415 :  1.7062365e-02  1.2251689e-02  1.9801879e-03
   416 : -2.5366577e-08  8.0508058e-09  1.1435396e-08
   417 : -3.0324689e-03 -8.0543756e-03 -1.3175214e-02
   418 : -1.1099681e-03  1.4745782e-03  3.8760306e-03
   419 :  1.5144727e-10 -3.1186081e-10  1.7949713e-11
   420 :  1.2576459e-10 -6.5851462e-10  4.7505106e-10
   421 : -1.3754468e-08  7.1492916e-08 -1.1499359e-08
   422 : -1.6686009e-03  1.4168215e-04 -2.7502141e-03
   423 :  8.3877931e-03 -3.4469395e-02 -2.0647944e-02
   424 :  6.3317660e-06  5.3699773e-06 -6.0610891e-07
   425 :  4.3560363e-07  6.8748656e-08 -5.5879210e-08
   426 :  3.3058771e-06  5.4975507e-06 -1.8786477e-05
   427 : -1.0079392e-04 -1.1972551e-04  7.9461413e-05
   428 :  1.4025211e-05 -1.9340721e-05 -8.4327884e-06
   429 : -1.4541998e-02 -6.5632013e-03 -2.4437981e-02
   430 : -1.5586552e-03  9.9899689e-03 -2.2357767e-03
   431 :  1.6163029e-03  1.8245133e-02  2.1153370e-02
   432 : -3.7605655e-04 -2.0896999e-03 -3.5419349e-04
   433 : -1.9935359e-12  7.2512187e-13  2.6487830e-12
   434 :  6.2343236e-03 -6.8258701e-03  2.9930844e-03
   435 :  1.7179557e-02 -9.0446641e-03  8.3667435e-03
   436 : -5.0754864e-07  2.8089646e-07  1.4415664e-06
   437 : -2.5419898e-02 -1.1744748e-02 -1.2343214e-02
   438 :  3.7430458e-03  4.0127604e-03  3.0931010e-03
   439 :  1.2367708e-03  2.9553183e-03  3.3920318e-03
   440 : -1.0634464e-08  3.5031337e-08 -9.3056305e-09
   441 : -6.1188243e-13 -3.0808336e-13  1.1494148e-13
   442 :  1.4803127e-03  8.1316361e-04  4.1583869e-03
   443 :  1.7657434e-02  2.4931039e-02  2.9629318e-02
   444 : -1.6891775e-03  7.1559117e-04 -1.3342877e-03
   445 :  9.8552397e-03  1.7484015e-03  2.1286491e-03
   446 : -9.6538150e-03  5.0529120e-04  6.2330212e-03
   447 :  3.3541288e-03 -3.1475056e-03  2.4108025e-03
   448 :  7.0585342e-03  1.4526248e-02  3.6572984e-03
   449 : -8.7867585e-13 -4.9902091e-13 -1.8616817e-12
   450 : -1.5912761e-13  2.1293333e-13  4.9455111e-13
   451 :  7.9118392e-03  6.7345672e-03  9.7956398e-03
   452 : -3.5894405e-03 -6.0283668e-03  5.2692204e-03
   453 :  2.7070596e-03 -2.2099795e-04  7.0296938e-03
   454 : -1.0927617e-02 -8.3327025e-03 -1.4601704e-02
   455 : -5.7003328e-05  1.4724069e-05 -1.9445557e-05
   456 :  1.1434957e-02 -7.1236878e-03 -7.3433623e-03
   457 :  5.8182923e-13 -1.0793931e-12 -7.0741046e-13
   458 :  5.4579430e-05  1.0539850e-04  1.0608943e-04
   459 :  1.1144511e-02 -1.4429435e-02 -2.4974174e-02
   460 : -1.1036425e-03  1.2472371e-02 -9.8172318e-04
   461 : -1.7469018e-03 -7.6843706e-04  2.7956749e-03
   462 :  1.7607969e-02  6.9211318e-03  3.1661058e-02
   463 : -5.6961953e-10  3.3601359e-09  1.3420987e-08
   464 :  7.5551848e-03 -2.4804440e-03  2.2161316e-03
   465 :  1.2038584e-02  8.5245276e-03  1.3713318e-02
   466 :  3.8897557e-03 -2.5442708e-03 -6.4495903e-03
   467 :  1.1492792e-08 -7.0546944e-09 -6.9268245e-09
   468 :  1.1620902e-07 -5.2173728e-07  1.1639367e-07
   469 :  1.9825725e-14 -1.4445546e-14 -1.4210327e-14
   470 :  1.0501834e-12 -1.1485197e-12 -1.8028172e-13
   471 :  7.2083945e-06 -1.2989031e-06 -1.2594993e-07
   472 : -3.0352288e-08  9.0998380e-08  5.2803565e-08
   473 :  1.3805734e-02  8.6838503e-03  2.2556921e-03
   474 : -2.1308330e-10  4.0546370e-10  2.4264473e-10
   475 : -1.3831484e-06  3.7780197e-06 -6.0475470e-07
   476 :  6.1459201e-06  2.0917517e-06 -3.1326568e-07
   477 : -6.9882826e-15 -1.6681618e-14  1.0891335e-13
   478 :  5.2034860e-03 -1.9951322e-03 -1.0444119e-02
   479 :  4.9741496e-15 -1.2699042e-14  2.3258165e-15
   480 :  2.9048103e-03  3.3285947e-03  7.6942298e-03
   481 : -2.4560696e-05 -7.0372526e-06  2.2000392e-05
   482 :  1.3067704e-09 -6.4785354e-09  2.3329096e-09
   483 : -1.4971243e-03  6.9025603e-03  4.3539719e-03
   484 : -3.1355060e-02 -1.7866873e-02 -2.0867722e-02
   485 :  4.3285633e-03  1.2258045e-02  4.8437959e-02
   486 : -4.4426871e-03 -1.5724827e-02 -2.7263830e-03
   487 :  1.6598769e-02  3.7492009e-02 -1.0738709e-02
   488 :  5.6569605e-03  3.0000276e-03  3.8654691e-03
   489 :  1.7799966e-10  6.3552684e-11 -4.3845454e-10
   490 : -5.2731607e-09 -2.3325312e-09  3.0270294e-09
   491 : -1.6862428e-09 -2.8934109e-09  2.1711424e-09
   492 : -2.1726137e-02 -3.6633103e-02  1.4128558e-02
   493 : -3.5482323e-03 -3.8304742e-03 -4.1443425e-03
   494 : -2.3841727e-03  9.3155539e-04  3.3041305e-03
   495 :  3.3416387e-04  1.7886282e-03  1.7887075e-02
   496 : -3.3723615e-07 -1.8861206e-06  2.8294076e-06
   497 :  6.9355206e-15  3.7643092e-12 -2.6036237e-12
   498 : -6.3084460e-11  5.0108236e-11 -6.7135165e-11
   499 :  2.6868272e-03  5.8992627e-03  3.7929421e-03
   500 : -1.0939952e-13  7.8755696e-14  8.8077451e-14
   501 : -4.0195086e-14  1.4576291e-13  2.1188536e-14
   502 : -6.6582612e-04  1.4032826e-02 -6.0963676e-03
   503 :  2.4895687e-03 -2.2776307e-03  2.4836902e-03
   504 :  1.4822209e-02  7.1006246e-03  1.7035308e-02
   505 :  5.0237614e-03  3.2019360e-04 -6.6935675e-03
   506 : -4.0076364e-09  1.1675720e-08  3.5833537e-09
   507 : -3.8351075e-08  5.7743700e-08 -1.9090216e-07
   508 : -3.4160831e-08 -1.4899377e-07  2.6959139e-08
   509 : -7.6241524e-04  2.5758327e-04  1.0933282e-02
   510 : -5.3296459e-08 -7.5863204e-07 -9.2176231e-08
   511 : -1.5184205e-03  3.7347710e-04  1.9007309e-03
   512 :  1.1662919e-05  2.7540190e-05 -4.9513054e-05
   513 :  5.0011389e-03  1.9785392e-02  1.4441338e-02
   514 :  2.4018781e-02 -2.1744044e-02 -7.6902058e-03
   515 : -1.3306317e-02 -2.5866351e-02 -5.8385853e-04
   516 : -1.0946865e-08 -7.5648529e-09  6.0383347e-08
   517 : -3.5834331e-03 -5.5649685e-04  3.7179251e-03
   518 : -3.2014592e-03 -8.1060290e-03  1.5623233e-02
   519 : -1.9914976e-03  2.6815023e-03  7.7572006e-03
   520 : -1.9520899e-03 -2.3168413e-03  3.8822765e-03
   521 : -6.1177637e-03  2.9755436e-03  2.2621917e-03
   522 : -1.3575182e-02 -7.1052392e-03 -1.4365117e-02
   523 :  1.4932641e-02  1.6218309e-01 -1.5714826e-01
   524 : -5.7100949e-03 -1.1298936e-01  1.2712625e-01
   525 : -9.0336476e-05  3.2537637e-02  2.3412272e-02
   526 : -2.4010293e-05 -6.3357605e-06 -6.0035632e-06
   527 :  3.9303203e-11  8.0647303e-11 -1.8847306e-10
   528 : -9.4149835e-03  7.9260933e-03  4.7368995e-03
   529 : -1.6941103e-02  4.0782041e-03  6.2930004e-03
   530 : -3.0721925e-03 -1.4962045e-04  7.0116506e-04
   531 :  1.0630445e-03  4.2473527e-03 -6.9862574e-03
   532 :  2.6857090e-04 -1.2204943e-03 -1.1682780e-03
   533 : -9.4652431e-16  5.8210484e-16 -4.3720774e-16
   534 :  2.0070071e-16  7.1611402e-16 -1.5414105e-15
   535 :  1.6177804e-09 -2.1634321e-09  2.9681901e-10
   536 :  2.7751369e-03 -6.4129890e-03 -4.0098703e-03
   537 :  2.5159126e-03  2.6412606e-03  9.1670360e-03
   538 : -1.6464138e-02 -2.1107729e-02 -1.6484231e-02
   539 :  1.8727674e-10 -6.5869610e-10  1.6926030e-10
   540 : -4.3903747e-09  1.4029701e-08  3.1004006e-09
   541 :  4.4212618e-08  1.8068348e-09 -1.0254132e-07
   542 : -2.6600897e-03  4.4281605e-04 -2.5024495e-03
   543 :  3.2217618e-11  3.7945114e-11 -2.3788390e-11
   544 :  1.5219150e-03  1.7908738e-02  1.0035647e-02
   545 : -8.9675432e-07 -4.8632859e-07  1.0637843e-06
   546 :  1.1758249e-02  8.5389228e-03  7.1353758e-03
   547 : -2.9880679e-09  6.2274967e-09 -1.0226206e-09
   548 :  3.4324666e-03  4.9143654e-03  1.6676024e-03
   549 : -7.4518693e-08  7.6819850e-08 -4.5767942e-07
   550 : -6.3005740e-03  4.8218131e-03 -2.4284532e-02
   551 : -2.0691947e-03  4.7376425e-03  7.1836220e-03
   552 : -3.2529798e-03 -4.5154947e-03 -5.1056471e-03
   553 :  1.9858840e-02 -2.2745234e-02 -4.5469909e-03
   554 : -2.4500268e-07 -1.4069841e-07 -3.0849036e-07
   555 : -1.9277782e-03 -8.0809797e-04 -1.6317322e-03
   556 :  4.7767958e-08  9.7164675e-08  2.4823958e-08
   557 :  1.8842540e-03 -1.9350930e-02 -1.7244389e-02
   558 : -7.6166521e-03 -1.0572019e-03 -1.9454860e-03
   559 : -4.3093391e-03  4.5964362e-03 -3.5005889e-03
   560 :  3.9070747e-03 -5.8171408e-03 -2.6930117e-02
   561 : -5.3571929e-03 -6.1380149e-03  1.2003887e-02
   562 : -2.6336879e-04  3.3752213e-04 -2.1004371e-04
   563 :  4.7490108e-13 -1.8363178e-13  1.6640697e-13
   564 :  7.7893712e-03  4.6648635e-03  7.6195273e-03
   565 :  3.2257453e-03 -3.6292212e-04  3.7453720e-03
   566 : -3.0156146e-08 -6.3855554e-09  9.5853668e-08
   567 : -5.4496926e-03  9.9292377e-03 -3.7945589e-03
   568 : -2.1259376e-03  7.0570448e-03 -1.7594805e-02
   569 :  6.9983288e-03  5.3932158e-03  3.3610265e-03
   570 : -6.6458434e-07  4.7275833e-07 -4.3403643e-07
   571 : -2.3279550e-03 -2.7661413e-03  1.3342025e-04
   572 :  1.4342730e-13  8.2217976e-14 -1.9234303e-14
   573 : -4.4988975e-03  5.3278091e-04  9.5271271e-04
   574 : -6.4876486e-03 -6.2075282e-03 -3.3498619e-03
   575 : -9.3903724e-03 -1.1265910e-02 -1.4784354e-02
   576 : -6.3760965e-03  7.4820808e-03  1.9334164e-03
   577 : -1.4187582e-02 -1.0197516e-02 -1.3662197e-02
   578 :  2.6839554e-15 -1.7918663e-14  8.7935180e-15
   579 :  5.6518926e-03  4.4075362e-03  4.1868472e-03
   580 : -7.2457776e-03 -3.1382425e-03  1.8708403e-03
   581 : -2.6845614e-07  8.9492231e-07  2.4690641e-07
   582 :  3.1317541e-15 -1.6013631e-14  5.4804609e-15
   583 : -1.3635403e-05  2.6045584e-05 -3.0330615e-05
   584 :  7.7282516e-13 -1.7937470e-12  8.9794926e-13
   585 : -3.1440905e-03  1.6846181e-03  4.2174590e-03
   586 : -1.1292431e-08  3.4815151e-08 -4.1276811e-09
   587 :  6.5577802e-06 -1.6947895e-05 -2.2087980e-05
   588 :  7.4640248e-08 -1.0781064e-08 -1.8032836e-08
   589 :  2.9220674e-02 -6.4389904e-03 -1.2484683e-02
   590 : -5.1076412e-03 -6.2703548e-03 -4.0095237e-03
   591 :  3.2110762e-14 -4.8399564e-14 -2.9486267e-14
   592 : -2.0485508e-07 -8.2154589e-09  2.7344287e-07
   593 :  4.1697198e-04 -8.5836913e-04 -1.1322382e-03
   594 :  1.3363059e-04 -4.2371358e-04  2.0309454e-04
   595 :  2.5001282e-02  1.3928375e-02  2.2805797e-02
   596 : -2.4992964e-02 -2.6582305e-01  2.5390727e-01
   597 : -6.2227398e-04  8.1021382e-04 -1.6147100e-03
   598 : -2.0650916e-05  4.8452902e-06 -1.7948570e-05
   599 :  1.2421694e-03  1.0414067e-02  1.6121244e-02
   600 :  1.7499313e-02 -1.2066052e-02  9.3381468e-03
   601 :  2.5971933e-04  1.2361935e-02  5.4404894e-03
   602 : -8.9078906e-09 -1.4605376e-08  3.6842343e-09
   603 :  1.5432832e-10  3.3670009e-10 -1.4789295e-10
   604 :  1.2624941e-05 -6.9262786e-06  5.8610689e-06
   605 :  1.8749824e-05  3.6451082e-04  2.9491570e-04
   606 : -4.7343235e-03 -1.4413779e-02 -6.7735370e-03
   607 : -4.3677863e-03  1.0684753e-02  1.3492570e-02
   608 :  1.2627269e-08  1.9354002e-09  1.1595089e-08
   609 :  1.4192132e-06  9.1142158e-07  5.0169633e-07
   610 :  6.4026489e-11 -2.9126324e-11 -2.0674923e-10
   611 :  1.1870271e-03  9.2595543e-03  1.2614060e-02
   612 :  2.8486626e-03  2.8731715e-02  3.1086721e-02
   613 : -9.8802979e-04  2.3232274e-03  1.4659299e-02
   614 : -4.0888809e-02  1.7526200e-03 -7.8371127e-02
   615 : -1.0176935e-02  1.9536683e-02  2.6252597e-02
   616 : -2.9617914e-11  4.5255330e-11  2.6418715e-11
   617 :  9.5740308e-03  8.7216918e-03  1.5506781e-03
   618 : -7.9171553e-05  6.6267589e-05  4.2757352e-05
   619 :  1.8056176e-08 -2.2881616e-08 -1.6269570e-08
   620 :  1.9020153e-04 -1.1846207e-04  6.0382571e-05
   621 :  1.0618193e-02  3.2531238e-02  3.4901601e-02
   622 :  4.3598970e-03  8.0297856e-03  1.4922500e-02
   623 :  2.1957865e-03 -1.7656631e-03 -1.4312811e-03
   624 :  1.0523089e-02  2.6962132e-03  7.7589602e-03
   625 :  1.2349514e-02  1.6300002e-02 -9.9894349e-03
   626 :  5.3361526e-15 -3.0316505e-14  9.1894924e-15
   627 :  1.1930739e-09 -4.0829215e-09  1.4477681e-09
   628 :  7.7759856e-05  8.9778565e-05 -7.3358904e-05
   629 :  1.2285325e-02 -5.9232272e-03 -2.6523412e-03
   630 : -1.0567996e-03 -9.1841598e-03 -7.4023669e-03
   631 :  3.9147040e-04  1.2715084e-02  1.8559411e-03
   632 : -1.6238747e-11  2.9613286e-11  4.5680647e-12
   633 : -2.5166630e-03  7.3948778e-03  9.7357719e-03
   634 :  4.7135245e-03  6.9523090e-03  1.5295851e-02
   635 :  1.3994549e-03  2.8410792e-03  3.8688484e-03
   636 : -5.9697461e-03 -1.9810986e-03  2.0360763e-03
   637 :  9.0832175e-03 -1.1871199e-02  2.1251784e-03
   638 :  1.2590766e-02  1.2457618e-02  1.2177977e-02
   639 : -7.6124951e-03 -4.6765335e-03  3.3801073e-03
   640 : -9.9788864e-03  4.0612795e-03 -6.9881245e-03
   641 : -3.6136804e-08  9.2392473e-08 -4.1364006e-10
   642 :  3.5047852e-02  9.6248308e-03 -7.5020925e-03
   643 : -3.9631820e-03 -2.8324859e-04 -6.4895070e-03
   644 : -3.3483010e-02 -1.8158223e-02 -2.3634222e-02
   645 : -6.3847810e-03  1.6702099e-03 -1.2717100e-02
   646 :  1.0539270e-03 -3.9599699e-03  1.3175837e-02
   647 : -3.0072378e-03  1.2499842e-02  4.4506194e-03
   648 :  2.1570446e-03 -1.6128517e-03  8.5705130e-03
   649 : -1.4758479e-03  6.7468847e-03  3.8622777e-03
   650 : -2.4926517e-04  1.0996911e-02  7.3318580e-03
   651 :  3.8200700e-02 -1.2897873e-03 -1.5989236e-02
   652 :  2.3340207e-02 -3.7100160e-03  2.3596406e-02
   653 :  5.7908400e-03  1.1508777e-02  6.5534610e-03
   654 :  6.4624189e-06 -4.4190172e-07  2.5990254e-06
   655 :  9.1255466e-03  2.6646439e-02  7.5834927e-03
   656 :  3.5716496e-03  9.4060497e-05 -7.9302288e-05
   657 : -6.6435875e-03 -9.2822991e-03 -1.1125601e-02
   658 :  1.9617286e-03  9.2970884e-03 -5.0429455e-03
   659 :  1.2562969e-02  1.5884090e-02  8.8972329e-03
   660 :  1.1421141e-02  3.6041970e-03  1.5567098e-02
   661 :  6.6914226e-03  2.1224637e-02 -4.5139764e-05
   662 :  3.3195512e-04  1.0471944e-04 -3.0962182e-04
   663 : -6.7534244e-03  7.8652245e-04 -5.0805896e-03
   664 : -1.0076934e-02  9.1417722e-03  7.8082705e-03
   665 :  4.8361431e-03  2.3313716e-03  2.7537282e-03
   666 : -1.9791803e-12 -4.7828877e-12  4.8657018e-12
   667 :  9.7899511e-07 -2.9163146e-07  2.1365477e-07
   668 : -3.3196348e-03  2.8633412e-03 -3.5667187e-03
   669 :  4.0146976e-15 -1.3381811e-14 -1.5395385e-14
   670 :  1.4531707e-03 -3.6670046e-03 -5.8724106e-03
   671 : -1.0680443e-02 -7.0535169e-03 -1.0506981e-02
   672 : -4.9449767e-03 -3.5736360e-03 -3.3679957e-03
   673 : -1.2418533e-03 -6.5844036e-04  1.1527798e-04
   674 : -1.9545742e-04 -1.4853575e-04 -1.2313052e-03
   675 :  3.2073705e-03 -1.3732603e-03  6.3446772e-03
   676 : -1.6143069e-02 -1.8355121e-01  1.7815376e-01
   677 :  3.8710957e-03 -2.5574181e-03  5.4177147e-03
   678 : -3.3053308e-03 -2.2102356e-03 -4.1103818e-03
   679 : -3.6613242e-03  2.1468827e-03 -3.2647986e-03
   680 :  1.2527704e-02  6.5202820e-03  1.1552306e-02
   681 : -1.7613256e-07 -1.6167781e-08 -6.0623450e-08
   682 : -8.1478560e-08  4.3688587e-09 -1.7432234e-07
   683 :  1.1871487e-06  5.4376796e-07  5.0882339e-08
   684 :  4.7456872e-09 -7.9482738e-09 -1.2107354e-08
   685 :  5.0513151e-03  1.1388291e-02  8.1160732e-03
   686 :  2.8916472e-03  4.9395404e-03 -2.5248227e-03
   687 :  4.6104810e-08 -2.1174648e-08  1.3095740e-07
   688 : -1.0550191e-03 -2.4618753e-03  3.7852349e-03
   689 :  7.8217701e-03  1.1951171e-02  8.6064326e-03
   690 :  1.3492663e-02  6.6928743e-03  7.1259862e-04
   691 : -2.0780387e-03 -9.7445664e-03  2.4388753e-03
   692 :  6.7073863e-03  9.9525340e-03 -1.3159493e-02
   693 : -1.9220793e-15 -1.9585257e-14 -1.8605584e-14
   694 : -2.6105630e-10 -1.0977864e-09  3.7720510e-10
   695 :  6.6506432e-03  8.6231976e-03  4.3393779e-03
   696 : -6.8689545e-03 -3.4880520e-03 -3.6961360e-03
   697 :  2.2684618e-02 -2.0282301e-02 -1.9637147e-02
   698 :  6.5086898e-04  3.9297119e-03  6.0811524e-04
   699 :  1.7600317e-04  2.7905620e-04 -5.7768220e-04
   700 : -1.6581603e-13 -7.1839908e-14  4.1274743e-13
   701 :  2.9436987e-14  7.2037529e-12 -3.6575323e-12
   702 : -1.2898120e-06  1.6830969e-06 -8.0360627e-07
   703 : -9.2812998e-03 -9.3899694e-03 -9.3208337e-03
   704 :  1.9587406e-02  3.0095154e-02 -2.7050728e-02
   705 :  6.8001500e-09  2.3314849e-08 -5.1739448e-09
   706 : -2.0936124e-01  1.9928811e-01  3.1807791e-02
   707 :  2.1533134e-02  2.1549673e-02 -1.1541246e-03
   708 :  1.4032881e-02  8.6452051e-03 -1.6335161e-03
   709 :  8.2008421e-03  1.4884898e-02  1.0875709e-02
   710 :  5.8908561e-05 -3.2147623e-05 -5.0216268e-05
   711 :  1.1668195e-02  1.0486956e-02  2.2249624e-02
   712 : -7.4564198e-04  4.1254986e-03  8.5311079e-04
   713 :  8.9014696e-03  1.2199126e-02  4.5884943e-03
   714 : -1.3743907e-02 -1.1077660e-02 -1.4854568e-02
   715 :  5.8119646e-03  8.2003714e-03 -4.4648731e-03
   716 : -3.5242741e-10  6.2213343e-10 -2.8457247e-09
   717 : -3.0558614e-03  3.9106301e-03  3.2434501e-03
   718 :  7.8642310e-03  2.6960860e-02 -7.1610193e-04
   719 : -7.6149553e-03 -9.1403417e-03  7.9125098e-03
   720 : -7.1673715e-03  3.0119984e-03 -9.4343944e-03
   721 :  2.2345593e-02 -3.8297170e-02  4.6302390e-03
   722 : -3.8473076e-08 -1.4851408e-07  4.6313821e-08
   723 :  9.5416105e-08  2.4962096e-06 -2.0213697e-06
   724 : -1.6644578e-07 -3.4487003e-08 -4.5383909e-08
   725 :  9.9470551e-04  4.0989617e-03  5.3486013e-03
   726 :  7.4711190e-06 -2.1102206e-03  3.0881860e-04
   727 : -1.6932357e-03  6.3709662e-04  5.8458516e-03
   728 : -3.1650925e-03  2.5234746e-03  3.4352762e-03
   729 : -1.0690445e-02 -4.1362180e-03 -6.7194880e-03
   730 :  6.1166439e-03  1.0522028e-02  8.2357573e-03
   731 : -2.0864107e-07  1.7831558e-07 -1.9122736e-08
   732 :  2.1910720e-04  2.8827096e-05 -3.0744853e-05
   733 : -5.5340979e-03 -4.4315709e-04  4.8148841e-03
   734 : -1.6414874e-02 -6.0431217e-01  7.0548113e-01
   735 : -1.2951106e-02 -8.1389410e-01  7.8638936e-01
   736 :  9.9482842e-04  1.2584633e-02  1.2278014e-02
   737 :  6.2019792e-03  1.8964419e-03  1.2658461e-02
   738 : -3.7834863e-03  1.7306457e-03 -1.9080648e-03
   739 :  3.2575806e-03  4.5892596e-03  5.7276687e-03
   740 :  6.1139840e-03  9.5491994e-03  5.6733317e-03
   741 : -4.8319686e-03  1.6300100e-03 -6.9928363e-03
   742 :  2.7782428e-02  2.3313172e-02  7.8296566e-03
   743 : -2.0826828e-03 -1.6677356e-03 -1.4134141e-03
   744 : -3.9336293e-02 -4.2011703e-03 -2.2210558e-02
   745 :  3.0833015e-08 -1.2939574e-07 -1.7139878e-08
   746 :  2.4667826e-06 -3.7254982e-07 -1.4265203e-06
   747 :  1.9174029e-04  1.3341875e-04 -1.2882077e-03
   748 :  6.9692635e-03  7.0018430e-03  6.5442981e-03
   749 :  1.4500916e-03  6.9148021e-03  2.6644774e-03
   750 :  5.2656392e-09 -7.0220981e-09  3.2474273e-08
   751 : -1.3499450e-02 -1.4924981e-02 -1.8335840e-02
   752 :  9.6795067e-04  1.9852668e-02  3.0447582e-02
   753 :  5.9515897e-03  7.8794785e-03  6.7340351e-04
   754 : -1.7295851e-06 -9.7409081e-06  6.3639237e-06
   755 : -1.5684421e-02 -7.9681756e-03 -3.3718438e-02
   756 :  1.3214038e-03  2.0483012e-02  1.4093783e-02
   757 : -2.9452585e-14 -1.8495938e-14  2.1144183e-14
   758 : -1.1249216e-02 -4.6787278e-02  1.2907544e-02
   759 :  8.3857533e-03  2.3988186e-02 -3.0245597e-03
   760 : -9.2614773e-04  8.0020632e-04 -8.4413380e-04
   761 :  3.5030477e-03  5.5574461e-03  4.9058956e-03
   762 : -1.0617505e-02  6.9139900e-02 -7.3117143e-02
   763 :  1.7229644e-10 -2.4151103e-10  7.2233883e-11
   764 :  1.0298795e-12  8.9241017e-11 -4.9157034e-11
   765 : -1.4980895e-02 -1.3664120e-02 -1.8016088e-02
   766 : -1.5456786e-03 -5.5807074e-04 -3.4182198e-03
   767 : -3.3319846e-02  2.2670268e-01 -2.8711608e-01
   768 : -3.0199262e-08  4.2648999e-08 -1.0302366e-07
   769 : -1.5948188e-02 -1.2343588e-02 -1.9129572e-02
   770 : -1.0540737e-02 -4.8111761e-03 -2.2315343e-02
   771 : -2.7233746e-03 -1.6011459e-02  6.9674465e-03
   772 : -3.0905412e-03  2.1783058e-03 -5.2255324e-04
   773 : -4.9901273e-03  1.4751736e-03  8.3674446e-03
   774 : -2.1860817e-02 -1.8963537e-02 -1.6790289e-02
   775 :  3.1816893e-02 -1.7629322e-01  2.0555926e-01
   776 : -2.4204999e-03  4.4750240e-04  5.0486593e-03
   777 :  5.3508477e-03  7.1338246e-03  4.8192491e-03
   778 : -2.3484454e-03 -2.5665336e-03 -1.5747999e-03
   779 : -2.2922058e-06  9.9280726e-06 -2.8657876e-06
   780 :  1.9677470e-02 -1.4944409e-04 -2.5861593e-02
   781 :  2.1694673e-08 -4.5776149e-09  3.0367775e-08
   782 : -7.7461957e-15 -4.3580891e-16  1.5587469e-14
   783 : -2.6596457e-02  2.5740187e-03  5.1934976e-03
   784 :  1.2147181e-02 -4.6785895e-02  3.6112904e-02
   785 :  1.9417663e-08  2.2409629e-08  4.9543742e-08
   786 : -8.6214291e-03 -2.5471101e-02 -3.3278976e-02
   787 : -9.2445866e-03 -7.7463128e-03 -1.3331941e-02
   788 : -3.3130053e-08  3.3309366e-08  3.8720427e-08
   789 :  7.2203251e-07 -2.6919220e-06  2.1393080e-06
   790 : -6.5686843e-03 -3.1943196e-03  1.0639881e-02
   791 :  1.3579381e-03  4.1103672e-02 -9.3149851e-02
   792 : -7.4637507e-04  2.3824309e-03 -2.3990870e-03
   793 : -4.1946028e-03  8.0800991e-04  2.3136391e-03
   794 : -1.3504287e-03 -4.7085304e-03 -3.2641334e-04
   795 : -1.2737909e-03  1.9107528e-03 -4.7352113e-03
   796 :  3.5376268e-04  5.5905588e-03  1.7853905e-03
   797 :  1.7961944e-08 -7.7292333e-08  1.4904592e-07
   798 :  5.5478090e-03  4.9354723e-02 -4.9301385e-02
   799 :  2.4924099e-04 -1.4849225e-03 -1.8763006e-03
   800 : -1.3862937e-02 -1.4569596e-02 -1.7873131e-02
   801 :  2.7139920e-06 -2.4098419e-06 -3.8413792e-06
   802 : -1.7429110e-02 -4.4959281e-01  4.3787008e-01
   803 :  1.5457476e-04 -7.4194400e-04  3.3882375e-04
   804 : -1.4241934e-02 -1.8303752e-02 -1.8167210e-02
   805 :  9.8510301e-03 -1.5129393e-03  8.3237795e-03
   806 :  1.2998018e-05 -6.3847824e-06  4.7047127e-06
   807 : -2.3923233e-08 -1.5468962e-07  2.4762360e-08
   808 : -2.1864533e-02 -1.9596264e-02 -1.9411138e-02
   809 : -2.3851509e-03  2.6958292e-03 -2.4880183e-03
   810 : -7.8625899e-08  5.2493245e-07 -6.9210466e-07
   811 :  8.0802168e-15  2.9417725e-16 -7.1386646e-15
   812 :  1.5129092e-02  1.0330042e-02  1.0070982e-02
   813 : -3.2848591e-03 -1.7806896e-01  2.0168047e-01
   814 :  3.4509458e-14  1.7983428e-16 -3.4997449e-14
   815 : -2.9566840e-16  2.4011437e-17  4.9998240e-16
   816 : -7.3791620e-12  3.8603240e-12  1.6586265e-12
   817 : -8.9609713e-14  2.7772381e-13 -1.2225139e-13
   818 :  1.4485045e-14 -3.4048319e-14  1.8939507e-14
   819 :  1.3651288e-02 -5.3488958e-03 -3.8969113e-03
   820 : -1.8114724e-14  5.4991097e-14 -1.2030361e-14
   821 :  1.2305782e-02  9.8723612e-02 -5.6869290e-02
   822 :  2.2097841e-02 -6.2134825e-02  2.6801076e-03
   823 : -1.1775841e-05  1.0831025e-05 -1.2738031e-05
   824 :  3.1461250e-04 -5.5269766e-04 -5.8770955e-04
   825 : -4.0007633e-10 -3.5414769e-10  1.4546739e-09
   826 :  3.6491292e-03  2.8304647e-02 -3.4789494e-02
   827 :  5.1328251e-06 -4.0407328e-06 -5.1513408e-07
   828 :  2.8235506e-05 -1.1305174e-03  5.2566975e-04
   829 :  5.1697007e-03 -4.3421311e-02  6.2711735e-02
   830 : -3.7627253e-03  1.0276749e-02 -1.9479577e-02
   831 :  1.8017882e-02 -3.9121113e-01  3.6908627e-01
   832 :  2.9617756e-03  3.7541937e-02 -3.0325285e-02
   833 :  1.4600347e-02  6.9872702e-02 -2.5158789e-02
   834 :  1.4598245e-13 -1.2408922e-13  2.1978461e-13
   835 : -1.1919876e-15  2.0650567e-15 -3.7215483e-15
   836 :  1.7532531e-02  6.8780019e-03  5.4565721e-03
   837 :  8.2196055e-08 -1.6905855e-07 -3.5724993e-07
   838 : -3.7531735e-03 -6.3334215e-03  3.6658771e-03
   839 :  6.1238830e-04 -7.3399513e-04 -7.7845813e-04
   840 : -6.7230114e-07  4.2541425e-07 -1.0773546e-07
   841 : -1.7692641e-05 -1.6067117e-06  2.2887138e-05
   842 :  1.2806616e-02  4.4873079e-03  6.4567635e-03
   843 :  1.4987225e-06 -5.9182627e-07  5.1534395e-06
   844 :  1.6174629e-02  1.1516200e-02  2.2558094e-02
   845 : -6.4678309e-10  1.8615047e-10 -9.6442527e-10
   846 : -6.3101552e-03 -1.6223290e-01  1.4492340e-01
   847 :  1.0443918e-02  6.7406489e-03  2.6416405e-03
   848 :  1.1043093e-16 -1.1080208e-16  6.1276192e-18
   849 :  1.6815226e-04 -1.0945758e-03 -7.0257427e-04
   850 : -2.1813345e-04  5.1653445e-04 -7.8382033e-04
   851 : -1.1309440e-04  1.5382260e-04  6.1824131e-05
   852 : -1.1698792e-10  2.7677789e-10 -1.2653678e-10
   853 : -6.3140079e-03  1.3919664e-02 -1.4884775e-02
   854 : -1.3960977e-17  3.4545540e-18  2.5207568e-17
   855 : -1.2626125e-02 -5.6236397e-03 -7.3353791e-03
   856 :  1.4491813e-02 -1.0710651e-02 -1.6523997e-03
   857 : -8.6790950e-03 -7.9010434e-03 -4.2272995e-03
   858 : -2.3088261e-03 -1.2986693e-02 -2.3812465e-02
   859 : -4.7461961e-10  7.4805744e-10  6.7076922e-10
   860 : -2.5365552e-02 -1.7209745e-02 -2.0889037e-02
   861 : -1.5520423e-03  2.2207537e-02  1.2620660e-03
   862 :  8.4211041e-03  2.0086740e-02  1.7774954e-02
   863 : -1.0227170e-03 -2.2535258e-03 -3.6379796e-03
   864 : -3.5046025e-03 -1.7620514e-03  6.6838603e-04
   865 : -1.9669623e-03  8.0100754e-03 -2.7610274e-02
   866 :  7.2062758e-02 -2.8153013e-02 -6.3259443e-02
   867 :  8.9418000e-04 -2.3217471e-04  2.9853833e-03
   868 : -4.7600310e-03  2.1486123e-03  1.1886132e-02
   869 :  3.1664653e-03  9.9135832e-04 -3.4959875e-03
   870 :  2.5033508e-03  3.2706852e-02  9.3184891e-03
   871 :  5.1920929e-03  9.3177826e-03  8.7688535e-03
   872 :  7.6687401e-04  3.2335466e-03  1.0868444e-02
   873 :  1.7405132e-03 -9.5903063e-03 -1.0807949e-02
   874 : -1.1005561e-02 -7.2339381e-03  2.5128961e-03
   875 : -1.2265921e-05  2.3672311e-06 -2.3069217e-06
   876 : -9.3715935e-06 -8.1101754e-06 -5.8752050e-06
   877 : -1.6299266e-13  1.9632592e-13 -2.3424704e-13
   878 : -8.8689137e-12  2.2363552e-11 -5.1942399e-12
   879 :  2.0694235e-05  1.6901212e-05 -5.8876136e-05
   880 : -2.7157489e-04 -1.1825961e-04  1.8708859e-04
   881 :  8.2581795e-14 -2.0806348e-14 -3.7570692e-14
   882 : -1.6159826e-13  2.0733917e-13  2.2174472e-13
   883 :  1.8666166e-06 -1.5603898e-06  2.0592672e-06
   884 :  3.9743537e-06 -5.6719860e-06  4.2585553e-06
   885 :  1.9638163e-02 -2.4385758e-03 -2.9743568e-03
   886 :  4.1574646e-03  1.5746648e-02  1.6500456e-02
   887 : -2.2418469e-02 -2.5139174e-02 -7.1107538e-03
   888 : -6.9521982e-03 -2.1109780e-03 -2.4333755e-02
   889 :  4.6311540e-03  7.5536716e-03  3.8044387e-03
   890 :  2.9781969e-03  1.0309711e-03  5.2219169e-03
   891 :  1.4180166e-05 -2.3805131e-06 -6.9677870e-06
   892 : -8.4714296e-05  1.5754887e-04  5.9937557e-05
   893 : -4.7928913e-02  8.4948372e-02  2.8782747e-02
   894 : -4.5955689e-03 -2.0261428e-02 -2.6931280e-02
   895 :  1.6393697e-02  4.7394289e-03  4.6271887e-03
   896 :  2.6084249e-03  2.6183169e-03  2.5552565e-02
   897 :  1.4552463e-06 -3.9039883e-07  1.6436336e-07
   898 :  1.1276007e-06  1.0365133e-06  2.4014386e-07
   899 : -1.6187776e-03  4.1543351e-03  2.9080253e-03
   900 :  4.1091271e-03 -2.1006653e-03 -2.2578666e-03
   901 :  2.4557662e-02  3.7316677e-03  5.5118726e-03
   902 : -1.0472921e-02 -4.9950226e-03  3.3748289e-02
   903 : -4.4345550e-03 -4.8538051e-03  2.3400336e-03
   904 :  2.5925036e-03 -8.8070855e-03 -2.1513934e-03
   905 :  1.0465807e-03  1.0967095e-03 -1.5837018e-03
   906 : -8.6084901e-03  9.3516133e-03  2.4301728e-03
   907 : -1.6374156e-03 -2.4054162e-02 -7.9626774e-03
   908 :  2.8451857e-01 -4.4499111e-01 -1.2027274e-01
   909 : -1.1158505e-01  2.2901528e-02  2.1348070e-01
   910 : -1.2567768e-03  2.3981001e-04 -1.2229635e-03
   911 : -1.8946716e-03 -8.7978721e-04 -1.0479435e-03
