Number of elements 912
     0 : -6.4543263e-40  6.4025033e-40  6.5642842e-40
     1 : -1.0291809e-23  2.3673869e-23 -3.0033771e-24
     2 :  1.0135997e+00  8.1625185e-01  9.5319654e-01
     3 :  5.6795186e-29  1.1560468e-28 -2.3201619e-28
     4 :  8.8192173e-02 -1.5274211e-02 -2.2767242e-02
     5 :  3.3813631e-04 -2.7557262e-04  5.2406429e-04
     6 :  1.5676788e-56  3.1931703e-56 -6.3345594e-56
     7 : -2.6456071e-22 -1.6746107e-21  1.1133076e-21
     8 :  2.4876780e-19 -1.4778458e-19 -4.9464193e-20
     9 :  6.7828262e-53 -3.7683453e-52  2.3935070e-52
    10 :  4.4300457e-20 -1.2560671e-20 -7.7389828e-20
    11 : -8.6506309e-58  1.6696779e-57  7.0350398e-59
    12 :  3.2919059e-03 -3.9895523e-03 -7.7515606e-03
    13 :  2.6245481e-15 -5.6121907e-16 -1.4069997e-15
    14 :  6.8387037e-32 -1.1569520e-31  1.6087638e-32
    15 : -1.7372790e-18  3.0673546e-18  6.6034969e-19
    16 :  2.3256702e-60 -3.9163534e-60 -7.6254676e-61
    17 : -6.5000238e-44  1.3490118e-43 -2.8384316e-45
    18 :  7.3524318e-19 -2.9454084e-18  1.0547844e-18
    19 :  6.4242135e-71 -8.0201619e-71 -4.8730868e-71
    20 : -1.1992070e-44  2.2556840e-45  2.4261598e-44
    21 : -1.7075764e-16  2.5889023e-15 -2.1711572e-15
    22 : -1.9970641e-14 -1.3116908e-14  1.6008114e-14
    23 :  1.7553685e-65 -1.3783528e-65  1.0131144e-65
    24 :  2.1661058e-22 -1.6400658e-22 -2.8503792e-22
    25 : -1.1498836e-68 -1.3149691e-68  1.2224457e-68
    26 :  5.6395669e-22  2.8706808e-21 -1.6751577e-21
    27 : -2.1402797e-15  4.3064110e-15  2.7826594e-16
    28 : -9.5124337e-15  3.3982557e-14 -1.2253231e-14
    29 : -3.0755656e-27 -5.0774981e-25  5.1677719e-25
    30 :  6.9048747e-21  4.2511227e-20 -5.6375721e-20
    31 :  8.9846775e-30 -6.7628547e-30 -1.1336090e-29
    32 :  6.0483511e-58  7.4261190e-58 -2.0242806e-57
    33 :  3.3309084e-11 -2.1488147e-11 -5.2988770e-11
    34 :  1.6756382e-71 -1.1879678e-71 -2.1659003e-71
    35 : -9.3024724e-30  3.2454313e-30  1.3993459e-29
    36 :  6.0851543e-01  7.4545119e-01  9.7117849e-02
    37 :  4.2101321e-10  6.1571218e-10 -4.7878207e-10
    38 :  1.0329933e-16 -3.8722221e-16  6.8724596e-17
    39 :  1.0416992e-23  3.2573967e-24 -2.4599612e-23
    40 :  1.1080088e-27 -2.5593567e-27  5.3199518e-28
    41 : -9.8008334e-15  2.0017389e-14  7.4977455e-16
    42 : -3.9036162e-68  7.4522698e-68 -1.3138450e-68
    43 : -1.3873868e-40  4.7962302e-40 -2.0360310e-40
    44 : -3.9056624e-11 -4.6142434e-11  1.1164564e-10
    45 :  1.1692970e-32  1.1981217e-32 -3.5906048e-32
    46 : -7.7600873e-36  2.9843111e-35 -5.2411286e-35
    47 :  2.2907801e-56  1.1098823e-55 -2.4565772e-55
    48 : -6.1193194e-61  2.2616380e-58 -8.8609648e-59
    49 :  1.7033896e-17 -2.2490908e-17 -1.2204792e-17
    50 :  8.6965751e-12 -5.0152828e-11  2.0570344e-11
    51 : -2.8759340e-04  1.2043272e-04  1.5523092e-05
    52 : -1.1218509e-19  2.0623067e-19 -2.6621636e-20
    53 :  7.0329553e-57 -5.3191194e-57  2.9505801e-57
    54 : -2.9393057e-13 -2.7425295e-13  8.6760610e-13
    55 : -6.4761255e-16 -5.6555978e-14  8.2449357e-14
    56 :  1.2461347e-03  2.8632302e-04 -3.2636304e-04
    57 : -2.3782736e-17 -4.4592628e-17  1.1034195e-16
    58 :  6.3211444e-08 -1.2929233e-07 -1.2491438e-08
    59 : -1.7043149e-21 -6.6891996e-20  3.3048598e-20
    60 :  3.7037035e-13 -7.0114098e-14 -6.8056457e-13
    61 : -1.2950582e-06  1.0002214e-06 -9.4514111e-07
    62 :  3.7949468e-22  1.0883297e-22 -2.4035938e-22
    63 :  6.8846397e-11  4.7081174e-11 -5.4502564e-11
    64 : -9.4693664e-22  8.5553766e-22  1.0513404e-21
    65 : -5.0223374e-26  5.4211920e-26 -6.0001831e-27
    66 : -1.6177417e-29  3.6464297e-29 -3.2128393e-30
    67 : -1.4661514e-60 -1.9976775e-61  3.1426469e-60
    68 :  2.9450489e-59 -5.8969445e-59 -1.8866966e-61
    69 : -1.2704676e-60  7.3881209e-61  1.8082136e-60
    70 :  3.4927449e-34 -1.8990996e-33  1.1963595e-33
    71 :  1.1873370e-11 -9.4733345e-12 -1.5669034e-11
    72 : -4.6173046e-63  1.6237131e-62 -6.9797753e-63
    73 : -1.6751740e-09  1.4981633e-09  2.0467824e-09
    74 :  8.8511483e-49  2.9898227e-48 -1.9325727e-48
    75 :  7.5358990e-47 -1.0376455e-47 -3.2109653e-47
    76 :  6.4131384e-63 -9.0708773e-64 -2.7190190e-63
    77 :  1.9534598e-49 -1.4439217e-49 -2.5129052e-49
    78 : -4.2138926e-53  9.2073333e-53 -6.4163822e-54
    79 :  8.0895172e-42 -8.1159814e-42  8.2804112e-42
    80 : -1.4576150e-81  5.5146101e-81 -2.6408474e-81
    81 : -1.7991850e-57 -6.7003596e-57  4.2467511e-57
    82 :  1.5126512e-02  8.8322765e-01  1.5617634e-01
    83 : -2.7964699e-72 -1.7998527e-71  2.3601689e-71
    84 :  3.4206346e-68 -1.1493131e-67  3.8787074e-68
    85 : -1.6294303e-03 -2.0811009e-03  1.4938742e-03
    86 : -8.4758445e-43 -8.9832194e-43  2.6539655e-42
    87 : -5.4622657e-40  9.5057251e-40  1.4664354e-40
    88 :  5.0099888e-29  4.1345906e-29 -4.5408474e-29
    89 : -8.5797586e-09  1.1723932e-08  3.5067513e-09
    90 : -5.2340161e-65 -1.6227271e-64  1.0722233e-64
    91 : -8.0293556e-03  3.0036278e-03 -7.1254597e-03
    92 :  4.1766643e-34 -2.9067332e-34 -3.1642283e-35
    93 : -2.5947144e-81 -4.7914604e-81  1.0581414e-80
    94 : -1.5381699e-37  3.2176772e-38  9.8381392e-38
    95 :  1.5181802e-59 -3.5955299e-60 -7.9849147e-60
    96 : -2.5243040e-29  6.3934874e-29 -1.0132617e-28
    97 : -4.8266613e-31  6.0619485e-31  3.5901047e-31
    98 :  2.2546956e-01  7.1375446e-01  7.2677739e-02
    99 : -6.2380117e-54 -4.7419606e-53  2.6840884e-53
   100 : -4.3054175e-58  3.2822721e-58  2.2105198e-58
   101 :  2.8409117e-27 -1.3262556e-27 -7.4747466e-28
   102 : -1.5138567e-17 -1.0909423e-16  6.1344565e-17
   103 :  4.9490638e-74 -4.8591001e-74 -5.0902090e-74
   104 : -1.8292796e-34  2.8992627e-35  7.6097797e-35
   105 : -3.8673800e-19  6.8334443e-20  2.4838420e-19
   106 :  7.5800757e-24 -1.3806473e-23 -2.2195377e-24
   107 : -5.4929157e-25 -6.5936710e-25 -9.7346519e-25
   108 :  1.2158211e-23  8.1719938e-24 -2.8551543e-23
   109 :  1.8471131e-17  2.6448468e-17 -7.4667340e-17
   110 : -6.7973165e-11  1.5489508e-10 -3.8320641e-11
   111 : -2.0786789e-22  7.3359176e-23  6.3418258e-23
   112 : -2.7539031e-53 -5.5609731e-53  1.1500909e-52
   113 : -3.4830880e-05  1.2343164e-05  8.9924580e-06
   114 :  3.1096103e-33  1.3838314e-32 -2.0347176e-32
   115 :  1.1004402e-17  3.4209444e-17 -2.2068804e-17
   116 : -3.6488068e-11 -1.1797345e-09  5.7799921e-10
   117 : -9.6136675e-03 -5.5669971e-04  2.7767913e-03
   118 : -3.0047513e-02  3.2818583e-01  8.6104511e-01
   119 : -7.3119342e-63 -1.5651373e-63  1.0770547e-62
   120 :  7.0864079e-31 -1.1157144e-30  1.5365621e-30
   121 : -2.4633942e-48 -1.3906822e-46  1.1215396e-46
   122 : -6.7314840e-16 -3.0795550e-15  1.7971250e-15
   123 : -3.0625335e-74  1.3739099e-73 -1.2456225e-73
   124 :  4.4791554e-55 -2.8679648e-55 -8.0073548e-56
   125 :  3.1346899e-77 -9.3306451e-77  3.0596874e-77
   126 :  9.6615156e-43 -8.6602576e-43 -1.0917888e-42
   127 : -4.1285612e-46  4.2276376e-46  4.0825838e-46
   128 : -1.6929481e-17  1.0473413e-17  2.3641751e-17
   129 :  8.7657318e-40  1.0409208e-39 -3.0063804e-39
   130 : -1.4982453e-05 -5.0073337e-06  4.9658980e-05
   131 :  1.6444911e-12 -3.9131769e-13 -7.2800093e-13
   132 :  1.4957939e-15 -6.2039594e-15  2.3645387e-15
   133 :  1.8053982e-09 -3.2531314e-09  6.6590707e-10
   134 :  2.4526236e-16 -8.8352234e-17 -7.0960088e-17
   135 :  1.1778445e-20  2.9834150e-19 -2.5345177e-19
   136 :  4.2280680e-25  4.6126355e-26 -2.4742174e-25
   137 :  9.2450082e-19 -7.2638689e-19 -1.1474717e-18
   138 :  1.0002115e-22  5.0403933e-22 -5.1187142e-22
   139 :  3.2082345e-22 -6.7235817e-22  1.7617591e-22
   140 : -9.5365642e-50  1.2406802e-49 -1.4340174e-50
   141 : -3.4536636e-47  3.3466521e-47  3.6007360e-47
   142 : -1.0429331e-22 -2.2287780e-22  4.2239938e-22
   143 :  1.4010698e-63  1.7708966e-63 -5.0009725e-63
   144 :  1.3471453e-24  1.4359028e-24 -1.3665371e-24
   145 : -3.1368891e-30  4.0780478e-29 -1.8650914e-29
   146 :  3.3384261e-35 -6.3800616e-35 -3.4821215e-36
   147 :  1.0965601e-60 -7.5708026e-61 -1.6343039e-61
   148 :  3.1365959e-36 -6.3631783e-36 -3.2525151e-38
   149 :  7.1088889e-02 -2.1656213e-02 -1.1466465e-02
   150 :  6.9578404e-31  2.8468277e-29 -2.9825529e-29
   151 :  5.8525582e-45  7.5990309e-45 -1.9362762e-44
   152 :  4.7682149e-39  2.1137374e-39 -3.4059598e-39
   153 : -1.4879096e-01  1.9443520e-01  3.2859734e-01
   154 : -3.8229015e-80  2.2676762e-80  5.4110694e-80
   155 :  4.6675396e-62 -3.0166412e-62 -6.4567658e-62
   156 :  4.4472616e-65 -5.4176631e-65  4.8724264e-66
   157 : -5.7558488e-33 -2.3353847e-32  3.4968901e-32
   158 :  4.5888472e-21 -7.1575596e-21  1.5198834e-21
   159 :  2.8536623e-27  4.9702403e-27 -3.9026055e-27
   160 :  2.5384641e-79 -4.1944128e-80 -1.0587900e-79
   161 :  7.7165136e-75  7.9226872e-74 -1.6627330e-73
   162 :  4.4220621e-03 -4.5334282e-03 -7.2486422e-03
   163 :  6.7039953e-15 -1.3689687e-14  2.1514482e-14
   164 :  2.0856512e-42 -6.7992882e-43 -3.5195168e-42
   165 :  5.3368543e-25 -2.4748341e-24  1.3986397e-24
   166 :  5.1667897e-66  7.8640295e-67 -1.1148569e-65
   167 :  2.6419494e-20 -1.0351938e-20 -5.3552500e-21
   168 :  1.4829955e-14 -4.7811308e-14  1.5408094e-14
   169 :  1.0471979e-01  9.0672835e-01  9.6961749e-01
   170 :  1.1819877e-58 -4.0761735e-58  7.0103477e-58
   171 :  1.9944822e-58 -3.9497736e-58  5.9103874e-58
   172 :  1.3346581e-13 -2.8384886e-13  2.0333286e-15
   173 : -2.5657500e-16 -1.3544017e-16  5.3664099e-16
   174 :  5.1162742e-23 -9.4536643e-23 -9.3591513e-24
   175 :  1.2838118e-34 -8.3757938e-35  6.5607928e-35
   176 :  4.7397865e-54 -4.1569691e-54 -5.3695906e-54
   177 : -1.1698921e-21  2.3641752e-21  1.5153121e-23
   178 :  5.1074650e-02  9.6862624e-01  1.4798426e-01
   179 : -3.3605680e-21  5.7020044e-21 -9.5027974e-22
   180 : -2.5102632e-61  7.0469221e-62  4.3513051e-61
   181 :  2.4183083e-14  2.5967738e-14 -7.6069502e-14
   182 :  1.5937453e-37 -3.5027368e-38 -8.9032702e-38
   183 :  7.8185767e-11  2.9898870e-11 -1.4048181e-10
   184 :  4.3930099e-82  4.2193017e-81 -2.3267699e-81
   185 : -1.4947703e-45  6.4959200e-46  4.2039159e-46
   186 : -9.2477810e-32 -1.7120316e-31  4.3818032e-31
   187 : -1.3930840e-21 -1.4323001e-19  1.4785608e-19
   188 : -5.7772641e-02  2.4705401e-01  4.5027604e-03
   189 :  1.7838269e-20 -4.3320769e-20  7.5725714e-21
   190 :  2.0736141e-24 -3.2250810e-24  5.7974036e-25
   191 :  3.7637922e-76 -2.7404238e-76 -4.8083440e-76
   192 :  2.5462445e-13 -2.0029875e-13 -3.3006390e-13
   193 :  2.1850159e-04 -2.3465630e-03  1.3133130e-03
   194 :  4.8419037e-02  1.1615964e-01 -6.4835076e-02
   195 : -1.3745529e-34 -3.8165882e-35  8.7639543e-35
   196 :  1.8034855e-62 -1.8990780e-62 -1.7221530e-62
   197 :  9.3085832e-64 -1.5146899e-63 -3.4845118e-64
   198 : -1.2237641e-27  8.3257219e-29  1.0580332e-27
   199 : -7.3762898e-06  3.1398199e-05 -1.2759935e-05
   200 : -2.2426237e-57  1.5217657e-56 -1.2831569e-56
   201 :  3.2515973e-15  7.4689033e-16 -4.7501678e-15
   202 :  1.2309372e-34 -1.2687394e-34 -9.7540910e-35
   203 :  1.2104739e-67  4.9887841e-68 -8.5167739e-68
   204 :  1.8113231e-35 -2.8332261e-35  1.4522721e-35
   205 :  2.7530556e-13  1.1414816e-12 -6.8939007e-13
   206 : -1.9367714e-67  8.7237146e-68 -8.2806296e-69
   207 : -2.2890703e-65  1.5028056e-65 -7.2594907e-66
   208 : -4.1266845e-48  2.3262661e-48  4.4152419e-48
   209 : -4.1765977e-02 -1.4168866e-02  9.9054694e-02
   210 :  3.0811142e-37 -6.4357434e-37  2.3023231e-38
   211 :  5.4490170e-66 -2.2963908e-66 -8.3564232e-67
   212 : -8.8205415e-21  7.7529333e-21  9.4926014e-22
   213 :  1.5475940e-63 -5.7088985e-63  5.3716696e-63
   214 :  1.1417362e-01  6.5417718e-02 -5.4207271e-02
   215 :  1.9571150e-01  9.3243565e-01  7.3421300e-01
   216 :  4.9521905e-20 -3.9923468e-20 -6.0016455e-20
   217 :  4.8544121e-78  2.1927159e-77 -1.3370376e-77
   218 :  3.9887135e-51  5.3732585e-51 -1.3392087e-50
   219 :  8.2502255e-16 -2.3830144e-15  1.8342233e-15
   220 : -3.6506630e-45  1.0282783e-43 -2.0376597e-43
   221 :  1.7836619e-54  9.5092139e-55 -4.5226051e-54
   222 :  1.1554130e-06 -9.1476614e-07  8.8270199e-07
   223 : -8.6633841e-11 -6.7976899e-10  6.6275006e-10
   224 :  4.8107610e-28 -1.8695661e-27  8.9481750e-28
   225 :  2.5013570e-43 -4.4791420e-43 -6.3888199e-45
   226 : -8.9911595e-58  6.5610564e-58  2.2516595e-58
   227 :  2.9708790e-33  1.1967048e-33 -5.4127580e-33
   228 : -4.3324534e-31  8.3927273e-31  4.9180793e-32
   229 :  5.9276346e-37  3.9356285e-37 -4.8927795e-37
   230 : -1.2038958e-55 -4.1722352e-56  8.0638574e-56
   231 :  3.1165727e-57 -1.0148104e-55  9.5206275e-56
   232 :  8.8020035e-74  8.7882928e-74 -8.7827767e-74
   233 :  2.6575467e-54 -1.6826120e-54 -3.2754069e-54
   234 : -1.0250383e-04 -5.9182981e-05  2.4018466e-04
   235 :  7.5419917e-13  3.0083576e-12 -6.8964836e-12
   236 : -5.9477065e-52  1.8460585e-51 -6.4917689e-52
   237 : -3.3957710e-47  2.1269092e-48  6.6808284e-47
   238 : -4.6157939e-73 -9.1949661e-74  2.7664388e-73
   239 : -3.9807057e-54  4.0181407e-53 -7.6535777e-53
   240 :  1.6381141e-63 -6.2782469e-64 -2.6588681e-63
   241 : -4.6049054e-17 -1.8165654e-16  1.0721719e-16
   242 : -8.0493920e-18  4.1741259e-18 -4.2039098e-19
   243 :  1.6614274e-08  3.3481978e-08 -9.4993615e-08
   244 : -8.2132400e-12 -3.6543648e-12  1.5980880e-11
   245 :  3.1710789e-53  1.1521615e-53 -6.7333228e-53
   246 : -4.1066981e-18  2.1339740e-18  9.5641375e-19
   247 :  7.9081709e-08  4.8432644e-08 -1.8340677e-07
   248 :  2.0659575e-77 -7.6686949e-78 -3.3747901e-77
   249 : -5.4707032e-40 -2.8575313e-41  1.1311094e-39
   250 :  1.8837857e-17  1.7728974e-18 -2.2453101e-17
   251 :  1.2023668e-31  4.8016352e-32 -2.9448891e-31
   252 : -4.7719564e-58  1.0234690e-57 -2.3902460e-58
   253 :  5.8908345e-71 -7.1690184e-71  8.4946880e-71
   254 :  2.8951151e-06  3.1018655e-07 -1.4052073e-06
   255 : -1.2965461e-32  5.8770823e-34  4.7469110e-33
   256 :  1.6249561e-19  1.0953919e-17 -5.4551440e-18
   257 :  1.2044674e-10 -1.5885140e-10  1.6622955e-10
   258 : -5.0561662e-34 -9.3908584e-34  2.3576116e-33
   259 :  4.3397381e-46  2.3624948e-45 -5.1926598e-45
   260 : -2.3947193e-17  2.5495176e-16 -2.0402572e-16
   261 :  1.4969033e-35 -1.1451070e-34  2.0827886e-34
   262 :  4.6159183e-53 -9.9711091e-53  5.0503697e-53
   263 : -2.0231533e-60  2.0983166e-60  1.9642477e-60
   264 : -1.5054515e-30 -3.7872258e-31  2.2606912e-30
   265 :  4.8946234e-16 -9.3466058e-16  1.4471401e-15
   266 :  5.0140263e-41  1.9709718e-40 -1.2272030e-40
   267 :  2.0583574e-37  2.4387309e-38 -1.1408437e-37
   268 : -2.5288381e-61 -6.9070252e-60  1.4085115e-59
   269 : -7.2709376e-08  1.3654067e-08  4.4939491e-08
   270 : -6.0324567e-37  3.4677081e-36 -2.0846896e-36
   271 :  1.0875671e-14 -5.2731372e-15 -5.8592899e-17
   272 : -2.3997454e-35  1.9849790e-35 -1.6065882e-35
   273 : -1.1492241e-58  3.4972239e-59  1.9522158e-58
   274 : -4.7802423e-19 -2.0662221e-18  3.6484072e-18
   275 : -2.3173055e-48 -7.9790835e-48  1.2678164e-47
   276 :  5.1540977e-12 -5.5359699e-12  6.2951787e-13
   277 :  2.1795603e-52 -2.9809820e-52 -1.3972333e-52
   278 :  2.2119826e-18 -8.7465227e-19 -3.4757282e-18
   279 :  2.0999730e-31 -4.9032818e-32 -8.0183512e-32
   280 : -1.3777813e-02  3.6909937e-02 -3.8096388e-03
   281 : -1.8170976e-30  2.8564558e-30  8.2697662e-31
   282 : -1.1271441e-43  3.9473564e-43 -6.8285243e-43
   283 :  1.1059781e-49 -6.2630298e-49  4.0383119e-49
   284 : -5.2790767e-52 -1.6977922e-50 -1.7367768e-50
   285 :  1.1477213e-04  9.9155449e-05 -9.1314758e-05
   286 : -6.9748593e-19  7.8522782e-19  6.4956715e-19
   287 :  2.3850572e-25 -3.0087126e-25  2.9567208e-26
   288 : -4.3898203e-03 -2.1756716e-02  1.0269723e-01
   289 : -1.2291093e-24 -8.5178199e-25  2.9649329e-24
   290 :  6.0860297e-04 -1.4091620e-03  3.5531315e-04
   291 : -8.6252496e-32  1.1136050e-31 -1.2369516e-32
   292 :  2.2108001e-08  1.5777591e-08 -4.0633894e-08
   293 : -4.9910356e-48  2.6207317e-48  7.5814522e-48
   294 : -8.5454334e-22  1.3040504e-21 -1.8462820e-21
   295 :  1.4400675e-65 -4.2888126e-66 -5.0352027e-66
   296 :  4.1504626e-13 -2.7438985e-12  1.9178684e-12
   297 : -1.4170402e-26  3.1956197e-26 -3.1427930e-27
   298 :  2.1567751e-29  8.5038559e-29 -6.3509885e-29
   299 : -2.9537783e-71 -1.5334232e-71  7.1083172e-71
   300 : -1.6899732e-12  2.2975458e-13  6.9568015e-13
   301 :  9.9278498e-34 -2.8849639e-33  9.3437125e-34
   302 :  9.0625470e-19 -2.4972564e-18  5.8967665e-19
   303 : -4.6088620e-23 -2.9225187e-22  1.6796304e-22
   304 :  1.3592146e-20 -3.3834758e-21 -9.9569222e-21
   305 :  1.3691004e-32  3.9848203e-34 -6.9682527e-33
   306 :  1.2713461e-09  5.1174799e-11 -6.1170787e-10
   307 :  8.5824387e-22 -5.5502974e-22  3.8541879e-23
   308 :  7.3932591e-29  2.6874545e-28 -6.2169333e-28
   309 :  6.8882741e-71  2.1640888e-70 -1.4249734e-70
   310 :  5.3992351e-25  8.8621560e-25 -1.9737504e-24
   311 :  1.2186440e-19  4.8338123e-20 -2.9598475e-19
   312 :  4.3070241e-63  2.4255961e-63 -9.1192610e-63
   313 :  6.2841855e-48 -2.2758086e-47  7.1132171e-48
   314 :  2.2495385e-69 -9.6639510e-69  1.7098447e-68
   315 : -8.0122302e-56 -4.1950800e-55  2.4887903e-55
   316 : -2.2785990e-09 -9.3054337e-10  1.4948313e-09
   317 :  2.5365719e-71 -1.0926115e-70  5.8229998e-71
   318 :  7.1699369e-13  2.7780062e-13 -4.5225514e-13
   319 :  9.7883634e-15  2.5733170e-14 -4.5572520e-14
   320 :  1.1105320e-01  9.6798946e-01  9.1817850e-01
   321 :  2.4876135e-09 -3.6217854e-09 -1.6804559e-09
   322 :  9.6432961e-69 -2.3589326e-68  4.2930452e-69
   323 :  5.7996488e-79 -2.8776144e-79 -1.5686505e-79
   324 : -2.1370630e-54  1.3542450e-52 -6.6109125e-53
   325 :  5.7877872e-45 -1.1829044e-45 -3.3974813e-45
   326 :  2.6759957e-07 -1.8686597e-06  1.6390368e-06
   327 :  3.2615612e-02  9.9738612e-01  8.2038332e-02
   328 :  1.1982407e-18  3.6896337e-18 -2.7791969e-18
   329 :  1.6710686e-51  2.8782203e-50 -1.5220120e-50
   330 : -3.5083113e-74  4.0500537e-75  6.6122700e-74
   331 : -2.2192496e-35  3.1865933e-35  1.2862678e-35
   332 : -7.3717670e-22 -3.3636099e-22  5.3328375e-22
   333 : -1.7655177e-45  1.8783464e-45 -2.0187086e-45
   334 :  2.8236859e-15 -6.6569919e-14  6.0176623e-14
   335 : -2.3601124e-20  5.3775708e-20 -4.9287213e-21
   336 :  9.4516427e-19 -6.9398814e-19 -1.2155896e-18
   337 : -5.2403472e-69 -3.2382788e-68  4.1906582e-68
   338 :  5.3868056e-18 -1.8003068e-17  6.2400303e-18
   339 : -1.6077153e-49  2.0809811e-49  1.1555559e-49
   340 : -1.7625720e-14  7.0979837e-14 -3.2877910e-14
   341 :  4.6974113e-64 -3.7046302e-64 -4.9628277e-65
   342 : -7.9756477e-56  4.9728297e-56  1.1032989e-55
   343 : -4.5993226e-30  2.4110707e-30  1.0868673e-30
   344 :  1.7660848e-12 -3.7183815e-12  8.8831865e-13
   345 : -6.6624742e-05 -1.0345450e-05  3.3637541e-05
   346 : -4.3633844e-56 -2.3178393e-55  1.3710021e-55
   347 : -3.7345526e-14  1.9859839e-14 -3.6636855e-15
   348 :  2.7559432e-30  5.4526231e-30 -4.0915787e-30
   349 :  1.6505483e-32 -1.2733940e-32  9.1785554e-33
   350 : -2.2455777e-14  4.1638589e-14 -6.5383266e-14
   351 : -7.4734438e-45 -1.7166380e-45  4.5705733e-45
   352 : -5.0140340e-13 -5.3409332e-14  6.0773744e-13
   353 :  2.7677168e-20 -3.5812912e-20  3.9654941e-21
   354 :  1.5443800e-01 -8.4284127e-02  2.2094309e-01
   355 :  4.8543122e-02 -2.0956293e-02 -5.5972207e-03
   356 :  1.8924015e-68  3.6065481e-68 -7.6067179e-68
   357 :  2.2827991e-13  2.3810166e-14 -2.6977635e-13
   358 : -2.8552820e-34  3.8945318e-34  1.8637057e-34
   359 :  3.6759431e-77 -1.1384363e-76  3.8542690e-77
   360 : -1.5432731e-16 -2.7533631e-16  7.3753090e-16
   361 :  4.9515953e-42  1.6624953e-41 -1.0715788e-41
   362 :  2.8977270e-30 -6.1943846e-30  9.6882829e-30
   363 : -1.1886441e-37 -3.7418847e-38  1.9426587e-37
   364 : -4.3763243e-39  3.5200519e-39  4.1941055e-40
   365 :  9.1440096e-33 -2.2655710e-32  2.1987346e-32
   366 :  2.0242688e-59 -1.8926656e-58  1.4845566e-58
   367 :  2.2291435e-25 -1.3772618e-25  7.1461808e-26
   368 : -5.3687266e-16  4.3674821e-15 -2.8305389e-15
   369 :  1.1244350e-32 -1.2150558e-32 -8.2921185e-33
   370 :  2.4153219e-40 -4.9688717e-40  1.1192546e-41
   371 : -6.0958415e-62  2.7764733e-62  5.2957495e-63
   372 :  3.4833877e-31 -5.2475277e-31 -1.7457080e-31
   373 :  2.6438101e-21  3.2087576e-21 -9.5859926e-21
   374 : -9.1661156e-06  1.9166418e-06 -3.1140561e-06
   375 : -1.2936187e-44 -1.8539590e-44  1.5617137e-44
   376 :  4.8025443e-68 -1.6600526e-67  7.0819110e-68
   377 : -7.3411245e-28  5.4294249e-28  9.1847122e-29
   378 :  1.4753902e-39 -3.2431740e-39  4.9580468e-40
   379 : -1.0778887e-72  3.0827176e-72 -9.2757900e-73
   380 : -6.0947721e-10  6.4385222e-10 -6.1170826e-11
   381 :  8.8294461e-33 -5.0347917e-33 -1.8793211e-33
   382 : -1.8165794e-48  5.3547931e-48 -1.7202249e-48
   383 : -2.8722229e-12 -2.6557979e-12  2.6337365e-12
   384 : -2.0886279e-42  7.2701981e-42 -3.0233584e-42
   385 : -1.6142601e-18  3.0256174e-18  2.6592971e-19
   386 : -5.1347649e-10  1.6802006e-10  2.0359729e-10
   387 : -7.8350194e-51 -2.0872273e-50  3.6584244e-50
   388 :  2.8908031e-04 -5.9048862e-05 -1.0875471e-04
   389 : -6.2494454e-43  1.4206064e-42 -1.5475527e-43
   390 :  4.7312712e-17 -9.4356394e-17 -4.5065548e-18
   391 : -2.1362123e-36  1.4702569e-34 -7.2300553e-35
   392 :  2.8084382e-12 -2.4075887e-12  1.6910640e-12
   393 : -1.4893873e-11  6.0408342e-11 -2.8533604e-11
   394 :  8.2858290e-42 -5.2937408e-42 -1.1394298e-41
   395 :  3.7762016e-26  3.0729073e-26 -9.9722810e-26
   396 :  4.7339615e-73  4.8305781e-72 -1.0148394e-71
   397 :  2.1193113e-12 -7.2035854e-12  9.7147208e-13
   398 :  4.9416977e-22 -1.1852152e-21  3.3874779e-22
   399 : -3.5006683e-11  2.6814428e-10 -1.4296576e-10
   400 : -3.9819074e-23 -2.5458428e-23  9.1809948e-23
   401 :  2.9607611e-20 -4.2375268e-20 -1.8609888e-20
   402 :  9.9331001e-41 -5.6176042e-41  3.0671026e-42
   403 :  2.8578489e-39 -4.2903218e-38  3.7167064e-38
   404 :  3.4561008e-61 -6.5645776e-61 -2.4178829e-61
   405 :  1.4758160e-26  3.4889573e-26 -4.1829851e-26
   406 : -3.4279371e-15  1.8485988e-15  7.4679526e-16
   407 :  1.0402374e-10 -1.5105367e-10  2.2081989e-10
   408 : -8.0458493e-09  9.0332683e-10  3.3890605e-09
   409 :  5.6539477e-24  4.6853908e-24 -5.1041635e-24
   410 :  6.5328074e-01  9.9011144e-01  7.3556004e-01
   411 : -7.0558861e-25  1.5615195e-24 -1.3015221e-25
   412 : -4.2807857e-20  2.9377354e-20  5.8499451e-20
   413 :  1.9704150e-66  3.9383760e-66 -8.4679162e-66
   414 :  4.6345342e-04  2.9120448e-05 -4.7178553e-04
   415 : -6.6805837e-23 -8.0421811e-24  1.4343365e-22
   416 :  1.3969023e-48 -6.3379383e-48  1.1346729e-47
   417 : -4.1826329e-15  6.0784014e-14 -1.2272851e-13
   418 :  1.4746310e-09  2.3706637e-09 -5.6093040e-09
   419 : -8.7019239e-62  1.9141708e-61 -5.1834520e-62
   420 :  1.4329077e-57 -1.4111611e-56  1.1245177e-56
   421 : -4.9572911e-53  2.5519056e-52 -1.5796650e-52
   422 : -1.0442257e-31  4.6431616e-32  3.3447059e-32
   423 : -2.2900253e-27  3.5797771e-27  1.1458177e-27
   424 :  2.0726158e-43 -9.5529376e-43  3.7174735e-43
   425 : -2.1343599e-54  8.9893227e-54 -3.4046601e-54
   426 : -2.2758797e-35  7.6675389e-37  1.0911184e-35
   427 :  1.7582221e-42  2.9767194e-43 -4.3585671e-42
   428 : -9.7548192e-41  1.7467364e-40  2.1871633e-41
   429 :  6.4548211e-21  2.6593416e-21 -4.4011760e-21
   430 :  6.1519851e-19 -5.9405373e-19 -6.8718780e-19
   431 :  2.1262378e-26 -4.7353099e-26  4.1945183e-27
   432 : -9.4486743e-31 -3.8011543e-31  1.7011780e-30
   433 :  7.0131538e-66  1.4549766e-65 -2.8598380e-65
   434 :  6.6052666e-08 -9.8619276e-09 -4.4124777e-08
   435 : -2.4602735e-26  2.6584842e-25 -5.1086057e-25
   436 : -1.8908136e-44 -5.3390703e-44  1.1554724e-43
   437 :  1.6405201e-15 -1.0288857e-15  4.4053930e-16
   438 :  9.0117555e-17 -6.5455168e-17  4.6696005e-17
   439 :  6.3325137e-11 -3.7192755e-11  1.4853583e-11
   440 : -2.5548754e-53  7.7421430e-53 -2.1024668e-53
   441 : -1.6795973e-73 -8.3383342e-74  3.2511965e-73
   442 :  2.4741002e-15 -2.5292342e-15  2.9916087e-15
   443 : -2.5463842e-31  3.9880835e-31  1.1385176e-31
   444 :  8.4705708e-17  5.0998671e-17 -1.0985441e-16
   445 :  1.9396354e-36 -5.3645145e-37 -9.0757147e-37
   446 : -3.9003871e-05  1.7267352e-04 -5.9758916e-05
   447 : -3.2512654e-37  1.6150682e-37  8.2076076e-38
   448 : -1.2318295e-23 -1.7645871e-23  1.4299120e-23
   449 :  3.0136053e-64 -9.3289126e-64  3.2797366e-64
   450 : -6.6778000e-69  9.4621194e-69  3.9443559e-69
   451 :  3.7686033e-06  9.0365070e-06 -5.2294694e-06
   452 :  1.1026913e-01  1.6963653e-01 -5.5631810e-02
   453 :  1.4059261e-05 -1.0965682e-05 -2.1040383e-06
   454 : -1.4805206e-02 -1.3146432e-02  4.7578146e-02
   455 :  2.1310630e-39 -1.6964258e-39 -6.5085058e-40
   456 :  2.4335017e-23 -6.8865746e-24 -1.0425911e-23
   457 : -3.4105926e-74  3.8867840e-73 -3.1053424e-73
   458 :  9.5796503e-36  3.3579304e-35 -5.4518687e-35
   459 :  6.5838865e-25  3.8740121e-25 -1.6371563e-24
   460 :  3.5993253e-22 -6.1223099e-22 -1.3454648e-22
   461 : -4.1495035e-40  1.2497616e-40  7.0778630e-40
   462 : -8.0712573e-33  5.0989386e-32 -3.4790541e-32
   463 : -1.3696079e-51 -1.2437646e-51  3.4520809e-51
   464 :  4.9719368e-16  1.8094265e-15 -1.1183204e-15
   465 :  4.6830818e-22 -1.8210264e-22 -9.9820575e-23
   466 :  1.3762578e-11 -1.6904558e-11  1.5851618e-12
   467 :  1.9861153e-55 -3.5799396e-56 -1.2691533e-55
   468 : -2.3719240e-48  2.2918730e-48  4.2689809e-50
   469 : -6.9540656e-72  4.0968693e-72  6.9543395e-72
   470 : -4.7359515e-70  6.1338259e-70 -7.0414555e-71
   471 : -2.0758742e-43  7.1749306e-44  7.8315287e-44
   472 :  5.5188144e-51 -9.3548342e-51 -1.7489600e-51
   473 : -7.0873915e-19  2.5865731e-18 -1.1409283e-18
   474 : -1.5593119e-59 -5.4625998e-60  3.6714752e-59
   475 :  1.7191989e-42 -2.1188037e-43 -1.2914355e-42
   476 : -3.1086638e-41 -3.7876538e-42  1.7293149e-41
   477 : -7.1181510e-78 -1.7260233e-76  3.5355604e-76
   478 :  3.8283885e-24  1.3128768e-24 -9.2285286e-24
   479 : -5.1010901e-75  9.7274227e-75  4.8324110e-76
   480 : -9.5297735e-08 -9.1950960e-09  1.3655840e-07
   481 :  5.6522920e-40 -2.6751205e-40 -1.1978041e-39
   482 :  1.5364148e-60 -4.7262626e-60  1.5924297e-60
   483 : -2.1038673e-10  2.9661723e-10  1.7697299e-12
   484 : -1.2978010e-25 -8.2280027e-26  1.0306760e-25
   485 : -1.4204341e-23 -9.0652808e-26  2.9382542e-23
   486 :  1.3787476e-01  5.7231297e-01  1.5227289e-01
   487 :  5.3537179e-21 -9.8466429e-22 -3.5942513e-21
   488 : -4.9909009e-09  4.4818930e-08 -1.3450959e-08
   489 :  1.3512115e-63  3.9123173e-64 -3.0359848e-63
   490 : -1.1293683e-53 -6.7823506e-54  9.0231562e-54
   491 : -3.3496935e-56 -6.5669957e-56  4.9524109e-56
   492 : -2.6187338e-19  5.2729277e-19 -8.0874539e-19
   493 :  8.2812694e-12 -2.0070122e-11  1.5347111e-12
   494 : -2.6560402e-11 -6.0595070e-10  5.7454482e-10
   495 : -1.0740705e-28  2.0388654e-28  3.1370797e-29
   496 : -1.2242577e-49 -3.1584918e-49  5.6168652e-49
   497 :  6.1122492e-72  1.0863515e-70 -5.7214261e-71
   498 :  1.4341989e-66  6.1957171e-66 -1.3911357e-65
   499 :  1.7994128e-07 -2.8946668e-07 -1.2938712e-07
   500 : -6.3773669e-71  2.0694108e-71  1.0719210e-70
   501 :  1.9372288e-79 -2.0562448e-78  1.4069273e-78
   502 : -1.4250698e-16 -8.9602516e-16  7.4754799e-16
   503 : -2.3529894e-15  2.6829071e-15 -4.7051048e-16
   504 : -1.4531787e-24  5.2787326e-24 -2.2444932e-24
   505 :  1.3017405e-07 -2.0228975e-08 -5.0021844e-08
   506 : -1.0276046e-50  3.9186110e-50 -1.8576975e-50
   507 : -1.2395545e-47  2.1278017e-47 -1.5919027e-47
   508 :  4.8924333e-47 -6.9276475e-47  1.0443313e-47
   509 :  1.4655143e-20 -4.0590815e-22 -1.3736519e-20
   510 : -6.4750103e-48  5.2170608e-48  8.7383721e-48
   511 :  9.3712906e-38 -2.6308709e-38 -3.8550376e-38
   512 : -5.9657009e-39 -4.3528621e-37  2.1899582e-37
   513 : -4.4177272e-29 -8.0604432e-29  1.6925826e-28
   514 :  1.1580828e-25 -4.3551435e-25  1.7356860e-25
   515 : -3.0596434e-12  1.7080855e-12  7.1698072e-13
   516 :  5.6279790e-50  1.3319715e-49 -9.4559651e-50
   517 : -1.8110476e-11  1.2085470e-11 -7.7002384e-12
   518 : -7.9782011e-26  4.9385157e-26 -1.7292222e-26
   519 :  1.0450624e-38 -6.9929803e-38  4.9025205e-38
   520 : -2.5523315e-28  3.3805936e-28  2.6556943e-28
   521 :  4.8541616e-15 -3.5345153e-15  2.4470924e-16
   522 :  2.7258477e-01  4.5165598e-02  7.0603814e-01
   523 : -3.2844030e-10 -3.8855567e-10  3.5224296e-10
   524 : -1.4092505e-29 -2.2521123e-29  1.8107930e-29
   525 : -1.0263733e-24  9.2982331e-25 -8.8666330e-25
   526 :  2.8212507e-38  1.8447136e-37 -2.7144374e-37
   527 : -1.2997596e-58  4.0652909e-58 -2.9766584e-58
   528 : -2.5632233e-05 -6.3441409e-04  1.1351992e-03
   529 : -2.6523618e-20 -3.3271060e-20  7.8575459e-20
   530 : -1.4837942e-10  1.0046662e-09 -4.5105878e-10
   531 : -3.9153931e-19 -2.2443376e-19  2.9571748e-19
   532 : -3.6175764e-39  2.6089430e-38 -1.8787121e-38
   533 :  3.8489151e-78 -5.0093241e-78  6.1811362e-78
   534 : -1.5447256e-78 -4.0512520e-78  9.5280366e-78
   535 : -2.7873140e-57 -3.2123213e-57  8.7188076e-57
   536 :  4.0966908e-12  1.3565336e-12 -6.4651816e-12
   537 : -1.2248521e-16 -4.6165930e-17  8.0093824e-17
   538 : -1.9974403e-23 -1.3370317e-24  2.2871549e-23
   539 :  3.2309645e-58 -8.6691029e-58  1.5206053e-58
   540 :  7.6192509e-52  6.7068112e-52 -1.8238826e-51
   541 : -3.1119338e-49  7.6859172e-49 -3.0185044e-49
   542 : -2.0441887e-28 -1.0091825e-28  1.4754361e-28
   543 :  5.2427109e-61  3.7860850e-61 -4.5049791e-61
   544 :  2.8952455e-27 -5.3609788e-27 -5.3767700e-28
   545 :  1.9757611e-45  9.8257338e-46 -4.9522022e-45
   546 : -1.0580726e-08 -1.4438952e-08  1.1222925e-08
   547 : -1.0635200e-57  2.3585925e-57 -2.2860567e-58
   548 : -1.5977053e-12  1.3964383e-13  1.1332207e-12
   549 : -1.5424943e-48 -3.6410911e-48  8.8918102e-48
   550 :  3.7297969e-22 -8.7887930e-22  1.6024601e-22
   551 : -8.2277048e-13 -1.3304998e-12  3.5213920e-12
   552 : -4.4869079e-15  2.5511986e-14 -1.2417362e-14
   553 :  1.4637920e-17 -4.3102865e-18 -5.6092201e-18
   554 :  2.0286131e-47 -6.7546145e-47  2.3577855e-47
   555 : -1.8147287e-28  2.3792319e-28  1.3233296e-28
   556 :  2.6921604e-50  3.2116880e-50 -2.9366589e-50
   557 : -2.1691787e-02 -2.4636359e-03  1.1367544e-01
   558 :  1.4628608e-18 -1.2530320e-18 -1.7287215e-18
   559 : -2.3526963e-13 -3.6673585e-13  5.8835701e-13
   560 : -9.9524163e-21  6.0510174e-21  1.9547826e-21
   561 :  9.9886973e-05  1.2885273e-04 -8.6142184e-05
   562 :  4.9754948e-40 -2.1100869e-40 -1.4222210e-40
   563 :  1.8499396e-68 -7.3351558e-69 -3.7898816e-69
   564 :  4.2875559e-11 -2.1516277e-11  4.2512289e-12
   565 : -7.6851458e-09  4.5262758e-09 -2.3460238e-09
   566 :  1.9417072e-53 -8.9191521e-53  9.9680840e-53
   567 :  5.1632859e-30 -1.9446903e-29  8.9114667e-30
   568 : -7.2079063e-12  1.1047964e-11  5.7396269e-12
   569 : -7.5007615e-14 -1.9183428e-12  8.8131863e-13
   570 :  1.9709327e-46 -3.2552486e-46 -7.1885509e-47
   571 : -2.2067106e-30  1.4979508e-30  3.5257897e-31
   572 : -7.8836336e-77 -8.2123955e-76  4.4963474e-76
   573 : -2.8891333e-22  1.0003570e-22  4.8919491e-22
   574 :  3.9494930e-20  2.4198171e-19 -5.3320940e-19
   575 : -5.5423335e-03 -1.7827588e-02  4.0706115e-02
   576 : -8.3916521e-27 -2.8856295e-25  3.0808309e-25
   577 :  1.7354027e-01 -1.3340554e-02  1.8708505e-01
   578 :  3.4676321e-82 -1.1279126e-81  4.3140447e-82
   579 : -2.6560966e-07 -8.8846342e-07  5.0429532e-07
   580 : -1.2647025e-03  4.3283902e-04  4.3135686e-04
   581 :  3.6022417e-46  3.9526809e-46 -1.1230941e-45
   582 :  9.3397780e-75 -3.7311168e-74  1.3959910e-74
   583 :  7.3940123e-46 -2.8893800e-45  1.3781131e-45
   584 :  4.7537538e-63 -8.9692140e-63 -5.4791009e-64
   585 :  4.5439206e-12  2.4694406e-11 -1.3939525e-11
   586 : -3.3271470e-55  9.1434999e-55 -2.4849821e-55
   587 : -7.2265638e-40  1.4499967e-40  1.2974375e-39
   588 :  1.1522597e-52 -1.4460374e-52  1.4547588e-53
   589 :  3.9442061e-14 -1.3270149e-14 -6.7260864e-14
   590 :  8.8284209e-14 -5.8427117e-14 -1.2810857e-13
   591 : -2.9209894e-69  4.5522991e-69  1.2968473e-69
   592 : -2.4607728e-48 -8.8608283e-48  2.0204878e-47
   593 :  1.3260893e-38 -2.8875993e-39 -7.3972458e-39
   594 : -1.0307658e-43  8.1274236e-43 -3.5295390e-43
   595 :  3.8140595e-23 -1.0353433e-22  1.7427385e-22
   596 : -2.5862156e-25  7.3258408e-25 -2.0244025e-25
   597 : -2.2361461e-33 -7.1305984e-33  6.3515167e-33
   598 : -2.2226977e-39 -1.3596115e-38  7.8907788e-39
   599 :  1.1943571e-05 -2.8217362e-06 -6.7022910e-06
   600 : -1.0794367e-26  7.9714199e-27  1.3886219e-26
   601 :  2.0465652e-05 -7.5855509e-06 -3.6142900e-06
   602 : -4.4550876e-56 -5.2081697e-55  2.8139348e-55
   603 : -1.5169902e-61 -2.2102988e-61  5.9833426e-61
   604 :  6.2213906e-46 -4.0970185e-46  1.9796494e-46
   605 : -3.9028353e-35  7.1262180e-35  7.2980547e-36
   606 :  1.9943774e-01  7.1157374e-01  5.4379175e-02
   607 :  1.6046573e-26 -1.5020263e-26 -1.7497821e-26
   608 :  9.5449911e-50  6.4764555e-49 -3.6906954e-49
   609 :  9.9063947e-44  1.8104952e-43 -1.8933783e-43
   610 : -4.6676198e-61 -1.2771240e-60  3.0236927e-60
   611 :  6.5069671e-07 -2.2492371e-07 -1.6345963e-07
   612 :  4.8432168e-29 -9.2593504e-27  9.2532131e-27
   613 :  3.1975097e-36  1.6884385e-36 -8.1152148e-36
   614 : -2.1101914e-14  3.1252263e-14  1.2763018e-14
   615 :  2.2311138e-32 -2.4958915e-32 -1.9861362e-32
   616 :  1.7121500e-64 -2.0888272e-64 -1.3386710e-64
   617 :  1.0116797e-35  7.9773825e-36 -8.9259348e-36
   618 : -6.0099783e-42  3.0031094e-42  1.4977980e-42
   619 :  5.6303473e-51 -9.3090241e-51 -1.9682322e-51
   620 : -5.6604545e-36  6.5125526e-36 -7.4839988e-36
   621 : -9.6775032e-28 -1.5679749e-27  3.5157291e-27
   622 :  3.7756471e-09  2.9272334e-08 -3.7927498e-08
   623 :  1.7766340e-17  7.0045716e-18 -2.7739831e-17
   624 :  1.1280750e-31 -2.5816664e-31  7.3015804e-32
   625 : -2.2165007e-32 -6.6269864e-34  1.1389677e-32
   626 : -3.8820568e-84  1.4185470e-83 -4.7653710e-84
   627 :  3.4158099e-54 -9.6543345e-54  2.8148245e-54
   628 :  5.0990951e-42 -1.1535358e-41  3.2106105e-42
   629 : -1.7932762e-17  5.9122413e-17 -2.2191296e-17
   630 :  4.9234081e-12  9.2915860e-13 -7.5795888e-12
   631 :  2.2227407e-38 -1.3647134e-37  5.4090293e-38
   632 : -4.3496726e-61  9.8007660e-61 -1.0642966e-61
   633 :  2.3484539e-18 -2.4254195e-18  3.4908037e-19
   634 : -1.1146609e-23 -9.0453172e-24  3.0484381e-23
   635 : -1.7603909e-16  1.3592476e-17  6.6342067e-17
   636 :  8.9723331e-14  6.0542308e-14 -7.0259359e-14
   637 :  1.1538227e-10 -6.2204557e-11  1.7023096e-11
   638 :  5.6748941e-08 -4.8589618e-08 -7.4054564e-08
   639 :  1.1673646e-13  5.9206551e-14 -8.3253255e-14
   640 : -1.2940444e-02 -1.1179226e-02  3.4973151e-02
   641 : -1.1149206e-50  2.8396317e-50 -6.0664019e-51
   642 :  8.0561536e-21  2.5671988e-20 -4.1777578e-20
   643 :  2.1239774e-16 -1.0731141e-15  2.0316411e-15
   644 : -1.5364892e-16 -6.3132157e-17  2.7962598e-16
   645 :  2.3922972e-27  1.9580997e-26 -1.9431160e-26
   646 :  8.9020577e-29  3.0287047e-28 -5.3405328e-28
   647 :  1.4069572e-05 -1.3527340e-05 -2.5943384e-05
   648 :  8.5069780e-30  3.7960706e-29 -2.8075158e-29
   649 :  1.4744851e-14  1.2142736e-13 -1.4102951e-14
   650 : -1.0103289e-29  8.2192598e-30 -6.4431309e-30
   651 :  2.0191511e-08  3.9828898e-08 -8.3085054e-08
   652 :  2.9365120e-27  3.5437518e-27 -3.1597966e-27
   653 : -1.9359373e-09 -4.4644530e-10  4.4849601e-09
   654 :  5.8415006e-44  3.3864633e-46 -5.4577396e-44
   655 :  3.8851285e-30  7.0905494e-31 -5.5502554e-30
   656 :  2.2604058e-06 -4.5876856e-07 -8.0921574e-07
   657 :  2.3868059e-13 -4.4620880e-13 -2.1728765e-16
   658 :  7.0343481e-28  2.6521678e-28 -1.2461648e-27
   659 :  8.5080726e-22 -3.6714385e-22 -2.3584855e-22
   660 :  3.9169106e-09 -2.8386456e-10 -5.3462548e-09
   661 :  2.5665250e-03  1.1849092e-03 -7.3597242e-03
   662 : -8.0255431e-46 -3.9551761e-46  3.4002419e-45
   663 : -1.6460875e-13 -1.1706964e-12  2.6905607e-12
   664 :  1.1625159e-09 -2.1422924e-09  3.6188296e-09
   665 : -4.1163591e-09  1.9081122e-09  6.9501741e-11
   666 : -5.7816969e-67  2.4872446e-67  8.0215873e-67
   667 :  1.8834577e-46 -3.5989873e-46  5.4702074e-46
   668 : -6.2046975e-17 -1.9420852e-15  2.1507668e-15
   669 :  4.4876396e-79 -6.6483489e-79 -1.8693704e-79
   670 :  6.0553326e-12 -3.5574517e-12 -1.2209211e-12
   671 : -1.9027775e-03  2.7008756e-03 -5.2622758e-03
   672 :  8.0608212e-11  7.1218648e-11 -2.3691113e-10
   673 : -1.6382292e-40 -3.6736753e-41  3.2883915e-40
   674 :  7.2721003e-32 -7.5283856e-32 -7.0954421e-32
   675 :  1.6581513e-36 -9.7954415e-37  2.9722804e-37
   676 : -2.6603699e-25  6.4436025e-25 -9.2854875e-26
   677 : -1.8333239e-25  1.6664743e-25 -1.5607729e-25
   678 :  4.0056945e-13  4.4570958e-13 -1.4948558e-12
   679 :  4.8990891e-22 -1.1650912e-21  1.6626610e-22
   680 :  2.0904279e-20 -2.0199818e-21 -4.1016413e-20
   681 : -1.0501542e-46  1.4428590e-46 -1.8614767e-46
   682 : -3.7442969e-48  1.0523873e-48  2.5367607e-49
   683 :  2.2145364e-43 -5.3510867e-44 -3.9403960e-43
   684 : -1.8513950e-56 -1.5180877e-55  8.4624154e-56
   685 : -1.1891311e-23  2.6734213e-23 -2.2478324e-24
   686 : -4.7917681e-34  1.5322850e-34  1.5986441e-34
   687 : -1.0805537e-55  4.2643465e-56  2.1628294e-56
   688 : -2.1350354e-36  3.2541250e-36  1.0556249e-36
   689 : -4.2508941e-07 -5.8747358e-07  4.5806120e-07
   690 : -1.3471319e-24 -2.0473544e-24  1.6483362e-24
   691 :  6.3601788e-25 -5.0347128e-25  4.2825664e-25
   692 : -1.0394078e-27  6.5478643e-27 -8.4686520e-27
   693 : -7.7562858e-82  1.5446779e-81  8.2960844e-84
   694 :  5.5540630e-53 -5.0672727e-53 -6.1012879e-53
   695 :  3.1791726e-09 -7.2995632e-09  8.1475818e-10
   696 : -5.9914264e-16 -8.9673521e-16  2.1748091e-15
   697 : -2.6753026e-28  1.2201347e-27 -7.5551931e-28
   698 :  1.5955721e-08 -6.5771050e-09 -2.6143955e-09
   699 :  1.4362507e-41 -1.2069324e-40  2.0635013e-40
   700 :  3.0441505e-66  5.7676954e-66 -1.4588505e-65
   701 : -7.7716232e-63  3.2286116e-62 -1.2251999e-62
   702 :  2.4950532e-47  3.5644610e-47 -8.6295616e-47
   703 : -8.5105720e-03 -1.8148076e-03 -1.0034239e-02
   704 : -8.1373928e-31 -8.8635654e-30  1.8772954e-29
   705 :  1.3949929e-51  3.8912196e-50 -1.9970658e-50
   706 :  2.6581175e-05  2.2802005e-05 -9.5725998e-05
   707 :  3.8579750e-16  7.9820810e-16 -5.7735855e-16
   708 : -9.5040731e-19 -1.1452794e-19  5.0870426e-19
   709 : -3.5068764e-35  7.7619782e-35 -1.2130863e-34
   710 : -3.0036074e-38 -3.3627054e-39  3.7564642e-38
   711 :  6.2646542e-32 -3.4855049e-32  8.8928208e-33
   712 :  1.2886385e-15 -1.7650292e-15  1.3700927e-16
   713 :  7.3431592e-31  2.9411878e-29 -4.7635551e-29
   714 :  1.8043826e-01 -7.1602303e-02  1.8221326e-01
   715 :  5.0171203e-25 -2.2727586e-25 -3.7917782e-26
   716 :  2.2524834e-55  2.4123153e-55 -7.0876966e-55
   717 :  3.3990210e-19  1.3648286e-18 -2.0978939e-18
   718 :  6.9207204e-30 -6.6477468e-30  6.5257222e-30
   719 :  7.3389614e-17  1.0471235e-16 -8.5365943e-17
   720 :  2.7947841e-03 -3.2323395e-03 -4.2153238e-03
   721 :  1.3217091e-09 -1.3295186e-09  2.6634453e-09
   722 : -2.9092207e-50 -4.5832270e-51  1.6621331e-50
   723 :  3.8522189e-49 -3.9310599e-50 -4.0146882e-49
   724 :  1.2159467e-48 -8.3644842e-48  3.8523662e-48
   725 :  3.8874895e-14  3.4893519e-14 -1.1600038e-13
   726 : -2.0817742e-36  4.8922651e-37  7.8987863e-37
   727 : -4.8946296e-14  6.3722915e-14 -8.9338285e-14
   728 : -1.4298872e-18  2.0669621e-18  1.0017373e-18
   729 : -1.0551780e-23  1.7455013e-23  4.1099112e-24
   730 : -2.4328667e-28  2.8460070e-28 -3.4402815e-28
   731 : -1.5759317e-47  1.7477034e-47 -8.6648051e-49
   732 : -1.4396221e-45 -2.0395986e-45  3.1701371e-45
   733 : -1.1179522e-27  2.6088476e-27 -7.1999487e-28
   734 : -1.7452952e-07  7.9412412e-07 -2.2505759e-07
   735 :  1.5540092e-29 -6.5748027e-28  3.1448666e-28
   736 :  2.4901855e-06 -9.4745309e-07 -4.1028716e-07
   737 :  3.8320192e-37  4.7945244e-37 -1.3573410e-36
   738 :  2.5895939e-14 -2.4836555e-14  2.7699136e-14
   739 : -3.4516451e-03 -1.7531045e-02  5.8318027e-03
   740 : -3.6760317e-25  1.0833915e-24 -3.3327651e-25
   741 : -1.6483130e-10  8.3589825e-10 -5.3757294e-10
   742 :  1.2130024e-29  2.1238802e-29 -4.5800612e-29
   743 :  7.4035421e-26 -7.6738562e-26  8.9340753e-26
   744 :  8.5457622e-01  4.7596525e-01  4.8890784e-01
   745 : -1.8912002e-50  1.1413584e-50  2.6874040e-50
   746 :  4.8123090e-42 -2.6902480e-41  1.7083110e-41
   747 : -8.3570703e-34  9.2762557e-33 -1.8113317e-32
   748 : -7.1539103e-27 -1.2324807e-26  3.3026100e-26
   749 : -9.8980219e-18  2.5315817e-17 -4.6197956e-18
   750 :  2.6962733e-52 -3.0923979e-52 -2.3388681e-52
   751 :  2.4584466e-01  7.5237724e-01  7.6962550e-01
   752 :  3.5993705e-27 -4.5055387e-27 -2.8470645e-27
   753 : -8.5599001e-19  2.4833829e-18 -6.7840256e-19
   754 :  1.4607905e-44  2.4829489e-45 -3.1764614e-44
   755 :  1.7150424e-01  5.2818287e-01  4.9491748e-01
   756 :  2.2110050e-34  5.3100273e-35 -4.9955118e-34
   757 :  1.3741567e-76 -5.2100506e-77 -4.3341649e-77
   758 : -1.7917277e-06 -5.1965263e-06  3.1939041e-06
   759 : -4.0802332e-27  2.5866386e-27 -1.2395990e-27
   760 : -4.7301624e-39  6.6655637e-39  2.8627154e-39
   761 :  2.6931825e-25 -4.2537324e-25 -1.2748263e-25
   762 : -1.1274151e-07  2.5675374e-07 -7.3392675e-08
   763 :  4.5697646e-59 -1.1689473e-58  3.5580999e-59
   764 :  2.3836861e-60  2.0908908e-59 -1.1639708e-59
   765 :  1.5338485e-01  2.8542172e-01  8.0297982e-01
   766 : -3.4902818e-31  8.6090287e-31 -1.5577142e-31
   767 :  3.7044354e-08  1.2144799e-07 -2.1710364e-07
   768 : -7.7787141e-53  1.1561641e-52 -1.5468109e-52
   769 :  2.2510827e-01  1.3453642e-01  4.6628431e-01
   770 : -3.5278568e-24  4.0521767e-24 -5.2005462e-24
   771 : -2.3903077e-15  5.6581549e-15 -4.5610312e-16
   772 :  1.0606011e-11 -1.0276732e-11  1.1585044e-11
   773 : -2.5787047e-29  5.4435231e-29 -2.4864632e-30
   774 :  1.0928174e+00  7.3826227e-01  7.6218558e-01
   775 : -2.7854688e-06  6.4712710e-06  7.5434515e-07
   776 :  4.7361646e-27  1.4706126e-26 -2.2784025e-26
   777 :  2.6388312e-26 -2.6684156e-26 -2.8896569e-26
   778 : -9.5789936e-26 -1.5592493e-25  1.1977235e-25
   779 : -8.8059073e-46 -4.0983619e-46  6.4403907e-46
   780 : -1.0264406e-10  1.0694152e-08 -3.5486933e-09
   781 : -2.3919474e-50 -2.6524820e-50  7.7370890e-50
   782 :  3.6418115e-75  4.9039004e-75 -1.3459472e-74
   783 : -9.1151334e-27 -3.7088672e-26  6.4861287e-26
   784 : -1.4883814e-29  9.8354269e-30  2.5191108e-30
   785 :  2.5263251e-53 -9.2270458e-52  8.7714334e-52
   786 :  9.3004759e-01  7.9645398e-01  1.0308439e+00
   787 : -7.0287679e-02  1.0558676e-01  2.1449093e-01
   788 : -1.5229578e-50  2.2430819e-50 -3.0109836e-50
   789 :  8.5000595e-50 -1.3792711e-50 -5.3486936e-50
   790 : -8.4165162e-21  1.7641361e-20  1.0464718e-22
   791 :  3.8112285e-18 -7.2634850e-18  1.7386090e-18
   792 :  2.9386151e-12 -1.4325897e-12 -4.4864375e-13
   793 :  5.5749180e-13 -2.2070004e-14 -4.9874631e-13
   794 : -5.6402142e-24  1.4508755e-23 -2.8132621e-24
   795 : -5.8188405e-14  5.2574183e-11 -2.5063489e-11
   796 : -6.4297969e-15  1.6434563e-14 -2.8672840e-14
   797 :  8.3600905e-53  1.8094218e-52 -1.3091780e-52
   798 : -1.7726463e-20 -3.4209281e-20  2.5428363e-20
   799 :  3.0825494e-31 -2.1424763e-30  1.4824757e-30
   800 :  1.6365201e-01  1.9294106e-01  5.1279324e-01
   801 : -2.4630422e-51 -1.9901862e-51  4.9719179e-51
   802 :  8.9000584e-28 -1.6711228e-27 -2.4448380e-28
   803 :  3.2675578e-39  5.0766329e-39 -4.1341486e-39
   804 :  1.0515017e-01  7.6849094e-01  5.4366334e-01
   805 :  5.9259050e-27 -1.7444440e-26  5.2348359e-27
   806 : -5.2800655e-49  4.3749717e-49 -3.6167330e-49
   807 :  1.3587108e-52 -2.4119589e-52  5.2298941e-53
   808 :  9.2617179e-01  4.5564369e-01  7.6556108e-01
   809 : -2.4820597e-38  2.8936506e-38  2.1591369e-38
   810 :  1.6483477e-52 -9.9255776e-53  3.3386034e-53
   811 :  1.0189138e-76  1.6301746e-77 -1.5527740e-76
   812 : -3.7100418e-33 -6.7555530e-33  1.7292165e-32
   813 :  2.8752189e-28 -1.1366783e-27  5.5248560e-28
   814 : -1.6132486e-69  6.9060319e-73  1.6118608e-69
   815 :  1.1067470e-76 -2.4072379e-76  1.6485705e-77
   816 :  5.5186539e-67 -1.3183047e-67 -2.0993040e-67
   817 : -9.5271662e-69 -1.0234795e-68  2.9326921e-68
   818 : -5.6170569e-74  3.1442114e-73 -2.0064242e-73
   819 : -7.7581280e-27  1.2533388e-26 -1.7339560e-26
   820 :  5.3967086e-72 -1.4689764e-71  2.9766151e-72
   821 : -4.9265669e-13 -2.7172260e-12  1.5914842e-12
   822 : -1.5080420e-21  4.3733762e-21 -1.3017520e-21
   823 : -7.0661964e-41  3.0979810e-40 -1.6877006e-40
   824 :  7.9816345e-43 -8.0350612e-43 -8.0964574e-43
   825 : -1.9198085e-58 -5.7064631e-59  4.4202933e-58
   826 :  3.7612249e-15 -4.7628577e-14  1.2838456e-14
   827 :  4.5173216e-45  3.3062999e-45 -3.9090438e-45
   828 :  2.1101470e-34 -3.5852500e-34  1.1975715e-35
   829 :  1.1253668e-20  3.0736690e-20 -2.0808879e-20
   830 : -2.2918103e-06  2.5653478e-04 -1.2551778e-04
   831 :  1.4350483e-04 -1.8233467e-04  2.6116409e-04
   832 : -2.4231255e-27  3.0138062e-27  1.9781106e-27
   833 :  2.2657357e-05  2.0964872e-04 -1.0907486e-04
   834 : -3.5696867e-66  3.0501478e-66 -2.5353187e-66
   835 :  7.9842314e-74 -3.3383178e-73  5.8867520e-73
   836 : -2.7364963e-24  5.0846619e-24 -1.1598640e-24
   837 : -3.0182582e-46 -4.9136016e-46  1.2929237e-45
   838 : -5.2248172e-20 -8.3486620e-21  7.8207492e-20
   839 : -4.8568029e-38  4.9584156e-38  4.8059679e-38
   840 : -1.5060623e-44  5.4155475e-44 -9.3488432e-44
   841 :  1.8237122e-41 -2.5920826e-43 -1.7711350e-41
   842 :  9.7453669e-34  1.5019613e-33 -1.2620957e-33
   843 : -4.7844694e-43  1.8679348e-42 -9.0432991e-43
   844 : -2.2027941e-31 -1.6256769e-29  3.2841081e-29
   845 : -3.9421247e-56  3.7261957e-55 -7.0362325e-55
   846 :  8.6890666e-26 -5.9868765e-25  2.5356952e-25
   847 : -7.3209864e-33  2.1303498e-32 -3.5368033e-32
   848 :  3.1839292e-81 -1.9366310e-80  8.0928718e-81
   849 : -1.8397979e-41 -2.4846013e-40  6.6845463e-41
   850 :  3.7080328e-35  1.9420589e-35 -7.5819893e-35
   851 :  9.2395865e-38 -2.7654675e-37  9.0815812e-38
   852 : -6.8882185e-62  3.0134639e-61 -1.1688601e-61
   853 :  8.7353333e-16 -9.5242050e-16  6.6238390e-16
   854 :  3.6091312e-81  1.7449392e-80 -3.8574619e-80
   855 : -9.4643966e-14  1.0060738e-14  6.6659385e-14
   856 : -1.0453964e-17  8.6838636e-18 -7.5677517e-18
   857 : -1.6194618e-12  1.6929648e-12 -1.9522578e-12
   858 :  1.6715272e-22  9.8997168e-22 -5.5651697e-22
   859 :  2.4772564e-61  5.3031745e-61 -1.0280017e-60
   860 : -6.0560385e-24  1.4891323e-23 -4.1524293e-24
   861 :  4.6237484e-23 -4.7390540e-23  5.0238169e-23
   862 :  1.2068027e-24  7.7685710e-25 -3.0570787e-24
   863 :  6.4720058e-19 -1.7991237e-18  2.9593467e-19
   864 :  2.1094419e-17 -8.1856441e-17  1.6165035e-16
   865 :  3.2715814e-11  4.0549860e-11 -1.1448201e-10
   866 :  1.7996309e-03 -3.3258871e-04 -3.4440423e-03
   867 : -6.0499658e-09  1.2105220e-08  6.2004056e-09
   868 : -6.7455156e-28 -1.2430883e-26  1.3809170e-26
   869 : -5.3759174e-28 -1.5158450e-28  3.4114947e-28
   870 : -4.3755128e-32 -6.4719828e-31  3.4189154e-31
   871 :  1.2007682e-15  9.2609016e-16 -3.4061677e-15
   872 : -1.6465060e-15  6.7936003e-16  4.3988724e-16
   873 :  1.3624946e-03 -7.8857068e-04 -2.6845002e-03
   874 : -5.9883554e-03 -2.9565717e-03  3.0069350e-03
   875 : -5.0462515e-39  1.8469978e-39  4.2451438e-40
   876 :  1.0072239e-37  3.7960846e-37 -5.8174343e-37
   877 :  6.4441921e-71 -8.3463084e-71  1.0250861e-70
   878 :  6.3033597e-67 -1.5553291e-66  3.8202560e-67
   879 :  1.5433688e-46 -1.1161987e-46  6.9102040e-47
   880 :  3.3346201e-44 -2.4228108e-43  1.0428594e-43
   881 : -3.7846867e-69  1.2438268e-69  1.2964631e-69
   882 :  4.4172073e-66 -1.9566499e-66 -6.8844407e-66
   883 : -1.5006984e-44  9.4575284e-45 -3.9452520e-45
   884 : -1.3315905e-42  6.1332078e-42 -2.3907877e-42
   885 :  9.6310924e-21 -1.8991612e-20 -6.3396874e-22
   886 :  2.1566819e-23 -9.5274399e-23  1.7676290e-22
   887 : -2.9958820e-23  2.4693832e-23  6.4760703e-23
   888 : -4.5947726e-22 -1.4314233e-21  9.0216301e-22
   889 : -1.8937909e-07  7.4284447e-07 -2.4119151e-07
   890 : -4.7155321e-08  2.8381437e-08 -2.1356999e-08
   891 :  8.2903297e-41  5.3385065e-42 -9.3522697e-41
   892 : -9.7657400e-38  1.0910685e-37  8.6797269e-38
   893 :  3.4490108e-26 -7.6944851e-27 -1.9118088e-26
   894 : -3.6315313e-24  3.4456576e-24  3.9463900e-24
   895 : -1.9144029e-07 -5.0315014e-07  2.9124211e-07
   896 :  4.5309389e-08 -1.5286873e-08 -1.3928867e-08
   897 :  7.6658398e-43  5.1416209e-43 -1.7958521e-42
   898 : -4.0673133e-40  5.6158285e-40  2.5889690e-40
   899 : -1.2457222e-09 -7.3907213e-10  3.4034478e-09
   900 :  5.4726074e-10 -2.2613268e-10 -9.8265537e-11
   901 :  4.7922564e-27 -1.8094827e-27 -1.1573507e-27
   902 : -3.9946920e-25 -1.2055285e-25  8.6968701e-25
   903 :  4.1980819e-15  8.9116197e-16 -2.5649983e-15
   904 : -6.6179791e-17 -3.0234805e-17  1.4581653e-16
   905 : -1.1136342e-16  1.0342140e-16  4.2920837e-18
   906 : -1.0837684e-09  1.8362302e-09  5.0803831e-10
   907 :  1.3742561e-11  1.7408074e-11 -4.9793938e-11
   908 :  2.0649071e-17 -7.8699342e-18 -4.7636526e-18
   909 : -5.9309051e-16 -2.4834962e-15  1.5295966e-15
   910 : -3.0095933e-18 -2.7725431e-18  1.2120986e-18
   911 : -2.7333914e-21  5.8639674e-20 -1.1671007e-19
