Number of elements 912
     0 :  5.1431925e-12 -9.7568368e-13 -1.0660386e-11
     1 : -1.4692707e-06  3.4204917e-06  5.7978537e-08
     2 :  1.1144835e-01 -5.3078485e-02  1.8031202e-02
     3 :  2.3924636e-08 -1.1822807e-08 -4.6077891e-08
     4 : -6.5341409e-02 -6.9441220e-02 -9.3212177e-02
     5 : -6.4282526e-02  2.8701223e-02  2.3660912e-03
     6 :  1.7357136e-20  8.9863433e-20 -1.2392270e-19
     7 :  3.3322411e-06 -8.0934608e-06  3.0817551e-06
     8 : -2.2829851e-05 -4.3837569e-05  1.8749790e-05
     9 : -3.5017019e-19 -3.4777583e-18  3.9100392e-18
    10 :  1.4981625e-05 -7.0555477e-05  1.4303374e-05
    11 :  2.1495143e-20 -2.9550341e-20 -3.9776408e-20
    12 : -2.2932419e-02 -6.7012589e-01  5.5408958e-01
    13 :  8.7296440e-04 -1.8753644e-04  6.8456547e-04
    14 : -2.0311469e-09  4.7811012e-09 -1.5297213e-10
    15 :  4.3080111e-04 -6.7239821e-04  2.3459409e-04
    16 :  3.2231450e-21  5.6890157e-21 -1.1287984e-20
    17 : -9.3546574e-15 -5.7834519e-16  2.1815037e-14
    18 : -3.1083976e-05  1.2072774e-04 -1.0706268e-05
    19 :  2.7941652e-24 -2.9633252e-24 -1.0299454e-25
    20 : -3.6645656e-14  8.1059196e-14 -2.5800404e-15
    21 : -3.8175109e-03 -4.5710822e-03  1.1570586e-03
    22 : -1.1880592e-03  5.8442575e-04  7.7540945e-04
    23 :  1.5684674e-24 -7.7367692e-23  4.2049871e-24
    24 :  1.0424293e-06 -2.1880106e-06  3.6153405e-06
    25 : -1.2233681e-24  3.6487145e-24  8.2188863e-25
    26 :  2.6038077e-06  5.8523773e-06 -3.9090080e-07
    27 :  2.5397535e-03 -2.4601486e-03 -3.6395769e-03
    28 : -7.2033290e-05 -1.7228746e-03  9.2549791e-04
    29 : -1.3526020e-07 -6.2948382e-07  6.3955960e-07
    30 : -5.1015742e-05  1.2423730e-04 -1.1012653e-05
    31 : -8.0722647e-09  1.1191947e-08  6.8796082e-09
    32 : -3.0543056e-19 -1.9799852e-20  5.8002526e-19
    33 : -2.3600519e-03  7.0903191e-03  2.9170593e-03
    34 :  3.4158099e-27 -6.7062013e-25  5.9176582e-25
    35 :  2.3240933e-09  3.7563454e-09  9.4198710e-09
    36 : -2.9005564e-02 -2.1720866e-02 -8.0567076e-02
    37 :  2.9769987e-02  4.5617354e-02 -4.9293714e-03
    38 : -2.5518642e-03 -1.6932329e-03  8.7408311e-05
    39 : -1.6674227e-07  2.6496619e-07 -6.2305303e-07
    40 : -3.8022611e-07 -1.2130277e-06  1.4638713e-07
    41 :  4.6612872e-04 -2.8660213e-06  9.6957324e-04
    42 : -3.5858431e-24 -4.0273941e-24 -1.9707626e-24
    43 :  4.7944778e-13 -5.5173675e-13 -5.4030410e-13
    44 : -6.6663348e-03 -4.2448313e-03  3.8758581e-02
    45 :  7.1274963e-10 -2.3431908e-10 -1.6539102e-10
    46 :  4.6360080e-10 -2.1356930e-10  1.9492951e-10
    47 :  1.8583080e-18 -8.7728639e-20 -6.2357220e-19
    48 : -3.9694131e-21  4.9543624e-21  2.6650846e-22
    49 : -6.6274334e-05  2.7037276e-04 -7.7892653e-05
    50 :  1.5506433e-03  7.1787236e-03 -3.0884908e-03
    51 : -6.0122932e-03 -5.5875225e-03 -2.1820679e-02
    52 :  2.9587568e-05 -1.9951743e-04  5.0076978e-05
    53 : -1.1299762e-19 -2.0292560e-20  1.7616637e-19
    54 : -9.5716868e-04 -1.0426490e-03  4.5029909e-04
    55 : -9.7729290e-04 -6.3803957e-04 -3.5159758e-04
    56 : -4.6789708e-02 -3.4005709e-02 -6.8198148e-03
    57 :  4.9344075e-04  7.0762955e-05  7.0086658e-05
    58 :  1.4419735e-01 -5.4696921e-01  5.5429945e-01
    59 : -9.8230511e-05 -7.9817975e-05  1.0086360e-05
    60 :  1.1258128e-04 -3.9269577e-03 -7.5022096e-03
    61 :  1.4062863e-02  4.1429428e-02 -3.4769199e-02
    62 :  9.0567992e-06  5.4601659e-06 -4.7469497e-06
    63 :  3.4425403e-02  2.4330549e-02 -9.4608308e-03
    64 : -3.8886554e-07 -5.9608776e-06  1.0644375e-05
    65 :  1.3704512e-08 -7.1774186e-07  2.6825498e-07
    66 :  1.4385109e-08 -5.6222834e-08  2.4316332e-08
    67 :  3.6536674e-20 -3.5675043e-20 -7.7781808e-20
    68 : -9.6022159e-21  2.1066135e-20 -2.1126968e-21
    69 :  3.9378338e-20 -4.4407414e-20 -6.3572210e-20
    70 : -5.4124078e-11 -1.5899729e-10  2.3277809e-10
    71 :  5.6288851e-03  6.3118523e-02  7.6022282e-02
    72 : -1.8532363e-23  1.2560302e-22 -5.2238776e-23
    73 :  3.0130252e-03  6.8039527e-02  7.0363941e-02
    74 : -1.9674828e-15 -1.1482692e-14  7.0426845e-15
    75 : -4.3614231e-16  1.2590795e-15 -5.9563451e-16
    76 :  9.4072414e-23 -1.9776433e-21  5.9821817e-22
    77 :  1.2729252e-17  5.2535263e-16 -1.7821178e-16
    78 : -4.6519546e-19  1.4636369e-18 -4.6595385e-19
    79 :  5.0661539e-13 -2.6477558e-13  4.9327586e-13
    80 :  7.3299468e-30  2.3853386e-29 -1.3405393e-29
    81 : -9.2575448e-19 -1.5273306e-17  7.8953505e-18
    82 :  1.9629186e-02  8.1253866e-01 -4.4587240e-01
    83 : -2.1844892e-25  1.4226263e-25  4.4913256e-25
    84 : -2.6382667e-24  9.7057417e-24 -3.2882727e-24
    85 : -1.4508906e-02 -5.2537150e-01  3.5240461e-01
    86 :  3.9243843e-15 -1.9591769e-14  4.2036781e-14
    87 :  1.6177583e-13  1.7077538e-13 -4.7418604e-13
    88 :  3.8947824e-08  2.7661719e-08 -1.1714079e-08
    89 :  5.3580873e-02  4.7318122e-02  3.3800576e-02
    90 :  3.5663406e-22  8.1045072e-22 -5.3948921e-22
    91 : -5.4188053e-02 -4.6753607e-02 -7.1397512e-02
    92 :  1.9045719e-10 -5.2821711e-10  2.9303185e-10
    93 : -1.7438419e-28  5.9690754e-29 -3.5710753e-29
    94 : -8.7552741e-13 -4.8534488e-13  1.1426625e-12
    95 : -2.9184282e-20  1.2379739e-20 -3.9520168e-22
    96 :  1.2919752e-08 -2.2888143e-08  3.9438102e-08
    97 : -1.2936354e-09 -4.2702292e-10  3.3994843e-09
    98 :  5.3978927e-03 -2.8892877e-02 -7.0577989e-02
    99 : -1.0972699e-18 -2.4726539e-18  1.4221103e-18
   100 : -2.2155979e-19 -1.0744488e-19  4.4775394e-19
   101 : -1.9961688e-07 -2.8942051e-08  1.0395751e-07
   102 :  1.0554221e-04  1.5424566e-04 -5.4907822e-05
   103 : -6.6033116e-26  9.7638705e-26  5.8774286e-26
   104 : -6.2207554e-11 -4.5319437e-11  2.8819842e-11
   105 : -8.1771309e-05  2.0601218e-06  6.8807459e-06
   106 : -7.8224573e-07  1.3616040e-07  8.9450374e-07
   107 : -1.7594609e-08  1.9433031e-06 -1.2607800e-06
   108 :  6.8332067e-06  3.8241879e-06 -2.0315180e-05
   109 :  2.0095041e-04 -7.9630815e-05  7.3823363e-04
   110 : -1.2625967e-03  7.5005434e-02  2.1164473e-02
   111 :  8.4335027e-06 -8.9777959e-07 -2.6057661e-06
   112 :  1.5256297e-17  3.6623293e-18 -3.0531296e-17
   113 :  4.4750940e-05 -4.5373581e-03 -5.2150125e-03
   114 : -2.9022806e-09 -3.2745268e-10  2.5983265e-09
   115 :  4.9647258e-04  5.1825576e-04  2.0534727e-04
   116 :  2.8996430e-02  1.0031103e-02  1.9256449e-02
   117 : -5.5112897e-02 -3.4474515e-02 -4.4031973e-02
   118 : -4.0594320e-02 -7.0548460e-02  7.3790188e-02
   119 :  1.2227587e-20  4.2178030e-21 -2.3281205e-20
   120 :  2.0502677e-10 -3.2931063e-10  5.6525573e-10
   121 :  2.6290013e-16 -1.6131018e-15  9.1897341e-16
   122 : -3.0888918e-04 -1.0272900e-03  5.9864858e-04
   123 : -1.8721691e-25  2.8679632e-25  1.0641007e-25
   124 :  1.4196960e-20  3.7654922e-19 -1.4581417e-19
   125 :  1.5952489e-29 -4.6452288e-29  1.4353459e-29
   126 :  1.3051106e-14  3.7730896e-14 -5.7621280e-14
   127 :  1.3123301e-16  1.0716330e-15 -6.7633837e-16
   128 :  2.8386049e-04  2.9189529e-04 -7.0981562e-04
   129 :  9.8012569e-13  7.2415120e-13 -5.4870092e-12
   130 :  2.0328023e-02 -1.1992616e-02 -7.9005792e-03
   131 : -5.3427984e-03  1.2242274e-03 -3.7421475e-03
   132 :  9.9199284e-04 -3.7266388e-03  3.8594437e-04
   133 :  5.1798637e-02  7.3097678e-02  2.9367586e-02
   134 :  7.9910492e-04 -2.3141999e-04  2.8324759e-04
   135 :  2.3467768e-05 -1.1392563e-05 -5.4752531e-05
   136 : -1.1220901e-06  1.4762944e-06 -9.3911574e-08
   137 :  2.0917787e-05 -1.1358703e-04 -3.1370043e-05
   138 :  9.8651149e-07 -1.7843980e-05  7.1943954e-06
   139 :  2.6382050e-06 -7.4468422e-07 -4.4609198e-07
   140 : -2.6410895e-17  3.2341261e-17 -6.6522065e-18
   141 : -2.6709381e-16  2.6056566e-16  4.2995992e-16
   142 :  7.6257348e-06 -2.4018246e-07  7.9844872e-06
   143 :  2.7524203e-21 -1.5289972e-20  1.0428634e-20
   144 : -1.1043492e-06 -7.1897054e-07  4.8534158e-07
   145 : -1.2626226e-08  3.8191244e-08 -1.1956250e-08
   146 : -4.2735453e-11  2.5364920e-11  8.3733256e-11
   147 : -6.2331374e-21  5.8666899e-22  1.8879604e-21
   148 :  6.6363434e-12 -2.1886403e-11  9.8013581e-12
   149 : -9.0212537e-02 -3.4350599e-02 -1.0595013e-01
   150 : -3.4258112e-08  6.2722974e-08  1.4838548e-08
   151 :  3.0738970e-15  1.9627300e-16 -7.4702048e-15
   152 : -8.3944164e-13  2.1549277e-12 -2.7505073e-13
   153 : -7.9572737e-02 -5.3683717e-02 -7.3785721e-02
   154 :  3.2930229e-28 -3.0201695e-28 -4.2684274e-28
   155 :  1.9216085e-21 -5.3979533e-21  5.5353900e-21
   156 : -1.6359356e-22  5.6917129e-22 -1.7432563e-22
   157 :  4.1558362e-10 -4.2603449e-10 -8.0765949e-10
   158 : -9.4624832e-06  2.8240152e-05 -1.0750090e-05
   159 :  5.7416722e-08  1.2291701e-07 -8.4345329e-08
   160 : -2.6935648e-27  1.2802240e-27  7.1471565e-28
   161 :  1.0182307e-25 -1.6486933e-25  2.5688009e-25
   162 : -6.2512144e-02 -1.1533006e-01 -2.6223045e-02
   163 : -2.8734845e-04  1.9231290e-04  5.0564207e-04
   164 :  2.9981440e-15  2.9137281e-14 -3.7790578e-14
   165 :  5.2462837e-07 -1.9271182e-06  7.8428067e-07
   166 : -9.6092683e-22  5.1288790e-22  2.0064112e-21
   167 : -1.3880762e-05  1.1096834e-05 -1.4049332e-05
   168 :  1.5850626e-03 -5.1083935e-03  1.5786251e-03
   169 :  3.4056551e-01  7.4280208e-02  1.4400530e-01
   170 :  6.2593217e-21  4.5969191e-24 -1.1889738e-20
   171 : -1.7637778e-20 -7.4619267e-20  1.6954614e-19
   172 :  1.6693476e-03 -6.0154301e-03 -3.5913369e-03
   173 :  2.1489559e-05 -1.1442751e-04  4.1536056e-04
   174 : -4.5518235e-06  8.7147187e-06  6.5435881e-06
   175 :  1.6762466e-10 -4.7254043e-11 -2.2984788e-11
   176 :  5.8271267e-19  9.5187326e-20 -7.8713895e-19
   177 :  5.7163118e-08 -2.7434390e-06  3.6381385e-06
   178 :  9.5329698e-02  3.3152522e-01 -2.6704439e-01
   179 :  2.1827805e-06  1.4255095e-05 -1.1676629e-05
   180 :  5.0350416e-22 -2.3618188e-22 -1.2847435e-21
   181 :  1.3192509e-03 -1.3428655e-03 -4.3984847e-03
   182 :  1.1330878e-12  7.8300126e-13 -3.6555956e-12
   183 :  1.0700880e-02 -1.6705922e-02  3.6308958e-02
   184 : -3.9206241e-27 -2.6512044e-26  1.3632259e-26
   185 : -1.6314131e-14 -3.6493454e-16  7.0001708e-15
   186 :  1.3061443e-09  9.8454644e-10 -3.7488705e-09
   187 :  1.1618884e-05 -2.7181675e-05  7.1804151e-07
   188 : -1.0297657e-01 -1.0420384e-02 -2.4042405e-01
   189 : -1.6460921e-04  1.6088451e-04  2.5366186e-04
   190 :  1.5015857e-07  7.3190380e-07 -5.2977207e-07
   191 : -5.7735841e-25  6.5152091e-25  8.1546804e-25
   192 : -1.2455264e-02  8.7231690e-03  5.3203853e-02
   193 : -9.8403316e-02 -1.0802192e-01 -6.8545675e-02
   194 : -3.1454098e-03 -2.3881168e-01  2.1671469e-01
   195 : -3.1144510e-10 -1.0722085e-10  2.0002998e-10
   196 : -1.1151881e-21  4.5097384e-22  2.5947862e-21
   197 : -1.4024689e-21  2.3438805e-21  5.7877485e-22
   198 : -2.4829987e-08  8.8457999e-09 -1.6868298e-09
   199 : -4.9609217e-02 -1.5330152e-01 -4.6207548e-02
   200 :  5.6137925e-20 -1.3667949e-19  4.2809975e-20
   201 : -4.7618043e-03 -7.4464845e-04 -3.7164015e-04
   202 : -3.7945429e-09  1.3393508e-09  6.2672717e-10
   203 : -3.4648451e-23 -4.0024147e-23  2.8267248e-23
   204 : -1.7829623e-10 -6.1194235e-10  7.7902811e-10
   205 : -3.1037916e-04 -2.1621044e-03 -1.1198181e-03
   206 :  1.2193740e-22 -3.9677588e-23 -1.8394777e-23
   207 :  2.8597062e-21 -1.5662606e-21  1.2730174e-21
   208 : -6.2432516e-16  8.6147511e-16  7.7193367e-16
   209 : -1.5892511e-01  3.1840934e-03 -2.6453336e-02
   210 :  1.9298189e-10 -1.6598608e-10 -1.5409455e-10
   211 : -3.0706147e-23 -1.0162182e-23  5.9131170e-23
   212 :  1.4758406e-05 -8.0460208e-05  1.6012078e-05
   213 :  5.4927505e-21  7.2678036e-21 -1.8173543e-20
   214 : -8.7324299e-02 -8.4230584e-02 -3.9570259e-02
   215 : -5.9935931e-02  6.7978029e-02 -1.7727378e-02
   216 :  2.5284712e-05 -2.7945465e-05 -3.0046385e-05
   217 : -1.5503380e-29 -3.1887289e-27  1.4228858e-27
   218 :  7.9707495e-18  5.6171181e-17 -9.8898725e-17
   219 :  9.0660601e-04  7.9353805e-04 -1.3852055e-03
   220 : -5.2436723e-14  2.8330653e-14 -3.8078314e-14
   221 : -1.1785601e-19  7.8819440e-19  5.2900049e-20
   222 : -6.9617928e-03  4.8453803e-02 -3.8774549e-03
   223 :  5.3441154e-02  5.6031287e-02  3.9733677e-02
   224 : -1.2463516e-08  6.5981253e-08 -4.5800389e-08
   225 : -2.3021277e-15 -9.8254555e-14  6.2123311e-14
   226 :  3.3965601e-19 -6.4978546e-20 -2.9096764e-20
   227 : -1.3613130e-10  1.1508554e-11 -7.9675018e-12
   228 : -1.0392211e-08  7.7941725e-08  5.3746444e-08
   229 :  5.2380438e-12 -8.6645913e-12  1.9466674e-12
   230 : -1.5562018e-20 -2.1476061e-20  3.2541687e-20
   231 : -1.0150436e-21 -2.4827204e-20  3.8206837e-20
   232 :  8.5326136e-28  7.4163362e-28 -7.3601350e-28
   233 :  3.7952496e-20  1.9352938e-18 -1.7494212e-18
   234 : -3.2635123e-02  2.9210293e-02 -1.6389900e-02
   235 : -2.2424396e-02 -6.5231658e-03  8.9737351e-02
   236 :  9.5574941e-18 -1.8459501e-17 -1.5421358e-17
   237 : -4.5627898e-16  4.6054125e-17 -1.3324194e-16
   238 :  8.6796338e-25  7.2543073e-26 -4.5152902e-25
   239 : -1.2491324e-18  9.9180811e-19 -1.0316486e-18
   240 : -1.7999173e-22  3.0859132e-22  1.8753233e-22
   241 :  7.0413256e-04  1.0060609e-03  4.6347452e-05
   242 :  4.7257422e-04  2.9773426e-04 -9.9511272e-04
   243 : -1.9080856e-02  4.1447173e-02 -1.6167863e-04
   244 :  5.6167540e-02  7.3631378e-03  6.7386208e-02
   245 :  8.7001133e-18  4.4071069e-18 -2.3102650e-17
   246 :  1.2100188e-04  5.1775114e-05 -2.1614501e-05
   247 :  3.9251204e-02  4.2410271e-02  3.8533774e-02
   248 :  5.1278161e-27 -8.7786042e-27 -2.6245211e-27
   249 : -2.0243202e-13  2.1107900e-13  3.5563823e-13
   250 :  3.2947180e-04 -1.1170015e-04 -2.7197111e-05
   251 : -1.7383368e-08  5.5644118e-08  5.9469526e-08
   252 :  3.2493458e-19 -1.0315906e-19 -9.0517480e-20
   253 : -3.2287860e-23  2.8868545e-23 -3.9150137e-23
   254 : -4.1302591e-02 -2.5668639e-02 -3.3517168e-03
   255 :  9.5365980e-10 -2.3777605e-10 -1.2243949e-10
   256 : -5.2855510e-05 -2.6794083e-05 -3.6436334e-05
   257 :  4.8311041e-02  2.2975270e-02  6.6852880e-02
   258 :  7.8705329e-11  2.1026527e-10 -3.8174962e-10
   259 : -7.7652506e-17  8.5334513e-16 -2.3113461e-15
   260 : -2.6521395e-04  1.8237184e-04  5.0994143e-04
   261 : -2.7591222e-09 -1.7745908e-09  8.9179483e-09
   262 :  1.3335323e-17 -2.6455461e-17  7.6208034e-18
   263 :  4.3228681e-20 -4.7784671e-20 -8.5697003e-20
   264 : -8.8411416e-10 -1.8940008e-10 -5.6169457e-10
   265 :  6.0806524e-04 -1.4136807e-04  6.8077447e-04
   266 :  7.1727055e-13  9.0363297e-13 -4.8450685e-13
   267 : -6.4716562e-12  2.0180375e-11 -5.9345334e-12
   268 :  7.2284743e-22  1.2034159e-21 -2.9520892e-21
   269 :  4.0607058e-02  4.3494758e-02  6.1386191e-02
   270 : -2.2722503e-11  1.4252813e-11  3.9978898e-11
   271 :  4.3806642e-04  1.0036506e-03 -1.3818270e-03
   272 : -2.8636626e-12  5.4679158e-12 -1.3220548e-11
   273 :  4.6050829e-20 -2.9226927e-20 -7.4962284e-20
   274 : -4.4981588e-05 -2.1657266e-05  3.7020269e-04
   275 : -7.2716377e-18 -1.5258477e-16  2.5890126e-16
   276 : -1.0502393e-04 -1.6915514e-03 -3.5280589e-03
   277 :  1.3202576e-18 -2.8411256e-18  2.8505682e-19
   278 : -4.2800757e-05 -6.8006605e-05  2.1164872e-04
   279 :  1.0486061e-08 -2.6042474e-09 -3.5120360e-09
   280 :  9.9972239e-03 -5.4931361e-02 -8.5218730e-02
   281 : -2.6095953e-09  1.7668720e-09 -1.2844806e-09
   282 :  1.3039429e-13 -3.8197249e-13  1.2635464e-12
   283 :  6.5231734e-16 -9.0800507e-16 -4.0935325e-16
   284 : -6.0370164e-18 -5.0535561e-18 -1.0313289e-17
   285 : -6.1692125e-02 -1.0338553e-02 -6.4180430e-02
   286 : -9.2978564e-06 -7.8312777e-05 -5.9097212e-05
   287 :  4.6407074e-06  7.6383502e-06 -3.6892313e-06
   288 : -5.2897855e-02 -7.1189844e-02 -6.5672120e-02
   289 :  8.7315718e-08  1.5911561e-08 -8.3290774e-07
   290 : -5.5612457e-02 -1.5902546e-02 -1.6677769e-02
   291 : -4.6588951e-09  8.4435190e-09 -1.3576488e-09
   292 :  6.6117153e-02  6.3569401e-02 -9.4729940e-03
   293 :  1.1186091e-15 -1.1991009e-15 -1.0860288e-15
   294 :  2.2851827e-05  6.9313882e-06 -5.8301860e-05
   295 :  8.5061610e-24  9.3099525e-23 -4.5288214e-23
   296 : -3.5472489e-03 -5.6971341e-03  1.5431068e-02
   297 :  1.0912967e-07 -3.6186922e-07  1.5276283e-08
   298 : -1.0279698e-08  6.7956509e-08 -3.5113858e-08
   299 :  4.7886884e-25  5.8770724e-25 -1.7280740e-24
   300 : -5.2530650e-03 -2.4072052e-03  9.6078123e-04
   301 : -7.6730926e-09  1.7488004e-08 -5.1028271e-09
   302 : -4.1772750e-05  1.5170355e-04 -2.9839642e-05
   303 : -6.4169945e-06 -6.1657592e-06  5.6442721e-06
   304 :  1.3721727e-05  1.4516620e-05 -4.2702171e-05
   305 : -3.3703385e-10  2.2049928e-10  6.6376491e-11
   306 :  6.4348411e-02  6.2995678e-02  2.5874381e-02
   307 :  8.8962029e-06  7.0452752e-06 -2.4662109e-05
   308 :  5.7221631e-09 -9.7561245e-13 -1.1208876e-08
   309 :  6.6640015e-25 -3.2734974e-23  1.4793492e-23
   310 :  2.0528696e-07  6.8965914e-07 -1.3499016e-06
   311 :  3.1738785e-05 -6.2680352e-05 -7.4288103e-05
   312 :  9.9649173e-23 -3.0279858e-22  2.0755796e-21
   313 :  2.4802961e-15 -8.2466153e-15  2.3353457e-15
   314 :  5.0377402e-25  1.1727166e-24 -3.1891661e-24
   315 : -6.3735397e-19 -3.4665713e-18  2.1922984e-18
   316 :  6.8156246e-02  5.1397776e-02  1.3068080e-02
   317 :  1.1207754e-24  2.0512455e-24 -4.0580637e-24
   318 : -1.1443358e-03 -2.5080251e-04 -7.5405527e-04
   319 :  1.7258029e-03 -2.1383080e-03 -8.4695675e-04
   320 :  1.6792916e-01  1.4867077e-01  6.3027665e-03
   321 :  2.3819220e-02  5.4720726e-02  7.9410356e-02
   322 :  1.0184624e-24 -2.5225898e-24  3.9972796e-25
   323 : -9.4815554e-26  1.4782469e-25 -2.3561776e-26
   324 : -2.2382293e-17  4.5580937e-17 -1.1454304e-17
   325 :  1.4217398e-15 -1.9114452e-15  4.7942434e-16
   326 :  3.5564736e-02 -4.5287283e-02  5.2112398e-02
   327 :  2.9595693e-01  9.6096837e-01 -4.7287755e-01
   328 :  7.6593664e-04 -8.2456154e-06 -8.9290184e-05
   329 :  2.8641795e-18 -1.5560430e-16  7.4602982e-17
   330 : -3.1898077e-26 -4.5181989e-26  1.1440978e-25
   331 :  2.3280342e-11 -3.5614670e-11  4.4909063e-11
   332 : -1.0610341e-05 -1.7544730e-07  2.5347151e-06
   333 : -9.2379626e-16  6.7191152e-16 -1.2520409e-15
   334 :  1.8030141e-03 -6.2994028e-03 -4.3888387e-03
   335 : -8.5836290e-06  1.0345509e-05 -1.9564775e-05
   336 : -1.5689919e-04  8.4958644e-05  2.6889711e-04
   337 : -7.4319974e-23  4.3359679e-22 -2.9313112e-22
   338 :  5.8019289e-04  9.3864930e-05 -2.3157694e-04
   339 : -4.9842561e-17  6.4003545e-17  5.3532711e-17
   340 : -4.2309559e-04 -1.2747052e-03 -7.9481673e-04
   341 :  9.4460416e-24 -1.0497403e-22  4.9041791e-23
   342 : -1.0513276e-18  1.1723372e-18  1.4759389e-18
   343 :  1.0588004e-08 -1.0012073e-08 -2.8400214e-11
   344 : -1.5645633e-03  1.3725399e-03 -1.4279377e-03
   345 :  6.4379956e-03  4.0325764e-03 -1.3262266e-03
   346 : -9.9126878e-19 -7.4047148e-19  1.2488898e-18
   347 : -1.8556228e-03  1.6335279e-03 -1.2782197e-03
   348 : -2.3360116e-10 -7.5325996e-09  3.8076758e-09
   349 : -1.3288926e-09  7.6057440e-10 -3.6029017e-10
   350 : -5.8507631e-03  9.5673547e-04 -3.5290700e-03
   351 : -1.9665592e-15 -4.5492180e-15  4.6428377e-15
   352 : -3.7128497e-03  1.9220552e-03 -1.3308287e-03
   353 :  1.5147399e-05 -6.3580505e-05  1.8745560e-05
   354 : -7.4145364e-02 -9.5298676e-02 -5.6255765e-02
   355 : -6.3967973e-02 -1.1376934e-01 -1.0580656e-01
   356 : -1.8137659e-22 -2.1972934e-22  6.3018454e-22
   357 :  2.3786188e-03 -1.6562792e-02  6.0166948e-02
   358 :  1.6488102e-10 -1.4840780e-10 -2.4701848e-10
   359 :  1.7506586e-29 -5.0084640e-29  1.7453072e-29
   360 : -2.3790770e-03  1.2986792e-03 -1.6260677e-04
   361 :  2.6014023e-13  2.3484537e-13 -1.9938252e-13
   362 :  2.7598209e-09 -8.0794164e-10  1.4014437e-09
   363 : -3.5757232e-12  2.6926953e-12 -6.3229201e-12
   364 : -9.3973494e-14 -2.1170111e-12  8.5880872e-13
   365 : -9.0580952e-09  2.8398365e-09 -1.7283864e-09
   366 : -1.8137672e-21  5.7314259e-21 -8.1790688e-22
   367 :  1.0317025e-07  1.2065659e-07 -3.6829763e-07
   368 :  3.8998983e-04 -1.2698980e-03  5.3278673e-06
   369 :  1.8276264e-09  1.5815601e-09 -8.5223218e-09
   370 : -1.0275256e-11  2.8442680e-11 -1.4502565e-11
   371 :  1.7758854e-21 -4.7467596e-22 -4.5189984e-22
   372 : -7.4631057e-09  9.9270683e-09  2.0751489e-09
   373 :  1.4947542e-05  8.9037460e-06 -4.4680728e-05
   374 : -3.0278100e-02  2.3621845e-02  2.0390888e-02
   375 : -5.8650428e-15 -5.4741782e-15  4.2323016e-15
   376 :  3.7965624e-23  1.1084071e-22 -1.9810879e-22
   377 :  5.0980749e-08 -2.5036911e-08  2.1184627e-08
   378 : -2.1808134e-11  7.3800640e-11 -2.7355252e-11
   379 : -3.7186089e-27  1.7940250e-26 -7.6244455e-27
   380 :  6.5474751e-02  6.2563472e-02  3.1637289e-02
   381 :  1.8590778e-10 -2.0951806e-11 -4.6252501e-11
   382 :  1.0715299e-14 -1.8231828e-14 -5.4450784e-15
   383 : -3.2383545e-03  1.1437918e-02 -1.0134258e-02
   384 : -3.3972116e-14  8.8927012e-14 -1.9199117e-14
   385 :  1.9314557e-05 -4.4752075e-05 -5.1963414e-05
   386 :  6.8568979e-02  1.1377162e-02  3.8434989e-02
   387 : -2.8611894e-16  1.5533231e-16  4.9190440e-16
   388 : -3.5875443e-02  2.1534167e-03 -2.0530746e-02
   389 : -5.5070592e-13  5.4779819e-13  7.3390725e-13
   390 :  8.4896694e-05  8.6372061e-06  1.6666913e-04
   391 :  8.1131980e-11 -4.3715005e-11 -6.3461592e-12
   392 : -4.0054897e-03 -5.0885958e-03 -7.3075102e-03
   393 : -1.3429955e-02  9.0535793e-03  3.6820365e-02
   394 : -5.9098354e-14  1.7366868e-14  1.5495599e-13
   395 : -8.5623319e-08  4.8609005e-08 -2.4467879e-08
   396 :  2.0592297e-26 -4.5550033e-26  8.0030525e-26
   397 : -7.4960112e-03  2.4076803e-02 -9.8664534e-03
   398 :  7.5519082e-06  1.4315017e-05 -4.9641720e-06
   399 :  7.1013252e-03  7.9183056e-02  1.5723390e-04
   400 :  3.9170433e-07 -2.3497016e-06  4.9393593e-06
   401 :  8.1027950e-06 -3.7887539e-05 -3.3690395e-05
   402 : -5.9160831e-13  5.0345585e-14  2.6181054e-13
   403 :  2.2653867e-12 -7.8958175e-12 -1.4202365e-13
   404 : -9.2496399e-22  4.6913946e-22  2.6770456e-21
   405 : -1.0981279e-07 -1.4108053e-07  9.3461551e-08
   406 : -2.0664009e-03  5.9870938e-04  1.0177304e-03
   407 :  2.0804406e-02 -1.1425463e-02  3.7498442e-03
   408 :  6.1525574e-02  3.1535564e-02  1.4215463e-03
   409 :  1.5015063e-06 -1.6671919e-06 -2.4212982e-08
   410 : -3.1703282e-02  2.9035272e-02 -2.7979811e-02
   411 : -3.0980030e-07  1.0601751e-06 -5.6548819e-07
   412 : -8.9433320e-06 -1.4230953e-05  1.2124863e-05
   413 :  7.7166684e-24 -3.3056958e-23  3.0066355e-23
   414 : -1.4784336e-02  1.5958707e-02 -1.3056150e-02
   415 : -3.4967287e-06  3.0620262e-06  6.2649829e-06
   416 : -1.2607843e-17 -5.9861443e-17  1.5848904e-16
   417 : -2.6878651e-03  6.1423095e-04 -4.8916737e-03
   418 :  5.5916318e-02  5.9341692e-02  4.4109908e-02
   419 :  4.6700284e-21 -1.0659189e-20  2.3242151e-21
   420 : -5.0258687e-20  1.7954305e-19 -7.5970688e-20
   421 : -1.5046154e-17  9.0933513e-17 -5.5509262e-17
   422 :  1.3836126e-10 -1.5736000e-09 -1.7691430e-09
   423 : -5.3069072e-08  1.7733406e-06 -1.5008164e-06
   424 :  2.4047355e-13 -1.7179467e-13 -6.2920346e-15
   425 :  5.7138266e-18  4.3131521e-16 -1.6483500e-16
   426 : -2.1266731e-12  4.4968016e-12 -6.5702468e-13
   427 :  2.5628791e-12  5.4086468e-13 -5.3748895e-12
   428 : -4.7449213e-13  9.4909729e-13  4.9587490e-13
   429 :  6.7307433e-06  6.8017007e-06  1.5654170e-06
   430 :  5.7012050e-05 -8.0756300e-05  2.5304878e-04
   431 :  2.4995322e-07 -4.5345568e-07 -6.2178648e-08
   432 : -1.0233747e-08 -4.6864914e-11 -6.7300639e-10
   433 :  2.7413348e-25 -3.5799257e-23  3.4525028e-23
   434 :  1.1748476e-02  6.1671112e-02  5.2978186e-02
   435 :  1.8356404e-07 -2.5358872e-07  6.0216927e-07
   436 : -4.9957791e-15 -2.8242925e-14  4.2779913e-14
   437 : -2.0578384e-03  2.1212442e-03 -4.3470813e-03
   438 :  8.4609478e-04 -1.1842785e-04  6.9525729e-04
   439 : -3.5805132e-04 -8.5981402e-03  9.9462863e-03
   440 :  5.8196906e-18 -2.1926276e-17  7.3084845e-18
   441 :  4.2816254e-24  3.2127878e-24 -1.0838004e-23
   442 : -4.4635484e-03 -3.1163029e-03 -1.9053624e-03
   443 : -1.4243970e-08  2.6265884e-08 -1.7513533e-09
   444 : -2.9305374e-03 -2.0224168e-03  5.2635874e-04
   445 : -1.1069954e-09  4.2282919e-10  1.8789052e-10
   446 : -4.0739724e-02 -3.3518836e-02  3.3541977e-02
   447 :  8.9432833e-11 -9.6864264e-11  1.1037266e-10
   448 :  3.0560923e-06 -1.6696632e-05  2.7742364e-06
   449 :  3.8330543e-23  4.9653775e-23 -1.4762376e-22
   450 :  1.7017716e-24 -4.9985269e-24  1.0553370e-24
   451 : -3.9732758e-02 -6.2184184e-03 -1.5170899e-02
   452 : -7.4540554e-02 -6.7352466e-02 -1.0619030e-01
   453 : -3.7500691e-02 -2.9868601e-02 -1.9823481e-02
   454 : -9.8001917e-02 -6.3152778e-02 -1.0179515e-01
   455 : -8.4832031e-13  7.8412689e-13 -9.7428898e-14
   456 :  7.9348898e-06 -2.7664172e-06  4.4832222e-06
   457 : -3.4616962e-25 -6.6998451e-24  6.6079150e-24
   458 : -7.5014259e-12 -8.4356496e-11  7.0619783e-11
   459 : -3.0279836e-06 -1.5980154e-06  7.9201670e-06
   460 :  1.2167625e-05 -2.8946796e-05  4.5372770e-06
   461 : -3.4692307e-11 -2.7298847e-12  5.0005360e-11
   462 : -2.5411744e-08  5.1706233e-08  6.1100100e-09
   463 : -1.1089104e-17 -7.2440790e-18  2.1449738e-17
   464 :  1.0492018e-03 -8.8465787e-04  5.3615903e-04
   465 : -3.1081295e-06  5.4821114e-07  2.9116919e-06
   466 :  1.1787777e-02 -4.1723467e-03 -7.7778097e-03
   467 : -6.5268732e-20 -1.0921329e-19  1.3462098e-19
   468 : -2.3679755e-16  4.8930728e-16 -2.7838136e-17
   469 :  1.8530544e-26  8.2873891e-26  5.3861223e-27
   470 :  9.5614173e-24 -1.0773806e-23  7.3674397e-26
   471 :  5.3789913e-15 -1.3718240e-14  4.5808623e-15
   472 :  2.5598412e-17 -5.6763869e-17 -2.1709687e-17
   473 : -5.3689250e-05  5.3639332e-05  1.2497044e-04
   474 :  2.8663529e-20 -3.1908347e-20 -4.2645003e-20
   475 : -7.6438423e-14  1.8423937e-13 -3.8100244e-13
   476 : -4.5595063e-14  1.3994118e-13 -5.5398655e-14
   477 : -3.4865203e-26 -2.8362171e-27  5.0301034e-26
   478 :  1.2147538e-06  6.3821027e-06  3.8751385e-06
   479 :  1.6732951e-27 -4.5549735e-27  1.1980117e-27
   480 :  5.0570500e-02  4.5261180e-02 -3.7440630e-03
   481 : -3.8849051e-13 -3.7759281e-12  1.0221581e-11
   482 :  1.0992625e-19 -4.1469316e-19  1.5074260e-19
   483 :  5.6017397e-02  6.0549617e-02  5.1638221e-02
   484 :  3.5573428e-06 -2.4572231e-06 -9.8056400e-07
   485 :  1.8445819e-07  9.1934759e-07  4.6303046e-08
   486 : -7.3848118e-02 -2.9982053e-02 -6.8523019e-02
   487 : -1.7799634e-05  2.5203044e-06  8.0023903e-06
   488 : -1.5817079e-02  4.7888399e-02  4.0022122e-02
   489 :  1.7964131e-21  5.5213217e-22 -3.4895731e-21
   490 :  3.1759395e-18  5.0483197e-19 -1.7042114e-18
   491 :  3.4306103e-19  9.3341109e-19 -6.1711323e-19
   492 :  2.1666516e-05 -1.8846283e-05 -7.9542449e-05
   493 : -1.5621791e-03  2.0315764e-03  3.2177030e-04
   494 :  1.7102999e-02  4.6816731e-02  3.0922228e-02
   495 : -1.1096177e-08  3.5146015e-08  4.9831817e-08
   496 :  2.9520972e-16 -2.9510788e-15  2.3710883e-15
   497 : -2.0721195e-23 -5.4899179e-23  2.9644225e-23
   498 :  1.0281563e-21 -9.9080934e-22  1.6031899e-21
   499 :  9.1830072e-02 -3.2155555e-02 -8.1766613e-03
   500 :  2.7959058e-24 -2.5828533e-24 -4.0509654e-24
   501 : -2.8932703e-26  2.3244429e-25 -1.2403603e-25
   502 :  3.1388129e-04  5.8356357e-04  2.8725431e-04
   503 : -3.6249706e-05 -9.9656611e-04  2.0909345e-06
   504 : -1.2719152e-06  3.5509744e-06 -1.1236907e-06
   505 :  9.1500050e-03  5.6072782e-02  6.2946514e-02
   506 : -7.2441372e-18  2.1076402e-17 -4.8062351e-18
   507 :  6.5449333e-17  3.7180388e-16 -8.3342787e-16
   508 :  4.6390360e-16 -8.8685050e-16  1.6586538e-16
   509 : -2.6993286e-05  1.0395797e-06 -4.3124697e-05
   510 :  7.1564256e-16 -1.4163916e-15  2.8145659e-15
   511 : -3.9770322e-11  1.4265666e-11  6.6917684e-11
   512 :  1.6989001e-12  2.5027158e-12 -3.7556293e-12
   513 :  7.7642078e-08  1.2395537e-07 -2.5834740e-07
   514 :  2.6567816e-07 -8.3807803e-07 -6.0208188e-07
   515 : -6.0246016e-03 -4.9910993e-03  1.0383787e-02
   516 :  3.6091928e-16  9.0475539e-16 -5.8749027e-16
   517 : -6.3682109e-04 -4.4173240e-03  3.1441960e-03
   518 : -2.2751730e-07 -1.1464809e-07  3.9052932e-07
   519 : -1.1621675e-10  2.8159136e-10  3.6231635e-11
   520 :  1.5981581e-08  2.9786908e-09 -5.0769641e-09
   521 : -4.2252663e-03  1.2896609e-03  5.4590256e-04
   522 : -5.2884261e-02 -7.3767722e-02 -2.3424503e-02
   523 :  4.6702811e-02  1.4180035e-02 -5.9444752e-03
   524 : -2.1841618e-07  7.7095256e-09  8.9384274e-08
   525 : -6.3855789e-07  3.2366217e-07 -9.6179356e-07
   526 : -5.2048183e-12  1.1462054e-12  1.7755160e-12
   527 : -2.8037434e-21 -7.6780367e-22  1.1014500e-20
   528 : -1.3321554e-01 -6.4947229e-02 -1.3172576e-01
   529 :  1.0919081e-05 -5.7928759e-05 -7.6075495e-05
   530 :  2.3057151e-02  8.0420900e-02  4.6442923e-02
   531 :  4.9294258e-05  3.5233442e-04 -1.5018880e-04
   532 : -7.5691010e-12 -3.9053492e-12  1.6644655e-11
   533 : -1.5000998e-28  4.8489831e-29  4.3540084e-29
   534 :  2.0148034e-29  1.0326418e-28 -2.3613955e-28
   535 : -2.4194707e-19  5.1162788e-19 -6.5340013e-20
   536 :  8.0261584e-03 -5.9313291e-03 -7.0858072e-03
   537 :  4.7906575e-05  5.5273210e-05  1.0697506e-04
   538 :  1.8638137e-05 -6.1396531e-06  6.4383407e-06
   539 :  4.6149470e-20 -1.7098016e-19  6.5700748e-20
   540 :  6.5653397e-18 -4.7424041e-18 -1.1487734e-17
   541 : -1.3124279e-16  1.2118364e-16  1.4154468e-16
   542 :  2.9278791e-08  3.5614664e-08 -3.2772289e-09
   543 :  2.6919388e-21  4.4364504e-21 -3.6286177e-21
   544 :  5.8490887e-08 -5.4418098e-08  7.3447144e-09
   545 :  2.0454840e-14 -6.5832078e-15 -4.5352721e-14
   546 :  4.5199665e-02  1.5407861e-02  6.3637888e-02
   547 :  2.5702344e-19 -5.9529452e-19  4.7541702e-20
   548 : -4.8688033e-03 -5.5187451e-03  3.1587726e-03
   549 :  3.1453260e-18 -4.0925745e-16  1.3917438e-15
   550 : -1.2673267e-05 -6.8479563e-05  1.1972010e-05
   551 :  7.8519298e-03  1.6119828e-02  6.5234135e-02
   552 : -9.8497652e-04 -1.1194884e-04 -4.6204427e-04
   553 :  4.7569568e-04 -1.4277644e-04 -1.3020182e-04
   554 :  3.1405019e-15 -1.3291017e-14  3.9283942e-15
   555 :  6.7879171e-09  8.2892284e-10  7.3719724e-09
   556 :  3.4959349e-16  3.3120054e-16 -3.0048347e-16
   557 : -3.9201841e-02 -6.4868379e-02 -5.3361063e-02
   558 :  1.3238589e-05 -1.4234378e-05 -1.0584714e-04
   559 : -1.2202354e-03 -1.2762438e-03 -1.0410754e-03
   560 : -4.6778593e-05 -7.2752201e-05  1.0274899e-05
   561 : -4.0017292e-02 -4.3114018e-02 -2.2885601e-02
   562 :  6.7718423e-13 -4.2336876e-12  7.3241866e-13
   563 : -6.8349637e-24  3.5999036e-24 -2.5919565e-24
   564 :  6.4598334e-02  1.7199090e-02  2.8884300e-02
   565 :  5.6908568e-02  4.3591526e-02  5.1219508e-02
   566 :  7.8476864e-18 -2.3798500e-17  1.5673636e-17
   567 : -4.1692204e-09  1.6744336e-08 -7.5184585e-09
   568 :  1.3193676e-05  1.9061122e-03  4.0829745e-03
   569 :  2.6302497e-02  1.7537124e-02 -2.7090905e-03
   570 :  1.2981295e-14 -2.8959588e-14 -1.0556123e-14
   571 :  8.4339290e-09 -2.8574885e-09 -3.3828729e-09
   572 :  2.1599483e-26  1.1683552e-24 -5.5141602e-25
   573 :  2.3858034e-06  3.6464850e-06 -2.8569446e-05
   574 : -3.8229561e-05  3.6945698e-05 -8.3189731e-05
   575 : -6.6009853e-02 -1.0508107e-01 -1.0212027e-01
   576 : -8.9506349e-07  1.1425118e-06  1.7780343e-06
   577 : -4.7304357e-02 -5.7326636e-02 -6.3389638e-02
   578 :  7.9456638e-28 -8.3494567e-28  4.6412299e-28
   579 : -1.6270522e-02 -2.0852908e-02  5.7434019e-02
   580 : -6.9022077e-02 -5.0617227e-02 -3.3091140e-02
   581 :  7.0772158e-15 -5.9283553e-15 -1.0745739e-14
   582 :  1.3614007e-27  7.8456757e-26 -3.3680196e-26
   583 : -7.3390022e-14  2.5100545e-13 -9.2215252e-14
   584 :  1.6370589e-23 -4.9181806e-23  9.4876495e-24
   585 :  3.2176091e-03  1.3485486e-02 -1.1792984e-02
   586 : -1.5480239e-18  1.8936736e-18  1.1944211e-18
   587 : -2.1698624e-14  8.2787948e-13  1.5104787e-13
   588 :  4.2597706e-17 -4.0154896e-17 -1.9347831e-18
   589 :  7.4546500e-04 -4.3935276e-03 -5.0191019e-03
   590 :  1.0326881e-03  6.1410722e-04 -4.6171715e-03
   591 : -3.0067351e-25  4.5431746e-25  1.7115176e-25
   592 :  4.0111065e-16  2.0844150e-16 -8.5049299e-16
   593 :  1.2302181e-10 -4.7465455e-11  3.9559080e-11
   594 :  1.0146572e-12 -3.5077054e-12  1.3442889e-12
   595 : -3.6588792e-06  3.3490501e-06 -2.8522563e-06
   596 :  2.3894609e-06  4.0981587e-06  4.0404833e-06
   597 :  4.8637097e-10  5.1807855e-10 -2.1373625e-09
   598 : -4.1411868e-12  4.4629254e-12 -9.0961021e-13
   599 : -7.7826222e-02 -8.3950507e-03 -3.4050297e-02
   600 :  6.9485302e-07 -6.7983853e-07 -1.1384016e-06
   601 : -3.4772965e-02  4.4057817e-02  2.6703565e-02
   602 : -1.3750871e-19 -1.9647908e-18  1.6218390e-18
   603 :  2.6175742e-22  7.5785670e-22  4.5803338e-21
   604 :  7.0699010e-14 -6.6808715e-14  6.9020795e-14
   605 :  3.3909394e-11  1.1384125e-10 -9.5975949e-11
   606 : -7.1078354e-02 -2.5482380e-02 -7.2972289e-02
   607 :  1.7956743e-07 -2.0724730e-07 -1.8201911e-07
   608 :  3.4320351e-17  1.7087229e-16 -9.4229614e-17
   609 : -2.8342352e-14  1.5083014e-13 -6.8914201e-14
   610 :  1.1935452e-20  2.9739773e-20 -7.6133414e-20
   611 : -5.0242014e-02  1.1837492e-03  4.8500322e-02
   612 :  6.2001141e-08 -1.3543965e-07  1.1669274e-07
   613 :  5.2965039e-10  8.4785809e-10 -1.5279982e-09
   614 :  3.9187889e-03 -3.5232110e-03 -1.1681339e-02
   615 :  1.1185957e-11 -5.2997605e-09  1.3267863e-09
   616 : -3.6797545e-22  4.8937131e-22  2.7581154e-22
   617 : -2.5047392e-09 -8.7712560e-10  1.2597772e-09
   618 :  6.6974636e-13  4.4166719e-13 -4.9915647e-13
   619 : -2.7789988e-17  2.9944654e-17  2.7986822e-17
   620 :  1.0745695e-11 -1.8792404e-11  9.5589544e-12
   621 : -4.2380390e-08  7.4699712e-08  8.2275418e-08
   622 :  3.3186930e-02  4.6492333e-02  6.4755908e-02
   623 :  3.7622612e-04 -9.3474984e-05 -1.1693700e-04
   624 :  1.8056963e-08  6.2926929e-08 -1.7747002e-08
   625 :  4.9076114e-09  2.6590192e-09 -3.8063799e-09
   626 :  1.9978356e-27 -7.3824657e-27  2.5918876e-27
   627 : -2.8242567e-19  1.5552368e-18 -1.0035100e-18
   628 : -6.3390532e-13  7.0740412e-13  2.0990565e-14
   629 : -5.4988820e-05  3.6218543e-04  2.3009416e-04
   630 :  4.9432793e-02 -1.1934811e-02  2.0566282e-02
   631 :  1.8677247e-10 -6.8836521e-10  1.9466772e-10
   632 :  7.6726977e-22 -1.6013158e-21 -3.5038434e-22
   633 :  3.3672202e-04 -2.6154093e-05 -1.0990629e-04
   634 :  1.0046175e-07  1.4078129e-07 -7.0563611e-07
   635 : -1.4531705e-03  7.6521434e-04  8.0575573e-04
   636 : -1.4949777e-03 -1.2269387e-03  8.3308835e-05
   637 :  3.4674723e-02 -9.5267736e-03  2.2965185e-02
   638 :  6.8538477e-02  5.0672435e-02  5.5437190e-02
   639 : -5.2547056e-03 -5.3543714e-03  1.8798686e-03
   640 : -9.6242432e-02 -3.2435010e-02 -8.7045848e-02
   641 :  5.6375715e-17 -1.2537088e-16  1.1236087e-18
   642 : -5.3440984e-05  3.4625590e-05  7.7361487e-05
   643 : -2.1576026e-03  1.9569200e-04  2.8198047e-04
   644 :  1.4634256e-03  3.5718876e-04 -1.5206234e-03
   645 : -5.1562953e-07  1.5003602e-06 -5.0215928e-07
   646 :  1.7374080e-08  4.3233484e-08 -6.1391730e-08
   647 :  4.1209476e-02 -3.1342956e-02  2.0309405e-02
   648 :  2.4942332e-08 -6.0438328e-07  1.2030811e-07
   649 : -5.9585140e-03  1.8735245e-02 -9.6028379e-04
   650 :  1.1488662e-08  4.5454150e-09 -2.2431682e-08
   651 :  1.1693562e-01  7.8234840e-02 -2.2606502e-02
   652 :  1.4927478e-07 -2.0791817e-07  9.9457365e-08
   653 :  4.6144662e-03  4.1409444e-02  8.1784585e-02
   654 :  2.1901470e-13 -2.0548486e-14 -9.8873392e-14
   655 :  6.6638842e-08  3.2003638e-08 -1.0503533e-07
   656 : -6.5021328e-03 -2.7891236e-02  4.1281501e-02
   657 : -7.9118342e-03  8.2717172e-03 -8.3939479e-03
   658 : -6.8490659e-07  2.1428595e-07 -7.0238667e-07
   659 :  7.0580913e-06 -2.0907899e-05  5.0658922e-06
   660 :  5.6269803e-02  2.9770190e-02  7.1074157e-02
   661 : -8.7197730e-02 -1.8372000e-01 -1.0204685e-01
   662 :  5.3610672e-13  3.9711989e-13 -1.3843811e-12
   663 : -6.9373413e-03 -4.4624161e-03  1.0538750e-03
   664 :  1.3911939e-01  7.6563192e-02  5.5068642e-02
   665 :  6.0796141e-02 -2.4257673e-03  2.7144383e-02
   666 :  8.3760505e-23 -8.8387439e-23 -1.0611259e-22
   667 : -8.1170384e-15  3.4548727e-15  3.9327874e-15
   668 : -2.8273161e-05  5.1688624e-05 -1.1420712e-03
   669 :  4.6300375e-27 -6.8844928e-28 -9.5417182e-27
   670 : -4.5518222e-03 -6.2993589e-03  8.6451058e-04
   671 : -6.6486021e-02 -2.5980521e-02 -1.1454850e-01
   672 :  6.9494903e-03  1.1572526e-03  4.8183969e-03
   673 : -2.2929003e-11 -2.8008636e-11  7.3914201e-11
   674 : -9.9086826e-10  2.7501598e-10  1.0126152e-10
   675 :  4.6242933e-10 -2.9088714e-11 -4.4002148e-10
   676 : -1.9878341e-06  5.1182606e-06 -2.5948642e-06
   677 : -3.3620473e-08 -2.0431269e-08  1.7790854e-08
   678 : -1.0896469e-03 -1.2671750e-03  8.0937017e-04
   679 : -1.5100020e-05  5.2949372e-06 -3.5101567e-05
   680 :  1.4951531e-05 -3.9686688e-05 -4.3499562e-05
   681 : -5.9453773e-16  1.3133911e-15 -2.0597087e-15
   682 : -8.4683483e-16  9.8179466e-16  7.3058617e-16
   683 : -2.6031204e-14  5.2341569e-14 -1.1675773e-14
   684 : -1.6267061e-18  2.6803563e-18 -3.5857520e-18
   685 : -1.0694665e-06  6.2010158e-06  2.9385548e-06
   686 : -4.4203322e-10 -5.5159751e-10  4.8133400e-10
   687 : -1.8927566e-17 -2.8092263e-17  8.4749337e-17
   688 : -3.1271602e-11  1.0553735e-10 -2.0092827e-10
   689 :  3.5164606e-02  4.6315881e-02  5.0692950e-02
   690 :  4.2482999e-07  8.4960542e-08 -3.4374655e-07
   691 :  3.7130410e-06 -8.2233510e-07  2.3688662e-06
   692 : -3.3963946e-07 -1.5589203e-07  4.7742725e-07
   693 :  1.0973192e-26 -1.8781151e-26 -7.8892928e-27
   694 :  7.4559883e-19 -8.6814317e-19 -6.1567348e-19
   695 :  6.5594907e-02  1.3446255e-02  4.1604227e-02
   696 :  4.6581826e-04 -5.5619329e-04  1.2351633e-04
   697 :  5.8014060e-07 -3.2320302e-07 -9.0406088e-07
   698 :  6.1486362e-02  1.5853581e-02  5.9556260e-02
   699 : -2.4516481e-12  4.0076322e-12 -1.0018070e-11
   700 :  3.6909959e-24  5.8543654e-24 -1.6280554e-23
   701 : -3.8765558e-23  1.6830071e-22 -5.8475032e-23
   702 : -8.9677546e-15  1.7958718e-14 -5.0947797e-15
   703 : -4.4911781e-02 -3.7872543e-02 -5.3705754e-02
   704 :  1.3413124e-07 -2.9800719e-08 -1.2020636e-08
   705 :  4.1533002e-19  4.4668369e-17 -2.2371193e-17
   706 : -7.6463539e-02  1.3598468e-01  4.2338397e-02
   707 :  8.6381747e-04  1.0657865e-03 -3.8375752e-04
   708 : -7.8822367e-05 -6.4489212e-05 -2.7038374e-06
   709 : -3.1886499e-09  2.6063839e-09 -6.3890584e-09
   710 : -2.5517488e-12  1.9464577e-12  7.6034397e-13
   711 :  3.9174424e-08 -8.8665701e-09 -5.2889081e-10
   712 : -3.1217123e-03 -2.0521578e-03 -2.8781236e-03
   713 :  8.0267182e-08  1.5578127e-07 -4.4638581e-07
   714 : -6.0563733e-02 -9.4943369e-02 -7.5400752e-02
   715 :  3.8288602e-06 -1.0130464e-06 -1.1288805e-06
   716 : -4.7310467e-19  1.8128069e-18 -3.7429213e-18
   717 : -1.3301411e-04  4.7068246e-04 -3.6512994e-05
   718 : -1.9412774e-07  4.3683136e-08  8.5576981e-08
   719 :  5.7642871e-04  4.6412070e-04 -5.3995454e-05
   720 : -2.5188656e-02 -3.1043890e-02 -1.0678716e-01
   721 : -6.1954469e-04  3.0499565e-02  1.3001252e-02
   722 : -2.4314749e-16 -2.5629403e-17  2.5711505e-17
   723 : -2.0725471e-16  3.4791044e-15 -2.6003536e-15
   724 :  1.0020161e-15 -1.2040707e-15  2.7515772e-16
   725 : -5.7668470e-03 -8.4066464e-04  1.3976875e-02
   726 :  6.4018843e-11  1.1813257e-10 -6.6398952e-11
   727 :  7.3206259e-03 -7.1953595e-03  1.6430114e-02
   728 : -1.8482729e-04  4.2162897e-04  5.3490650e-04
   729 :  1.2485209e-05 -6.3363093e-06 -1.0414783e-05
   730 : -4.1072909e-07  1.5479443e-07 -3.5414394e-07
   731 :  6.3763942e-16 -7.4645041e-16  6.1982652e-17
   732 :  3.8128053e-13  7.8385538e-14 -2.7157946e-13
   733 : -5.5545065e-07 -6.7705505e-07 -4.3079860e-08
   734 : -7.2414773e-02 -1.0194790e+00  1.0853181e+00
   735 : -1.3871304e-07 -6.7401701e-07  1.6657146e-07
   736 : -4.3769732e-02  4.8937406e-02  4.8214529e-02
   737 :  6.0976472e-10  4.5741697e-10 -1.4398005e-09
   738 : -1.0801658e-03  7.6647660e-05 -1.0815847e-03
   739 : -1.0246735e-01 -9.9939282e-02 -1.4636582e-01
   740 : -1.4409391e-06  4.9725127e-06 -1.0007113e-06
   741 :  1.2730642e-02  1.7892969e-02  3.9234711e-03
   742 :  1.1782349e-08  7.8706318e-08 -8.1816177e-08
   743 : -8.4071801e-07 -9.4064080e-07  7.8543144e-06
   744 :  4.1138509e-02 -2.4410132e-02 -6.4422302e-02
   745 : -6.6126833e-17  3.3500733e-17 -9.9883855e-18
   746 : -2.2393627e-13 -3.1380854e-14  6.1344512e-13
   747 : -3.7628562e-10 -5.1983533e-11 -5.4997594e-10
   748 : -6.6639426e-07 -7.4076321e-07  3.0636831e-06
   749 :  5.0088226e-05  4.3872477e-04  6.0398062e-04
   750 : -8.1014350e-18 -3.1617445e-17  7.5975426e-17
   751 : -5.5022066e-02 -1.7508658e-02 -2.1244799e-03
   752 :  5.2621559e-08  1.7718801e-08 -6.2360683e-08
   753 : -4.2428211e-06  5.0275078e-04  5.6063964e-06
   754 : -5.3842962e-14 -2.7709276e-14  1.5377257e-13
   755 : -6.0450703e-02 -2.2331635e-02 -4.5997711e-02
   756 :  2.1799125e-09 -2.3042924e-09 -4.4684567e-09
   757 : -2.7195487e-26 -1.1217754e-26  1.7432385e-26
   758 : -8.8673081e-02 -1.7629060e-02  8.7335157e-02
   759 : -4.1979399e-07  3.0192969e-07 -5.2507995e-07
   760 : -5.4493787e-12  8.5847477e-12 -5.2197604e-12
   761 : -6.8272096e-07 -7.4327306e-07  1.2495968e-06
   762 : -2.1727204e-02 -1.0187140e-01  2.5158345e-01
   763 : -1.7043382e-20  5.4390937e-20 -1.8755480e-20
   764 : -1.5352685e-21 -4.0607338e-21  2.8383458e-21
   765 : -7.3496076e-02 -5.0480656e-02 -7.6547255e-03
   766 :  1.2823455e-09 -7.0935638e-09 -1.2877907e-09
   767 :  9.9175838e-02 -2.4937137e-01  4.4511490e-01
   768 :  6.9949009e-19  1.9332481e-17 -3.7511039e-17
   769 : -5.6733292e-02 -5.9877584e-02 -3.1062825e-02
   770 :  3.8648716e-06 -1.8210445e-06 -5.9391349e-07
   771 : -2.6063455e-05 -1.6230787e-03  1.7411559e-04
   772 :  1.1275192e-02 -6.0950733e-03  3.0686487e-02
   773 : -1.3182316e-08  7.8861876e-09  2.1552060e-08
   774 :  8.7845406e-02 -1.5521850e-02 -2.9017460e-02
   775 :  4.1442412e-02 -3.3935532e-01  4.6966454e-01
   776 :  2.8514440e-08 -5.9165148e-08 -3.8869045e-08
   777 : -6.2052759e-07 -8.3390348e-07 -7.7464179e-07
   778 : -1.2834316e-06  8.3280644e-06 -9.5473283e-07
   779 : -2.8270236e-14  4.8041111e-14 -9.1147838e-15
   780 : -7.0680381e-04  3.0463070e-02  6.1453700e-02
   781 :  7.7053007e-17 -5.3901198e-17  8.1620288e-17
   782 : -3.1967856e-27  5.1510314e-28  4.6723788e-27
   783 : -1.3904411e-06 -6.9470819e-07  3.4360261e-06
   784 :  1.5518111e-08 -4.4407002e-07  2.3518726e-07
   785 : -1.5272183e-16  4.0708560e-16 -1.6303219e-17
   786 :  9.4246263e-02 -8.9993770e-02  1.1368300e-01
   787 : -9.3467172e-02 -6.9480701e-02 -6.0127378e-02
   788 : -9.3050929e-17  4.2261926e-17 -1.1614786e-16
   789 :  8.0315727e-17  1.0424315e-15 -1.8528070e-15
   790 :  1.5620164e-05 -9.7642293e-07 -4.1162159e-05
   791 :  2.5690730e-04 -1.0386237e-04 -4.6862653e-05
   792 :  3.1142485e-02 -6.0140186e-03  6.3069874e-04
   793 :  3.2147678e-03 -5.4356616e-03 -3.8287758e-03
   794 : -1.9668395e-06  7.1062785e-06  9.0559149e-06
   795 :  5.0438052e-02  4.3440949e-02 -4.6335701e-03
   796 : -3.8439367e-03 -1.8503722e-04 -5.1363320e-03
   797 : -4.2120860e-18  3.2009404e-17 -6.7585291e-17
   798 : -3.0816810e-05 -4.2231762e-05 -6.5860209e-05
   799 : -2.2607113e-09  1.3015873e-09  4.1508065e-09
   800 : -6.2099858e-02 -7.0533557e-02 -3.0560736e-02
   801 : -7.7004965e-16 -2.4393481e-15  4.0776806e-15
   802 :  6.3195622e-08 -5.5020401e-07 -6.6117276e-07
   803 : -1.0222158e-11  7.4847953e-13  5.8649991e-13
   804 : -7.3796155e-02 -7.5839766e-03 -2.8464829e-02
   805 : -1.4210001e-08 -8.9009450e-07 -2.2457396e-07
   806 : -3.4031695e-15 -6.7536691e-15 -2.0739758e-15
   807 : -1.5336150e-17 -4.6766350e-17  2.4470735e-17
   808 :  4.7056305e-02 -4.4169970e-02 -1.2524366e-02
   809 : -1.8120621e-10  3.2582908e-10  4.6311859e-11
   810 : -6.1016074e-18 -2.7257290e-16  7.3702641e-16
   811 : -9.4394568e-27 -5.0095400e-27  2.2293431e-26
   812 : -6.5294391e-09 -1.2249775e-08  4.7663598e-08
   813 :  1.5203909e-07 -8.8079345e-07 -1.1591973e-07
   814 : -1.9832354e-25 -1.4179794e-27  2.0137498e-25
   815 :  2.6036004e-30  3.4976434e-29 -2.8242031e-28
   816 : -4.4147672e-23  1.0747456e-23  1.6429734e-23
   817 :  2.8427434e-24  7.0294637e-24 -1.2945627e-23
   818 :  1.7335491e-27  2.7387633e-26 -2.2320517e-26
   819 : -6.0946652e-09  3.3293033e-08 -6.0751566e-08
   820 :  4.3066997e-26 -1.2099261e-25  2.5308350e-26
   821 : -2.7676808e-03 -7.4525295e-03  2.0000092e-03
   822 : -3.9675222e-07  1.5686005e-05 -1.5233535e-05
   823 :  4.8616225e-12 -1.2637049e-11  2.6243879e-12
   824 :  6.5882544e-12 -1.0883207e-11 -1.8957935e-12
   825 : -1.4082248e-20  8.1603783e-21  4.4194160e-21
   826 :  1.5909507e-04 -6.8486524e-04 -1.3543045e-03
   827 : -8.7682140e-15 -1.6181462e-14  1.2534598e-14
   828 :  2.0783207e-10 -1.1910718e-09  4.4534821e-10
   829 : -1.5058761e-05 -1.5075708e-05  9.3026877e-06
   830 : -1.4607883e-01 -1.7133566e-01 -1.7034781e-01
   831 : -1.5973540e-01  1.0696768e+00 -1.5245166e+00
   832 : -5.7369641e-10  1.0683061e-09  1.6997644e-08
   833 : -7.3488408e-02 -4.4818926e-01  2.3484132e-01
   834 : -4.2788494e-24  3.5682568e-24 -3.4731101e-24
   835 :  1.2846108e-27 -3.4778534e-27  6.1677262e-27
   836 : -7.2385476e-07  2.1431917e-06 -7.3514271e-07
   837 : -9.7507561e-16  4.1844931e-16  2.4258988e-15
   838 : -1.1848186e-04 -1.1170964e-04  2.6413530e-04
   839 : -4.6371233e-11 -1.0635525e-11  1.0496631e-10
   840 : -2.8946426e-15 -2.2115768e-14  4.7939238e-14
   841 :  1.5673069e-12 -5.8897239e-13 -3.7937626e-13
   842 :  8.1536459e-10 -7.6860029e-09  1.8488572e-09
   843 : -1.2199311e-13  6.9961246e-15  2.4078919e-13
   844 : -1.8260901e-08  7.3311211e-09  1.2042801e-08
   845 : -3.9253921e-20  7.9456182e-20 -6.0658795e-20
   846 :  2.3611418e-07  5.7069398e-06 -7.6064629e-08
   847 :  4.3263274e-10  4.0290338e-10 -1.2778121e-09
   848 :  5.4263915e-30  1.6738166e-28 -8.4259060e-29
   849 :  4.4042767e-12  1.3237624e-11 -1.5482096e-11
   850 :  2.5743634e-10 -4.6846610e-10  1.0824499e-09
   851 : -3.1893855e-13  4.3340301e-11 -4.3600166e-11
   852 :  4.8895576e-21 -1.4153973e-20  6.1230994e-21
   853 :  5.7919994e-04  4.9452501e-05 -1.6451162e-05
   854 : -1.7723520e-30  1.2312166e-29 -5.5877262e-30
   855 : -5.3405508e-03  1.1337694e-03 -8.0984095e-05
   856 : -5.3938440e-05 -6.8182303e-06 -6.1766820e-05
   857 : -5.8747237e-03 -7.6650615e-04 -6.8271599e-03
   858 : -7.2306497e-05  8.2093765e-06  2.3478470e-05
   859 :  2.2081351e-20 -3.0826293e-20 -2.8285311e-20
   860 :  9.1028812e-06  8.7171055e-06 -6.1102245e-06
   861 :  4.3926047e-06 -2.9340006e-06  3.0084878e-06
   862 :  1.1390943e-06 -4.3986752e-07 -1.3080463e-06
   863 :  5.5207933e-04 -1.4639366e-04 -8.1863232e-04
   864 : -2.6765717e-03 -7.1173965e-04 -4.8376111e-03
   865 :  8.1063856e-02  2.2171728e-03  1.2456755e-01
   866 :  5.6805532e-02 -5.6305780e-02 -8.4846435e-02
   867 :  4.5039274e-02  6.7703661e-02  2.9250600e-02
   868 :  4.6935289e-08  1.4823061e-07 -2.8898505e-07
   869 :  3.7496530e-08  7.5435353e-08 -4.0736974e-08
   870 : -8.9854869e-09 -1.1642129e-09  1.8113407e-09
   871 :  1.2541619e-03  1.8993195e-03 -5.6225709e-03
   872 : -5.0978052e-03 -3.0188443e-05  1.3384234e-03
   873 : -3.2006912e-02 -5.9146793e-02 -9.4158045e-02
   874 : -9.0639075e-02 -7.0170635e-02 -2.5970431e-02
   875 : -3.5814681e-12  7.6131921e-13  1.2416422e-12
   876 :  7.6810659e-12 -5.5710918e-12 -1.4122343e-11
   877 : -1.7024680e-25  2.1528937e-25 -2.5883358e-25
   878 : -5.0900349e-23  1.2385540e-22 -2.8957073e-23
   879 : -3.6531342e-15  5.6148838e-14 -1.1479191e-13
   880 : -1.3659129e-12  2.5203621e-13  5.8959390e-13
   881 : -4.7266798e-25  1.4291958e-25  1.8172260e-25
   882 :  5.7274935e-24 -2.8780006e-24 -9.0366528e-24
   883 : -3.9364490e-14  2.0941782e-14 -5.5472447e-15
   884 : -1.8633597e-14  3.4785373e-13 -9.5045119e-14
   885 :  2.2253012e-06  1.2836776e-05 -8.7539255e-06
   886 : -1.1719641e-06  8.2600466e-07 -1.1438576e-06
   887 :  1.7898383e-05  7.6497703e-06 -3.2546381e-05
   888 : -5.6603513e-05 -8.8836400e-05  3.3127502e-05
   889 : -8.6273401e-03 -7.9581861e-03  5.4695185e-02
   890 :  4.1340074e-02  5.9488431e-02  1.1793604e-02
   891 :  1.3332484e-13 -1.0097324e-12  1.8877140e-12
   892 :  3.5518606e-11 -8.7704159e-11  9.8273021e-12
   893 :  3.8014443e-06 -1.1983268e-06 -1.4763822e-06
   894 : -2.2834208e-06  2.9427351e-06  8.5907581e-06
   895 : -4.9755046e-02 -1.7380181e-02  1.2164573e-01
   896 :  5.3481546e-02  4.2463092e-02  4.6567931e-02
   897 :  1.0146882e-14  4.0836880e-15 -1.7054445e-14
   898 : -6.3860708e-14  2.2904899e-13 -3.8378234e-15
   899 :  6.0780945e-02  4.6334261e-02  5.6159021e-02
   900 :  6.7608056e-02  7.6571002e-02  5.3930277e-02
   901 : -4.6773421e-08  3.8862705e-08 -9.0884950e-08
   902 :  5.2032013e-07  1.6950992e-07  2.1125024e-07
   903 :  9.6042471e-04 -1.0000913e-03  6.5783696e-04
   904 :  2.2746182e-04 -2.6730962e-04  8.8360292e-04
   905 : -2.6760392e-03 -4.7807284e-03 -7.2729979e-04
   906 : -7.5390547e-03  4.4097320e-02  2.8338341e-02
   907 :  1.3693077e-02 -7.1330662e-03 -3.7348490e-03
   908 :  7.0332801e-05 -5.1125687e-05  1.2475149e-06
   909 :  1.2145797e-04 -5.4093449e-04  1.8862867e-04
   910 :  3.5732147e-04 -1.7661617e-03 -3.8916947e-04
   911 :  1.4280630e-04  2.1885813e-04  3.2515621e-04
