Number of elements 912
     0 :  4.4073555e-09 -1.3774827e-09 -9.2726106e-09
     1 : -2.0448561e-04  4.2947212e-04  1.5252861e-04
     2 : -5.8085540e-02 -2.6199474e-02 -6.4957617e-02
     3 :  8.0118095e-06 -1.8705803e-06 -1.6968019e-05
     4 :  9.2902173e-03  2.7556750e-02  2.2909446e-02
     5 : -4.5541687e-02  6.0691891e-02  4.2147993e-02
     6 :  4.9251148e-16  6.0873730e-16 -1.7860600e-15
     7 :  3.8550240e-04 -6.1857496e-04  2.4939927e-04
     8 :  1.1338491e-04 -1.5226700e-03  7.0517953e-04
     9 : -6.4456194e-15  9.6474936e-15  1.4247548e-14
    10 :  7.9102906e-04 -3.5462618e-03  8.8651184e-04
    11 :  9.9739576e-17 -1.1312280e-16 -7.2126893e-17
    12 : -1.8575970e-02 -9.8888502e-01  1.0535194e+00
    13 :  1.0340208e-02 -7.4741175e-03  6.8241388e-03
    14 : -9.5869017e-07  2.1943168e-06 -9.2302723e-08
    15 :  1.1545375e-02  4.3507931e-02  3.4851985e-02
    16 : -2.9198815e-18  1.7165357e-17 -5.2171068e-18
    17 :  2.8726678e-11  2.1166122e-11 -1.4860166e-10
    18 : -1.4194576e-03  5.0394040e-03 -4.9232065e-04
    19 :  1.2923355e-19 -1.6545443e-19  4.9017013e-20
    20 : -7.9463979e-11  1.0485833e-10  9.9635890e-11
    21 :  3.5908120e-02  1.5775423e-02  1.7279606e-02
    22 :  2.9558920e-02  1.0548878e-02 -2.5764986e-03
    23 : -1.1343313e-18 -2.7685387e-18  2.8569384e-18
    24 : -4.9918558e-05  3.8713673e-04  5.1539493e-06
    25 :  3.0709871e-20 -1.0963713e-19  8.1152787e-21
    26 :  2.3824565e-04  4.7159103e-04  2.9591561e-04
    27 :  1.6210240e-02  5.9416207e-02  4.0834351e-02
    28 :  8.5582721e-03  1.1514471e-04  1.5083654e-02
    29 : -3.9239955e-05 -8.0974054e-05  1.4239691e-04
    30 : -2.1539903e-03  6.2433651e-03 -4.9361570e-03
    31 : -2.1713379e-06  3.4475845e-06  2.6708579e-06
    32 :  2.1775094e-15  2.2531850e-15 -3.3515279e-15
    33 : -7.4453592e-03 -2.3317634e-02 -1.4209556e-02
    34 : -9.5798496e-21  3.5101328e-20 -8.4965550e-21
    35 : -6.0771384e-07  1.2429678e-06  5.5276548e-06
    36 : -2.2077684e-02 -2.9651575e-02  8.6038612e-03
    37 : -3.9517357e-03 -2.2441996e-02  2.0740408e-02
    38 :  3.6510231e-02  2.1617994e-02  5.9864177e-02
    39 : -9.8783316e-05  7.9123320e-05  6.7129082e-05
    40 : -2.8420563e-05  3.2727158e-04 -2.9198899e-04
    41 :  4.9360150e-03  4.9062597e-02 -2.4922317e-02
    42 : -4.6867275e-19 -2.6907352e-19  3.4063223e-19
    43 :  6.1927852e-10 -8.2407781e-10 -5.6309980e-10
    44 :  2.7073036e-02  2.0214793e-02 -1.9966977e-02
    45 :  3.7193757e-08  7.9617945e-09 -1.0194656e-07
    46 :  5.3205065e-08 -9.2338200e-10  8.1912210e-08
    47 : -1.0267037e-14  1.9780239e-14 -2.8402703e-14
    48 :  6.7328738e-18  8.1626391e-17  2.0706929e-18
    49 :  5.7590147e-05 -1.4916562e-03 -3.2164077e-03
    50 : -3.1347275e-02 -2.1587366e-02 -2.7005354e-03
    51 :  5.8175527e-03 -3.6978246e-02 -9.5683328e-03
    52 : -1.1138158e-02  3.4155311e-02 -5.7068924e-03
    53 : -3.4468962e-16  8.1315417e-17  1.6590638e-16
    54 :  1.3928663e-03  1.0194253e-02 -3.9229790e-03
    55 :  1.0782276e-02  8.0990439e-03 -2.4074913e-03
    56 :  2.6898680e-02  1.2679707e-02  3.6483234e-02
    57 :  3.5632270e-03  2.4948471e-03  6.3478308e-02
    58 : -5.7795912e-02 -2.6277835e-01  1.7128294e-01
    59 : -2.1343772e-03 -2.1041764e-03 -3.4571522e-03
    60 :  3.1493011e-02  3.1888919e-02  3.0692848e-02
    61 : -3.0327701e-02 -4.7291037e-02 -4.1092500e-02
    62 :  5.9152916e-04  3.6405440e-04 -2.5570504e-04
    63 : -2.9621377e-02 -1.2836180e-02  2.1708128e-02
    64 :  3.7743734e-04 -8.0308278e-04  5.7510742e-04
    65 : -3.2577934e-06 -7.5221537e-05  2.5194215e-05
    66 :  5.6555781e-06 -2.6837711e-05  9.4022811e-06
    67 :  1.5670577e-16 -6.4141857e-16 -4.0677378e-16
    68 : -1.8959618e-16  5.9320455e-16 -1.2216396e-16
    69 :  3.1208023e-16 -5.8037394e-16 -6.3123874e-16
    70 :  3.5740779e-08 -1.2775896e-07 -5.9634530e-08
    71 :  1.5394294e-02  1.0861110e-03 -1.1499332e-02
    72 :  2.5901252e-18 -7.7253721e-18  2.1253540e-18
    73 :  2.3336994e-04 -3.8410037e-02 -3.6077052e-02
    74 : -6.6962732e-12  4.5369441e-11 -2.3938958e-11
    75 : -3.2614594e-12 -5.0141243e-13  2.9077819e-12
    76 : -1.1074648e-18  4.9181282e-18  3.8086737e-19
    77 :  1.2308890e-12  1.2621866e-13 -7.7680135e-13
    78 : -2.4226561e-15  1.3582470e-14 -1.9437901e-15
    79 :  4.5229205e-10 -3.7228870e-11  3.0781258e-10
    80 :  4.4016968e-25  1.0713963e-23 -4.1160013e-24
    81 :  2.9352331e-14  1.2568411e-13 -7.4619399e-14
    82 : -1.1106135e-01 -5.7178955e-01  3.3229346e-01
    83 : -2.2142919e-21  8.0030528e-21 -2.1115298e-21
    84 : -5.6869704e-20  2.8419505e-20  3.4865427e-20
    85 :  6.5269010e-02  4.5608045e-01 -3.6830084e-01
    86 :  4.0913901e-11  1.0392006e-13 -4.1176534e-11
    87 :  5.1740595e-10 -5.2571775e-10 -6.5772846e-10
    88 : -4.7121868e-05 -4.5753213e-05  3.4820156e-05
    89 : -4.3988285e-02 -2.4194772e-02 -4.8805830e-03
    90 :  8.5991444e-18  1.8368074e-17 -1.2173214e-17
    91 :  1.5898783e-02  3.2298150e-02  2.5655409e-02
    92 : -2.5534168e-07 -1.9680362e-07  2.2760088e-07
    93 : -9.5447249e-23  9.1512811e-24  5.2110119e-23
    94 :  3.4669645e-09 -1.4033015e-09 -5.0216592e-10
    95 :  1.6780679e-18  6.7431719e-18 -8.3445200e-19
    96 :  2.6075276e-06 -4.1878259e-06  8.7156054e-06
    97 : -8.2988610e-07  6.3371777e-07  1.2025048e-06
    98 : -1.9260770e-02 -3.1970957e-02  1.0132781e-02
    99 : -1.0194135e-15 -1.5078654e-14  5.1210441e-15
   100 : -1.2410745e-15  1.5095637e-15  6.2389382e-16
   101 : -3.4560666e-05 -5.9049067e-06  1.6167161e-05
   102 :  2.8372676e-03  7.8448326e-03 -3.1715279e-03
   103 :  1.4815688e-21 -3.0502273e-21 -2.3852413e-21
   104 : -1.4993306e-08  3.9689912e-09  5.2794804e-09
   105 : -6.1071135e-03 -4.7142303e-04  2.1595713e-04
   106 : -5.2776877e-05 -2.5868552e-05  3.1772467e-05
   107 :  3.2045621e-05  1.8685647e-04 -1.1570055e-04
   108 : -9.1850091e-05 -5.9928014e-07 -3.2496763e-03
   109 : -3.8513725e-03  1.6699758e-03  2.1424274e-02
   110 :  9.0437972e-04 -3.8998220e-02 -1.7792295e-02
   111 :  5.2609566e-04 -1.4053272e-04 -1.4183105e-04
   112 :  1.0338839e-13  1.4243829e-13 -2.9600319e-13
   113 :  5.3639833e-03 -5.0330764e-02 -3.7564821e-02
   114 :  1.0294531e-06  9.9614996e-07 -2.7001646e-07
   115 :  2.4012687e-02  4.4837132e-02  1.4929025e-02
   116 : -3.0120312e-02  2.1526280e-02 -1.0399190e-01
   117 :  1.4492458e-02  2.0371399e-02  3.2246287e-02
   118 : -1.0511968e-01 -2.6632933e-02 -6.8745001e-02
   119 :  1.1345828e-16  8.2089511e-17 -3.5203271e-16
   120 : -6.5916130e-08 -4.5888060e-08  2.6593864e-08
   121 :  1.1855377e-13  2.8073574e-12 -1.8594315e-12
   122 :  4.3788951e-03 -1.3943329e-03  2.3866495e-02
   123 : -1.1340844e-20  1.2978371e-20  1.1782304e-20
   124 : -6.4206909e-16  9.8096386e-16 -1.8814474e-16
   125 :  1.4703735e-24 -3.9815781e-24  1.1037606e-24
   126 :  1.0186138e-11  8.6754644e-11 -6.6878811e-11
   127 :  2.3812879e-12 -1.1023081e-11  2.9036611e-12
   128 : -2.5544510e-02  2.5055392e-02  5.0388654e-02
   129 :  5.4643362e-10 -4.1973756e-10 -2.7600923e-09
   130 : -3.0314646e-02 -3.1418193e-02 -9.8128698e-04
   131 :  3.3617865e-02  1.1889111e-02  2.9492882e-02
   132 :  1.7869982e-02  4.3898211e-02  3.0291718e-02
   133 : -3.4690847e-02 -1.3367169e-02 -3.0965032e-03
   134 :  1.9675006e-02 -6.4742194e-03 -2.2761527e-03
   135 :  2.0490266e-03 -1.0930686e-03 -3.6557244e-03
   136 : -8.7975156e-05  1.3770634e-04 -3.4875890e-05
   137 :  1.3470709e-03 -3.5779315e-03 -4.3353055e-03
   138 :  4.4744275e-04 -6.0288939e-04 -1.8215512e-05
   139 :  3.3580190e-04 -9.8750046e-05 -1.4559478e-05
   140 :  5.4567472e-14 -1.2256316e-13  2.3361370e-14
   141 :  4.5297426e-13 -3.3374970e-13 -6.3638651e-13
   142 :  4.2368353e-04  5.4242373e-04  8.3403470e-05
   143 :  9.0351025e-17 -3.3030309e-16  1.3845296e-16
   144 : -9.6783781e-05 -9.3050941e-05  3.8864137e-05
   145 :  2.3233188e-07  9.4070445e-06 -4.6597556e-06
   146 : -2.0679808e-08  2.7716605e-08  3.9087038e-08
   147 :  3.4455679e-17  3.1492958e-17 -1.9842681e-17
   148 :  6.9284862e-10 -2.4905820e-08  2.9032175e-08
   149 :  8.7927753e-03  6.5924468e-03  1.7138022e-02
   150 : -6.3652580e-07  5.1430579e-06  8.2087775e-06
   151 : -2.0765722e-12 -3.3165869e-12  9.4523921e-12
   152 :  2.2715263e-09 -3.1857566e-10 -6.3613043e-10
   153 :  3.2573031e-02 -1.2447825e-02 -7.0638974e-02
   154 : -5.3139388e-23  3.2927482e-23  6.7969596e-23
   155 :  2.0942554e-17 -1.2673109e-17  3.0073510e-17
   156 :  9.3863361e-20 -3.1071135e-18  7.9499807e-19
   157 :  5.9088037e-08  1.0255929e-07 -4.4449451e-07
   158 : -6.6407011e-04  2.7882332e-04 -1.9094397e-03
   159 :  1.9869945e-06  1.8532319e-05 -1.2287094e-05
   160 : -2.6837509e-22  1.5507127e-22  6.3847046e-23
   161 : -7.7678905e-21  5.1565528e-21 -4.8841220e-21
   162 :  9.9634745e-03  2.0338480e-02  6.7257595e-03
   163 :  3.2602831e-02 -8.5030802e-03  1.8892837e-02
   164 : -1.9458024e-11  8.6451781e-12  3.7329941e-11
   165 :  5.0387795e-05 -2.7018946e-04  2.0508835e-04
   166 : -2.1414401e-17  1.6156353e-17  4.5577859e-17
   167 :  2.6308571e-04  1.3434191e-04  2.1141373e-04
   168 :  1.9876828e-02  4.1091363e-02  2.4870128e-02
   169 : -1.1525226e-01 -6.8699510e-02 -7.0354119e-02
   170 : -4.1425037e-16  1.5151101e-16  6.4005304e-17
   171 : -2.5626149e-16 -8.3150827e-16  1.9768108e-15
   172 :  1.6358106e-02  3.6407219e-02  3.2229083e-02
   173 : -5.1434940e-03 -3.8450822e-03  9.7665727e-03
   174 : -1.7926201e-04  5.4108200e-04  5.0177003e-04
   175 : -1.7994107e-08 -6.6641723e-09  8.1729936e-09
   176 : -3.8140562e-15  5.9558097e-15  2.2100486e-15
   177 : -1.0213336e-04  2.3426161e-04  1.9541152e-04
   178 : -8.1244573e-02 -2.2497581e-02 -1.4317602e-01
   179 :  4.1848503e-04  6.6506157e-04 -9.7436895e-04
   180 : -1.1718620e-17  5.1482681e-18  2.8806052e-17
   181 :  1.7670160e-02  4.2920728e-02  4.5388647e-02
   182 : -1.2319529e-09  3.7693868e-10  2.4162404e-10
   183 : -1.6941590e-03  3.2714218e-02 -1.5908470e-02
   184 :  2.3827077e-22 -2.7308600e-23  2.1334508e-22
   185 : -3.2619375e-11 -1.5408554e-11  1.4831553e-11
   186 : -2.2293046e-08  3.3648572e-07 -1.2211316e-06
   187 :  7.5955373e-04 -1.5911745e-03  3.6315454e-05
   188 : -5.8925355e-02 -9.0506495e-01  7.6774841e-01
   189 : -1.2932933e-02  1.2690536e-02  2.3378118e-02
   190 : -3.8004686e-05 -3.9201607e-05 -9.7162368e-06
   191 : -3.0505361e-20  2.7792898e-20  3.7676080e-20
   192 :  7.1867148e-02  1.4535042e-02 -5.2885517e-03
   193 :  2.2856124e-02  1.4163204e-02  8.1565730e-03
   194 :  2.1037902e-03  2.6479896e-01 -1.8488247e-01
   195 :  9.6104728e-08 -2.0055226e-08 -4.8051588e-08
   196 :  3.9397772e-20  1.6686388e-18 -4.3026615e-18
   197 :  3.1208928e-17 -5.1878665e-17 -1.2652475e-17
   198 : -5.2716432e-06  1.6108323e-06  2.2507368e-06
   199 : -3.1330937e-02  7.9794386e-02 -2.6642461e-02
   200 :  3.7776729e-16 -7.3937343e-16  1.0902453e-16
   201 :  8.6672075e-02  6.0717832e-02  5.2110843e-03
   202 :  3.4365119e-06 -1.3453586e-06 -4.6505385e-07
   203 :  9.4991727e-20  3.9032047e-19 -8.7937718e-20
   204 :  8.9047537e-08  5.1534888e-07 -6.8643726e-07
   205 : -1.3994748e-02 -3.9293803e-02  3.8128535e-02
   206 : -1.5947714e-18  4.7847341e-19  2.4246349e-19
   207 :  5.6429654e-17 -2.8467141e-17  3.1387780e-17
   208 : -2.7677836e-13  4.7364372e-12 -4.7368807e-12
   209 : -8.6060375e-02  7.0126340e-02  2.7483947e-02
   210 : -2.6590416e-07  2.2855459e-07  1.2285488e-07
   211 : -2.1825354e-19  4.4532679e-19 -1.2263330e-18
   212 : -1.8558648e-04 -4.3543777e-03  1.3084258e-03
   213 :  7.2131403e-17  6.9927238e-17 -2.6539010e-16
   214 :  6.3264817e-03  1.1107396e-03  9.2830667e-03
   215 : -1.1654329e-01 -1.5710024e-02  1.0549925e-02
   216 :  1.7961742e-03 -2.1838996e-03 -2.1202909e-03
   217 : -1.9313311e-23  2.1499900e-22 -7.3514048e-23
   218 : -3.8143466e-13  9.6902069e-13 -2.8400169e-14
   219 : -5.9827169e-03  2.3534630e-02  4.1760581e-02
   220 :  2.4413640e-11  4.4825903e-11 -1.2821038e-10
   221 : -2.5118106e-15  1.0616001e-15  5.3269598e-15
   222 : -5.2700401e-02 -4.6792921e-02 -4.1114578e-02
   223 : -2.6904027e-02 -4.0378672e-02 -1.5230624e-02
   224 :  5.5200038e-06 -9.7371724e-07 -1.5161177e-05
   225 : -5.9398918e-11 -3.4129372e-11  1.6195756e-10
   226 :  1.0403035e-15  1.5733933e-15  4.7169597e-16
   227 : -1.3950697e-07  2.0596697e-08  2.8135827e-08
   228 :  9.4914269e-06 -3.1296116e-05 -2.9314377e-05
   229 : -1.4672622e-09  4.4831276e-09 -1.4199486e-09
   230 : -9.7019216e-16 -9.3381434e-16  4.6560054e-16
   231 :  3.3629113e-16 -9.2515783e-16 -6.8216308e-17
   232 :  3.0468448e-23  1.8862608e-23 -1.8933783e-23
   233 : -4.4499957e-15  1.1336677e-14 -1.6397142e-16
   234 :  2.8564633e-02 -3.6219192e-02  9.8066708e-04
   235 :  2.9893508e-02  4.6844568e-02 -8.2682360e-02
   236 :  6.3385053e-14 -2.0466156e-13 -2.1052881e-14
   237 : -1.6382375e-12 -1.7276788e-12 -3.4076125e-12
   238 : -2.5338010e-20 -1.9932184e-21  1.3945740e-20
   239 : -3.6137262e-15  2.5845022e-16  3.9574909e-15
   240 : -1.3655161e-18 -3.7097538e-18  5.5018610e-18
   241 :  3.0626488e-02  2.6936693e-02  1.8094303e-03
   242 : -8.7461866e-03 -1.3279273e-02  4.8789117e-02
   243 : -1.4370626e-02 -1.7720498e-02 -1.5994213e-02
   244 :  4.2280423e-03  2.1515755e-02 -6.6596640e-03
   245 :  4.3477702e-14 -6.1196028e-14 -1.3889636e-14
   246 :  5.1627838e-03  1.9576726e-03 -6.7105136e-04
   247 : -3.8286265e-02 -8.2363546e-03 -3.9000493e-02
   248 : -8.7314108e-23  7.1874594e-23  1.8790114e-22
   249 :  1.0917667e-10  7.1329481e-11 -4.2205342e-10
   250 :  7.3557226e-03 -4.4553448e-03 -5.4599334e-03
   251 :  7.1590531e-06 -3.4423335e-05 -3.5820675e-05
   252 :  3.1350119e-15  2.8490012e-15 -1.3481768e-15
   253 : -1.2502775e-18  1.0909760e-18 -1.5254584e-18
   254 :  2.2692692e-02 -1.2248326e-02 -1.9026549e-02
   255 : -7.4919056e-08 -1.6951399e-07  1.1666135e-07
   256 : -4.9465002e-03 -4.8815130e-03  1.0181366e-03
   257 : -2.4399650e-02 -1.6541230e-02 -3.7422407e-02
   258 :  1.0386613e-07  1.1430882e-07 -2.7260089e-07
   259 :  7.3161160e-13 -2.3598317e-12  4.6520178e-12
   260 : -2.7952534e-03 -3.1402225e-03  1.7215132e-03
   261 :  2.0453081e-06  1.6990879e-06 -5.9244098e-06
   262 :  3.1968678e-14 -1.3965706e-13  1.1805732e-13
   263 : -2.9569619e-17 -2.6764053e-16 -3.9527359e-16
   264 :  1.5172723e-08 -2.1978884e-07 -1.8005174e-07
   265 :  1.6251493e-02 -8.2893045e-03  2.2825588e-02
   266 :  7.5876389e-10 -5.0177155e-10  2.5087043e-10
   267 : -5.7201817e-09  1.4349150e-08 -3.9300898e-09
   268 :  1.2231953e-17  3.0052640e-17 -7.8674672e-17
   269 : -4.2896114e-02  5.7585112e-03 -3.7041492e-02
   270 :  4.1415848e-09 -3.7580190e-08  3.5363425e-08
   271 :  2.9645422e-02 -4.5165366e-03  3.3620566e-02
   272 :  8.6547298e-09 -2.0368636e-09  4.9990360e-10
   273 : -5.1506865e-16 -2.3307393e-17  1.2590660e-15
   274 : -9.9598084e-04 -9.5123747e-04  2.4512958e-02
   275 :  1.5615531e-13 -1.6813808e-13  1.0731711e-13
   276 :  5.3229352e-03 -3.0300861e-03  3.3646935e-02
   277 : -6.7698479e-15  7.4773832e-15  7.6341225e-15
   278 :  2.9033344e-04 -4.1524335e-04 -2.0267700e-03
   279 : -7.0825323e-06  3.6944505e-06  1.7511558e-06
   280 :  5.4936215e-02  2.5134972e-02  3.4707635e-02
   281 : -1.9137423e-06  1.7286669e-06  1.3046280e-06
   282 : -2.8091375e-09  1.5352958e-09 -2.5458951e-09
   283 : -4.3469361e-12  6.7568493e-12  2.1313361e-12
   284 : -7.9822585e-15  2.7089817e-14 -5.9780664e-14
   285 :  2.6203104e-02 -5.1690665e-03 -2.7046059e-02
   286 : -1.7712938e-03 -2.7399495e-03 -5.0078969e-03
   287 : -1.7480549e-05 -1.0729094e-05  4.6322614e-04
   288 :  1.6407970e-02  2.7822644e-02  8.8203435e-03
   289 : -4.8773120e-05  1.6317980e-05 -1.0459048e-04
   290 :  9.6198294e-03  3.8099618e-03 -1.0047043e-02
   291 :  3.4223018e-06 -4.4032077e-06  4.5708037e-07
   292 : -4.3121897e-02 -3.7407962e-02 -1.5411455e-02
   293 : -1.9722973e-12  2.7947375e-12  4.4368811e-13
   294 : -6.6427493e-04 -1.4885700e-03 -4.1582894e-03
   295 : -3.5232632e-19 -3.7076322e-19  1.5842051e-19
   296 :  2.1632206e-02  2.1251113e-02 -1.4352288e-02
   297 :  1.4216237e-05 -4.7683614e-05  6.7170448e-06
   298 :  4.7202388e-06  7.7043813e-06 -2.8657736e-06
   299 : -1.0709561e-21 -1.1763726e-20  2.7529848e-20
   300 :  4.0991496e-02  4.2468053e-02  2.0771397e-02
   301 :  3.1030002e-06 -1.2711838e-05  4.9975570e-06
   302 : -1.8988318e-03  8.6242134e-03 -2.7670395e-03
   303 : -3.4289782e-04 -9.6068799e-04  6.8744184e-04
   304 :  7.5760467e-04  5.6894108e-04 -1.3623897e-03
   305 : -2.1913415e-07  4.5382440e-08  5.5639665e-08
   306 : -3.5173543e-02 -3.6746513e-02 -1.6346897e-02
   307 : -1.8138948e-04  3.1962997e-04 -2.5796030e-03
   308 :  1.1331734e-06  1.4162656e-07 -1.5859402e-06
   309 :  4.5142742e-20 -1.1579166e-18  5.2812610e-19
   310 :  1.7747737e-05  7.1428951e-05 -1.5816499e-04
   311 :  2.1392681e-04 -3.5716597e-03 -3.6827642e-03
   312 : -5.2827936e-18  3.6565135e-18  1.5141898e-18
   313 :  6.8438943e-12 -2.5224146e-11  7.3656935e-12
   314 : -3.3552765e-20 -5.2690767e-20  1.4461095e-19
   315 : -3.9000326e-15 -4.1629155e-14  2.3470255e-14
   316 : -4.3807163e-02 -2.2343268e-02 -3.5769508e-03
   317 : -4.6488495e-20 -9.7440316e-21  1.0940889e-19
   318 :  2.0885715e-03 -2.7256618e-03  7.6910172e-03
   319 : -4.3603275e-03  4.0820048e-02  3.8656541e-02
   320 : -1.7836437e-01 -1.9831626e-02 -3.1725375e-02
   321 :  2.3528022e-03 -2.1529004e-02 -3.6279775e-02
   322 :  5.2841839e-22 -2.7056449e-21 -1.2079114e-21
   323 : -4.5716010e-21  2.7856159e-21 -1.7261147e-22
   324 : -1.9581546e-13  4.1093799e-13 -8.4456726e-14
   325 : -1.3461954e-12 -6.7121775e-12  7.2181121e-12
   326 : -6.5117712e-02  3.4123016e-02  7.7893155e-03
   327 : -1.0607809e-01 -2.2904061e-01  2.5594416e-04
   328 :  3.0011356e-02  2.0872785e-03 -4.4246326e-04
   329 : -1.9983508e-14  3.6741803e-13 -1.7734546e-13
   330 :  1.2996976e-21 -5.3199863e-22 -2.0330265e-21
   331 :  3.1975531e-09  3.6984512e-08  1.9650282e-08
   332 : -2.6330302e-03 -2.0020591e-03  1.7101244e-03
   333 :  6.4381361e-13 -1.0740608e-12 -6.1587143e-14
   334 :  3.1170214e-02  2.1372328e-02  3.5982137e-02
   335 : -8.9696929e-04  1.2905543e-03 -2.2234094e-03
   336 :  2.7953066e-03 -9.6704410e-03 -7.9454968e-03
   337 : -2.9574737e-18  1.3441175e-17 -8.0921534e-18
   338 :  1.5141356e-02  3.3039542e-03 -8.0664445e-03
   339 :  1.1967313e-13 -1.6798906e-13 -9.3302027e-14
   340 :  9.7327732e-03  1.4708176e-03  7.0838663e-03
   341 :  2.3941458e-18 -1.6657559e-18 -6.4141856e-19
   342 : -6.1419091e-16 -4.4253859e-15  6.8703628e-15
   343 :  2.9710493e-06 -2.2173767e-06 -2.1702504e-07
   344 : -7.1673514e-03 -1.3912314e-02  5.6205417e-04
   345 :  5.2980872e-03 -3.0379918e-02 -5.1255067e-02
   346 : -1.9951811e-14 -1.3326934e-14  1.9255928e-14
   347 :  3.1668479e-02 -4.5810538e-03  3.5980605e-02
   348 :  2.2460257e-06 -1.4951028e-06  1.2500292e-07
   349 : -5.9285377e-07  2.8325542e-07 -1.4817368e-07
   350 :  2.6845276e-02  3.1443931e-02  2.5595948e-02
   351 : -1.6900732e-11 -2.5088029e-11  1.3620031e-11
   352 :  3.2595608e-02 -3.6837453e-05  1.2748737e-02
   353 :  8.5794461e-04 -2.6602327e-03  8.0898334e-04
   354 : -2.5320235e-03  3.5938326e-04 -1.6003054e-02
   355 :  1.8302627e-02  1.7012378e-02  2.2036444e-02
   356 : -5.0593284e-18 -6.3389773e-18  1.9112883e-17
   357 :  6.2626273e-02  8.8109875e-02 -6.6382224e-02
   358 :  1.0931475e-07 -1.8166590e-07 -1.2140501e-07
   359 :  5.8016929e-25 -1.7489848e-24  1.5769092e-24
   360 :  2.8849860e-02  2.4921615e-02  2.8987404e-02
   361 : -2.0837273e-10 -3.2363560e-11  1.5436074e-11
   362 :  4.9299793e-07 -4.9264415e-07  9.7849668e-07
   363 : -4.8135480e-09 -4.4220430e-09  1.2645439e-08
   364 : -2.6138375e-10  2.7800761e-09 -4.2990293e-10
   365 : -1.6751318e-06 -1.6761050e-06  5.7301084e-07
   366 :  2.6687632e-17 -1.7095877e-16  8.6867910e-17
   367 : -3.1765047e-05 -6.7381328e-06 -3.7466514e-07
   368 :  6.8274194e-03  1.1954063e-03  4.5727920e-03
   369 : -4.5293070e-08 -9.7342476e-07 -1.2002860e-07
   370 :  3.4434248e-08 -7.9022628e-08  2.7530963e-08
   371 : -1.9816189e-17  2.6328003e-17 -4.8186207e-17
   372 : -5.7853024e-06  1.1326192e-05  1.8377401e-06
   373 :  7.3066942e-04  5.2732837e-04 -2.1418108e-03
   374 :  2.9026152e-02 -2.2507955e-02 -3.2783229e-02
   375 :  4.7330389e-12  1.3363242e-11 -6.3419366e-12
   376 :  9.4472108e-19  3.5352174e-18 -5.9075909e-18
   377 :  1.0440914e-05  4.1381616e-06  2.9037407e-06
   378 :  3.8409682e-08 -1.5036497e-07  6.1243569e-08
   379 : -1.3339092e-22  5.0224228e-22 -2.6147205e-22
   380 : -1.3163605e-02 -1.1274508e-03 -4.9125867e-03
   381 : -1.3302645e-08  1.9745933e-08 -1.0873394e-09
   382 : -7.0743565e-11  1.0564362e-10  5.1580153e-11
   383 :  1.7565399e-03 -2.7472886e-02  3.0408231e-02
   384 :  7.9162320e-12 -1.2678423e-10  5.9280077e-11
   385 :  1.2740465e-03 -3.8959893e-03 -2.6721445e-04
   386 : -4.2260433e-02 -2.2708279e-03 -1.6280410e-02
   387 : -1.3821352e-12  9.9388934e-13  2.3936633e-12
   388 :  2.8383842e-02  2.8465893e-02  2.3954020e-02
   389 :  5.2099921e-10 -6.8790475e-10 -1.1772399e-09
   390 :  9.0823482e-04  4.0111969e-03  1.2014675e-02
   391 :  3.3941118e-08 -7.0441652e-08  2.4860977e-08
   392 :  2.5000457e-03  3.5740999e-02  3.2175908e-02
   393 :  2.6744216e-02 -5.3833213e-03 -1.9464933e-02
   394 : -5.7475831e-11  1.4155995e-10  2.1407382e-10
   395 : -6.7729165e-06  8.0453427e-06 -9.2103002e-06
   396 : -3.9741044e-22  1.2704046e-21 -1.5902488e-21
   397 :  2.6465802e-02 -1.4695466e-02  3.3378215e-02
   398 :  4.4952926e-04  8.0431879e-04 -2.1984408e-04
   399 : -6.1300594e-02 -3.6882472e-02  1.1051223e-02
   400 :  1.9297075e-04 -1.6085527e-04  3.9735810e-04
   401 : -8.9993635e-04 -2.2577173e-03 -2.2295024e-03
   402 :  2.1984843e-09 -5.2498675e-10 -2.9352434e-10
   403 :  2.0423805e-09 -3.7566475e-09 -6.3602480e-09
   404 :  1.9544147e-17  1.5078934e-17 -8.2481268e-17
   405 : -4.1375226e-05  3.0500929e-07  1.3970167e-05
   406 :  3.1379658e-02  2.9925676e-02  2.4383600e-02
   407 :  2.7860986e-03  3.6011173e-02  1.9374968e-02
   408 : -4.4514743e-02 -3.2011456e-03  2.0385399e-02
   409 :  1.1697266e-04 -1.0882797e-04 -2.1288557e-05
   410 : -2.4460086e-02 -5.0127482e-02 -3.0447704e-02
   411 : -5.5217894e-05  1.8062086e-04 -8.6185006e-05
   412 : -1.0792997e-03 -1.7496795e-04  1.0569703e-03
   413 : -7.1236730e-19  4.0097982e-20  1.1588130e-18
   414 : -1.7845313e-04 -3.0437834e-02  3.6076710e-03
   415 : -2.0788425e-04  1.4642867e-04  4.2326182e-04
   416 : -7.8807071e-14  1.5377505e-13 -3.3534049e-13
   417 :  2.6784361e-02  3.3820310e-02  3.0144223e-02
   418 : -2.6882212e-02 -3.8925350e-02 -3.6641513e-02
   419 : -7.3501093e-17  2.2965476e-16 -6.2310941e-17
   420 : -4.2112790e-16  1.2181913e-15 -2.8018231e-16
   421 : -6.9307156e-14  5.4908598e-13 -3.8592629e-13
   422 : -3.1573555e-07 -5.8327186e-07 -3.4646514e-07
   423 : -1.2786369e-04  3.8044790e-04  1.5746222e-04
   424 :  4.4340519e-10 -1.8634622e-11 -1.0882463e-10
   425 :  3.2590597e-14 -3.2589149e-12  1.1776287e-12
   426 :  9.7492487e-09  8.4165318e-09 -4.9541996e-09
   427 : -2.8235411e-09  2.6858408e-09  5.2543848e-10
   428 :  3.5655305e-10 -2.8674311e-10 -3.3528463e-12
   429 :  2.8946306e-04  6.3603105e-05  6.1246904e-04
   430 :  1.2304533e-02 -2.2931805e-03  2.9244915e-02
   431 :  3.3534976e-05 -5.9716529e-05 -3.0770619e-05
   432 :  1.4525838e-06 -2.3877532e-06  2.6094021e-06
   433 : -1.3140432e-18  2.6593072e-18  8.3032703e-20
   434 : -6.4390354e-02 -2.1625245e-02 -4.6308545e-02
   435 :  1.9005429e-04 -1.0393459e-04  8.8277093e-05
   436 :  3.0533679e-12  1.2183919e-11 -2.5943156e-11
   437 :  7.8537903e-02 -1.2436015e-02  7.2877248e-02
   438 :  3.1248849e-02 -9.9560594e-04  2.3451851e-02
   439 :  2.0266751e-02  3.3031483e-02  9.6836359e-03
   440 :  2.3453001e-15 -1.6261568e-14  4.7511449e-15
   441 :  1.9623852e-19  1.4501502e-19 -4.5939334e-19
   442 :  1.5506199e-02  2.4166818e-02  5.7063644e-03
   443 : -8.1729526e-07  5.4358094e-06  5.8816870e-06
   444 :  2.4667891e-02  2.6436113e-02  3.4659678e-02
   445 :  1.5751466e-06 -5.0107697e-07 -2.9736836e-07
   446 :  3.2547065e-02  2.5411920e-02 -2.4486611e-02
   447 : -1.2611237e-07  1.2520657e-07 -1.3643435e-07
   448 :  4.1889400e-04 -3.1375649e-03 -3.4075750e-05
   449 : -2.4485701e-18  2.4923328e-18  3.5546129e-18
   450 :  3.4485473e-20  3.8802086e-20 -9.4701864e-20
   451 :  6.4242045e-03 -3.0023610e-02 -5.1113543e-02
   452 :  1.3724483e-02  6.6588431e-04  1.8788154e-02
   453 :  2.6622932e-02  1.1443373e-02 -1.1745061e-02
   454 :  2.4245998e-02  2.5267013e-02  6.0001034e-03
   455 : -4.0398199e-09  7.2293974e-10 -6.0865666e-10
   456 :  2.3018813e-04  2.6051937e-04  3.5462763e-04
   457 : -3.3020103e-20 -2.2597449e-19  2.9009803e-19
   458 :  5.4990935e-09 -4.4535918e-08  4.6153994e-08
   459 : -2.2925598e-04  1.4426702e-04  6.3823816e-04
   460 : -3.9397012e-04 -2.7253164e-03 -2.1719120e-03
   461 :  4.3175477e-08  1.8753996e-08 -5.9872393e-08
   462 :  1.2967279e-05 -2.7045442e-05 -6.7101428e-07
   463 :  3.2471539e-14  2.9002382e-14 -8.2031342e-14
   464 :  2.6205998e-02  5.4688655e-02  5.7691854e-03
   465 :  2.6717237e-04 -9.5292437e-05  1.0325149e-05
   466 :  7.6856446e-03  2.2048386e-02  3.6151893e-02
   467 :  1.4613748e-15 -1.8939733e-17 -3.1196948e-15
   468 :  6.9468298e-13  2.6647350e-12 -7.1977247e-13
   469 :  1.0663852e-21  2.4201959e-21 -4.6482455e-22
   470 : -4.1226627e-19  4.6651724e-19 -1.2900829e-20
   471 :  5.3998366e-11  5.0133829e-12 -2.6953405e-11
   472 :  6.9653516e-15  1.0384101e-13 -1.6930110e-13
   473 : -2.6407374e-03  1.8883666e-03  6.1027478e-03
   474 :  1.8211178e-16 -1.4716685e-16 -2.2233932e-16
   475 : -5.7135869e-11  2.1326629e-10 -3.9312706e-10
   476 : -5.2784780e-11 -2.3744891e-10  7.2303865e-11
   477 : -1.2574562e-21  2.7160815e-22 -7.2329476e-22
   478 :  1.0199968e-03 -1.7133704e-03 -1.3125072e-03
   479 :  6.6304578e-23 -1.9183430e-22  4.7456507e-23
   480 : -4.4800165e-02 -3.9133061e-02 -4.3705981e-02
   481 : -1.1638523e-09 -2.6476228e-09  9.1535906e-09
   482 : -1.3023204e-15  1.6849064e-15 -4.7356512e-16
   483 :  1.8055325e-03 -5.7063977e-03 -1.6347177e-02
   484 :  4.0529472e-04  2.2998747e-04  6.8446654e-05
   485 : -3.5359582e-04  4.0743194e-04  8.1694726e-04
   486 :  5.1486005e-03 -2.4424076e-02  1.2282630e-02
   487 :  1.4338134e-03  1.6755589e-03 -5.0558636e-03
   488 : -1.4902092e-02 -1.3852568e-02 -1.6562542e-02
   489 :  5.0913791e-17  6.3976759e-17 -2.1239291e-16
   490 :  2.2080603e-15 -2.3942003e-15  9.5967875e-16
   491 :  2.2456650e-15  5.6318896e-15 -3.3785947e-15
   492 : -4.2894084e-03 -1.5244459e-03 -2.6562706e-03
   493 :  3.4885485e-03 -1.2025242e-02 -3.7216087e-03
   494 :  5.6714553e-05 -8.5927455e-03  3.2551128e-03
   495 :  4.7140012e-06  1.0208197e-05 -7.0056605e-06
   496 : -2.6561369e-13  1.4028638e-11 -1.3601826e-11
   497 : -7.8708051e-19 -2.0410724e-18  1.1071110e-18
   498 :  2.1283232e-17 -1.7456068e-17  3.4256522e-17
   499 : -7.8186155e-02 -2.2356604e-03 -1.8512532e-02
   500 : -6.2636839e-20  7.5293991e-20  1.0156111e-19
   501 :  6.1265680e-23  4.8177899e-21 -5.6785968e-21
   502 : -3.8368895e-03  3.3942005e-02 -4.0430874e-03
   503 :  4.6492051e-03  1.9216915e-03  5.6199861e-03
   504 : -1.0886297e-04  2.8909781e-04 -9.2751158e-05
   505 : -6.8040272e-02 -4.2186838e-02 -2.1575768e-02
   506 :  2.3532411e-15 -4.8367367e-15  2.6124392e-14
   507 : -1.2184917e-13  4.1340488e-13 -1.8341238e-12
   508 : -7.8506074e-13  1.7814592e-12 -6.0638287e-13
   509 :  5.9860382e-03 -3.3340407e-03 -1.3276376e-03
   510 :  3.7224520e-12 -8.5036317e-12  7.6464325e-12
   511 :  1.0670560e-07 -5.5113378e-08 -1.6874717e-07
   512 :  2.0702757e-09  8.3220113e-09 -6.1266833e-09
   513 :  2.9099657e-05  1.5501443e-05 -7.2821156e-05
   514 : -8.3349658e-05  5.0228604e-05 -1.7102979e-05
   515 :  2.6872313e-02  5.5355410e-02 -4.6307050e-03
   516 :  1.2284992e-12  3.3115158e-12 -1.9932207e-12
   517 : -9.9344273e-03  3.8529238e-02 -2.2154512e-02
   518 : -1.0931309e-04 -1.3904712e-05  1.2305116e-04
   519 :  7.0737029e-08 -3.5058099e-07  5.4009161e-09
   520 :  3.1814768e-06  1.1293341e-06  3.2575989e-07
   521 :  3.3488561e-02  2.8310206e-02  2.9741372e-02
   522 : -1.6630960e-02 -2.4302577e-03 -2.6873318e-02
   523 : -1.7221417e-02 -1.4585083e-01  1.4295330e-01
   524 :  7.9811070e-05 -1.7908464e-05 -4.6914067e-05
   525 :  4.0680251e-05 -3.4850835e-05 -9.4699092e-05
   526 : -3.7356548e-09 -1.9081531e-09  6.4817840e-09
   527 :  5.9680486e-17  1.4099612e-16 -3.8707355e-16
   528 :  2.1622152e-02  5.0016626e-02  7.7103627e-03
   529 : -2.1221431e-03 -2.6708217e-03 -2.3927543e-03
   530 :  1.9619014e-03 -3.4708402e-02 -9.1165508e-03
   531 :  6.5298186e-03  1.9510666e-02 -3.2536339e-03
   532 : -5.4355201e-09  5.0096448e-08  6.4649091e-09
   533 : -2.5385779e-23  7.1807170e-25  1.8960997e-23
   534 :  6.3037145e-24  2.0212021e-23 -5.3113656e-23
   535 : -7.7002015e-16  2.5503486e-15 -1.0495601e-15
   536 :  1.2850517e-02  3.4168744e-02  3.4106909e-02
   537 :  5.1834184e-03  5.7202390e-03  2.1119263e-03
   538 :  1.1489024e-04  8.0551490e-04 -5.1403967e-04
   539 :  6.5155443e-16 -2.4054152e-15  8.0338904e-16
   540 : -4.5677642e-15 -4.2461420e-14  3.8449408e-14
   541 : -8.4722898e-14 -6.3070206e-13  6.6447157e-13
   542 :  4.5327533e-06  8.8377093e-06  6.9081238e-07
   543 :  5.8814548e-17  8.8453662e-17 -4.8830586e-17
   544 :  1.2126624e-05 -2.3934364e-05 -6.3057250e-06
   545 :  2.7607977e-11 -3.1058043e-11 -6.1811841e-11
   546 : -1.0787622e-02 -1.6347967e-02 -5.7896461e-03
   547 : -3.5154096e-15  8.1237358e-15 -4.3039173e-16
   548 :  3.3295411e-02  3.4705553e-02  1.2570812e-02
   549 : -1.3837307e-12 -1.3420801e-12  4.8149388e-12
   550 : -4.4268902e-03  1.1953465e-03 -1.6094675e-03
   551 :  1.7866936e-02  5.0672389e-03 -3.1650575e-03
   552 :  1.3059942e-02  1.6698414e-02  8.6540864e-03
   553 :  1.0635467e-02 -5.0112619e-03 -7.5807847e-03
   554 :  5.8764563e-12 -3.3257031e-11  8.1249715e-12
   555 :  1.4124628e-07  3.9277825e-06  3.6549218e-06
   556 :  1.7596478e-12  2.0486641e-12 -1.4253969e-12
   557 :  2.2081764e-02  8.4894278e-03 -4.7373748e-03
   558 :  1.1541553e-03 -4.0013954e-03 -3.9472182e-03
   559 :  1.9585497e-02 -5.0765451e-03  1.8582391e-02
   560 :  2.1537108e-03 -2.7695970e-03 -2.9698452e-03
   561 :  1.4836718e-02  2.9155638e-02  2.5479907e-02
   562 :  8.1370911e-09 -1.2169082e-08  5.1164846e-09
   563 :  1.4709930e-20 -2.1340694e-20  9.5662119e-20
   564 : -1.2463746e-03  5.7195317e-03 -5.7964558e-03
   565 : -4.4256112e-02 -1.6069593e-02 -4.1107193e-02
   566 : -7.1359544e-14 -2.2176190e-13  3.9326126e-13
   567 : -2.3715658e-06  3.6875425e-06  1.5157519e-06
   568 : -3.5643492e-03 -3.8390851e-02  2.3590605e-02
   569 : -5.8806365e-03  4.5376672e-03  8.5884770e-03
   570 :  1.7513995e-11 -5.0036461e-11 -2.5805892e-11
   571 :  1.3986042e-06 -2.7277466e-07 -1.0579248e-06
   572 : -4.3789474e-21  4.6951866e-20 -2.2771100e-20
   573 : -1.8043393e-03 -2.1750012e-03  3.5459679e-03
   574 : -2.1179016e-03  1.3709598e-03 -3.4206004e-03
   575 :  2.6323152e-02 -4.5290327e-04  5.6874896e-03
   576 :  1.4345990e-04  2.3113475e-04  9.1904183e-05
   577 : -1.2836629e-03  1.6353110e-02  6.3755394e-03
   578 : -6.9166750e-23  3.6210920e-22 -1.6204752e-22
   579 : -9.8265056e-03 -6.5159770e-04 -1.5053056e-02
   580 :  3.0384143e-02  2.9310572e-02  1.7501326e-02
   581 : -2.8818825e-12  1.5839077e-11  1.8143851e-11
   582 : -5.5063793e-22 -3.0090851e-21  1.2128297e-21
   583 :  4.0497107e-11 -4.1668877e-10  4.1156576e-10
   584 : -2.0347526e-18  3.5240789e-18  6.2272434e-19
   585 :  1.0263629e-03  5.0323472e-03  3.6272127e-02
   586 :  1.7113639e-14 -2.1608451e-14 -1.4012429e-14
   587 :  5.0911048e-10  6.6607128e-10 -1.1911325e-09
   588 :  3.8923662e-13 -3.7366430e-13 -2.9793497e-14
   589 :  6.9785152e-02 -4.4467027e-03 -1.2400491e-02
   590 :  1.5097903e-02  9.2706132e-03  3.7625841e-02
   591 :  6.9548272e-24 -3.7272577e-22  1.3213662e-21
   592 : -2.5081487e-12 -1.1903073e-12  5.0343435e-12
   593 : -1.0086808e-07  5.7398865e-08 -1.9285153e-08
   594 : -4.6175032e-09  5.4731668e-09 -1.9904025e-09
   595 :  5.5226686e-04  5.0161483e-04 -1.2742189e-03
   596 :  5.4265387e-04 -2.4616554e-03  2.1130227e-03
   597 : -2.5259649e-07  1.4394514e-07 -3.1185446e-07
   598 : -1.6451692e-09  7.0553247e-09 -3.6255962e-09
   599 :  7.3050862e-02 -7.1457593e-02 -5.3072946e-02
   600 :  6.3682111e-06 -3.3525448e-05 -1.2597243e-04
   601 :  2.6010538e-02 -2.7307651e-02 -2.1654951e-02
   602 : -7.5890504e-15 -5.6213762e-14  3.2103572e-14
   603 : -1.4096231e-17  8.0803584e-17  1.0814212e-16
   604 : -2.3587657e-10  1.8769491e-10 -1.6934764e-10
   605 :  2.5718425e-08  4.9831604e-08 -2.8797066e-08
   606 :  3.7038466e-03 -2.7122722e-02 -1.3732219e-03
   607 :  2.1160215e-05 -2.5035454e-05 -2.5614460e-05
   608 : -8.7814510e-14 -4.2244496e-13  1.7868590e-13
   609 :  2.0065946e-11 -2.2907992e-10  4.5237389e-11
   610 : -2.2703582e-16 -5.3027828e-16  1.3861968e-15
   611 :  1.6768142e-02 -1.6693675e-02 -1.4042991e-02
   612 :  2.7971969e-05 -5.3427243e-05 -1.0514453e-05
   613 : -2.2338805e-07 -7.8229531e-07  7.0620512e-07
   614 :  4.6096686e-02  1.8953562e-02  1.5069624e-01
   615 : -7.4073595e-06  2.7892910e-06  1.5453593e-05
   616 :  7.4480417e-18 -7.6677581e-18 -7.3444773e-18
   617 :  2.1729695e-06  1.1262139e-06 -9.9828983e-07
   618 : -1.7884349e-09 -5.5540585e-10  9.7624287e-10
   619 :  5.4689744e-14 -8.0130716e-14 -2.3066693e-14
   620 :  4.3211578e-08 -2.8781521e-08  2.0026860e-08
   621 :  9.3740297e-06  1.3631116e-06 -3.2831179e-06
   622 : -1.7242832e-02 -2.5351365e-02 -4.2543307e-02
   623 :  8.5828480e-03 -3.3388318e-03 -4.4594793e-03
   624 : -1.0870152e-05 -3.8370937e-05  7.6070973e-06
   625 : -2.8623353e-06  4.5065459e-06 -5.8672461e-07
   626 : -1.1851065e-22  6.3270228e-22 -2.0154511e-22
   627 :  1.2426945e-15 -5.2298022e-16 -2.1115328e-15
   628 : -3.5573893e-10 -2.3619532e-09  1.1010442e-09
   629 : -4.0244141e-03  2.8072120e-02  3.0303067e-02
   630 : -2.7315225e-02 -1.7424245e-03 -1.9665068e-02
   631 : -1.2141432e-07  3.3665711e-07 -1.6936461e-07
   632 : -1.8375359e-17  3.7170806e-17  8.6267337e-18
   633 :  8.9531104e-03 -1.2055409e-03 -5.1475269e-03
   634 : -5.2825323e-05 -3.9791166e-05  1.8627342e-04
   635 :  3.3297444e-02  2.4018891e-02  2.3208091e-02
   636 : -2.8693233e-03 -1.8322202e-04  6.1418448e-03
   637 : -2.9394528e-02  2.3464638e-02 -1.2977593e-02
   638 : -3.7369025e-02 -2.7733995e-02 -1.0252781e-02
   639 :  2.9572721e-02  3.4567923e-02  2.9876602e-02
   640 :  1.6556013e-03  6.4234177e-03  9.3019818e-04
   641 : -1.3601330e-13  2.8237872e-13 -2.9559615e-14
   642 :  2.6631633e-03 -4.5834024e-03 -6.3156585e-03
   643 :  3.1998237e-02  3.1833775e-02  3.0093912e-02
   644 : -6.2089727e-04 -1.9987791e-02  7.7560288e-02
   645 :  2.9495952e-05  2.2211312e-04  3.6351228e-04
   646 :  6.3751954e-06  8.6514241e-06 -1.4320129e-05
   647 :  3.2570796e-03  2.4257235e-02  2.9803525e-02
   648 : -2.2938672e-05  2.1752139e-04 -6.1843452e-05
   649 :  2.1258345e-02 -9.1938511e-03  8.3624621e-03
   650 :  1.9396802e-06 -1.3366567e-06  3.4197998e-06
   651 : -6.7290180e-03 -1.8331528e-02 -1.7264055e-02
   652 : -2.2143408e-05 -5.3948344e-05  6.2416509e-06
   653 : -3.5882528e-02 -4.1896494e-02 -5.5244595e-02
   654 :  3.4704551e-10 -5.7807776e-11 -7.6983411e-11
   655 : -2.4337273e-05  1.9509254e-05 -4.7555340e-05
   656 : -5.5438411e-02 -4.1455675e-02 -4.7451116e-02
   657 :  3.3219810e-02 -3.6198828e-02  9.7406031e-03
   658 :  2.5906665e-04 -1.2927962e-04  2.9714410e-04
   659 : -2.8930046e-04 -2.8404423e-03  2.8820785e-04
   660 : -3.3102764e-02 -1.7908688e-02 -4.1307787e-02
   661 : -2.1856738e-02  5.2197001e-02  1.5252649e-02
   662 : -1.5596078e-09  7.4091817e-11  6.8511477e-10
   663 :  2.3865112e-02  2.2813766e-02 -3.4345522e-03
   664 : -1.3644336e-02 -1.0529473e-02 -1.4121364e-02
   665 : -4.3128155e-02  2.1050327e-02  6.1377169e-03
   666 : -5.6323520e-18  6.0426374e-18  6.9839891e-18
   667 :  2.2672232e-11 -5.2613286e-12  1.3405238e-11
   668 :  1.0087132e-02  5.2944381e-03  3.5454218e-03
   669 : -6.6136717e-24  2.5461765e-22  6.7447394e-23
   670 :  3.2671669e-02  3.4710840e-02  1.1867599e-02
   671 :  2.5568318e-02 -1.7798317e-03  4.0554169e-03
   672 : -1.3891340e-02 -3.1453163e-03 -1.3744492e-02
   673 :  3.6645384e-08  3.5499257e-08 -5.5385136e-08
   674 : -1.3520811e-06  7.3506130e-07  1.7164752e-06
   675 : -4.0529607e-07 -1.3160901e-08  2.4915556e-07
   676 :  5.9206481e-04 -8.2142433e-05  1.0900837e-03
   677 : -2.2661109e-05  9.8092761e-06 -1.8313395e-05
   678 :  3.0795529e-03 -2.2300215e-04 -1.1432518e-02
   679 : -2.6683580e-03  5.1356758e-03 -4.5924089e-03
   680 : -1.6211509e-04 -2.8996236e-03 -2.9189527e-03
   681 :  1.6881878e-12 -1.0464239e-12  6.7484498e-12
   682 : -1.6704318e-12  5.9834980e-12 -3.0100222e-12
   683 :  8.4918640e-11 -1.8857074e-10 -1.9326736e-10
   684 :  1.9498570e-14 -2.9926690e-14  3.3911216e-14
   685 :  3.1489420e-04  9.3981653e-05  1.8622939e-04
   686 : -2.7002980e-07  3.3052193e-07 -2.6336044e-07
   687 :  1.8433145e-13  2.3538464e-13 -7.0992617e-13
   688 :  2.2795661e-09  4.6916362e-08  1.2604005e-08
   689 : -2.9642584e-02 -3.1755990e-02 -2.8039870e-02
   690 : -4.0715779e-05 -3.1677703e-05 -7.4134980e-06
   691 : -4.8013182e-05  4.3792852e-04 -5.0504223e-05
   692 : -2.0677203e-05 -1.0074392e-04  3.5207059e-04
   693 :  3.0267555e-22 -3.3437500e-23  2.7647913e-22
   694 : -1.1488794e-15 -1.4658437e-15  5.0020596e-15
   695 : -4.8306379e-03 -1.9313811e-02 -1.6921905e-02
   696 :  1.2409379e-02  6.0302185e-03  1.8747290e-02
   697 : -3.9692101e-05 -3.1743679e-05 -1.7577842e-05
   698 : -3.9431661e-02 -3.1803041e-02 -3.8917057e-02
   699 : -1.7137649e-09 -8.2172911e-09  2.8824309e-08
   700 : -6.5011626e-20 -1.0590578e-19  2.7953381e-19
   701 :  3.9454422e-18 -1.1899634e-17  3.8988543e-18
   702 : -2.1510496e-11  3.3796393e-11 -2.6008029e-11
   703 :  9.0372431e-03  1.8957737e-02  1.9281852e-02
   704 :  1.4669047e-05  1.2293834e-05 -7.8176266e-05
   705 :  2.3433154e-14  1.5488911e-13 -6.6427019e-14
   706 : -1.5891204e-01  1.5097995e-01  6.0488668e-02
   707 :  6.6424713e-03  2.6103207e-02 -1.5806531e-02
   708 : -5.9899847e-03 -3.5888444e-03 -8.3507121e-04
   709 :  2.8454234e-06 -1.5717987e-06  4.3197048e-06
   710 :  1.0878209e-08 -1.3744110e-09 -4.9297596e-09
   711 : -9.1010818e-06  3.6119582e-06  6.8550452e-06
   712 :  2.0235410e-02  6.4991735e-03  2.4255343e-02
   713 : -6.5728113e-05 -3.2246994e-05 -2.3275972e-05
   714 :  5.9360199e-03  2.4383661e-02 -1.7628700e-03
   715 :  4.5247093e-04 -5.1108137e-05  9.2740620e-05
   716 : -4.1903445e-15  1.1878553e-14 -2.7316834e-14
   717 : -3.9826818e-04  2.1229214e-02  4.3234219e-04
   718 :  5.2492710e-05 -1.3479229e-05 -4.7393105e-05
   719 :  1.6402684e-02  2.9166395e-02 -3.2785689e-03
   720 : -1.7465204e-03  1.9615920e-03  5.5322569e-03
   721 : -1.4760073e-02 -4.6457068e-02 -3.0884228e-03
   722 : -9.6941702e-13 -2.3676298e-12  7.4409076e-13
   723 : -9.0026967e-14 -1.6573914e-11  1.3543965e-11
   724 : -1.6623509e-12  9.8895649e-12 -2.9323728e-12
   725 :  1.5799285e-02  7.0785010e-03  1.9965124e-03
   726 : -1.2858767e-07 -1.8495103e-08  6.0348220e-08
   727 :  1.7433542e-02  1.6198627e-02  1.3132199e-03
   728 : -1.2440668e-03  2.0407138e-02  2.2860029e-02
   729 :  1.3223815e-03 -2.1801775e-03 -3.0131334e-03
   730 : -8.0599729e-06 -4.1838605e-05 -2.6559440e-05
   731 : -2.8999377e-12  6.3653920e-12 -1.7438365e-12
   732 : -2.3897370e-09  1.7090916e-10  1.0236617e-09
   733 :  2.2895007e-04  2.9368245e-04 -2.9071746e-05
   734 : -1.2622414e-01 -9.4634620e-01  9.3089032e-01
   735 : -6.4365507e-06  7.2751980e-04 -4.2679882e-04
   736 :  2.0927175e-02 -1.3065507e-02 -2.5176124e-02
   737 : -5.4162097e-07 -3.9073702e-07  8.8738448e-07
   738 :  3.5506541e-03  6.6647431e-03  8.5505622e-04
   739 :  3.0312110e-02  1.6631198e-02  1.2638626e-02
   740 :  4.2107214e-05  3.6633310e-04  1.9547132e-04
   741 : -2.5232263e-02 -2.1792448e-02 -1.7255466e-02
   742 :  1.6321216e-05 -6.4864263e-06 -4.8058338e-05
   743 :  5.6660081e-04  4.2347052e-04 -1.0858986e-03
   744 : -7.8148546e-02 -2.0432130e-02 -1.7956676e-02
   745 :  4.8704032e-13 -1.6624227e-12 -1.0390857e-12
   746 :  4.5192118e-11 -2.5009142e-10 -3.2267785e-10
   747 : -1.5423748e-07 -7.7315496e-08 -3.8706695e-07
   748 :  1.1868494e-05 -5.0341325e-05  4.5327925e-04
   749 :  5.6123990e-03  3.3099139e-02  2.1649634e-02
   750 : -3.6514405e-14 -1.3163015e-13  4.3656226e-13
   751 : -1.6116369e-02 -2.9489941e-02 -3.6749184e-02
   752 :  2.3579598e-05 -4.3683469e-06 -4.5817087e-05
   753 :  7.8977021e-03  3.5570415e-02  4.7014220e-03
   754 :  9.2858407e-11  1.3082010e-10 -3.3034800e-10
   755 : -3.5553876e-03 -1.3473715e-02 -4.8323673e-02
   756 : -1.9116607e-06  2.5998102e-06  2.5230376e-06
   757 : -3.8599618e-22 -5.8029916e-22  2.1714332e-22
   758 : -3.1895155e-02 -1.1003702e-01 -4.3942476e-02
   759 : -3.9544051e-05 -2.6947726e-05 -1.2257689e-05
   760 :  3.6094441e-09 -2.1082710e-09  2.3189531e-08
   761 : -9.9126976e-05  2.0008427e-04  3.3667761e-04
   762 : -4.7250238e-02  1.7587979e-01 -3.0981926e-01
   763 : -3.9503249e-16  1.2364114e-15 -4.0265724e-16
   764 : -3.8745714e-17 -9.6629715e-17  6.3397551e-17
   765 : -2.0544480e-03 -1.8062227e-02 -3.4221784e-02
   766 : -1.2392054e-06  2.0872221e-06 -9.7813901e-07
   767 : -1.3257436e-01  5.9123454e-02 -3.3544182e-01
   768 :  8.7545466e-15 -1.5159236e-13  2.6594692e-13
   769 : -4.9463284e-03  8.5633959e-03 -2.5255934e-02
   770 :  5.3312846e-04  5.9390994e-05  2.7628815e-04
   771 :  5.3563860e-03 -1.8040825e-02  3.5892822e-02
   772 : -3.8607574e-03  9.6997807e-03 -1.5197356e-02
   773 : -2.5922111e-06  6.3779856e-06  2.1956050e-06
   774 : -5.7552492e-02 -3.9664216e-02 -3.2027865e-02
   775 : -1.7161377e-02 -3.9600772e-01  4.1416802e-01
   776 :  8.1604003e-06 -6.3318622e-07 -1.8802406e-05
   777 : -5.5019116e-05  5.6398044e-05  2.0576082e-04
   778 :  5.9056562e-04 -1.0728996e-03  3.8602450e-04
   779 :  9.9004435e-11 -1.8343739e-10  3.8620773e-11
   780 : -1.4004234e-02 -4.2586053e-03 -8.0914593e-02
   781 :  3.2793656e-13 -1.2357366e-13  2.4598465e-13
   782 : -9.8443655e-23  4.8156861e-23  2.1314019e-22
   783 :  5.8946933e-04  3.8660320e-04  6.2612187e-05
   784 : -5.3251702e-05 -3.6959121e-05 -5.0849630e-06
   785 : -3.4233167e-13  1.2659456e-12  1.5083330e-13
   786 : -4.4369845e-02 -2.9348785e-02 -8.3192169e-02
   787 :  1.6687902e-03 -4.6871762e-03 -1.3908964e-02
   788 : -7.7197723e-13  4.0149796e-13 -5.2914141e-13
   789 : -1.7688691e-13 -8.3221205e-12  1.7396447e-11
   790 :  6.2064938e-04 -7.2860734e-04 -3.1879903e-03
   791 : -2.0243157e-03 -6.1543646e-03 -3.4320822e-03
   792 : -1.5361913e-02  1.2446855e-02 -1.1092821e-02
   793 : -3.8140927e-03  2.3184920e-02  8.9876882e-03
   794 :  1.0949923e-03 -4.1956147e-04 -1.8287118e-03
   795 : -2.3682827e-02 -8.9565057e-03 -1.7018022e-02
   796 :  2.2230649e-02  2.9380594e-02  1.1573988e-02
   797 : -4.2235815e-15 -2.9690059e-13  6.2728117e-13
   798 :  3.7803911e-03  1.0016162e-02 -1.1424935e-02
   799 : -8.2663359e-07  1.6656228e-09  1.7306198e-06
   800 :  6.2290311e-03 -2.0092232e-03 -2.2079292e-02
   801 :  2.8582664e-12  1.8162199e-11 -2.5326913e-11
   802 : -4.0009395e-05  4.7878763e-04  2.5933872e-04
   803 :  7.9171301e-09  2.8667474e-08 -1.0157415e-08
   804 : -2.9978441e-04 -3.5502467e-02 -2.2865831e-02
   805 : -1.1275921e-04  1.9978568e-04 -7.8131700e-05
   806 :  1.8330068e-11  3.3041029e-11  4.0440496e-11
   807 :  6.4644928e-14  3.3644393e-13 -1.4609826e-13
   808 : -5.6618403e-02 -2.2076147e-02 -3.4143553e-02
   809 :  1.8210282e-07 -2.9113227e-07  1.6588157e-08
   810 : -1.5650912e-13  2.1420571e-12 -5.7320983e-12
   811 :  5.6510330e-22  3.3340045e-22 -1.5046631e-21
   812 :  6.4768132e-06  5.1785956e-06 -1.2983447e-05
   813 : -7.5933391e-05  1.1752053e-04 -2.0476201e-04
   814 : -8.6048995e-22 -8.4854923e-23  1.0593301e-21
   815 :  1.1130546e-23 -4.0482347e-23  5.1146901e-23
   816 :  9.0417303e-19 -9.0494183e-20 -3.9954440e-19
   817 :  7.8966738e-20  2.1326243e-19 -3.7831084e-19
   818 :  5.2153428e-22 -8.7838950e-21  6.6053696e-21
   819 :  1.8898848e-06  7.0473358e-06 -1.6649597e-05
   820 :  1.1248312e-21 -3.3647538e-21  7.2471472e-22
   821 : -1.5485976e-03  1.9320116e-02  7.0930026e-02
   822 :  9.2827687e-04  1.0436401e-03 -3.4004281e-03
   823 :  3.2505878e-09 -9.3076657e-09  1.2945160e-09
   824 : -1.2498618e-08  1.6041198e-08  4.0219903e-09
   825 : -7.4850038e-16  3.7954576e-16  8.8058432e-16
   826 :  8.8917070e-03 -1.0697023e-02  3.8088738e-02
   827 : -5.0012946e-11  6.4398413e-11 -8.3327844e-12
   828 : -4.3400420e-08 -2.1015992e-07  1.2160453e-07
   829 : -5.8188752e-04 -7.9188669e-04 -1.1570764e-03
   830 :  2.4745572e-02  4.8190279e-02 -7.4883414e-02
   831 :  9.1957417e-03 -6.7817974e-01  6.1870136e-01
   832 : -2.3605000e-06 -1.8425113e-05 -3.2173834e-07
   833 :  1.8846094e-02  2.5484739e-01 -2.2134578e-01
   834 :  6.4827498e-20 -6.0408878e-20  5.1565533e-20
   835 :  6.4784086e-23 -1.2585255e-22  2.4324724e-22
   836 : -6.7385133e-05  3.5739579e-04 -1.5030572e-04
   837 :  1.1964292e-11 -4.1082534e-12  1.2621187e-11
   838 : -3.6303597e-04 -3.1214370e-03  1.8278409e-02
   839 :  2.9384414e-08 -1.5390557e-08 -4.5833224e-08
   840 : -3.1748953e-11 -1.9884600e-11  8.1058480e-11
   841 :  9.9836715e-10 -4.5886383e-10  2.5392335e-12
   842 :  3.2394367e-08  4.2135405e-06 -1.6028505e-08
   843 : -2.5865428e-10  2.0739436e-10  4.1823858e-10
   844 : -1.7394179e-05  1.8542964e-05 -3.1869884e-05
   845 : -1.4505007e-15 -1.1836749e-16 -1.9961692e-16
   846 :  6.2542348e-04 -1.6965725e-03  1.1067583e-03
   847 : -1.8386262e-06  3.2298255e-07  1.5776016e-06
   848 : -1.5974705e-24 -1.9078022e-23  9.8627475e-24
   849 : -1.0559226e-08  9.4278188e-09  2.4688881e-08
   850 :  4.6548561e-08  8.9522390e-08 -8.4853900e-08
   851 : -8.7940270e-09  2.9779260e-08 -1.3468582e-08
   852 :  8.1091528e-17 -2.2714359e-16  9.0121086e-17
   853 :  1.4551043e-02 -9.1004668e-03  3.3475970e-02
   854 :  5.3519229e-25 -2.2816626e-24  4.2051761e-25
   855 :  4.1125400e-02  2.1052043e-02  2.9672325e-02
   856 : -5.5399278e-03 -1.7452757e-04 -2.8213074e-03
   857 :  3.0852762e-02  3.3045867e-02  2.5790404e-02
   858 : -4.2601969e-03 -2.2203844e-03 -7.7302083e-04
   859 :  7.7913567e-17 -1.6956527e-16 -1.6165370e-16
   860 : -1.5884342e-04 -6.9751072e-04  8.1424105e-04
   861 :  3.7275428e-04 -1.9374066e-04  2.6846439e-04
   862 :  1.3729273e-04 -6.9480092e-05 -1.0621847e-04
   863 :  1.2936197e-02  3.7002691e-02  4.0289959e-02
   864 :  3.4652167e-02  3.4346495e-02  1.7704579e-02
   865 : -1.6973394e-02  5.0184981e-01 -4.7188353e-01
   866 :  7.8892121e-02  7.8651979e-03 -4.0444779e-02
   867 : -9.9852939e-03 -3.5430432e-02  4.6606955e-03
   868 :  1.0635597e-05  1.8146528e-05 -4.1582255e-05
   869 :  5.4481200e-06  1.2249242e-05 -4.4306606e-06
   870 : -2.3084912e-06  9.4889820e-06 -2.9982704e-06
   871 :  3.3535588e-02  8.0722529e-02 -1.1278386e-03
   872 :  1.3776495e-02  2.9443766e-02  4.3194561e-02
   873 :  2.1215191e-02  2.7678287e-02  2.9846531e-02
   874 :  3.0261919e-02  2.9945661e-02  1.9305161e-02
   875 :  7.3192674e-10  1.0853157e-10 -2.8434710e-10
   876 : -1.7707432e-10  3.5054648e-09  3.7075932e-11
   877 : -3.7605851e-21  5.4131577e-21 -7.7223428e-21
   878 :  9.7635300e-19 -2.5461610e-18  6.6292786e-19
   879 :  1.1587188e-11 -1.1899064e-10  2.3445819e-10
   880 :  2.8127589e-09 -2.9973898e-10 -1.3325290e-09
   881 : -1.5104635e-21  4.5330333e-23  1.2928720e-21
   882 : -8.7306701e-20  4.2669436e-20  1.2725064e-19
   883 : -3.9843497e-11  1.2205237e-11  1.4402816e-11
   884 :  8.3619147e-11  1.8174035e-10  7.8986284e-12
   885 : -1.6831635e-04  7.5086038e-04  3.8988713e-04
   886 :  3.9259718e-04 -5.0512415e-05 -1.7231432e-04
   887 : -8.6937138e-04 -8.4234522e-04 -4.2077577e-03
   888 : -3.6113015e-03 -3.1501058e-03 -1.4700455e-03
   889 : -3.0609058e-02 -3.8493476e-02 -4.5877304e-02
   890 : -3.3854068e-02 -3.6485016e-02 -4.3944183e-02
   891 :  7.6809645e-10 -8.1567049e-10  9.6685304e-10
   892 : -3.3753978e-09 -7.8993073e-09  1.1878677e-08
   893 : -1.3201237e-05 -1.1270314e-04  1.5820417e-04
   894 :  1.1606450e-03 -1.5720690e-03 -1.1621479e-03
   895 :  3.6424928e-02 -7.6112879e-03 -8.7333498e-02
   896 : -3.2069611e-02 -3.9577961e-02 -1.0027189e-02
   897 : -5.7345274e-11  1.0858772e-11  3.5274972e-11
   898 :  2.1083513e-10 -2.2816928e-10 -3.7467704e-10
   899 :  2.5555057e-03 -1.6140317e-02 -1.7187170e-02
   900 : -1.8043695e-02 -7.7158752e-03  3.2438816e-03
   901 : -1.0238353e-05 -2.3181305e-05  4.8401754e-05
   902 :  2.1952223e-04 -2.1504736e-04  1.6555227e-04
   903 :  1.5295946e-02  3.2917707e-02 -3.5876538e-03
   904 : -2.5166426e-03 -6.4505875e-03  8.9721131e-03
   905 :  2.3629314e-02  1.6806828e-02  3.4029876e-02
   906 :  2.9173159e-02 -2.4889825e-02 -1.3301800e-02
   907 : -3.4851295e-03  5.4423200e-02  2.5573483e-02
   908 :  3.6274876e-04  5.9787271e-04 -4.9466044e-03
   909 : -3.1519468e-03  2.1168569e-02 -6.3464101e-03
   910 :  3.2137951e-02  2.8406182e-02  3.3444693e-02
   911 :  3.5957310e-02  1.3402220e-02  3.2158386e-02
