Number of elements 912
     0 :  1.8569506e-05 -9.0858149e-06 -3.5317310e-05
     1 : -3.8421986e-03  1.5261880e-02  3.9049947e-02
     2 : -2.5443438e-02 -1.2878890e-02 -2.3814443e-02
     3 :  1.6423346e-03 -1.8382358e-03 -5.2584303e-03
     4 : -1.4183175e-02 -7.5589355e-03 -1.1485968e-02
     5 : -2.5138558e-02  2.3231317e-03  6.4844456e-03
     6 :  1.1819637e-10  1.3110956e-10 -3.6467619e-10
     7 : -8.0398958e-03 -5.6351935e-02  5.6490582e-02
     8 :  8.0656855e-03 -2.0289960e-02  1.3670523e-02
     9 : -1.8660355e-09 -1.0547255e-09  5.0132586e-09
    10 :  9.2132979e-04 -2.8092547e-02 -3.5440101e-03
    11 : -4.4674705e-11  1.0146980e-10  5.3434211e-11
    12 : -1.1435218e-02 -8.5180363e-02  5.3293920e-02
    13 : -1.7672575e-03 -1.2003969e-02 -8.1019536e-03
    14 : -7.1215743e-05 -1.2896677e-03 -8.3660969e-05
    15 :  2.4203360e-03 -4.7524829e-03  2.5778915e-03
    16 : -4.2270224e-12 -1.3607442e-11  8.7103050e-12
    17 :  1.0306659e-07 -6.4062842e-07  1.5444153e-06
    18 :  1.2996138e-02  3.3453476e-03  7.5927441e-03
    19 :  8.2651105e-14 -9.2948933e-13  1.3151310e-13
    20 : -9.6602326e-07  3.1264105e-08  4.5502384e-06
    21 : -4.8051497e-03 -3.2472683e-03 -5.9984535e-03
    22 :  5.5460670e-03 -6.7008281e-03 -1.0639494e-02
    23 :  5.1252574e-13  3.3119813e-12  8.4971115e-12
    24 :  1.3329900e-02  1.0136200e-02  1.3810539e-02
    25 : -4.2695238e-14  4.9901670e-13 -2.0651711e-13
    26 : -2.1442821e-03 -2.8207171e-02 -2.1130949e-02
    27 :  1.0439840e-02  5.2241620e-03  3.4105067e-03
    28 : -7.0433247e-03 -4.8009928e-02  3.8501158e-02
    29 :  1.5444012e-02  1.8905843e-02  1.5170913e-02
    30 :  4.8327553e-03 -6.7701334e-03  1.0875516e-02
    31 : -9.2041030e-04 -1.3476692e-03  2.7143330e-04
    32 :  2.7321232e-09  1.3853467e-09 -5.6006489e-09
    33 : -5.5400028e-03 -4.3489609e-03 -4.5336223e-03
    34 :  1.8514738e-14 -4.7718347e-14 -3.0469866e-14
    35 : -1.3091744e-03 -2.5041352e-03 -2.0695660e-03
    36 : -1.3626473e-02 -1.4750787e-02 -1.6990676e-03
    37 :  2.9085604e-03  4.0939136e-03 -6.7471135e-03
    38 : -5.3828481e-03 -9.7228231e-03 -3.2672243e-03
    39 :  3.0571505e-02  3.2855698e-03 -1.5068779e-02
    40 : -4.8673469e-03 -2.4242344e-01  2.7241973e-01
    41 :  2.0223723e-03  9.8963916e-02 -1.1999093e-01
    42 : -5.3966782e-13 -2.4674577e-13 -3.1258114e-13
    43 :  8.2580987e-07  3.1289198e-07  1.5959146e-06
    44 : -1.1261498e-02 -6.5902761e-03  2.8024059e-03
    45 :  1.0335553e-04  6.6970944e-06  1.5058038e-04
    46 :  2.1727216e-04  6.9112949e-05  2.4307489e-04
    47 : -9.2968712e-09  5.7580757e-09 -8.8877502e-09
    48 : -4.1578631e-12  6.8601180e-11 -1.9014853e-11
    49 :  6.1607977e-03 -1.7763520e-02 -1.7322811e-02
    50 : -7.6991336e-03 -2.7596269e-03 -5.2252180e-03
    51 :  6.9845148e-03  1.1214568e-02  1.4293982e-02
    52 :  7.2993572e-03 -9.3244372e-03  9.2746180e-03
    53 :  2.7007236e-10  1.2659958e-11 -2.1759425e-10
    54 : -7.5935452e-03  1.8751278e-03 -5.5568456e-03
    55 : -2.0515093e-03 -4.4466956e-03 -5.3287170e-03
    56 : -3.7328013e-03 -1.1091393e-02  1.1212684e-03
    57 : -3.1744426e-03 -3.1925332e-03  1.7292788e-02
    58 : -9.6881706e-04 -9.7029251e-02  1.4527331e-01
    59 : -4.7150854e-03  2.1950351e-03 -1.7309605e-02
    60 : -4.4882073e-03 -4.4482833e-03 -9.9527613e-03
    61 :  5.0208021e-03  1.4808795e-03  2.3504405e-04
    62 :  3.7356831e-03  8.8196034e-03  1.9438413e-02
    63 :  4.9177781e-03  2.2488500e-03 -1.6213178e-02
    64 :  3.6721297e-02 -4.1683392e-02 -2.5347577e-02
    65 :  4.2311861e-03  1.6556305e-02  1.5889079e-04
    66 :  3.6215297e-04  1.3378763e-02 -3.6060405e-03
    67 : -3.8196002e-10  3.0452860e-10  6.3228726e-10
    68 :  1.4058236e-11  1.0504908e-10 -6.9963639e-11
    69 : -4.3781778e-10  4.3602940e-10  5.2268285e-10
    70 : -2.3727210e-04  2.3682101e-05  4.3924466e-04
    71 : -1.4430459e-02 -1.1522426e-04 -9.0002500e-03
    72 :  1.6719883e-12 -5.7875072e-12 -2.8412471e-14
    73 : -5.6939105e-03  2.9021097e-03 -2.5908961e-03
    74 :  3.1467017e-06 -8.5690042e-06  3.7352753e-06
    75 : -1.6868886e-07  4.4904760e-08  1.9775975e-07
    76 :  1.9235371e-13 -4.6891176e-12  1.0539966e-12
    77 :  8.2245660e-08  3.4119779e-08 -7.9484893e-08
    78 : -7.5085172e-10  2.8128786e-09 -8.1491496e-10
    79 :  6.2586723e-06  1.7886565e-06  1.9506903e-06
    80 :  1.4512197e-17 -1.9496812e-16  5.4468813e-17
    81 :  6.1826753e-10 -4.1987238e-08  1.7011766e-08
    82 : -3.1229456e-02  2.5718743e-02 -1.2096334e-01
    83 :  1.5737632e-14  1.8509406e-15 -6.8007016e-14
    84 :  1.1389148e-13  5.7278784e-13 -4.8381652e-13
    85 : -2.0676283e-04  1.6167754e-01 -1.8513490e-01
    86 : -1.6995986e-07 -5.0115345e-07  1.6887189e-06
    87 :  1.4201528e-06  1.6849218e-06 -1.0321128e-06
    88 :  1.5534512e-02  2.0542825e-02  2.7860542e-02
    89 :  1.2498518e-02  4.8405808e-03  2.4490255e-03
    90 :  1.2704293e-12  4.7247691e-13  6.3148399e-13
    91 : -1.1721554e-02 -3.1393756e-03 -7.5785458e-03
    92 : -8.3968365e-04 -1.5030805e-03  1.1523382e-03
    93 :  1.3420067e-15 -3.0845172e-16 -4.5709665e-16
    94 : -1.5937143e-05 -8.0917880e-07  1.3542120e-06
    95 :  9.2642613e-11 -3.8031191e-11 -4.1792635e-12
    96 : -2.1302452e-03 -1.0694072e-03 -2.2370592e-03
    97 :  1.2722993e-04 -6.4203852e-04  1.0092570e-03
    98 : -1.6783421e-02 -1.5926251e-02 -8.1372358e-03
    99 : -4.6095171e-10 -2.1555333e-09  5.1070139e-10
   100 :  1.0898173e-09  1.4013438e-09 -2.3576518e-09
   101 :  1.3347125e-02  4.7265799e-03 -2.5363186e-03
   102 :  2.1286850e-03 -1.6588306e-02  3.3261694e-02
   103 :  1.2792685e-14 -8.6631882e-15 -2.0043015e-14
   104 :  1.5699610e-04 -2.3782484e-05 -5.2583950e-05
   105 :  1.2903140e-02 -1.2202192e-02 -2.0151029e-02
   106 :  8.6711258e-03  2.4223508e-03  2.0773635e-02
   107 :  1.9341753e-02 -3.4961010e-02  4.2150083e-02
   108 :  2.2002037e-04  5.5874091e-03  1.7579776e-02
   109 : -6.8544331e-03  3.6909227e-03  1.0307296e-02
   110 : -5.2910784e-03 -3.4182352e-03 -1.0903007e-02
   111 :  1.0292576e-02  1.3920458e-02  1.7265217e-02
   112 : -1.0645849e-08  9.5156072e-09  1.5094443e-08
   113 :  7.6867218e-03  4.1435480e-03  1.0820651e-02
   114 :  5.2735477e-03  1.5182277e-02 -8.3093860e-03
   115 :  1.2914420e-02  3.5224117e-02 -5.9389472e-03
   116 : -2.9973253e-03 -8.2436904e-03 -2.9941184e-03
   117 : -1.1759707e-02 -8.6034046e-03 -2.3798939e-03
   118 : -4.4657370e-02 -4.8113184e-03 -2.8450482e-02
   119 : -1.4821310e-10 -5.0118109e-11  1.4798601e-10
   120 : -1.3371646e-04  1.6613615e-04  1.0581704e-04
   121 :  2.4936101e-08 -1.5849219e-07  1.0074414e-08
   122 : -2.7737508e-03 -3.6462682e-03 -6.9944642e-03
   123 : -3.3983241e-14  1.1929692e-13  9.3005771e-14
   124 :  1.5313948e-10 -4.8578772e-10  1.5535026e-10
   125 : -7.3492171e-18  2.1218154e-17 -7.4379120e-18
   126 :  1.2142113e-07 -3.5780657e-07  1.9149427e-06
   127 :  3.2148221e-07 -9.2732954e-07 -5.9611317e-07
   128 :  3.5216187e-03 -1.7818313e-03 -1.8355415e-03
   129 :  9.5647397e-06 -4.9580488e-06 -3.9424067e-05
   130 :  4.0979008e-03 -6.4350562e-04 -6.3311193e-03
   131 :  1.0366798e-03 -7.7151354e-03  3.1028015e-03
   132 : -1.9872160e-03 -2.2959608e-02 -7.3378059e-03
   133 :  8.6627865e-03  1.4616485e-02  1.2035862e-03
   134 :  2.7906087e-03 -2.5700099e-03  1.3277258e-03
   135 : -7.3925024e-02 -2.1065876e-02 -2.0805645e-02
   136 :  1.2833442e-02  1.1249426e-02  7.0289544e-03
   137 : -4.8239852e-03 -1.5014664e-02 -6.0979590e-03
   138 : -1.1910394e-02 -2.4873351e-02  3.8533901e-02
   139 :  1.0174250e-02 -4.2135378e-02  4.4618557e-02
   140 :  3.2054057e-09  1.4247649e-08 -5.1020742e-09
   141 :  1.5070983e-08 -3.4669280e-08  1.9680930e-08
   142 : -1.2094839e-02 -2.1996938e-02 -1.5713366e-02
   143 : -1.6519895e-11  3.8111684e-11 -1.0721751e-10
   144 :  1.7233010e-02  1.2495333e-02  7.5424479e-05
   145 : -8.2508379e-04  4.3497768e-02 -1.8986750e-02
   146 : -6.0185164e-05  1.5751808e-05  6.3889923e-05
   147 :  3.3506336e-11 -3.3204840e-12 -1.2833545e-11
   148 :  5.0998426e-05 -8.2661714e-05 -4.5265900e-05
   149 : -2.9885591e-03  5.5241338e-03  5.5779467e-03
   150 : -5.1357364e-03  3.2188499e-02  2.6867993e-02
   151 :  4.2492499e-08 -1.2345414e-07 -1.8939995e-07
   152 : -1.8158688e-05  6.1309006e-07  1.4404565e-06
   153 :  2.7708902e-02 -2.9973648e-02 -5.7765675e-02
   154 :  4.6804873e-16 -1.5066378e-16 -1.7979179e-16
   155 : -5.0434627e-11 -2.3951381e-11 -1.9896563e-11
   156 :  1.4359166e-12 -2.6267309e-12  1.1187285e-12
   157 :  4.6802197e-04 -9.3259897e-04 -1.0969958e-04
   158 : -2.7935872e-02 -1.3478266e-02  3.1838773e-02
   159 : -5.1834940e-03 -2.0789990e-03  5.7899616e-04
   160 :  6.9575143e-16 -1.0482620e-16 -4.0211001e-16
   161 :  1.4790507e-14  7.2708217e-16 -9.7379449e-15
   162 :  1.5756377e-02  6.2751090e-03  4.8030195e-03
   163 : -2.4660082e-03  1.2231370e-02  2.0992783e-03
   164 : -3.2609493e-07  8.7700116e-07 -7.9568551e-08
   165 : -9.1517290e-03  3.2363511e-02  6.9362060e-03
   166 :  1.1279320e-11  4.6870466e-12 -1.3482976e-11
   167 :  9.0560836e-03  1.5393156e-02  5.6470858e-03
   168 :  1.9238810e-02  1.1706748e-02  6.4985499e-03
   169 : -5.8992195e-02 -1.4552127e-02 -2.7605266e-02
   170 : -4.0060202e-11  7.9928128e-12  9.5991159e-11
   171 : -9.1869702e-11 -9.2256316e-11  2.8629869e-10
   172 : -3.0561446e-03 -5.9328562e-03 -4.3108036e-03
   173 :  8.9172122e-03 -7.4475666e-03  8.6170941e-03
   174 :  1.3164561e-02 -2.3336430e-02  2.1426654e-04
   175 :  1.2888581e-04 -1.1714181e-05 -1.1119900e-05
   176 :  5.8527825e-10 -1.3313207e-09 -1.8158032e-09
   177 :  3.7011977e-03  1.4786337e-02  1.7864846e-02
   178 : -2.3244567e-02  2.5259764e-01 -3.2742705e-01
   179 : -2.0514472e-03  1.2810321e-03 -2.0341835e-02
   180 : -6.3935242e-12 -5.9892407e-12  1.4757006e-11
   181 : -1.4219642e-03 -1.4056493e-02 -2.6290004e-02
   182 : -1.5145818e-07  2.8550615e-06 -1.2671271e-05
   183 : -4.5172794e-03 -6.4824556e-04 -1.5171005e-02
   184 : -8.4416373e-15 -3.6643386e-14  1.5182036e-14
   185 : -5.6448156e-07 -1.0216788e-06  1.3359955e-07
   186 : -1.0410855e-03  6.8801539e-04 -2.9186199e-04
   187 : -6.1173126e-03 -1.4418606e-02 -2.2969232e-02
   188 : -2.2737557e-02 -5.7887660e-02 -1.0727558e-02
   189 : -2.3620273e-03  2.0119026e-03  1.2273747e-02
   190 :  1.1587072e-02  1.2491904e-02 -1.7512851e-03
   191 : -2.7082941e-14  1.5196437e-13  1.6945015e-13
   192 : -1.9460734e-02 -5.0209982e-03 -2.8842734e-03
   193 :  1.9191557e-02  4.9699512e-03  1.4296910e-02
   194 : -8.0449546e-03  1.3700497e-01 -1.6390172e-01
   195 : -7.8854578e-04 -1.9034059e-03  5.5194247e-04
   196 :  4.7785826e-12 -7.5081583e-12 -1.0604681e-11
   197 : -4.1733293e-11  7.0486464e-11  2.5002336e-11
   198 : -9.4449367e-04 -1.1055745e-04 -1.4678019e-03
   199 :  2.1187746e-02  1.9044895e-02  1.7919043e-02
   200 :  2.9667801e-11  2.9650335e-10 -4.0023215e-10
   201 : -1.2833114e-02 -5.1790327e-04 -1.5770176e-02
   202 :  9.3845926e-03 -4.8810116e-04  4.5301280e-03
   203 :  6.4026383e-13  2.6524479e-13 -3.8044771e-13
   204 : -1.7770517e-03  3.5404448e-03 -1.6704858e-03
   205 : -6.3398735e-03 -5.1474754e-02  3.6345344e-02
   206 : -2.1474010e-13  1.3889144e-13  1.2099814e-13
   207 : -3.5917063e-11  2.6764244e-11 -9.1315001e-12
   208 :  2.0637607e-07  1.5857349e-07 -6.5596307e-07
   209 : -1.3234448e-01  6.3838720e-02  2.7373637e-02
   210 : -3.5140483e-03  6.5039402e-03  4.6040925e-03
   211 :  6.4317112e-13  1.0272592e-13  5.2835267e-15
   212 : -2.1920101e-02 -2.2028563e-02 -2.2062179e-03
   213 : -7.8734578e-11 -1.0294897e-10  1.3088780e-10
   214 : -3.0988491e-03 -6.3661505e-03  5.9184205e-03
   215 : -4.1590618e-02 -1.2963232e-02 -2.3538010e-03
   216 :  1.6769847e-02 -3.2261101e-02 -3.3841134e-02
   217 :  3.6564795e-16  3.5294293e-17 -2.8106517e-16
   218 : -5.1193065e-08  1.0370269e-07  8.3993434e-08
   219 : -4.0134605e-03  8.5175401e-03  9.0199038e-03
   220 :  9.4621171e-07 -1.2265996e-08  1.6758202e-06
   221 :  6.0549219e-10 -8.5922777e-10 -1.4851102e-09
   222 :  4.8830438e-03 -6.1429171e-04  9.2583700e-03
   223 : -4.8843420e-03  4.4244514e-04 -3.9080386e-03
   224 :  1.2650614e-03 -1.9777255e-03 -2.9407227e-03
   225 : -2.0263489e-06  1.2961623e-06  6.2621218e-06
   226 : -4.8158919e-09  1.8232893e-09  1.4828947e-09
   227 :  1.2676822e-04  6.1891573e-07  2.1543626e-05
   228 :  5.7433128e-03 -5.1365822e-02  8.5179173e-02
   229 : -4.1309657e-05 -2.4208462e-05  1.0594968e-05
   230 : -2.0330448e-10 -2.7634091e-10  1.6666791e-10
   231 :  9.2731196e-11 -2.5139643e-10  6.0066669e-11
   232 : -2.2327133e-16 -2.0099947e-16  1.7818650e-16
   233 :  4.3415025e-10 -1.5458894e-09 -4.5731036e-10
   234 : -9.7404671e-03  5.3650197e-03 -7.5978834e-03
   235 : -9.1986195e-02  1.0337669e-02  3.6866603e-02
   236 : -6.6712341e-09  1.2912552e-08  4.6755070e-09
   237 : -2.3266805e-07  8.3013069e-08 -3.7350801e-07
   238 :  1.7415264e-13  1.5278637e-14 -9.0926363e-14
   239 : -4.7978790e-10  5.6136696e-11 -6.7913479e-10
   240 :  2.0251219e-12 -2.2757295e-12 -4.4523215e-12
   241 :  5.4630181e-03  6.3898518e-03  4.1417495e-03
   242 : -7.6488478e-03  9.0977636e-03 -8.4353295e-03
   243 :  8.5126717e-03  4.8321503e-03  9.9188514e-03
   244 : -3.2291955e-03 -6.3630811e-03  5.0880277e-03
   245 : -1.0513190e-08 -1.7607052e-08  3.4308404e-08
   246 :  4.1371513e-03  9.7024202e-03  9.2925050e-03
   247 :  9.9269084e-03  3.5477399e-03  8.0119791e-03
   248 :  4.2626861e-16 -4.0388272e-15  1.6692822e-15
   249 : -2.7357515e-08  1.5648867e-06  1.9041718e-06
   250 :  6.5854594e-03  3.4721397e-03  9.9321765e-03
   251 :  8.5589362e-03  7.0257571e-03  1.2289712e-02
   252 : -1.8811179e-09  1.6715203e-09  1.1406399e-09
   253 : -2.8922995e-13 -8.0832321e-13 -8.9328400e-14
   254 :  4.0917968e-03  9.4469315e-03  1.1415437e-02
   255 : -7.0767242e-04  3.0421204e-04  3.9025419e-04
   256 : -1.8750800e-02 -2.0223726e-02 -8.4792529e-03
   257 : -5.7231517e-03 -9.9438208e-03 -2.3022558e-03
   258 :  2.4618144e-04  3.0172877e-05  2.1529119e-04
   259 : -8.2652568e-08  4.6408801e-08 -1.6937753e-07
   260 : -7.8653060e-03 -1.8292647e-02 -1.3003265e-02
   261 :  1.1469237e-02  5.9150049e-03  1.7472868e-02
   262 : -1.4381923e-08  1.9220297e-08  1.0090706e-08
   263 : -4.7215697e-10  4.7177907e-10  7.7265430e-10
   264 : -1.1561676e-03  6.6025594e-04 -6.3615406e-04
   265 :  1.8471083e-03 -2.7087538e-03  1.3294054e-04
   266 :  6.3376786e-06 -5.0759611e-06  5.3680108e-06
   267 : -1.4938283e-05 -6.5362805e-06 -1.4011320e-06
   268 :  5.0611658e-12 -8.7353686e-12  8.7094401e-12
   269 :  6.5534784e-03  2.6056345e-03  8.4288671e-04
   270 : -6.8527075e-05  2.4638275e-04  3.3886016e-05
   271 : -2.0851973e-03  3.0373346e-03 -3.4008280e-03
   272 : -1.1255021e-05 -1.8661526e-06 -1.7307237e-05
   273 :  4.0526356e-10 -6.0105212e-10 -4.8179050e-10
   274 :  1.6278727e-02  9.5181202e-03 -3.6745303e-03
   275 :  1.1315326e-08 -2.6976576e-08  3.3785620e-08
   276 :  4.0726554e-03 -4.1776376e-03 -1.0002842e-02
   277 :  4.2465096e-10 -6.5030940e-10 -1.7914074e-09
   278 :  7.6898436e-03 -2.4945128e-03 -2.1428293e-02
   279 :  3.2974407e-02 -3.0769298e-05 -9.6970917e-03
   280 : -1.2050171e-02 -1.9065573e-03 -1.6005165e-03
   281 : -6.7143043e-04 -2.0972382e-03 -1.9663622e-03
   282 :  2.1806204e-04 -6.5570719e-05  4.5880733e-05
   283 :  5.8919371e-07 -1.1055279e-06 -1.7780313e-07
   284 :  1.1402702e-09 -1.9529195e-10 -4.3542440e-09
   285 :  1.6881900e-02  1.1130167e-02  1.7607509e-02
   286 : -2.0336731e-02  2.4449239e-03 -7.9830511e-03
   287 : -4.0607167e-02 -3.0068957e-02 -1.5087473e-02
   288 : -1.0979178e-02 -7.4964946e-03 -1.4324337e-02
   289 :  1.2652075e-02 -5.0699256e-04  1.1850784e-02
   290 :  1.5653161e-02  5.0362830e-03  1.4565313e-02
   291 :  3.8135754e-03  3.4877578e-02 -7.7590523e-03
   292 : -2.1056622e-03  3.5853473e-03  9.5903895e-03
   293 : -4.9533965e-07  4.3668753e-07  7.0914282e-07
   294 : -1.9906081e-02 -1.6663434e-02 -9.3881516e-04
   295 :  1.9398796e-13  9.4033481e-13 -1.4500753e-13
   296 : -7.9523674e-03 -1.5311949e-02  1.1448148e-03
   297 : -4.0055543e-03  7.8827779e-03 -3.9351423e-04
   298 : -5.2067322e-03  3.7187220e-02 -1.5745195e-02
   299 : -8.5457966e-14 -2.8924982e-14  1.2475615e-13
   300 : -1.7010096e-02 -1.1564439e-02  8.0733745e-04
   301 :  9.1792385e-03  1.4413975e-02  7.3574076e-03
   302 :  6.7665513e-03 -1.1686806e-02  2.5835340e-02
   303 :  8.4649790e-03  2.4469432e-02  2.9987325e-02
   304 : -2.5245517e-03  1.3006062e-02 -2.1601986e-02
   305 :  5.0821577e-05  1.9550553e-04  3.3904725e-05
   306 : -1.8433349e-03 -2.6331954e-03 -1.0038683e-02
   307 :  9.5231766e-03 -1.0301198e-02  1.0123453e-03
   308 : -1.0038952e-03  9.8660069e-05 -1.4150730e-03
   309 : -4.3105610e-13 -1.4960744e-12  6.6080276e-13
   310 : -1.1004018e-02  1.8773961e-02  3.5117544e-02
   311 : -3.8088410e-02 -2.6742494e-02 -1.6106905e-02
   312 :  6.7468345e-12  3.8113560e-13 -6.1141205e-12
   313 :  7.4689333e-08 -7.4774420e-07  1.9312743e-07
   314 :  1.9379945e-13  3.2346548e-13 -9.3857336e-13
   315 : -2.7321652e-09 -1.1419948e-08  4.3912554e-09
   316 : -2.6062939e-03 -1.1387285e-02 -8.1945723e-03
   317 :  3.7463776e-14 -6.4541780e-14 -4.9167202e-14
   318 : -3.8049549e-03 -4.6106209e-03 -4.3803182e-03
   319 : -4.0239453e-03  9.2829896e-03  1.1757728e-02
   320 : -8.1374856e-02 -6.2841661e-03 -1.0715344e-02
   321 : -3.5289521e-03 -1.2089346e-02 -9.3529380e-04
   322 : -9.3168275e-14  2.3909577e-13 -3.4264689e-14
   323 : -2.9806346e-14  1.3128868e-13 -2.9571288e-14
   324 : -2.0366827e-08  6.6522197e-08 -1.2995027e-08
   325 : -3.0480859e-07  2.1889594e-08 -3.5528307e-07
   326 :  6.3061408e-02  4.7116721e-03 -6.0561694e-03
   327 : -3.9378401e-02  1.2151880e-01 -2.2417679e-01
   328 :  7.7066896e-03  3.7002770e-03  2.1282351e-03
   329 :  6.2420019e-09  6.8099130e-08 -3.5045928e-08
   330 :  6.1674540e-15  2.0063882e-15 -1.6487484e-14
   331 : -1.0365360e-04  1.5038429e-04  3.5953226e-04
   332 :  1.9479031e-02  1.7684125e-02  1.7834654e-02
   333 : -1.2558396e-07  2.0964945e-08 -8.9748646e-08
   334 :  8.8704236e-03  1.9075212e-03 -6.1342093e-03
   335 :  9.5296205e-03  1.6526154e-03  2.8677928e-02
   336 :  7.1364653e-03 -1.5811917e-02 -3.4861453e-02
   337 : -1.6066707e-12  4.9404557e-12  5.1455482e-12
   338 :  1.0432235e-02 -6.8692896e-03 -2.8680907e-02
   339 : -2.8064300e-09  1.2869650e-08  1.7163618e-08
   340 : -3.6958866e-03 -3.3105860e-03 -4.8952986e-03
   341 : -9.0183788e-13 -6.0974529e-12  3.5932380e-12
   342 :  3.5795722e-09 -5.5680588e-09 -3.6265155e-09
   343 : -1.3365415e-03 -1.0697215e-03 -4.4598417e-05
   344 : -5.3024326e-03 -4.7650318e-03 -2.5429555e-03
   345 :  5.0320584e-03 -3.0569939e-05  5.0579116e-03
   346 : -9.3958727e-09 -5.3533958e-09  4.5708363e-09
   347 :  6.2306917e-03 -1.1230619e-02  1.1985963e-02
   348 :  8.6100464e-04 -9.6025147e-04  6.4716962e-04
   349 : -9.4473911e-05  2.2381983e-04  6.6927755e-05
   350 : -4.4049633e-03  4.4970591e-03  7.6506107e-04
   351 : -2.1290192e-07 -4.7213094e-07 -2.1651158e-07
   352 : -3.4224700e-02  4.2584572e-03  7.6320713e-03
   353 : -3.0547676e-03 -1.3001156e-02  3.1415902e-03
   354 : -1.6173686e-02 -9.5886373e-03 -1.3755719e-02
   355 : -4.0703623e-03  7.3145929e-03 -2.2549670e-03
   356 :  4.1615015e-12  4.4159341e-12 -3.5307075e-13
   357 : -3.4773202e-02 -1.9993226e-02  1.3305127e-02
   358 :  1.1630372e-04  1.4287567e-04  5.9110294e-05
   359 :  9.9632529e-18 -3.4334461e-18 -1.6169202e-17
   360 :  2.7396945e-03  5.7428555e-03  9.2375476e-03
   361 :  1.7784209e-06  1.4479781e-06  9.8466969e-08
   362 : -9.5211955e-05  1.7449517e-04 -1.2067778e-03
   363 : -6.4916531e-05 -2.3618178e-05  1.1474374e-05
   364 :  8.2035505e-06 -1.9903481e-05  2.8130184e-06
   365 :  1.6822856e-02  1.8311254e-02  8.5010306e-03
   366 : -8.0719713e-12 -1.0722287e-12  4.1540115e-11
   367 :  3.0770424e-02  3.0127557e-02  1.1458833e-02
   368 :  2.6856309e-03 -8.2380749e-03  1.8964943e-03
   369 : -5.0299507e-04 -7.4111505e-04 -2.4523258e-03
   370 : -1.9076007e-04  1.1217132e-04 -7.7322250e-04
   371 :  2.7379575e-11 -3.5609971e-12  1.8241412e-11
   372 : -6.5401756e-03  1.7782070e-02 -3.7911833e-03
   373 :  2.1657371e-05  3.9103366e-03 -1.5223274e-02
   374 : -7.9957517e-03  8.0730343e-03  4.2137964e-03
   375 : -1.5016987e-07 -2.0269446e-07 -6.9887822e-09
   376 : -2.7755743e-12  5.0986909e-12  9.6689413e-13
   377 : -7.7657143e-04 -1.1476181e-03 -2.7810003e-03
   378 : -1.0474791e-03  4.1739194e-03 -2.6858713e-03
   379 :  2.8243848e-15 -7.1291041e-15  2.3780839e-15
   380 :  1.3059977e-02  5.5781559e-03  1.6844921e-03
   381 :  1.4518423e-04  3.3144418e-05 -2.9413297e-05
   382 :  7.6660902e-06 -1.4683644e-05 -5.3654214e-06
   383 : -4.1960701e-03 -1.4088843e-02 -5.8409787e-03
   384 : -9.2394306e-08  1.8381378e-06 -2.1954806e-07
   385 : -4.6254935e-03 -2.7382523e-02 -2.6148470e-03
   386 : -2.8442010e-03 -7.0463765e-03 -3.2467874e-03
   387 : -3.9303229e-08  8.8948965e-08  1.2263496e-07
   388 : -1.0327316e-02 -1.8570880e-03  1.5839254e-02
   389 : -2.1929269e-05  9.8772594e-05  2.4871640e-05
   390 :  3.7678706e-03 -2.5274903e-02  3.0034152e-02
   391 :  5.4814363e-05  2.4539346e-04 -9.4133583e-05
   392 : -4.1295372e-03  8.8178681e-03  9.3447486e-04
   393 : -5.9406054e-03 -8.5104224e-03 -1.4069722e-02
   394 : -1.6595370e-06  5.6459597e-06  8.5321448e-06
   395 :  2.7761741e-03 -2.5638462e-03  4.9958579e-04
   396 :  1.0627706e-14 -2.6104660e-14  4.9087485e-14
   397 : -6.2245028e-03 -1.6064859e-02 -3.8147042e-04
   398 :  4.0492357e-03  1.1521863e-03  1.9456363e-02
   399 :  2.2243863e-03  1.9653829e-03 -3.2453047e-03
   400 :  4.5163996e-03  2.4509569e-02  2.4294480e-03
   401 :  1.0423401e-02  9.9580294e-03  1.9391189e-02
   402 : -1.9077324e-05  1.4899211e-06  1.8285539e-06
   403 :  1.3298830e-05 -4.5879104e-05 -3.4077406e-05
   404 : -1.1290247e-12 -4.6271727e-12  1.0741518e-11
   405 :  1.1003751e-02 -1.3543198e-03 -2.9665065e-04
   406 :  1.9565391e-03  4.0689408e-03  5.0315937e-03
   407 :  1.1509631e-03 -5.1382876e-03  1.0436787e-03
   408 :  9.6477425e-03  2.4945751e-03  6.1837115e-04
   409 :  1.3834498e-02  1.6586022e-02  5.2553378e-03
   410 : -1.2609220e-02 -2.2416115e-02 -1.2959093e-02
   411 :  1.8938717e-02  1.1253405e-02  2.3597885e-02
   412 :  1.1715409e-02  7.4956510e-03  1.2735536e-02
   413 :  7.6339895e-13  7.0837336e-13 -2.4427693e-12
   414 : -6.2674535e-03  1.4301151e-04  3.1106637e-03
   415 :  1.3805539e-02  1.6621274e-02  8.5731704e-03
   416 : -1.2293611e-08  1.8962412e-09  1.8883665e-08
   417 : -9.1323257e-03 -6.9751970e-03 -1.8417708e-02
   418 : -5.4719163e-03 -1.6682415e-03  1.4281177e-03
   419 :  1.0870219e-10 -2.9935708e-10  5.3017987e-11
   420 : -3.2755312e-12 -1.7015268e-10  2.4465808e-10
   421 : -1.4755369e-08  6.9347275e-08 -2.7866394e-08
   422 : -1.0619498e-03  5.2567803e-04 -2.2477357e-03
   423 :  1.5741465e-02 -4.9323503e-02 -1.5412618e-02
   424 :  6.3344283e-06  2.0850220e-06 -1.3271142e-06
   425 :  2.0948319e-07  4.3777382e-07 -1.4747159e-07
   426 : -1.4890468e-05 -1.2722851e-05 -5.6653293e-06
   427 :  1.0045012e-04 -6.4319158e-07 -3.6729747e-04
   428 :  7.0879003e-06 -5.1430482e-06  1.8167906e-06
   429 : -2.2015370e-02 -1.6020405e-02 -2.2269286e-02
   430 :  1.7510583e-03  1.3982000e-02 -9.2503349e-04
   431 : -1.8324761e-03  1.5667006e-02  1.8754530e-02
   432 : -1.6648359e-03 -1.1027478e-03 -1.7066535e-03
   433 :  1.8834865e-12 -4.4435465e-12 -1.6439161e-14
   434 :  4.9684949e-03 -1.1579567e-02 -1.0711344e-03
   435 :  1.3292116e-02 -8.0865372e-03  5.1211300e-03
   436 : -3.9692218e-07 -2.3942626e-08  9.9992449e-07
   437 : -2.1704792e-02 -8.1530312e-03 -1.0823161e-02
   438 :  6.3855979e-03  2.3604684e-03  4.7126422e-03
   439 : -2.1500894e-05  3.6829587e-03  3.7813659e-03
   440 : -5.9557524e-09  1.8301357e-08 -4.9200953e-09
   441 :  1.0528663e-13  1.3560618e-13 -1.0331529e-12
   442 : -3.1034777e-03 -3.4551681e-03 -1.9469953e-03
   443 :  6.1774442e-03  2.9207344e-02  2.2182607e-02
   444 : -7.3779305e-03 -3.5004339e-03 -1.4444237e-03
   445 :  9.7049405e-03  8.9895069e-04  5.5825700e-04
   446 : -8.4419197e-03  2.3931778e-03  9.3389659e-03
   447 :  9.5216318e-04 -1.7792883e-03  7.7712330e-04
   448 :  9.1307072e-03  1.7381430e-02  6.1054810e-03
   449 :  5.7785497e-13 -1.8673253e-12 -1.9940485e-12
   450 : -1.5766346e-13  1.5105534e-13  3.2348291e-13
   451 :  1.3194725e-02  8.5769417e-03  1.1588855e-02
   452 : -3.9607145e-03 -4.9488766e-03  5.8959860e-03
   453 :  5.2248184e-03  3.1197202e-03  1.0159039e-02
   454 : -1.1216479e-02 -8.1695082e-03 -1.5523728e-02
   455 : -4.7204448e-05  1.7064322e-05 -4.3206663e-06
   456 :  6.8202363e-03 -4.7776597e-03 -1.1572968e-02
   457 :  4.0033934e-13 -1.2218027e-12  1.6299646e-13
   458 : -3.7050702e-06  1.8027512e-04  3.3345952e-05
   459 :  1.5176111e-02 -8.9039517e-03 -2.4346549e-02
   460 :  1.1714994e-03  1.6120352e-02  7.9253542e-04
   461 : -8.9616680e-04 -1.6290784e-03  8.6553095e-04
   462 :  1.1779921e-02  1.3649280e-02  2.9589520e-02
   463 : -3.3013699e-09 -5.2404962e-10  1.5885533e-08
   464 :  7.6478979e-03  3.4480224e-03 -4.1075728e-03
   465 :  1.5244608e-02  5.7926223e-03  1.2797849e-02
   466 : -1.0091460e-03 -7.1623235e-03 -5.5107090e-03
   467 :  3.5526692e-09 -4.1959883e-09  7.9686695e-10
   468 :  1.6865980e-07 -3.1926193e-07  7.8484211e-08
   469 :  1.3055404e-14 -6.0243638e-15 -1.0074008e-14
   470 :  1.0205328e-12 -1.1698931e-12 -4.6282511e-14
   471 :  5.0883854e-06 -1.2131176e-06 -1.2360116e-06
   472 : -3.0289502e-08  7.0645860e-08  3.1942272e-08
   473 :  1.3337613e-02  9.3635900e-03  2.8527010e-03
   474 : -1.1280177e-10  1.0643643e-10  1.3507916e-10
   475 :  2.6258980e-06  1.7095886e-06  1.8105828e-06
   476 :  5.7616782e-06  2.0833818e-06 -1.2581286e-06
   477 : -2.8562268e-14 -1.3793469e-14  8.9676363e-14
   478 :  2.5844521e-03 -1.3416532e-03 -1.4353420e-02
   479 :  2.2340585e-15 -4.9120542e-15  3.6837473e-16
   480 : -7.8318311e-04  6.1538081e-04  8.8054342e-03
   481 : -6.0604561e-06  1.7553757e-06 -1.6184904e-05
   482 :  1.3777536e-09 -3.2155916e-09  1.0276114e-09
   483 : -3.2882150e-03  5.0129586e-03  4.6129061e-03
   484 : -3.3594107e-02 -1.1662824e-02 -1.3674595e-02
   485 : -1.5429588e-03  1.5921654e-02  4.0388188e-02
   486 : -5.0831800e-03 -1.5717144e-02 -8.2312559e-04
   487 :  2.2174261e-02  3.6579667e-02 -2.5154819e-04
   488 :  8.7453194e-03  3.7207963e-03  4.3869905e-03
   489 :  5.9211921e-11 -2.5908158e-11 -5.6944711e-11
   490 : -2.7753895e-09 -1.7342251e-09  1.9744907e-09
   491 : -5.8978004e-10 -9.2830403e-10  8.5426975e-10
   492 : -3.4510461e-02 -3.6411912e-02 -1.3508814e-04
   493 : -3.5355424e-03 -4.7481856e-03 -4.7129546e-03
   494 : -2.0584761e-03  1.0857334e-03  3.7672738e-03
   495 : -1.2678368e-03 -5.6605413e-04  1.4346747e-02
   496 : -1.3877487e-07 -1.3947175e-06  1.7125221e-06
   497 : -1.3436548e-12 -3.3006241e-13 -3.8699108e-13
   498 : -1.0757790e-11  2.2649289e-11 -2.2033111e-11
   499 : -1.3489154e-03  1.0050331e-02  5.8220226e-03
   500 :  1.9747784e-15 -3.5535526e-14 -5.1920380e-14
   501 : -3.2264350e-14  1.5283868e-13 -3.8097323e-14
   502 : -6.6394668e-03  1.6022491e-02 -1.2164995e-02
   503 :  2.6424712e-03 -2.4988965e-03  2.7047539e-03
   504 :  1.1433790e-02  1.3748788e-02  1.5007591e-02
   505 :  3.3419593e-03 -5.9397809e-04 -1.1321570e-02
   506 : -3.5425168e-09  9.2430489e-09  1.0537578e-09
   507 :  2.2455489e-08  5.2590389e-08 -1.6647609e-07
   508 : -5.8735941e-10 -1.3606196e-07  3.2189787e-08
   509 :  2.7544077e-03  1.6092467e-03  1.4928537e-02
   510 :  8.2453111e-08 -6.4063244e-07  1.1821138e-07
   511 : -7.9372031e-04 -3.3186826e-04  7.8807089e-04
   512 : -1.9586187e-05 -1.5281311e-05 -2.3679842e-05
   513 : -1.6728312e-04  1.9116484e-02  1.7295017e-02
   514 :  3.0008693e-02 -1.4326286e-02 -2.6670784e-03
   515 : -1.9559562e-02 -2.1051553e-02 -9.5835159e-03
   516 :  4.3333848e-08  1.0553482e-07 -3.1321582e-08
   517 : -8.0985844e-03 -2.2836247e-03  1.1371878e-04
   518 : -5.9967697e-03 -6.4574619e-03  1.1331175e-02
   519 : -2.0992709e-03  1.5237805e-03  5.6507577e-03
   520 : -2.0080820e-03 -1.5131386e-03  1.4116753e-03
   521 : -3.4449654e-03  5.9969892e-03  4.3129796e-03
   522 : -1.3834173e-02 -6.5919956e-03 -1.4190738e-02
   523 :  1.4726674e-02  1.5468129e-01 -1.5953406e-01
   524 : -3.0465303e-03 -9.7805066e-02  1.2086815e-01
   525 :  1.1221693e-02  2.9623339e-02  2.3715005e-02
   526 : -1.4551470e-05  1.2889312e-06 -2.0890092e-05
   527 :  1.2555557e-11  5.4494050e-11 -7.1844434e-11
   528 : -1.9479618e-02  6.0033201e-03  2.4730775e-04
   529 : -2.1465336e-02  4.3587763e-04  2.4290066e-03
   530 : -3.2571299e-03 -1.0372394e-03  9.1590186e-04
   531 : -2.9948345e-04  5.4811731e-03 -1.2138182e-02
   532 :  3.6530259e-04 -5.0337012e-04 -7.5323649e-04
   533 : -1.5018269e-16  3.3591411e-16 -5.2247891e-16
   534 :  2.5434460e-17  9.8955406e-17 -7.5138307e-17
   535 :  8.1963432e-10 -5.8192710e-10  1.8760060e-10
   536 : -1.8160412e-03 -5.6569460e-03 -4.7367830e-03
   537 :  2.8514539e-03  2.9208855e-03  9.4796405e-03
   538 : -2.0496964e-02 -1.5742730e-02 -2.1045609e-02
   539 :  8.9338171e-11 -3.5207160e-10  1.5117753e-10
   540 : -3.1255323e-09  1.0608082e-08 -9.5322693e-10
   541 :  2.2610000e-08  1.6348330e-08 -4.8721750e-08
   542 : -2.3333225e-03 -1.4651728e-03 -2.4248082e-03
   543 :  1.5914986e-11  3.1114658e-11 -3.5043671e-11
   544 : -7.6018726e-04  1.5239037e-02  7.1878973e-03
   545 : -1.2642311e-07 -7.6818458e-07 -4.1388390e-07
   546 :  1.2233688e-02  1.0230308e-02  5.0221266e-03
   547 :  5.1801437e-11 -4.8417587e-10 -3.6629499e-10
   548 :  4.2546263e-03  7.9657611e-03  2.4458458e-03
   549 : -1.5342791e-08  7.6535579e-08 -3.2825699e-07
   550 : -1.3618531e-02  5.4412384e-03 -3.8300748e-02
   551 : -5.5091586e-03 -3.6740903e-04  4.5567842e-03
   552 : -2.9346435e-03 -3.4284964e-03 -4.7632824e-03
   553 :  1.6208577e-02 -2.6243874e-02 -1.8500654e-02
   554 : -3.0699470e-09 -7.7660740e-07 -7.0173950e-09
   555 : -1.3227020e-03 -1.8468614e-03 -1.6086845e-03
   556 :  8.4695184e-08  1.2844341e-07 -3.2855817e-08
   557 :  5.7157668e-04 -1.9947620e-02 -1.8754252e-02
   558 : -5.3705798e-03 -5.0484847e-03 -5.8095375e-03
   559 : -3.2335478e-03  1.3727052e-03 -2.9354744e-03
   560 :  1.6198098e-03 -1.1453294e-02 -4.0444160e-02
   561 : -2.8797124e-03 -5.1482431e-03  1.5088075e-02
   562 :  4.7477073e-06 -2.1760287e-04 -4.2416414e-05
   563 :  2.9471288e-13 -1.1620492e-13  8.5341863e-15
   564 :  5.4244131e-03 -5.0120508e-04  2.1642830e-03
   565 : -6.4821066e-04 -4.4310648e-03  7.1851275e-04
   566 : -2.6344900e-08 -1.5509060e-08  6.9938576e-08
   567 : -3.1261208e-03  4.9295024e-03 -3.9180669e-03
   568 : -2.8956041e-03 -4.5590347e-04 -1.1625042e-02
   569 :  1.4725558e-03  2.9202327e-04 -2.8364659e-03
   570 : -1.3097042e-07 -5.1950200e-07 -7.8682268e-07
   571 : -1.8236471e-03 -2.3211603e-03  5.7380118e-04
   572 :  7.4409528e-14  2.6064159e-13 -1.1923282e-13
   573 : -7.4842885e-03  7.2299503e-04  4.5417876e-03
   574 : -1.1484357e-02 -2.1130602e-03 -7.9123671e-03
   575 : -9.3501061e-03 -1.1652065e-02 -1.5512403e-02
   576 : -1.6578385e-03  9.6510778e-03  4.0974997e-03
   577 : -1.5603086e-02 -1.0867993e-02 -1.4348430e-02
   578 :  3.6731351e-15 -9.7931020e-15  5.1368285e-15
   579 :  8.7930861e-03  7.7504206e-03  5.0936442e-03
   580 : -7.0368775e-03 -2.1415195e-03  4.4228201e-03
   581 : -2.1418648e-07  3.9800462e-07 -3.5774417e-08
   582 :  3.1476535e-15 -4.7931716e-15  1.6707670e-15
   583 :  8.0227094e-06 -1.3347589e-05 -3.2012248e-05
   584 : -7.0382393e-13  1.3382320e-12  5.5068190e-13
   585 : -2.1552207e-03  1.8607684e-03  7.7038658e-03
   586 : -6.2382458e-09  1.3962830e-08  3.3408388e-09
   587 :  1.0583201e-05 -3.0541627e-05 -8.4926674e-06
   588 :  5.9339494e-08 -2.6637226e-08 -1.2957870e-08
   589 :  3.7057697e-02 -5.8321647e-03 -1.2404458e-02
   590 : -3.6731688e-03 -7.7222348e-03 -3.6852394e-03
   591 :  2.6015423e-14 -3.9450530e-14 -1.8362413e-14
   592 : -1.3993323e-07 -5.8329196e-08  3.0422509e-07
   593 : -6.0181440e-04 -4.9102600e-04 -1.1745652e-03
   594 :  2.0931379e-04 -1.1693686e-04  7.3611301e-05
   595 :  2.2651607e-02  1.0469742e-02  2.6828197e-02
   596 : -3.0720704e-02 -2.9457782e-01  2.7249975e-01
   597 : -1.1385294e-04  6.1283181e-04 -1.1223077e-03
   598 : -2.4632157e-05 -2.9423268e-05  6.1743237e-06
   599 :  9.0560381e-03  1.1715960e-02  1.9325116e-02
   600 :  1.9277875e-02 -4.5107719e-03  1.1689690e-02
   601 :  3.3166504e-03  1.4551297e-02  8.4784767e-03
   602 : -5.8104772e-09 -1.3439541e-08  5.1949283e-09
   603 :  7.9698535e-11  6.0499248e-11 -4.8056729e-11
   604 :  1.4207969e-05 -1.0039718e-05  9.0405999e-06
   605 : -8.4445959e-05  4.1428368e-04  2.9966176e-04
   606 : -3.8373348e-03 -1.4200056e-02 -6.2038984e-03
   607 : -4.6495520e-03  7.4517047e-03  1.0259201e-02
   608 :  1.6055249e-08  1.8939707e-08 -5.9858210e-11
   609 :  8.2349580e-07  1.9181511e-06 -1.1381979e-07
   610 :  1.5858495e-10  2.3957658e-10 -7.8868337e-10
   611 :  4.6826157e-03  1.1172412e-02  1.3585777e-02
   612 : -4.5953094e-03  2.8077761e-02  2.6383164e-02
   613 : -2.6176650e-03 -2.6788052e-04  1.2785701e-02
   614 : -3.5781285e-02 -1.5320201e-02 -6.6548917e-02
   615 : -1.1692907e-02  1.6445693e-02  2.4370195e-02
   616 : -1.9122328e-11  2.2297615e-11  2.0413486e-11
   617 :  9.7288311e-03  7.2717686e-03  4.8967689e-04
   618 :  2.3185366e-05  1.4802103e-04 -5.7377901e-05
   619 :  1.2332790e-08 -1.8666612e-08 -6.7591628e-09
   620 :  7.9943503e-05 -8.0704749e-05 -9.5316229e-06
   621 :  2.3694931e-05  2.9056921e-02  3.7487363e-02
   622 : -9.4732152e-04  4.6495133e-03  1.6565540e-02
   623 :  6.3371860e-03 -6.6432003e-03 -3.8966436e-03
   624 :  1.3089969e-02  6.3784332e-03  8.1338520e-03
   625 :  1.2062790e-02  1.3568059e-02 -9.7395046e-03
   626 :  6.1859840e-15 -2.5450415e-14  9.3382029e-15
   627 :  8.9805263e-10 -2.4444502e-09  5.1065307e-10
   628 :  4.8161051e-05  3.2856630e-05 -4.2492669e-05
   629 :  1.6348545e-02 -4.2446104e-03 -1.8997094e-03
   630 : -6.0968375e-03 -8.8603038e-03 -9.9255745e-03
   631 : -1.1701533e-03  1.0804691e-02  4.9453387e-04
   632 : -8.6585097e-12  1.4446606e-11 -1.5554304e-13
   633 :  3.5424788e-03  8.2974887e-03  4.6292808e-03
   634 :  2.2178777e-03  4.6479043e-03  1.7096921e-02
   635 :  3.7569837e-03  4.2739069e-03  5.1804078e-03
   636 : -6.1330256e-03 -2.3896079e-03  2.2276288e-03
   637 :  5.4012616e-03 -1.7546693e-02 -3.6122978e-03
   638 :  1.0746606e-02  1.5482022e-02  1.3995242e-02
   639 : -5.1994539e-03  1.0764560e-04  6.5744967e-03
   640 : -1.0014807e-02  5.2385376e-03 -6.4719067e-03
   641 : -2.6212223e-08  6.5803353e-08 -5.2215234e-09
   642 :  3.4941506e-02  1.1855485e-02 -4.9947275e-04
   643 : -9.4594383e-03 -1.0285554e-03 -5.4995869e-03
   644 : -3.6236913e-02 -1.7500656e-02 -2.1519547e-02
   645 : -1.8228417e-03  3.6930630e-03 -1.0145059e-02
   646 : -9.1756158e-04 -3.9105128e-03  9.3454482e-03
   647 : -3.9951789e-03  1.6400212e-02  3.7457316e-03
   648 :  5.4500597e-03  6.5710807e-04  1.1765922e-02
   649 : -7.5158746e-03  7.6485116e-04 -2.3540856e-03
   650 : -3.1589799e-04  8.0170313e-03  7.9046556e-03
   651 :  3.7061216e-02 -1.3226154e-03 -1.2214370e-02
   652 :  2.7957209e-02  3.4069656e-03  2.3548115e-02
   653 : -1.3299833e-03  5.5539843e-03  9.3728944e-03
   654 :  6.2289918e-06 -1.1717057e-06  6.1211270e-07
   655 :  1.2663835e-02  2.4407546e-02  1.1753956e-02
   656 :  2.8855911e-03  2.3787101e-03 -4.8377000e-04
   657 : -2.6253942e-03 -1.3058561e-02 -8.7524911e-03
   658 :  4.5772750e-03  1.2565272e-02 -4.6295644e-03
   659 :  9.7724369e-03  1.8485946e-02  1.0981502e-02
   660 :  9.2042646e-03 -1.6465709e-03  1.8076732e-02
   661 :  7.2605523e-03  1.5967998e-02  1.3280790e-03
   662 :  1.9363489e-04  6.6600141e-06 -3.3219573e-06
   663 : -5.5478345e-03  1.7137934e-03 -7.7849520e-03
   664 : -1.2686866e-02  4.7389696e-03  8.6153429e-03
   665 :  7.4764299e-03  6.6372132e-04  2.8871121e-03
   666 :  4.3227917e-12 -7.7908505e-12 -4.1709052e-12
   667 :  4.4157495e-07 -2.3841921e-07 -5.8526062e-09
   668 : -2.3225923e-03  2.9600255e-03 -3.6357576e-03
   669 :  8.6514652e-15 -9.7229442e-15 -1.8128889e-14
   670 :  3.5054385e-04 -4.0152548e-03 -6.8556872e-03
   671 : -1.0526877e-02 -6.4616425e-03 -1.0909460e-02
   672 : -6.1075300e-03 -3.9992853e-03 -4.3261501e-03
   673 : -9.1682002e-04 -3.3490541e-04 -8.8819823e-04
   674 :  3.9100002e-04 -7.7554092e-04 -1.6739245e-03
   675 :  8.3613441e-04 -1.6033199e-03  3.8987202e-03
   676 : -1.4862441e-02 -1.8623132e-01  1.8699693e-01
   677 :  1.8560518e-03 -2.5118381e-03  3.3188613e-03
   678 : -3.3597953e-03 -2.4932344e-03 -4.9530100e-03
   679 : -7.3785998e-03  6.6842524e-03 -3.6910565e-03
   680 :  8.8683542e-03  1.5003033e-03  1.0188399e-02
   681 : -1.2466011e-07  2.5603350e-08 -1.2452786e-07
   682 :  6.9349829e-09 -8.2897079e-08 -1.4906568e-07
   683 :  4.7718358e-07  8.6282355e-07  1.1303372e-06
   684 : -9.1645316e-09  7.8331344e-09 -1.5446681e-08
   685 :  7.6011908e-03  8.8489737e-03  1.0051643e-02
   686 :  8.8430025e-04  2.7499615e-03 -2.6350565e-03
   687 : -7.9403391e-09 -4.9905899e-08  1.8603370e-07
   688 : -9.1840424e-04 -1.3807288e-03  1.6506838e-03
   689 :  1.0872574e-02  1.3826827e-02  5.0497265e-03
   690 :  1.1583032e-02  4.7780761e-03 -1.1007472e-03
   691 : -3.3536998e-04 -7.1917193e-03  5.0306651e-03
   692 :  1.5500885e-02  1.7533611e-02 -1.5945066e-02
   693 :  9.9991289e-15 -2.7638086e-14 -1.8184319e-14
   694 :  1.6201514e-10 -9.6094884e-10 -4.3464876e-10
   695 :  4.5705337e-03  1.0363613e-02  4.8939971e-03
   696 : -4.5966796e-03 -3.6407719e-03 -2.9274003e-03
   697 :  2.5562557e-02 -1.0800410e-02 -1.1529085e-02
   698 : -1.4778620e-03  4.4209655e-03 -2.5551089e-03
   699 :  2.5556869e-04  1.1702922e-04 -7.4597246e-05
   700 : -1.8679612e-13 -2.0131904e-13  6.7557021e-13
   701 :  2.5334305e-12 -3.9352334e-12  4.9613044e-13
   702 : -7.4705926e-07  1.9443027e-07 -9.9881608e-07
   703 : -1.1060731e-02 -1.0351927e-02 -9.8677972e-03
   704 :  2.1749451e-02  3.2241143e-02 -1.4197482e-02
   705 :  3.1575884e-09  1.7076604e-08 -6.8412363e-09
   706 : -2.1833035e-01  2.0108587e-01  3.3379655e-02
   707 :  1.0917864e-02  2.6678475e-02 -1.6758618e-02
   708 :  1.1006218e-02  4.3389745e-03 -1.0744602e-02
   709 :  8.2019104e-03  8.6572286e-03  1.3465088e-02
   710 : -1.0346786e-05 -8.0270994e-06 -2.7960177e-05
   711 :  1.5265801e-02  1.0560894e-02  1.9938662e-02
   712 : -6.3065583e-03 -2.1460915e-03 -3.5552554e-03
   713 :  1.2540822e-02  1.4267530e-02  6.7761699e-03
   714 : -1.4614526e-02 -1.1461099e-02 -1.5682386e-02
   715 :  2.3229747e-03  1.1250792e-02 -2.1239102e-03
   716 : -6.4785749e-10  1.0030032e-09 -2.6517597e-09
   717 : -4.7985002e-03  5.5522916e-03  1.7126716e-03
   718 :  1.1621070e-02  2.6740038e-02  3.2253236e-03
   719 : -2.0694018e-03 -6.2825352e-03  9.5103705e-03
   720 : -6.5817333e-03  3.8530806e-03 -9.5392811e-03
   721 :  8.7223754e-03 -3.4320375e-02  9.6788132e-03
   722 :  8.6461699e-09 -9.6233019e-08  3.7152341e-08
   723 :  1.1182160e-07  1.7348043e-06 -1.4767522e-06
   724 : -1.3054720e-07 -1.3908607e-07  2.2583471e-08
   725 : -3.6860501e-03 -1.8915165e-03  1.8817661e-04
   726 : -5.8802368e-04 -1.4558397e-03  4.7908469e-04
   727 : -4.7737498e-03 -3.9623419e-03  6.2473932e-04
   728 : -5.3331023e-03  3.3327070e-03  4.9682420e-03
   729 : -1.3546885e-02 -1.0211315e-02 -6.5760200e-03
   730 :  8.4875993e-03  1.3149857e-02  1.0800305e-02
   731 : -2.4219079e-07  2.2927588e-07 -1.7792016e-08
   732 :  1.8089101e-04 -5.9758362e-06 -5.0100377e-05
   733 : -2.4931706e-03  1.5371109e-03  8.5322697e-03
   734 : -2.9985866e-02 -6.1151453e-01  6.7940882e-01
   735 : -1.0100263e-02 -8.3222463e-01  8.1705048e-01
   736 :  4.3050860e-03  1.3835410e-02  1.4670432e-02
   737 :  3.6403686e-03  4.8047721e-04  1.1362545e-02
   738 : -3.7501323e-03  2.0939129e-03 -2.1865742e-03
   739 :  7.0623051e-04  6.5233998e-03  1.3089240e-03
   740 :  8.8043271e-03  7.0984457e-03  8.1709009e-03
   741 : -5.5684445e-03  6.4969915e-05 -7.6535693e-03
   742 :  2.3870054e-02  2.3372895e-02  1.3157353e-02
   743 : -3.2229093e-03  1.6787352e-04 -1.6406772e-03
   744 : -4.1953095e-02 -5.3862805e-03 -2.1784743e-02
   745 :  2.4135575e-08 -7.7883639e-08  1.0768261e-08
   746 :  1.4388113e-06  1.1570681e-06  9.5952688e-07
   747 :  2.7148523e-04  3.9334155e-04 -6.5532661e-04
   748 :  9.4967811e-03  1.0041283e-02  4.1661403e-03
   749 :  1.0357120e-03  1.1861055e-02  3.5143593e-03
   750 : -1.3166842e-09 -8.8727571e-09  3.0966699e-08
   751 : -1.3803991e-02 -1.4681923e-02 -1.9243187e-02
   752 : -4.8119841e-03  1.4309221e-02  2.9272035e-02
   753 :  9.6249857e-03  1.3584889e-02  3.2719992e-04
   754 :  4.4899045e-06 -1.3075717e-06 -1.3323074e-05
   755 : -1.6307386e-02 -8.9088312e-03 -3.5296993e-02
   756 : -1.3559589e-03  1.5803777e-02  1.4397285e-02
   757 : -7.8792464e-15 -3.2714019e-15  7.2559531e-15
   758 : -2.8031027e-02 -6.4357267e-02  5.6478386e-03
   759 :  1.0881589e-02  2.4578307e-02  1.3631102e-03
   760 : -4.0150644e-04 -5.1682105e-04 -1.1098284e-04
   761 :  9.0756522e-03  7.3668499e-03  6.3418680e-03
   762 : -2.5721144e-02  5.3853568e-02 -7.2025514e-02
   763 : -4.2606884e-12  1.7336528e-10 -5.5208777e-11
   764 : -1.0442646e-11  2.1761555e-11 -1.0532285e-11
   765 : -1.5766227e-02 -1.3966652e-02 -1.8749280e-02
   766 : -7.3275846e-04 -2.2357724e-03 -1.7622167e-03
   767 : -4.5554409e-02  1.5074474e-01 -2.4512405e-01
   768 : -9.5850542e-09  3.2699699e-08 -5.5058703e-08
   769 : -1.6646949e-02 -1.3274144e-02 -2.0472925e-02
   770 : -1.5285918e-02 -1.8628582e-03 -1.9512295e-02
   771 : -2.4663305e-03 -2.0375722e-02  1.2442415e-02
   772 : -6.0934998e-03  2.9525791e-03 -4.2065612e-03
   773 : -3.8283881e-03 -3.3513019e-04  4.7121651e-03
   774 : -2.3689479e-02 -1.9326965e-02 -1.6229444e-02
   775 :  8.0474276e-03 -1.8138547e-01  1.9403097e-01
   776 : -2.2817639e-03 -8.9328575e-04  2.8925653e-03
   777 :  8.3410984e-03  9.0986908e-03  6.4944272e-03
   778 :  7.7406775e-04 -2.7657670e-03  5.2881978e-05
   779 : -6.4353905e-06  1.0466116e-05 -1.6829049e-06
   780 :  9.4876658e-03  3.9166707e-03 -2.3558262e-02
   781 :  2.6672116e-08 -1.0824172e-08  2.4216386e-08
   782 : -3.0541668e-15 -9.5250389e-16  6.2115899e-15
   783 : -2.2583737e-02  3.9858498e-03  6.4815105e-03
   784 :  1.9914544e-02 -3.6366919e-02  4.0046125e-02
   785 : -1.0959357e-08  6.7324745e-08  2.7934292e-08
   786 : -1.0569998e-02 -2.3144783e-02 -3.6807104e-02
   787 : -9.3985648e-03 -7.2578487e-03 -1.3503471e-02
   788 :  8.1854526e-09  2.0263453e-08  3.2028382e-08
   789 :  1.8531459e-07 -1.1158358e-06 -9.8101558e-07
   790 : -1.1613899e-02 -1.1124020e-02  4.5651169e-03
   791 : -8.6429670e-03  8.0095623e-03 -8.1995833e-02
   792 : -4.6300270e-03  3.6026877e-03 -4.0937932e-03
   793 : -6.8756734e-03  2.2214927e-03  3.1795594e-03
   794 :  1.5479425e-03 -2.8428383e-03  3.0282754e-04
   795 : -5.5924226e-03 -1.5557961e-03 -6.9590165e-03
   796 :  1.5595351e-03  9.3816259e-03  3.4240934e-03
   797 :  1.2524035e-08  1.8815577e-09 -2.7914433e-08
   798 :  7.8559750e-03  4.8736582e-02 -5.2567896e-02
   799 :  4.3351265e-04 -9.4506153e-04 -1.5887758e-03
   800 : -1.4749472e-02 -1.5338145e-02 -1.8894564e-02
   801 :  1.4651735e-06 -2.8743305e-06 -3.7094419e-08
   802 : -1.2631156e-02 -4.5801524e-01  4.5450471e-01
   803 :  1.8620746e-04 -2.3162069e-04  1.8595941e-04
   804 : -1.5013720e-02 -1.9097696e-02 -1.9186435e-02
   805 :  1.5437120e-02 -3.1339012e-03  1.4225399e-02
   806 :  5.6235812e-06 -6.2118516e-06 -1.6079001e-06
   807 : -3.0442861e-09 -6.8506889e-08 -1.7759153e-09
   808 : -2.3914451e-02 -2.0212567e-02 -1.9818874e-02
   809 : -1.5364743e-03  4.9047234e-05 -2.4006343e-03
   810 : -3.7238317e-08  1.0663328e-07  2.6297285e-07
   811 :  3.4538610e-15 -7.9528328e-16 -3.8058079e-16
   812 :  1.5828931e-02  9.7149669e-03  1.3038428e-02
   813 : -1.1447543e-03 -1.6530197e-01  1.9468175e-01
   814 :  2.2469306e-14  1.2111605e-17 -2.2500377e-14
   815 : -2.6112018e-16  1.8947788e-16 -7.5074314e-17
   816 : -4.1941421e-12  1.4518038e-12  1.2900955e-12
   817 :  1.8886781e-15  3.2192814e-13 -3.4514019e-13
   818 :  5.6308102e-15  3.6745827e-14 -3.3109170e-14
   819 :  1.0036333e-02 -3.2068115e-03 -4.5518531e-03
   820 : -9.3839441e-15  2.7305596e-14 -5.9294005e-15
   821 :  1.0594852e-02  1.1933587e-01 -7.5126570e-02
   822 :  3.3422221e-02 -6.0656138e-02  9.2221737e-03
   823 :  1.5259068e-06 -2.0905583e-05 -3.8409152e-06
   824 :  3.0136917e-04 -3.5036114e-04 -1.4922319e-04
   825 : -4.4157849e-10 -6.3919640e-11  1.0465714e-09
   826 :  3.6946086e-03  2.6743704e-02 -3.2430829e-02
   827 :  1.4337972e-06 -8.4984880e-07 -3.4781279e-07
   828 :  1.5481035e-04 -8.8033253e-04  3.6718636e-04
   829 :  6.8013469e-03 -3.7813352e-02  5.5460556e-02
   830 : -1.5719283e-02  1.0299681e-02 -4.0207990e-02
   831 :  1.4261499e-02 -3.6589420e-01  3.1998888e-01
   832 :  8.1012911e-04  2.8969876e-02 -2.6809426e-02
   833 :  1.6119223e-02  9.5223232e-02 -4.3941000e-02
   834 :  1.9424597e-13 -1.6611640e-13  2.0926315e-13
   835 : -4.4689037e-16  9.3714819e-16 -1.5586233e-15
   836 :  1.6683682e-02  1.6411378e-02 -2.0249912e-03
   837 : -2.3301503e-08 -2.0495127e-08 -4.5115829e-07
   838 : -5.9614662e-03 -1.1053494e-02  4.5142452e-03
   839 :  4.0236831e-04 -4.3015200e-04 -4.5778756e-04
   840 : -4.0708315e-07  1.0188685e-07  3.3424048e-07
   841 :  1.4836457e-06 -4.0081738e-06  8.5960722e-06
   842 :  1.2991134e-02  6.7696821e-03  3.8654397e-03
   843 : -2.3065658e-06  6.0237661e-06  3.7203129e-06
   844 :  2.0065966e-02  5.7855002e-03  2.8473306e-02
   845 : -3.7255950e-10  3.4748034e-10 -9.4801282e-10
   846 : -8.7819853e-03 -1.7502988e-01  1.4883005e-01
   847 :  9.8235310e-03  4.4649580e-03  8.3676798e-04
   848 :  4.1919405e-17  1.1628841e-18 -1.8408655e-17
   849 :  3.1577163e-04 -8.2153112e-04 -4.1172649e-04
   850 :  4.3277974e-05  3.0177848e-04 -2.0433831e-04
   851 : -5.8305910e-05  5.7629611e-05 -1.7305302e-06
   852 : -4.1457898e-11  9.2157781e-11 -5.4364193e-11
   853 :  6.2135512e-04  1.3329827e-02 -4.5439556e-03
   854 : -9.4716520e-18  1.4048577e-17  9.5405773e-18
   855 : -1.4397195e-02 -1.7585200e-04 -4.4845674e-03
   856 :  9.4102625e-03 -1.9012779e-02 -6.4552578e-03
   857 : -1.1879505e-02 -4.6676472e-03 -9.1139354e-03
   858 : -6.0337625e-03 -1.6603867e-02 -2.7364336e-02
   859 : -2.6373485e-10  3.3012660e-10  2.0664473e-10
   860 : -2.7967385e-02 -2.1808980e-02 -1.4743827e-02
   861 :  4.6531511e-03  2.2232369e-02  7.4403954e-03
   862 :  1.5115648e-02  1.9003666e-02  1.5914338e-02
   863 :  3.1760189e-03 -2.6786702e-03 -3.7275425e-03
   864 : -4.2057463e-03 -2.8939936e-03 -3.7626054e-03
   865 : -5.5350843e-03  2.3219895e-02 -5.7425946e-02
   866 :  6.8722122e-02 -2.8404500e-02 -6.5657112e-02
   867 :  1.1798682e-03 -4.0708462e-04  3.6226851e-03
   868 : -4.2678180e-03 -2.2883906e-04  8.2549037e-03
   869 :  8.5204019e-04 -1.0555381e-03 -2.3907359e-03
   870 : -2.4621818e-03  3.2904029e-02 -1.0592100e-03
   871 :  1.0305197e-02  1.1027874e-02  1.7822961e-02
   872 :  2.6085474e-03  6.9141534e-03  1.7709541e-02
   873 :  3.7938726e-03 -9.2486159e-03 -1.1088545e-02
   874 : -1.1375860e-02 -7.0405858e-03  4.9133473e-03
   875 : -1.0620245e-05  2.4117701e-06  7.7004477e-07
   876 : -1.6233661e-06 -1.6549924e-05 -1.0463384e-05
   877 : -5.1547699e-14  5.7026898e-14 -6.0557173e-14
   878 : -4.7408589e-12  1.2625292e-11 -3.2844750e-12
   879 :  4.9794909e-06  9.8393937e-06 -2.3846833e-05
   880 : -2.0768678e-04 -2.7476369e-05  1.1909637e-04
   881 :  5.6976979e-14 -1.5983532e-14 -2.3370604e-14
   882 : -2.5857405e-13  1.8626552e-13  3.9207465e-13
   883 :  2.5962929e-07 -6.2037528e-07  1.2632681e-06
   884 :  4.0075735e-06  1.8861918e-06  1.1371037e-06
   885 :  1.7809431e-02  4.4107026e-03  3.8177284e-03
   886 :  1.0853452e-02  1.3196002e-02  1.4343088e-02
   887 : -2.6332041e-02 -3.7067318e-02 -1.4547391e-02
   888 : -1.3041810e-02 -4.9514579e-03 -2.8913116e-02
   889 :  6.1594479e-03  9.0677691e-03  3.8575933e-04
   890 :  3.7432177e-04 -2.1249589e-03  5.5964964e-03
   891 :  1.0439232e-05 -3.5508084e-06 -1.8921484e-06
   892 : -6.2885521e-05  7.1131663e-05  7.5273024e-05
   893 : -5.5299496e-02  8.2484908e-02  3.4685929e-02
   894 : -4.8365668e-03 -2.2020822e-02 -4.7970319e-02
   895 :  2.0728914e-02  8.3249572e-03  5.9851624e-04
   896 :  1.8010508e-03 -2.6753813e-03  2.9108577e-02
   897 :  1.3798107e-06 -3.4776056e-07 -1.7992436e-07
   898 : -2.9986216e-08  1.9086612e-06  1.6267437e-06
   899 : -3.9061272e-03  4.5754411e-03  3.2404097e-03
   900 :  4.2032039e-03 -5.5571031e-03 -4.2629128e-03
   901 :  2.2501199e-02  1.3736505e-03  1.0713577e-02
   902 : -5.0854284e-03 -4.0477364e-04  3.3335504e-02
   903 : -2.5657843e-03 -2.0183088e-03  1.9320810e-03
   904 :  1.2973585e-03 -1.2115076e-02 -4.9338670e-04
   905 : -3.2235683e-03 -3.4294434e-03 -2.7519482e-03
   906 : -1.2269786e-02  4.6150477e-03 -3.2429743e-03
   907 : -1.0060367e-02 -1.9500870e-02 -1.1913141e-02
   908 :  2.2760851e-01 -3.3999179e-01 -1.1028483e-01
   909 : -9.8050304e-02  2.2796343e-02  1.7687348e-01
   910 : -1.3792591e-03 -3.8016509e-03 -2.6833995e-03
   911 : -2.5239452e-03  3.1069449e-03 -1.2602521e-03
