Number of elements 912
     0 :  4.0276829e-07 -6.3986798e-08 -8.3744958e-07
     1 :  6.9112528e-04  7.7092579e-04 -6.2413424e-03
     2 :  2.6876334e-02  1.8660549e-02  1.7732151e-02
     3 : -2.0886664e-04  9.5743458e-05  4.8418176e-04
     4 :  1.2343195e-02  1.2942558e-03  2.8024236e-03
     5 : -3.3751060e-02  2.1827773e-02  5.8300979e-02
     6 :  2.6732144e-13  4.5352770e-13 -9.6706080e-13
     7 : -7.9363690e-03  1.7945491e-02 -9.7642453e-03
     8 :  9.6982287e-04  2.2525524e-02 -4.4892413e-03
     9 : -8.2115793e-12 -5.3679886e-12  2.4859459e-11
    10 : -2.1623731e-03  2.8294525e-02  3.3415311e-03
    11 : -7.1589122e-14  2.1916890e-13  8.0675337e-14
    12 :  1.0866432e-02  5.7910467e-02 -6.2580955e-03
    13 :  3.7683426e-03  3.0531027e-02  1.1122390e-02
    14 : -3.9451611e-05  1.0861483e-04 -2.0941548e-05
    15 :  1.2507096e-02 -1.0818016e-02 -6.0868653e-03
    16 : -4.2351493e-15 -2.4496561e-14  1.2663781e-14
    17 :  4.9344674e-09 -1.2075160e-09 -4.1113573e-09
    18 : -2.1294788e-03 -6.0374087e-03  2.7027233e-03
    19 :  4.3406047e-16 -8.7268942e-16  1.7873480e-16
    20 : -1.6634725e-08  9.2877774e-10  4.6956327e-08
    21 : -1.1208305e-02 -2.3651545e-03 -5.1965863e-03
    22 : -1.6472622e-02  8.1940895e-03  2.1687114e-02
    23 : -2.9662608e-15 -5.6778456e-15  1.6552548e-14
    24 : -7.5978516e-04 -8.3673419e-04 -1.8266369e-03
    25 : -5.6240545e-17  1.9771227e-16 -8.3579451e-17
    26 : -2.5542741e-03  1.8963178e-02 -2.9751381e-04
    27 : -3.8137982e-03 -6.8763146e-02 -5.0722262e-02
    28 :  7.6317515e-04  2.5734467e-02 -2.9009780e-02
    29 :  3.6975730e-04 -9.6963903e-04 -2.5606074e-03
    30 :  2.4836188e-02  4.0093687e-02  1.3787213e-02
    31 : -1.1997743e-04  3.9432570e-05  2.3572992e-04
    32 :  3.4548641e-12  2.3431646e-12 -4.8768821e-12
    33 :  7.4793295e-03  1.1509888e-02  7.7032400e-03
    34 :  1.8185977e-17 -4.0248150e-17 -2.0483672e-17
    35 : -7.3261517e-05 -5.5390297e-05  1.9164724e-04
    36 :  1.8424341e-02  1.7597944e-02  9.8991636e-03
    37 :  2.9577785e-03  1.3958679e-02 -5.2752311e-03
    38 : -1.0298070e-02 -1.0137662e-02 -1.9777455e-02
    39 : -1.6125764e-03 -3.1443724e-03 -3.4841909e-03
    40 : -6.7772282e-04  1.5446134e-02 -1.6887619e-02
    41 : -1.8475930e-02 -1.5721900e-01  1.3664466e-01
    42 : -1.8491080e-15 -6.1459998e-16  8.2353785e-16
    43 :  3.6926437e-08 -3.9503024e-08 -1.3515522e-08
    44 : -9.1589567e-03 -6.1216201e-03  1.5383825e-02
    45 : -8.5278002e-06  4.3742614e-06 -9.2057407e-07
    46 :  4.6518515e-06 -9.8571988e-08  7.2269772e-06
    47 : -1.2926739e-11  1.6149893e-11 -1.9921455e-11
    48 :  3.4591386e-15  1.3186905e-13 -4.7185345e-14
    49 :  4.1267235e-04  2.6623902e-02  2.6470648e-02
    50 :  1.7184495e-02  8.8536151e-03  5.6138385e-03
    51 : -2.8260094e-04  3.0781572e-03 -7.4278522e-03
    52 :  2.2950538e-02  1.9799107e-02  2.0556981e-02
    53 :  7.9070495e-13 -1.7594787e-13 -3.1798962e-13
    54 : -4.3852804e-03 -4.0956930e-03  4.7511933e-03
    55 : -8.7386741e-03 -5.1175906e-03  3.7862395e-03
    56 : -6.8315550e-04  1.5705834e-02  6.4526924e-03
    57 :  9.7932738e-03  7.5868355e-03 -6.6875671e-02
    58 : -8.8123358e-03 -3.4717420e-01  3.3724796e-01
    59 :  5.4559382e-03  5.0777475e-03  2.3023833e-02
    60 : -1.7426346e-02 -1.8929191e-02 -1.6212120e-02
    61 : -6.6492181e-03  1.4649144e-02  3.7387843e-03
    62 : -2.1365132e-04 -1.3281393e-03 -2.2909466e-03
    63 :  1.5223700e-02  1.6221496e-02 -3.5975368e-03
    64 : -1.2240109e-02  2.0919431e-02  1.1889232e-02
    65 :  4.5126263e-04 -5.0495271e-04  5.1737693e-04
    66 :  1.9466941e-04 -3.6687766e-04  1.1848526e-04
    67 : -1.6132777e-13 -4.7082526e-13  9.9255345e-14
    68 : -6.1373825e-14  3.1921094e-13 -1.0537418e-13
    69 :  5.2736164e-15 -3.2464451e-13 -2.6651240e-13
    70 :  4.8962621e-06  6.6619378e-06 -5.0802146e-06
    71 : -1.0149994e-03  1.0741033e-03  5.9969488e-03
    72 :  2.6710111e-15 -8.6278589e-15  1.8709544e-15
    73 : -2.7909874e-02  5.2585210e-03  2.7982083e-03
    74 :  3.9418920e-09  2.9302978e-08 -1.4684269e-08
    75 : -8.7240465e-10  4.9775378e-11  1.0475567e-09
    76 :  1.1210653e-15 -3.3972462e-15  1.2467091e-15
    77 :  2.9090777e-10  5.5192155e-10 -1.7101011e-10
    78 : -3.2957291e-12  1.4540277e-11 -3.4119908e-12
    79 :  8.4189266e-08 -7.1783869e-09  5.7841595e-08
    80 : -4.1994603e-21 -9.6534658e-21  7.9137758e-21
    81 : -3.2979166e-11  3.5595670e-11  1.1964222e-12
    82 :  2.1742709e-02  2.3675701e-01 -1.8139666e-01
    83 :  5.2625644e-18 -1.2908650e-17 -1.0951167e-17
    84 :  1.9475471e-16 -8.6145878e-16  3.3510778e-16
    85 :  2.9285648e-02  9.3038343e-02 -3.0777831e-02
    86 :  6.1098661e-10 -3.4906364e-09  1.0640464e-08
    87 :  4.0776367e-08 -2.0023175e-08 -4.4056724e-08
    88 : -2.9084628e-03 -3.5792478e-03  1.8733767e-03
    89 : -1.5355749e-03  1.2043517e-02  3.5215106e-03
    90 :  1.1048975e-14  2.0867345e-14 -1.3954870e-14
    91 :  1.2729184e-02 -1.2872821e-03  1.0069340e-03
    92 : -2.0037598e-05 -2.7497727e-05  2.4151987e-05
    93 :  1.0928392e-19  4.2655178e-21 -8.3291355e-20
    94 :  8.2262698e-08 -1.0720982e-07 -4.4848292e-08
    95 :  1.8071397e-13 -6.6546912e-14 -3.1729566e-14
    96 : -3.3826222e-05 -1.1879411e-04  1.4136765e-04
    97 :  2.6029168e-05 -1.8707246e-05 -6.7430116e-05
    98 :  3.6919081e-02  1.7082504e-02  1.3675185e-02
    99 : -9.7450856e-13 -9.0024154e-12  3.0743601e-12
   100 : -2.9343171e-13  1.8541396e-12  4.3774833e-13
   101 : -4.8084324e-04  4.1287924e-04  2.1031168e-04
   102 : -6.7998178e-03 -1.3032139e-02  7.5202699e-04
   103 :  7.1768355e-18 -3.1534541e-18 -1.4082107e-17
   104 :  1.9433566e-06  9.7782788e-07 -1.0499616e-06
   105 :  3.9509139e-02  3.3543839e-02  2.8790651e-02
   106 :  2.4653685e-04  2.7403117e-04 -2.3585079e-03
   107 : -2.5875799e-03  1.1914793e-02 -5.3453946e-03
   108 :  2.2894890e-02  2.1572842e-02  1.4617520e-02
   109 :  2.0718103e-02  3.2527791e-03 -1.4194352e-02
   110 : -3.1291484e-02  8.1596137e-03 -8.8185196e-03
   111 : -2.5560176e-03 -1.0754823e-03 -1.5544808e-03
   112 : -1.4732153e-11  4.6024071e-11  1.3976764e-11
   113 : -1.0019769e-03  1.2321328e-02  4.8573937e-03
   114 :  1.8579050e-04  9.2445792e-05 -1.0819552e-04
   115 : -2.9369690e-02 -9.9094456e-02  3.9594938e-02
   116 :  1.9712993e-02 -3.1424738e-02  7.1847284e-02
   117 :  1.2476435e-02  1.3118208e-02 -4.2041551e-04
   118 :  2.2400503e-02  4.3736952e-02  2.1639045e-02
   119 :  1.9578980e-14  6.1406991e-14 -2.7632613e-13
   120 : -2.2981277e-05  1.1471971e-05 -9.7816586e-06
   121 :  1.1547979e-10 -6.5638486e-10 -1.8889330e-11
   122 :  1.2165881e-03 -6.3627574e-02  4.6100537e-02
   123 : -5.3671979e-17  8.5796538e-17  4.2244619e-17
   124 :  4.7880998e-13 -1.1485141e-12  2.7588328e-13
   125 :  1.8688218e-21 -5.8156653e-21  1.8198246e-21
   126 : -9.8829529e-10  1.8514104e-09  1.1344566e-08
   127 :  2.1643523e-09 -5.6798207e-09 -1.8860378e-09
   128 :  4.6732811e-02  1.4443502e-02 -9.0175343e-03
   129 :  1.4428685e-07 -2.1011973e-08 -5.6429117e-07
   130 : -7.5287892e-03  3.0756667e-03 -4.5777729e-03
   131 : -2.8660059e-02  8.6821790e-03 -1.7902227e-02
   132 : -9.7811601e-03 -1.3186384e-02 -7.6126699e-03
   133 :  1.6738250e-02  1.7497627e-03  1.5702231e-02
   134 : -9.7352544e-03  2.5992895e-02  2.1092852e-02
   135 : -1.7897758e-02  2.4710467e-02  3.4122497e-02
   136 : -2.0285834e-03 -2.7559210e-03  8.9502572e-04
   137 :  5.2361464e-03  2.7817928e-02  3.0147261e-02
   138 :  4.0582597e-03  6.2423059e-04  8.1122020e-03
   139 : -5.7519389e-03  1.6147683e-02 -6.6681507e-03
   140 :  7.5722508e-12  4.8807517e-11 -1.6722237e-11
   141 :  7.0446164e-11 -1.2450538e-10  5.8956647e-11
   142 :  1.9860993e-02  5.1295127e-04  3.0247809e-02
   143 :  1.0990051e-13 -3.4420300e-13  6.8596584e-14
   144 : -7.9643066e-04 -4.3188119e-04  8.5986990e-04
   145 :  5.4209262e-05  7.4365121e-04 -3.1152872e-04
   146 : -1.8665212e-06  1.8886580e-06  2.8207374e-06
   147 :  5.9181738e-14 -2.5186887e-15 -2.3005986e-14
   148 : -1.7126951e-06  4.5809269e-06 -1.5534824e-06
   149 :  8.6588927e-03  9.4580879e-04  9.4992565e-04
   150 :  1.8910684e-04  2.8012523e-04  2.1964950e-04
   151 :  8.2237629e-11 -7.8109223e-10 -3.9924036e-10
   152 : -1.9559275e-08 -6.7936415e-08 -3.1519981e-08
   153 :  6.5716074e-02  6.9482677e-03 -3.4094832e-03
   154 : -4.0216105e-20 -3.6968530e-20  2.8246167e-20
   155 :  3.5940428e-14 -1.4285454e-13  1.9579240e-14
   156 :  1.8148897e-15 -2.6671403e-15  8.4832314e-16
   157 :  1.6291228e-05 -2.1752371e-05 -2.5010880e-05
   158 :  1.3750337e-02 -2.4560001e-03  1.3706912e-02
   159 :  5.2914752e-04  4.0387843e-05 -5.5846085e-06
   160 :  1.2136929e-18 -6.9771714e-19 -2.6407371e-19
   161 :  7.9464335e-18 -2.1608575e-18 -4.5197034e-19
   162 : -1.2662445e-02 -4.2317211e-04  2.5796871e-03
   163 : -3.0254811e-02  2.8106866e-02 -1.0818712e-02
   164 : -3.2657099e-09  5.2119763e-09  2.6471820e-09
   165 :  1.0638247e-03 -3.6339674e-03 -1.9801395e-03
   166 : -2.0771395e-14  2.3779949e-14  4.9250306e-14
   167 : -2.4436805e-04 -3.1587991e-03  1.8608618e-03
   168 : -2.3512196e-02 -6.3601974e-02 -1.8889179e-02
   169 :  1.8775654e-02  3.7136944e-02  1.8515504e-02
   170 : -1.9287915e-13  2.2152601e-14  2.5713629e-13
   171 : -1.8091153e-13 -4.0849413e-13  1.0176166e-12
   172 : -2.4936488e-03 -2.2646080e-02 -1.9569137e-02
   173 :  3.1061446e-02  3.1648679e-02 -1.6525249e-03
   174 : -4.7860402e-03  1.3121445e-02 -6.8536845e-04
   175 : -2.1891994e-06  2.6624844e-07  8.7109850e-07
   176 :  3.1311440e-12 -4.3405960e-12 -7.4664758e-12
   177 :  9.8562966e-05 -1.7183419e-03 -2.6278220e-03
   178 :  3.5802639e-02  4.5667505e-01 -3.9832519e-01
   179 : -1.9962343e-03  2.0871716e-03  2.7809585e-02
   180 : -1.1743296e-14 -6.3486796e-15  2.6140176e-14
   181 : -8.9927157e-03 -2.9974530e-02 -1.2441497e-02
   182 : -1.1729867e-07  4.4642635e-08 -5.6478629e-08
   183 : -1.4466555e-02 -3.8285866e-02  2.8714739e-03
   184 :  8.9260858e-19 -7.9924001e-18  4.7261010e-18
   185 : -8.1219040e-09 -6.8640868e-09  3.9222384e-09
   186 : -4.6521128e-05  2.6947425e-05 -3.6941372e-05
   187 : -4.4864624e-03  3.1860895e-02  2.2612719e-02
   188 :  1.9519357e-02  2.2621217e-01 -1.6333089e-01
   189 :  5.3770507e-02 -1.4204345e-02  6.2191652e-03
   190 : -3.8402130e-04 -1.0360235e-03  5.8509780e-04
   191 : -1.1425195e-16  1.0778433e-16  1.7810792e-16
   192 : -4.0766926e-02 -6.5161403e-04  6.5380806e-03
   193 : -1.3586116e-02  5.3935723e-03 -1.8919972e-02
   194 :  3.0719206e-02  1.8759934e-01 -1.1754745e-01
   195 :  2.4096281e-05  6.9794713e-07 -1.3147770e-05
   196 :  9.3300523e-15 -1.1269823e-14 -1.5262365e-14
   197 : -4.0203908e-15  5.1776031e-15 -3.9877151e-15
   198 :  1.8726404e-04 -5.6587506e-05  2.3288674e-05
   199 :  1.2380529e-02 -4.7690907e-02 -3.3603396e-03
   200 :  7.1178672e-14  1.4857311e-13 -2.9860797e-13
   201 : -4.9518756e-02 -1.9419625e-02 -7.5395988e-03
   202 : -2.5223137e-05  4.2952411e-05  1.4577015e-04
   203 :  4.1457906e-16  1.3534263e-16 -2.8085818e-16
   204 : -1.2389621e-06  6.5289802e-05 -5.2299781e-05
   205 :  8.8991079e-03  3.9924807e-02 -2.2486864e-02
   206 : -5.6949715e-17  6.7367397e-17  8.7600278e-18
   207 :  5.6160307e-14 -1.9863063e-14  3.5614191e-14
   208 :  6.5558407e-10  1.5880823e-09 -2.7371884e-09
   209 : -7.6429375e-02  8.3990219e-02  5.7020153e-02
   210 : -7.4867422e-05  1.1715344e-04  6.0050158e-05
   211 :  7.2422300e-16  6.8277597e-18  3.8837913e-17
   212 :  2.0459991e-02  2.9183738e-02 -2.1012405e-03
   213 :  8.3856326e-14  6.3439943e-15 -2.9874143e-13
   214 :  8.3913234e-03  9.9634836e-03  1.4033077e-03
   215 : -4.6918364e-03  4.6186501e-02  3.3391442e-02
   216 : -1.1282870e-02  2.4761536e-02  2.5633814e-02
   217 :  1.4062925e-19  1.2570228e-20 -8.1799636e-20
   218 : -2.4424570e-10  4.6039921e-10  1.7621087e-10
   219 :  2.3161036e-02 -1.5197084e-02 -3.6125680e-02
   220 :  9.5182557e-09  2.9603857e-09  3.3494817e-09
   221 :  2.3162093e-12 -1.6731557e-12 -5.0137663e-12
   222 :  1.3465385e-02  1.6047933e-02  7.2190773e-03
   223 :  9.6758748e-03  1.4227296e-02  4.5110421e-03
   224 : -1.7458160e-04  2.4341224e-04  3.0685084e-04
   225 : -2.1071462e-08 -3.5590560e-09  5.6742504e-08
   226 : -9.1098663e-13  2.0785902e-12  1.0443716e-12
   227 : -8.6179032e-06  1.7285532e-06  3.5673873e-06
   228 : -2.2195477e-04 -1.6192153e-03 -2.6353940e-03
   229 : -6.0720746e-07  2.3979470e-07 -1.2858746e-08
   230 : -8.0021542e-13 -9.4981968e-13  5.9451247e-13
   231 :  3.0975446e-13 -9.2818219e-13  2.0407514e-13
   232 :  1.6511508e-21 -1.3779762e-20  1.5078537e-20
   233 :  1.0315453e-12 -5.3446567e-13 -2.6263390e-12
   234 : -1.4519564e-02 -7.0611865e-03 -3.3716906e-03
   235 : -9.2848904e-02  1.0128178e-02  8.6069073e-02
   236 : -4.6889904e-12  6.8931470e-12  1.4444941e-12
   237 : -6.0462577e-10  8.7477570e-10 -3.1764266e-09
   238 : -7.9453154e-17 -8.0810006e-18  3.9056985e-17
   239 : -1.8792587e-12  1.0785325e-12 -2.1526069e-12
   240 :  2.7630436e-15 -3.0151664e-15 -5.2585864e-15
   241 : -2.0013149e-02 -1.6659274e-02  2.8830148e-03
   242 :  5.0273021e-02  3.1174114e-02  2.9188553e-03
   243 : -2.5922385e-02 -1.2087933e-02 -2.3264004e-02
   244 : -3.1499880e-03 -2.6772156e-03  3.1010223e-03
   245 : -3.5074707e-12 -5.0989899e-11  4.1485465e-11
   246 : -3.4464822e-03 -1.3500675e-03  1.6799376e-03
   247 : -5.8598586e-03  5.8648805e-03 -5.3549517e-03
   248 :  1.1688727e-19  5.8215423e-19 -7.1258798e-19
   249 :  1.0912282e-08  1.2706850e-08 -1.9294754e-08
   250 : -4.7960713e-03  2.8892459e-02  2.8854076e-02
   251 : -4.6510476e-04 -7.9599707e-04 -1.6524912e-03
   252 :  1.8306872e-12  3.1915789e-12 -3.2038073e-13
   253 : -3.2359771e-15  2.0842119e-15 -2.9877093e-15
   254 : -2.3189804e-02 -2.7743281e-02 -2.5290931e-02
   255 : -3.7685645e-05  7.5377414e-07  1.3491301e-05
   256 :  2.6758287e-02  2.8186436e-02  5.6012824e-03
   257 :  8.6624672e-03 -9.0657579e-03  9.6168603e-03
   258 :  8.7474003e-06  3.0939677e-06 -4.2217977e-06
   259 : -5.2840822e-10  1.7376033e-10 -7.9451021e-10
   260 :  1.1777259e-02  2.5426934e-02  2.1651929e-02
   261 :  2.2121161e-04  2.0824802e-04 -1.0107757e-03
   262 : -2.9898554e-11  4.0571114e-12  4.1669754e-11
   263 : -3.8718433e-13  2.7967636e-14  2.9733967e-14
   264 : -3.3973531e-05  1.9998570e-05 -4.8487432e-05
   265 : -6.4456078e-03  2.7905329e-02 -1.2305826e-02
   266 :  1.1627818e-07 -3.0818573e-08  3.2058418e-08
   267 : -4.4451648e-07  6.4492912e-07 -2.0298163e-07
   268 :  6.8473202e-15  7.3663888e-15 -2.8631986e-14
   269 :  3.2040748e-03 -1.1844494e-02  1.2414763e-02
   270 : -6.3180565e-07  7.9838144e-07  2.3785034e-06
   271 : -1.7727253e-02  2.1929490e-02 -2.1512639e-02
   272 :  6.4713332e-07 -2.9990947e-07  3.7896856e-08
   273 :  4.5750841e-13  4.3345187e-13 -1.3820156e-12
   274 :  9.8522718e-03  5.9897447e-03 -9.9770500e-03
   275 :  5.8907330e-11 -1.9310923e-10  2.3203061e-10
   276 : -2.3005745e-02  1.2565626e-02 -1.3653993e-02
   277 :  1.7874730e-12 -2.8731523e-12 -5.0132321e-12
   278 : -6.5960800e-04  6.7753146e-03  2.8109654e-02
   279 : -8.6119884e-04  4.0587393e-04  2.3799479e-04
   280 :  3.5326467e-02  2.1435644e-02  1.1882046e-02
   281 : -5.0693287e-05 -3.0568750e-05  1.0453342e-05
   282 :  1.5631314e-07 -1.8386170e-07 -3.6345708e-07
   283 :  2.5116022e-10 -5.5431606e-10  3.9558933e-10
   284 :  6.2883911e-13  9.5887967e-13 -4.4003940e-11
   285 : -1.9109911e-02 -8.2179428e-03 -5.2985202e-03
   286 :  2.3810133e-02  9.4942111e-03  2.1252337e-02
   287 :  2.8076056e-02  2.2170407e-02  1.8103114e-03
   288 :  1.1482833e-02  8.5713436e-04  1.2038555e-02
   289 : -3.6020501e-04  7.6045914e-04 -5.6663878e-04
   290 : -1.1064037e-02  1.9428663e-03 -8.6839856e-03
   291 :  3.5307270e-04 -6.1118300e-04  1.1298343e-04
   292 :  1.8773538e-03  1.2756449e-03 -8.8967984e-03
   293 : -2.0221091e-09  2.3385433e-09  1.6898501e-09
   294 :  2.3236167e-02  2.2932727e-02  1.1616252e-02
   295 :  5.3583855e-16  5.9141706e-16 -1.7973414e-16
   296 : -1.5588035e-03 -4.4363202e-03  1.5696859e-02
   297 : -5.7179143e-06  2.7551232e-04  4.0119145e-04
   298 :  6.3219743e-05  7.1046430e-04 -1.7696164e-04
   299 : -6.5110698e-17 -1.5644106e-17  9.7734273e-17
   300 : -2.0602329e-02 -3.0383324e-02 -1.1508853e-02
   301 : -4.0777165e-04 -1.2975850e-03  4.0380546e-04
   302 : -3.2845110e-03 -2.5799863e-02  1.2037262e-02
   303 :  1.7239517e-02  7.4617015e-04 -9.0966759e-03
   304 :  3.5033256e-03 -5.0867674e-03  2.3747037e-02
   305 : -1.4907504e-05  6.4129135e-06  4.0198231e-06
   306 :  6.6783224e-04  8.2345434e-03 -8.3207701e-03
   307 :  1.9479824e-02  2.0977523e-02  3.0362225e-02
   308 : -5.2178323e-05 -2.4739264e-05  1.4097308e-04
   309 :  9.9092114e-17 -2.3009408e-15  1.0454222e-15
   310 :  1.8270035e-03 -2.7249443e-03 -4.4621022e-03
   311 :  2.4126831e-02  2.2477908e-02  2.5316018e-02
   312 : -7.3431385e-15  2.2805868e-14  4.5514488e-16
   313 :  1.6300240e-09 -6.9733544e-09  2.1913410e-09
   314 : -6.3236994e-17 -1.1918996e-16  3.5856224e-16
   315 : -2.2744739e-12 -2.5605970e-11  1.4106205e-11
   316 :  2.0911076e-02  9.1249309e-03 -5.3536378e-03
   317 :  3.1699245e-17 -2.8676341e-17 -4.7140889e-17
   318 :  5.6366098e-03  2.3828577e-03 -4.3834127e-03
   319 :  2.2890475e-02 -3.6573963e-02 -2.8150317e-02
   320 :  1.9786929e-03  4.3587361e-02  3.3044891e-02
   321 : -1.0279127e-02  9.9707786e-03  1.8901367e-02
   322 : -3.7377676e-17  9.0974414e-17 -1.5811249e-17
   323 : -2.8490875e-17  4.1541282e-17 -8.8973472e-18
   324 : -9.9532953e-11  1.9415561e-10 -3.5827512e-11
   325 : -2.4121849e-09  3.0539091e-10 -2.2661487e-09
   326 :  6.7014615e-02 -5.1202847e-02  1.4002043e-02
   327 :  2.5499058e-02  2.7670977e-01 -2.1046240e-01
   328 : -1.9948070e-02  2.2131762e-03  4.0356761e-03
   329 : -7.4189479e-13  2.4102356e-10 -1.1786041e-10
   330 : -1.2898577e-18  1.7466398e-18  1.4650262e-18
   331 : -2.1150963e-06  4.6459504e-06  6.3574418e-06
   332 :  6.4943967e-03  9.5129259e-03 -9.4346248e-03
   333 : -8.2359724e-10  1.2309942e-10 -5.9666649e-10
   334 : -2.4106949e-02 -5.1346280e-02 -4.0693967e-02
   335 :  2.9602677e-03 -2.4653745e-02  2.6906383e-02
   336 : -1.1562768e-02  5.0302712e-02  5.3017303e-02
   337 : -5.5449777e-15  2.1188082e-14 -1.0245831e-14
   338 : -1.1081425e-02  9.8791897e-03  2.7968411e-02
   339 : -1.7877971e-11  4.8472975e-11  8.8509670e-11
   340 :  6.0216025e-03  6.4322452e-03 -5.8450862e-03
   341 : -3.9133422e-15  1.1045532e-15  1.1182501e-15
   342 :  4.0148646e-12 -6.0641249e-12 -5.1982238e-13
   343 :  1.2691929e-04 -8.2914667e-05 -2.3764571e-05
   344 :  7.1416116e-03  8.4721528e-03  3.4609081e-03
   345 :  1.8873428e-03  4.2236664e-03  1.2601424e-02
   346 : -1.5835114e-11 -8.1597291e-12  1.2956197e-11
   347 : -1.8799363e-02  2.4983523e-02 -2.5228899e-02
   348 : -9.9786757e-05  3.7847920e-05 -1.2300212e-05
   349 : -1.9755935e-05  1.2679346e-05 -7.7599405e-06
   350 : -2.9924713e-02 -1.9643113e-02 -2.7040551e-02
   351 : -7.3159120e-10 -3.3389149e-09 -2.7179043e-10
   352 : -2.0192728e-02  2.2488274e-02 -1.6630694e-02
   353 :  4.9229181e-03  2.9062603e-02 -6.0245213e-04
   354 :  1.1397659e-02  8.4802223e-03  1.4207331e-02
   355 :  1.8803121e-02 -4.1751127e-05  9.1657662e-03
   356 : -8.4572326e-15 -7.4409963e-15  3.1496504e-14
   357 : -2.8843773e-02 -4.3078398e-02  3.2083968e-02
   358 :  7.3705710e-06 -6.7560687e-06 -8.0929053e-06
   359 :  4.4915732e-21 -7.1315679e-21  1.0259094e-21
   360 : -3.0072987e-02 -1.2202844e-02 -2.8985052e-02
   361 : -9.8634621e-09 -4.9402180e-10  7.2317119e-09
   362 : -1.9488605e-05 -7.0300172e-06 -1.2524162e-05
   363 : -1.1404634e-06 -3.9434144e-07  1.0013390e-06
   364 :  5.8860814e-08  3.0767406e-08 -4.4551969e-08
   365 : -2.0168529e-04 -1.9587667e-04 -1.3509147e-04
   366 : -1.0914770e-14 -5.6062069e-14  1.0373850e-13
   367 : -5.6377700e-04  5.4245800e-04 -3.5425960e-03
   368 : -1.0444033e-02  7.2796589e-03 -9.9560896e-04
   369 : -1.0831553e-05 -3.9188339e-05 -2.8023787e-05
   370 :  6.0732969e-06 -1.1920768e-05 -5.3862206e-06
   371 :  3.2216425e-15 -2.7422131e-14  4.1370523e-14
   372 : -2.2378864e-04  5.2616023e-04  2.1712437e-05
   373 :  2.2057466e-03 -2.3528938e-04  2.8557646e-02
   374 : -2.0881205e-02 -1.3966576e-02 -6.8096017e-03
   375 : -3.6319359e-10 -4.3995811e-10 -4.5279089e-10
   376 :  6.2218778e-16  5.8831847e-15 -8.3487532e-15
   377 :  3.6886995e-04  2.8386569e-04 -6.9647575e-05
   378 : -1.2014019e-05  4.6240439e-05 -2.2898437e-05
   379 :  1.0760272e-19 -6.4695743e-19  1.5706211e-19
   380 : -2.1333937e-03 -7.0027963e-05  1.7032588e-02
   381 : -1.8959898e-06  3.3813315e-06 -4.0637505e-08
   382 : -2.4876803e-09  2.3917777e-08 -9.8117078e-09
   383 : -3.4226638e-02 -4.2913264e-03 -4.2811348e-02
   384 :  6.6904465e-10  5.4070374e-09  2.5058882e-09
   385 :  3.0508486e-03  2.9719570e-02  6.1093116e-03
   386 :  1.9708208e-02 -6.4515654e-03  4.5639802e-03
   387 : -4.7424614e-10  4.2636936e-10  8.2437102e-10
   388 : -1.5629271e-03  3.3798598e-03 -1.8893679e-02
   389 : -7.0572489e-07  9.8037373e-07  7.2182259e-07
   390 : -6.9776494e-03 -1.3803632e-02  3.5124880e-03
   391 :  2.8226596e-06 -1.0125576e-06  1.2023733e-07
   392 : -2.6164329e-02 -2.9970922e-02 -3.5243679e-02
   393 : -3.1647514e-02 -6.8723291e-03  5.2690187e-03
   394 : -2.8548992e-08  6.3928291e-08  7.6810804e-08
   395 :  3.3157645e-04 -9.5109391e-05  2.5285143e-04
   396 : -4.9962746e-18  1.1162706e-17 -2.2332346e-17
   397 : -3.0888649e-02 -2.6031057e-03 -3.6831838e-02
   398 : -1.8773596e-03  1.0099258e-04 -3.1241920e-03
   399 :  5.0118903e-03  1.2026344e-02 -3.9015360e-02
   400 : -1.6454379e-03 -2.6507448e-03 -5.1163343e-05
   401 :  2.2495439e-02  1.2524011e-02  1.1792625e-02
   402 : -4.3619481e-08 -2.7324288e-08 -2.4243723e-08
   403 :  3.1262877e-07 -7.9099927e-07 -6.1352767e-07
   404 :  5.4187708e-15 -7.6645450e-15 -4.8091204e-15
   405 : -8.0180022e-06  3.2545569e-04  4.9812138e-04
   406 : -2.9395957e-02 -1.8922719e-02 -1.0900406e-02
   407 : -1.4004950e-03 -2.0890503e-02 -1.6852952e-02
   408 :  3.3427255e-03  2.1046806e-03 -1.7597230e-02
   409 : -2.9779897e-03 -1.5611168e-03  9.3961511e-04
   410 :  1.9213187e-02  2.4332123e-02  1.6583071e-02
   411 :  4.1200110e-04 -2.3633137e-03 -1.6224424e-03
   412 :  5.6364710e-03  8.6510893e-04 -2.3748679e-03
   413 :  8.0748459e-16  7.3161110e-16 -2.5982252e-15
   414 : -7.6171170e-05  3.6119908e-03  5.7951244e-03
   415 : -4.1111757e-04 -3.1927932e-03 -1.7210745e-03
   416 : -9.9602480e-11  1.4026582e-11  9.3071849e-11
   417 : -2.6233507e-03 -7.7692168e-03 -7.8449665e-03
   418 :  9.1363843e-03  9.1627975e-03  1.1436940e-02
   419 :  5.5836296e-15 -3.4481282e-14  2.8427337e-14
   420 : -9.7067905e-14  7.2598066e-14  2.0098260e-13
   421 : -3.4484553e-11  2.3447171e-10 -1.6963597e-10
   422 : -4.4127662e-05  2.1676085e-06 -7.5280533e-05
   423 : -6.2185644e-03  3.0059158e-02  1.8904272e-03
   424 :  7.4030821e-08  6.4064004e-10 -2.0382617e-08
   425 : -5.4932372e-10  4.4880662e-10 -1.3351660e-10
   426 :  6.5583901e-07  4.7723573e-07 -4.9019150e-07
   427 :  2.9755657e-06  1.7245975e-06 -8.3238412e-06
   428 :  5.5039568e-08 -2.0435689e-08  3.3759666e-08
   429 :  2.4977656e-02  3.1421508e-02  1.6816783e-04
   430 :  9.4059722e-03  1.0582352e-02  4.8699269e-04
   431 :  6.1229258e-04 -2.1389783e-04 -8.2353562e-05
   432 :  2.3719771e-05 -7.7264693e-05  4.2387933e-05
   433 :  2.9636148e-16 -1.5540538e-16 -2.6179047e-16
   434 :  1.9794412e-02  1.0067250e-02  1.7517053e-02
   435 : -2.3036031e-03  1.2579773e-03 -8.7621425e-04
   436 : -1.4893172e-09  1.8611206e-09  2.1945511e-09
   437 : -3.7040575e-02  5.9685729e-02 -3.7017103e-02
   438 : -1.9547246e-02  4.4784024e-03 -1.1311892e-02
   439 : -1.9782132e-02 -2.1447745e-02 -2.1811994e-02
   440 : -1.0098642e-11  3.2478857e-11 -1.0170478e-11
   441 :  5.8881237e-16  3.6644913e-16 -1.3395230e-15
   442 : -1.7061300e-03 -2.6801055e-03  4.2002753e-03
   443 :  1.9151136e-04  3.7961893e-05  5.1658600e-04
   444 : -2.9454153e-03 -2.5376537e-03 -3.8709008e-05
   445 :  6.8535412e-05  1.0909421e-05  4.7127729e-06
   446 : -1.6051217e-02 -2.0119356e-02 -1.4652797e-02
   447 : -1.5929938e-05  6.9671167e-06 -2.1641194e-05
   448 :  1.7487789e-02  1.7235417e-02  2.1074135e-02
   449 :  6.3199739e-16 -2.1325380e-15 -1.8008073e-15
   450 : -1.4920882e-16  1.1720217e-16  3.0839491e-16
   451 : -1.2069975e-02  3.1090078e-03  6.1651742e-03
   452 :  1.3569358e-02  1.0288354e-02  2.1658547e-03
   453 : -1.6241452e-02 -2.8059948e-02 -2.6978330e-02
   454 :  2.6363801e-03 -7.9323537e-03  1.2004424e-02
   455 : -6.8578543e-07  1.9762656e-07 -2.2451602e-08
   456 :  2.1952902e-02 -7.3279261e-04  1.8319807e-02
   457 : -3.6356624e-17 -6.1352982e-16  7.4711539e-16
   458 :  6.2567370e-07 -9.9628520e-07  2.0622291e-06
   459 : -6.1981234e-03  1.3135489e-03  1.5105871e-02
   460 :  2.3810779e-02  1.3191393e-02  2.1915880e-02
   461 :  9.5269429e-06 -1.5576379e-05 -2.2189995e-05
   462 :  8.3894509e-04 -1.9575538e-03 -4.8127768e-04
   463 : -1.7963928e-11 -4.0000527e-12  6.5748882e-11
   464 : -2.0263045e-02 -5.1612114e-02  8.4453430e-03
   465 : -2.1666139e-03 -3.5811686e-05 -1.7774427e-03
   466 : -2.2252775e-03 -8.7422844e-03 -2.2027551e-02
   467 : -1.7410881e-11  7.3102175e-12  1.5473517e-11
   468 :  8.5858286e-10 -6.2977888e-10  3.2924622e-11
   469 :  4.2661708e-18  1.5151496e-18 -3.6932820e-18
   470 : -1.3008219e-16  1.8200300e-16  3.2896786e-17
   471 :  3.3377037e-08 -4.5108963e-09 -1.3668654e-08
   472 : -8.4769879e-11  1.9867195e-10  2.0875140e-11
   473 : -1.2636013e-03 -2.6527284e-03 -6.0919641e-03
   474 : -1.1928707e-14 -1.3999461e-13  1.2631148e-13
   475 :  2.9176675e-08  1.6602232e-08 -1.9205092e-09
   476 :  3.5151548e-08 -1.2443374e-08 -1.0779778e-10
   477 : -1.1662379e-17 -2.6443344e-18  1.6746573e-17
   478 :  2.7628739e-02  2.0768818e-02  3.4308814e-02
   479 : -1.0368115e-18  2.5271410e-18 -3.9961399e-19
   480 :  1.6113727e-02  1.1726239e-02  7.8623248e-03
   481 : -5.3933742e-08 -1.0401718e-07  2.4563272e-07
   482 : -1.1089647e-12  6.7611028e-12 -2.4752041e-12
   483 : -2.6016108e-03 -2.0723188e-03 -1.0603034e-02
   484 :  2.2994329e-02  3.2939403e-03  1.0001956e-03
   485 :  2.2147339e-03 -3.8090435e-03 -8.8925617e-03
   486 :  1.3511541e-02  1.7296732e-02  1.2106722e-02
   487 : -8.1101734e-03 -1.2985350e-02  3.1360309e-02
   488 : -2.5582387e-02 -1.2652984e-02 -1.2328658e-02
   489 : -1.6303299e-13 -7.8197057e-14  4.3386347e-13
   490 : -4.8324819e-12 -2.6360777e-12  3.6646147e-12
   491 : -8.0087617e-14  7.9936297e-15  3.2760117e-13
   492 :  4.0002252e-02  2.8882599e-02  1.5562199e-02
   493 :  3.8277761e-03  8.2150839e-03  2.8316470e-03
   494 : -1.2342943e-02 -3.8976587e-03 -1.4115754e-02
   495 :  9.2561674e-05  2.2506811e-04  2.4630444e-04
   496 :  8.3328831e-10 -1.1184864e-09 -1.1178174e-09
   497 : -1.7383620e-15 -4.0861776e-15  1.9972402e-15
   498 :  4.2900038e-14 -1.6468614e-14  3.7803849e-14
   499 :  1.4408019e-02 -1.5117565e-02 -5.6926417e-03
   500 :  2.2332966e-17 -3.8196988e-17 -6.2029612e-17
   501 : -1.2471577e-18  3.8666868e-17 -3.5989525e-17
   502 :  2.0397753e-02 -2.1910858e-02  2.3044283e-02
   503 : -1.1197035e-03  3.5869283e-03 -1.7162652e-03
   504 :  2.2017171e-04 -2.6882393e-03 -6.4410372e-04
   505 :  2.1346474e-02  1.5971366e-02  1.0412422e-02
   506 : -1.7977044e-11  4.8541610e-11  6.8170659e-12
   507 :  2.7046487e-10  3.1893438e-10 -1.1670445e-09
   508 : -4.3271386e-11 -7.2897225e-10  1.6158325e-10
   509 :  1.0554374e-02  2.2805258e-02  1.0844848e-02
   510 :  1.1893206e-09 -2.7905015e-09  1.9212138e-09
   511 :  8.1555325e-07 -7.5810055e-06 -8.2711950e-06
   512 : -2.6013743e-08  1.2345514e-07 -4.6266802e-07
   513 :  9.4547714e-04  2.2455436e-04 -1.5306087e-03
   514 : -1.8710774e-03 -3.0485883e-03 -2.4552651e-03
   515 : -2.3327144e-03 -3.1765390e-02  1.4908084e-02
   516 :  3.6877371e-10  1.0416279e-09 -5.8367099e-10
   517 :  5.4811772e-03 -3.0398976e-02  4.1511614e-03
   518 :  1.4737190e-03  5.4438813e-04 -1.8362520e-03
   519 : -3.9869046e-05  7.8726273e-06  8.6667410e-05
   520 : -2.0855099e-06 -9.8458095e-05  3.1696043e-04
   521 : -3.3103401e-02 -1.7558223e-02 -1.8911996e-02
   522 :  1.4155654e-02  1.0635977e-02  1.6965180e-02
   523 : -1.5479196e-02 -3.5318354e-02 -1.0043178e-02
   524 :  3.6543131e-03  2.5300088e-03 -4.4374841e-03
   525 : -3.1273234e-03  2.1902049e-04 -1.7192385e-03
   526 : -3.3124370e-07 -1.2748986e-07  1.8948843e-07
   527 :  3.0179379e-14  1.5744180e-13 -2.5125601e-13
   528 :  2.7575068e-02  1.9479078e-02  4.9730297e-03
   529 :  2.5598924e-02  8.4946497e-03  7.4322461e-03
   530 : -1.0508056e-02  1.7392752e-02 -3.5039628e-03
   531 : -4.0483571e-03 -1.1404077e-02  9.5438821e-03
   532 :  3.6433048e-06 -3.1455440e-07 -1.2113466e-06
   533 :  1.1896301e-19 -6.3508062e-20  1.7350139e-20
   534 : -2.7577128e-20 -9.3757075e-20  2.0660147e-19
   535 :  1.5724559e-13  5.4940775e-13  6.3395287e-14
   536 : -6.6773445e-03 -2.0178048e-02 -2.0571318e-02
   537 : -1.3345704e-03 -2.5164568e-03 -2.1255875e-03
   538 :  2.3131515e-02  4.5880710e-03  2.7193772e-02
   539 :  2.5517042e-13 -1.0309064e-12  4.6339687e-13
   540 : -7.5581324e-12  3.2259563e-11 -7.9839812e-12
   541 :  4.2596775e-11 -1.9823002e-11 -7.0207562e-11
   542 : -1.8297462e-05  3.0724393e-04 -5.9844662e-05
   543 :  1.5384769e-14  6.9134955e-14 -5.1689333e-14
   544 :  2.6369858e-04 -7.6645531e-05  1.7071980e-04
   545 :  4.6804477e-09 -7.5297070e-09 -1.2356663e-08
   546 : -9.3376965e-03 -2.3041736e-02 -1.5469887e-03
   547 :  5.8475677e-12 -1.3492574e-11  1.6009992e-12
   548 : -2.0176203e-02 -2.8867969e-02 -2.6984449e-02
   549 : -2.7116453e-10  8.2275783e-11 -6.0977974e-10
   550 :  2.6190954e-02 -1.2263083e-02  2.8782180e-02
   551 : -2.5442869e-03  7.7229552e-03  4.4719755e-03
   552 : -8.7893984e-03 -1.7420715e-02 -7.2322020e-03
   553 : -1.2413236e-02  2.4656615e-02  3.3848811e-02
   554 :  1.0977568e-09 -8.5573232e-09  1.9053036e-09
   555 : -6.4069422e-05  1.8357068e-04  3.6364556e-05
   556 :  6.0215981e-10  7.8769210e-10 -4.6104862e-10
   557 :  2.8797026e-02  5.6117268e-04  1.6184778e-02
   558 :  6.5394235e-03  2.8647044e-02  2.7165349e-02
   559 : -1.2947956e-02 -3.4497088e-04 -1.8230898e-02
   560 : -1.8087519e-03  9.3145487e-03  3.1296944e-02
   561 : -2.4542548e-02 -6.0319857e-03 -1.5184131e-02
   562 :  3.0559223e-06 -9.1325081e-06  2.4198401e-06
   563 :  2.6449773e-16 -9.8325950e-17 -2.1316896e-17
   564 :  3.6530449e-03  7.6277069e-03  1.5613901e-02
   565 :  1.6670256e-02  5.3838500e-03  1.3579558e-02
   566 : -6.8959524e-11 -9.7884335e-11  2.0812437e-10
   567 : -1.4693305e-04  3.0533080e-04 -2.6115030e-06
   568 :  3.9975074e-04 -8.3057438e-03  1.9167744e-02
   569 :  1.5212692e-02  8.4131243e-03  4.2671284e-03
   570 :  3.1054265e-09 -1.0200397e-08 -6.7378126e-09
   571 : -5.1100024e-05 -7.4858840e-05 -4.9619230e-06
   572 : -1.6755187e-17  1.8680399e-16 -8.9923436e-17
   573 :  3.2599191e-02  2.3208918e-02  1.2753629e-02
   574 :  2.8088726e-02  2.1646183e-03  2.8084620e-02
   575 : -7.1331633e-03  1.0011528e-02  1.0838147e-02
   576 :  2.6125412e-03  1.7300545e-02  2.2525171e-02
   577 :  1.8821749e-02  1.0529171e-02  1.1219753e-02
   578 :  5.0497460e-19  6.2896173e-19 -3.7349920e-19
   579 : -2.4838228e-02 -2.5016547e-02 -1.4010894e-02
   580 : -6.8745495e-04 -4.5870947e-03 -2.2438092e-02
   581 : -1.5776456e-09  3.8202063e-09  1.7993489e-09
   582 :  1.8779259e-18 -2.3717992e-18  6.2798116e-19
   583 :  9.4287880e-08 -2.1643183e-07 -3.7258789e-09
   584 : -1.8297610e-15  3.3417132e-15  5.8781975e-16
   585 : -2.1323839e-02 -1.9020182e-02 -3.2717190e-02
   586 :  1.3810055e-11 -4.9581649e-11  1.6607361e-11
   587 :  1.1154784e-07 -2.2627906e-07 -9.6108876e-08
   588 :  1.8349103e-10 -1.7023803e-10 -2.2492882e-11
   589 : -9.9117026e-02 -2.1774104e-02  1.7534108e-02
   590 : -9.7814179e-04  9.7011257e-03 -2.3949104e-02
   591 :  1.1139794e-17 -1.7015586e-17 -5.0114796e-18
   592 : -8.2090489e-10 -2.2799631e-10  1.3626250e-09
   593 : -2.4243138e-05  3.5292484e-06 -1.3154035e-05
   594 :  8.8697476e-07  2.7120214e-06 -1.1476394e-06
   595 : -4.8499711e-03 -3.6758306e-03  4.4157642e-03
   596 :  3.4781770e-02  1.0816659e-02  8.2265341e-02
   597 : -9.0274405e-06  1.8783012e-05 -3.9681883e-05
   598 : -3.2727238e-07  1.3922582e-07 -1.3615317e-07
   599 : -3.6585560e-02  1.1403923e-02  7.6529579e-03
   600 : -4.4580728e-04 -1.8640782e-03 -2.7027155e-03
   601 : -2.8698083e-02 -5.5591987e-03 -1.3354021e-02
   602 : -7.0475013e-12 -3.7838932e-11  2.0531900e-11
   603 : -1.1624175e-13 -3.8288841e-13  2.6945837e-13
   604 :  6.3429152e-08 -6.5656972e-08  6.9044363e-08
   605 : -1.2645816e-06  8.7378864e-06  3.6900814e-06
   606 :  9.6929061e-03  1.7658094e-02  1.0213237e-02
   607 :  1.2154086e-04  3.6514793e-04  1.1715170e-04
   608 :  5.4338779e-11  8.3450676e-11 -5.1162578e-12
   609 :  7.9190353e-09 -7.5684990e-09  4.5617219e-09
   610 :  1.4708306e-13  4.4330381e-13 -1.0251432e-12
   611 : -2.9742267e-02 -2.5084019e-02 -1.2295729e-02
   612 :  6.1175605e-04 -9.0793324e-04  1.7395367e-04
   613 : -6.5013547e-05 -7.0806130e-05  1.9848761e-04
   614 :  7.5468034e-03 -1.5699713e-01  6.2082998e-02
   615 : -1.2598210e-04  1.7059859e-04  4.2770528e-04
   616 :  5.3608163e-15 -8.1780551e-15 -6.3724860e-15
   617 : -9.2794001e-07  1.5573784e-04  2.4371642e-05
   618 :  7.4235012e-07  1.2241336e-06 -9.8223910e-07
   619 :  4.0798471e-11 -5.1372431e-11 -3.1350161e-11
   620 :  3.1525579e-06 -2.0817811e-06  2.1908554e-07
   621 :  3.7905709e-04  4.4782269e-04  2.4820783e-04
   622 :  1.5569662e-02  1.1205856e-02  3.8090778e-03
   623 :  2.4696578e-03  2.9344567e-02  2.3561892e-02
   624 : -1.4323682e-03 -1.3308092e-03 -3.0014326e-04
   625 : -3.2355948e-04  1.7228820e-04  9.5787875e-05
   626 :  5.2633384e-19 -9.3621518e-19  7.4430393e-19
   627 :  1.4055278e-12 -3.7217299e-12  7.9198012e-13
   628 :  1.3845197e-07 -1.7469828e-07 -4.5689352e-08
   629 :  1.1458060e-02 -6.9268955e-03  5.5307961e-04
   630 :  1.4718590e-02 -2.0131752e-02 -5.9123665e-03
   631 : -3.7882350e-05  1.6574125e-04 -2.0901686e-05
   632 : -1.7001724e-14  3.0984414e-14  8.6766395e-16
   633 : -4.5802398e-03  8.1859115e-03  2.8980597e-02
   634 :  3.3242757e-04  9.9283412e-05 -2.2066403e-03
   635 : -3.1161789e-02 -1.0265530e-02 -1.1356941e-02
   636 :  5.9524491e-03  4.0413058e-03 -2.4137886e-03
   637 :  1.5251616e-02 -3.9851798e-03  1.3247841e-02
   638 :  2.0800823e-02 -6.9358828e-03 -7.9810548e-03
   639 : -3.2469065e-02 -3.5103822e-02 -1.8037412e-02
   640 :  8.4191267e-03  3.4606162e-03  9.7810388e-03
   641 : -8.8940735e-11  1.9818414e-10 -8.0608829e-12
   642 : -1.5287664e-02  1.8429470e-02  3.6587293e-02
   643 : -4.3657879e-03  1.1661936e-03 -6.1277619e-03
   644 :  5.5256368e-02  6.5196897e-02 -2.9642451e-02
   645 :  2.7245682e-03  2.2745118e-02  1.6416749e-02
   646 :  1.6270451e-04 -7.1486815e-06  2.9113971e-04
   647 : -4.6549578e-03 -1.7791901e-02  1.4669253e-02
   648 :  4.3416958e-04  9.3443314e-03 -2.0384114e-03
   649 : -2.1971172e-03  1.5148955e-02  4.5409793e-03
   650 :  1.3059860e-04 -6.3729456e-05 -3.8984287e-05
   651 :  3.7623249e-03 -1.3344622e-02 -4.1306402e-02
   652 : -6.4640167e-04 -3.2900173e-03 -1.6063421e-04
   653 : -2.4670678e-02 -1.6807781e-02  3.5612158e-02
   654 :  6.2109976e-08 -1.3930398e-08 -1.0475921e-08
   655 : -1.8838543e-03  1.0045869e-03 -2.8345458e-03
   656 :  1.5254843e-02  5.2829756e-03  1.4906397e-02
   657 : -4.5660363e-02  1.9165929e-03 -3.2892686e-02
   658 :  1.1479998e-02 -4.4823640e-03  1.1561442e-02
   659 :  2.0225813e-02  1.7988270e-02  1.6912361e-02
   660 :  1.7021856e-02  1.4796592e-02  2.6886986e-03
   661 : -2.6396566e-02  1.6167561e-02  6.7150473e-03
   662 : -1.1501395e-06 -6.2086721e-07  2.5706426e-06
   663 : -2.7883939e-02 -2.6611338e-02 -1.2345750e-02
   664 : -6.4972326e-03  1.2477699e-02 -1.4668555e-02
   665 :  5.4203523e-03 -1.9068378e-02 -1.4510313e-02
   666 :  4.1564509e-15 -3.8389954e-16 -5.8165612e-15
   667 :  4.5779854e-09 -1.8591972e-09  9.9296853e-10
   668 :  2.2388366e-04 -1.7653411e-03  6.9748641e-03
   669 :  2.1536640e-18 -8.0965542e-19 -2.4976460e-18
   670 : -2.6203295e-02 -2.1089428e-02  7.7310624e-03
   671 : -7.7413268e-03  7.4084036e-04  9.3152177e-03
   672 :  7.1791075e-03  2.8770299e-03  1.0041309e-02
   673 :  2.7953419e-06  3.9833998e-06 -2.5926324e-05
   674 : -2.4877719e-05  1.4818341e-05 -1.5044679e-06
   675 : -3.0499487e-05 -2.0033917e-05  5.6733394e-05
   676 :  1.5892797e-02  2.1836268e-02  3.9554683e-02
   677 :  2.3216359e-04  9.0764602e-05  1.5871462e-04
   678 :  4.1731558e-03  4.1647613e-03  7.8377277e-03
   679 :  3.2247747e-02  7.3294182e-03  3.8015059e-02
   680 :  2.0509246e-02  2.6973767e-02  1.5915724e-02
   681 : -2.6039812e-10 -1.4441393e-11  1.9429190e-10
   682 : -3.6680072e-11  2.1985925e-10 -1.0001380e-09
   683 :  1.3705427e-08 -1.5912761e-08 -7.4986759e-09
   684 : -2.8749631e-12  1.2131263e-11  1.3143088e-11
   685 :  3.5879967e-03  1.9391684e-02  1.5031283e-02
   686 :  9.4015138e-06  5.3043428e-05 -4.3266778e-05
   687 : -4.8478603e-11 -8.6364578e-14 -8.4220599e-11
   688 : -1.9324433e-06 -1.2307472e-05  1.9467036e-05
   689 : -1.0796057e-02 -2.8468321e-03  1.3307632e-02
   690 : -8.8302342e-04 -5.1188125e-05  4.8175776e-04
   691 :  2.3692782e-02  1.5691662e-02  1.9910394e-02
   692 : -9.7314346e-04 -6.3806710e-03  1.8779542e-02
   693 :  5.2504997e-18 -6.1667210e-18 -2.8560237e-18
   694 :  1.1168411e-12 -4.1787337e-12 -6.0069117e-13
   695 : -9.7116216e-04 -2.1785561e-02 -1.3034673e-02
   696 : -1.9584052e-02 -2.3753807e-03 -1.9460235e-02
   697 : -2.3051279e-03 -1.0044653e-03 -6.7734524e-04
   698 :  8.9029034e-04  2.6349069e-04  7.9788131e-03
   699 :  1.5418282e-06 -5.4215275e-07  2.7968255e-06
   700 : -1.5462570e-16 -2.1716619e-16  6.2479165e-16
   701 :  4.0987577e-15 -1.0900270e-14  3.2068334e-15
   702 : -2.7238989e-09 -2.4190174e-09 -7.7430639e-09
   703 :  1.6913648e-02  1.0729889e-02  1.2097115e-02
   704 : -5.6948271e-04 -5.8402126e-05 -3.2842210e-03
   705 :  1.6187301e-11  9.2278067e-11 -4.1927607e-11
   706 : -1.5257050e-01  1.4908709e-01  5.8450988e-02
   707 : -3.4664252e-03 -4.0409381e-02  4.0570860e-02
   708 :  3.2696477e-02  2.7159997e-02  3.5522929e-02
   709 :  2.5762441e-05  1.1784119e-04  2.4288031e-04
   710 :  5.5494686e-07 -1.1088472e-07 -4.6606234e-07
   711 : -1.2399041e-03  1.6564398e-04  4.5988611e-04
   712 : -8.3686806e-04  3.9786093e-03 -2.0813379e-03
   713 : -3.2791250e-03 -1.9010439e-03 -1.7820319e-03
   714 :  1.2424554e-02  3.1888899e-03  1.2511371e-02
   715 :  1.7635908e-02 -3.7475020e-03 -1.5477674e-04
   716 : -2.4956546e-12  5.7333030e-12 -1.2728501e-11
   717 :  5.8746269e-03 -1.0464323e-02  3.7065509e-03
   718 :  2.9355870e-03 -1.6728335e-03 -1.2910072e-03
   719 : -7.5387052e-03 -1.1686963e-02  7.5421529e-03
   720 :  1.1749106e-03  6.3821146e-03  7.5272365e-03
   721 :  6.5230088e-02  1.1310482e-03 -2.4408153e-02
   722 : -6.5028105e-11 -5.7162649e-10  2.0854965e-10
   723 :  3.1501186e-11  7.8640262e-10 -6.4366561e-10
   724 : -7.0414626e-10  3.4573709e-10 -1.2045546e-10
   725 : -1.7010650e-03  4.6543202e-03  8.4181497e-03
   726 : -1.0309673e-05 -1.5735664e-05  8.8901329e-06
   727 : -3.0745571e-03 -1.8592595e-03  8.9275752e-03
   728 :  6.5802068e-03 -9.5795225e-03 -1.0416040e-02
   729 :  3.6025937e-02  1.9320980e-02  4.4806510e-02
   730 : -1.5278717e-03 -2.2027902e-03 -2.1025674e-03
   731 : -8.5909346e-10  1.5186423e-09 -3.5559824e-10
   732 : -1.0754199e-07 -2.3928208e-07 -4.6695219e-08
   733 :  9.0550038e-03  1.1338554e-02  1.3176762e-04
   734 : -1.6819197e-02 -7.2730814e-01  8.5752597e-01
   735 :  3.1191413e-03  5.1261799e-02 -2.9555517e-02
   736 : -3.3278532e-02 -1.1000948e-02 -5.0360568e-03
   737 :  2.0032001e-05 -2.7180994e-05  1.9788301e-04
   738 :  5.4990039e-03 -2.3880175e-03  3.9501360e-03
   739 :  1.3584361e-02  1.1403352e-03  3.5169478e-03
   740 : -2.0871575e-03  1.9412147e-02  3.1567362e-03
   741 :  1.1548912e-02  1.7342787e-02  6.7805273e-03
   742 :  8.7373901e-04 -5.1859962e-04 -2.8121694e-03
   743 :  2.0007574e-02  1.1429019e-02  2.6831391e-02
   744 :  8.6203561e-03  4.4525424e-02  1.1690654e-02
   745 :  1.3364912e-10 -4.0143982e-10 -4.0952817e-11
   746 :  2.0056922e-08 -1.0790618e-08 -3.3666836e-08
   747 : -3.3303250e-07  7.4291355e-06 -3.3211698e-05
   748 : -1.1937336e-03 -3.5981388e-03  1.6577150e-02
   749 : -3.9669763e-03 -3.1329077e-02 -1.1171912e-02
   750 : -1.9177526e-11 -5.8925432e-11  1.7580255e-10
   751 :  1.3877018e-02  1.7159514e-02  2.0133362e-02
   752 :  5.1456432e-04  4.2677686e-04 -8.0730914e-04
   753 : -1.1317597e-02 -3.3551622e-02 -3.5881137e-03
   754 :  3.7160016e-08  3.3416800e-08 -1.3362302e-07
   755 :  1.8989594e-02  2.8119337e-02  1.2455841e-02
   756 : -9.4571803e-05  2.9717422e-04  2.5980921e-04
   757 :  7.2505745e-18  4.4463939e-18 -4.9629526e-18
   758 :  7.4753613e-02  1.0717019e-01  4.7406238e-02
   759 : -2.5262898e-03 -9.3492932e-04 -2.1367824e-03
   760 :  6.1121857e-06 -2.0058466e-05  7.8127577e-06
   761 : -4.6293852e-03  3.2219575e-03  1.5269888e-02
   762 :  7.9283341e-02  2.0889203e-02  9.6457222e-02
   763 : -1.6876768e-13  6.0096236e-13 -1.9225311e-13
   764 : -2.2637868e-14 -2.6268177e-14  1.9295109e-14
   765 :  1.1892609e-02  1.4601492e-02  1.9515915e-02
   766 : -4.4146981e-05  3.6707469e-05 -6.2285852e-05
   767 :  1.0039449e-01  2.7994200e-01 -3.9411477e-02
   768 :  5.1505346e-11 -1.7147842e-11  9.4216066e-11
   769 :  1.6930932e-02  1.2666323e-02  1.9548511e-02
   770 :  1.6720272e-02 -6.2036807e-04  5.1332347e-04
   771 :  2.6109038e-03  5.9361626e-03  4.5856233e-03
   772 : -6.8669309e-03 -2.4959514e-02  3.2251008e-03
   773 : -1.3418275e-04  1.5527762e-04  2.6467101e-04
   774 :  2.3454882e-02  1.9588687e-02  1.6101252e-02
   775 :  5.6309680e-02 -2.3177158e-01  2.9009130e-01
   776 :  4.4616692e-05  2.5810193e-04  2.1263021e-04
   777 : -1.8846400e-03 -5.7272055e-04  4.1641322e-03
   778 :  1.7985476e-02  2.6472877e-02  1.0749056e-02
   779 : -4.6444341e-08  3.5412901e-08  3.3107948e-09
   780 :  6.3259168e-02 -1.2453249e-02  8.5581757e-03
   781 :  1.6080940e-10 -7.8401585e-11  1.3726308e-10
   782 :  1.4987707e-18  3.4164670e-20 -2.8697401e-18
   783 :  2.0255092e-02  1.4722937e-02  2.5040176e-02
   784 : -3.4760314e-03 -1.7012443e-03 -8.6483316e-04
   785 : -1.7257343e-10  5.7554376e-10  4.5860549e-11
   786 :  4.5283599e-02  1.0697950e-02  8.2554973e-03
   787 :  8.2845798e-03  1.0956962e-02  1.3470143e-02
   788 : -9.3790922e-11  1.0457781e-10 -8.4142961e-12
   789 : -1.7457368e-09  6.8824830e-09 -8.3588407e-09
   790 :  2.0200230e-02  3.1986217e-02  3.1955773e-02
   791 :  1.1561320e-02  7.8562468e-03  5.7573102e-02
   792 :  5.2371282e-03 -2.7545512e-02 -9.5963806e-03
   793 : -1.0179127e-02 -2.8226188e-02 -2.4366879e-02
   794 :  2.4614562e-02  2.4021661e-02  2.1389080e-02
   795 :  1.0656458e-02  3.7451222e-03 -5.8270886e-03
   796 : -2.6320135e-02 -2.8823736e-02 -2.8807565e-02
   797 : -7.0163554e-11  1.4320077e-10 -2.1332938e-10
   798 : -1.2193760e-02 -1.0319375e-01  1.1035416e-01
   799 : -8.5712552e-06 -3.8612780e-05 -1.3610334e-05
   800 :  1.2347296e-02  1.2037047e-02  1.9110234e-02
   801 : -5.9919243e-09 -5.3178197e-10  1.3397268e-08
   802 :  1.7128744e-03  2.3492853e-02  8.7458909e-03
   803 :  1.9933065e-06  7.5067488e-07  4.4387637e-07
   804 :  1.1945916e-02  1.9627870e-02  1.8861078e-02
   805 : -4.5646991e-03  5.5186065e-03 -4.1018192e-03
   806 : -4.1557090e-08  1.2576046e-08 -2.4752165e-08
   807 :  2.3758197e-11  1.4444416e-10  3.4507106e-11
   808 :  2.5354244e-02  1.7339650e-02  1.7817943e-02
   809 :  1.3311700e-05 -5.1075919e-05 -2.0369875e-05
   810 : -1.7169318e-10 -1.0329085e-09  1.9285990e-09
   811 :  1.5168046e-18 -5.0989294e-19  8.5663826e-21
   812 : -1.6623236e-04  3.1453125e-04 -1.4463147e-03
   813 : -2.3278296e-03  7.1842730e-03 -1.2626052e-02
   814 :  6.5674672e-18 -5.3743583e-21 -6.5163336e-18
   815 :  2.5341640e-20  2.3645851e-20 -9.6288815e-20
   816 :  2.0114690e-15 -1.1609901e-15 -4.0116535e-16
   817 :  1.0132704e-16  3.4236505e-16 -5.5636464e-16
   818 : -3.3795542e-18  2.2609361e-17 -1.5595381e-17
   819 : -6.9679337e-04  1.8492467e-04  3.5777122e-04
   820 : -7.6103358e-19  1.7022986e-18 -3.3204563e-19
   821 : -2.3075766e-02 -1.6319422e-01  4.6259570e-02
   822 : -1.3087224e-02  2.9868398e-04  5.0303753e-02
   823 :  2.1175827e-07 -7.0480203e-07  6.7788607e-08
   824 : -8.3825034e-07  2.9484651e-06  3.2477329e-06
   825 : -7.8661930e-13  3.7289196e-13  9.9002854e-13
   826 : -7.5163746e-03 -2.2155839e-02  6.1208479e-03
   827 : -6.4751926e-09  1.3163628e-08 -3.6321070e-09
   828 :  1.4753885e-06 -2.7468072e-05  1.2285623e-05
   829 : -6.8048827e-04 -5.2075233e-03  2.2093787e-02
   830 :  3.0409260e-02 -3.8360493e-03  6.3811539e-02
   831 : -9.0138898e-03 -3.1833691e-02  7.3706657e-02
   832 :  3.6010693e-04 -1.6758921e-03  1.8553842e-03
   833 : -1.4347448e-02 -9.8506900e-02  6.3134013e-02
   834 :  1.5796232e-16 -1.4073497e-16  1.4187827e-16
   835 :  3.9383341e-20  3.2269527e-22  5.3941430e-20
   836 : -2.5844625e-03 -8.5898254e-05  1.0263425e-03
   837 :  1.6731373e-09 -5.7737102e-10 -5.1265368e-10
   838 :  5.9852624e-03  8.4411305e-03 -9.4364098e-03
   839 :  5.8877024e-06 -3.5825492e-06 -9.6628564e-06
   840 : -4.0689374e-09 -1.4218651e-09  8.4581979e-09
   841 : -7.2018936e-08 -1.0012483e-08  1.0520862e-07
   842 : -4.4155421e-04 -3.8789957e-04  3.5167353e-04
   843 : -4.7546181e-08  8.1461231e-08  4.4184469e-08
   844 : -1.4184709e-03  1.2546290e-03 -2.5718786e-03
   845 : -1.4604864e-12  1.4370192e-12 -3.0491091e-12
   846 :  1.5834173e-02  6.7567771e-03  7.4120819e-02
   847 : -2.3863082e-04  2.5892510e-05  2.0040301e-04
   848 :  1.5584080e-20  6.2579789e-21 -9.5873949e-21
   849 :  2.7571595e-06 -3.2138121e-06  2.2032754e-06
   850 :  1.6514922e-06  7.0403334e-06 -6.1066890e-06
   851 : -8.7720348e-07  1.9044451e-06 -8.5239093e-07
   852 :  7.5168223e-14 -1.9439681e-13  6.3370751e-14
   853 : -8.4143990e-03  2.7859977e-02 -3.1749466e-02
   854 : -1.0488509e-22  2.7967263e-21 -2.2093913e-21
   855 : -2.2823963e-02 -1.1331406e-02 -1.6146073e-02
   856 :  3.7299301e-02  2.9529337e-02  2.8766496e-02
   857 : -1.3521446e-02 -1.9271882e-02 -1.1099693e-02
   858 :  7.9390661e-03  2.2039009e-02  2.1733658e-02
   859 : -3.8494425e-14 -1.0600320e-13 -2.3614431e-13
   860 :  2.2710722e-02  2.6837134e-02  4.4439073e-03
   861 : -2.1046358e-04 -2.2962334e-03 -1.0041770e-03
   862 : -2.7479371e-03 -5.9741482e-04 -8.5788644e-04
   863 :  1.0473017e-02 -5.9092372e-03 -9.7119315e-03
   864 : -9.9616671e-03 -6.4285011e-03 -4.3381358e-03
   865 : -3.4071791e-03  2.1008677e-01 -1.8601085e-01
   866 :  8.7790432e-02 -6.2011165e-03 -2.7453829e-02
   867 : -4.3248829e-03  1.4094150e-02 -1.5643026e-02
   868 : -3.2921023e-05  4.0500708e-04  3.2258932e-04
   869 :  3.2106465e-04  2.4308385e-04 -1.9728279e-04
   870 :  3.4855193e-05  4.5417268e-04 -8.5082719e-05
   871 : -3.1599702e-02 -3.1764188e-02 -6.8040687e-02
   872 : -2.9054858e-02 -2.4962866e-02 -4.2491300e-02
   873 : -1.8196734e-02 -7.3620285e-03  1.2315744e-03
   874 :  2.7768572e-03 -8.6879132e-04 -2.1073183e-02
   875 :  2.0162903e-08  8.8562621e-09 -4.4971961e-08
   876 : -1.9279776e-07  1.8768661e-07  1.9178088e-07
   877 :  4.9471089e-17 -6.1870848e-17  7.6176798e-17
   878 :  2.4342709e-15 -6.3017782e-15  1.4725367e-15
   879 : -5.0828688e-08 -3.7854633e-09  7.1614592e-08
   880 : -2.3776519e-07  6.5833541e-07 -1.7088139e-07
   881 :  1.7066071e-17 -5.5964967e-18 -5.7714327e-18
   882 : -2.2045709e-16  1.2223971e-16  3.3149268e-16
   883 : -7.7823990e-09  6.3583057e-10  7.0311109e-09
   884 :  3.1691308e-08  4.7591750e-08 -3.6682297e-09
   885 : -3.2862642e-03 -5.5018439e-04  1.1348271e-03
   886 : -1.3555394e-03 -5.1055035e-04 -1.5219712e-03
   887 :  2.0367560e-02  2.6731345e-02  1.2994165e-02
   888 :  1.0173407e-02  6.3315504e-03  2.2758019e-02
   889 :  1.8334555e-03  5.6500807e-03  1.4503060e-02
   890 :  9.7639657e-03  8.4973708e-03  6.3396047e-03
   891 :  9.8539497e-08 -6.6891402e-08  4.8968267e-08
   892 : -7.4686122e-07  3.2500068e-07  1.0875541e-06
   893 :  2.5891902e-02 -1.4596603e-02 -5.4663662e-03
   894 :  5.1281905e-03  3.0116361e-02  3.2736530e-02
   895 : -2.7326802e-02 -1.0358513e-02  2.1337280e-02
   896 :  6.9642599e-03 -1.3371412e-02 -4.1047448e-03
   897 :  7.4327720e-09 -2.0307324e-09  1.2122652e-09
   898 :  1.5516798e-08 -3.8491872e-09 -1.1878852e-08
   899 : -9.7343094e-05 -1.1141410e-02 -1.0867134e-02
   900 : -9.5678827e-03  4.6874653e-03 -1.4655355e-03
   901 : -2.9391553e-03  3.1868752e-04  1.2326826e-03
   902 :  1.0990623e-02  2.3036552e-02 -1.1665177e-02
   903 : -2.1568020e-03 -2.1866729e-02  2.1422532e-02
   904 :  2.1415399e-02  2.9808323e-02  4.2572137e-03
   905 : -2.2011376e-03 -3.8004594e-03 -6.3909743e-03
   906 : -9.7538907e-03  1.5522662e-02  1.5129543e-02
   907 :  1.5572413e-02 -3.2900745e-02 -8.5944462e-03
   908 :  2.4795321e-02 -3.8444290e-02  5.8565226e-04
   909 : -1.4408530e-02  2.3081932e-02  1.6864089e-02
   910 :  1.3518130e-03 -3.4943645e-03 -4.9682648e-03
   911 : -4.8078981e-03  9.3926593e-03  9.9630150e-04
