Number of elements 912
     0 : -3.2708136e-25 -1.7696522e-26  6.9304085e-25
     1 : -3.9932119e-14  9.9624158e-14 -1.7298736e-14
     2 : -9.2523072e-02 -2.7087208e-01 -9.0393147e-02
     3 :  2.0615361e-17 -6.5949644e-18 -3.6108055e-17
     4 :  1.8194432e-01  1.3465129e-01  1.7795841e-01
     5 : -3.7002794e-02  7.5833382e-03  1.5442602e-01
     6 :  5.4474629e-38  1.3336926e-37 -2.4391766e-37
     7 :  1.6388490e-13 -1.5538457e-12  8.5847810e-13
     8 :  5.8234082e-12  8.0249390e-12 -6.2443510e-12
     9 :  3.8605410e-35 -2.3952518e-34  1.5460736e-34
    10 :  2.3955892e-12  5.0620856e-13 -5.7214355e-12
    11 : -2.9061774e-38  5.2956034e-38  7.5732014e-39
    12 : -1.4385793e-01  2.8858491e-01  2.7905433e-01
    13 : -2.6638286e-09  2.5909668e-09 -3.3266688e-09
    14 :  1.0719028e-19 -2.3588960e-19  4.3266994e-20
    15 : -1.3963147e-11  6.6650377e-11 -8.3283464e-12
    16 :  4.1971760e-40 -9.0505486e-40  2.2435078e-41
    17 : -1.5610392e-28  4.1778041e-28 -6.9315842e-29
    18 :  1.2600684e-11 -5.1797597e-11  1.2325670e-11
    19 :  3.7511431e-47 -5.6926882e-47 -2.8706964e-47
    20 :  1.4216042e-28 -1.9492457e-28 -6.3120716e-29
    21 :  2.6805111e-09  1.1998835e-08 -1.4700192e-08
    22 :  1.6696899e-09 -4.6185956e-09  9.0858441e-10
    23 :  1.8335653e-43 -1.6087138e-43  1.7087879e-43
    24 :  3.8485697e-14  2.0606379e-14 -1.2529773e-13
    25 : -9.6173074e-46 -1.2713356e-45  1.0336003e-45
    26 :  4.3419863e-13  8.5704092e-13 -5.4575183e-13
    27 : -1.8770096e-09  1.0069443e-08 -1.9989007e-09
    28 :  1.3722558e-09 -8.9837472e-09  3.8133519e-09
    29 : -1.2016100e-15 -5.2710693e-15  8.1226872e-15
    30 :  6.0365208e-12 -5.1322523e-12 -7.6824385e-12
    31 :  2.1894757e-18 -1.0644952e-18 -3.4997262e-18
    32 :  1.7629710e-37  2.2560858e-37 -6.0564031e-37
    33 : -3.9358530e-07  6.5030454e-07  5.9550719e-07
    34 :  1.3071735e-47 -7.2579420e-48 -1.9059436e-47
    35 : -2.7374924e-18  1.7442016e-19  5.5316039e-18
    36 : -2.5148672e-02 -2.1199807e-02  1.8937068e-01
    37 : -1.9635332e-05 -9.0569993e-06  1.0347343e-05
    38 :  6.0937680e-10 -5.7033702e-09  9.1233034e-10
    39 :  5.7331422e-15  2.7475015e-14 -4.1524238e-14
    40 :  8.6302035e-16 -2.3992670e-15  5.3791020e-16
    41 : -9.7919510e-09  1.8607905e-08  4.1535428e-09
    42 : -3.7965744e-45  6.4698899e-45 -7.0674242e-46
    43 : -1.1954790e-26  2.3936388e-26  1.5290218e-28
    44 : -1.5676254e-07  2.6808650e-06 -2.4803162e-06
    45 :  2.6372547e-21  6.6109540e-21 -1.6630456e-20
    46 : -9.1702798e-22  5.8724823e-22 -3.2841654e-22
    47 :  7.2675531e-37  4.5398597e-36 -1.0041707e-35
    48 :  1.9815425e-40  7.1379592e-39 -2.9556654e-39
    49 :  4.3309842e-11 -2.0961845e-10  1.1262059e-10
    50 :  9.8488825e-08  1.1568694e-06 -4.3089212e-07
    51 : -6.3443193e-03  1.4684356e-03 -7.8482515e-04
    52 : -3.3491793e-11  9.9732099e-11 -2.0218396e-11
    53 :  2.2686625e-37 -1.5468206e-37  6.7226188e-38
    54 : -3.8109470e-09  9.5856612e-09 -3.1187602e-08
    55 :  2.8939773e-09  3.7429405e-09 -1.8147424e-08
    56 :  5.8434051e-02  1.5040287e-01  3.0442305e-03
    57 : -2.4856285e-10 -9.6175173e-10  2.3415723e-09
    58 : -8.5480178e-05  3.0250485e-04 -1.1223154e-04
    59 : -2.0074814e-11 -3.5779656e-11  2.2192673e-11
    60 : -1.2637837e-07  1.2170050e-07  1.9509526e-07
    61 :  1.0811670e-03 -6.6794586e-04  6.8882314e-04
    62 :  9.1840218e-14 -1.2867961e-14 -3.3958647e-14
    63 :  9.6525462e-07  2.9492520e-07 -3.4811017e-07
    64 : -9.7521731e-13  6.5912245e-13  1.3798131e-12
    65 : -5.8364902e-16  8.4075393e-16 -1.5264560e-16
    66 : -3.9438553e-18  9.0091263e-18 -1.8239159e-19
    67 : -3.3903510e-39  1.7413930e-40  6.8010693e-39
    68 :  9.2195310e-40  1.3628143e-39 -3.2399894e-39
    69 : -3.8032415e-39  2.9738594e-39  4.7760794e-39
    70 : -4.5877842e-21 -3.5633798e-21  1.3044927e-20
    71 : -7.5921558e-07  7.2264878e-07  6.9841393e-07
    72 : -3.0571360e-42  2.6135024e-41 -1.9706856e-41
    73 : -6.8836390e-07  4.7459613e-07  9.2533059e-06
    74 :  3.6597577e-30  9.9088328e-30 -6.7156706e-30
    75 :  4.6364474e-30  3.7426768e-30 -4.0027232e-30
    76 :  9.4046489e-42  2.0324149e-42 -5.2546171e-42
    77 : -1.6365029e-32  5.2583788e-32 -1.9295090e-32
    78 : -2.6307281e-35  6.5191451e-35 -6.4727237e-36
    79 :  2.4179590e-26 -2.4162882e-26  2.6898141e-26
    80 :  3.8561170e-55  6.8919595e-54 -4.2586128e-54
    81 :  6.3852796e-36  2.8201532e-35 -1.7208154e-35
    82 :  6.8099136e-01  1.5111756e-01  8.3773333e-01
    83 : -6.9959348e-49 -1.3428203e-47  1.4800684e-47
    84 :  1.9008080e-47 -4.9627322e-45  3.3432032e-45
    85 :  8.9576055e-04  7.9081655e-02 -4.3024273e-02
    86 : -2.1801516e-28 -2.2004346e-28  6.7801851e-28
    87 : -1.9205171e-26  3.5171647e-26  4.3822198e-27
    88 :  5.9067767e-17  4.4605400e-17 -4.9550338e-17
    89 :  1.5383138e-04 -2.6905193e-05 -6.9536326e-05
    90 : -1.1929652e-42 -3.8878172e-42  2.5244125e-42
    91 :  2.0868527e-01  5.6598441e-02  1.3804496e-01
    92 :  2.2950005e-21 -3.1887148e-21  5.5169501e-22
    93 : -3.4636166e-53  4.9659688e-54  1.9352931e-53
    94 : -1.4609211e-24 -7.2880617e-26  1.2731150e-24
    95 :  3.5843014e-39 -9.5629450e-40 -1.6554611e-39
    96 : -2.4633921e-18  5.3868887e-18 -7.9538392e-18
    97 : -2.1871020e-19 -1.0586069e-19  5.3611329e-19
    98 :  5.4845290e-01 -1.0112076e-01  1.4729386e-01
    99 : -3.9951564e-36 -2.5656749e-35  1.5035413e-35
   100 : -1.0786209e-37  8.8998592e-38  5.8043105e-38
   101 :  1.0316117e-16 -7.4267587e-17 -1.2917140e-17
   102 :  1.1962247e-11 -7.2210193e-11  1.5918016e-11
   103 :  3.6673743e-49 -3.7685533e-49 -3.6887789e-49
   104 : -4.8879688e-22  1.1188210e-22  1.6856555e-22
   105 : -1.9778837e-11  4.0033381e-12  1.2719937e-11
   106 :  7.1179131e-15 -3.4821494e-15 -1.2467392e-14
   107 :  1.5260426e-15 -1.9050079e-14 -5.4370374e-15
   108 :  7.8975235e-14  1.0133690e-13 -3.0912687e-13
   109 :  1.2457285e-10  2.5393118e-10 -9.6335263e-10
   110 : -8.5872367e-07  5.3710229e-06 -1.2269401e-06
   111 : -1.1389223e-13  2.8990898e-14  3.3055341e-14
   112 : -1.7067565e-34 -2.3280102e-34  6.0335287e-34
   113 : -8.3767823e-03  8.6224467e-04  1.3275560e-03
   114 : -2.4364296e-20  1.3932842e-20  2.3518790e-20
   115 :  1.2347808e-09  3.8038486e-09 -2.1031113e-09
   116 : -5.4018415e-06  6.2213880e-06 -5.0866331e-07
   117 :  2.1078324e-01  1.4709165e-01  5.1014141e-02
   118 :  8.4305721e-01  1.0940601e-01 -3.8589275e-02
   119 : -1.1456650e-40 -3.1781399e-41  1.7945708e-40
   120 : -3.0780846e-20 -3.4724258e-20  1.0319734e-19
   121 :  1.2238185e-31 -2.3284543e-30  1.6432115e-30
   122 :  2.2676947e-10  1.6835943e-09 -1.3041804e-09
   123 : -1.3506453e-49  7.3168009e-49 -7.1515693e-49
   124 :  2.0062911e-36 -1.6432463e-36 -1.7143229e-37
   125 :  5.2103268e-52 -1.6561451e-51  6.1508201e-52
   126 :  1.9866922e-28 -4.1447053e-28 -4.4169600e-30
   127 : -6.7170905e-30  7.5713073e-30  6.4349977e-30
   128 : -3.2237291e-10 -1.6807309e-11  6.8833487e-10
   129 :  4.2031369e-25  5.5560994e-25 -1.5535935e-24
   130 :  2.9074202e-03  1.2905330e-03 -5.2843665e-03
   131 : -3.6291804e-08 -2.6928093e-08  5.5588133e-08
   132 :  5.3506408e-09 -1.7747187e-08  4.5603500e-09
   133 :  4.1397589e-07 -8.1957924e-07 -9.6141081e-07
   134 : -8.2856491e-10  4.0394366e-10 -2.2957058e-10
   135 :  1.1858699e-11  1.3670235e-11 -3.6669916e-11
   136 :  2.7415261e-15  1.2470633e-15 -2.0728242e-15
   137 : -7.5755395e-12  3.6114995e-11 -2.1006693e-11
   138 :  1.9478691e-13  4.4287409e-13 -4.9962124e-13
   139 :  4.3556310e-13 -7.7866402e-13  1.7629700e-13
   140 : -8.8372751e-33  1.3845217e-32 -2.4521137e-33
   141 : -5.0387817e-31  4.3685000e-31  6.0779945e-31
   142 :  1.3115430e-13 -4.2781163e-13  6.8923426e-13
   143 :  9.5556363e-42  4.8658806e-41 -8.4426857e-41
   144 :  3.5605942e-15  3.2277368e-15 -3.0312450e-15
   145 : -5.7103831e-19  9.2429799e-18 -4.0633555e-18
   146 :  3.0189154e-23 -5.0189538e-23 -1.3949745e-23
   147 :  3.1505351e-40 -1.7704969e-40 -5.8295889e-41
   148 :  1.0056714e-22 -9.8775120e-23 -1.0427276e-22
   149 :  2.1992864e-01  2.8908837e-02  1.6198213e-01
   150 : -3.2236427e-19  7.8699977e-18 -7.1845836e-18
   151 :  1.7286908e-29  1.4248426e-29 -5.0086025e-29
   152 :  5.0378049e-25  1.4216297e-25 -3.0318851e-25
   153 :  6.5659067e-01  9.4642117e-02  1.6612667e-01
   154 : -2.5079040e-53  1.5883083e-53  3.3935553e-53
   155 :  6.4304451e-41 -5.7218727e-41 -9.1376560e-41
   156 :  5.4834197e-43 -7.4759492e-43  1.0076970e-43
   157 : -1.7600980e-20 -1.7630169e-20  5.4137408e-20
   158 :  1.1496992e-12 -1.5465996e-12  4.2908906e-13
   159 :  1.1925764e-16  4.2809110e-16 -2.6833447e-16
   160 : -1.9191315e-51  3.8997081e-52  7.5989892e-52
   161 : -3.7650905e-51  5.8578698e-49 -1.1755479e-48
   162 : -3.0677657e-02  1.4272698e-01  3.8090343e-02
   163 : -4.4700138e-09 -3.7472187e-10  5.6535517e-09
   164 :  6.7175532e-28  4.0802316e-29 -1.4395388e-27
   165 :  1.7121108e-15 -2.3272256e-14  1.9836641e-14
   166 :  7.8071351e-43 -5.9027777e-44 -1.5404708e-42
   167 :  1.8332040e-12 -1.0655766e-12  5.2050727e-13
   168 :  2.3406705e-08 -7.1432459e-08  1.6649826e-08
   169 :  1.0092046e+00 -1.3727064e-01  1.0723337e-01
   170 :  2.5213164e-39 -1.2845197e-38  2.4129552e-38
   171 :  4.0292001e-39 -1.5997264e-38  2.8110432e-38
   172 : -7.9850251e-08  1.0580690e-07  9.7698740e-08
   173 : -7.4143133e-11 -4.4428298e-10  1.1949301e-09
   174 :  5.4440648e-14 -1.2202239e-13  2.6925566e-15
   175 :  2.6135422e-22 -2.1189071e-22  2.1173752e-22
   176 :  2.0080175e-35 -1.8812779e-35 -2.2783625e-35
   177 : -8.9463318e-15  2.4724203e-13 -2.2156600e-13
   178 :  1.1059113e+00  1.3272389e-01  7.7260878e-01
   179 : -3.3479815e-13  1.9204326e-12 -1.7412633e-12
   180 : -6.0819935e-41  1.3863252e-41  1.1018753e-40
   181 :  2.2499108e-08 -9.6641664e-09 -4.8003389e-08
   182 :  1.6020445e-24  6.7740301e-27 -1.6345636e-24
   183 :  3.1217456e-06  1.2052936e-07 -3.4375167e-06
   184 :  1.4996497e-53  2.4452533e-52 -1.2825300e-52
   185 : -3.1123171e-29  1.4578194e-29  7.9945308e-30
   186 : -6.0701887e-20 -7.0534419e-20  2.1027642e-19
   187 :  3.3076688e-12 -1.2917483e-11  5.7997136e-12
   188 :  6.7898343e-01  3.3143112e-01  8.1368185e-01
   189 :  8.5261036e-13  2.3853207e-13 -1.8698572e-12
   190 :  1.4273541e-15 -8.4468266e-15  3.2708574e-15
   191 :  2.5946586e-49 -2.0470945e-49 -3.2897386e-49
   192 :  7.8189956e-08 -9.2765268e-08 -1.5947657e-07
   193 : -2.0018059e-02  1.1596706e-01 -1.8833647e-02
   194 :  5.4800896e-01  2.7714108e-01  8.2839482e-02
   195 : -6.2643572e-21 -1.7884708e-21  3.9749494e-21
   196 :  2.9479793e-41 -2.9972104e-41 -3.0806166e-41
   197 :  4.9155567e-42 -7.4590243e-42 -2.4544862e-42
   198 : -1.4838277e-17 -1.4848187e-18  1.8259352e-17
   199 :  1.7331059e-03 -4.5069421e-03  1.5243015e-03
   200 :  2.4406361e-37  2.0861419e-37 -7.2778246e-37
   201 :  1.2014137e-08  1.2374474e-10 -1.0827948e-08
   202 : -3.5257187e-22 -3.1871514e-21 -3.2850541e-21
   203 :  1.1928481e-44  5.7860585e-45 -8.6014004e-45
   204 :  2.9425207e-21  8.1722422e-22 -4.0092256e-21
   205 :  1.1582556e-08 -7.9892196e-08  3.2299245e-08
   206 : -2.0890274e-44  8.8563009e-45 -7.1602455e-47
   207 : -2.8620567e-42  1.8989801e-42 -1.0370036e-42
   208 : -4.9496943e-31  2.7922889e-31  5.9464574e-31
   209 :  4.8649952e-01  2.5823946e-01  2.3901184e-01
   210 :  1.2696275e-22 -1.8650577e-22 -7.2458037e-23
   211 :  7.1933660e-44 -2.6130984e-44 -1.7697992e-44
   212 : -2.0152429e-12  1.5081141e-12  3.9418035e-13
   213 :  2.0153452e-41 -8.8361755e-41  8.5564221e-41
   214 :  2.0351039e-01  2.8030577e-01  2.6074590e-02
   215 :  6.2208339e-01 -3.8651087e-02 -1.8665019e-01
   216 :  1.0410611e-11 -1.0262982e-11 -1.1850654e-11
   217 :  2.9391073e-52  1.5211056e-51 -8.9445200e-52
   218 :  3.0983811e-33  4.1917591e-33 -1.0610267e-32
   219 :  4.6392116e-10 -5.0645874e-09  7.2536761e-09
   220 :  4.7782776e-29  3.0247326e-28 -6.8629021e-28
   221 :  8.4914624e-36  2.9600680e-36 -2.0146968e-35
   222 :  6.4122784e-04 -1.8983753e-04  6.0792527e-04
   223 :  2.4275683e-06 -1.9757406e-05  8.3303928e-06
   224 :  8.2969752e-17  1.6702794e-17 -1.8966065e-16
   225 :  8.6475493e-28 -1.4921926e-27 -2.5160847e-28
   226 : -4.1684581e-37  2.2484769e-37  1.3660607e-37
   227 : -7.7828056e-22  1.0506083e-21 -1.4465185e-21
   228 : -1.0510436e-17  2.0760450e-17  2.0311008e-18
   229 :  8.4053080e-24  7.1460648e-24 -7.4124458e-24
   230 : -5.2869078e-37 -2.3441108e-37  3.6735783e-37
   231 :  2.3583379e-38 -4.7075713e-37  4.2159297e-37
   232 :  1.5140931e-49  1.8242673e-49 -1.6465770e-49
   233 :  1.1981755e-35 -1.3138548e-35 -9.5581134e-36
   234 : -1.1756392e-02  6.9604165e-03 -1.1883851e-02
   235 : -9.0801789e-08 -1.5548268e-07  3.8441317e-07
   236 : -7.7177326e-34  1.7013247e-33 -9.3036207e-35
   237 : -4.0927722e-31  6.0469708e-31  1.2741967e-31
   238 :  4.7683115e-47  6.1224182e-48 -2.6799824e-47
   239 : -1.6240176e-37  2.9005706e-35 -5.8921575e-35
   240 :  2.9452855e-42 -1.4296421e-42 -4.6132573e-42
   241 :  2.0502666e-10 -2.4613536e-09  7.9260883e-10
   242 : -4.1628327e-10 -2.2836548e-10  8.8415730e-10
   243 :  1.6583564e-04 -1.3510443e-04  1.6999231e-04
   244 :  4.0281934e-07 -5.5917456e-07  1.1364729e-06
   245 :  1.5223079e-34  5.9265612e-35 -3.4402154e-34
   246 : -4.9383358e-11  2.9328285e-11  6.6377527e-12
   247 :  4.0719935e-04 -2.9482355e-04  3.8772183e-04
   248 :  6.7369380e-52  3.0464088e-52 -1.6673689e-51
   249 : -3.9305760e-26  9.7992207e-27  7.2745461e-26
   250 :  4.6620010e-10 -1.1382006e-10 -1.7041899e-10
   251 : -1.1529187e-18  2.9179818e-18 -1.2912768e-19
   252 : -1.5551059e-37  2.9248786e-37 -3.7806932e-38
   253 :  5.0337694e-46 -6.0460114e-46  7.3614306e-46
   254 : -2.6490171e-03  7.4165261e-04  8.1081314e-04
   255 : -2.5551548e-20  3.1400635e-21  6.7845557e-21
   256 :  2.4316707e-11  1.3450681e-10 -7.0695564e-11
   257 :  7.6339439e-07 -1.2646802e-07  9.6942639e-07
   258 : -1.2046728e-21 -3.3226267e-21  7.6519591e-21
   259 :  1.5095667e-30  5.2733127e-30 -1.2589480e-29
   260 :  1.7912856e-10  2.1024723e-10 -5.7351260e-10
   261 : -3.4349308e-21 -5.1804398e-21  2.0354426e-20
   262 :  2.0177256e-34 -4.6177030e-34  2.2280649e-34
   263 : -4.2920157e-39  4.6336198e-39  4.2215897e-39
   264 : -4.0041355e-20  1.3461309e-20  1.3209971e-20
   265 :  1.9940159e-09 -6.8602304e-10 -8.7362895e-11
   266 :  4.3337683e-26  1.2034298e-25 -7.8053722e-26
   267 :  1.3353501e-24 -6.8474034e-25 -2.9637002e-25
   268 :  8.4594269e-40 -1.6314816e-39  2.4651696e-39
   269 :  2.0640380e-04 -4.9299024e-05 -9.8392253e-05
   270 : -2.5748893e-23  1.9316572e-22 -1.2912326e-22
   271 : -1.1434090e-08 -2.9652353e-10  1.3388625e-08
   272 : -3.1423658e-23  3.7296510e-23 -4.7305466e-23
   273 : -1.1440505e-39 -2.2455412e-38  2.4988038e-38
   274 : -3.2758696e-11 -1.1342335e-10  2.3943359e-10
   275 : -2.5242238e-32 -8.6871643e-32  1.4269019e-31
   276 :  1.9230936e-07  1.2855506e-08  1.9953172e-08
   277 :  1.4615224e-34 -1.8948030e-34 -1.1156702e-34
   278 :  2.2620584e-11  6.9991425e-12 -6.2417299e-11
   279 :  1.4736535e-18 -3.0419869e-19 -5.7044721e-19
   280 :  5.7979128e-02  2.6437577e-01  9.7087612e-02
   281 : -6.0497663e-19  8.4767830e-19  4.4182072e-19
   282 : -6.7842885e-27  2.8807283e-26 -5.3922088e-26
   283 :  7.3616443e-32 -3.8263715e-31  2.3338395e-31
   284 :  2.0952452e-34 -2.0461176e-33 -1.1828795e-33
   285 : -8.5664536e-03 -4.0109529e-03  4.9438406e-03
   286 : -2.5785676e-11  4.0428813e-11  2.2681567e-11
   287 :  3.5966867e-14  5.1784317e-15 -1.8348694e-14
   288 :  1.8399014e-01  1.3742849e-01  1.7714538e-01
   289 : -2.7207010e-15 -1.1360632e-15  5.2820625e-15
   290 : -1.2964477e-02  4.9861842e-03 -8.2875665e-03
   291 : -6.1010239e-19  8.1550477e-19 -9.4462103e-20
   292 : -4.1604700e-07 -2.2107634e-05  8.1306144e-06
   293 : -2.7944439e-30  1.3113746e-30  4.3635824e-30
   294 :  3.2825586e-13  2.5101003e-12 -5.6562261e-12
   295 :  1.6053337e-43 -7.2961524e-44 -4.2128826e-44
   296 :  2.1011546e-08 -1.8046630e-07  1.5889497e-07
   297 : -1.4810984e-16  3.4920621e-16 -2.0752829e-17
   298 :  1.3140611e-17  2.0092915e-17 -1.8180776e-17
   299 : -2.4486093e-47 -1.4386293e-47  6.1500964e-47
   300 : -2.6546970e-08 -5.7657878e-08  2.5427156e-08
   301 : -9.6393258e-20 -2.1931022e-20  5.4384617e-20
   302 :  1.9414585e-11 -6.8945605e-11  2.2144737e-11
   303 :  2.0325744e-13 -2.1202429e-13  5.6465538e-15
   304 :  1.5982201e-13 -1.3315274e-12  2.3619325e-12
   305 :  1.4809053e-21  6.0810086e-23 -6.9335181e-22
   306 :  2.1129809e-06  4.1032858e-06 -8.1188251e-08
   307 :  1.5570769e-12 -4.9545410e-13 -8.7208853e-13
   308 : -2.2521527e-18  3.7028903e-18 -6.0529467e-18
   309 :  5.6612015e-47  6.0219924e-46 -3.2681641e-46
   310 :  5.2217807e-15 -1.2514481e-15 -1.0190220e-14
   311 :  2.7570408e-11  2.9187069e-12 -6.4976339e-11
   312 :  5.4764485e-42  6.1252692e-42 -1.7551033e-41
   313 :  1.0057594e-30 -3.3382802e-30  9.6818313e-31
   314 : -2.6901007e-46 -1.6951402e-45  3.6681547e-45
   315 : -4.8654829e-36 -2.2992867e-35  1.3550430e-35
   316 : -2.9674162e-05 -1.9017783e-05  1.3982704e-05
   317 :  1.4045316e-47 -8.8948628e-47  5.8861031e-47
   318 : -2.7503027e-08 -2.7175033e-08  1.4630880e-08
   319 :  6.6202560e-09  1.0704197e-08 -2.4851248e-08
   320 :  1.1353830e+00  1.1442491e-01 -2.7600855e-02
   321 :  1.7488496e-05 -1.7471066e-05 -3.7548885e-05
   322 :  1.5214758e-45 -3.9541189e-45  8.9779260e-46
   323 :  5.9635806e-51 -8.1403196e-51  1.0697920e-51
   324 : -1.7417278e-34  8.9462527e-34 -3.3907706e-34
   325 :  6.1869805e-30  2.8495968e-30 -1.2113171e-29
   326 : -8.0408972e-05  2.1901302e-04  7.5152293e-04
   327 :  8.2317975e-01  4.5185454e-01  8.9348645e-01
   328 :  2.7949720e-10  1.5111412e-10 -2.4471947e-10
   329 :  8.3343917e-33 -2.2763348e-32  7.2269804e-33
   330 : -1.9684581e-49  5.8250480e-50  3.3538588e-49
   331 : -2.3910842e-22  2.8343734e-22  2.1844479e-22
   332 : -1.1594282e-12 -1.0745671e-12  1.0636540e-12
   333 : -3.1294061e-30  3.0427533e-30 -3.2764924e-30
   334 :  9.4413618e-09 -8.1168349e-08  5.2873401e-08
   335 : -3.8947808e-12  7.2353668e-12  1.4463517e-12
   336 :  3.8700437e-11 -4.6079409e-11 -3.7644420e-11
   337 : -1.6296407e-45 -3.7491017e-44  4.2366762e-44
   338 :  3.5627600e-10 -5.9492220e-10  1.1846079e-10
   339 : -1.5116778e-32  2.0838463e-32  1.0809358e-32
   340 :  1.9323073e-09 -5.7290224e-09  4.8971529e-09
   341 :  9.6938740e-43 -8.9259384e-43 -3.5388650e-44
   342 : -2.6481218e-36  1.7575267e-36  3.6727880e-36
   343 : -1.8377641e-18  1.0279702e-18  3.8859962e-19
   344 : -8.8170266e-08  8.4367960e-08 -1.8713723e-08
   345 : -9.2239937e-03  2.6833873e-03  1.1284323e-03
   346 : -4.9953238e-36 -9.0478580e-36  6.8032032e-36
   347 :  3.5935751e-09 -2.3565984e-09  3.9670733e-10
   348 :  1.3628764e-18 -4.7034646e-18  1.6538186e-18
   349 :  4.0933170e-20 -2.9064266e-20  2.0239726e-20
   350 :  3.3705577e-08  1.9912648e-08 -8.8047766e-08
   351 : -3.5944443e-29  1.8433268e-28 -7.2672101e-29
   352 : -1.0726919e-07  1.9854386e-08  6.1051544e-08
   353 :  9.0393703e-13  5.8191893e-13 -7.2088978e-13
   354 :  2.4321179e-01  3.5222026e-01  2.5398567e-01
   355 :  2.0966617e-01  1.4932599e-01  1.2503339e-01
   356 :  1.8919698e-44  3.6675433e-44 -7.7177435e-44
   357 :  1.0256822e-09  6.3936810e-08 -1.6907291e-07
   358 : -2.8871942e-21  3.6519110e-21  2.4345939e-21
   359 :  6.2292354e-52 -2.1480840e-51  7.6129690e-52
   360 : -1.2707459e-08  1.1430030e-09  1.1095822e-08
   361 :  1.3040601e-27  9.3901285e-27 -5.1325953e-27
   362 :  1.4071144e-19 -4.7176585e-19  9.1545854e-19
   363 : -8.0456122e-24 -1.0826323e-24  1.0286481e-23
   364 : -3.7731960e-25  3.7393489e-25 -1.0797366e-27
   365 :  9.8057374e-20 -6.7435137e-20 -1.1317210e-19
   366 :  4.5871297e-40 -5.9508795e-39  4.9645725e-39
   367 :  1.2779928e-15 -1.0955947e-15  2.1244604e-15
   368 :  5.1996494e-10 -1.9374067e-09  6.4051476e-10
   369 : -1.1955616e-21 -9.2847123e-20  1.2534807e-19
   370 : -4.5258762e-25  2.1922370e-24 -1.3022103e-24
   371 : -3.7089489e-41  7.8828511e-41 -1.2241867e-40
   372 :  2.8928643e-19 -3.1127112e-19 -2.7099427e-19
   373 :  1.0758247e-12  6.6108746e-13 -2.6999978e-12
   374 : -5.4385397e-03  1.3033705e-03  1.5796913e-03
   375 : -3.5973550e-29 -4.2251502e-29  3.7175311e-29
   376 :  1.3414730e-45 -3.1358488e-44  2.8416821e-44
   377 : -3.3306158e-17  4.4057331e-17 -5.3253610e-18
   378 :  1.0562401e-24 -3.9336063e-24  1.3755276e-24
   379 : -1.9049857e-48  5.2511958e-48 -1.4680784e-48
   380 : -4.2848191e-06 -3.6380475e-06  1.4409468e-06
   381 :  3.6838818e-21 -7.9163899e-22 -1.3757365e-21
   382 :  6.6515638e-30 -8.5942097e-30 -4.8869287e-30
   383 : -4.1576978e-07 -5.2781327e-07  3.0395155e-07
   384 : -1.0197144e-27  2.9551360e-27 -1.0295893e-27
   385 : -1.9076965e-11  3.2696729e-11  9.8710003e-12
   386 : -2.4290403e-05  7.7630585e-06  4.3488889e-06
   387 : -1.4061935e-32 -7.4672579e-33  3.6355610e-32
   388 :  1.9264076e-02 -9.5216425e-04 -1.0779685e-02
   389 : -7.3360435e-27  1.8574539e-26 -2.3819729e-27
   390 :  1.1275299e-10 -2.0734368e-10 -8.8871281e-11
   391 : -1.4159061e-22  1.3324401e-21 -5.8772055e-22
   392 :  5.4113375e-07 -2.1742089e-07  1.0459236e-07
   393 :  5.5359499e-07  3.2148045e-06 -4.2286376e-06
   394 :  2.9106434e-27 -4.0370297e-27 -2.0245629e-27
   395 :  2.3846335e-16 -5.4941231e-17 -1.2252962e-16
   396 : -8.7422250e-49  8.0703605e-48 -1.5465131e-47
   397 :  2.3563513e-07 -1.5101842e-06  2.2500085e-07
   398 :  1.4292777e-13 -5.2553785e-13  1.7042367e-13
   399 :  9.8082650e-08  5.5819091e-06 -2.6364711e-06
   400 : -1.1714090e-14 -7.9965469e-14  1.9423494e-13
   401 :  8.5098122e-12 -1.3811909e-11 -6.4847949e-12
   402 :  5.9403094e-26 -2.8552502e-26 -2.5377483e-27
   403 :  7.7516078e-25 -5.2433589e-24  3.6171890e-24
   404 :  8.7443037e-41 -1.5466530e-40 -7.5787292e-41
   405 : -3.0256165e-17  4.7384060e-16 -3.6998161e-16
   406 : -2.6332213e-08  2.4408179e-09  8.3412884e-09
   407 : -9.8018938e-06  4.6610086e-06 -2.1935488e-06
   408 :  5.4283403e-05 -4.2650930e-05 -5.8725932e-06
   409 :  1.0781830e-14  1.2127485e-14 -1.0646340e-14
   410 : -2.1855770e-02 -1.1047255e-01 -7.9354026e-02
   411 : -6.5689636e-15  1.9012666e-14 -4.7797253e-15
   412 : -4.1123951e-12  2.4984434e-12  7.6612329e-12
   413 :  2.3387327e-44  5.5287731e-44 -1.1188229e-43
   414 : -1.7030091e-02  3.0213236e-03 -8.2454840e-03
   415 :  2.6325782e-14 -6.4260920e-14  7.8851100e-15
   416 :  2.5829135e-32 -9.3707568e-32  1.6852367e-31
   417 : -2.2335338e-09  2.0233726e-08 -5.3378540e-08
   418 :  5.7115888e-06 -3.6933637e-06 -2.6157940e-05
   419 :  2.9751935e-42  2.5015325e-40 -1.2265319e-40
   420 : -2.4023551e-37  1.7376271e-37  3.1126051e-37
   421 : -4.5370521e-34  2.1910284e-33 -1.2183580e-33
   422 : -1.7971062e-19  9.5986357e-20  1.6200029e-20
   423 : -9.0959665e-16  3.7892270e-15 -1.3791725e-15
   424 :  1.3919991e-27 -3.5490683e-27  1.0554899e-27
   425 :  1.0760519e-33 -5.5398856e-33  2.1378347e-33
   426 : -3.5964231e-23  2.0688929e-23  7.2402049e-24
   427 :  1.5232868e-26 -4.3189920e-26  4.6844593e-26
   428 : -5.3569950e-26  1.0580733e-25  6.2479256e-27
   429 :  1.9003583e-12  8.4855848e-13 -1.1097904e-12
   430 :  2.7897201e-11 -3.9416998e-11 -2.3315778e-11
   431 :  2.4983674e-16 -4.7274398e-16 -8.0149138e-17
   432 :  6.2117854e-19 -7.6531798e-19  1.0180715e-18
   433 : -1.8033835e-43  5.2164911e-43 -1.6101428e-43
   434 :  2.9654239e-04 -5.9285837e-05 -7.3783165e-05
   435 :  1.5044209e-14 -8.2987522e-15  2.3130997e-15
   436 : -1.0032160e-28 -1.5036126e-28  4.1616422e-28
   437 :  4.5088152e-09 -6.4222862e-09  9.7356592e-09
   438 :  1.2321318e-09 -1.1774530e-09  1.9509985e-09
   439 : -1.0849513e-06  8.4433737e-07 -8.1699046e-07
   440 : -2.1784867e-35 -1.5141156e-34  1.3224438e-34
   441 : -1.2300245e-47 -7.0214284e-48  2.5110304e-47
   442 :  1.4132240e-08  2.8744262e-09 -1.5210653e-08
   443 : -2.2748178e-18  3.8249034e-18  9.8492632e-19
   444 : -2.4752328e-09  8.5615453e-10  2.9884773e-10
   445 :  6.4712766e-23  2.1023728e-24 -1.3799453e-22
   446 : -5.8414699e-03 -8.2606314e-03  3.4762834e-03
   447 : -2.4079053e-23 -5.6681414e-23  1.5868190e-22
   448 : -6.6020888e-14 -2.1547003e-13  1.0776954e-13
   449 :  4.7867265e-43 -1.6370331e-42  6.7175339e-43
   450 : -7.0821297e-46  1.0435920e-45  3.8901753e-46
   451 : -1.8395872e-05  6.9745397e-04  3.6789674e-04
   452 :  1.8927624e-01  1.3705361e-01  1.5483078e-01
   453 : -5.6639927e-03 -3.1552043e-04  2.4369903e-03
   454 :  1.6448924e-01 -1.6480740e-02  2.7696568e-01
   455 : -4.4326415e-26 -1.7295854e-26 -1.1545993e-25
   456 :  2.4744845e-13 -9.3601299e-14 -3.9622286e-14
   457 :  4.1208132e-48  1.0360683e-47 -1.7301839e-47
   458 :  7.2819480e-23  4.9133516e-22 -7.3628568e-22
   459 :  4.4614487e-15 -3.8748458e-15 -7.1737093e-15
   460 :  4.8429818e-13 -1.1826955e-12 -1.2878276e-14
   461 : -2.3385749e-23  1.2627012e-23  3.6197177e-23
   462 : -2.6811399e-19  7.9061840e-19 -2.3782202e-19
   463 : -8.3728895e-34 -8.2780730e-34  2.2316217e-33
   464 :  3.8778476e-09  1.0890879e-08 -5.9694195e-09
   465 :  1.7462076e-13 -4.9728288e-14 -7.1708861e-14
   466 : -2.8532691e-06  1.1039717e-06  6.8246819e-07
   467 :  3.3724275e-36 -2.7571201e-36  2.4253322e-36
   468 : -2.5933338e-31  2.5452673e-31  4.5730587e-33
   469 : -1.1299932e-47  6.2315272e-48  1.2105011e-47
   470 :  5.8756221e-45 -6.6366593e-45  3.5065724e-46
   471 : -5.3951236e-28  1.8066965e-28  2.2517545e-28
   472 :  3.6985311e-33 -6.5923028e-33 -1.1138853e-33
   473 :  2.1657076e-11  2.5900607e-11 -7.6763741e-11
   474 : -3.5801453e-39 -3.7390063e-40  7.6807522e-39
   475 : -7.6123817e-28 -1.3437564e-27  3.7008835e-27
   476 : -1.6300784e-26 -3.2851982e-27  9.3009194e-27
   477 :  8.5177321e-52 -8.7102613e-51  1.7092175e-50
   478 :  9.6126708e-15  3.7807626e-14 -6.4706088e-14
   479 : -6.2357061e-50  1.2750847e-49 -2.4189724e-51
   480 : -9.4753940e-05 -5.7257567e-05  3.8489843e-04
   481 : -8.6135785e-26  1.8550083e-25 -3.5269778e-25
   482 : -4.3835314e-38  1.4318366e-37 -4.9153084e-38
   483 :  4.4226972e-06 -2.8860110e-07 -2.6795488e-06
   484 : -1.7777125e-16 -1.4182218e-14  5.7237583e-15
   485 : -5.9517753e-14  5.2638686e-14  7.1726871e-14
   486 :  1.7820098e-01 -1.9847475e-02  1.3927221e-01
   487 :  1.5744333e-12  9.4200713e-13 -2.8366868e-12
   488 :  1.3037907e-04 -6.5454522e-05 -6.4084780e-05
   489 : -2.8500553e-40 -1.0356976e-40  6.8148581e-40
   490 :  2.1824380e-35 -5.3477711e-35  1.5608072e-35
   491 : -2.7113118e-37  1.7811947e-36 -7.5284038e-37
   492 : -1.7740374e-11  5.4094000e-11 -1.0233553e-10
   493 : -1.1320577e-07  2.8516951e-07 -1.5095360e-08
   494 :  6.4720505e-06  1.6475710e-06 -1.0477335e-05
   495 :  6.2937404e-18  1.7421977e-17 -2.2545348e-17
   496 : -2.4740540e-31  2.5304186e-31  2.4534820e-31
   497 :  1.2375636e-46  9.4915090e-46 -5.2288902e-46
   498 :  9.3823154e-44  7.7818282e-43 -1.7035163e-42
   499 : -9.5619611e-05  1.2905777e-04 -2.8292736e-05
   500 : -5.7668342e-47  2.5563880e-47  9.2393099e-47
   501 :  3.6979819e-52 -1.0913362e-50  8.2375570e-51
   502 :  1.1460144e-10 -2.8522762e-09  1.2532725e-09
   503 :  7.7217011e-10  1.4276686e-09 -5.7414509e-10
   504 : -2.2386347e-16  7.7881072e-15 -3.3654055e-15
   505 :  2.6766411e-04 -1.2764997e-04 -2.8189015e-05
   506 : -1.0075277e-33  3.8845124e-33 -1.8294100e-33
   507 : -1.0913129e-32  2.2762786e-31 -3.0695385e-31
   508 :  7.5441754e-31 -1.0417797e-30  1.3250955e-31
   509 :  3.4110882e-12  9.2536370e-13 -5.4158441e-12
   510 : -4.3941399e-31  4.5226020e-31  1.2048144e-30
   511 :  2.7549540e-23 -1.0896847e-23 -9.8448233e-24
   512 : -2.6927077e-24 -3.5612797e-23  1.8263978e-23
   513 : -1.2964643e-17 -6.1609588e-18  3.2940582e-17
   514 :  9.3716193e-16 -6.6346305e-15  1.9540345e-15
   515 : -2.4120271e-07 -9.8164582e-08  5.0476748e-07
   516 :  5.4079378e-32  1.4082537e-31 -9.6198411e-32
   517 : -2.8435560e-07  3.3681205e-08 -1.8190589e-09
   518 : -1.7614373e-15 -3.8647110e-18  1.7143384e-15
   519 : -7.4857064e-23  7.1591135e-23  8.3935029e-23
   520 : -6.0394640e-19 -3.6240082e-19  6.9278134e-18
   521 :  1.6962874e-08 -1.0664494e-08  3.3182296e-09
   522 :  2.0289751e-01  2.9376340e-01 -2.5453029e-02
   523 : -3.8175987e-06  1.7218745e-07  1.3308007e-06
   524 : -2.4615962e-17  9.2200190e-18  6.7819428e-18
   525 : -4.2615163e-15  6.5791638e-15 -1.1790984e-14
   526 : -1.3394383e-26  1.0205593e-24 -8.5178365e-25
   527 : -3.4584064e-39  1.2720503e-38 -1.0645422e-38
   528 : -3.4575238e-02  7.3178523e-02  1.2378971e-02
   529 :  2.2706442e-12 -2.1259599e-11  1.4470071e-11
   530 :  1.1339768e-05 -2.6397249e-05  1.7621775e-06
   531 : -1.8521833e-10  3.8100342e-11  5.7627283e-11
   532 : -6.7194447e-24  5.2057689e-23 -3.7731316e-23
   533 :  4.4612150e-52 -5.3992370e-52  6.4490744e-52
   534 : -1.5989007e-52 -4.6873039e-52  1.0773641e-51
   535 : -4.6044463e-38 -1.6618367e-37  2.3807907e-37
   536 : -1.8471015e-06  4.6313607e-07  5.7479818e-07
   537 : -3.4700471e-11 -2.4310853e-10  4.8918052e-11
   538 :  7.7054327e-14 -1.5370750e-13  2.7646531e-13
   539 :  1.1298312e-38 -3.3878558e-38  8.8016219e-39
   540 :  4.0650823e-34  5.5709872e-34 -1.1576894e-33
   541 : -1.6683723e-32  1.0099833e-31 -8.1285936e-32
   542 : -1.0772681e-17 -6.5251444e-18  6.7117920e-18
   543 :  1.4162156e-40  1.3430405e-40 -1.3805460e-40
   544 :  1.8341049e-16 -3.3865372e-16 -7.3950558e-17
   545 :  5.0704317e-29  1.2539664e-29 -1.1720243e-28
   546 :  4.0454767e-05  3.0490660e-05 -3.9095991e-05
   547 : -7.0602621e-38  7.9941024e-38  6.2452134e-38
   548 :  1.1537320e-07  3.3303147e-09 -1.7803790e-07
   549 : -2.0238611e-31 -4.0675425e-31  1.0659445e-30
   550 :  4.7717913e-12 -1.4557108e-11  3.3881580e-12
   551 : -2.3580993e-07 -1.5854101e-07  9.4251807e-07
   552 : -3.8671288e-09  1.3870917e-08 -1.9320942e-09
   553 :  5.9837825e-10 -1.3880657e-10 -2.3669405e-10
   554 :  2.8793325e-30 -1.0851101e-29  3.8835168e-30
   555 : -9.7723230e-18  1.5754200e-17  6.3154390e-18
   556 :  2.7318557e-32  2.9160064e-32 -2.7254842e-32
   557 :  2.5761002e-01  1.6680874e-01  2.0129652e-01
   558 : -1.8469920e-12 -1.7201425e-11  1.6721652e-11
   559 : -3.2306957e-08 -2.8167378e-08  5.2183720e-08
   560 : -3.0023593e-11  5.1654554e-12  1.0859591e-11
   561 : -8.7736939e-03  8.3877740e-03 -2.5717905e-03
   562 :  9.7095742e-25 -3.6170233e-25 -2.9081796e-25
   563 :  1.9333766e-45 -8.0003310e-46 -2.9529219e-46
   564 :  6.9084029e-07  7.3685020e-08  8.6710251e-07
   565 : -5.2655248e-05  1.6433272e-05 -2.7087302e-05
   566 :  1.0453950e-34 -5.3034916e-34  5.8158728e-34
   567 :  7.4096239e-19 -6.3874408e-18  4.6782839e-18
   568 :  2.3317873e-08 -7.5246604e-08  1.4591505e-07
   569 :  4.9600719e-07 -1.5018840e-07 -1.8799258e-07
   570 :  2.2679953e-29 -3.9453948e-29 -8.5195741e-30
   571 : -7.0143735e-19  3.9965458e-19  1.4701498e-19
   572 :  2.5488451e-50 -3.9851410e-49  1.8532848e-49
   573 : -4.0899445e-13  2.6655225e-13  7.2850552e-13
   574 : -1.0241170e-11  1.5552225e-11 -2.5404635e-11
   575 : -2.8491964e-02  2.9273400e-01  3.1707171e-01
   576 : -1.7719295e-15 -8.5999488e-15  1.3241703e-14
   577 :  1.7140338e-01  1.9167475e-01  1.5768694e-01
   578 :  4.8171436e-55 -4.3611119e-54  1.6486168e-54
   579 :  5.8237454e-04  2.8506808e-04 -2.3762721e-04
   580 :  7.8231365e-02  3.1005646e-02 -2.2951619e-02
   581 :  4.5984348e-30  9.5892784e-30 -1.9426210e-29
   582 :  6.2038194e-50 -2.8664308e-49  1.1037128e-49
   583 :  4.3150479e-28 -1.5558275e-27  6.5624298e-28
   584 :  7.1004812e-42 -1.7288116e-41  3.0483274e-42
   585 :  5.8378285e-07 -1.1695218e-06  2.7037456e-07
   586 :  8.4269643e-36 -2.9755373e-36 -1.4492233e-35
   587 : -2.8695265e-25 -1.2509448e-25  6.8937450e-25
   588 :  8.1728352e-34 -8.8746811e-34  3.2545085e-35
   589 :  8.4721180e-08 -3.3712673e-08 -1.6654574e-07
   590 : -2.1656440e-08 -1.5952151e-08  6.1931243e-08
   591 : -4.8309313e-46  7.9235590e-46  1.7753602e-46
   592 :  1.9281165e-30 -6.8462758e-31 -5.3196577e-31
   593 :  1.0122801e-22 -1.8800261e-23 -5.9417834e-23
   594 :  7.9199938e-26 -3.7151636e-26 -2.0147469e-26
   595 :  4.6865807e-13 -9.6096381e-15 -4.1467555e-13
   596 :  3.6936134e-15 -1.3076585e-14  3.3211028e-15
   597 : -1.8619331e-20 -5.1648144e-21  2.8395147e-20
   598 : -6.7163419e-25 -5.0826744e-24  2.8332109e-24
   599 : -7.4084258e-05  8.3658912e-05  1.4181479e-03
   600 : -1.6148167e-16 -8.5701710e-17  4.2064919e-16
   601 : -2.7668710e-03  7.5925825e-04  1.3422777e-03
   602 : -3.1797767e-36 -2.2294418e-35  1.2318060e-35
   603 : -2.0873036e-40 -6.7408063e-40  5.9110922e-40
   604 :  2.3997281e-29  3.3863173e-29 -9.2139307e-29
   605 : -4.6638813e-22  8.2646137e-22  1.5664156e-22
   606 :  1.2704079e-01 -7.5758297e-04  2.8062068e-01
   607 :  9.5387996e-17 -4.6795373e-17 -1.6481801e-16
   608 :  1.3394499e-32  6.2551905e-32 -3.6270445e-32
   609 :  3.4890632e-28  4.1737773e-28 -5.3186798e-28
   610 : -3.8129369e-40 -4.7341355e-40  1.3373405e-39
   611 : -9.4551235e-04  2.0476909e-04  3.8372212e-04
   612 :  2.2888478e-16 -7.9043526e-16  3.2833065e-16
   613 :  4.0983192e-21  1.8640730e-21 -1.0385524e-20
   614 : -2.1506942e-09  5.6029195e-09  2.9095233e-10
   615 : -1.0255415e-19 -5.0971046e-19  7.1601983e-19
   616 :  1.3396898e-42 -7.2317688e-43 -1.9846820e-42
   617 : -3.7660526e-21  1.5202075e-21  1.0397779e-21
   618 : -9.0646667e-26  1.2262017e-26  3.8537048e-26
   619 : -1.6894698e-33 -3.2963539e-33  6.7051599e-33
   620 : -8.8089623e-23  1.1271294e-22 -1.5037123e-22
   621 : -1.8635002e-17 -7.9133805e-17  1.1699650e-16
   622 :  1.2563993e-05 -5.5761035e-05  4.9788012e-06
   623 :  3.9615277e-10 -8.6228674e-11 -1.6018057e-10
   624 :  3.2266372e-19  9.7388615e-19 -5.4366616e-19
   625 : -3.6576785e-19  7.3665783e-19 -1.8600895e-19
   626 : -2.7646020e-54  1.0771694e-53 -4.0663621e-54
   627 :  2.5520012e-35 -4.2724378e-35 -8.5096990e-36
   628 :  7.2854489e-26 -1.4311637e-25  3.4580658e-26
   629 : -2.2632335e-10  7.0190394e-10 -1.4412868e-10
   630 :  4.3278280e-07 -2.1373511e-07 -2.0925965e-07
   631 :  3.3910852e-22 -1.4573741e-21  4.3283036e-22
   632 : -1.0431017e-40  2.2935089e-40 -1.9170372e-41
   633 :  2.2970717e-10 -1.3485991e-10 -2.4808365e-11
   634 : -3.6787230e-15 -9.0104072e-15  2.7401357e-14
   635 : -8.8172660e-09  1.9215361e-09  1.8173753e-09
   636 : -1.3989023e-08 -1.2055510e-09  7.8123270e-09
   637 :  9.8670136e-07 -8.4629914e-07  1.9631995e-06
   638 : -3.3199223e-05 -1.2414289e-05  5.6929525e-05
   639 :  6.0251753e-08  5.0941386e-08 -4.0117402e-08
   640 :  2.7153703e-01 -4.9514120e-03  3.2674393e-01
   641 :  6.7945199e-33 -4.4672226e-33 -9.2586485e-33
   642 :  1.7523661e-11 -1.4882869e-11 -2.2495295e-11
   643 : -3.4924391e-10 -1.4099690e-09  3.9489690e-09
   644 : -3.9782501e-10 -6.5732864e-10  1.2435061e-09
   645 : -5.7301251e-16  5.1213040e-15 -2.9242584e-15
   646 :  9.2798800e-18  1.3543483e-17 -3.3697572e-17
   647 :  1.7420727e-03 -1.9984061e-03 -5.1684306e-03
   648 :  3.3559502e-17 -2.4222231e-17 -8.8563323e-18
   649 : -3.6096822e-08  2.1611987e-07 -3.4360555e-08
   650 :  1.0105928e-18  1.2105470e-18 -3.5256967e-18
   651 : -1.4822221e-05 -1.1621135e-04  1.8152550e-04
   652 :  1.2430707e-16  1.9834593e-16 -1.1464061e-16
   653 :  6.8234730e-07  2.1461200e-06  4.4784912e-06
   654 :  1.1197429e-27  9.9202436e-30 -1.0262874e-27
   655 :  2.4351938e-17  6.9359231e-18 -4.1286597e-17
   656 :  7.2569574e-04  1.0061928e-03 -5.5289902e-04
   657 :  8.5963743e-08 -1.8693790e-07 -2.3543027e-08
   658 :  6.0035989e-17  1.2954659e-16 -3.6183762e-16
   659 :  1.3229749e-12 -7.7548360e-13 -2.3525232e-13
   660 : -3.4821744e-06  1.0197497e-05 -1.7320097e-05
   661 : -4.6156117e-02  1.3646785e-02  1.5640439e-01
   662 :  5.6809837e-27  5.2461240e-29 -8.1065660e-27
   663 :  2.0827132e-07 -3.4053460e-07  9.2422889e-07
   664 : -4.9630830e-06  1.4367672e-05 -3.3772898e-05
   665 :  4.0678181e-05 -1.1922406e-05 -5.3196818e-06
   666 :  9.2958610e-43 -6.7481872e-43 -1.2064335e-42
   667 :  6.0565195e-30 -7.0974271e-30  1.0094705e-29
   668 : -2.6465366e-10 -1.5761517e-11  1.6378661e-09
   669 :  1.7620002e-52 -3.1972476e-52 -1.5642136e-53
   670 : -3.5294247e-08  5.0081231e-07 -1.7638301e-07
   671 :  3.0347078e-03 -3.7651624e-02  1.8272645e-01
   672 : -1.1105926e-07 -1.3444406e-07  1.1313848e-06
   673 : -7.7152526e-24 -1.0922138e-24  1.5724036e-23
   674 :  7.3702067e-20 -1.0606615e-19 -4.7199525e-20
   675 :  2.0186807e-21 -1.2017521e-21  5.3030664e-22
   676 : -8.1469375e-15  2.4026728e-14 -5.4106468e-15
   677 : -3.8111213e-16  4.7246975e-16 -6.8800056e-16
   678 : -1.5297071e-08 -1.4116676e-08  4.4729949e-08
   679 : -1.6993740e-13  3.5433870e-13  4.1029945e-14
   680 :  7.8712407e-12 -4.4880130e-12 -1.4283913e-11
   681 : -3.1136386e-30  3.1247692e-30 -3.4894194e-30
   682 : -4.3410438e-31  1.6356766e-31 -1.7934415e-32
   683 :  7.3380286e-28 -3.2501414e-28 -1.2413756e-27
   684 : -9.6980254e-36 -1.5609417e-37  5.6379996e-36
   685 : -9.2518131e-14  2.2312954e-13 -6.0181429e-17
   686 : -2.5933081e-20  7.9708683e-21  7.9128631e-21
   687 : -5.5514235e-35  5.5481927e-35 -6.0608085e-35
   688 : -7.0411077e-22  1.0671861e-21  3.5844631e-22
   689 :  4.8826909e-04  1.7492127e-04 -2.2545659e-04
   690 : -4.5700465e-15 -3.4303166e-15  3.4631431e-15
   691 :  2.2147966e-14 -1.5702387e-14  2.2328402e-14
   692 : -3.2174668e-16  1.1837940e-15 -1.3763459e-15
   693 : -1.1685898e-52  1.6868688e-52  7.0572087e-53
   694 :  3.5425991e-35 -3.2956283e-35 -4.0715271e-35
   695 : -6.8272728e-06  1.7230899e-05 -2.1443301e-05
   696 : -2.8853655e-09 -8.2183679e-10  8.1602354e-09
   697 :  3.2119785e-16  3.0814535e-16 -1.0223710e-15
   698 : -1.7157564e-05 -3.3616938e-05  1.0478641e-05
   699 :  2.0753934e-25 -1.4690361e-24  2.6108298e-24
   700 :  3.8549995e-44  1.1316275e-43 -2.6692156e-43
   701 : -8.6837573e-42  6.4632446e-41 -2.7824941e-41
   702 :  5.6219301e-30 -1.5635963e-29  4.1805318e-30
   703 :  2.1570433e-01  1.4715133e-01  1.9327634e-01
   704 :  2.6156250e-17 -2.9246440e-17  3.5967773e-17
   705 :  6.3439921e-35  3.0965514e-33 -1.5101186e-33
   706 : -1.9486151e-02  6.3059210e-04 -4.0201885e-03
   707 :  3.4994921e-09  5.3076942e-09 -3.6679024e-09
   708 : -4.9212028e-11 -3.0079890e-11  2.9921677e-11
   709 : -3.0575617e-20  5.9795988e-20 -9.5601583e-20
   710 : -2.3045154e-24 -5.3213423e-25  3.7656883e-24
   711 :  2.4694946e-18 -1.1965018e-18  3.9680614e-19
   712 : -1.0068929e-08 -9.8670710e-09  5.5854353e-09
   713 :  1.5245943e-17  1.2972650e-16 -2.4303550e-16
   714 :  1.5141799e-01  1.8069523e-01  2.2002039e-01
   715 :  2.8055228e-14 -1.0194352e-14 -4.9448344e-15
   716 :  5.4472825e-37  1.7762371e-36 -4.1659536e-36
   717 : -8.5586313e-11  4.0106496e-10 -1.7167284e-10
   718 :  4.2894027e-18 -8.3707613e-18  1.3453646e-17
   719 :  1.2117305e-09  1.2279746e-09 -9.2615131e-10
   720 : -3.6477723e-02  1.5850295e-02  1.7051000e-01
   721 : -3.0988640e-06  6.5870445e-07 -4.6944899e-06
   722 : -2.2197587e-32 -5.5701013e-33  1.2698930e-32
   723 :  3.6378960e-31 -5.5713343e-31  2.1010128e-32
   724 :  6.3030312e-32 -9.5204902e-31  4.7465530e-31
   725 :  4.9112850e-08 -5.5539722e-08 -1.3715586e-07
   726 : -7.3216355e-22  1.4992619e-22  2.7679929e-22
   727 : -5.9606756e-08  4.6210671e-08 -1.2299435e-07
   728 : -2.5743025e-10  3.0096821e-10  4.5023227e-10
   729 :  1.4606638e-14 -3.6177503e-14  2.0878737e-15
   730 : -3.3586275e-16  3.0712668e-16 -4.1698136e-16
   731 : -9.3247148e-31 -3.0279193e-30  1.9642973e-30
   732 :  3.0421010e-27 -6.8673991e-28 -3.8299732e-28
   733 : -3.2910380e-16  6.0058043e-19  1.2773941e-16
   734 : -4.8445176e-04  7.4284159e-04  3.5390746e-04
   735 : -3.3097947e-17 -6.9011001e-16  3.1066667e-16
   736 : -8.6569277e-04  3.5442495e-04  5.1978459e-05
   737 :  1.9387848e-21  2.2549410e-21 -6.9067902e-21
   738 : -4.6167945e-10  1.8295286e-09 -1.3184018e-09
   739 :  1.2366735e-01  1.7126284e-01  1.8992297e-02
   740 : -1.4822457e-14  4.7707165e-14 -1.4329625e-14
   741 :  9.6279426e-07 -5.4767017e-06  2.1133861e-06
   742 :  1.6294134e-17  3.6207628e-17 -7.2551088e-17
   743 :  1.1899088e-15 -3.5332727e-15  8.4850489e-15
   744 : -6.8420595e-02  1.0120677e-01  8.0020784e-02
   745 : -1.2318092e-32  6.2561721e-33  2.0627277e-32
   746 :  3.6909203e-27 -1.4361691e-26  6.1982748e-27
   747 :  3.1092816e-22  1.7835132e-20 -3.9170304e-20
   748 : -1.8456288e-15 -2.7721499e-15  8.7071125e-15
   749 : -1.0027754e-09  2.4144969e-09  3.8411200e-10
   750 :  9.5437095e-35 -2.3603821e-34  5.3145105e-35
   751 :  1.7241568e-01 -5.6022431e-02 -1.2506426e-01
   752 :  2.8895294e-16 -2.5203853e-16 -3.8446074e-16
   753 : -3.7907466e-10  1.3105380e-09 -3.8026566e-10
   754 :  1.2174825e-27  1.6393903e-28 -2.6492846e-27
   755 :  1.8276961e-01  6.2105117e-02  1.1009523e-01
   756 :  4.1139837e-20  1.6987216e-20 -1.0481547e-19
   757 : -1.1543886e-49  3.0389326e-50  4.1860572e-50
   758 :  1.5723524e-04  8.7791369e-04 -2.8662999e-04
   759 : -1.0836782e-15  7.3019563e-16 -5.8132683e-16
   760 : -1.0153896e-23  1.8649798e-23  2.5706732e-24
   761 :  8.3386746e-15 -1.6788713e-14 -3.1276973e-15
   762 :  2.3949526e-04 -1.5307156e-04  1.1107817e-05
   763 : -1.8656875e-39  2.1474908e-38 -9.7528913e-39
   764 : -1.1244785e-39  4.2459657e-39 -1.5596471e-39
   765 :  2.1305647e-01  1.6665233e-01 -6.6675812e-02
   766 : -7.5901777e-19  1.8164950e-18 -2.5869866e-19
   767 : -3.0409156e-05 -7.8182788e-05  1.3772535e-04
   768 : -5.7294469e-34  2.5875246e-35  5.0468964e-34
   769 :  1.8766429e-01  1.6299593e-01  1.1858543e-01
   770 : -3.4721256e-15  9.3179910e-15 -4.1659713e-14
   771 :  2.1771732e-10  7.8681736e-10 -3.3576352e-10
   772 :  2.3251310e-06 -1.1450466e-06  1.7523756e-06
   773 : -7.6362143e-18  1.9460720e-17 -3.5179307e-18
   774 : -2.2969245e-01 -1.3851459e-01 -1.0799046e-01
   775 :  1.8668583e-03 -1.1965300e-05 -6.5582062e-03
   776 :  2.7131013e-17  1.8460843e-16 -2.2668996e-16
   777 :  3.6068619e-15 -4.8407723e-15 -5.5415723e-15
   778 : -4.6195124e-15  2.2731525e-15  6.3981037e-16
   779 : -7.5601535e-29 -3.4344224e-29  5.4287080e-29
   780 : -7.1957419e-06 -1.9834829e-05 -2.4496530e-06
   781 :  7.8746544e-34 -3.4662531e-33  6.4835552e-33
   782 :  5.2691889e-50  5.7223152e-50 -1.6629154e-49
   783 : -1.4160433e-15 -5.4577247e-15  1.0624010e-14
   784 : -4.8818585e-17 -1.3549782e-16  8.8000895e-17
   785 : -1.5556122e-33  3.3897548e-33 -2.3585478e-34
   786 : -1.1151956e-01 -1.8776856e-01 -1.8066051e-01
   787 :  3.2234186e-01  3.0882993e-01  2.8324379e-01
   788 : -1.2283624e-32  1.5617600e-32 -2.1318940e-32
   789 :  1.1612355e-30 -1.9323477e-31 -1.0155722e-30
   790 :  1.2937224e-13  4.7383105e-12 -4.6956523e-12
   791 :  2.6455144e-10 -2.7722642e-10  1.6756142e-11
   792 :  1.4983914e-06 -5.8197051e-07 -1.4413386e-07
   793 :  7.5878602e-07 -1.5718786e-07 -2.8248720e-07
   794 : -5.0861556e-14  1.0698064e-13  1.8694592e-14
   795 :  9.3438081e-07  4.1796561e-06 -1.6298282e-06
   796 : -5.6013685e-08  4.8726412e-08 -9.8233794e-08
   797 :  6.1032988e-34  7.3209574e-34 -7.3361972e-34
   798 : -5.0760838e-11 -9.6710508e-11  6.3650924e-11
   799 :  1.0289854e-19 -6.6388912e-19  4.1386795e-19
   800 :  1.6267414e-01  2.0749603e-01  1.3320309e-01
   801 :  2.9553191e-31  5.0006575e-32 -6.2622794e-31
   802 :  6.4628122e-16 -1.2927913e-15 -2.1700909e-16
   803 :  7.0059490e-24  1.0012588e-23 -8.0097582e-24
   804 :  2.2846286e-01 -1.7750250e-02  1.1466868e-01
   805 :  1.1127419e-15 -3.7857338e-15  9.4926927e-16
   806 :  1.7263582e-29 -9.2262880e-30  3.2891593e-30
   807 :  1.4391147e-33  3.3738348e-34 -8.6331689e-34
   808 : -1.0973954e-01  1.4611560e-01 -4.5788524e-02
   809 : -1.8185749e-22  2.0948766e-22  1.7831470e-22
   810 :  1.6539598e-32 -9.3101156e-33  2.6527895e-33
   811 :  6.6235017e-51  1.3812358e-51 -1.0728754e-50
   812 : -5.1795528e-19 -8.8787298e-19  2.5026965e-18
   813 :  3.3803756e-16 -1.1232299e-15  4.0410733e-16
   814 : -3.0011478e-46  2.6881815e-47  2.4623610e-46
   815 :  1.0948619e-51 -3.4813906e-51  7.1368841e-52
   816 :  3.0926637e-44 -1.0858752e-44 -9.9873123e-45
   817 : -1.8547910e-45 -1.8550082e-45  5.5754472e-45
   818 : -3.0897585e-49  1.9189465e-48 -1.2895266e-48
   819 : -2.5294900e-16  3.4151121e-16 -4.3544638e-16
   820 :  8.9934769e-48 -2.4534521e-47  4.8962556e-48
   821 : -7.2346699e-08 -4.9714234e-07  2.6303682e-07
   822 : -1.1859467e-12  2.9792834e-12 -5.5229312e-13
   823 : -4.9228200e-25  1.2571468e-24 -2.5945277e-25
   824 :  2.2870615e-25 -2.0644822e-25 -2.6813127e-25
   825 : -7.3648131e-38 -2.5426389e-38  1.7357482e-37
   826 : -3.8985416e-09  5.1621517e-09 -1.6251100e-09
   827 :  4.2923612e-28  2.5354523e-28 -3.3964884e-28
   828 :  1.3928345e-21 -1.4681646e-21 -4.6641078e-22
   829 :  2.0363678e-12  3.5867832e-12 -2.6062017e-12
   830 : -6.3253304e-03 -4.3605913e-03  4.7481211e-03
   831 : -1.2807926e-02  5.8615206e-03 -6.2299636e-03
   832 : -3.6569344e-17 -6.7735249e-18  8.6704130e-17
   833 : -5.8099667e-03 -1.0066545e-02  6.3440718e-03
   834 : -6.9677571e-44  5.1572683e-44 -3.4138892e-44
   835 :  1.9173563e-49 -5.2816785e-49  8.7754113e-49
   836 : -1.8530201e-14  4.5151341e-14 -1.2858193e-14
   837 : -4.2174286e-30 -9.7338270e-30  2.4808565e-29
   838 : -5.4665186e-11  5.7925905e-12  6.3521502e-11
   839 :  5.3852194e-24  3.7432617e-23 -4.7521872e-23
   840 :  4.4909188e-28  3.7661443e-28 -1.2201695e-27
   841 : -1.2914121e-25  7.4388107e-26 -2.0098481e-26
   842 :  1.5337291e-20 -3.7627707e-20  1.0337843e-20
   843 :  2.5620790e-27 -1.5788154e-27 -3.6201778e-27
   844 : -3.0793210e-18 -1.6119694e-17  3.5935827e-17
   845 : -2.3628701e-37  1.8195068e-36 -3.3503456e-36
   846 :  1.7084135e-15 -2.2812699e-14  8.2025999e-15
   847 : -8.4932233e-20  1.5576026e-19 -2.3060367e-19
   848 :  1.7814234e-54 -1.2288677e-53  5.2480365e-54
   849 :  1.9174204e-24 -5.8100959e-24 -1.3948557e-24
   850 : -1.6273956e-22  2.1883622e-21 -4.4056768e-21
   851 : -3.6745138e-24 -9.2000975e-24  1.6776809e-23
   852 : -1.9983378e-40  9.1586981e-40 -3.6977931e-40
   853 :  3.3113166e-09 -1.4297803e-09 -5.2479829e-10
   854 :  5.9442841e-55  3.0280958e-54 -6.9197847e-54
   855 : -2.6626149e-08  1.7849479e-08 -1.4616664e-08
   856 : -5.4953476e-11  6.1116077e-11 -1.0548408e-10
   857 : -1.2923283e-08 -1.5278762e-07  3.5827494e-07
   858 : -3.1960922e-12  3.3443910e-12 -1.8310157e-14
   859 :  3.8332882e-40  1.0652835e-39 -1.8592926e-39
   860 :  3.9912005e-14  3.3867720e-13 -1.6476917e-13
   861 :  1.0290839e-13 -7.9474554e-14  7.4512610e-14
   862 :  2.4420827e-15 -8.9216345e-16 -4.1168541e-15
   863 :  4.2128978e-11 -1.8827028e-10  2.0761581e-11
   864 :  7.9032651e-10 -1.6876496e-09  5.2250039e-09
   865 : -3.0203395e-07 -1.2551515e-06  2.8931529e-06
   866 : -4.7361385e-02  1.5442986e-01  2.1397005e-01
   867 :  3.6969297e-06 -5.6645008e-05 -2.9680412e-05
   868 : -1.5844518e-17 -1.6261758e-16  1.9731751e-16
   869 : -3.7103218e-17 -1.4896643e-17  2.4437088e-17
   870 : -1.6063388e-19 -7.4668048e-19  4.2339581e-19
   871 :  1.6210067e-08  1.5025936e-08 -5.1905830e-08
   872 : -3.9617327e-08  1.3954740e-08  8.8935092e-09
   873 : -1.5538181e-02  5.4721984e-03  1.0336348e-01
   874 :  1.3024888e-01  8.6741004e-02 -4.1079365e-02
   875 : -4.4712510e-25  1.8606287e-25 -2.6865603e-27
   876 :  4.7717366e-25  7.3459532e-24 -8.2754273e-24
   877 :  4.2431898e-47 -5.1256481e-47  6.0238700e-47
   878 :  3.4229023e-44 -9.3690494e-44  2.6490619e-44
   879 :  3.3641193e-28 -3.7463819e-28  4.1881873e-28
   880 :  3.9593940e-26 -9.1604404e-26  2.5554138e-26
   881 : -8.0167215e-46  2.8810630e-46  2.2410304e-46
   882 :  8.6936944e-44 -2.0269831e-44 -1.5402521e-43
   883 : -3.4726170e-28  2.0106093e-28 -6.0035659e-29
   884 : -2.9312425e-27  2.1594293e-26 -9.0101098e-27
   885 :  4.3531317e-13 -1.3072016e-12  3.0395986e-13
   886 :  3.4167468e-14 -3.5280312e-14  5.4223852e-14
   887 : -9.2564389e-14  5.1436795e-13  4.8954766e-13
   888 : -5.9242933e-13 -7.7949937e-12  3.1636540e-12
   889 :  4.0989821e-05  4.4876990e-04 -7.6444074e-05
   890 : -3.5295799e-05 -6.0711002e-06 -1.2143471e-05
   891 : -2.4469910e-26  1.1616590e-25 -2.0916880e-25
   892 : -2.8274704e-23  5.6083126e-23  1.1699545e-24
   893 :  2.6443499e-14 -7.4718103e-15 -1.1344820e-14
   894 : -3.4280582e-13  2.8583713e-13  4.4316532e-13
   895 :  9.6296001e-05  1.3901404e-04 -1.2680250e-04
   896 : -3.2069948e-05  1.4687684e-05  6.3694148e-07
   897 :  1.7824909e-28  2.5163684e-28 -6.8739632e-28
   898 : -2.3050892e-26  4.0280626e-26  8.6528166e-27
   899 :  1.4727633e-05 -1.2264508e-05 -2.2522686e-05
   900 : -1.0446120e-05  2.9373989e-06  4.8080865e-06
   901 :  5.8400682e-18  6.1780680e-17 -1.3643492e-16
   902 : -4.1600497e-15  8.4086407e-15  1.0138219e-15
   903 : -7.1881240e-09  1.1736042e-08 -1.2587805e-09
   904 : -3.3472610e-10  6.1260999e-10 -9.0441977e-10
   905 :  8.6639288e-10  5.3989354e-09 -1.7375699e-09
   906 :  3.2210254e-06 -9.9709696e-06  2.5774705e-06
   907 :  1.0326029e-06 -5.8333524e-07  3.9381871e-07
   908 :  2.1474103e-10 -1.0681062e-10  1.8462697e-11
   909 : -1.1727143e-10 -4.1755795e-09  2.0517834e-09
   910 :  1.2264257e-10  1.1962561e-10 -3.8207919e-10
   911 : -7.2191102e-11  1.9915040e-11  1.6186370e-11
