Number of elements 912
     0 : -6.3039123e-41  7.4629022e-41  5.1955163e-41
     1 : -2.2896172e-24  5.2669312e-24 -6.7059954e-25
     2 :  1.0109927e+00  8.5002194e-01  9.5825200e-01
     3 :  1.0335299e-29  2.2444762e-29 -4.3332424e-29
     4 :  7.5356490e-02 -1.2899921e-02 -2.2293446e-02
     5 :  1.9871641e-04 -2.6882263e-04  5.6619174e-04
     6 :  7.9384947e-58  1.6007587e-57 -3.1910550e-57
     7 : -8.7002926e-23 -4.4422733e-22  3.0077079e-22
     8 :  8.2125124e-20 -4.9183457e-20 -1.6165341e-20
     9 :  4.0649638e-54 -2.2186727e-53  1.3964185e-53
    10 :  1.3121240e-20 -3.8653626e-21 -2.2737756e-20
    11 : -3.7318634e-59  7.1863049e-59  3.1346565e-60
    12 :  4.2807484e-03 -3.9451053e-03 -6.4796891e-03
    13 :  1.0622175e-15 -2.3314795e-16 -5.6103305e-16
    14 :  1.0465384e-32 -1.7506056e-32  2.3896005e-33
    15 : -5.2161919e-19  9.0668995e-19  2.0225604e-19
    16 :  8.4578482e-62 -1.4274820e-61 -2.7250103e-62
    17 : -5.8464180e-45  1.2266130e-44 -4.1161069e-46
    18 :  2.1353622e-19 -8.5182800e-19  3.0619664e-19
    19 :  1.0999046e-72 -1.3769880e-72 -8.2870333e-73
    20 : -1.2471197e-45  4.7881560e-46  2.2159175e-45
    21 : -4.3110643e-17  8.3181706e-16 -7.2482159e-16
    22 : -8.0490973e-15 -5.2900265e-15  6.4730786e-15
    23 :  4.4512780e-67 -3.4998154e-67  2.5721341e-67
    24 :  5.8452792e-23 -4.4144122e-23 -7.6573989e-23
    25 : -2.3943581e-70 -2.8224547e-70  2.5912119e-70
    26 :  1.4658881e-22  7.6150414e-22 -4.4404899e-22
    27 : -7.4684803e-16  1.4855889e-15  1.0253172e-16
    28 : -4.1530725e-15  1.3947351e-14 -4.9040750e-15
    29 : -2.3011640e-28 -1.0792393e-25  1.0891769e-25
    30 :  9.9949190e-22  1.3754930e-20 -1.5760290e-20
    31 :  1.5547648e-30 -1.1872406e-30 -1.9421910e-30
    32 :  2.1860739e-59  2.6751470e-59 -7.3022549e-59
    33 :  1.6384426e-11 -1.0697382e-11 -2.5543416e-11
    34 :  2.8821410e-73 -2.0619712e-73 -3.7059312e-73
    35 : -1.6043450e-30  5.6162046e-31  2.4053068e-30
    36 :  6.4587731e-01  7.8227278e-01  8.5996751e-02
    37 :  2.2851628e-10  3.2161634e-10 -2.5611075e-10
    38 :  3.4743808e-17 -1.2422781e-16  2.2256807e-17
    39 :  2.5118363e-24  7.3447254e-25 -5.8674538e-24
    40 :  1.8018466e-28 -3.9586660e-28  7.8018214e-29
    41 : -3.8541253e-15  7.4771400e-15  3.3881281e-16
    42 : -8.2026875e-70  1.5612535e-69 -2.7171892e-70
    43 : -1.5605499e-41  5.6151921e-41 -2.5100153e-41
    44 : -1.8587820e-11 -2.2393789e-11  5.3379439e-11
    45 :  1.9428959e-33  2.0540273e-33 -6.0888896e-33
    46 :  2.4997366e-37  3.4217873e-36 -7.1394554e-36
    47 :  9.7221275e-58  4.7477904e-57 -1.0495751e-56
    48 : -4.3048527e-62  9.6721723e-60 -3.7804413e-60
    49 :  6.2298696e-18 -8.1615282e-18 -4.5056984e-18
    50 :  4.4984056e-12 -2.5278399e-11  1.0303727e-11
    51 : -2.0057366e-04  8.5609886e-05  9.0411939e-06
    52 : -2.9332881e-20  4.8665651e-20 -5.2698194e-21
    53 :  3.0277128e-58 -2.2887990e-58  1.2661500e-58
    54 : -1.3160787e-13 -1.2485226e-13  3.9150010e-13
    55 : -4.7314151e-16 -2.3052721e-14  3.3947430e-14
    56 :  1.0997119e-03  4.2751417e-04 -4.0454143e-04
    57 : -7.4299126e-18 -1.3711311e-17  3.3994116e-17
    58 :  3.8647967e-08 -6.8735603e-08 -1.0942476e-08
    59 : -2.2722697e-22 -1.6609608e-20  8.1436190e-21
    60 :  1.6243103e-13 -3.2739166e-14 -2.9604924e-13
    61 : -8.4752451e-07  6.5839979e-07 -6.1007517e-07
    62 :  9.8526285e-23  2.8585991e-23 -6.2667640e-23
    63 :  3.2877699e-11  2.2494006e-11 -2.6182892e-11
    64 : -2.3131622e-22  2.0958990e-22  2.5587818e-22
    65 : -1.0737574e-26  1.1457912e-26 -1.2239903e-27
    66 : -2.8005653e-30  6.3134590e-30 -5.7460984e-31
    67 : -4.4262346e-62 -6.3318475e-63  9.5122145e-62
    68 :  9.4811309e-61 -1.9018686e-60  1.2718516e-63
    69 : -3.7903764e-62  2.1673416e-62  5.4285310e-62
    70 :  5.6068925e-35 -2.8506753e-34  1.7315051e-34
    71 :  4.7517148e-12 -3.4202292e-12 -6.5964284e-12
    72 : -1.2331861e-64  4.2870465e-64 -1.8157080e-64
    73 : -8.3147772e-10  7.4195926e-10  1.0079217e-09
    74 :  4.4965710e-50  1.5133796e-49 -9.7937340e-50
    75 :  5.5499110e-48 -1.1835466e-48 -2.1607015e-48
    76 :  1.9588920e-64 -2.5983897e-65 -8.4085065e-65
    77 :  1.4203940e-50 -1.1486211e-50 -1.7130392e-50
    78 : -2.4788282e-54  5.3891291e-54 -3.6199029e-55
    79 :  7.2679649e-43 -7.3003813e-43  7.4406203e-43
    80 : -1.2657740e-83  4.9159898e-83 -2.4100062e-83
    81 : -6.3309787e-59 -2.4127679e-58  1.5220486e-58
    82 :  2.5081370e-02  9.0197663e-01  1.2405536e-01
    83 : -5.3215642e-74 -3.0478896e-73  4.1138725e-73
    84 :  6.1953505e-70 -2.1686393e-69  7.6133289e-70
    85 : -1.8222810e-03 -1.4734100e-03  1.3776441e-03
    86 : -8.7524990e-44 -9.3891762e-44  2.7619394e-43
    87 : -6.4503238e-41  1.1275839e-40  1.6741463e-41
    88 :  7.9667797e-30  6.2201530e-30 -7.0507378e-30
    89 : -5.0387036e-09  6.7386263e-09  2.1547940e-09
    90 : -1.2953477e-66 -4.0348985e-66  2.6633999e-66
    91 : -8.2654615e-03  3.3834224e-03 -6.0805230e-03
    92 :  5.7020385e-35 -3.9322496e-35 -4.4383783e-36
    93 : -2.3619196e-83 -4.1558040e-83  9.2534222e-83
    94 : -2.0588339e-38  4.2130613e-39  1.3270541e-38
    95 :  5.5238630e-61 -1.3096293e-61 -2.9028128e-61
    96 : -4.7507297e-30  1.2171143e-29 -1.9370804e-29
    97 : -8.1427031e-32  1.0409414e-31  5.8810760e-32
    98 :  2.0327835e-01  7.4598060e-01  6.5496574e-02
    99 : -3.5882084e-55 -2.7906235e-54  1.5753348e-54
   100 : -1.5621392e-59  1.1906755e-59  7.9602542e-60
   101 :  5.5619979e-28 -2.5434830e-28 -1.4919471e-28
   102 : -5.0983177e-18 -3.5189897e-17  1.9919963e-17
   103 :  6.8855407e-76 -6.7242345e-76 -7.0670623e-76
   104 : -2.7503629e-35  4.4863245e-36  1.1395191e-35
   105 : -1.1349114e-19  1.9935173e-20  7.3183950e-20
   106 :  2.0503271e-24 -3.7136656e-24 -5.9522193e-25
   107 : -1.2354180e-25 -1.4287578e-25 -2.0933189e-25
   108 :  2.6360004e-24  1.7281563e-24 -6.0990602e-24
   109 :  6.3246083e-18  8.7372937e-18 -2.4754292e-17
   110 : -3.0844201e-11  6.9617969e-11 -1.7047424e-11
   111 : -5.5120456e-23  1.9439521e-23  1.6922507e-23
   112 : -1.3922761e-54 -2.7740734e-54  5.7735251e-54
   113 : -2.2142929e-05  7.8889465e-06  5.8252590e-06
   114 :  6.8090119e-34  2.1011915e-33 -3.4828402e-33
   115 :  3.1359656e-18  9.3510024e-18 -6.1113698e-18
   116 : -2.6143047e-12 -6.4545081e-10  3.0956866e-10
   117 : -9.1628062e-03  4.0260141e-05  2.7577771e-03
   118 : -3.1924517e-02  2.9513188e-01  8.6981988e-01
   119 : -1.8472772e-64 -3.9079101e-65  2.7143139e-64
   120 :  1.3460271e-31 -2.1427165e-31  2.9629014e-31
   121 : -1.8062466e-49 -1.1015351e-47  8.8699695e-48
   122 : -2.5210123e-16 -1.1227059e-15  6.6208162e-16
   123 : -4.3977305e-76  1.9067889e-75 -1.7102182e-75
   124 :  2.2651827e-56 -1.4558733e-56 -4.0256723e-57
   125 :  3.5749861e-79 -1.0598390e-78  3.4487077e-79
   126 :  1.0089922e-43 -8.7426085e-44 -1.1669152e-43
   127 : -3.2735675e-47  3.3201450e-47  3.2634078e-47
   128 : -5.3522051e-18  3.6972574e-18  7.0804221e-18
   129 :  9.0080882e-41  1.0703177e-40 -3.0890043e-40
   130 : -1.0745876e-05 -3.6266827e-06  3.4396847e-05
   131 :  7.3049592e-13 -1.7360953e-13 -3.2471509e-13
   132 :  5.3755994e-16 -2.2307352e-15  8.5333671e-16
   133 :  9.5110746e-10 -1.6995731e-09  3.4753466e-10
   134 :  8.7185908e-17 -3.1539154e-17 -2.4889352e-17
   135 :  8.5143045e-22  9.6486624e-20 -7.5618958e-20
   136 :  9.2709506e-26  8.8140145e-27 -5.3554424e-26
   137 :  3.0534210e-19 -2.3989083e-19 -3.7831487e-19
   138 :  2.4178438e-23  1.1752125e-22 -1.1894653e-22
   139 :  7.9609412e-23 -1.6514170e-22  4.2854628e-23
   140 : -6.5329436e-51  8.5170987e-51 -9.9141276e-52
   141 : -2.7348602e-48  2.6421806e-48  2.8549845e-48
   142 : -2.5582671e-23 -5.3212579e-23  1.0114333e-22
   143 :  3.6032796e-65  4.3614940e-65 -1.2592886e-64
   144 :  3.2268908e-25  3.4259366e-25 -3.2729653e-25
   145 : -5.3732415e-31  6.9617864e-30 -3.1864334e-30
   146 :  5.0116554e-36 -9.7271584e-36 -3.6448931e-37
   147 :  3.9360880e-62 -2.7669696e-62 -5.6540452e-63
   148 :  4.2192888e-37 -8.4421219e-37 -7.8813939e-40
   149 :  6.0613331e-02 -1.9000836e-02 -1.0934144e-02
   150 :  8.9952885e-32  4.8614310e-30 -5.0357458e-30
   151 :  5.3410713e-46  6.8925840e-46 -1.7621265e-45
   152 :  5.6228583e-40  2.4542116e-40 -4.0024979e-40
   153 : -1.4092357e-01  1.7235462e-01  2.9113307e-01
   154 : -3.3492336e-82  1.9728379e-82  4.7288667e-82
   155 :  1.4259328e-63 -9.1377580e-64 -1.9731822e-63
   156 :  1.1310213e-66 -1.3786612e-66  1.2424728e-67
   157 : -8.4401804e-34 -3.6483456e-33  5.3501702e-33
   158 :  1.2193077e-21 -1.9097242e-21  3.9847173e-22
   159 :  5.7481954e-28  9.0302459e-28 -7.3739062e-28
   160 :  2.0526112e-81 -3.1961181e-82 -8.6603191e-82
   161 :  1.0760282e-76  1.1007451e-75 -2.3102309e-75
   162 :  3.7925981e-03 -3.8378114e-03 -5.9633978e-03
   163 :  2.7040083e-15 -5.4682152e-15  8.5353022e-15
   164 :  2.1675492e-43 -6.9618458e-44 -3.6644495e-43
   165 :  1.2409100e-25 -5.3367643e-25  2.8363213e-25
   166 :  1.0685757e-67  1.7252093e-68 -2.3144949e-67
   167 :  7.8702779e-21 -3.0841763e-21 -1.6055328e-21
   168 :  5.5000229e-15 -1.7701304e-14  5.7386998e-15
   169 :  9.5485561e-02  9.1911755e-01  9.6867801e-01
   170 :  5.3691794e-60 -1.7562345e-59  2.9900536e-59
   171 :  8.6100696e-60 -1.6697064e-59  2.4803147e-59
   172 :  5.9835843e-14 -1.2612384e-13  4.5984733e-16
   173 : -9.2969560e-17 -4.8359368e-17  1.9262986e-16
   174 :  1.2581911e-23 -2.3063876e-23 -2.4440928e-24
   175 :  1.9207775e-35 -1.2575999e-35  9.9143171e-36
   176 :  2.3952537e-55 -2.1034512e-55 -2.7072497e-55
   177 : -3.4931353e-22  7.0417097e-22  5.0513214e-24
   178 :  8.3992577e-02  9.7162247e-01  1.0260376e-01
   179 : -8.9652850e-22  1.5078445e-21 -2.4172596e-22
   180 : -9.1139767e-63  2.5911723e-63  1.5676847e-62
   181 :  9.5133367e-15  1.0437351e-14 -3.0078576e-14
   182 :  2.1413511e-38 -4.6632265e-39 -1.2053946e-38
   183 :  3.8134188e-11  1.4708308e-11 -6.8662254e-11
   184 :  2.7722418e-84  2.2978364e-83 -1.2864606e-83
   185 : -1.1765741e-46  5.0688265e-47  3.3333855e-47
   186 : -1.5337247e-32 -2.9247538e-32  7.4330770e-32
   187 : -6.5983735e-22 -4.1910549e-20  4.3730569e-20
   188 : -9.8098075e-02  2.3018742e-01  1.8739423e-02
   189 :  4.7481424e-21 -1.1568589e-20  2.0611133e-21
   190 :  5.0312372e-25 -7.7728943e-25  1.3798614e-25
   191 :  3.2760418e-78 -2.3784526e-78 -4.1879489e-78
   192 :  9.3614081e-14 -8.0453220e-14 -1.1361533e-13
   193 :  1.6452660e-04 -1.7767364e-03  1.0172639e-03
   194 :  6.3172076e-02  9.3128607e-02 -6.3559192e-02
   195 : -1.6459537e-35 -4.4274453e-36  1.0425697e-35
   196 :  5.5099600e-64 -5.7937185e-64 -5.2624361e-64
   197 :  2.1837924e-65 -3.5461769e-65 -8.2415489e-66
   198 : -2.5967706e-28  1.6998948e-29  2.2584332e-28
   199 : -4.8229639e-06  2.0299735e-05 -8.2769433e-06
   200 : -9.1256189e-59  5.7725329e-58 -4.7435389e-58
   201 :  1.0661914e-15  3.4484949e-16 -1.7601191e-15
   202 :  1.4564499e-35 -1.5081309e-35 -1.1532540e-35
   203 :  2.5411362e-69  1.0487367e-69 -1.7897901e-69
   204 :  1.8779111e-36 -3.0453390e-36  1.6905780e-36
   205 :  1.3664211e-13  5.0947013e-13 -3.1533809e-13
   206 : -4.0648618e-69  1.8322920e-69 -1.7440814e-70
   207 : -4.7717886e-67  3.1302948e-67 -1.5048082e-67
   208 : -2.8194246e-49  1.5980164e-49  2.9905901e-49
   209 : -3.7074628e-02 -1.1404252e-02  8.2440226e-02
   210 :  3.0656519e-38 -6.4350069e-38  2.9306104e-39
   211 :  1.3851100e-67 -5.8856777e-68 -2.0362829e-68
   212 : -2.3969106e-21  2.1347894e-21  2.4145619e-22
   213 :  3.9209572e-65 -1.4431954e-64  1.3587799e-64
   214 :  1.0255210e-01  5.8244041e-02 -5.0337967e-02
   215 :  1.7783839e-01  9.4146702e-01  7.6845844e-01
   216 :  1.3517943e-20 -1.0850048e-20 -1.6404332e-20
   217 :  5.3947112e-80  2.4214360e-79 -1.4786736e-79
   218 :  2.3328118e-52  3.1865075e-52 -7.8728683e-52
   219 :  3.1425979e-16 -8.7886191e-16  6.5173983e-16
   220 : -1.8801601e-46  9.2075525e-45 -1.8363156e-44
   221 :  9.0284932e-56  4.7957488e-56 -2.2871667e-55
   222 :  6.7758778e-07 -5.4363498e-07  5.2151489e-07
   223 : -4.1269445e-11 -3.1501922e-10  3.0775839e-10
   224 :  6.7521976e-29 -3.7469470e-28  2.3764608e-28
   225 :  2.2500630e-44 -4.0503824e-44 -1.9253712e-46
   226 : -3.1762589e-59  2.3508405e-59  7.7992377e-60
   227 :  4.9762855e-34  2.1022740e-34 -9.2569894e-34
   228 : -5.3583952e-32  1.0185031e-31  6.2938587e-33
   229 :  7.8650332e-38  5.3227450e-38 -6.5482039e-38
   230 : -6.0565042e-57 -2.0634770e-57  4.0422130e-57
   231 :  1.4238156e-58 -5.0779436e-57  4.7914767e-57
   232 :  1.2557780e-75  1.2417698e-75 -1.2473708e-75
   233 :  1.3382380e-55 -8.3559741e-56 -1.6580413e-55
   234 : -6.9590846e-05 -4.8990661e-05  1.8130930e-04
   235 :  3.0440261e-13  1.2117110e-12 -2.7804935e-12
   236 : -3.4357840e-53  1.0769133e-52 -3.8613051e-53
   237 : -2.6628164e-48  7.0723554e-50  5.3278333e-48
   238 : -6.0016966e-75 -1.2402061e-75  3.6197032e-75
   239 : -2.3402539e-55  2.3572641e-54 -4.4882013e-54
   240 :  4.9892415e-65 -1.8690444e-65 -8.1358887e-65
   241 : -1.7351841e-17 -6.0325050e-17  3.6804720e-17
   242 : -2.1170688e-18  1.5229483e-18 -9.6415156e-19
   243 :  1.4005815e-08  1.5774516e-08 -5.0477098e-08
   244 : -3.0984006e-12 -1.7227534e-12  6.7377696e-12
   245 :  1.6074674e-54  5.7530580e-55 -3.3947657e-54
   246 : -1.1877668e-18  6.1334489e-19  2.7937804e-19
   247 :  4.6558924e-08  3.4746777e-08 -1.2062686e-07
   248 :  2.3733526e-79 -9.7874933e-80 -3.7721159e-79
   249 : -6.4964520e-41 -3.1268532e-42  1.3392968e-40
   250 :  6.1020843e-18  6.0998042e-19 -7.3455968e-18
   251 :  1.7920433e-32  4.4967424e-33 -4.1133639e-32
   252 : -1.7128185e-59  3.6938789e-59 -8.7540853e-60
   253 :  8.1328038e-73 -9.8947596e-73  1.1711492e-72
   254 :  1.6225198e-06  2.5348331e-07 -8.2937923e-07
   255 : -1.9708683e-33  8.9548881e-35  7.2441245e-34
   256 :  3.9232432e-20  3.5723919e-18 -1.7756478e-18
   257 :  5.6253702e-11 -7.4420062e-11  7.7614064e-11
   258 : -7.6908845e-35 -1.3990714e-34  3.5319563e-34
   259 :  4.0589536e-47  2.1340971e-46 -4.7005428e-46
   260 : -8.9186926e-18  9.3245231e-17 -7.4405101e-17
   261 :  1.9942371e-36 -1.3056594e-35  2.3368353e-35
   262 :  2.3305328e-54 -5.0517263e-54  2.5801318e-54
   263 : -6.1328597e-62  6.3496146e-62  5.9571124e-62
   264 : -3.0143572e-31 -6.5321603e-32  4.3158417e-31
   265 :  1.7364485e-16 -3.3639048e-16  5.2094172e-16
   266 :  5.0656788e-42  2.0277737e-41 -1.2591369e-41
   267 :  2.7467219e-38  4.2521660e-39 -1.5736456e-38
   268 : -1.0439814e-62 -2.1793763e-61  4.4678911e-61
   269 : -4.3051404e-08  8.0242676e-09  2.6765142e-08
   270 : -7.2631924e-38  4.1308635e-37 -2.4703297e-37
   271 :  4.3099709e-15 -2.0699246e-15 -7.5471849e-17
   272 : -3.6328738e-36  3.0202737e-36 -2.4565134e-36
   273 : -3.8579034e-60  9.8711667e-61  6.7386058e-60
   274 : -1.3972266e-19 -6.1243972e-19  1.0755502e-18
   275 : -1.8178665e-49 -6.3226164e-49  1.0002191e-48
   276 :  2.3791305e-12 -2.4577457e-12  2.2503407e-13
   277 :  1.2881283e-53 -1.7583556e-53 -8.2755418e-54
   278 :  7.3117857e-19 -2.9043039e-19 -1.1449992e-18
   279 :  2.8362828e-32 -6.6473450e-33 -1.0822197e-32
   280 : -1.2178926e-02  3.0958034e-02 -3.2178951e-03
   281 : -3.0503655e-31  4.7962472e-31  1.3781313e-31
   282 : -7.8027143e-45  2.7154329e-44 -4.6866638e-44
   283 :  6.6592465e-51 -3.6951087e-50  2.3609892e-50
   284 : -3.5958194e-53 -1.1560691e-51 -1.1859749e-51
   285 :  8.1590998e-05  6.9276876e-05 -6.5418445e-05
   286 : -2.1162327e-19  2.3514470e-19  1.9887862e-19
   287 :  4.1558813e-26 -5.4102681e-26  6.0040114e-27
   288 : -8.4641126e-03 -1.9062640e-02  8.9650665e-02
   289 : -2.9795365e-25 -2.0356500e-25  7.1196608e-25
   290 :  4.8050873e-04 -1.0661848e-03  2.6403094e-04
   291 : -1.1771482e-32  1.4924890e-32 -1.5550496e-33
   292 :  1.1929439e-08  8.6403851e-09 -2.1940173e-08
   293 : -2.9557737e-49  1.5567421e-49  4.4680523e-49
   294 : -2.3220040e-22  3.1228390e-22 -4.1355778e-22
   295 :  3.6578464e-67 -1.1180482e-67 -1.2655883e-67
   296 :  1.8504567e-13 -1.2005856e-12  8.3174122e-13
   297 : -3.0576418e-27  6.8682370e-27 -6.6216052e-28
   298 :  3.6991264e-30  1.4440628e-29 -1.0820323e-29
   299 : -5.0671910e-73 -2.6136566e-73  1.2175741e-72
   300 : -7.3800191e-13  1.0355735e-13  3.0368428e-13
   301 :  1.3540409e-34 -3.5290162e-34  1.0756784e-34
   302 :  2.7090609e-19 -7.1801985e-19  1.6167139e-19
   303 : -1.6599665e-23 -7.3817098e-23  4.4919504e-23
   304 :  4.0470909e-21 -1.0114821e-21 -2.9584582e-21
   305 :  2.3331344e-33  9.9285374e-35 -1.2045177e-33
   306 :  6.3129496e-10  1.3919604e-11 -3.0081974e-10
   307 :  2.0576367e-22 -1.3410908e-22  1.0583465e-23
   308 :  1.5566975e-29  5.8171708e-29 -1.3387883e-28
   309 :  1.1777639e-72  3.5399436e-72 -2.3568544e-72
   310 :  1.1299693e-25  2.1444021e-25 -4.4170974e-25
   311 :  3.3068878e-20  1.3261618e-20 -8.0341331e-20
   312 :  1.3111460e-64  7.3987410e-65 -2.7809896e-64
   313 :  4.2404577e-49 -1.5425641e-48  4.8380065e-49
   314 :  3.5272674e-71 -2.0643769e-70  3.7794022e-70
   315 : -3.3486461e-57 -1.7650003e-56  1.0466070e-56
   316 : -1.1224588e-09 -4.5086332e-10  7.3786420e-10
   317 :  4.3588635e-73 -1.8768956e-72  1.0009620e-72
   318 :  3.1487267e-13  1.3185566e-13 -2.0510640e-13
   319 :  3.9402914e-15  1.0316841e-14 -1.8293832e-14
   320 :  9.9121687e-02  9.7346736e-01  9.1987128e-01
   321 :  1.3331848e-09 -1.9441288e-09 -8.8057372e-10
   322 :  1.7109080e-70 -4.1763168e-70  7.5310559e-71
   323 :  3.2355750e-81  7.0544407e-83 -1.7069601e-81
   324 : -6.5145528e-56  6.7591400e-54 -3.3241693e-54
   325 :  5.3139424e-46 -1.1580542e-46 -2.9774349e-46
   326 :  8.3998134e-08 -1.0627606e-06  1.0782308e-06
   327 :  4.7852308e-02  9.9713583e-01  5.8849587e-02
   328 :  2.3311564e-19  1.1479065e-18 -7.8321009e-19
   329 :  7.6614262e-53  1.5548619e-51 -8.1544655e-52
   330 : -4.8936390e-76  4.7954363e-77  9.3084640e-76
   331 : -2.9941557e-36  4.3005675e-36  1.7284604e-36
   332 : -1.7678716e-22 -7.0723059e-23  1.2305143e-22
   333 : -1.5954442e-46  1.7065885e-46 -1.8394501e-46
   334 :  1.0402371e-15 -2.4661855e-14  2.2332082e-14
   335 : -6.2920513e-21  1.3899455e-20 -1.2563265e-21
   336 :  2.7845841e-19 -2.0025683e-19 -3.6173880e-19
   337 : -9.1466357e-71 -5.4917115e-70  7.1427751e-70
   338 :  1.6137635e-18 -5.4499291e-18  1.8993977e-18
   339 : -1.0984869e-50  1.4245389e-50  7.8484383e-51
   340 : -6.7261836e-15  2.8012508e-14 -1.3581164e-14
   341 :  1.4230765e-65 -1.1128464e-65 -1.5508890e-66
   342 : -3.4295322e-57  2.1242199e-57  4.7546424e-57
   343 : -7.8064996e-31  4.0709904e-31  1.8567501e-31
   344 :  7.8713930e-13 -1.6120256e-12  3.7901349e-13
   345 : -4.5293975e-05 -7.9416301e-06  2.3556300e-05
   346 : -1.7591989e-57 -9.8942712e-57  5.8049404e-57
   347 : -1.4852978e-14  7.8051603e-15 -1.2127944e-15
   348 :  4.3104138e-31  1.1697551e-30 -7.9831736e-31
   349 :  2.4742862e-33 -1.9159667e-33  1.3863924e-33
   350 : -8.6768623e-15  1.5671195e-14 -2.4211811e-14
   351 : -5.3205338e-46 -1.3738716e-46  3.3319505e-46
   352 : -2.0346206e-13 -2.2740670e-14  2.4878793e-13
   353 :  7.9818065e-21 -1.0385879e-20  1.1752031e-21
   354 :  1.3829719e-01 -8.1464577e-02  1.9627837e-01
   355 :  4.0842476e-02 -2.0712653e-02 -4.1685263e-03
   356 :  3.2314070e-70  6.1452099e-70 -1.2971291e-69
   357 :  8.3011704e-14 -2.4981416e-16 -8.0032931e-14
   358 : -3.8446432e-35  5.2649524e-35  2.4807637e-35
   359 :  4.1903228e-79 -1.2883797e-78  4.3467948e-79
   360 : -4.4311714e-17 -8.7121989e-17  2.2769763e-16
   361 :  5.0380949e-43  1.7101967e-42 -1.1005112e-42
   362 :  5.4574622e-31 -1.1791784e-30  1.8458502e-30
   363 : -1.4126719e-38 -4.4514967e-39  2.3088695e-38
   364 : -5.1514215e-40  4.2117886e-40  4.6109274e-41
   365 :  7.3724799e-34 -2.8860786e-33  3.9138195e-33
   366 :  8.8538544e-61 -8.1028321e-60  6.3202202e-60
   367 :  4.7923715e-26 -2.9703578e-26  1.5090523e-26
   368 : -1.9703399e-16  1.5769323e-15 -1.0172405e-15
   369 :  1.6992642e-33 -1.6953839e-33 -1.4313844e-33
   370 :  2.0115737e-41 -4.1664387e-41  1.3659664e-42
   371 : -1.7254760e-63  8.5623780e-64  9.7168750e-66
   372 :  5.3559753e-32 -8.0782195e-32 -2.6697397e-32
   373 :  6.9496550e-22  8.5099478e-22 -2.5301481e-21
   374 : -5.9228199e-06  1.2376556e-06 -2.2750347e-06
   375 : -1.1794131e-45 -1.6799634e-45  1.4201460e-45
   376 :  1.0152052e-69 -3.4160458e-69  1.4011477e-69
   377 : -1.4188943e-28  1.0463690e-28  1.7980386e-29
   378 :  1.3063897e-40 -2.8626832e-40  4.2965738e-41
   379 : -1.5385514e-74  4.4007141e-74 -1.3262547e-74
   380 : -2.7679124e-10  3.0239972e-10 -3.3799582e-11
   381 :  1.5158514e-33 -8.5879566e-34 -3.2576050e-34
   382 : -1.0032685e-49  2.8816518e-49 -8.7434628e-50
   383 : -1.1787289e-12 -1.0792924e-12  1.0809426e-12
   384 : -2.1836647e-43  7.5539020e-43 -3.1318854e-43
   385 : -5.3182208e-19  9.9442907e-19  8.7998182e-20
   386 : -2.3221297e-10  7.5619530e-11  9.3310878e-11
   387 : -4.4299017e-52 -1.2423411e-51  2.1302916e-51
   388 :  2.1766860e-04 -5.6186350e-05 -7.7559125e-05
   389 : -4.9682250e-44  1.1217357e-43 -1.1708044e-44
   390 :  1.5693949e-17 -3.0367637e-17 -1.4508834e-18
   391 : -2.2162924e-37  1.9902821e-35 -9.8233412e-36
   392 :  1.2500380e-12 -1.0657750e-12  7.4816739e-13
   393 : -6.9088045e-12  2.7143834e-11 -1.2463167e-11
   394 :  8.6196090e-43 -5.2398195e-43 -1.2105296e-42
   395 :  9.1843026e-27  7.3697563e-27 -2.4031154e-26
   396 :  4.6058807e-75  8.7685587e-74 -1.8018252e-73
   397 :  9.6999864e-13 -3.1518220e-12  4.0028422e-13
   398 :  1.3220211e-22 -3.1288970e-22  8.8753673e-23
   399 : -1.5798475e-11  1.2050216e-10 -6.4423582e-11
   400 : -9.5617504e-24 -5.9955139e-24  2.1778526e-23
   401 :  7.8988998e-21 -1.1289676e-20 -4.9308954e-21
   402 :  1.0358642e-41 -5.8298258e-42  2.8290364e-43
   403 :  3.1107729e-40 -4.9867027e-39  4.3628394e-39
   404 :  1.2371607e-62 -2.3841390e-62 -8.3358583e-63
   405 :  3.2128910e-27  7.5274033e-27 -9.0410941e-27
   406 : -1.1471373e-15  6.3336444e-16  2.4429615e-16
   407 :  5.8053000e-11 -8.2459532e-11  1.1798516e-10
   408 : -4.7412698e-09  6.0340226e-10  1.9728854e-09
   409 :  1.3541274e-24  1.1067175e-24 -1.2164373e-24
   410 :  6.9024655e-01  9.9827483e-01  7.7349214e-01
   411 : -1.5057291e-25  3.3170502e-25 -2.6717190e-26
   412 : -1.1075684e-20  7.6457157e-21  1.5026435e-20
   413 :  5.0673252e-68  9.9683828e-68 -2.1576092e-67
   414 :  3.5614503e-04  1.4293342e-05 -3.4875616e-04
   415 : -1.7871413e-23 -2.2207586e-24  3.8388777e-23
   416 :  1.1241109e-49 -5.0019905e-49  8.9261540e-49
   417 : -1.5503674e-15  2.4194069e-14 -4.8753215e-14
   418 :  7.5377674e-10  1.2254338e-09 -2.8632687e-09
   419 : -2.3945845e-63  5.5362955e-63 -1.5620730e-63
   420 :  6.0217432e-59 -5.4352587e-58  4.2305885e-58
   421 : -2.4247757e-54  1.2551223e-53 -7.8163216e-54
   422 : -1.5973957e-32  7.1066029e-33  5.1124187e-33
   423 : -3.6041244e-28  5.5041577e-28  1.9037801e-28
   424 :  1.8043139e-44 -8.5832940e-44  3.3713889e-44
   425 : -9.0435369e-56  3.9034713e-55 -1.4913847e-55
   426 : -3.4484312e-36  1.4371171e-37  1.6411258e-36
   427 :  1.3598986e-43  1.7690555e-44 -3.3005873e-43
   428 : -1.0088835e-41  1.7979774e-41  2.3289050e-42
   429 :  1.7130056e-21  7.0308895e-22 -1.1709414e-21
   430 :  1.8322085e-19 -1.7511618e-19 -2.0492954e-19
   431 :  4.4325764e-27 -9.9053306e-27  9.2238102e-28
   432 : -1.6600030e-31 -5.7320948e-32  2.7989611e-31
   433 :  1.3043944e-67  4.0567474e-67 -6.6695652e-67
   434 :  3.5246416e-08 -5.1168823e-09 -2.3936544e-08
   435 : -3.8026717e-26  7.7818315e-26 -1.1858245e-25
   436 : -1.6931769e-45 -4.8020813e-45  1.0402572e-44
   437 :  5.2720070e-16 -2.9266708e-16  6.4217048e-17
   438 :  2.7752857e-17 -2.0073595e-17  1.4013959e-17
   439 :  3.1052635e-11 -1.8288596e-11  7.2068442e-12
   440 : -1.1488084e-54  3.5204417e-54 -9.7281893e-55
   441 : -1.8547377e-75 -9.1549666e-76  3.5830999e-75
   442 :  7.8861216e-16 -8.3520319e-16  9.9787790e-16
   443 : -3.4311433e-32  5.3696397e-32  1.5311795e-32
   444 :  3.0920872e-17  1.8656882e-17 -3.8595846e-17
   445 :  2.0136258e-37 -5.5163713e-38 -9.4786936e-38
   446 : -2.6573815e-05  1.3033317e-04 -4.6963654e-05
   447 : -3.4272026e-38  1.6937330e-38  8.6074621e-39
   448 : -2.6753789e-24 -3.7473775e-24  3.0801994e-24
   449 :  9.3770930e-66 -2.8528673e-65  9.7578192e-66
   450 : -1.4067981e-70  1.9812619e-70  8.3540302e-71
   451 :  2.2889024e-06  5.9155512e-06 -3.4123970e-06
   452 :  9.9761121e-02  1.5573247e-01 -5.5375577e-02
   453 :  8.4692721e-06 -7.5598643e-06 -8.5350419e-07
   454 : -1.4156982e-02 -1.0701405e-02  4.0150313e-02
   455 :  2.5769446e-40 -2.0791066e-40 -7.0093368e-41
   456 :  5.2268071e-24 -1.4702782e-24 -2.2608403e-24
   457 : -6.8014090e-76  5.1588529e-75 -3.7084339e-75
   458 :  1.2809577e-36  4.4778029e-36 -7.2514201e-36
   459 :  1.4301365e-25  8.6641803e-26 -3.5555306e-25
   460 :  8.6740810e-23 -1.4610676e-22 -3.3171034e-23
   461 : -2.8742429e-41  8.1623754e-42  4.9469190e-41
   462 : -8.7260117e-34  6.4168818e-33 -4.6660447e-33
   463 : -8.0571475e-53 -7.3621006e-53  2.0353530e-52
   464 :  1.6656740e-16  6.0629808e-16 -3.7587939e-16
   465 :  1.2558308e-22 -4.8907293e-23 -2.6737432e-23
   466 :  6.7553105e-12 -8.1516484e-12  7.0797909e-13
   467 :  8.1666516e-57 -1.6027684e-57 -4.9556841e-57
   468 : -1.6234458e-49  1.5839302e-49  2.1420812e-51
   469 : -1.0288859e-73  5.5402829e-74  1.0249988e-73
   470 : -7.6612777e-72  1.0093073e-71 -1.2231999e-72
   471 : -1.8902290e-44  6.6247081e-45  7.0408283e-45
   472 :  3.2732532e-52 -5.5212196e-52 -1.0588921e-52
   473 : -2.1379692e-19  7.4747427e-19 -3.1234047e-19
   474 : -5.6578660e-61 -2.0053831e-61  1.3333776e-60
   475 :  1.7785683e-43 -6.2835212e-45 -1.6525459e-43
   476 : -3.2158150e-42 -4.1415221e-43  1.8018838e-42
   477 : -1.1805629e-79 -1.8941296e-78  3.9169913e-78
   478 :  8.5172996e-25  2.4675957e-25 -2.0009215e-24
   479 : -7.3031000e-77  1.4159921e-76  4.5047896e-78
   480 : -5.2108985e-08 -5.0129273e-09  7.4363053e-08
   481 :  6.8646435e-41 -4.1694419e-41 -1.2234776e-40
   482 :  4.5132936e-62 -1.3986088e-61  4.7302009e-62
   483 : -9.0811481e-11  1.3656582e-10 -1.2576915e-11
   484 : -2.3409920e-26 -1.4236480e-26  1.8358500e-26
   485 : -3.3914547e-24 -1.1567231e-25  6.9553716e-24
   486 :  1.2823143e-01  6.0814484e-01  1.3967479e-01
   487 :  1.4156479e-21 -2.8565002e-22 -9.0869902e-22
   488 :  3.2038893e-10  2.4736263e-08 -9.1502327e-09
   489 :  3.2534776e-65  9.6324552e-66 -7.3312825e-65
   490 : -5.1347174e-55 -2.9641426e-55  4.0437971e-55
   491 : -1.2772200e-57 -2.5514023e-57  1.9123939e-57
   492 : -7.3370455e-20  1.4655791e-19 -2.2372308e-19
   493 :  3.9893289e-12 -9.7156004e-12  8.8705950e-13
   494 : -4.6966957e-12 -3.1945543e-10  2.8781619e-10
   495 : -2.0804901e-29  3.7809087e-29  7.2437646e-30
   496 : -7.5494484e-51 -1.7023840e-50  3.2153930e-50
   497 :  8.0338298e-74  1.4971880e-72 -7.8701207e-73
   498 :  3.0131203e-68  1.2929965e-67 -2.9034204e-67
   499 :  1.0758517e-07 -1.7224308e-07 -7.4404414e-08
   500 : -1.0935381e-72  3.5333155e-73  1.8384441e-72
   501 :  1.7126286e-81 -1.5063511e-80  9.9007341e-81
   502 : -5.2637231e-17 -3.2188960e-16  2.7014178e-16
   503 : -8.4901131e-16  9.4304625e-16 -1.5614278e-16
   504 : -3.4140362e-25  1.2442808e-24 -5.3065352e-25
   505 :  7.5678604e-08 -1.1285935e-08 -2.9590037e-08
   506 : -6.9590981e-52  2.6666769e-51 -1.2715621e-51
   507 : -1.0076733e-48  1.6835912e-48 -1.2295488e-48
   508 :  3.8727712e-48 -5.4556647e-48  8.1152338e-49
   509 :  3.9357352e-21 -1.3583211e-22 -3.6372467e-21
   510 : -4.4617646e-49  3.5851998e-49  5.9257903e-49
   511 :  9.7336596e-39 -2.5937828e-39 -4.0059071e-39
   512 : -6.6772630e-40 -5.0999697e-38  2.5666284e-38
   513 : -7.6134757e-30 -1.4028175e-29  2.9300585e-29
   514 :  2.5038044e-26 -9.1806547e-26  3.6120684e-26
   515 : -1.3349897e-12  7.5526579e-13  2.9640256e-13
   516 :  3.2824296e-51  7.7039120e-51 -5.4842949e-51
   517 : -8.1477004e-12  5.4820632e-12 -3.4854988e-12
   518 : -1.6736248e-26  1.0700358e-26 -4.3058011e-27
   519 :  1.2028902e-39 -6.8105029e-39  4.4024066e-39
   520 : -5.7450890e-29  7.2852174e-29  5.9749589e-29
   521 :  1.8225082e-15 -1.2845747e-15  3.6230354e-17
   522 :  2.5132319e-01  3.5081402e-02  7.3335686e-01
   523 : -1.8030157e-10 -1.8517935e-10  1.7981906e-10
   524 : -2.1802813e-30 -3.5782460e-30  2.8521683e-30
   525 : -2.2027676e-25  1.9917091e-25 -1.8823898e-25
   526 :  3.5449261e-39  2.4930436e-38 -3.6526487e-38
   527 : -5.6048006e-60  1.7371575e-59 -1.2626163e-59
   528 : -9.8357914e-05 -4.3376087e-04  9.8891155e-04
   529 : -8.0707266e-21 -8.0894258e-21  2.2077241e-20
   530 : -7.0894820e-11  5.0723788e-10 -2.3998879e-10
   531 : -9.7517667e-20 -5.7667642e-20  7.4824017e-20
   532 : -3.3103091e-40  2.3779702e-39 -1.7105650e-39
   533 :  4.5529488e-80 -5.7734940e-80  7.0044627e-80
   534 : -1.7614950e-80 -4.7261561e-80  1.1107667e-79
   535 : -1.2048532e-58 -1.3623581e-58  3.7475695e-58
   536 :  2.0240631e-12  6.4690376e-13 -3.1684169e-12
   537 : -3.9582267e-17 -1.4394814e-17  2.5776403e-17
   538 : -4.8645192e-24  2.7589581e-26  4.8420267e-24
   539 :  1.3740632e-59 -3.6715695e-59  6.3174594e-60
   540 :  4.4944400e-53  3.9785387e-53 -1.0776490e-52
   541 : -2.1345977e-50  5.2114324e-50 -2.0165341e-50
   542 : -3.9447553e-29 -1.9113025e-29  2.8404587e-29
   543 :  1.8821561e-62  1.3446136e-62 -1.6105671e-62
   544 :  5.4925627e-28 -1.0170091e-27 -9.9716705e-29
   545 :  1.5374689e-46  7.8180732e-47 -3.8689072e-46
   546 : -5.2030802e-09 -7.4158249e-09  5.7186903e-09
   547 : -3.6323882e-59  7.9873253e-59 -7.1938939e-60
   548 : -7.0359685e-13  7.2838290e-14  4.7329537e-13
   549 : -1.0736467e-49 -2.4914123e-49  6.0959482e-49
   550 :  7.4827859e-23 -1.7530091e-22  3.1677408e-23
   551 : -3.3351347e-13 -5.0701977e-13  1.3626367e-12
   552 : -1.7848030e-15  9.5023892e-15 -4.5810264e-15
   553 :  4.4323569e-18 -1.3118458e-18 -1.6975350e-18
   554 :  1.3689045e-48 -4.5399385e-48  1.5825519e-48
   555 : -3.5118602e-29  4.5982786e-29  2.5511225e-29
   556 :  1.5675962e-51  1.8799274e-51 -1.7161265e-51
   557 : -1.9132728e-02 -7.9828390e-03  9.7889553e-02
   558 :  4.6876834e-19 -3.9774188e-19 -5.5582501e-19
   559 : -1.0027764e-13 -1.4868165e-13  2.4250784e-13
   560 : -2.2140284e-21  1.3755986e-21  4.2057223e-22
   561 :  6.8432223e-05  1.0007034e-04 -6.4975230e-05
   562 :  4.5202236e-41 -1.9559552e-41 -1.2738911e-41
   563 :  3.8790677e-70 -1.5329199e-70 -8.0655534e-71
   564 :  1.8318232e-11 -9.1412359e-12  1.5354595e-12
   565 : -3.8337952e-09  2.2802346e-09 -1.1703471e-09
   566 :  9.7210717e-55 -4.4741485e-54  5.0133024e-54
   567 :  8.9412351e-31 -3.3015855e-30  1.4951242e-30
   568 : -3.9364349e-12  5.6634925e-12  2.7543801e-12
   569 : -4.9500283e-14 -7.4806220e-13  3.5734743e-13
   570 :  1.3359503e-47 -2.2057946e-47 -4.8490237e-48
   571 : -3.7895534e-31  2.5643631e-31  6.0974580e-32
   572 : -1.0154273e-78 -7.8752500e-78  4.4420491e-78
   573 : -6.9727105e-23  2.2966808e-23  1.1897089e-22
   574 :  1.2195053e-20  7.0868484e-20 -1.5649407e-19
   575 : -4.1430204e-03 -1.6229505e-02  3.3640213e-02
   576 : -1.3600036e-27 -5.6066173e-26  5.9245530e-26
   577 :  1.6083741e-01 -2.1609088e-02  1.7614391e-01
   578 :  2.2936797e-84 -7.5729821e-84  2.9806890e-84
   579 : -1.2441994e-07 -5.4721323e-07  2.9772863e-07
   580 : -9.5240084e-04  4.1884839e-04  3.0187621e-04
   581 :  2.7767375e-47  3.1687105e-47 -8.7711307e-47
   582 :  1.2994051e-76 -5.1585965e-76  1.9267560e-76
   583 :  4.3544224e-47 -1.7062971e-46  8.1672099e-47
   584 :  1.2578030e-64 -2.3592546e-64 -1.5731335e-65
   585 :  2.3516668e-12  1.1276573e-11 -6.5270093e-12
   586 : -1.2914403e-56  3.6597439e-56 -1.0777464e-56
   587 : -7.4640189e-41  1.5858982e-41  1.3316294e-40
   588 :  5.7389005e-54 -7.2427746e-54  7.4579526e-55
   589 :  1.3616176e-14 -4.5665099e-15 -2.3174546e-14
   590 :  3.9355774e-14 -2.5696488e-14 -5.7011900e-14
   591 : -5.1798545e-71  8.0495770e-71  2.3136222e-71
   592 : -1.7200341e-49 -5.3953594e-49  1.2522255e-48
   593 :  1.0609587e-39 -2.3200310e-40 -5.9081561e-40
   594 : -1.0585954e-44  5.9499492e-44 -2.4346310e-44
   595 :  2.0799292e-24 -2.5498240e-23  5.0078072e-23
   596 : -5.0995497e-26  1.3934069e-25 -3.7610115e-26
   597 : -1.7664572e-34 -1.1197486e-33  6.9059707e-34
   598 : -2.3460554e-40 -1.4142053e-39  8.2271004e-40
   599 :  7.5969581e-06 -1.7333531e-06 -4.3926979e-06
   600 : -2.1136491e-27  1.5669146e-27  2.7072483e-27
   601 :  1.4000063e-05 -5.1874138e-06 -2.5906030e-06
   602 : -1.8521388e-57 -2.2196632e-56  1.1977987e-56
   603 : -5.4372001e-63 -7.8339655e-63  2.1216821e-62
   604 :  4.1257200e-47 -2.6274616e-47  1.1330188e-47
   605 : -5.2655305e-36  9.5930831e-36  9.9393340e-37
   606 :  1.8813778e-01  7.4155371e-01  4.2791564e-02
   607 :  3.4011362e-27 -3.1724070e-27 -3.7101518e-27
   608 :  6.5991002e-51  4.4355773e-50 -2.5331110e-50
   609 :  9.0472723e-45  1.6074788e-44 -1.7010889e-44
   610 : -1.3364019e-62 -3.6017293e-62  8.5460829e-62
   611 :  3.5240364e-07 -1.2748479e-07 -8.5252564e-08
   612 : -2.6803839e-30 -1.7523937e-27  1.7733972e-27
   613 :  2.9348065e-37  1.5563978e-37 -7.4512248e-37
   614 : -8.0477224e-15  1.1486337e-14  4.7477249e-15
   615 :  2.8218885e-33 -3.0135658e-33 -2.6532699e-33
   616 :  4.0478616e-66 -4.8092613e-66 -3.2927420e-66
   617 :  1.1654297e-36  8.3246704e-37 -9.8729458e-37
   618 : -4.8387238e-43  2.3803424e-43  1.2252760e-43
   619 :  3.0059803e-52 -4.8803951e-52 -1.1340650e-52
   620 : -7.5718731e-37  8.6566996e-37 -9.8810922e-37
   621 : -1.8534712e-28 -3.0206942e-28  6.7483394e-28
   622 :  2.0117663e-09  1.7022317e-08 -2.1596531e-08
   623 :  5.7178100e-18  2.3217702e-18 -9.0378416e-18
   624 :  1.5632300e-32 -3.7195505e-32  1.0810940e-32
   625 : -2.7290910e-33 -1.5794855e-34  1.4408959e-33
   626 : -1.5283571e-86  5.4114151e-86 -1.7226163e-86
   627 :  1.4975770e-55 -4.2793316e-55  1.2836903e-55
   628 :  4.0222081e-43 -9.1280883e-43  2.5477786e-43
   629 : -5.8320603e-18  1.9318443e-17 -7.3441820e-18
   630 :  2.0805766e-12  4.2070423e-13 -3.2273507e-12
   631 :  1.7126248e-39 -1.0763770e-38  4.3141262e-39
   632 : -1.5753446e-62  3.5396317e-62 -3.8674036e-63
   633 :  6.9032425e-19 -7.1832641e-19  1.0588961e-19
   634 : -2.9311392e-24 -2.3908524e-24  8.0114376e-24
   635 : -5.2966156e-17  3.5949765e-18  2.0557673e-17
   636 :  3.5861656e-14  2.3625079e-14 -2.8010536e-14
   637 :  5.5273357e-11 -2.9791513e-11  7.7745304e-12
   638 :  3.2774876e-08 -2.7781884e-08 -4.2536566e-08
   639 :  4.7947817e-14  2.3064445e-14 -3.3779715e-14
   640 : -1.1935698e-02 -9.5024622e-03  2.9383295e-02
   641 : -5.9953187e-52  1.5085677e-51 -3.0805862e-52
   642 :  1.1341060e-22  9.0029330e-21 -9.1932262e-21
   643 :  8.0081285e-17 -3.9133506e-16  7.3473103e-16
   644 : -5.1186317e-17 -1.9854200e-17  9.1291785e-17
   645 :  4.3849684e-28  3.3413923e-27 -3.3656968e-27
   646 :  1.6567623e-29  5.7070202e-29 -1.0024006e-28
   647 :  1.0519859e-05 -8.8102771e-06 -1.9072201e-05
   648 :  1.1750862e-30  6.1003457e-30 -4.3968515e-30
   649 :  7.4565837e-15  4.6880419e-14 -7.8678305e-15
   650 : -1.9378080e-30  1.4502474e-30 -9.7962743e-31
   651 :  1.1938086e-08  2.0646107e-08 -4.5915940e-08
   652 :  5.6336490e-28  6.6536755e-28 -6.0114416e-28
   653 : -9.6022393e-10 -2.2410667e-10  2.2185963e-09
   654 :  4.5628062e-45  3.0865993e-47 -4.2724019e-45
   655 :  5.2668691e-31  9.4532718e-32 -7.4878413e-31
   656 :  1.4410626e-06 -3.2503903e-07 -5.0538826e-07
   657 :  9.1129571e-14 -1.7046093e-13  4.0504051e-16
   658 :  1.2387907e-28  4.1818432e-29 -2.0923210e-28
   659 :  2.0407972e-22 -8.7094059e-23 -5.7196779e-23
   660 :  2.0664307e-09 -1.6476873e-10 -2.7890362e-09
   661 :  2.1266523e-03  1.0190107e-03 -6.0192063e-03
   662 : -7.8918881e-47 -2.6983170e-47  2.5576868e-46
   663 : -7.5142902e-14 -4.7658848e-13  1.0957088e-12
   664 :  6.0455331e-10 -1.0588565e-09  1.7335266e-09
   665 : -2.2120907e-09  1.0307083e-09  3.4210275e-11
   666 : -1.1487954e-68  4.3628577e-69  1.6016561e-68
   667 :  1.5697293e-47 -2.8701169e-47  4.2768136e-47
   668 : -1.0977444e-17 -6.9168132e-16  7.3950464e-16
   669 :  3.9732542e-81 -5.7703146e-81 -1.7747842e-81
   670 :  2.9340480e-12 -1.7637947e-12 -5.7391349e-13
   671 : -1.4449292e-03  2.2256394e-03 -4.3016483e-03
   672 :  4.0595636e-11  3.9765827e-11 -1.2734006e-10
   673 : -1.1372629e-41 -2.5645639e-42  2.2791363e-41
   674 :  1.1283013e-32 -1.1560593e-32 -1.1113960e-32
   675 :  1.5243512e-37 -9.0014411e-38  2.6997337e-38
   676 : -5.3265002e-26  1.2519256e-25 -1.7133469e-26
   677 : -4.3512123e-26  3.9696912e-26 -3.7182455e-26
   678 :  1.6964838e-13  1.9687129e-13 -6.4357925e-13
   679 :  1.1721797e-22 -2.7783514e-22  3.9382955e-23
   680 :  5.5635809e-21 -5.0425859e-22 -1.0915587e-20
   681 : -8.1759002e-48  1.1286095e-47 -1.4571682e-47
   682 : -2.5525936e-49  7.0839229e-50  1.4937955e-50
   683 :  2.0292137e-44 -5.1614278e-45 -3.5792509e-44
   684 : -1.3687774e-57 -6.0761861e-57  3.7030551e-57
   685 : -2.5577591e-24  5.7490093e-24 -4.9896240e-25
   686 : -5.6872553e-35  1.8126715e-35  1.9049040e-35
   687 : -3.4161867e-57  1.4109529e-57  5.6060031e-58
   688 : -2.2254595e-37  3.3928379e-37  1.0954160e-37
   689 : -2.7130170e-07 -3.6782273e-07  2.9191466e-07
   690 : -3.2333198e-25 -4.9439153e-25  3.9829670e-25
   691 :  1.2324294e-25 -9.7566104e-26  8.1731772e-26
   692 : -1.7548736e-28  1.1298289e-27 -1.4665722e-27
   693 : -2.2949705e-84  6.3121253e-84 -1.7236328e-84
   694 :  3.2632427e-54 -2.9656523e-54 -3.5912240e-54
   695 :  1.6195599e-09 -3.5523276e-09  2.4687414e-10
   696 : -2.0385521e-16 -2.9766030e-16  7.3266669e-16
   697 : -4.6064450e-29  1.9351401e-28 -1.1360391e-28
   698 :  8.7217149e-09 -3.4056802e-09 -1.5874989e-09
   699 :  1.1293919e-42 -9.5693318e-42  1.6352573e-41
   700 :  6.6557317e-68  1.2467600e-67 -3.1606596e-67
   701 : -2.0652039e-64  8.4853677e-64 -3.2089643e-64
   702 :  7.5452689e-49  5.9175100e-48 -7.4584717e-48
   703 : -7.4331146e-03 -1.3226071e-05 -1.2117957e-02
   704 : -1.5025894e-31 -1.2188389e-30  2.6162089e-30
   705 :  9.9709561e-53  2.6553491e-51 -1.3666649e-51
   706 :  9.8631808e-06  2.6579268e-05 -8.1429159e-05
   707 :  1.2932119e-16  2.6851915e-16 -1.9449819e-16
   708 : -2.8038587e-19 -3.2991021e-20  1.5038971e-19
   709 : -3.2856914e-36  7.2411958e-36 -1.1288235e-35
   710 : -3.5656751e-39 -3.7699565e-40  4.4028749e-39
   711 :  7.4788827e-33 -4.1704491e-33  1.0530066e-33
   712 :  5.2577269e-16 -7.5820283e-16  8.0177309e-17
   713 :  9.5828760e-32  4.0322318e-30 -6.5185311e-30
   714 :  1.6537980e-01 -7.2435453e-02  1.6692253e-01
   715 :  9.6292686e-26 -4.3801142e-26 -7.1097672e-27
   716 :  1.1445624e-56  1.1828244e-56 -3.5145793e-56
   717 :  1.0120747e-19  3.6535771e-19 -5.8175316e-19
   718 :  1.0756158e-30 -1.0019182e-30  9.4855521e-31
   719 :  2.3919616e-17  3.4195787e-17 -2.7973321e-17
   720 :  2.3393145e-03 -2.6025665e-03 -3.4618218e-03
   721 :  7.4417012e-10 -8.0892272e-10  1.5680626e-09
   722 : -1.7109497e-51 -2.8953396e-52  9.8931380e-52
   723 :  2.2872404e-50 -3.7046023e-51 -2.2601482e-50
   724 :  7.9476031e-50 -5.6619427e-49  2.6236894e-49
   725 :  1.3416094e-14  1.3068227e-14 -4.0886523e-14
   726 : -2.1904594e-37  5.2227569e-38  8.2829321e-38
   727 : -1.7961831e-14  2.2716668e-14 -3.0951999e-14
   728 : -3.9186892e-19  5.7605035e-19  2.5894223e-19
   729 : -2.2446873e-24  3.7099087e-24  8.6581416e-25
   730 : -3.7130965e-29  4.3605393e-29 -5.2524986e-29
   731 : -9.6412205e-49  1.1117568e-48 -7.4198169e-50
   732 : -1.0420567e-46 -1.2194997e-46  1.9771614e-46
   733 : -1.9030520e-28  4.6200815e-28 -1.3171843e-28
   734 : -1.8770391e-07  5.4956051e-07 -1.2457148e-07
   735 :  2.6692092e-30 -1.0037608e-28  4.7981966e-29
   736 :  1.5533955e-06 -5.9703201e-07 -2.5496666e-07
   737 :  3.1072109e-38  3.9106807e-38 -1.1040444e-37
   738 :  9.9914724e-15 -9.7944867e-15  1.0979506e-14
   739 : -2.6389245e-03 -1.5853190e-02  5.5996118e-03
   740 : -7.0959699e-26  2.0848450e-25 -6.4004094e-26
   741 : -9.8878350e-11  4.4363666e-10 -2.8298548e-10
   742 :  1.8479258e-30  3.2311436e-30 -6.9670793e-30
   743 :  1.4617114e-26 -1.4586629e-26  1.6244034e-26
   744 :  8.6635822e-01  4.4267660e-01  5.4058112e-01
   745 : -1.1020924e-51  6.5389960e-52  1.5734540e-51
   746 :  5.1566344e-43 -2.7803224e-42  1.7310389e-42
   747 : -1.2577214e-34  1.4125511e-33 -2.7526653e-33
   748 : -1.2282424e-27 -2.1161447e-27  5.6568970e-27
   749 : -2.7322948e-18  7.0253382e-18 -1.3399297e-18
   750 :  1.5997115e-53 -1.7996841e-53 -1.4201077e-53
   751 :  2.2452744e-01  7.7967563e-01  7.9011427e-01
   752 :  6.8190088e-28 -8.5860722e-28 -5.3124257e-28
   753 : -2.1435177e-19  6.1886202e-19 -1.6834305e-19
   754 :  9.9992282e-46  1.7094659e-46 -2.1746362e-45
   755 :  1.4952801e-01  5.7555119e-01  4.6106200e-01
   756 :  2.3287207e-35  5.4920159e-36 -5.2456579e-35
   757 :  1.4171326e-78 -5.7127686e-79 -4.3137606e-79
   758 : -1.3703706e-06 -3.5353052e-06  2.2654592e-06
   759 : -6.9971790e-28  4.4353470e-28 -2.1031321e-28
   760 : -4.3422861e-40  6.1328336e-40  2.6057612e-40
   761 :  5.2186743e-26 -8.1953973e-26 -2.4859807e-26
   762 : -9.7042554e-08  1.6802657e-07 -3.6791537e-08
   763 :  1.4802302e-60 -3.8215066e-60  1.1701521e-60
   764 :  7.9929243e-62  6.6162902e-61 -3.7060211e-61
   765 :  1.3813693e-01  2.5860772e-01  8.2346256e-01
   766 : -5.2891231e-32  1.2935083e-31 -2.3280734e-32
   767 :  2.6556381e-08  7.4786660e-08 -1.3304736e-07
   768 : -3.9338186e-54  5.5244713e-54 -7.1656161e-54
   769 :  2.1021045e-01  1.2616619e-01  5.0524301e-01
   770 : -7.6396638e-25  8.8175308e-25 -1.1195636e-24
   771 : -9.1637269e-16  2.0333458e-15 -1.3252808e-16
   772 :  4.3568114e-12 -4.2755909e-12  4.8061683e-12
   773 : -4.3741062e-30  9.2016024e-30 -3.9705121e-31
   774 :  1.0920968e+00  7.6546761e-01  7.9038248e-01
   775 : -2.5791301e-06  5.2912444e-06  2.2563739e-08
   776 :  1.0201498e-27  3.1825257e-27 -4.9230963e-27
   777 :  4.5778364e-27 -4.6082963e-27 -4.9758561e-27
   778 : -1.8373131e-26 -3.1140725e-26  2.3693127e-26
   779 : -6.0348936e-47 -2.7538848e-47  4.3875096e-47
   780 :  1.6939233e-10  6.3105418e-09 -2.2920515e-09
   781 : -1.7075486e-51 -1.7716418e-51  5.2740465e-51
   782 :  5.4680358e-77  6.8847425e-77 -1.9248328e-76
   783 : -1.5988682e-27 -6.4271328e-27  1.1247523e-26
   784 : -2.0588117e-30  1.4929902e-30  2.8274677e-31
   785 :  6.5376062e-54 -6.6936398e-53  5.4130598e-53
   786 :  9.4169153e-01  8.3378362e-01  1.0248550e+00
   787 : -6.8654103e-02  9.5555363e-02  1.9197759e-01
   788 : -9.0759412e-52  1.3309879e-51 -1.7785410e-51
   789 :  3.8011631e-51 -6.5232429e-52 -2.2972239e-51
   790 : -2.2745757e-21  4.7098729e-21  5.9665503e-23
   791 :  1.2217498e-18 -2.2288528e-18  5.0711457e-19
   792 :  1.1187999e-12 -5.4676601e-13 -1.7175355e-13
   793 :  2.0689685e-13 -6.6889187e-15 -1.8834579e-13
   794 : -1.2069470e-24  3.1316837e-24 -6.3857137e-25
   795 : -8.0448719e-14  2.2144544e-11 -1.0580796e-11
   796 : -2.1221612e-15  5.6114808e-15 -9.7839353e-15
   797 :  4.2382373e-54  9.0790041e-54 -6.6013516e-54
   798 : -4.0751950e-21 -7.5847711e-21  5.7227185e-21
   799 :  5.4119996e-32 -3.6926699e-31  2.5401392e-31
   800 :  1.5215498e-01  1.7983797e-01  5.5428809e-01
   801 : -1.3351642e-52 -9.4578613e-53  2.7287576e-52
   802 :  1.4848101e-28 -2.6139531e-28 -4.1504113e-29
   803 :  2.9666607e-40  4.6164972e-40 -3.7615898e-40
   804 :  9.0582589e-02  7.9935076e-01  5.9357604e-01
   805 :  1.0201147e-27 -2.9979720e-27  9.0395703e-28
   806 : -3.9014669e-50  3.0076210e-50 -2.1959384e-50
   807 :  7.1274348e-54 -1.1377212e-53  2.1119726e-54
   808 :  9.4092484e-01  5.0645337e-01  8.0329080e-01
   809 : -2.0146807e-39  2.3275152e-39  1.7324903e-39
   810 :  6.2390934e-54 -3.6778153e-54  1.0946050e-54
   811 :  1.1282977e-78  1.7764279e-79 -1.7141820e-78
   812 : -3.9215125e-34 -7.2035781e-34  1.8372147e-33
   813 :  4.5381607e-29 -1.7502708e-28  8.4660242e-29
   814 : -2.8560678e-71 -5.4971936e-74  2.8670561e-71
   815 :  1.2824815e-78 -2.7586605e-78  1.6717285e-79
   816 :  1.0680672e-68 -2.5999876e-69 -4.0389751e-69
   817 : -1.9640741e-70 -2.0857310e-70  6.0150187e-70
   818 : -7.1278372e-76  3.9715088e-75 -2.5437006e-75
   819 : -1.5923341e-27  2.5016922e-27 -3.4165102e-27
   820 :  7.7139133e-74 -2.0984218e-73  4.2532586e-74
   821 : -2.0925298e-13 -1.1043613e-12  6.5184050e-13
   822 : -3.8200905e-22  1.0897660e-21 -3.2369147e-22
   823 : -5.0183270e-42  2.6138446e-41 -1.6209558e-41
   824 :  4.8191207e-44 -4.8309711e-44 -4.8468865e-44
   825 : -6.8546257e-60 -2.0072610e-60  1.5725168e-59
   826 :  1.6253643e-15 -1.8925635e-14  5.0003304e-15
   827 :  3.1048118e-46  2.2596184e-46 -2.6805876e-46
   828 :  2.9010635e-35 -4.9585589e-35  1.8964084e-36
   829 :  2.9965277e-21  7.9404112e-21 -5.4258012e-21
   830 : -7.7331122e-06  1.9852144e-04 -9.4433291e-05
   831 :  1.4258463e-04 -1.4828223e-04  1.8110096e-04
   832 : -5.1409648e-28  6.4224808e-28  3.8918383e-28
   833 :  1.7708772e-05  1.4618071e-04 -7.7456364e-05
   834 : -7.7410816e-68  6.6324402e-68 -5.5321851e-68
   835 :  1.1141579e-75 -4.7784992e-75  8.4526253e-75
   836 : -6.0412619e-25  1.1048885e-24 -2.4755965e-25
   837 : -2.3487381e-47 -3.9188939e-47  1.0244364e-46
   838 : -1.2774821e-20 -2.4290523e-21  1.9722361e-20
   839 : -4.6466140e-39  4.5495423e-39  4.7624392e-39
   840 : -1.6715581e-45  4.6670984e-45 -7.6798848e-45
   841 :  1.5835527e-42 -6.5056693e-44 -1.4528772e-42
   842 :  1.1925318e-34  1.9199991e-34 -1.5862875e-34
   843 : -6.2392464e-44  1.9891184e-43 -7.4029003e-44
   844 : -2.2023173e-32 -2.4944611e-30  5.0255142e-30
   845 : -1.8391165e-57  1.8653347e-56 -3.5371418e-56
   846 :  1.8650466e-26 -1.1719263e-25  4.8875544e-26
   847 : -9.9144336e-34  2.8804799e-33 -4.7793095e-33
   848 :  2.7952922e-83 -1.6888631e-82  7.0478759e-83
   849 : -2.1156687e-42 -1.8979280e-41  5.9356718e-42
   850 :  4.9922944e-36  2.0871844e-36 -9.1473782e-36
   851 :  1.2999695e-38 -3.3905534e-38  7.7894079e-39
   852 : -2.0455722e-63  8.9975068e-63 -3.4923694e-63
   853 :  3.1328591e-16 -3.4409300e-16  2.4030929e-16
   854 :  3.2580632e-83  1.5606732e-82 -3.4517323e-82
   855 : -3.7348411e-14  3.8436740e-15  2.6561461e-14
   856 : -3.4210751e-18  2.8429710e-18 -2.4571483e-18
   857 : -7.0290971e-13  7.4297457e-13 -8.5651130e-13
   858 :  4.2853412e-23  2.1933034e-22 -1.2662043e-22
   859 :  7.5495718e-63  1.6162048e-62 -3.1317840e-62
   860 : -1.2425222e-24  2.9329909e-24 -7.9384990e-25
   861 :  1.0932253e-23 -1.1258871e-23  1.1945193e-23
   862 :  2.7836755e-25  1.8676406e-25 -7.1476209e-25
   863 :  1.6887683e-19 -4.8138159e-19  9.1400148e-20
   864 :  6.9249006e-18 -2.4419588e-17  4.7009553e-17
   865 :  1.6485213e-11  1.7293191e-11 -5.1318400e-11
   866 :  1.1971567e-03  2.4122548e-04 -2.4640731e-03
   867 : -3.4983203e-09  6.7069268e-09  3.4315415e-09
   868 : -1.3524261e-28 -2.6654268e-27  2.9411991e-27
   869 : -1.0247791e-28 -2.8352603e-29  6.4835236e-29
   870 : -6.9475242e-33 -9.7219516e-32  5.1604363e-32
   871 :  3.8238143e-16  2.8342069e-16 -1.0596027e-15
   872 : -5.0194318e-16  2.0688678e-16  1.3532462e-16
   873 :  1.1380419e-03 -6.0649111e-04 -2.1931396e-03
   874 : -5.1674576e-03 -2.4112702e-03  2.6474917e-03
   875 : -5.9127090e-40  2.1655910e-40  4.8958183e-41
   876 :  1.3096041e-38  5.0847230e-38 -7.7115737e-38
   877 :  1.0213144e-72 -1.3141584e-72  1.6073123e-72
   878 :  1.2123249e-68 -3.0084520e-68  7.4515757e-69
   879 :  8.0683982e-48 -5.6382763e-48  3.2165454e-48
   880 :  1.7097818e-45 -1.4508046e-44  6.3897645e-45
   881 : -6.6384206e-71  2.1724603e-71  2.2927007e-71
   882 :  9.5554824e-68 -4.2977124e-68 -1.4818587e-67
   883 : -1.1723339e-45  7.3899049e-46 -3.0818145e-46
   884 : -1.2044122e-43  5.4910694e-43 -2.1356089e-43
   885 :  2.8621975e-21 -5.6385458e-21 -1.8279224e-22
   886 :  5.9194208e-24 -2.5670585e-23  4.7297459e-23
   887 : -6.0324973e-24  4.8601547e-24  1.3012406e-23
   888 : -1.0770773e-22 -3.1571182e-22  2.0309460e-22
   889 : -1.1314590e-07  4.4504205e-07 -1.4670246e-07
   890 : -2.6324962e-08  1.6039358e-08 -1.1668148e-08
   891 :  8.7535752e-42 -1.8339879e-44 -8.7108224e-42
   892 : -1.0550409e-38  1.0972152e-38  1.0186382e-38
   893 :  5.4295345e-27 -1.2009206e-27 -3.0294963e-27
   894 : -6.5158619e-25  6.1599770e-25  6.9867343e-25
   895 : -1.1358555e-07 -2.9780860e-07  1.7556253e-07
   896 :  2.4652798e-08 -8.4007399e-09 -7.4507444e-09
   897 :  7.8000932e-44  5.4106692e-44 -1.8630569e-43
   898 : -4.8027179e-41  6.6582221e-41  3.0199520e-41
   899 : -5.6552290e-10 -4.8897314e-10  1.6832789e-09
   900 :  2.4455997e-10 -1.0633830e-10 -3.6988748e-11
   901 :  1.0006511e-27 -4.0852446e-28 -1.8023357e-28
   902 : -8.0230511e-26 -5.1274896e-26  2.0226699e-25
   903 :  1.6962772e-15  3.5712349e-16 -1.0335093e-15
   904 : -2.4153686e-17 -1.1136021e-17  5.3250124e-17
   905 : -3.3463616e-17  2.9472363e-17  2.0182571e-18
   906 : -5.7294015e-10  9.6908669e-10  2.6114986e-10
   907 :  6.3395591e-12  8.5436935e-12 -2.3975664e-11
   908 :  7.5175870e-18 -2.8510777e-18 -1.7631193e-18
   909 : -2.2984104e-16 -9.0652522e-16  5.6528886e-16
   910 : -1.0320065e-18 -6.6947450e-19  4.1763455e-19
   911 :  6.2409615e-22  1.7369328e-20 -3.5701555e-20
