Number of elements 912
     0 : -1.3800637e-22 -3.7404694e-22  6.8827801e-22
     1 : -2.3802026e-12  6.5945122e-12 -1.5229477e-12
     2 : -6.0839717e-01 -1.3885515e-01 -3.5197770e-01
     3 :  3.9328505e-15 -2.4847148e-15 -5.8791654e-15
     4 :  1.4095891e-01  1.4043525e-01  1.6431077e-01
     5 :  2.0949938e-01  1.4755177e-01  2.1406187e-01
     6 :  7.0041385e-34  7.5699388e-34 -2.1966974e-33
     7 :  1.2384733e-11 -7.5375063e-11  3.9337413e-11
     8 :  8.8737649e-11  6.7153574e-10 -3.1080027e-10
     9 :  9.3648336e-31 -2.5278497e-30  4.7280284e-31
    10 : -4.5300949e-11  1.5007266e-10 -5.1113091e-11
    11 : -1.2875613e-33  1.9605901e-33  7.7482604e-34
    12 :  2.2569611e-01  3.1347022e-01  5.8488828e-01
    13 : -1.2213052e-07  4.9910382e-08 -2.6775305e-08
    14 :  5.5177348e-17 -1.1401302e-16  1.6871108e-17
    15 : -2.7364684e-09  5.2825987e-09  3.3929403e-09
    16 :  1.2750256e-35 -5.8724120e-35  2.9781010e-35
    17 : -2.1414559e-25  1.8764950e-24 -1.2869472e-24
    18 : -8.1370998e-10  2.7554850e-09 -6.8812759e-10
    19 :  1.9740290e-42 -1.4493054e-41  1.8352642e-42
    20 :  4.5484707e-25  3.0078188e-25 -1.2051337e-24
    21 :  2.4490036e-08 -2.4228805e-07  1.1172165e-08
    22 :  3.9481976e-07  9.3352942e-08 -1.9262761e-07
    23 :  1.2665657e-38 -1.7310853e-38  3.2834687e-38
    24 : -3.2983733e-12  1.2809302e-11 -6.5338161e-12
    25 : -5.3849410e-41 -5.6847531e-40  2.7598055e-40
    26 :  1.8566799e-11 -1.9545839e-12 -4.0187664e-12
    27 :  6.9308312e-08 -7.8232366e-08 -5.0138599e-08
    28 : -1.5662472e-08 -7.2828737e-08  3.1469392e-08
    29 : -1.7954660e-13 -1.2290107e-13  5.8872321e-13
    30 : -1.3008512e-10  3.6308034e-10 -8.1333405e-11
    31 :  6.5007004e-16 -4.5662426e-16 -9.4156774e-16
    32 :  1.1882724e-32  1.4526340e-32 -3.9844211e-32
    33 :  2.3593863e-06 -4.1138122e-06 -1.2032325e-07
    34 :  4.8684248e-42 -2.9045866e-42 -6.9579086e-42
    35 : -8.4490015e-16 -4.4621361e-16  2.4703201e-15
    36 : -1.8217454e-02 -1.6326291e-01  1.4095327e-01
    37 : -9.1096481e-05 -4.2877518e-05  1.7698769e-05
    38 :  1.8077568e-08 -6.0611627e-08  2.7746070e-08
    39 : -8.4290692e-13  2.8174227e-12 -8.7033337e-13
    40 :  1.5963078e-13 -6.2110417e-13  1.3673661e-13
    41 :  6.6509398e-08 -1.2799365e-07  3.8688364e-09
    42 : -8.3440527e-40  9.3762874e-40  2.4942785e-40
    43 :  5.5164529e-23 -7.2659109e-23 -4.0960230e-23
    44 :  7.6046946e-06  1.5388679e-05 -3.5919805e-05
    45 : -2.8303023e-18  3.4186514e-18 -4.5888813e-18
    46 : -2.9834892e-19 -1.4203559e-20  3.0785035e-19
    47 :  7.5492975e-33  1.9879534e-31 -4.2197820e-31
    48 : -3.1913072e-36  1.7425032e-34 -7.2478283e-35
    49 : -7.4609572e-10 -3.8392871e-09  5.3125271e-09
    50 :  1.1734521e-06 -5.5761881e-06  2.4489684e-06
    51 :  3.9892216e-02 -1.5795437e-02 -1.5978046e-02
    52 : -2.9914876e-11 -4.8831441e-10  1.5519533e-10
    53 :  8.7596369e-33 -4.7663795e-33  2.7301150e-34
    54 :  1.5384135e-07 -1.4780757e-07  3.3324187e-07
    55 : -7.9230954e-08 -3.3280980e-08  2.4689857e-07
    56 :  1.4622426e-01  2.0115505e-01  1.6007380e-01
    57 :  5.0066292e-09 -2.4130339e-09  5.9380715e-09
    58 :  1.4543475e-03 -4.1758716e-03  1.1622137e-03
    59 : -9.5229317e-10 -4.7286018e-10  4.0784848e-10
    60 : -1.7923052e-06  2.3986949e-06  3.3438385e-06
    61 :  4.0418769e-04  1.1032449e-03 -5.8872545e-04
    62 : -1.4762223e-11 -1.6367255e-11  1.3933022e-11
    63 : -1.5191487e-05 -9.9008410e-06  8.8765694e-06
    64 : -2.7784238e-11  1.4723497e-12  6.0465629e-11
    65 : -5.0674733e-14  1.2414988e-13 -3.0239721e-14
    66 : -1.2778989e-15  3.5261394e-15 -4.6188436e-16
    67 : -3.4548867e-34  4.1185805e-35  6.8193188e-34
    68 : -1.0561834e-33  2.5320673e-33 -3.4658048e-34
    69 : -4.1474602e-34  3.4846216e-34  5.0626575e-34
    70 : -3.7911762e-18 -7.0228964e-19  8.6784886e-18
    71 :  3.7467270e-06  3.0857288e-06 -4.2991952e-06
    72 :  1.8132866e-36 -4.2313718e-36  5.3345549e-37
    73 :  6.8313389e-05 -8.0185005e-05 -1.2758727e-04
    74 :  7.4013566e-26  1.7492632e-25 -1.2271759e-25
    75 :  3.1171293e-26  3.1757695e-26 -2.9359475e-26
    76 :  6.6123614e-37  1.1653506e-36 -8.2828714e-37
    77 :  9.0897332e-29 -1.8271120e-28 -3.2502011e-30
    78 : -2.2519513e-31  5.3060416e-31  2.4388307e-32
    79 :  8.7851127e-23 -8.7051334e-23  1.0285164e-22
    80 :  5.1646617e-48  1.7153091e-47 -1.2764052e-47
    81 :  5.6344718e-31  2.4111326e-30 -1.4750038e-30
    82 :  8.8060658e-01 -3.0958940e-01  9.2215764e-01
    83 : -2.9299076e-42 -9.6058874e-43  7.0188851e-42
    84 : -2.6546154e-39  5.4828573e-39 -6.7933794e-40
    85 :  2.0641784e-01  2.2330173e-01 -7.0922040e-02
    86 :  8.5334774e-25 -9.1018184e-26 -6.3670333e-25
    87 :  6.0329696e-23 -5.0165393e-23 -7.4454915e-23
    88 :  1.7001085e-14  1.2614679e-14 -1.3606828e-14
    89 :  3.9324661e-04 -2.4373699e-05 -9.5886152e-05
    90 : -2.0993182e-37 -6.9291762e-37  4.4688350e-37
    91 :  1.6152094e-01  1.5387597e-01  1.3636010e-01
    92 :  1.6438480e-18 -3.6153869e-18  1.1364080e-18
    93 : -1.4684435e-46  3.0421456e-47  6.4207913e-47
    94 :  5.9952586e-22 -1.8183832e-21  1.3168182e-21
    95 :  2.2479105e-34 -7.2372790e-35 -7.7197690e-35
    96 : -2.6324807e-16  9.3596738e-16 -1.5327054e-15
    97 : -4.1418053e-17 -1.0481459e-16  1.8621334e-16
    98 :  2.0974832e-01 -5.1006931e-02  1.0792943e-01
    99 :  6.0463936e-32 -9.5286492e-32  2.9617119e-32
   100 : -6.5400168e-33  6.0135310e-33  2.8452732e-33
   101 :  2.3381892e-14 -1.0102347e-14 -5.9034986e-15
   102 :  3.2978787e-09  9.9859202e-09 -5.5025239e-09
   103 :  2.1083762e-43 -2.0785149e-43 -2.2537704e-43
   104 : -2.2860178e-19  1.3709211e-19  2.5691278e-20
   105 :  5.3256301e-10 -9.7491323e-11 -1.2830055e-10
   106 :  9.7439523e-13  2.3716695e-13 -2.2702562e-12
   107 :  8.4324573e-13 -3.9494681e-12  8.7555968e-14
   108 :  5.0358584e-12  8.1482073e-12 -2.7644195e-11
   109 :  3.5517296e-09  2.2280430e-09 -1.7754167e-08
   110 :  1.8182797e-05 -5.1823295e-05  1.3693507e-05
   111 : -3.6451507e-12 -8.7161603e-13  1.7456709e-12
   112 : -5.2779524e-30 -2.7896747e-30  1.4323033e-29
   113 :  1.5281435e-02 -5.2773156e-03 -5.3024269e-03
   114 : -1.3582923e-17  3.5691669e-18  9.5631095e-18
   115 :  1.8494683e-08  3.6733358e-08 -1.3822741e-08
   116 :  1.9350220e-05 -4.1465504e-05  1.0078749e-05
   117 :  1.6131669e-01  1.9341916e-01  1.5179260e-01
   118 :  7.7506972e-01  6.3903390e-02 -2.0015053e-01
   119 : -1.8001706e-35 -5.2025630e-36  2.8557580e-35
   120 : -6.8902926e-17  2.3990023e-17  1.8657144e-17
   121 :  3.4836792e-27 -1.4644193e-26  6.8012944e-27
   122 :  1.3172696e-08 -2.7600525e-08  1.0760605e-08
   123 : -1.6243618e-43  1.7374481e-43 -3.0482621e-44
   124 :  4.5086387e-32 -5.8897373e-32  6.8468529e-33
   125 : -2.6528529e-47 -1.0593871e-47  6.4258743e-47
   126 : -1.1729430e-25  1.4031478e-24 -9.2090561e-25
   127 : -4.1102722e-26  3.7356398e-26  5.0559872e-26
   128 :  7.0639125e-10  7.2458417e-09 -7.9826599e-09
   129 :  9.4910462e-22  1.3276914e-21 -3.6954775e-21
   130 : -2.8958763e-03 -5.6942611e-03 -9.1253842e-03
   131 : -4.4109246e-06  5.6895746e-07  2.0517962e-06
   132 :  6.8376248e-09  1.9529489e-08 -3.1170953e-08
   133 : -6.0198949e-05  1.7426409e-04 -2.7492990e-05
   134 : -7.1242790e-08  3.1181151e-08 -1.0264714e-08
   135 :  2.8507492e-10  7.0599769e-11 -7.4956280e-10
   136 :  3.6631663e-13 -3.2602711e-14 -1.7342256e-13
   137 : -1.0785873e-09  3.0958248e-09 -8.5134094e-10
   138 :  2.6484149e-12 -1.6314318e-11  1.2912421e-11
   139 :  2.2241485e-11 -4.0093150e-11  9.3796836e-12
   140 : -5.8395803e-29  1.5406375e-28 -4.5664089e-29
   141 : -2.2346223e-27  6.9639379e-28  4.0096975e-27
   142 :  2.4729555e-11 -1.4694122e-11  1.7482553e-11
   143 :  6.8938774e-37  8.8407896e-36 -1.3366770e-35
   144 :  2.7790754e-13  1.7199243e-14 -1.0801980e-13
   145 :  3.8264094e-16  4.0476156e-16 -3.4332386e-16
   146 : -1.1066659e-19  8.5756968e-20  1.4679494e-19
   147 :  1.6192562e-35 -1.3381440e-35 -6.5532580e-37
   148 :  9.7630439e-20 -6.0278517e-20 -1.3826961e-19
   149 :  1.3639423e-01  1.3552160e-01  1.5010195e-01
   150 : -1.1677000e-15  1.6488234e-15  8.4904069e-16
   151 :  8.5531303e-26 -5.8383232e-27 -1.7715607e-25
   152 :  1.0222182e-21  1.9015763e-23 -4.6966394e-22
   153 :  4.7506488e-01  6.5663111e-02  9.9758264e-02
   154 : -3.8048894e-47  2.1946847e-47  5.0165521e-47
   155 :  4.1261565e-36 -4.7586106e-36 -6.6917551e-36
   156 :  7.5804763e-38 -1.2649539e-37  2.5188719e-38
   157 : -6.0213546e-18 -1.3036550e-17  2.6051742e-17
   158 : -8.2543509e-12  3.1888270e-11 -2.1908192e-11
   159 :  2.0602928e-14  5.3078218e-14 -3.5417247e-14
   160 : -5.2035504e-45  1.0830618e-45  2.0401050e-45
   161 : -5.6507289e-44  3.7327425e-43 -6.9782188e-43
   162 :  4.1600534e-02  1.9002801e-01  1.1970629e-01
   163 : -7.7573876e-08  7.5068492e-08 -1.1958288e-07
   164 :  1.5187743e-25  2.5309189e-24 -2.8400653e-24
   165 :  2.8871247e-13 -1.6572238e-12  1.0479991e-12
   166 :  2.0180448e-37 -3.0123478e-38 -3.8957916e-37
   167 :  9.7369380e-12 -4.0427905e-11  8.8675780e-11
   168 : -1.0165322e-07  1.9759603e-07 -5.3869460e-08
   169 :  9.4680194e-01 -3.8461355e-01 -6.1424219e-01
   170 :  4.0508670e-34 -5.0473848e-34  6.5855514e-34
   171 :  6.2534626e-35 -2.2851230e-34  3.9900774e-34
   172 : -1.3403774e-06  2.5413689e-06  1.8972933e-06
   173 :  1.1078199e-08  1.6317105e-09 -1.3101145e-08
   174 :  4.7534753e-12 -8.7574959e-12 -2.2385107e-12
   175 : -3.9831073e-21 -9.4280889e-20  1.6361946e-19
   176 :  3.9121971e-31 -4.4839510e-31 -3.8051355e-31
   177 :  7.7256736e-12  6.1599937e-12 -2.3017605e-11
   178 :  1.1376762e+00 -4.5634589e-01  4.0729794e-01
   179 :  5.4598248e-11 -3.4132536e-12 -1.2545702e-10
   180 : -2.2997657e-36  7.2647730e-37  4.0405504e-36
   181 : -5.2167731e-08 -2.1676231e-07  2.0461146e-07
   182 :  3.0239766e-22  1.2399338e-21 -3.0060415e-21
   183 :  6.2719151e-06  3.2235994e-06 -1.4632998e-05
   184 :  5.8274048e-47  8.8504501e-46 -4.6274519e-46
   185 : -2.2224485e-25  8.1922419e-26  6.6447160e-26
   186 : -1.1965948e-17 -2.6035400e-17  6.9383922e-17
   187 :  1.1196557e-10 -1.7624293e-10 -1.2034673e-10
   188 :  6.7318514e-01 -3.4250007e-02  8.6115738e-01
   189 :  1.0131984e-10 -6.0704251e-10  3.9039541e-10
   190 : -3.5810238e-13 -9.1783670e-13  5.3311188e-13
   191 :  3.8093441e-43 -3.0965852e-43 -4.8718883e-43
   192 : -2.0991820e-06  1.2269704e-06  4.7072811e-06
   193 :  3.6644177e-02  1.9991276e-01  3.0271077e-02
   194 :  3.7260434e-01  8.1063604e-02  4.1697121e-01
   195 : -5.6860438e-18 -1.7517832e-18  3.6345542e-18
   196 :  2.6659593e-36 -2.3490619e-36 -3.2396300e-36
   197 : -2.4399606e-36  4.1946797e-36  7.2896089e-37
   198 :  8.0212623e-16 -1.2924843e-15  2.1340908e-15
   199 : -7.5547104e-04 -3.6278618e-03 -4.1972325e-04
   200 :  2.1223428e-32 -3.7911991e-32  6.9624724e-34
   201 : -2.3388331e-07  9.9644588e-08 -3.4692801e-08
   202 : -6.8750340e-18 -3.8402379e-19 -1.4937467e-18
   203 :  2.6519460e-39  1.6968038e-39 -2.0764077e-39
   204 :  2.8527654e-18  7.2223493e-18 -1.0184172e-17
   205 :  4.3935681e-07  3.1066812e-07 -3.5216458e-07
   206 : -5.3238989e-39  2.1159820e-39  2.4737096e-40
   207 : -7.0884809e-37  4.6608192e-37 -2.6331311e-37
   208 : -5.0527156e-27  3.5109445e-27  5.3684884e-27
   209 :  4.6926838e-01  2.2781647e-01  4.3814874e-02
   210 :  2.3974055e-19 -2.6909242e-19 -2.2785271e-19
   211 :  1.1201339e-38 -4.6273417e-39 -1.4014824e-39
   212 : -7.6924013e-11  1.1703049e-10 -1.3986815e-11
   213 :  2.5708329e-36 -1.3854766e-35  1.4236932e-35
   214 :  1.1895126e-01  1.4829683e-01  1.5907407e-01
   215 :  1.9096371e-01 -2.1582652e-01 -1.3083375e-02
   216 :  2.3943942e-10 -2.5523970e-10 -2.9405847e-10
   217 :  2.7131918e-46  1.3623966e-45 -7.9774289e-46
   218 :  3.6972839e-29  8.9082483e-29 -1.6746990e-28
   219 :  1.2073123e-09 -5.1423954e-08  7.3541922e-08
   220 :  9.2561204e-25  9.1837873e-25 -2.8853668e-24
   221 :  2.2065051e-31 -1.3475985e-33 -4.5403038e-31
   222 : -1.8986731e-03  1.5924778e-03 -1.5128367e-03
   223 : -8.3975288e-06  1.7233936e-06 -4.6439800e-05
   224 :  4.7885635e-15  1.0283513e-14 -2.1246047e-14
   225 :  3.2263206e-24 -6.5887266e-24 -1.6968852e-25
   226 : -3.0174007e-32  1.4879464e-32  1.0247600e-32
   227 : -3.0851593e-18  1.1834543e-18  4.0209696e-19
   228 : -6.1007612e-15  1.2673495e-14  1.6435635e-15
   229 :  4.9033414e-21  1.0919743e-20 -7.3335853e-21
   230 : -7.4944110e-33 -1.4588916e-33  4.1805059e-33
   231 : -9.4274073e-34 -4.9496533e-33  6.8578396e-33
   232 : -1.2587028e-44  5.3870347e-45  3.6605904e-45
   233 :  2.4836707e-31 -4.2029616e-31 -3.7284783e-32
   234 :  3.2537301e-02 -2.1175034e-02  4.8984915e-03
   235 :  8.8626117e-07  9.2557533e-08 -6.3793405e-07
   236 : -1.6431681e-29  2.9761854e-29  5.1562748e-30
   237 :  4.2941024e-28 -1.9170738e-27  4.0687340e-28
   238 :  4.8242143e-41  6.4517918e-42 -2.7173863e-41
   239 :  1.0169315e-31  3.0314226e-31 -7.3763434e-31
   240 :  2.8159687e-37 -8.1334303e-38 -5.0397896e-37
   241 : -1.5182592e-08 -4.6495476e-08  1.6307623e-08
   242 :  7.8172736e-09  3.2112266e-09 -1.4047623e-08
   243 :  5.1392433e-04  2.5104827e-04  4.3550158e-04
   244 :  4.6322454e-06  8.4413029e-06 -2.4095593e-05
   245 :  4.1132645e-30  1.0037388e-30 -8.5561934e-30
   246 :  2.8560641e-09 -1.1871553e-09 -5.9992146e-10
   247 :  1.0756643e-04  1.9588833e-04  3.0825121e-04
   248 :  1.2472320e-45 -1.1673652e-45 -1.3624582e-45
   249 : -5.6978727e-23  6.8121382e-23  5.6278177e-23
   250 :  6.7954878e-09 -3.2927155e-09  3.8695433e-09
   251 : -8.7042871e-16  1.9228081e-15  4.4603009e-16
   252 : -1.0112330e-32  1.8405745e-32 -1.6229284e-33
   253 :  3.1079519e-40 -3.6387791e-40  4.4580490e-40
   254 : -3.7301200e-03 -5.0691962e-04  2.6866455e-04
   255 : -1.0942128e-17  3.7897879e-18  1.0361788e-18
   256 :  1.3428728e-09 -1.2099786e-09  5.5547423e-11
   257 : -8.2473192e-06  1.8685741e-05 -3.3267139e-05
   258 : -9.1314600e-19 -1.9956183e-18  4.8316385e-18
   259 :  1.6688285e-26  1.0735670e-27 -1.9961384e-26
   260 :  7.3653293e-09 -2.0055766e-08  2.1121251e-09
   261 : -6.8602073e-18 -4.5439015e-18  2.7923850e-17
   262 :  4.3313569e-30 -1.1925264e-29  6.6377511e-30
   263 : -4.3544955e-34  4.7188533e-34  4.4327903e-34
   264 : -9.6591862e-17  1.0582326e-16 -1.2706198e-16
   265 : -9.6416423e-09  5.1283398e-08 -1.1982427e-07
   266 :  1.2004952e-22  3.2777526e-22 -2.0733595e-22
   267 : -3.7170943e-21  6.6447482e-21 -1.4304311e-21
   268 :  8.6317959e-35  1.2078541e-34 -3.2984582e-34
   269 :  8.2910606e-04 -2.7783425e-04 -1.9624758e-05
   270 : -4.0587818e-20  2.5994647e-19 -1.6140432e-19
   271 : -3.3672210e-07 -4.6296078e-08  5.0983754e-07
   272 :  2.6582135e-20  1.0394418e-20 -4.9197066e-20
   273 :  2.9718476e-33 -3.9177494e-33 -2.0995094e-33
   274 : -2.0912049e-10 -8.4508944e-10  2.6522896e-09
   275 :  1.5391645e-28 -1.3923767e-28 -1.7924130e-28
   276 : -1.9691774e-06  5.1776554e-07  7.8574465e-08
   277 :  2.1806088e-30 -2.2465097e-30 -2.3159911e-30
   278 : -4.0996120e-10  1.0673524e-09 -7.2523245e-10
   279 :  7.7711313e-16 -1.4350416e-16 -3.0315778e-16
   280 :  3.1292099e-01  1.4589135e-01  1.6589363e-01
   281 :  8.9730664e-17 -2.1285246e-16  1.1812033e-17
   282 : -4.2816158e-23  2.0082503e-22 -3.9448067e-22
   283 : -3.7821465e-29 -3.1271871e-27  3.1805790e-27
   284 :  7.5564437e-30 -1.6863064e-29  2.6164799e-30
   285 :  2.9073269e-03 -1.4444112e-02 -4.9106157e-03
   286 : -5.8331806e-10  8.0009878e-10  8.6652856e-10
   287 :  6.4845352e-12  5.9693474e-12 -4.9264466e-12
   288 :  1.4973976e-01  1.4534739e-01  1.3750953e-01
   289 : -3.5606012e-13  1.8602667e-13 -7.2284656e-14
   290 :  2.9284729e-02  7.7139314e-02 -2.2530866e-02
   291 : -3.1173782e-16  4.4279057e-16 -5.7739308e-17
   292 : -2.2894951e-04 -3.8581658e-05  4.8666746e-04
   293 : -3.5052247e-26  1.6292556e-26  5.5078365e-26
   294 : -6.0398473e-11  1.1242103e-10 -2.0245810e-10
   295 :  1.6202863e-38 -2.3836544e-38  3.8300195e-39
   296 : -3.3460069e-08  2.2409557e-06 -2.3239776e-06
   297 : -1.0282863e-14  1.3539169e-14  1.2763098e-14
   298 :  5.0121273e-15  4.3743329e-16 -2.5519667e-15
   299 : -9.5445564e-42 -4.8474387e-42  2.2918434e-41
   300 :  1.9694772e-06 -1.1025489e-07 -6.5969278e-07
   301 : -1.0884135e-16  2.7469570e-17  3.4733239e-17
   302 : -5.9116898e-10  2.0619939e-09 -6.7675127e-10
   303 : -4.1994283e-12 -9.6055522e-12  6.5331086e-12
   304 : -7.0477546e-11 -1.2757163e-10  3.6022113e-10
   305 : -4.6686558e-18  3.0455361e-18  7.7485326e-19
   306 : -8.2333053e-05 -4.3513669e-05  3.4229655e-05
   307 :  7.9149820e-11  1.3966456e-12 -1.1915050e-10
   308 : -1.7625300e-15  6.2490886e-16  2.9978723e-16
   309 :  1.6033556e-41  3.2854296e-40 -1.7016911e-40
   310 :  2.5447761e-13  3.0055807e-13 -9.1436401e-13
   311 :  5.2929930e-10 -2.0441637e-10 -1.2332393e-09
   312 :  1.4226523e-37  8.4757764e-37 -1.8934647e-36
   313 :  1.0838618e-26 -3.6247156e-26  1.0584688e-26
   314 : -3.4088199e-40 -4.5357764e-40  1.2394223e-39
   315 : -2.1510943e-31 -9.9330291e-31  5.7801986e-31
   316 :  5.4131804e-05 -1.9476516e-06 -4.4629638e-05
   317 :  1.2681173e-42 -3.2764212e-41  2.9201432e-41
   318 :  3.7009124e-08  5.6325163e-07 -1.8620720e-07
   319 :  3.0268896e-08  1.4509043e-08 -8.9710787e-08
   320 :  1.1498834e+00 -6.8097068e-01 -4.8137688e-01
   321 : -1.1075628e-05 -2.0109128e-05 -6.5128828e-05
   322 : -2.1860734e-40  4.5949924e-40 -1.9265669e-41
   323 :  1.3916440e-44 -1.9685581e-44  2.9624357e-45
   324 : -6.2960355e-30  2.3812578e-29 -7.9142671e-30
   325 :  8.9593543e-27 -2.4962914e-26  4.3569759e-26
   326 :  4.4083345e-03 -1.2042117e-02 -4.6123237e-03
   327 :  1.1778181e+00 -6.1245483e-01  1.3295597e+00
   328 : -4.2058953e-09  5.4978052e-09 -1.3524670e-09
   329 :  1.4092596e-28 -1.2218168e-27  5.3891840e-28
   330 : -9.2465442e-44 -3.5105387e-44  2.1940916e-43
   331 : -1.9420027e-19  1.2596964e-19  2.9379756e-19
   332 : -2.9609226e-11 -1.3489209e-11  1.8526544e-11
   333 :  9.6647537e-27 -4.2483324e-27 -8.6127282e-28
   334 : -2.3277317e-08  4.2007240e-07 -4.3982068e-07
   335 :  1.3494559e-10 -2.7388938e-10 -3.6216955e-12
   336 : -6.8902138e-10  6.1500480e-10  7.9635276e-10
   337 : -1.1973481e-40 -1.5022107e-38  1.6228978e-38
   338 :  5.8783131e-09 -1.7618903e-09 -1.4768304e-09
   339 : -8.4612680e-29  1.6401645e-28  2.0706041e-29
   340 :  2.7136411e-08 -9.8247303e-08 -8.6925650e-08
   341 :  5.3560216e-38 -6.2832260e-38  6.5456012e-39
   342 : -1.0057135e-31  5.7978212e-32  1.5130356e-31
   343 : -5.6362089e-16  3.4950397e-16  9.9385211e-17
   344 :  5.4099161e-07  1.4319670e-06 -3.0457243e-07
   345 :  2.2422557e-02 -1.2809443e-02 -6.4459727e-03
   346 : -2.5957731e-31 -3.5051419e-31  2.9005074e-31
   347 :  8.0610531e-07 -3.9795641e-07  2.0768552e-07
   348 :  1.1543170e-16 -1.1421028e-15  4.9969784e-16
   349 :  2.3151046e-17 -1.5181133e-17  9.9592412e-18
   350 :  9.1638483e-07 -2.3553634e-07 -1.4874523e-07
   351 :  1.1880262e-24  1.9585890e-24 -1.4962643e-24
   352 :  7.5567527e-07 -4.8501507e-08 -6.8320661e-07
   353 : -1.3237316e-10  5.5218021e-10 -1.7782652e-10
   354 :  4.2683303e-02  2.0941246e-01 -9.5351487e-02
   355 :  9.6036881e-02  1.2678515e-01  1.6434125e-01
   356 :  7.5115102e-39  1.4021322e-38 -3.0112119e-38
   357 : -7.5737562e-07 -1.9287844e-06  5.4387764e-06
   358 : -2.2160366e-18  3.0248473e-18  1.8235718e-18
   359 : -2.5189444e-47 -1.3254596e-46  7.5409855e-47
   360 : -2.2913028e-07  7.5359051e-08  7.2570349e-09
   361 : -3.7766921e-24  2.4196596e-23 -9.6295229e-24
   362 : -4.8596568e-17 -5.0112811e-17  1.8825253e-16
   363 : -1.2010795e-20  1.9866711e-21  7.6518037e-21
   364 : -5.4935723e-22  9.7652318e-22 -2.0155391e-22
   365 :  4.4291368e-18  1.6003746e-18 -6.5579035e-17
   366 :  2.5569730e-35 -1.4997142e-34  9.5415639e-35
   367 : -6.1544529e-14 -1.1878494e-13  4.9458905e-13
   368 :  1.3776827e-08 -6.7089909e-08  2.0641380e-08
   369 : -1.9394402e-17 -3.9578071e-17  1.0201021e-16
   370 : -5.5744540e-21  1.6689271e-20 -5.4651262e-21
   371 :  1.3516510e-35  7.7674021e-36 -2.9100196e-35
   372 :  1.4908588e-16 -9.5746986e-17 -1.9919889e-16
   373 : -9.1237476e-12 -4.5675652e-11  1.2933413e-10
   374 :  3.8521708e-03 -2.5312311e-03 -2.4072149e-03
   375 : -1.6081373e-25 -5.9173327e-26  1.0033894e-25
   376 : -5.7244542e-40 -9.0792719e-39  1.0137048e-38
   377 : -1.4450737e-15  1.3494667e-14 -5.0945288e-15
   378 : -2.1090949e-21 -6.8152324e-21  6.0528136e-21
   379 :  1.0595423e-43 -3.9254247e-43  1.8065062e-43
   380 :  2.0513647e-04 -5.0183671e-05 -4.4369247e-05
   381 :  1.5332102e-18  1.1380254e-18 -1.2336528e-18
   382 :  1.3638812e-25 -2.0327251e-25 -7.5174951e-26
   383 :  4.5972705e-06  4.5472622e-06 -3.7532973e-06
   384 : -3.4102955e-24  4.7922160e-24 -7.4130154e-27
   385 :  2.9320072e-10 -1.1315589e-09  4.4226490e-10
   386 :  1.6313665e-05 -1.2991790e-05 -2.4769537e-05
   387 : -2.7410208e-28 -3.5172729e-29  6.0911508e-28
   388 :  1.4644574e-01  9.9441107e-02 -3.9946085e-02
   389 : -1.1861344e-23  6.5372873e-23 -2.9801501e-23
   390 : -4.9444321e-09  9.0003431e-09  2.9080627e-09
   391 : -8.3465418e-20  1.0950241e-18 -4.9374136e-19
   392 :  5.2519255e-06  2.4402220e-07 -1.4360602e-07
   393 :  7.1884167e-06 -5.5752288e-06 -1.5755440e-05
   394 :  2.6024386e-24 -2.3769258e-24 -3.1441461e-24
   395 :  5.9665754e-14 -3.6459004e-14  1.9828886e-14
   396 : -1.5906214e-42  4.4915208e-42 -7.5859593e-42
   397 :  2.2077444e-06 -1.0446784e-05  9.4273939e-07
   398 : -3.9238460e-12 -1.7402459e-11  8.6265860e-12
   399 :  8.7245648e-06 -7.0922685e-05  3.2859818e-05
   400 :  6.4651026e-12 -4.4143300e-12  5.3327493e-12
   401 :  1.5941657e-10 -3.3753540e-10 -1.4798177e-10
   402 :  2.0977368e-22 -7.8148333e-23 -3.2011375e-23
   403 :  1.3472391e-21 -8.9691061e-21  6.0268288e-21
   404 :  2.5051890e-36 -9.1250428e-36  2.0600604e-36
   405 : -6.1567423e-14  7.7483669e-14 -1.0062704e-14
   406 : -2.1017154e-07 -8.8530422e-08  5.5089546e-08
   407 : -5.8413405e-05  2.3173527e-05 -3.3967468e-05
   408 :  3.2438392e-04 -8.0042651e-05 -7.9953600e-05
   409 :  1.3622768e-13  9.3158399e-13 -4.6135221e-13
   410 :  1.1866353e-02 -3.0620730e-01 -1.8940057e-01
   411 : -2.5265425e-13  1.2903517e-12 -7.0963598e-13
   412 :  1.7074477e-10 -1.3085165e-10 -2.8056513e-10
   413 :  5.0993424e-39  7.8579471e-39 -1.9107665e-38
   414 :  1.7567100e-02 -4.0888924e-02  7.1565727e-02
   415 :  8.3923072e-12 -1.1621934e-11 -7.4771459e-12
   416 :  3.4361413e-28 -3.2281006e-28  3.5189606e-28
   417 :  7.0142993e-08 -2.2063313e-07  4.0598913e-07
   418 : -2.6632944e-05 -6.3638883e-05  4.5951242e-05
   419 :  3.5777673e-35 -2.4110224e-35 -6.1492445e-36
   420 : -1.8988223e-32  5.6915774e-32 -1.8479836e-32
   421 : -1.2708914e-29  6.1165814e-29 -3.3029771e-29
   422 : -9.3506474e-17  6.6861785e-17 -4.1028321e-17
   423 : -1.4620921e-13  1.2533904e-12 -7.1781715e-13
   424 :  6.5580527e-24 -1.4936953e-23  4.1002570e-24
   425 :  5.7345987e-29 -2.9380642e-28  1.1004221e-28
   426 :  1.3013240e-20  5.5847555e-20 -3.1973629e-20
   427 : -5.2074830e-23 -4.3840344e-22  8.6779846e-22
   428 : -1.4977775e-22  2.8847430e-22  3.3577319e-23
   429 :  4.9547151e-13 -3.9187666e-12  5.0581004e-12
   430 : -6.2431271e-11 -1.7204451e-10 -1.9184002e-10
   431 : -5.4547883e-14  9.7487386e-14  2.0208820e-14
   432 :  3.6977762e-16 -1.6285245e-16  2.8208657e-17
   433 : -1.0284762e-37  1.2759642e-37  7.9725358e-38
   434 : -3.5927842e-05  2.4933944e-05  3.5547872e-04
   435 :  6.1438084e-13 -4.0602118e-13  2.9074561e-13
   436 : -5.9109219e-25 -4.6021670e-25  1.9032911e-24
   437 : -1.1313168e-07  1.4709748e-07 -2.0567867e-07
   438 : -1.6677444e-08  2.4245905e-09  2.2210375e-08
   439 : -2.3722734e-05  1.3890663e-05 -1.7621513e-05
   440 :  6.4797764e-30 -2.7483242e-29  1.0653497e-29
   441 : -1.1562612e-41 -6.8065938e-42  2.3990590e-41
   442 : -3.0454455e-07 -1.7682917e-08  8.7589282e-08
   443 : -1.5493631e-15  2.7855627e-15  6.4795662e-16
   444 :  2.7823692e-08 -1.5645362e-08 -4.3390348e-09
   445 : -7.5022033e-19  3.0603652e-19 -5.6013092e-20
   446 :  2.7286358e-02  5.0081991e-03 -1.5945663e-02
   447 :  1.2920998e-19 -3.0936584e-19  5.4696501e-19
   448 : -2.7151310e-12 -2.1321964e-11  7.1810540e-12
   449 :  7.6222180e-38 -1.7664339e-37  2.1786963e-38
   450 : -1.7929624e-40  2.4439592e-40  1.2092726e-40
   451 : -9.5206596e-03 -3.8121577e-03  3.2508907e-03
   452 :  9.6883241e-02  8.1731427e-02  1.4073935e-01
   453 :  2.4206921e-03 -5.6579475e-03 -4.8725401e-03
   454 :  1.7715677e-01  1.1221704e-01  1.8053620e-01
   455 : -4.2242564e-22 -2.6744319e-23  1.7945171e-24
   456 :  2.3574797e-11 -1.0019020e-11  1.7451042e-12
   457 :  3.9137260e-42  9.5445968e-42 -1.6151859e-41
   458 :  3.7786943e-20  4.3446584e-19 -6.4076130e-19
   459 :  9.1638806e-13 -4.2844584e-13 -1.6663628e-12
   460 :  1.5576130e-11 -5.4873608e-11  5.2629492e-12
   461 : -1.1759107e-19  7.3812730e-20  1.7968009e-19
   462 : -2.3076056e-16  5.9358709e-16 -1.0681717e-16
   463 : -7.4116652e-30 -1.3238778e-29  2.7387221e-29
   464 :  1.6538322e-09 -3.2140077e-08  2.5630460e-08
   465 :  3.6915918e-12  8.7911299e-13 -6.5174448e-12
   466 : -3.4212008e-05  5.5692964e-06  8.8684002e-06
   467 : -1.6612885e-31 -1.3507414e-31  4.7569365e-31
   468 : -2.4844902e-27  3.4010139e-27 -3.6291854e-28
   469 : -2.3547514e-43 -2.1106445e-42  5.6444911e-43
   470 :  3.5974544e-39 -4.1729260e-39  2.5745837e-40
   471 : -2.0712103e-24  1.0277261e-24  5.6877725e-25
   472 :  6.2110800e-29 -1.0182771e-28 -3.1068125e-29
   473 : -3.1126172e-10 -1.2854435e-09  1.8876257e-09
   474 : -2.0379648e-34  3.9350083e-35  3.7110102e-34
   475 : -1.0690241e-23  4.8153015e-24  5.2688174e-25
   476 : -4.1164731e-23 -2.0895627e-23  2.8536291e-23
   477 : -4.8292916e-45 -6.2719965e-46  5.8863501e-45
   478 : -1.7527408e-12  5.9054857e-12 -2.4100149e-12
   479 : -4.7247557e-44  1.0970993e-43 -1.4844922e-44
   480 :  5.4668681e-04  1.2091024e-04 -1.9726709e-04
   481 : -4.0032443e-22  1.1103815e-23  5.1648809e-22
   482 : -6.2292430e-33  2.0212782e-32 -6.8706433e-33
   483 : -6.2561918e-06 -5.6556473e-05 -5.1343255e-05
   484 :  1.9849130e-12 -2.2481822e-12 -5.5134583e-14
   485 : -1.5098926e-12  2.2257078e-12  1.1744074e-12
   486 :  9.9398272e-02 -4.9359319e-03  1.1864462e-01
   487 : -1.4281662e-11  1.3189081e-11 -8.2535666e-12
   488 :  5.0369947e-04  4.5951143e-04  7.4976455e-05
   489 : -6.6175397e-35 -2.3330446e-35  1.5840987e-34
   490 :  3.9965849e-30 -3.8449265e-32 -1.9421562e-30
   491 :  9.6794463e-32  3.1658895e-31 -2.0409733e-31
   492 :  2.4408066e-10  4.1732487e-10 -1.4781798e-09
   493 :  2.6726408e-07 -3.1192411e-08  1.0479453e-06
   494 :  5.2925693e-05 -8.2853937e-05 -1.1332387e-04
   495 :  3.3690727e-15 -1.6331299e-15 -3.8878727e-15
   496 : -4.9502979e-27  1.1682146e-26 -1.7282455e-27
   497 :  9.0207355e-41  5.7543527e-40 -3.1939816e-40
   498 :  4.2642810e-39  1.9914536e-37 -4.2349813e-37
   499 : -6.0435459e-06  4.9449988e-04  7.5718302e-04
   500 : -2.3143234e-41  1.3183981e-41  3.4764219e-41
   501 :  1.0333972e-45 -2.5561792e-44  1.8883385e-44
   502 :  1.4137592e-08 -1.7368849e-08 -2.8410610e-08
   503 :  8.0167155e-09 -6.2058284e-08  1.7772453e-08
   504 :  8.4862202e-13 -1.2686644e-12  5.8304342e-13
   505 :  1.2335850e-04  2.0462480e-04 -3.6375483e-05
   506 : -9.3325911e-31  1.5766682e-29 -1.4042191e-29
   507 : -6.7077276e-28 -6.6627728e-29  8.8106962e-28
   508 :  3.8349342e-27 -2.8868098e-27 -7.4410726e-28
   509 :  3.1137369e-11  3.5074718e-11 -1.2161538e-10
   510 : -2.3592780e-27  3.6151129e-27  1.2227199e-26
   511 :  2.7280744e-20 -1.4919293e-20  1.2570560e-20
   512 : -5.5199568e-21 -5.1085281e-20  2.6126906e-20
   513 : -5.8050411e-15 -1.6556932e-15  1.3946166e-14
   514 :  7.5657299e-14 -5.5916454e-13 -1.1355022e-13
   515 :  2.5614747e-06 -1.1969125e-06 -1.5105405e-07
   516 :  8.6923491e-28  2.3382515e-27 -1.5705656e-27
   517 :  4.2548653e-06 -1.4790982e-06  7.9262132e-07
   518 : -1.2050135e-13 -4.0320666e-14  1.9300291e-13
   519 : -1.9484407e-19  2.8037218e-19  1.3395148e-19
   520 : -1.8368283e-15 -2.0116853e-15  5.4824801e-15
   521 :  4.2278978e-07 -1.1497803e-07 -3.9085656e-08
   522 : -1.2015110e-01  5.9692796e-02 -2.1321941e-01
   523 :  4.6039537e-05  7.6385262e-06 -2.4012064e-05
   524 : -1.0012860e-14  6.6885960e-15  1.2106401e-15
   525 :  8.5079881e-13 -5.6238176e-14 -9.8015101e-13
   526 : -3.0696661e-21 -8.0299151e-22  4.5580753e-21
   527 : -1.0611089e-34  2.7705571e-34 -1.9107577e-34
   528 : -5.0088074e-02  1.9739663e-01  1.3015833e-01
   529 : -3.0081063e-10 -2.9965277e-10  9.4537581e-10
   530 :  3.4073607e-05 -1.3598026e-04 -7.6130318e-05
   531 : -2.8003070e-09  5.7554961e-09 -1.0096104e-09
   532 : -1.9010152e-20  1.5246453e-19 -1.1006409e-19
   533 :  6.7411163e-46 -7.1006734e-46  7.7078264e-46
   534 : -1.8970313e-46 -6.6747397e-46  1.5294084e-45
   535 :  3.8706218e-34 -8.3351608e-33  6.3679939e-33
   536 : -2.5328434e-05  5.3358002e-06  6.9663356e-06
   537 :  7.8233545e-09  7.3859636e-09 -4.2856933e-09
   538 : -6.4006926e-12 -5.3423165e-12  2.2132895e-11
   539 :  1.7189145e-34 -5.0994177e-34  1.2468375e-34
   540 :  2.6332591e-30  1.2661565e-29 -1.5483828e-29
   541 :  5.6706145e-29  1.0525383e-27 -1.3120622e-27
   542 : -1.0920325e-15  5.5996452e-16 -2.4088393e-16
   543 :  4.5114993e-36  4.8141391e-36 -5.4264385e-36
   544 :  1.7016983e-14 -2.9932653e-14 -1.4245939e-14
   545 :  3.4423631e-25  6.5770990e-26 -7.9093814e-25
   546 :  4.2085624e-04  3.7946817e-04 -9.5551138e-05
   547 :  1.8387199e-32 -5.0615723e-32  1.3713119e-32
   548 :  5.0409683e-06  7.3186043e-07 -9.9254087e-06
   549 : -3.1641979e-27 -4.0360735e-27  1.1995572e-26
   550 :  2.3584304e-10 -9.8069649e-10  2.3556267e-10
   551 :  3.7528274e-06  4.9256539e-06 -1.6887057e-05
   552 :  1.0779721e-08 -1.1798131e-07  2.4981668e-08
   553 :  6.8176837e-09 -1.5254463e-09 -1.8251650e-09
   554 :  2.8824619e-26 -1.1483091e-25  4.0914108e-26
   555 : -1.7720065e-15  4.2115782e-15  2.7265659e-16
   556 :  4.6824865e-28  5.0217403e-28 -4.5836016e-28
   557 :  2.1248826e-01  1.5986359e-01  1.0952952e-01
   558 : -1.4432226e-09 -5.4223945e-10  3.5310149e-09
   559 :  3.3010753e-07  3.8918311e-07 -6.2812826e-07
   560 : -1.1917150e-09 -2.1082047e-10  4.9155279e-10
   561 :  1.8264546e-02  1.0189774e-01 -7.2569154e-03
   562 :  2.1745626e-21  6.3005820e-22 -1.3267720e-21
   563 :  4.6265003e-40 -1.7979478e-40 -8.9734556e-41
   564 : -3.0532531e-05  1.1209656e-05 -2.0278451e-05
   565 :  1.7309174e-04 -1.1079801e-04  5.6788159e-05
   566 :  2.0650357e-30 -1.3990607e-29  1.6345801e-29
   567 : -1.8048481e-16 -1.2947224e-15  1.5961752e-15
   568 :  4.7495234e-07  5.2321306e-07 -3.2437634e-06
   569 : -7.4144407e-06  5.3946172e-06  2.2688825e-06
   570 :  2.0020585e-25 -3.6245706e-25 -7.6344058e-26
   571 : -1.6953245e-16 -3.0435041e-18  7.9444099e-17
   572 :  3.8941163e-44 -5.8629353e-43  2.7084169e-43
   573 : -5.8278615e-12  2.2382263e-11 -1.5723352e-12
   574 : -5.5792469e-10 -2.0346929e-10  9.1552565e-10
   575 :  1.2679146e-01  2.6500356e-01  1.5360069e-01
   576 : -2.9163139e-13 -7.5009006e-13  1.6349210e-12
   577 :  1.0239351e-01  1.6679749e-01  1.2532249e-01
   578 : -9.7734791e-48  5.8486840e-48  3.9457059e-48
   579 : -9.0674752e-04 -2.6821854e-03  1.4828897e-03
   580 :  1.3964356e-01  1.1914765e-01 -1.1023873e-03
   581 : -6.4895408e-27  9.9143248e-26 -8.3887118e-26
   582 :  3.6205141e-44 -1.6415077e-43  6.2198968e-44
   583 :  5.3098895e-24 -1.8484074e-23  7.2410735e-24
   584 : -1.2606656e-36  1.8362113e-36  7.0358212e-37
   585 :  1.1392987e-05 -2.9603229e-05  7.0052992e-06
   586 :  1.2910177e-30 -2.0761350e-30 -5.8164367e-31
   587 : -5.6149088e-22 -5.4660389e-22  1.6365425e-21
   588 :  2.2484304e-29 -2.3498373e-29  4.4980151e-31
   589 : -1.7231048e-07  9.1423922e-08 -2.0620241e-09
   590 : -5.7565362e-07  9.4217938e-08  1.5289747e-06
   591 :  5.8626599e-41 -7.6424151e-41 -4.1418925e-41
   592 :  3.3150724e-26  9.6148897e-27 -5.2329690e-26
   593 :  3.0887100e-19 -4.8667613e-20 -1.9206317e-19
   594 :  5.9273306e-22 -3.6058084e-22 -1.0856126e-22
   595 :  2.4232102e-12  3.6652743e-12 -8.0688337e-12
   596 : -8.1826330e-13  1.9132835e-12 -3.7820712e-13
   597 : -4.8591299e-19  6.0349350e-18 -8.3633089e-18
   598 : -1.5640213e-21 -1.0484271e-20  5.8667527e-21
   599 : -1.2960693e-02  4.6400385e-03 -6.9978227e-04
   600 : -4.0033452e-14 -3.4520004e-14  1.1899944e-13
   601 : -4.6196462e-03  1.7081051e-03 -4.1074283e-03
   602 : -1.4836320e-31 -9.3017653e-31  5.1115068e-31
   603 : -3.9713201e-35 -1.3709790e-34  9.1031243e-35
   604 : -4.0609692e-25  1.0670624e-24 -1.7501141e-24
   605 : -5.0611554e-19  7.9317155e-19  3.1209777e-19
   606 :  1.0151624e-01 -1.6374119e-01  5.6419578e-02
   607 : -4.1145793e-14  6.2466904e-14  2.6580802e-14
   608 :  2.2703304e-28  4.6641957e-28 -3.2096019e-28
   609 :  1.8997459e-24 -1.3020113e-25 -1.4911278e-24
   610 :  7.5767896e-35  3.2391127e-34 -7.3279885e-34
   611 : -5.8331493e-03  6.8125844e-04  7.5603414e-04
   612 :  6.8813407e-14 -1.4407017e-13 -6.7191146e-15
   613 :  8.1965576e-18  3.2156942e-18 -2.0845656e-17
   614 :  1.2786044e-07 -2.2723245e-07 -6.8596461e-08
   615 : -4.0230162e-16 -2.1866456e-16  1.0483246e-15
   616 : -3.8213420e-37  8.2570226e-37 -5.5777044e-38
   617 : -7.6561210e-18  1.0495326e-18  2.8862762e-18
   618 : -5.2015489e-22 -1.1329186e-22  3.0981146e-22
   619 : -1.7966333e-28  1.5625235e-28  2.0578533e-28
   620 : -9.8834831e-20  1.1535323e-19 -1.5465746e-19
   621 :  1.0855939e-14 -1.8199526e-14 -6.4876723e-15
   622 : -1.4120430e-04  7.6352554e-06  3.8983775e-04
   623 :  1.8990043e-09 -4.5651870e-09  9.1481503e-09
   624 :  1.1946285e-16  1.0524033e-15 -4.5514623e-16
   625 : -1.8408062e-16  9.2194053e-16 -3.6670508e-16
   626 : -1.5811766e-47  6.1631241e-47 -2.3357977e-47
   627 : -3.7416315e-32  1.1991318e-30 -1.1307692e-30
   628 :  3.6469633e-22 -6.7686973e-22  1.5198576e-22
   629 :  3.0916928e-10  6.1577569e-10  5.3480893e-10
   630 : -2.2090263e-07 -9.0368749e-07  5.5797542e-06
   631 :  1.2034664e-18 -4.9479111e-18  1.3030517e-18
   632 : -3.6623263e-36  8.5409741e-36 -1.1329891e-36
   633 :  5.4228927e-09 -9.2017367e-10 -1.5883530e-09
   634 :  4.1272769e-13 -5.9471130e-13  1.6416856e-12
   635 : -1.6822215e-07  2.9128832e-08  3.4201365e-08
   636 : -1.7673461e-08 -1.3376439e-07 -2.3638265e-09
   637 : -1.9763426e-05  1.1216106e-05 -8.4207560e-06
   638 : -2.3702505e-04  4.9810167e-04  4.2407840e-04
   639 :  7.4000315e-07  3.6232732e-07 -2.7851154e-07
   640 :  2.7437579e-01  1.4116123e-01  1.5885227e-01
   641 :  4.2879930e-28 -8.0847829e-28 -6.3325299e-29
   642 : -1.7210740e-10  8.5584220e-11  2.3467127e-10
   643 :  4.4949317e-09  1.0799700e-08 -2.5853529e-08
   644 :  1.1267487e-08  1.2601271e-08 -2.8317617e-08
   645 : -2.2181888e-13  1.0673392e-12 -3.7119013e-13
   646 : -3.9872937e-16 -4.2026306e-15  4.7436331e-15
   647 : -8.1129512e-03 -1.5456862e-02  7.6726499e-02
   648 :  1.2123641e-14 -1.9947094e-14  1.8911164e-15
   649 :  6.3702735e-07 -2.5590133e-06  3.1222328e-07
   650 : -7.3084846e-18  3.7609441e-16 -7.9579662e-16
   651 :  2.3201265e-04  6.9881656e-04 -1.6044239e-03
   652 :  9.1243916e-15 -1.4860389e-14  1.4022050e-14
   653 :  6.0520404e-05 -1.2386362e-05 -1.7096947e-04
   654 :  6.5519191e-24  7.4859988e-26 -5.9097111e-24
   655 :  1.1966521e-14  4.5736991e-15 -2.3738007e-14
   656 : -1.6755083e-03 -2.2256734e-03  2.0694680e-03
   657 : -9.5024334e-07  1.8123563e-06 -2.3675911e-07
   658 : -1.2829090e-14  4.1549399e-14 -9.3979430e-14
   659 :  5.4526130e-11 -4.1020211e-11 -4.7156485e-12
   660 : -9.3848243e-05 -5.2897300e-05  2.5280083e-04
   661 :  3.4577519e-02  1.5644843e-01  1.9058215e-01
   662 :  7.0040993e-23 -3.1535643e-24 -9.3568941e-23
   663 :  2.1278157e-06 -5.9129737e-08  1.7654200e-06
   664 :  4.0151767e-05 -1.1453176e-04  1.9554256e-04
   665 :  4.0846929e-04 -9.9558453e-05 -6.6095375e-05
   666 :  3.5019059e-37 -2.5229357e-37 -4.6096352e-37
   667 :  8.9052437e-26 -6.0965425e-26  5.4903319e-26
   668 :  1.1427432e-08  1.9526543e-08 -7.2420133e-08
   669 :  2.1366917e-46 -1.1519374e-46 -3.0284186e-46
   670 : -5.6333999e-06  4.9624268e-06  6.2942805e-07
   671 :  1.2433907e-01  4.6158836e-02  3.1873319e-01
   672 : -6.2166857e-06  1.6634249e-06 -5.5302041e-06
   673 : -3.6363885e-20 -2.8227290e-21  7.5355907e-20
   674 :  4.8593788e-17 -5.6511918e-17 -4.6214936e-17
   675 :  3.8284831e-18 -2.3267510e-18  1.3490144e-18
   676 : -7.6436858e-13  2.7604407e-12 -6.7297740e-13
   677 :  2.3527634e-14  1.6798455e-14 -7.5763491e-14
   678 : -1.0367981e-07 -6.1448552e-08  1.0218772e-06
   679 :  4.6821713e-11 -1.1411975e-10  3.1678183e-12
   680 :  2.2802831e-10 -3.0117252e-10 -3.7101402e-10
   681 : -2.6989658e-26  2.1389941e-26 -1.9393970e-26
   682 : -4.2485361e-27  2.1058251e-27 -1.8431065e-27
   683 :  4.0730735e-24 -3.3502308e-24 -5.6835796e-24
   684 : -7.6431076e-31  2.9053972e-31  3.4908869e-31
   685 : -6.2147694e-12  1.7115665e-11  1.0575699e-12
   686 : -2.9307676e-17  8.5328923e-18  8.3439648e-18
   687 : -1.9282585e-30  3.4120837e-30 -5.4690977e-30
   688 : -1.2906402e-18  1.9537870e-18  6.7097548e-19
   689 : -2.4858994e-04  7.0578544e-04  2.8220058e-04
   690 : -6.1192766e-13 -1.0301113e-13  2.9328611e-13
   691 :  2.4128667e-12 -1.2713819e-12  2.7833109e-12
   692 : -7.3790685e-14  1.8859807e-13 -1.9661715e-13
   693 : -4.3307541e-46  6.2243832e-46  2.7719951e-46
   694 :  3.1354624e-31 -1.9154990e-31 -4.8595019e-31
   695 : -1.3627896e-04  4.2334525e-04  2.2748933e-05
   696 :  1.8810994e-08  8.0429492e-09 -4.3229007e-08
   697 :  1.4942672e-13 -3.4348223e-14 -3.1422292e-13
   698 : -1.1813559e-04  2.6231370e-04 -8.1194583e-05
   699 :  9.9514621e-22 -6.6963344e-21  1.2352702e-20
   700 : -9.7307441e-39 -9.0377215e-39  2.7791073e-38
   701 :  2.5470689e-36 -6.2136392e-36  1.8351773e-36
   702 : -2.5195877e-26  2.3152913e-26  3.0295700e-26
   703 :  2.0182289e-01  1.9650073e-01  1.4525465e-01
   704 :  1.8615784e-14 -7.3932401e-15 -3.0124319e-15
   705 :  3.3161076e-30  1.1308096e-30 -1.7392517e-30
   706 :  8.8289753e-02 -5.1187034e-02  1.6197020e-01
   707 :  5.9543861e-09  5.7537898e-09  3.2279667e-09
   708 :  5.7189783e-10 -1.0945752e-09  2.8413010e-11
   709 : -4.6006436e-17  8.3743113e-17 -1.3848034e-16
   710 : -4.3558447e-21 -4.3338270e-22  6.1813033e-21
   711 :  2.1135416e-15 -9.0057296e-16  3.6685181e-16
   712 :  1.6180250e-07  4.4466578e-08 -1.0672246e-07
   713 :  9.6317112e-15  5.0738098e-14 -1.0981557e-13
   714 :  1.2553265e-01  1.7596714e-01  1.1365548e-01
   715 :  4.7054843e-12 -1.4367143e-12 -1.0839528e-12
   716 :  4.8941022e-33  9.4354307e-33 -2.4751979e-32
   717 : -3.0259833e-09  1.1275390e-08  2.5654512e-10
   718 : -3.3412204e-16 -2.5258402e-15  5.8230377e-15
   719 :  9.5522499e-09  7.3513645e-10  3.9261653e-11
   720 :  4.1321496e-02  1.3423802e-01  3.2426244e-01
   721 : -2.7374323e-06 -2.2832116e-05  2.1304586e-05
   722 : -3.6104045e-28 -2.3938056e-28  2.6508629e-28
   723 :  5.7131349e-27 -1.6694104e-26  6.7460225e-27
   724 : -1.6074991e-27 -7.2132549e-27  4.6919689e-27
   725 : -1.1012664e-06  7.3569904e-07  2.7614522e-06
   726 : -1.4017335e-18  2.6807227e-19  5.2160842e-19
   727 :  6.9630553e-07 -1.0140602e-06  2.4020268e-06
   728 : -5.2757096e-09  9.8063567e-09  1.2910262e-08
   729 : -4.8480355e-12  9.8918308e-12  1.6008954e-12
   730 : -1.2654119e-13  9.1002453e-14 -1.3766831e-13
   731 :  2.2494119e-26 -8.0307640e-26  2.8743912e-26
   732 :  3.8117692e-23 -6.3746570e-24 -6.1503139e-24
   733 : -7.4490041e-14 -5.4425700e-14  4.1233466e-14
   734 :  5.2427863e-03 -8.8681172e-03 -7.9715256e-04
   735 : -2.7160815e-14 -1.6725271e-13  6.9837404e-14
   736 : -5.5204872e-03  5.6919317e-04  1.1811892e-03
   737 :  4.4895968e-18  5.0724785e-18 -1.6517850e-17
   738 : -8.1326677e-08  2.1660758e-08 -5.7606058e-08
   739 :  1.6870979e-01  1.3536193e-01  1.6202402e-01
   740 : -1.8615613e-12  6.3557705e-12 -1.7075000e-12
   741 : -1.5830524e-05  1.0310801e-05 -5.9802999e-06
   742 :  6.2095607e-15  1.6096853e-14 -3.1436269e-14
   743 : -1.5779346e-13 -5.2936225e-13  1.8285454e-12
   744 : -1.4039835e-01  8.2108642e-02  8.0437794e-03
   745 : -1.1146562e-28 -3.0718907e-29  2.9504276e-28
   746 :  1.8568087e-23 -3.7844322e-23 -4.6974096e-24
   747 :  2.7711498e-18  9.9623426e-18 -2.3296310e-17
   748 : -4.4058813e-13 -5.6875263e-13  2.1024917e-12
   749 : -7.9474191e-09  2.5370056e-08  1.8420824e-08
   750 :  4.5998135e-31 -3.8776848e-31 -5.2683673e-31
   751 : -8.5421512e-02 -2.5130455e-01 -2.2123961e-01
   752 :  4.9955276e-14 -2.6504154e-14 -8.8617572e-14
   753 : -6.0381507e-09  2.6057402e-08 -6.5613096e-09
   754 :  9.3742695e-24  1.2653968e-24 -2.0738526e-23
   755 :  1.3475867e-01 -2.6593958e-02  7.3932296e-02
   756 :  4.5129265e-17  2.8204073e-17 -1.2956335e-16
   757 : -1.9332159e-43  4.8611058e-44  7.0610518e-44
   758 : -6.0255539e-03 -3.8501099e-03  3.9952186e-03
   759 : -2.6777142e-13  1.8614927e-13 -1.9753386e-13
   760 : -3.3266599e-20  7.4702041e-20 -3.8414708e-21
   761 :  6.8906754e-13 -1.8869061e-12 -1.4163083e-13
   762 : -1.9205892e-03  9.0180575e-04  3.0102980e-04
   763 : -1.9865043e-33  6.5711897e-33 -2.2758280e-33
   764 : -2.0076662e-34 -4.2602661e-34  3.1027419e-34
   765 :  9.6780210e-02 -1.0669755e-01 -1.9218657e-01
   766 : -2.7678093e-16  6.4864001e-16 -6.2134461e-17
   767 : -1.5728650e-04  5.6481168e-04 -2.5253612e-05
   768 : -1.2656211e-29 -1.8248190e-29  5.0568489e-29
   769 :  1.1714300e-01  1.2428617e-01 -2.4433057e-02
   770 :  3.4607500e-12 -1.9821423e-12 -1.9810265e-12
   771 :  2.0199223e-08 -8.7331383e-08  1.6608135e-08
   772 : -1.9489582e-07  4.7270121e-06 -4.7666472e-06
   773 : -9.9558681e-16  3.6118013e-15 -1.4592214e-15
   774 : -5.8863386e-01 -1.4644445e-01 -2.2544934e-01
   775 : -4.8411523e-03 -1.7654865e-02  1.6468402e-02
   776 : -6.6793317e-15  3.1670972e-14 -1.7692045e-14
   777 :  4.1268907e-13 -8.4540531e-13 -9.5425397e-13
   778 : -5.9996961e-13  1.0514650e-12 -1.8688794e-13
   779 : -3.7520067e-25 -4.5589556e-25  4.0678702e-25
   780 :  5.3798612e-05  1.1205663e-04 -4.4633560e-05
   781 : -1.4705395e-29  6.0803115e-30  2.8865730e-30
   782 :  5.2175828e-44  3.9330158e-44 -1.2682213e-43
   783 : -2.5289543e-13 -6.9213138e-13  1.7659641e-12
   784 : -1.8939315e-14 -1.1179681e-13  6.0022996e-14
   785 :  5.5632181e-31 -2.0870008e-30  1.2392575e-30
   786 : -2.0837083e-01 -5.6108542e-02 -6.0662949e-01
   787 :  2.2945309e-01  4.3243935e-02 -1.0271508e-01
   788 : -2.6489379e-28  2.7240902e-28 -3.4168693e-28
   789 :  2.1334186e-26 -3.4538724e-27 -2.1498093e-26
   790 :  1.2169944e-10  1.7127190e-11 -3.7877997e-10
   791 :  3.9536759e-09 -2.0157341e-09 -4.8843648e-10
   792 : -1.5000069e-06  1.7231199e-06  1.2496725e-06
   793 :  3.0430088e-06 -6.6535492e-07  1.0096028e-06
   794 : -3.1497548e-12  6.8700168e-12  2.9673803e-12
   795 : -2.9568909e-06 -1.6804441e-05  1.0562106e-05
   796 : -3.4456378e-07 -9.1762567e-08 -3.7241110e-08
   797 :  1.6361687e-29  1.4821695e-29 -2.0316231e-29
   798 : -1.9237954e-09 -3.2076178e-09  1.7592643e-09
   799 :  7.8598938e-17 -2.2228663e-16  3.6569245e-17
   800 :  1.2921338e-01  8.7532378e-02 -2.5115592e-02
   801 :  9.5569347e-27  1.3918939e-27 -1.9987353e-26
   802 :  1.1817109e-13 -2.6525959e-13 -6.1839979e-14
   803 :  2.1222898e-20  3.0094193e-20 -2.3212674e-20
   804 :  9.5510538e-02 -1.8401023e-01 -3.2237770e-02
   805 :  1.7996390e-13 -7.3732236e-13  1.4735305e-13
   806 :  3.4321375e-25 -1.6360702e-25  5.2257526e-26
   807 :  4.9126548e-29  6.0051464e-29 -5.1589628e-29
   808 : -1.8333644e-01  4.6157056e-03 -1.9193500e-01
   809 : -5.3233216e-19  6.1155607e-19  5.8086720e-19
   810 :  4.9819714e-28 -2.7179647e-28  7.3330969e-29
   811 :  6.0207737e-45  1.0730044e-45 -9.4324638e-45
   812 : -4.7467832e-16 -8.1161588e-16  2.4728029e-15
   813 :  1.0499898e-13 -3.2827505e-13  6.9558361e-14
   814 :  2.3875197e-41  9.2722093e-42 -4.2480013e-41
   815 : -1.2022509e-46  2.6192894e-46  5.3962502e-46
   816 : -1.7198039e-38  2.3633520e-39  7.3788951e-39
   817 : -5.2578051e-40 -5.2183872e-40  1.5782958e-39
   818 :  3.3087226e-43 -1.4794953e-42  8.0392129e-43
   819 : -3.8446701e-14  4.5701387e-14 -5.4292961e-14
   820 : -7.9775957e-43  2.1876053e-42 -4.9056492e-43
   821 :  1.0730701e-06  3.6828332e-06 -2.3312534e-06
   822 : -4.3620624e-11  8.8799410e-11  3.4323146e-12
   823 : -1.4517825e-21  3.5461974e-21 -5.7793794e-22
   824 :  1.5997938e-21 -1.3037434e-21 -2.1089678e-21
   825 : -4.9535464e-33 -1.7926828e-33  1.1792958e-32
   826 :  4.4189348e-09 -4.6835184e-09  1.3558999e-08
   827 :  3.4998344e-24  1.8923167e-24 -2.6732208e-24
   828 :  1.3005388e-18 -1.8577167e-18 -1.4630752e-19
   829 : -9.9661153e-11 -1.6839001e-10  1.2280457e-10
   830 : -2.7132621e-02  8.3813992e-02 -3.3264538e-02
   831 : -3.1674867e-03 -3.6708118e-02  9.5256859e-02
   832 : -9.0800187e-15  8.5560459e-15  1.1318859e-14
   833 :  5.2931740e-03  1.7073552e-02 -1.6558882e-02
   834 :  6.0473691e-39 -6.9107445e-39  7.9166549e-39
   835 :  2.1575756e-44  6.7061995e-44 -1.5761392e-43
   836 : -1.2664162e-12  4.3872554e-12 -1.4835363e-12
   837 : -4.1182881e-28 -8.2797047e-26  1.8224500e-25
   838 : -1.8969837e-09 -5.0009861e-10  4.3248786e-09
   839 :  9.9575027e-20  3.6847242e-20 -2.3667527e-19
   840 :  2.6053247e-24  1.2621067e-24 -5.2554827e-24
   841 : -1.0425839e-21  4.0782624e-22  2.2129448e-22
   842 :  8.7540864e-18 -5.7852309e-17  2.3040729e-17
   843 :  8.7430656e-24 -1.2552748e-23 -5.3093322e-24
   844 : -1.6904439e-15 -4.2139020e-15  1.0383268e-14
   845 :  8.7366207e-33  2.7522595e-32 -6.0536133e-32
   846 : -6.6452100e-13 -1.1101443e-12  4.7158935e-13
   847 : -6.0211093e-17  8.4976246e-17 -1.1364128e-16
   848 :  2.6500416e-48 -1.7465968e-47  7.3831377e-48
   849 :  8.8055971e-21 -2.8478579e-20 -7.0360225e-21
   850 : -7.4229109e-19  2.0642696e-18 -3.7606558e-18
   851 : -8.4675075e-21  1.0936707e-20  6.8324363e-21
   852 : -2.1969185e-35  1.0181805e-34 -4.1800743e-35
   853 :  5.1621959e-09  2.4959060e-08 -4.8745154e-08
   854 :  3.6137669e-50  1.7428035e-49 -8.1864879e-49
   855 :  7.8518141e-07 -2.2144554e-08 -7.2014888e-07
   856 :  2.6099948e-09 -1.2467304e-09  2.2293728e-10
   857 :  2.6216909e-06 -2.6667541e-06  5.8809659e-06
   858 : -3.3232408e-10  1.2159856e-10  8.0931770e-11
   859 :  2.7296087e-35  1.1692054e-34 -1.7478555e-34
   860 :  1.3630204e-11  2.8314924e-11 -1.5694322e-11
   861 :  1.2668531e-12  9.6039225e-13 -2.8138048e-12
   862 : -1.3435139e-12  5.6049321e-14  9.9361606e-13
   863 : -4.0314710e-09  4.5622323e-09  6.7760102e-09
   864 :  1.4330684e-08  3.4718313e-08 -8.7759369e-08
   865 : -1.1513268e-06  1.1801616e-05 -2.2383603e-05
   866 :  2.6125777e-01  1.9212976e-01  2.3817133e-01
   867 : -1.2928610e-04 -7.0376006e-05 -1.3681513e-04
   868 :  2.2627862e-15 -1.5499647e-14  9.9940557e-15
   869 : -6.4356131e-15 -3.9233257e-15  4.6156548e-15
   870 : -2.0445387e-16  2.5221329e-16 -2.7172687e-17
   871 :  7.3188167e-08  6.1116618e-08 -2.9298730e-07
   872 : -2.8054080e-07  3.2359287e-08  5.6593368e-08
   873 :  1.4818206e-02  8.9388499e-02  1.6782833e-01
   874 :  1.6781271e-01  1.3752737e-01 -9.5490266e-04
   875 : -6.3071249e-22  3.2925186e-22 -1.2387872e-22
   876 : -2.1370958e-21  9.9795834e-21 -5.2890537e-21
   877 : -1.8074431e-41  2.8223257e-41 -3.8463407e-41
   878 : -2.0573351e-38  4.3912082e-38 -8.2469015e-39
   879 :  4.2134903e-24 -5.5436522e-24  7.0274873e-24
   880 :  4.1587740e-22 -7.6328239e-22  1.6764234e-22
   881 :  2.1301346e-41  2.0871796e-42 -2.5594160e-41
   882 : -7.4844823e-39  7.5744808e-39  7.4898271e-39
   883 : -2.2191388e-24  1.2313341e-24 -2.9483610e-25
   884 : -8.2831716e-24  8.5730506e-23 -3.6353883e-23
   885 : -2.7048042e-11  9.6104583e-12  4.6556617e-11
   886 :  7.0008981e-12 -1.8563751e-12 -1.6741084e-12
   887 :  2.7604974e-11  4.2943635e-11 -2.5868243e-11
   888 : -1.4158950e-10 -5.4647237e-10  2.1496918e-10
   889 :  7.0405496e-04 -6.2312581e-04  3.6957755e-04
   890 :  2.1139085e-04 -1.4265420e-04  4.2100231e-04
   891 : -1.9695339e-22  3.6178257e-22 -5.3451651e-22
   892 : -3.8487764e-20  8.8863686e-20 -1.0446410e-20
   893 :  6.2649849e-12 -1.8932722e-12 -2.3616246e-12
   894 : -3.7146489e-11  2.9569213e-11  5.4109628e-11
   895 :  2.2671721e-04  5.3545385e-04  2.8273694e-04
   896 : -1.7417569e-04 -4.6704172e-05  2.9005774e-04
   897 : -1.6604277e-24  1.1125678e-24 -6.5746027e-25
   898 :  3.2577361e-24  5.1492053e-23 -5.4795435e-23
   899 : -7.8251018e-05 -3.1453839e-05  1.1128354e-04
   900 :  2.9986617e-05 -2.5998154e-05 -1.9934917e-05
   901 :  1.2943552e-14  1.1616235e-15 -1.6327181e-14
   902 : -3.0499073e-13  1.4069486e-13  3.3272253e-13
   903 : -2.3172831e-07  4.2730984e-07 -3.7158924e-08
   904 : -1.1029345e-08  2.6869478e-08 -5.9124558e-08
   905 : -5.3935491e-09 -9.6563853e-08  3.8346173e-08
   906 :  1.9217286e-05 -5.4173318e-05 -3.8420895e-05
   907 : -6.0601309e-06  5.3307533e-07  7.1169004e-06
   908 :  8.3400322e-10 -6.2742910e-10  9.5939033e-10
   909 :  5.2510902e-09  5.9660864e-09 -6.2157385e-09
   910 : -4.2250385e-09  3.0778146e-09  9.3703160e-09
   911 :  1.2817400e-09 -7.3661370e-10 -8.0024604e-10
