Number of elements 912
     0 :  4.0113667e-17 -1.0030305e-17 -7.7071247e-17
     1 :  3.4845140e-10 -9.3219535e-10  1.4336932e-10
     2 :  1.1111386e-01  9.5042450e-02 -7.6361054e-02
     3 : -8.7174434e-13  1.0021405e-12  9.8045098e-13
     4 : -2.7491767e-02  5.5953567e-02 -2.6118359e-02
     5 :  3.3471594e-01  1.9484250e-01  1.3862131e-02
     6 : -1.5367259e-27 -6.7386822e-27  9.9636829e-27
     7 : -1.0691439e-09  5.4455187e-09 -2.7853913e-09
     8 : -2.6655872e-08 -4.4995836e-08  2.7874853e-08
     9 :  6.3841415e-25  1.1969248e-24 -2.5243030e-24
    10 :  7.5450403e-09 -5.3551563e-08  3.7908331e-08
    11 : -9.3033361e-28  2.6578433e-28  1.7803604e-27
    12 :  2.0903814e-01  2.6725380e-02 -9.8042644e-02
    13 :  4.5944317e-06 -1.9225833e-06  1.6973104e-06
    14 : -2.9145676e-14  1.2785339e-13 -2.4617260e-14
    15 : -3.9645007e-07  6.6481035e-07  3.7238307e-08
    16 : -6.0128050e-29 -6.6222084e-29  1.8865441e-28
    17 :  4.9610309e-20  1.9834717e-20 -1.3684612e-19
    18 :  1.9180548e-08 -8.4381308e-08  1.2475883e-09
    19 : -7.6814964e-34  3.4873241e-34  8.3521378e-34
    20 : -8.6304098e-20  2.8036203e-19 -1.2515103e-19
    21 :  1.2716301e-05  5.7295361e-06 -3.3404260e-05
    22 : -1.0525335e-05 -6.1826702e-07  5.4312339e-06
    23 : -2.3445239e-31  1.0305859e-31  1.6421050e-31
    24 : -2.0450393e-10 -2.9697914e-10  2.3652594e-09
    25 :  6.4398643e-33 -1.6335144e-32  4.1325181e-33
    26 : -1.5766051e-09  2.4616772e-09 -1.1012059e-09
    27 : -4.2610050e-06  8.1110062e-06  2.2905827e-06
    28 :  3.3687768e-06 -3.9337918e-06  1.1684625e-06
    29 :  1.2604054e-10  2.6455455e-10 -6.1282772e-10
    30 :  2.0494496e-08 -3.7302320e-08 -1.3605548e-08
    31 : -1.6270593e-13 -1.2031866e-13  4.1512174e-13
    32 :  1.7201268e-26  1.3956772e-26 -4.6437464e-26
    33 : -6.8997299e-05  1.6230299e-04  8.4570205e-05
    34 :  8.7484934e-35 -1.0121669e-34 -8.2373625e-35
    35 :  8.2970084e-13 -7.8859901e-13 -7.1265320e-13
    36 : -9.6222376e-02 -1.0538479e-02 -4.9275542e-02
    37 :  1.7121972e-03  6.2294085e-04 -1.9283850e-04
    38 :  5.0189808e-06 -1.6924523e-05  4.3046488e-06
    39 :  2.1846832e-10 -4.5424389e-10 -6.0266045e-11
    40 : -2.2987272e-11  2.1277273e-10 -4.5843816e-11
    41 : -3.0985134e-06  6.0861784e-06  1.5352766e-06
    42 : -2.0560466e-33 -1.4554804e-32  1.6039566e-32
    43 :  5.0462099e-18 -6.8903996e-18 -3.9301588e-18
    44 : -1.1837302e-04 -2.1667687e-04  6.2145514e-04
    45 : -2.6967443e-14  1.7260174e-16  2.7427266e-14
    46 :  1.3490680e-14 -8.7201620e-15  7.1057876e-15
    47 : -8.9005264e-26  1.6126423e-25 -2.6393470e-25
    48 : -6.9061520e-29 -4.1417619e-28  1.6373014e-28
    49 : -3.9195063e-08  4.3543092e-07 -2.8775718e-07
    50 : -9.1324308e-06  1.8894139e-04 -7.2358968e-05
    51 :  1.6106876e-01  4.7526908e-04  6.7629248e-02
    52 : -8.0389480e-08  2.6683039e-07 -5.7086997e-08
    53 :  2.4855754e-27  2.0434991e-27 -7.0576095e-27
    54 : -3.9208764e-06 -2.1603402e-06 -3.2520034e-06
    55 :  3.2699091e-07 -2.3801470e-07 -9.3800738e-06
    56 :  1.0712099e-01  1.2942461e-01  2.2136921e-01
    57 : -7.2150035e-07 -6.3760269e-07  1.7248061e-06
    58 : -2.6227000e-02  6.5498369e-02 -9.0140451e-03
    59 :  4.7891356e-08 -2.1956617e-08  9.9512120e-09
    60 :  3.6486351e-05 -6.0608784e-05 -8.1803003e-05
    61 : -1.8364405e-02 -7.8342841e-03  6.8129141e-03
    62 :  2.9729555e-09 -4.3353731e-10 -1.5030904e-09
    63 :  3.1706141e-04  2.1016492e-04 -1.4356870e-04
    64 : -7.4017260e-10  4.4753184e-09 -3.5605517e-09
    65 :  3.7322988e-11 -1.0881739e-10  3.5444325e-11
    66 :  1.7273391e-14  1.5760542e-12 -8.3008795e-13
    67 : -6.6340555e-28  9.6996313e-29  1.3631446e-27
    68 : -3.4450651e-27  8.2041648e-27 -8.2840718e-28
    69 : -8.6687661e-28  8.2924673e-28  1.0169205e-27
    70 :  3.4444847e-15 -5.8269816e-17 -7.2296385e-15
    71 : -3.6329167e-04  6.9724465e-04  4.9127689e-04
    72 :  1.3413429e-29 -4.1305370e-29  1.3009788e-29
    73 : -3.1504876e-04  8.2207604e-04  1.4028596e-03
    74 :  9.7146999e-21  1.5989042e-20 -1.2248343e-20
    75 : -1.6784900e-21 -1.5457031e-21  1.5336593e-21
    76 : -1.3686006e-30  1.3059840e-29 -5.2208076e-30
    77 :  4.0591148e-22 -9.7143343e-22  7.3640980e-23
    78 :  2.2493404e-25 -7.7227210e-25  2.2943938e-25
    79 :  1.1846087e-19 -8.9585855e-20  2.7156326e-19
    80 :  1.3629312e-39  2.6383142e-39 -2.1254894e-39
    81 :  3.4218848e-25  9.4264557e-25 -6.2753317e-25
    82 : -4.3504713e-01 -9.7015047e-02 -4.2074975e-01
    83 : -2.6460795e-34  3.0112702e-34  2.7010549e-34
    84 : -5.1587098e-32  1.2801651e-31 -2.7510641e-32
    85 :  2.4780022e-01  1.5293449e-01  3.2977430e-01
    86 :  1.5703978e-19  3.0443011e-20 -2.2593796e-19
    87 :  4.7069177e-18 -5.1316715e-18 -5.0234986e-18
    88 : -7.2252399e-12 -4.4598073e-12  5.0024785e-12
    89 : -7.9488317e-03  2.0654209e-04  2.6646763e-03
    90 : -9.7784580e-31 -3.3014950e-30  2.0956219e-30
    91 :  6.2725804e-02  1.3183798e-01  4.3471697e-02
    92 :  7.9909112e-15 -1.1442786e-14  3.6325498e-15
    93 : -3.3462071e-38  7.5121666e-39  1.3190801e-38
    94 :  6.8987916e-17 -4.3154629e-17 -8.8690732e-18
    95 :  1.8574151e-28 -1.2206617e-28  7.6525550e-29
    96 :  1.6508842e-12 -2.2889469e-12  3.3273626e-12
    97 :  3.4762662e-15  8.2996930e-14 -8.9703301e-14
    98 : -4.5535749e-01 -1.1797640e-01 -3.2056593e-02
    99 :  1.7678609e-25  4.1908193e-25 -2.7914004e-25
   100 : -5.1771360e-27  9.1330447e-27 -3.7114614e-27
   101 : -5.4627494e-12  2.5616784e-12  1.8603572e-12
   102 : -8.8522487e-08  2.3804823e-07 -1.6625793e-07
   103 :  5.1775219e-36 -2.9740108e-36 -8.0420562e-36
   104 :  2.3222223e-15  5.4598562e-16 -1.2433219e-15
   105 : -8.0145199e-08  2.0110356e-08  2.7750433e-08
   106 : -1.6418814e-10  2.0726316e-10  6.4877797e-11
   107 : -2.4581376e-10  8.1511475e-10 -5.2963306e-11
   108 : -2.0301195e-10 -8.5668513e-10  4.2780866e-09
   109 : -7.9278990e-07  5.3931770e-08  4.5074339e-07
   110 : -2.1788551e-04  1.0191957e-03 -1.8576881e-04
   111 :  3.9639974e-09 -7.3274839e-10 -1.1557995e-09
   112 : -2.1365538e-24  2.3643046e-24  2.4911450e-24
   113 :  1.6418230e-01 -1.0299520e-02  8.1600183e-04
   114 :  1.3060566e-14 -1.5561960e-16 -1.2979779e-14
   115 : -3.3573560e-07  8.3069403e-07 -8.1253565e-07
   116 : -1.6603317e-04  6.7673755e-04 -7.2758290e-05
   117 :  6.4054851e-02  1.4314926e-01  1.3029968e-01
   118 : -5.0370762e-01 -1.5921596e-01  6.2776936e-03
   119 : -7.7231925e-29 -1.6486906e-29  1.1425332e-28
   120 : -1.6065537e-13  1.0407726e-13 -7.4226203e-14
   121 :  7.2678661e-22  2.0850794e-22 -1.0959035e-21
   122 :  1.5147139e-06  1.4568655e-06 -1.1161450e-06
   123 : -1.6757282e-35 -2.7220209e-35  4.9044613e-35
   124 : -2.4827157e-27 -4.0062348e-26  1.9781369e-26
   125 : -2.8995862e-38  8.3178110e-38 -2.5229010e-38
   126 : -1.0837559e-20  3.3540501e-19 -2.8628209e-19
   127 : -2.4907438e-22 -3.1231994e-21  3.7841509e-21
   128 : -7.1467303e-07  4.6344009e-07  9.9701529e-07
   129 : -2.0063337e-18 -1.6933788e-18  4.9319875e-18
   130 : -2.7684437e-02  4.1368548e-02  1.6025875e-01
   131 :  8.1787882e-05 -8.1433295e-06 -5.2193569e-05
   132 :  1.9737762e-06 -6.8192573e-06  2.8451215e-06
   133 :  6.3407182e-04 -2.6643639e-03  4.4854221e-04
   134 :  3.4255477e-06 -1.4552463e-06  1.5262577e-07
   135 : -4.0065295e-09  1.0971846e-08  1.2360002e-08
   136 : -1.1844224e-10  1.1016133e-10  2.3114681e-11
   137 :  1.2104238e-07 -1.8157862e-07 -1.2467104e-07
   138 :  4.1698250e-10  5.1235469e-09 -3.2113301e-09
   139 : -1.7949296e-09  3.3829947e-09 -8.7388610e-10
   140 :  1.5467793e-23  8.1729207e-24 -1.0502519e-23
   141 :  2.8635078e-22 -6.4335246e-22 -5.0892929e-24
   142 : -3.6828088e-09 -1.7716757e-10  3.4641943e-10
   143 : -8.8782375e-31  3.7405130e-29 -5.0683696e-29
   144 : -2.6286735e-10 -2.4132170e-10  1.8465582e-10
   145 :  5.6999924e-13 -1.8689627e-12  5.4252281e-13
   146 : -1.7599975e-15  1.5370333e-15  2.4642627e-15
   147 : -2.7606331e-29 -3.2242496e-29  2.7162982e-29
   148 : -1.0570752e-16  7.1273903e-17  1.4324038e-16
   149 : -9.1394356e-02  6.7335495e-02  3.1019535e-02
   150 :  1.2012647e-12 -2.3876016e-12 -2.5166321e-13
   151 :  1.2084347e-21 -1.0045332e-20  6.6776645e-21
   152 :  3.3751857e-18 -8.9174097e-18  2.4554131e-18
   153 : -1.6855854e-01 -1.1233196e-02 -2.0145110e-01
   154 : -4.2176303e-39  1.0043868e-39  5.3063006e-39
   155 : -1.3579113e-29  1.1157077e-29  3.6284678e-31
   156 :  1.2315251e-31 -6.6473082e-31  2.5489333e-31
   157 :  1.7778602e-14 -3.2318210e-14 -5.5365851e-15
   158 :  3.3901919e-09 -5.4198724e-09  3.6763886e-09
   159 : -7.4633355e-12 -1.0903066e-11  8.5435279e-12
   160 : -5.8692916e-37  1.2932397e-37  2.2445529e-37
   161 : -7.8512844e-36  1.3369734e-35 -1.9355462e-35
   162 :  1.4567312e-01  4.0861132e-02  6.6327038e-02
   163 :  2.0266677e-06 -2.0052346e-06  4.5696134e-06
   164 : -1.3562863e-19  1.9884605e-19  1.1052331e-19
   165 : -8.4672940e-11  2.1037272e-10 -1.7098634e-11
   166 :  1.5330747e-30 -3.6800211e-31 -2.9583070e-30
   167 : -1.6616334e-08  9.6132598e-09 -7.8643368e-09
   168 :  8.7978866e-06 -2.1592804e-05  4.1880663e-06
   169 : -5.2243786e-01  1.9873767e-01  2.3890446e-01
   170 :  1.6688709e-27 -2.7411477e-28 -1.1194260e-27
   171 :  3.2549801e-29  2.7081609e-27 -5.5039050e-27
   172 :  3.3683755e-05 -7.0323454e-05 -4.5105669e-05
   173 : -5.1455453e-07 -2.1707047e-07  8.9203630e-07
   174 : -1.6566488e-09  1.8870269e-09  1.8883163e-09
   175 : -2.8451710e-15  8.7919192e-16 -9.0996962e-17
   176 : -1.1448784e-25 -4.0326867e-26  2.8419807e-25
   177 :  3.2728929e-10 -3.3724865e-09  2.0937309e-09
   178 : -1.0880006e+00 -2.1967253e-01 -7.4300537e-01
   179 : -6.7556170e-09 -6.6609684e-10  1.5036999e-08
   180 :  1.2174637e-29  2.0956814e-31 -2.5593600e-29
   181 :  6.5986449e-06  3.7145951e-06 -1.5012090e-05
   182 : -4.0655412e-17  2.5413203e-17 -1.8878676e-17
   183 : -8.8910368e-05 -1.6652147e-04  4.6991211e-04
   184 :  2.1367536e-38  2.9771913e-37 -1.5345562e-37
   185 : -1.0264982e-20 -4.2436520e-21  6.4857671e-21
   186 :  1.4137417e-13  2.8132639e-14 -2.0628515e-13
   187 : -6.6383174e-09  7.0552997e-09  1.8670082e-08
   188 : -2.3680924e-01 -2.4260136e-01 -4.4378020e-01
   189 :  4.7987343e-08 -2.7276355e-08 -7.9208902e-08
   190 : -4.0660089e-11  3.5316317e-10 -1.5196337e-10
   191 :  3.6439931e-35 -3.0166743e-35 -4.9402932e-35
   192 : -2.1967566e-05 -1.0594545e-04  1.0751640e-04
   193 :  2.3765199e-01  4.6344841e-02  1.2319692e-01
   194 : -3.9471220e-01 -1.1372210e-01  1.3330967e-01
   195 :  4.9476388e-15  1.2864489e-15 -3.0896106e-15
   196 :  2.5982000e-30  2.1483892e-30 -7.7810173e-30
   197 : -2.6664896e-29  4.4996432e-29  9.4199494e-30
   198 :  7.6358597e-12 -1.4544883e-12 -4.1824382e-12
   199 : -9.6116396e-03  1.4776557e-01 -1.5303442e-02
   200 :  2.1594585e-26 -6.8588153e-26  3.5312303e-26
   201 :  3.6384185e-06  1.3768412e-05 -3.0770128e-05
   202 :  1.0055506e-14 -1.8211020e-15 -1.2441877e-15
   203 :  1.1336094e-32  2.2213632e-32 -1.5338107e-32
   204 : -4.2194495e-15  2.8496497e-14 -1.5452730e-14
   205 : -2.1467681e-05 -2.5740677e-05  1.6305325e-05
   206 : -4.6445748e-32  1.4688848e-32  9.5948672e-33
   207 : -5.8010512e-30  3.5356737e-30 -1.8905587e-30
   208 : -2.3150162e-22  5.9720936e-22 -3.4073102e-22
   209 : -1.1887463e-01  8.6075092e-02 -4.5836397e-02
   210 :  7.1998274e-16 -1.1290549e-15 -5.6112234e-16
   211 :  5.0861788e-32 -4.1916397e-32  4.1788007e-32
   212 :  1.3628973e-08 -5.3079631e-08  1.3425619e-08
   213 : -1.7184863e-30 -5.7352000e-29  7.8318237e-29
   214 : -8.0343030e-02 -1.0022107e-01  7.6200330e-02
   215 : -5.9383355e-01 -1.5506661e-01 -1.4172946e-03
   216 : -7.9819372e-09  7.8818780e-09  1.4148772e-08
   217 :  1.7292821e-38  5.2775272e-38 -3.3188093e-38
   218 : -1.1273222e-23  3.7119220e-23 -1.2643035e-23
   219 : -1.4121824e-06  1.7138137e-06  1.3401201e-06
   220 :  8.5414856e-20 -2.7375331e-20 -1.1220465e-20
   221 :  4.3102260e-26 -1.1760700e-25  7.3553924e-27
   222 : -5.3440832e-03 -7.1736159e-03 -1.9339410e-03
   223 :  5.7165203e-04 -3.8442639e-04  7.6027793e-04
   224 :  1.6930610e-12 -4.8499198e-12  1.8267848e-12
   225 : -5.1406696e-20 -1.1221988e-19  2.3950098e-19
   226 : -3.4156110e-26  1.4176340e-26  1.2220521e-26
   227 : -1.8830014e-14  3.5438605e-15  8.3099384e-15
   228 :  3.9807390e-12 -8.1859258e-12 -1.7386706e-12
   229 : -1.2380214e-16  4.9322912e-17  3.1949622e-17
   230 :  1.2891398e-26  1.3947516e-26 -1.2111223e-26
   231 : -4.7682668e-27  1.6793857e-26 -6.6196755e-27
   232 : -3.1401485e-36 -2.6857958e-36  2.8025716e-36
   233 : -1.1545165e-26 -2.4235722e-25  2.9901741e-25
   234 :  1.4987928e-01 -2.9733686e-02  1.6394387e-01
   235 : -8.6478450e-05 -1.9086455e-04  4.6509408e-04
   236 : -5.1144431e-24  5.5824679e-24  5.6568801e-24
   237 :  6.4391405e-22 -4.2273630e-21  3.9767237e-21
   238 :  1.2268798e-33  1.8676848e-34 -6.9706355e-34
   239 :  1.5905102e-25 -2.1825959e-25  2.7960961e-25
   240 :  4.3132551e-31  9.1351739e-31 -1.8077260e-30
   241 :  1.0733742e-06  1.3940518e-06 -6.8616798e-07
   242 : -2.5206071e-07 -3.3889239e-07  9.7671768e-07
   243 :  3.7513047e-03 -6.0963611e-03 -4.9102515e-03
   244 :  4.5511633e-04 -2.7407931e-04  6.4808428e-04
   245 :  1.4893124e-24 -7.8421553e-25 -1.5976039e-24
   246 : -2.4033181e-08 -5.2123586e-08 -7.5995241e-10
   247 : -9.1304463e-03  3.6343842e-03 -1.2897015e-02
   248 :  2.9211615e-37 -5.3270183e-37 -6.7061226e-38
   249 :  8.5024520e-19  2.0351984e-18 -3.8607969e-18
   250 : -1.8740391e-07  1.0860568e-07 -3.7226633e-07
   251 :  1.0438016e-12 -1.9629220e-12 -9.5431572e-13
   252 : -8.4915155e-27  1.8206635e-26 -1.6077553e-27
   253 :  1.0072412e-32 -1.0435320e-32  1.2406381e-32
   254 :  9.2610077e-02  1.3438219e-02 -1.4229068e-02
   255 :  6.8880908e-14 -7.5763361e-16 -2.0710911e-14
   256 : -3.2921361e-07 -2.0886579e-07  1.8007597e-07
   257 :  3.4367840e-04 -2.3484561e-04  9.2786701e-04
   258 : -1.3765282e-15  8.8567761e-15 -1.7176898e-14
   259 :  2.2911889e-21 -4.1002473e-21  6.9013831e-21
   260 : -5.5973225e-07  4.8116641e-07  7.8050977e-07
   261 :  6.8642824e-15  2.3849868e-15 -1.9594086e-14
   262 :  3.2959690e-25 -3.7415234e-24  3.1221689e-24
   263 : -9.7742098e-28  9.7160329e-28  1.1898082e-27
   264 : -2.5127908e-13  2.6235917e-13 -3.6891799e-13
   265 :  1.1278416e-06 -2.3499088e-06  5.1842949e-06
   266 : -1.3156589e-18  2.0642984e-19  5.4036241e-19
   267 : -1.4109911e-16  2.6820661e-16 -6.0844306e-17
   268 :  1.4586885e-28  6.2396215e-28 -1.4308089e-27
   269 : -1.2720790e-02  4.6376978e-03 -8.6378068e-04
   270 : -2.2230368e-16  4.2592441e-16  5.3733335e-17
   271 :  1.0683043e-05  1.9672623e-06 -1.3103527e-05
   272 :  6.8118478e-16 -2.5892708e-16 -6.8143066e-17
   273 :  6.9083308e-27 -6.2984363e-27 -7.9674615e-27
   274 : -2.4851220e-08 -1.0110900e-07  5.9856444e-08
   275 :  1.1369559e-22  1.0508562e-22 -3.8101829e-22
   276 :  4.3365668e-05  1.7889025e-05 -3.3808639e-06
   277 : -2.1339985e-26  6.6836597e-25 -6.1600039e-25
   278 : -5.6768137e-08 -7.5320495e-08  2.7854148e-07
   279 : -4.2021593e-13  5.3693884e-14  1.7333443e-13
   280 :  1.3422836e-01 -5.7251393e-02  1.7480671e-01
   281 :  8.6698754e-13 -1.3313968e-12 -8.0663572e-13
   282 :  8.7885142e-19  2.7492246e-18 -7.8027111e-18
   283 : -2.9874291e-22  2.9765065e-22  3.0991984e-22
   284 :  3.8679812e-24  3.1470078e-24  8.7126817e-24
   285 :  1.2680521e-01  7.9245566e-02  1.7421696e-04
   286 :  1.0891961e-07 -1.3854164e-09 -2.6836701e-07
   287 : -1.1966646e-09 -1.5725171e-09  1.0458669e-09
   288 :  6.0857916e-02  5.2298138e-02 -2.0444091e-02
   289 :  5.5198847e-11  9.7161787e-11 -3.7628813e-10
   290 :  1.0486501e-01  1.2334472e-01  9.3026305e-02
   291 :  2.0717819e-13 -2.8179210e-13  3.2902230e-14
   292 :  1.1422169e-03 -2.4745773e-04 -5.5400400e-03
   293 : -2.0484932e-21  7.4067848e-22  3.4231708e-21
   294 :  1.2022636e-08 -4.8314826e-09  6.3660106e-09
   295 : -1.0466309e-31 -3.6286610e-31  2.1836698e-31
   296 : -5.3169938e-06 -6.7007619e-05  8.7520654e-05
   297 :  2.3036563e-11 -7.1898769e-11  1.2158964e-11
   298 : -3.4751259e-12 -5.1879256e-12  3.8172624e-12
   299 : -1.8443052e-34 -1.0674087e-35  3.2085934e-34
   300 : -4.8667221e-05 -6.5961073e-06  1.6015979e-05
   301 :  1.5265509e-13 -4.8411116e-14 -3.7574175e-14
   302 :  2.3472559e-08 -8.2998189e-08  1.4078600e-08
   303 :  2.2383902e-09  8.7847964e-10 -1.3419502e-09
   304 :  1.5962683e-08  4.2678827e-09 -1.5576178e-08
   305 : -3.6097913e-14  2.0197790e-14  6.6933681e-15
   306 :  1.0250025e-03  9.6646897e-04 -1.9206258e-04
   307 : -5.1318229e-09 -2.9592835e-09  1.8058302e-08
   308 : -1.2578438e-12 -7.1440934e-13  3.2430365e-12
   309 :  2.5102668e-35  8.1315434e-33 -3.9768051e-33
   310 : -1.6483069e-11 -1.6418693e-10  2.0986427e-10
   311 :  3.6026778e-09  3.2343991e-08 -7.3081365e-09
   312 : -3.4863638e-30  3.0727595e-30 -4.7847478e-30
   313 :  3.7245737e-22 -2.0638721e-21  8.4556818e-22
   314 : -4.8603650e-33 -1.5287495e-33  7.4804285e-33
   315 : -1.2254746e-25 -5.0123144e-25  2.8326889e-25
   316 : -2.4711608e-04  6.5406921e-04  3.2558351e-04
   317 : -2.1832018e-34 -4.2320459e-34  8.5141785e-34
   318 : -1.3565609e-05 -1.2577146e-05  1.4256700e-06
   319 : -1.8018524e-06  2.4730807e-06  6.4283021e-06
   320 : -1.0897447e+00  2.8052873e-01 -2.0937436e-02
   321 :  1.7165844e-04  1.0923406e-03  1.1136587e-03
   322 : -1.2835531e-32  3.0844681e-32 -4.8111062e-33
   323 :  2.5026920e-36 -3.9387565e-36  7.6017745e-37
   324 : -1.9111719e-24  5.2733967e-24 -1.2696415e-24
   325 :  4.3308811e-21 -1.3356566e-20  2.6040034e-20
   326 : -6.9643597e-03  1.2902132e-01  1.5964198e-01
   327 : -5.3202992e-01 -3.8607216e-02 -9.8332816e-01
   328 :  4.8588408e-07 -2.5793846e-07 -1.3978771e-07
   329 :  1.2974485e-23 -3.3552710e-22  1.5982651e-22
   330 : -9.2077867e-37 -1.1908599e-35  1.3616486e-35
   331 :  1.0160264e-15 -2.2018379e-15 -1.9615762e-16
   332 : -1.5968693e-09 -4.3959664e-09  3.1047949e-09
   333 :  4.8108000e-21 -2.8624399e-21  1.8176951e-21
   334 :  5.5780545e-06 -3.0565157e-05  1.8486768e-05
   335 : -5.7261186e-09  9.6264137e-09  1.1305802e-08
   336 :  4.8613040e-08 -1.0741704e-07 -1.7906374e-08
   337 :  2.6198282e-34 -2.1815910e-31  2.3617790e-31
   338 : -1.0345626e-07 -4.3162445e-07  1.7814451e-07
   339 :  3.7703238e-23 -2.5409464e-23 -5.7730260e-23
   340 :  4.4420483e-06 -7.5098918e-06 -1.3654246e-08
   341 : -9.8509179e-31  8.2775816e-31  1.0288445e-31
   342 : -3.4190846e-26 -1.9995309e-26  9.4168605e-26
   343 :  8.1303638e-13 -5.0748600e-13 -1.3828185e-13
   344 : -2.9773479e-05  8.8650925e-06 -1.3154075e-05
   345 :  1.7548060e-01  5.6676265e-02 -1.7454658e-02
   346 : -1.5830722e-25 -1.3782163e-25  1.3241145e-25
   347 : -2.0245316e-05  1.0750336e-05 -2.2790977e-06
   348 :  7.4929346e-14  3.8595828e-13 -2.1928156e-13
   349 : -4.1127073e-14  2.7355268e-14 -1.9045152e-14
   350 : -2.5426854e-05  8.5447379e-06 -8.9577485e-07
   351 :  9.4866410e-20  7.8958278e-20 -7.5983807e-20
   352 : -2.6589479e-05  8.7093786e-06  7.6096453e-06
   353 :  2.4666519e-08 -2.2745020e-08  5.8077497e-09
   354 : -1.0227279e-01 -1.1551742e-01 -8.5891396e-02
   355 : -3.5969670e-02  5.6185290e-02  1.3607758e-01
   356 :  1.3750110e-31  1.9561766e-31 -4.7836906e-31
   357 : -7.7064820e-05 -6.3287908e-05  1.8693857e-04
   358 :  1.4370078e-15  4.6930577e-17 -2.9054311e-15
   359 : -3.5019728e-38  9.5374439e-38 -3.0579796e-38
   360 :  6.6366128e-06 -2.3595521e-06  3.4362451e-06
   361 : -5.0680065e-19 -1.0724775e-19  2.6466845e-19
   362 : -3.0409761e-13  3.4691298e-13 -5.7949534e-13
   363 :  4.4847406e-17  7.8181797e-17 -2.2929303e-16
   364 :  5.5562730e-18  1.1906404e-17 -7.1675734e-18
   365 :  4.8370932e-15 -1.1868806e-14  7.5110234e-14
   366 :  5.9917164e-29  3.4711259e-28 -4.6336301e-28
   367 :  2.0797245e-11  2.1220678e-12 -7.2815215e-11
   368 :  3.1871804e-07 -1.9664562e-06  1.7041889e-06
   369 :  2.6955032e-14  3.2225535e-13 -4.8526100e-13
   370 : -5.5557814e-17  1.0939557e-16  1.1479009e-17
   371 :  7.6526376e-29  5.7850941e-30 -8.6356678e-29
   372 :  3.0401622e-13 -4.4002663e-13 -2.4518805e-13
   373 : -1.4073051e-09  1.0448336e-09  4.9028368e-09
   374 :  1.2493199e-01 -8.7837018e-03 -1.9392703e-02
   375 : -7.4575605e-22  2.1195220e-20 -9.1704597e-21
   376 : -2.0538311e-32 -9.2075886e-32  1.3269416e-31
   377 :  1.1593407e-11 -4.8449110e-12 -1.1224496e-12
   378 :  5.4990586e-17 -3.0154453e-16  1.3142761e-16
   379 :  3.5447672e-35 -1.0187521e-34  3.2152792e-35
   380 : -3.0841701e-03  8.3704380e-05  6.8126195e-04
   381 : -4.5725654e-15  9.4273562e-15 -1.9268402e-15
   382 :  2.6962907e-21  3.0132683e-21 -9.2441008e-21
   383 : -1.1840662e-04 -1.3575208e-04  6.3832157e-05
   384 : -3.8558099e-20 -3.5060065e-19  2.5785223e-19
   385 :  6.2269897e-08 -9.5424396e-08 -6.5652765e-08
   386 :  6.8296421e-05  1.2648232e-04  5.1498340e-04
   387 : -2.9214413e-23  1.0776205e-23  5.5266847e-23
   388 :  1.3262654e-01  1.9624455e-01  1.0023237e-01
   389 :  1.0289268e-18 -6.2609615e-19 -1.2525928e-18
   390 : -2.5021778e-07  3.0632831e-07  3.0697907e-08
   391 :  8.1234809e-16  6.7214261e-16 -6.6992841e-16
   392 : -1.4833068e-04 -4.7276837e-06 -1.0196333e-05
   393 : -1.6118875e-04  7.0881721e-05  3.9608892e-04
   394 : -3.4896811e-19  1.0145007e-18 -2.2015846e-19
   395 : -1.9456393e-12 -8.8490938e-12  2.5653184e-11
   396 : -4.2999855e-35  5.7486049e-35 -7.7710694e-35
   397 : -5.8095208e-05  2.4672934e-04 -3.8112133e-05
   398 :  1.6515672e-09  1.0564180e-08 -4.5865374e-09
   399 : -4.5713317e-05  1.1366257e-03 -3.7939997e-04
   400 : -1.1049264e-09  9.6724192e-10 -2.1110599e-09
   401 :  5.1409502e-09  2.1556916e-09  3.3395361e-09
   402 :  3.3974255e-18 -2.9035291e-19 -1.5432759e-18
   403 : -2.1864085e-17  5.6196884e-17 -7.5040552e-18
   404 : -2.2578381e-29 -5.7164171e-30  6.5516772e-29
   405 : -1.7921084e-11 -3.7607088e-11  4.5062175e-11
   406 :  4.5042968e-06  3.9690917e-06 -4.4504695e-07
   407 :  1.0514997e-03 -4.0090907e-04  6.7624616e-04
   408 : -6.0340344e-03  1.6817272e-03  1.3905295e-03
   409 : -8.1406324e-11 -6.2139526e-10  2.7961273e-10
   410 : -9.4368066e-02 -9.0448024e-02  6.0151377e-02
   411 :  2.2396673e-10 -8.6883906e-10  2.4903878e-10
   412 : -1.5236734e-09  8.4599522e-09  8.7104485e-09
   413 :  6.6090771e-32  1.1012063e-32 -1.3320194e-31
   414 :  1.7326372e-01  8.7046937e-02  1.4634629e-01
   415 : -9.0477816e-10 -1.0407860e-12  1.5487511e-09
   416 :  7.9640996e-23  9.0351181e-23 -2.7298341e-22
   417 : -4.5626863e-06  1.0606056e-05 -2.4080073e-05
   418 :  9.2481386e-04  9.2199776e-04 -1.2287452e-03
   419 :  1.8084560e-28 -2.5926842e-28  3.1245722e-29
   420 : -1.9558516e-26  8.2034185e-26 -4.2050465e-26
   421 : -3.5078676e-24  1.5914803e-23 -7.6388104e-24
   422 :  1.0595333e-13 -1.6152260e-14 -2.3092352e-13
   423 :  1.4885257e-11 -2.9207857e-10  2.1255236e-10
   424 : -9.2486534e-20 -5.1181884e-20  6.1848967e-20
   425 :  1.4662823e-23 -4.7287736e-23  1.2809952e-23
   426 :  6.1117546e-16  5.0825636e-16 -4.7474750e-16
   427 : -5.4328202e-18 -7.9767825e-18  2.3705695e-17
   428 : -9.7429529e-19  2.6715739e-19  2.1785516e-18
   429 :  4.6335326e-09  3.0418325e-09 -3.8062991e-09
   430 :  6.8120556e-08 -4.4865369e-08 -4.9511053e-08
   431 : -4.4237152e-11  5.5832904e-11  7.8050081e-11
   432 : -1.5126103e-12  1.2776199e-12 -1.6636783e-12
   433 : -6.9662775e-31  4.9813171e-31  9.2495904e-31
   434 : -8.8461200e-03  1.8807061e-03 -2.5997054e-03
   435 :  8.9993415e-11 -3.1158341e-11 -3.9139866e-11
   436 : -2.2529651e-20  1.5788582e-20  2.8331278e-20
   437 : -3.4618684e-06  2.6084065e-06 -5.1137479e-07
   438 :  1.3638975e-06 -6.1733069e-07 -3.2172842e-07
   439 :  4.0632843e-04 -2.6856335e-04  3.8216711e-04
   440 :  5.2103102e-24 -1.8679161e-23  6.1161208e-24
   441 : -6.2797158e-34 -3.4176172e-34  1.2834681e-33
   442 :  2.2307144e-06  7.5601352e-06 -2.6429540e-05
   443 :  7.6164289e-13 -1.2558965e-12 -1.9792639e-13
   444 : -2.7184113e-06  2.2270022e-06  7.4365471e-07
   445 : -3.0369888e-16  5.0162968e-17 -4.1864468e-17
   446 :  1.3717386e-01  9.5021964e-02 -1.1515220e-02
   447 :  2.5287914e-16 -4.6940900e-17  7.0985359e-17
   448 : -2.8332980e-10  4.3750881e-09 -7.8085819e-10
   449 :  6.4604149e-31 -6.3891274e-31 -7.0051821e-31
   450 : -1.8790084e-33  1.3796936e-33  2.5321831e-33
   451 :  6.6278841e-02  7.6617217e-03 -2.2510034e-02
   452 : -5.6518756e-02 -7.5536993e-02  6.5487998e-02
   453 :  9.9482845e-02  9.4302517e-02  1.5709636e-02
   454 : -1.5862081e-02  1.1181407e-01 -1.2700042e-01
   455 : -6.5615809e-18 -5.2052681e-18  1.2583270e-17
   456 : -3.3016279e-09  1.3962579e-09 -1.0191202e-09
   457 :  1.9513450e-34  4.8019023e-34 -8.1513707e-34
   458 : -2.4235100e-16 -1.0999639e-15  1.4192795e-15
   459 : -1.8439674e-10  7.4192058e-11  1.0009945e-10
   460 :  5.0210432e-10  3.3600748e-09 -3.2425418e-09
   461 : -3.0100336e-16  4.0292549e-16  4.7725657e-16
   462 :  3.4299917e-13 -7.9603271e-13  1.0267656e-13
   463 :  5.3846177e-24 -1.1705713e-24 -6.5510072e-24
   464 :  1.8844480e-06  5.8995714e-06 -3.2799131e-06
   465 : -4.1485186e-09  1.0872058e-09  1.4617943e-09
   466 :  6.9903578e-04 -6.1358981e-05 -2.0308337e-04
   467 : -3.0901732e-25 -4.6898727e-26  4.6251435e-25
   468 : -2.2482933e-23  5.5198667e-22 -2.0411025e-22
   469 :  1.5407853e-34 -2.0269567e-34 -1.5405017e-34
   470 :  4.1056318e-32 -5.2363191e-32  4.8014059e-33
   471 : -4.1346956e-21  5.3079470e-20 -5.5269910e-20
   472 :  9.2840397e-24 -6.9224949e-24 -1.5053224e-23
   473 :  6.7117305e-08 -7.0936546e-08 -1.2317402e-07
   474 : -1.6890754e-28  4.2498619e-28 -1.4784146e-28
   475 : -6.5581664e-19  9.6933526e-19 -1.7482566e-18
   476 :  3.2741016e-19 -8.0656337e-19  1.8777138e-19
   477 : -1.6809021e-36  1.6557235e-36 -2.0832975e-36
   478 :  1.2766411e-09 -2.3062658e-09 -1.3402049e-09
   479 : -8.9080513e-37  2.6798249e-36 -8.9158916e-37
   480 : -3.3152009e-03 -2.0324166e-03 -6.8485974e-03
   481 : -5.9857140e-18 -2.7838060e-17  8.1653758e-17
   482 : -6.9672586e-27  2.0387458e-26 -6.4256975e-27
   483 :  9.1405021e-04  4.7713067e-04 -1.4784602e-03
   484 : -5.9099886e-10  4.2345674e-10  1.4980807e-10
   485 : -4.3761964e-10  3.4035099e-10  5.5371200e-10
   486 : -9.7971808e-02 -1.2421704e-01 -4.6050485e-03
   487 :  6.1024500e-09  5.9505041e-09 -1.4813299e-08
   488 :  2.7309169e-03 -5.9362855e-03 -5.3769985e-03
   489 : -1.6389917e-28 -4.4731747e-29  3.8718157e-28
   490 :  2.7184174e-24  6.9413590e-25 -1.6373069e-24
   491 :  1.6741991e-25  4.0993455e-25 -2.8047091e-25
   492 : -6.7825248e-08  5.9215178e-08 -2.7581710e-08
   493 : -2.8840425e-05  4.6318879e-05 -2.9524787e-06
   494 : -5.3061485e-04  1.5658175e-03  1.9326521e-03
   495 : -6.4263438e-12 -8.5581849e-12  2.1788075e-11
   496 : -4.0997160e-22  2.0459243e-21 -1.2378661e-21
   497 :  2.6916293e-33  1.6085900e-32 -8.6463954e-33
   498 : -7.0675566e-31  1.9374315e-30 -3.5530412e-30
   499 : -2.2002450e-03 -4.4205821e-03 -6.2277107e-03
   500 : -3.6861896e-34  3.7174351e-34  4.1995697e-34
   501 :  2.1475890e-37 -4.6788017e-36  3.3626692e-36
   502 : -1.4632884e-06  3.5672695e-06  5.1898628e-07
   503 :  1.6372360e-06 -1.8007413e-08  5.5837159e-07
   504 : -5.1902374e-11  2.2498944e-10 -8.8997745e-12
   505 : -1.0364547e-02 -1.9414982e-03  2.4965796e-03
   506 :  6.8239660e-24 -1.6832137e-23  1.9738593e-24
   507 : -7.0650221e-22 -4.6980374e-22  1.5067034e-21
   508 : -3.0642123e-22  1.4044086e-21 -5.7279310e-22
   509 :  2.1313549e-08 -5.4206433e-09 -2.9610542e-10
   510 :  6.0985280e-23  2.6544528e-22  3.9008130e-22
   511 : -1.0852684e-16  2.4457357e-17  1.7642775e-16
   512 : -3.8441803e-18  1.0159872e-16 -4.9199223e-17
   513 : -1.0819096e-12 -2.5992698e-12  5.5011082e-12
   514 : -2.4872234e-11  1.1837655e-10  9.3921840e-11
   515 : -7.3791956e-05  3.4298959e-07  5.7179545e-05
   516 :  8.9828710e-23  2.5272254e-22 -1.6302257e-22
   517 : -4.4142926e-05 -1.2135092e-05  2.4459175e-05
   518 : -9.7788507e-12  1.1106806e-11 -1.1234722e-11
   519 :  4.1575189e-16  4.5269513e-18 -8.9835113e-16
   520 : -1.3489004e-12 -2.3214801e-12  4.0601172e-12
   521 : -1.1565933e-05  3.5512540e-06  2.2414027e-06
   522 : -6.1943929e-02 -8.1412234e-02 -1.5503653e-03
   523 : -1.0590067e-03  8.9015812e-05  3.9509338e-04
   524 :  6.3319873e-12 -6.3918915e-12  1.5227336e-13
   525 : -1.0526504e-10 -1.0271372e-11  3.7707071e-10
   526 : -8.7247350e-17 -4.3061698e-17  1.3592285e-16
   527 : -2.3480033e-29 -8.7543144e-28  1.1812211e-27
   528 :  3.0903039e-01  1.6706629e-01  1.5741315e-01
   529 :  5.0137085e-08 -2.1437367e-08 -4.4987742e-08
   530 :  4.9187788e-06  1.6104770e-03  1.3902716e-03
   531 : -8.7461543e-08 -4.5770564e-07  1.6037984e-07
   532 : -8.7249387e-20  3.4950634e-16 -3.4634582e-16
   533 :  3.4553064e-38 -3.4036109e-38  3.6019444e-38
   534 : -6.9350908e-39 -3.3911939e-38  7.8739076e-38
   535 :  7.5938774e-27 -1.0525077e-26 -5.0328064e-27
   536 :  5.0315952e-04 -1.1485960e-04 -1.5079347e-04
   537 :  4.8632343e-07  1.1732136e-07 -3.7127902e-07
   538 :  1.4858525e-09 -3.6830380e-10 -1.8954177e-09
   539 : -1.6856549e-27  5.7644489e-27 -1.9693061e-27
   540 : -3.0465877e-24  4.3342494e-24  1.4642427e-24
   541 :  8.9633125e-23  7.1619469e-23 -2.7135429e-22
   542 :  4.1993716e-12  5.4748338e-12 -2.8479401e-12
   543 : -5.3436779e-29 -6.2235746e-29  5.0422927e-29
   544 : -2.5259163e-11  5.8992527e-11  1.7114573e-11
   545 :  2.9147719e-21  4.7814639e-21 -1.1911718e-20
   546 : -4.6793860e-03 -4.8843649e-03  5.1728772e-06
   547 :  4.7750677e-26 -1.1907019e-25  2.2504913e-26
   548 : -1.0956394e-04 -2.4318194e-05  2.0337283e-04
   549 : -5.1494885e-22 -1.5712001e-22  8.7554945e-22
   550 : -3.2513493e-09  5.7697970e-08 -1.2963362e-08
   551 : -1.6320453e-04 -2.4755944e-05  4.8551435e-04
   552 : -1.2597303e-06  3.8251006e-06  6.0272730e-07
   553 : -4.0612380e-08  3.2228381e-08 -9.0659214e-08
   554 :  1.2094231e-21 -5.7042545e-21  1.9176706e-21
   555 :  1.9355045e-12 -1.8433178e-12 -2.9299000e-12
   556 :  4.9744013e-23  8.0711661e-23 -5.7230707e-23
   557 :  6.2134595e-02  8.4671042e-02 -4.0897827e-02
   558 :  1.3186899e-07 -1.1821971e-07 -2.1695690e-07
   559 : -8.5688287e-06 -2.6661910e-06  6.4337284e-06
   560 :  3.6081911e-08  4.4042591e-08 -1.4469042e-08
   561 :  8.0343783e-02  1.1833016e-01  1.1188281e-01
   562 : -6.4569904e-18  3.6273474e-17 -1.3340824e-17
   563 :  3.6046340e-33 -7.3629405e-34 -2.0713358e-33
   564 :  3.7416602e-04  4.2218311e-05  3.2508216e-04
   565 : -1.4187419e-03  1.3746862e-03 -1.1474831e-03
   566 : -8.7160161e-25 -3.8841418e-24  7.0715185e-24
   567 : -2.2408800e-13  2.4055881e-12 -1.6447894e-12
   568 : -1.1071196e-05  9.0028601e-06  1.3791641e-04
   569 :  2.2291918e-04  1.2010005e-05 -9.1693294e-05
   570 :  4.9383839e-21 -1.0676198e-20 -2.1723945e-21
   571 :  6.7301320e-13 -5.0645186e-13 -9.7212738e-14
   572 :  3.7035238e-36 -5.6416739e-35  2.5781833e-35
   573 : -3.8537134e-09 -4.2675197e-09  1.3894179e-08
   574 :  4.1846275e-08  2.4316204e-08 -6.6082192e-08
   575 :  1.1158683e-01 -1.2826210e-01 -1.3545391e-01
   576 :  1.1424699e-10 -1.3527701e-11 -3.7540092e-10
   577 : -2.3193365e-02  6.5287644e-02 -1.5710150e-02
   578 : -1.0582329e-38  1.4691482e-38  8.9605277e-40
   579 :  1.3581808e-02  4.9160715e-02 -1.2804409e-02
   580 :  7.7309746e-02  1.0774541e-01  8.7925417e-02
   581 : -6.4434733e-21  9.2948611e-21  6.9137380e-21
   582 :  1.2403573e-36 -3.5245283e-36  1.0751454e-36
   583 :  3.2221874e-19 -9.4668725e-19  2.2878741e-19
   584 : -1.1486925e-29  2.0236932e-29  3.0439603e-30
   585 : -2.0755862e-04  5.7739269e-04 -1.7569076e-04
   586 :  1.0403432e-24 -2.0692807e-24 -1.1000516e-25
   587 :  2.3050569e-18 -4.3655485e-18 -2.7827261e-19
   588 :  5.3741496e-24 -6.4619458e-24  4.8230436e-25
   589 :  1.9220128e-05 -1.4337519e-05 -2.2811274e-05
   590 :  1.6306057e-05 -2.5279308e-06 -4.2660940e-05
   591 :  3.7999627e-33 -5.7208540e-33 -1.9686118e-33
   592 :  3.1877200e-21  2.2665938e-21 -7.8139482e-21
   593 : -2.6787287e-16  2.6139941e-16 -4.4575948e-16
   594 :  2.7469672e-18  4.7146220e-18 -3.2733364e-18
   595 :  2.4868832e-09 -2.9543190e-10 -1.9691123e-09
   596 :  5.7412521e-10 -2.0739515e-09  2.5909132e-10
   597 :  8.1713212e-14  4.8110747e-14 -1.6728191e-13
   598 : -1.5403289e-17 -1.7877072e-17  1.4848765e-17
   599 :  7.8311582e-02 -2.7272206e-02  1.4825296e-03
   600 :  8.3647155e-13  2.6305157e-11 -1.1416047e-11
   601 :  7.6708809e-02 -1.6653716e-02 -5.6783483e-03
   602 : -6.5409895e-26 -5.1805836e-25  2.6025535e-25
   603 : -8.1880488e-29 -2.6308784e-28  7.9403563e-29
   604 : -6.3401594e-20  8.0820945e-20 -1.0237223e-19
   605 : -8.7241325e-16 -5.4072978e-16  2.8573858e-15
   606 : -6.1033829e-02 -1.9420362e-02 -7.5143831e-02
   607 : -1.1368411e-11  2.0598168e-11  1.8258306e-11
   608 :  5.0582885e-23 -8.1140643e-23  1.5288017e-23
   609 :  6.1536538e-20 -2.3239064e-19  7.4079427e-20
   610 :  4.7255483e-28  1.5727404e-27 -3.7115164e-27
   611 :  7.5953848e-02 -7.3951916e-03 -1.2784059e-02
   612 : -3.7909453e-11  8.7359396e-11 -6.2807294e-12
   613 : -3.2567010e-15 -8.2704952e-15  9.6842600e-15
   614 :  1.5099534e-05 -1.6121689e-05 -1.6183583e-05
   615 : -2.3536707e-14  3.6207352e-13 -2.3640178e-13
   616 : -5.5783279e-30  9.0793631e-30  2.3190787e-30
   617 :  9.8764546e-15 -3.7654734e-15 -3.7567280e-15
   618 : -6.1766467e-18 -4.6513823e-18  5.1368972e-18
   619 : -5.7212107e-23  6.8638688e-23  4.7499038e-23
   620 : -8.1313861e-17 -3.2110510e-16  7.7894158e-16
   621 :  5.2774708e-13 -2.7666400e-12 -1.9334580e-12
   622 :  1.5703443e-03  1.9337623e-04 -5.0126049e-03
   623 :  1.8334516e-08  1.9455699e-07 -5.9185747e-07
   624 :  3.1868559e-16 -1.2454225e-12  5.0433729e-13
   625 : -6.5718199e-14  3.1646579e-14  2.1933524e-14
   626 : -9.8441214e-39  3.8740864e-38 -1.4866451e-38
   627 : -3.7662394e-25  1.5097183e-24 -7.5730669e-25
   628 :  5.4833790e-18 -4.7500363e-18 -3.8242824e-19
   629 : -2.3115635e-07  5.2107328e-07 -1.0664436e-07
   630 :  1.1577711e-04 -5.5622008e-05 -1.4239307e-04
   631 :  5.5079794e-16 -3.1725649e-15 -2.4199636e-16
   632 :  2.1960330e-29 -4.2142639e-29 -3.1189898e-30
   633 : -2.2842725e-07 -1.0996267e-07  9.3428552e-08
   634 :  3.1171934e-10  2.9420696e-10 -1.2351073e-09
   635 :  5.4890978e-06 -5.8897984e-07 -1.2045118e-06
   636 : -1.0277493e-05 -4.7852844e-06  6.3832013e-06
   637 :  3.6847592e-04 -1.9367442e-04  2.7136869e-04
   638 :  1.5954991e-03 -5.6992514e-03 -4.5563131e-03
   639 : -2.0931091e-05 -8.4429454e-06  9.9532379e-06
   640 : -1.1865355e-01  8.4148606e-02 -1.1199536e-01
   641 :  1.2315310e-22 -2.6896650e-22  1.3536981e-23
   642 :  4.5400000e-08 -4.5052311e-08 -5.7639534e-08
   643 : -7.6100692e-07 -6.2913823e-07  2.6919467e-06
   644 :  8.1296597e-07 -5.3481574e-07 -3.9721156e-08
   645 :  1.0586237e-10 -3.3361122e-10  1.5741685e-11
   646 : -5.4017291e-12 -5.9933798e-12  1.5125728e-11
   647 :  2.3489686e-01  6.6972579e-02  2.0300681e-01
   648 : -8.1017644e-12  2.2067711e-11 -5.9118775e-12
   649 : -2.1396969e-05  1.1507915e-04 -3.7711235e-05
   650 :  6.1582049e-14 -3.5933134e-13  7.1352793e-13
   651 : -9.0806040e-03 -9.0731135e-03  3.8729952e-02
   652 : -6.4710136e-12  1.4083237e-11 -1.0283814e-11
   653 : -1.9814499e-04  6.4148123e-04  1.4004515e-03
   654 :  6.2543600e-20  1.5895815e-21 -5.1133691e-20
   655 : -6.5449040e-12 -2.2555061e-12  1.1459768e-11
   656 : -8.1479410e-03  1.0534075e-02 -1.0918589e-02
   657 :  4.0047128e-05 -1.0590687e-04 -1.4838663e-06
   658 :  3.5841550e-11 -3.7067422e-11  6.5547968e-11
   659 : -2.2297254e-09  5.4676235e-09 -1.1897281e-09
   660 :  9.2458984e-04  9.9950693e-04 -3.8449423e-03
   661 :  2.4011293e-01  1.7224679e-01  1.5542720e-02
   662 :  6.0233612e-19 -1.3776245e-18  2.0161337e-18
   663 : -5.3860804e-05 -1.6635242e-06 -3.4775819e-05
   664 : -2.3348317e-03  1.4291118e-03 -6.0256875e-03
   665 : -6.4435879e-03  1.4102998e-03  1.3962097e-03
   666 :  1.8559310e-30 -1.2620685e-30 -2.5986733e-30
   667 :  1.1558522e-20 -4.5219311e-21 -4.8494851e-22
   668 :  6.4343281e-07  1.3446793e-06 -6.2481341e-07
   669 :  1.7919144e-38  1.3700069e-37 -1.7389065e-37
   670 :  1.2312658e-04 -1.0201260e-04 -2.2974439e-05
   671 :  9.1896825e-02  1.4808610e-01 -1.0559058e-01
   672 :  1.5962255e-04  1.2639449e-05  1.7468351e-04
   673 : -5.4898463e-17  1.2198752e-16  2.4465615e-17
   674 :  8.8742844e-14 -3.4729141e-14 -1.6503983e-13
   675 : -4.3677277e-15  7.9357093e-16  4.0528712e-15
   676 :  1.9464915e-11 -3.4103429e-10  1.5840598e-10
   677 :  6.5761534e-11 -4.6399709e-11  5.7865699e-11
   678 : -1.0008230e-05 -9.4545512e-06 -4.5554320e-07
   679 : -4.5572438e-09  1.5678281e-08  5.5662053e-09
   680 : -4.6122338e-09  2.7279407e-08  7.4764990e-09
   681 : -1.9928510e-21  7.3097626e-22  3.7723875e-22
   682 : -1.1658810e-22  3.5081282e-22 -7.2933728e-22
   683 :  1.3913501e-19 -2.5208022e-19 -9.5110098e-20
   684 : -5.4836982e-25  3.6817012e-25  1.6872707e-25
   685 :  5.3612387e-10 -2.0566199e-09 -5.5093465e-10
   686 :  8.3925559e-15  3.8569095e-15 -7.4277571e-15
   687 : -1.0666768e-24 -4.1129073e-25  1.4346070e-24
   688 : -3.8035410e-16  3.1907735e-16  1.8228410e-15
   689 : -9.3434321e-03 -8.4600658e-03  8.5822366e-05
   690 :  1.9678446e-10  1.7054048e-10 -1.3120268e-10
   691 : -2.3055797e-10 -2.1171943e-12 -4.6609820e-10
   692 :  3.7601798e-11 -2.9478228e-11 -6.4358061e-12
   693 : -1.5062008e-37  2.1378120e-37  1.1086613e-37
   694 : -2.6334157e-25  4.1636557e-25  1.4829892e-25
   695 :  8.6115568e-04 -6.2191860e-03 -3.2019001e-03
   696 : -1.4312184e-06  7.0525181e-07  3.6178484e-06
   697 : -5.5176116e-11  2.1305932e-11  1.0495507e-10
   698 :  4.8205651e-04 -3.8281028e-03  1.0814899e-03
   699 :  1.7796514e-17 -4.9644472e-17  9.6959699e-17
   700 : -1.8361771e-31 -2.8450699e-31  7.6233007e-31
   701 :  2.1050119e-29 -7.1110386e-29  2.4822662e-29
   702 : -2.5577469e-20  6.0209319e-20 -4.3315853e-21
   703 :  7.4143734e-02  1.4160876e-01  6.3987904e-02
   704 : -8.0045638e-12  4.4511198e-12 -4.5405275e-12
   705 :  2.1278552e-24 -2.0828115e-23  9.2738532e-24
   706 :  3.5859083e-01  2.8747093e-01  1.1675604e-01
   707 :  1.3560129e-06  1.6147226e-06 -1.4970706e-06
   708 : -1.2180814e-07  5.6297959e-08  4.5440438e-08
   709 :  6.3223346e-14 -9.3166673e-14  1.3816892e-13
   710 : -4.9770761e-17  2.7660649e-17 -1.6540146e-17
   711 : -1.5117897e-12  6.3034639e-13 -9.3200457e-14
   712 : -9.6263290e-06 -2.1204206e-05  5.7625366e-06
   713 : -7.3161703e-12 -2.3051946e-11  5.2444209e-11
   714 : -2.4665603e-02 -2.7295740e-02 -1.0492695e-01
   715 : -1.1045470e-09  2.9399112e-10  2.8739906e-10
   716 :  1.1511066e-26 -1.4683868e-25  2.9875553e-25
   717 :  9.4315053e-08 -4.5748412e-07 -1.7908292e-07
   718 :  2.7708001e-12  1.5434154e-12 -6.2888971e-12
   719 :  2.7577690e-07  7.7673881e-07 -6.6027170e-07
   720 :  1.4436464e-01  7.1652088e-02 -1.1089895e-01
   721 : -1.0936752e-04  7.4688734e-04 -2.4093074e-04
   722 : -4.3679806e-23 -1.3412364e-22  7.2923354e-23
   723 :  3.8560231e-22 -2.5480077e-21  1.6048862e-21
   724 : -7.8116257e-22  5.9822675e-22  1.2538126e-22
   725 :  2.2435548e-06 -4.0640021e-05 -3.9816142e-05
   726 : -1.5504809e-15 -6.6502614e-16  8.5899281e-16
   727 : -7.7108342e-05  1.3223824e-05 -5.0578983e-05
   728 :  1.0446475e-07 -5.0952836e-07 -4.8143458e-07
   729 :  4.4842835e-10 -3.2058507e-09  4.2200121e-10
   730 :  5.3709345e-11 -3.3407856e-11  5.4772912e-11
   731 :  4.8537511e-21 -9.1458838e-21  2.1576220e-21
   732 :  7.4664980e-19 -4.1387668e-19  2.6337652e-19
   733 :  3.5126769e-11  5.5009722e-11 -2.4468835e-11
   734 : -4.5742564e-02  1.7926227e-01  3.2307441e-02
   735 :  2.6193832e-11  3.6934999e-11 -1.1511633e-11
   736 :  6.6517449e-02 -7.8405862e-03 -1.0827647e-02
   737 : -5.2399589e-15 -4.5403317e-15  1.0077557e-14
   738 : -3.3690997e-06  3.1925281e-06 -3.0782270e-06
   739 :  1.3382715e-01  3.7213858e-02  1.7940247e-01
   740 :  3.6673773e-10 -1.3399086e-09  3.1624226e-10
   741 :  3.0021273e-04 -1.0465184e-04  2.1494537e-04
   742 : -2.0351564e-12 -7.3405598e-12  1.2125185e-11
   743 :  2.5988015e-10  2.3371435e-10 -1.0176489e-09
   744 : -5.2726552e-02 -1.6251468e-01  1.0104010e-01
   745 :  3.2920133e-23 -8.5231594e-23  1.1037416e-23
   746 :  5.7536222e-19  1.0851732e-20 -1.4685350e-18
   747 :  2.1888977e-14 -1.5548249e-14  3.0873888e-14
   748 :  1.3498226e-10  1.6457850e-10 -6.6724980e-10
   749 : -3.4290309e-07  3.5955627e-07 -7.9246940e-07
   750 :  5.4192632e-25  6.6189376e-24 -9.7934493e-24
   751 : -6.4947869e-02  2.2605139e-02  7.6363397e-02
   752 : -3.3854536e-11  2.8080178e-11  5.6899293e-11
   753 : -9.7586870e-08 -1.2583069e-07 -8.5212316e-08
   754 :  2.2618685e-19  3.8414499e-21 -5.1490199e-19
   755 : -5.1169053e-02  1.5971938e-02 -1.5501430e-01
   756 : -5.9390708e-14  2.3719632e-14  1.1053120e-13
   757 : -1.0736940e-35  2.3721548e-36  3.9808603e-36
   758 :  4.6013761e-02  7.7653673e-05 -2.5076535e-02
   759 :  8.2369865e-11 -5.8974480e-11  7.3259846e-11
   760 : -7.8324243e-17  2.7580459e-16 -8.1795892e-17
   761 : -3.6452251e-12  3.0036842e-10 -1.2334169e-10
   762 :  1.5415389e-02 -7.2964221e-03 -3.3076294e-03
   763 : -6.1313245e-27  1.7889750e-26 -5.7926119e-27
   764 : -4.9136527e-28 -1.9697777e-27  1.2090555e-27
   765 : -8.8876301e-02 -6.4572673e-02  5.7328074e-02
   766 :  7.8853007e-13 -1.9615168e-12  2.1707136e-13
   767 :  3.4832883e-03 -4.9720053e-03 -1.1886444e-02
   768 : -3.7899065e-25 -9.3299643e-24  2.1274445e-23
   769 : -3.5339102e-02 -9.7612374e-03 -3.1092500e-02
   770 : -1.0582742e-09  6.6484788e-10  6.6454239e-11
   771 :  1.2979760e-06 -1.7108099e-06  1.4211922e-06
   772 :  2.1131086e-05 -1.1079279e-04  1.8269757e-04
   773 :  2.1841838e-12 -7.7389991e-12  2.6004934e-12
   774 :  1.0331730e-01  1.2862999e-01  4.0408438e-02
   775 :  4.3479647e-02  2.8593716e-01  2.9159261e-01
   776 : -9.5524080e-12 -1.2249649e-11  3.1413478e-11
   777 : -2.2383790e-11  2.0682493e-10  2.3404363e-10
   778 :  2.0171249e-10 -8.1830078e-10  1.7405130e-10
   779 :  1.5345381e-20 -3.8795415e-20  1.1013309e-20
   780 : -3.6305728e-04 -1.6214297e-03  6.8470657e-04
   781 : -4.2372978e-23  3.8673287e-23 -4.4344564e-23
   782 :  1.4332200e-36  7.5241395e-37 -2.3993806e-36
   783 :  3.3825018e-11  3.9358275e-11 -3.0923497e-10
   784 :  2.4180877e-12  3.0360434e-11 -1.7659484e-11
   785 :  6.0109078e-23 -1.4435131e-22  2.0621482e-23
   786 :  3.5737158e-02  2.3807544e-01  9.4469193e-02
   787 : -1.0873301e-01 -8.2156678e-02 -8.6197581e-02
   788 : -6.9304539e-23  4.7006211e-23 -4.1176103e-23
   789 :  3.2916955e-22  1.3006234e-21 -2.5530169e-21
   790 : -1.3411827e-08  1.2678107e-08  3.8392505e-08
   791 : -4.0995784e-08 -9.5023888e-08  3.0413459e-08
   792 :  1.3081930e-04 -6.6834743e-05 -6.3434000e-05
   793 : -5.3121894e-05  6.6653682e-06 -4.5205564e-05
   794 :  4.2963898e-10 -3.4465893e-10 -1.4916256e-09
   795 :  2.8733304e-04  4.7708704e-04 -2.9820104e-04
   796 :  3.1887250e-06  9.6102258e-06 -1.4458236e-05
   797 :  1.4682559e-24  5.7134099e-24 -1.0339341e-23
   798 :  5.6803981e-08  3.5865532e-08  1.8950417e-08
   799 :  1.6319054e-13  2.2051709e-13 -6.0094734e-13
   800 : -1.9932272e-02 -8.4862896e-02 -4.6745748e-03
   801 :  8.6615772e-22 -7.3462687e-22 -1.1159392e-21
   802 : -7.3043976e-12  3.9033779e-11  2.0263475e-11
   803 :  1.0059189e-16  3.2444473e-17 -4.1722896e-17
   804 : -9.0142666e-02  5.5403499e-02  1.0685506e-02
   805 : -4.0368040e-11  2.0978425e-10 -1.8550893e-11
   806 :  9.1847048e-21  2.5501382e-21 -9.9933622e-21
   807 :  1.2083959e-23  2.8754024e-23 -1.7971896e-23
   808 :  1.5887313e-02  1.2178062e-02  1.0349190e-01
   809 :  5.5143867e-16 -1.1286719e-15  6.5042682e-16
   810 :  4.1249367e-23 -9.2660903e-23  1.6306957e-22
   811 :  3.0165283e-37 -3.2009764e-38 -3.0808819e-37
   812 :  4.7693065e-13  6.4894271e-13 -1.9760127e-12
   813 : -4.4508862e-11  1.2437458e-10 -7.6879829e-12
   814 :  2.1477180e-33  1.0041348e-34 -2.3500286e-33
   815 :  5.0080176e-38  1.3066801e-37  4.4791873e-38
   816 : -4.1289561e-31  8.7770317e-32  1.6064887e-31
   817 : -5.0071623e-33 -4.9746832e-33  1.5081839e-32
   818 :  3.4253031e-35 -1.7530770e-34  1.0433767e-34
   819 :  5.7311407e-12 -9.9589720e-12  1.4568583e-11
   820 : -1.7976955e-34  4.9485956e-34 -1.0195325e-34
   821 : -2.9954178e-05 -1.0707482e-04  6.2016871e-05
   822 :  1.9097132e-09 -3.3213507e-09 -1.0022479e-09
   823 :  3.0169872e-17 -8.0510555e-17  1.8055490e-17
   824 : -2.3413539e-18  1.9773224e-17 -1.8628978e-17
   825 : -4.9163640e-27 -2.1705797e-27  1.2208082e-26
   826 :  2.7389748e-07  1.3758038e-06 -2.4893119e-06
   827 :  1.2710107e-19  2.4592639e-20 -7.4114151e-20
   828 :  4.9169684e-15 -1.7302661e-14  5.4168306e-15
   829 :  1.4293089e-08  1.2329031e-08 -1.0124845e-08
   830 :  2.0577813e-01  2.4416974e-01  2.2985035e-02
   831 :  2.7925816e-01  6.3619196e-02  2.2437955e-01
   832 :  4.7710280e-12 -7.6157206e-12 -3.2471745e-12
   833 :  1.9482593e-01  1.6563446e-01 -8.5830671e-03
   834 :  1.8634674e-31 -1.6882477e-31  1.5845285e-31
   835 : -1.8909368e-36  1.1725917e-35 -2.2421571e-35
   836 :  1.0290382e-10 -6.8687408e-10  2.7502285e-10
   837 :  5.7502278e-21 -4.8581089e-21  6.4367805e-21
   838 :  6.2740017e-08  8.4700063e-08 -3.4521301e-07
   839 :  9.3336724e-16 -3.8966060e-16 -1.5571883e-15
   840 : -4.8932048e-20 -6.9580723e-20  1.9503657e-19
   841 : -1.9814667e-17  5.6936753e-18  8.1689305e-18
   842 :  8.0351891e-15  8.4514069e-14 -4.1889019e-14
   843 : -4.4850052e-19 -2.5751618e-19  1.1931301e-18
   844 :  1.6667731e-12  7.7092880e-13 -3.2658010e-12
   845 :  3.8344748e-26 -3.9807716e-26  5.0020472e-26
   846 :  8.4255844e-10 -1.2136552e-09  2.2194743e-10
   847 :  5.0667114e-14 -5.0072537e-14  5.1999188e-14
   848 :  3.5687602e-40 -1.4330838e-39  5.3255219e-40
   849 : -3.7720245e-18 -2.0320165e-16  3.4160352e-17
   850 :  2.0241544e-15 -2.0128702e-14  4.2931723e-14
   851 :  1.4918854e-17  6.2939555e-16 -6.6091044e-16
   852 : -4.9792573e-29  2.3623532e-28 -9.9775400e-29
   853 :  9.5916787e-07 -1.5395041e-06  2.2834207e-06
   854 : -8.8025097e-41 -4.2572718e-40  9.2486123e-40
   855 : -2.9352139e-05  4.8408296e-06  1.9079262e-05
   856 : -2.1442068e-07  1.0891546e-07 -7.3605786e-08
   857 : -6.5409966e-05  4.5246128e-05 -1.2772830e-04
   858 :  3.3741431e-08 -1.5326385e-09 -1.1166427e-08
   859 : -6.7254366e-29  3.9605625e-28 -2.5205904e-28
   860 : -2.5201719e-09 -2.7152049e-09  1.5896228e-09
   861 : -1.6019568e-09  6.9425332e-10 -1.0850338e-09
   862 : -6.6134144e-10  3.0158156e-10 -3.7536254e-11
   863 : -3.6344649e-07 -3.7369186e-07  7.3367494e-07
   864 :  5.3373557e-06 -1.3344256e-06  6.6900456e-06
   865 : -2.8714400e-04 -9.8570622e-05  7.5852591e-04
   866 :  1.5504033e-01  1.7325043e-01  7.2449776e-02
   867 :  1.7287377e-03  3.0831573e-05  2.3003527e-03
   868 :  7.9691315e-12  2.5873712e-11 -4.8139610e-11
   869 :  6.9134853e-12  5.1175690e-12 -5.2068935e-12
   870 :  1.6329866e-13  3.0283498e-13 -1.3748455e-13
   871 :  1.1964009e-06  3.1908713e-06 -2.4788657e-06
   872 : -1.2786218e-06  3.5800024e-06  7.9373567e-07
   873 :  9.7670392e-02  1.1007069e-01  3.3317625e-02
   874 :  2.9882322e-02  7.1108872e-02  1.0813532e-01
   875 :  8.4351114e-18 -4.5042879e-19 -4.2373535e-18
   876 : -5.4275534e-17  1.7436226e-17  1.0631672e-16
   877 : -1.1160437e-33  1.5874537e-33 -2.0710505e-33
   878 : -4.9009538e-31  1.1113192e-30 -2.3650850e-31
   879 :  9.4984990e-20 -2.5133482e-19  4.2828978e-19
   880 :  9.7046314e-18 -9.0427028e-18 -5.3082363e-19
   881 :  4.6686765e-33 -1.4116714e-33 -1.8284786e-33
   882 : -2.3496210e-31  1.3281282e-31  3.4184063e-31
   883 : -3.9314035e-20  1.8008979e-20  1.0926467e-21
   884 :  7.4197259e-20  4.6851954e-19 -2.0441501e-19
   885 : -1.9980281e-09  1.3982814e-08 -5.5298909e-09
   886 : -5.9388538e-10  5.8896922e-10 -1.2962666e-09
   887 : -6.2730770e-09 -4.0346127e-09  1.0570940e-08
   888 :  2.4448880e-08  4.2963574e-08 -1.7132806e-08
   889 : -7.6969459e-03 -4.5982376e-03 -4.1004963e-03
   890 : -3.0667587e-03  1.5853863e-03 -6.1257093e-03
   891 :  1.4350932e-19 -6.5754950e-18  1.3149590e-17
   892 :  6.7455831e-16 -1.3508499e-15 -4.7862565e-17
   893 : -1.1805348e-09  3.6448166e-10  4.3837453e-10
   894 :  3.3561869e-09 -2.7496334e-09 -5.8063583e-09
   895 : -2.5536611e-03 -5.5764394e-03 -4.7364865e-03
   896 :  2.5396704e-04  1.4664934e-03 -4.5097822e-03
   897 : -2.3667938e-19  4.7509830e-20  1.2639898e-19
   898 :  2.2671382e-18 -1.3788444e-18 -3.6784650e-18
   899 :  1.8156036e-03 -2.6709247e-03 -4.5094385e-03
   900 : -3.7337153e-03  6.1816600e-04  1.2619527e-03
   901 : -1.0445015e-11  1.0223532e-12  9.1343293e-12
   902 :  7.4391891e-11  1.2743416e-10 -1.4250051e-10
   903 :  8.5137486e-06 -9.1299966e-06  4.1318495e-07
   904 : -8.6056425e-09 -1.2082811e-06  2.7000327e-06
   905 :  3.8628842e-06  5.5600939e-06 -6.9503570e-07
   906 : -1.7092189e-04  7.8479053e-04  6.4951378e-04
   907 :  1.7981867e-04 -6.3464040e-05 -8.9706204e-05
   908 :  6.7038639e-08 -2.6519693e-08 -3.7615942e-08
   909 : -2.6598835e-08 -1.2218849e-06  6.0800186e-07
   910 : -2.3794700e-08  1.8383037e-06 -4.4644931e-07
   911 : -3.6801251e-07  3.5672040e-08 -6.2182293e-08
