Number of elements 912
     0 :  1.8992330e-15  3.3351727e-16 -5.0601117e-15
     1 : -8.7780888e-09  2.1341769e-08 -1.5218605e-09
     2 : -3.6686045e-01  3.1897090e-03 -2.3478661e-01
     3 :  3.3920903e-11 -3.9652904e-11 -3.8847588e-11
     4 : -9.9290313e-03 -1.6614195e-02  1.5734125e-03
     5 : -1.4194120e-01 -4.6186077e-02 -1.5664503e-01
     6 : -3.2105246e-24 -8.9666014e-24  1.5920725e-23
     7 :  1.9374184e-08 -1.0120581e-07  5.1586097e-08
     8 :  3.2149456e-07  1.1499380e-07 -2.3526999e-07
     9 :  4.1926535e-22  1.3155566e-21 -2.1569358e-21
    10 :  2.4300692e-08  3.9679853e-07 -5.8721854e-07
    11 :  2.8957822e-25 -2.1136650e-24  1.3653507e-24
    12 : -1.7213956e-01 -1.6582202e-01 -2.5009039e-01
    13 : -1.5704644e-05  2.1322713e-05 -3.3419096e-05
    14 : -4.2608039e-12 -3.4019281e-14  3.3146815e-12
    15 :  6.3947532e-06 -1.0560894e-05 -1.0552948e-07
    16 : -1.3829889e-25  4.3633723e-26  2.6460320e-25
    17 :  1.0132156e-17 -4.8812381e-18 -2.3679031e-17
    18 : -3.1248846e-07  1.3247507e-06 -3.2581073e-08
    19 : -6.0343416e-30  5.1289910e-30  5.9953146e-30
    20 : -1.2276747e-17  3.3659570e-17 -1.0793440e-17
    21 : -1.2526710e-04 -6.3311875e-05  3.0838878e-04
    22 : -5.5640475e-05 -5.7037705e-05  1.9917717e-05
    23 : -9.9712375e-28  7.5677509e-28 -3.3062556e-28
    24 :  1.8652213e-08 -5.2380113e-08 -7.0693588e-09
    25 :  4.0329855e-29 -7.8373201e-29  1.6263336e-29
    26 :  3.2089153e-08  8.7433018e-10  4.7254523e-09
    27 :  4.8033661e-05 -7.3854110e-05 -4.0587995e-05
    28 : -2.9360337e-05 -1.0849948e-06  4.0222269e-06
    29 : -2.3955836e-09 -6.4948725e-09  1.2325539e-08
    30 : -3.6988448e-07  8.2308839e-07  9.9851944e-08
    31 : -9.0251191e-12  4.8734370e-11 -2.2375359e-11
    32 :  8.4158276e-24 -3.0648955e-24 -6.0026477e-24
    33 :  2.4817557e-04 -3.5436892e-04  2.1050464e-04
    34 :  3.0848771e-31 -8.4713752e-31  1.4084134e-31
    35 :  2.9395038e-11  3.8492047e-11 -1.4465355e-10
    36 : -7.2595823e-02 -2.5512473e-02 -7.2154290e-03
    37 : -4.2678116e-03 -4.2116306e-03  2.6950144e-03
    38 : -5.9344207e-05  1.5981916e-04 -4.5527580e-05
    39 : -3.0430125e-09  7.2027706e-09 -1.5867578e-09
    40 :  2.8231383e-10 -5.3983201e-09  1.2091454e-09
    41 :  2.7201395e-05 -6.0738713e-05 -1.1267724e-06
    42 :  3.1608280e-29 -1.1466190e-28  7.2395466e-29
    43 :  2.9712596e-16 -4.6724961e-16 -2.1170745e-16
    44 :  7.1376014e-04  1.6300340e-03 -2.6342117e-03
    45 : -1.0559092e-12  1.5184809e-13  8.0171219e-13
    46 :  2.3790003e-14  9.5022069e-14 -1.4213139e-13
    47 : -1.1215448e-22  5.2417738e-23 -1.5760433e-23
    48 : -1.2273947e-25 -9.5755153e-25  3.4463686e-25
    49 :  1.2678236e-06 -5.0669965e-06  2.0427105e-06
    50 :  4.4575267e-04 -1.3455373e-04  1.8210939e-04
    51 :  8.6420274e-03  9.9812785e-02  1.0515528e-01
    52 :  1.0040111e-06 -3.7116021e-06  8.1037906e-07
    53 : -7.5006026e-24  7.7514772e-24 -8.7804075e-24
    54 :  9.9416461e-05 -1.1207796e-05  1.1455694e-04
    55 : -1.2318720e-05 -2.2972831e-06  1.3091352e-04
    56 : -1.2335710e-02 -1.3945236e-01 -4.1272297e-02
    57 :  8.2802041e-06  4.6565142e-06 -1.2102253e-05
    58 : -5.9735306e-02  1.6370216e-01  1.2217289e-01
    59 : -8.0369926e-07 -2.3538788e-07  3.6474641e-08
    60 : -2.5914012e-04  4.5863764e-05  5.7081899e-04
    61 :  5.0449794e-02 -2.6203473e-02  1.2245416e-01
    62 :  1.5573641e-09  4.7931835e-08 -8.6694203e-09
    63 : -1.3299277e-03 -6.1120666e-04  8.3275669e-04
    64 :  5.5951310e-09 -7.4767671e-08  7.7805153e-08
    65 : -6.1091158e-10 -1.0861733e-09  2.0837036e-10
    66 :  5.2602762e-11 -3.0568966e-10  1.1789910e-10
    67 :  8.0309940e-26 -2.8319527e-25  1.6236522e-25
    68 : -2.2269383e-24  5.6434345e-24 -6.5504016e-25
    69 :  7.9147642e-26  5.8396125e-26 -1.8036520e-25
    70 : -1.5772419e-13 -1.8193957e-14  3.5050300e-13
    71 :  2.1431606e-03 -3.6614819e-03 -3.5891889e-03
    72 :  1.5346850e-26 -4.9876733e-26  1.6289397e-26
    73 :  3.7665321e-03 -6.3692061e-03 -7.3107895e-03
    74 : -4.5094046e-19 -1.3658347e-18  9.4902524e-19
    75 : -7.6952471e-19 -1.0944992e-18  8.6532206e-19
    76 : -8.0027872e-27  2.8385771e-26 -9.1979107e-27
    77 :  1.7549889e-19 -4.5674663e-19  3.3595726e-20
    78 :  2.2797778e-22 -8.3266701e-22  2.1263990e-22
    79 : -3.8775261e-16  3.1514320e-16 -4.0214461e-16
    80 :  6.3051264e-36  1.2522820e-35 -1.0502516e-35
    81 : -2.1492422e-23 -7.4076682e-22  3.7526477e-22
    82 : -7.2593787e-01 -2.8323302e-01 -8.6291192e-01
    83 : -2.0603467e-30  2.7785454e-30  1.8539739e-30
    84 : -1.0128617e-28  2.5807437e-28 -5.9612358e-29
    85 : -2.4097952e-01 -1.3496989e-01  2.0053971e-01
    86 :  2.1712246e-17  9.2666678e-18 -4.3474899e-17
    87 :  3.6263237e-16 -5.4163789e-16 -2.9591711e-16
    88 :  2.3981726e-10  1.5002500e-10 -1.6025972e-10
    89 :  8.8462426e-03 -5.6717114e-03 -9.0812408e-03
    90 : -5.3226271e-28 -1.8358249e-27  1.1284376e-27
    91 : -8.5261726e-02 -1.5644643e-02 -1.3251097e-02
    92 : -5.9530649e-13  8.9626970e-13 -3.3155077e-13
    93 : -1.6133952e-34  3.9114155e-35  5.5771681e-35
    94 :  4.5904054e-15 -1.4327112e-15 -1.7243702e-15
    95 : -3.6066885e-25  1.4477478e-26  3.5721367e-25
    96 : -1.2130961e-12 -1.0307522e-11  5.6735038e-11
    97 : -2.2523267e-13 -3.4725220e-12  3.8986193e-12
    98 : -3.1057613e-01 -5.1611499e-02 -1.0033645e-01
    99 :  1.1072945e-22  4.1724866e-22 -2.4420511e-22
   100 :  2.4504763e-24  5.5407297e-24 -1.2917688e-23
   101 : -6.0742667e-10 -2.4708051e-10  3.2229573e-10
   102 :  2.0675472e-06 -1.3111943e-06  1.0751577e-06
   103 :  4.7497794e-34  3.3159727e-32 -3.6687922e-32
   104 :  1.4298085e-13  3.1719490e-14 -5.4545522e-14
   105 :  2.7329405e-07 -1.6732567e-07 -1.7051573e-07
   106 : -1.5371110e-09 -1.5687914e-09  5.4461125e-09
   107 :  3.6910848e-09 -1.0089076e-08 -8.0196948e-10
   108 :  6.2620549e-09  1.7935765e-08 -9.3212018e-08
   109 :  1.3055753e-05 -2.3045874e-06  2.8490671e-06
   110 :  1.6828238e-03 -4.3919574e-03  1.4262457e-03
   111 : -2.5358094e-08  1.4755602e-08  7.2073431e-09
   112 : -3.3780884e-22  2.6598078e-21 -1.8743089e-21
   113 :  4.1809776e-02  7.6322938e-02  8.1107389e-02
   114 : -6.2077370e-13 -4.2668443e-13  1.2764389e-12
   115 :  7.2018098e-06 -1.4378160e-06  5.2199179e-06
   116 : -4.3531793e-03 -8.9946511e-04  1.5939329e-03
   117 : -9.0695619e-02 -1.1435086e-01 -1.2650739e-02
   118 : -6.7735985e-01 -9.0684935e-02 -2.3747020e-01
   119 : -7.1230473e-26  1.6638644e-26  5.5973520e-26
   120 :  1.7098384e-12  8.1217105e-14 -2.2947118e-12
   121 :  8.9591661e-20  5.8383341e-19 -5.4153669e-19
   122 : -1.6489594e-05 -1.5482632e-05  9.8022518e-06
   123 : -1.5751403e-31 -3.5359497e-31  5.6412023e-31
   124 : -2.4317002e-23 -6.5865481e-24  1.3646359e-23
   125 : -2.2768269e-34  6.6746858e-34 -2.1287598e-34
   126 : -1.5385192e-18  4.0933303e-17 -3.8316788e-17
   127 :  3.2379932e-19 -1.4480886e-18  6.7319869e-19
   128 :  7.8348365e-06 -4.0509231e-06 -1.1470395e-05
   129 : -1.9317277e-15 -2.1283928e-15  7.7695700e-15
   130 :  6.2145030e-02  1.2086240e-01  7.0619866e-02
   131 :  5.2035465e-04 -1.6442955e-04  4.5964286e-05
   132 : -1.9045066e-06 -7.1064058e-06 -1.4545631e-05
   133 : -4.0432528e-03  2.7225687e-03 -1.3651534e-03
   134 : -1.5567777e-05  6.4229808e-06  9.0647262e-06
   135 :  1.4064346e-07 -9.3317822e-08 -4.4889835e-07
   136 : -1.9141035e-09  4.8752530e-09 -9.8407881e-10
   137 : -1.2267267e-06  3.3526162e-07  2.6109447e-06
   138 : -2.8021829e-09 -1.1350132e-07  5.3681426e-08
   139 :  3.2521655e-08 -5.6384052e-08  1.3900619e-08
   140 :  1.1025376e-20 -9.7491698e-21 -3.5105986e-22
   141 :  1.4881141e-19 -2.1366114e-19 -1.3865859e-19
   142 :  6.3696952e-08 -6.0227218e-09  3.2632465e-08
   143 :  7.7015488e-27 -1.2026457e-26 -1.2455708e-26
   144 : -2.4990011e-11  3.1399136e-09 -1.9494206e-09
   145 : -2.7954101e-11  8.3481649e-11 -2.2680016e-11
   146 : -1.2728149e-15  3.7196341e-14 -1.7330296e-14
   147 : -1.4677008e-25 -3.7386779e-26  7.6058203e-26
   148 :  6.2409985e-15 -6.5703758e-15 -6.0640225e-15
   149 : -2.0496324e-02 -2.5080942e-02 -2.5864922e-02
   150 : -4.5687849e-11  1.0667313e-10 -1.1667031e-11
   151 : -9.8146033e-19 -1.8366743e-18  3.9866915e-18
   152 : -2.2041901e-16 -1.4076896e-15  5.9610023e-16
   153 : -2.3371045e-01 -4.3888188e-02 -1.3487257e-01
   154 : -5.7444914e-36 -3.3261512e-35  2.4231498e-35
   155 : -7.1194733e-26  9.4474633e-26  3.3750634e-26
   156 : -8.9347390e-28 -8.2298559e-29  4.1368821e-28
   157 : -1.9819047e-12  4.6615613e-12 -5.0782613e-13
   158 : -5.7308084e-08  1.1366408e-07 -5.7745293e-08
   159 :  1.9876254e-10  3.1558191e-10 -2.3988871e-10
   160 : -1.3943457e-33  2.7904193e-34  5.3580474e-34
   161 : -6.6501872e-32  3.7011335e-32 -8.0113408e-33
   162 :  4.5333507e-02 -4.5754370e-02 -3.7149052e-02
   163 : -3.4422683e-05  1.9466513e-05 -2.3179834e-05
   164 : -1.7780497e-17  1.1586491e-17  3.1801497e-17
   165 :  2.2017671e-09 -6.1686724e-09  1.1871550e-09
   166 :  8.7214746e-28 -7.7364728e-30 -2.1313378e-27
   167 :  1.6681354e-07 -6.5823175e-08 -6.3336986e-08
   168 : -4.6376893e-05  7.3850345e-05 -1.0763577e-05
   169 : -9.3385544e-01 -3.1576329e-01 -4.2729509e-01
   170 :  2.5244903e-24  6.6736124e-26 -2.8334476e-24
   171 :  2.5855593e-25  5.4145239e-24 -1.1267378e-23
   172 : -1.4546022e-04  1.7011868e-04 -1.6778499e-05
   173 :  4.9108835e-06 -5.9673114e-08 -4.4711575e-07
   174 :  6.3820399e-09  4.1967834e-09 -1.3374360e-09
   175 : -2.0270268e-13  7.0302958e-14 -3.6798835e-15
   176 : -2.7673438e-22  1.7149264e-22  4.5844215e-22
   177 : -6.7712383e-09  2.2099859e-08 -4.8092569e-09
   178 : -9.1004984e-01 -1.5183440e-01 -2.5387015e-01
   179 :  5.5225003e-08  1.3052367e-07 -2.2241424e-07
   180 :  4.1419764e-26 -1.9373594e-27 -8.6993296e-26
   181 : -1.6107267e-05 -5.6601411e-05  1.4565676e-05
   182 : -2.9013092e-15  3.0373376e-16  2.0459227e-15
   183 :  1.8610787e-03  2.9438944e-04 -9.3118943e-04
   184 :  2.8061089e-34  4.6770956e-33 -2.3298809e-33
   185 :  1.5757215e-18 -2.0689820e-18  1.5344990e-19
   186 :  2.0231040e-12  1.2968925e-12 -5.6602058e-12
   187 :  1.4530185e-07 -3.1671922e-07 -1.6048140e-07
   188 : -2.2386921e-01 -1.0641911e-01 -6.4642846e-01
   189 : -1.1623269e-06  9.4265592e-07  1.7332764e-06
   190 :  4.6138142e-09  3.2851817e-09 -1.7057481e-09
   191 :  2.6148494e-31 -1.9409473e-31 -4.0463154e-31
   192 :  1.1444789e-04  8.3313229e-04 -5.3283887e-04
   193 :  1.1107032e-01 -6.7936887e-02  4.5285834e-02
   194 : -3.9463768e-01 -1.1312897e-01 -3.3314280e-01
   195 : -2.5308175e-13 -8.5454182e-14  1.6830384e-13
   196 : -1.2331992e-26  2.3500904e-26  4.5378820e-27
   197 : -2.4819618e-26  4.1917152e-26  9.6710944e-27
   198 :  6.5615103e-11 -2.1307898e-11 -1.5842921e-11
   199 :  1.4760497e-01  1.1911414e-01  8.1903486e-02
   200 :  6.8897740e-24 -2.6429064e-23  1.6702539e-23
   201 : -4.0305241e-05 -1.2676678e-04  2.6905367e-04
   202 : -6.3829019e-13  1.2984569e-13  1.3082386e-13
   203 : -6.1519880e-29  3.7908756e-29  1.1177630e-29
   204 :  1.0802516e-13 -1.3453104e-12  9.2230830e-13
   205 :  2.4684507e-04  1.0796319e-04 -1.2991459e-04
   206 :  1.0057746e-29 -2.0145294e-29  3.2868904e-29
   207 : -8.5898347e-27  3.9527053e-27 -5.9837195e-28
   208 :  9.3678833e-20  7.3259394e-20 -3.6830905e-19
   209 : -2.2572654e-01 -1.3874638e-01 -5.6808765e-02
   210 : -1.1998673e-13  1.8038382e-13  9.9849602e-14
   211 :  2.1399413e-29 -1.3095618e-28  2.7928129e-28
   212 : -1.1752549e-07  3.9449387e-07 -1.2600121e-07
   213 : -3.8304942e-26 -4.4778979e-26  1.2141790e-25
   214 : -8.3899477e-03  8.4609108e-03 -3.7976890e-02
   215 : -2.5839734e-01 -2.4950567e-01 -9.1205179e-02
   216 :  2.1038349e-07 -2.1077648e-07 -3.1758533e-07
   217 :  1.3363167e-34 -2.2646853e-34  4.9956287e-35
   218 : -8.8737012e-21  1.1343749e-20  9.2749295e-21
   219 :  3.4905098e-05 -6.3571303e-06 -6.3334432e-05
   220 :  1.9438536e-17 -1.2484793e-17  1.5223713e-17
   221 : -7.0720401e-23 -9.1468259e-23  2.1969481e-22
   222 :  6.1083683e-02 -1.4399529e-02  6.6130916e-02
   223 : -2.0046472e-03 -7.8935905e-03 -1.3804063e-03
   224 : -4.8341881e-11  1.5079372e-10 -6.4744815e-11
   225 : -2.3178639e-17  2.7905327e-17  3.7581414e-17
   226 :  8.6217110e-24 -5.8435641e-24 -1.3758805e-24
   227 : -1.8960777e-14 -3.9520939e-14  1.2724628e-13
   228 : -1.3614299e-10  2.7162468e-10  8.6204354e-11
   229 : -1.0173681e-14  3.3070053e-15  2.3942411e-15
   230 :  1.9917327e-23  2.0029452e-23 -1.7006309e-23
   231 : -6.0062051e-24  2.3660788e-23 -1.0337072e-23
   232 : -1.6109888e-32 -1.4362982e-32  1.4334964e-32
   233 : -1.1046476e-22 -8.9394603e-23  3.3558452e-22
   234 :  2.5997967e-02  9.1221649e-02  3.3160253e-02
   235 :  1.5968684e-03  1.0311324e-03 -2.8987633e-03
   236 : -1.1786995e-21 -7.5729122e-22  3.2953282e-21
   237 :  1.7739168e-19 -1.3400999e-18  1.4799841e-18
   238 : -2.8276331e-31  2.3111377e-31  3.5528595e-32
   239 :  1.1380931e-22 -2.2182023e-22  3.4676780e-22
   240 : -8.6325849e-28  4.3591714e-27 -2.2547979e-27
   241 : -4.0392068e-06 -5.9831893e-07  5.3982968e-06
   242 :  3.1208302e-06  4.6285187e-06 -1.3036061e-05
   243 :  6.9707409e-02  2.9080757e-03  4.6803740e-02
   244 : -2.5070657e-03  1.9789423e-03 -4.7094479e-03
   245 :  2.0928095e-22 -8.9322596e-22  9.6277222e-22
   246 :  6.8633787e-07  9.5329367e-07 -7.2601847e-08
   247 :  2.2211118e-02 -2.0663405e-02  2.0254730e-02
   248 :  4.7888276e-33 -9.4041498e-33 -5.7193729e-34
   249 :  2.0890424e-16  2.1492780e-17 -5.2965952e-16
   250 :  5.0457161e-06 -1.8024918e-06  2.7377330e-06
   251 : -5.7712835e-11  1.0608085e-10  6.0095993e-11
   252 :  7.5431498e-24 -1.3351851e-24 -4.1709399e-24
   253 :  4.6306928e-29 -3.7808708e-29  3.8360331e-29
   254 :  1.0038201e-01  8.2401473e-02  5.5677910e-02
   255 :  2.6455718e-12 -1.1126238e-12  3.9661245e-14
   256 :  4.4658274e-06  5.3522483e-06 -3.8409269e-06
   257 : -1.2729064e-03  2.1475167e-03 -5.8180489e-03
   258 :  1.4070028e-13  5.1644371e-13 -1.4515561e-12
   259 :  4.3555611e-19 -1.0364100e-18  2.0908513e-18
   260 :  4.1818285e-06  8.3088001e-06 -1.4493898e-05
   261 : -2.7505238e-13  1.1993831e-13 -6.7409319e-14
   262 : -6.1894190e-22 -5.7186167e-22  1.3322253e-21
   263 : -4.5487116e-25  1.5795031e-25  9.6010049e-25
   264 :  1.2256650e-11 -8.0390742e-12  5.8224542e-12
   265 :  1.4215923e-06  1.1893205e-05 -2.2737948e-05
   266 : -6.0781564e-16 -9.2362704e-16  6.2392681e-16
   267 : -3.8467894e-15  4.4710136e-15 -2.8101275e-16
   268 :  7.5759875e-26  4.3804934e-25 -9.9894159e-25
   269 :  1.0248758e-02 -8.5841340e-03 -1.4857988e-02
   270 :  3.9345403e-14 -9.8497804e-14  1.3335722e-14
   271 : -8.3053821e-05  3.1869130e-05 -7.2204638e-05
   272 :  2.0158851e-14 -1.4165098e-14  1.7331529e-14
   273 :  1.5376764e-24 -1.3936076e-24 -1.9487646e-24
   274 : -8.9216284e-08  6.2543040e-07  2.0093544e-06
   275 :  3.0833354e-20  5.6099678e-20 -1.4546314e-19
   276 : -6.4485824e-05  2.0303445e-04  4.6307811e-05
   277 : -4.3248933e-22  8.9016977e-22  9.4336189e-23
   278 :  1.1456109e-06  3.7918906e-08 -2.9283833e-06
   279 :  1.7768564e-11 -4.3585483e-12 -6.4294180e-12
   280 : -2.7939978e-01 -1.4925840e-01 -6.2166991e-02
   281 : -2.6932658e-11  4.7340025e-11  1.6115194e-11
   282 :  4.9456337e-18 -2.5726213e-16  6.5328302e-16
   283 :  3.8375253e-20 -4.6274312e-20 -3.0678007e-20
   284 :  1.5436150e-21  2.6468569e-21  5.5745854e-21
   285 :  7.4747896e-02  8.6496997e-02  1.2969987e-01
   286 : -1.4980562e-06 -5.2167699e-07  3.5601249e-06
   287 :  2.1858573e-08  2.8572050e-08 -1.9746051e-08
   288 : -6.8698097e-02 -1.4663242e-02 -1.8206030e-02
   289 :  2.3084615e-09 -2.8386766e-09  5.8532990e-09
   290 :  4.2199453e-02 -1.6067957e-02  1.0792339e-01
   291 : -8.8372806e-12  1.3373069e-11 -1.8833140e-12
   292 : -9.6438395e-03 -6.0167125e-03  2.2156416e-02
   293 :  1.4877652e-19 -9.8468471e-20 -2.3795884e-19
   294 : -2.1902486e-08  6.8435722e-08 -2.5382935e-07
   295 : -7.0139592e-28 -1.0797975e-27  7.9615321e-28
   296 :  1.0993609e-05  3.4434355e-04  1.3545400e-05
   297 : -1.5320538e-10  5.1481895e-10 -3.8059854e-10
   298 :  2.3536900e-11  2.0978223e-10 -1.1737817e-10
   299 : -5.8126557e-31  5.8921616e-31  5.1713740e-32
   300 :  2.2187309e-04 -6.2402477e-05 -8.2064489e-05
   301 : -9.9492610e-12  2.6708328e-12  2.2151324e-12
   302 : -3.9243356e-07  1.1433235e-06 -3.4431951e-08
   303 : -4.6670225e-08 -2.8376877e-08  3.2422391e-08
   304 : -1.3933030e-07  9.6730796e-08 -2.6918157e-07
   305 :  2.9295590e-14 -4.9299621e-13  1.5588007e-13
   306 : -6.2929903e-03 -5.7725291e-03  2.4082931e-03
   307 :  9.3414735e-08  5.1500287e-08 -2.7758230e-07
   308 :  2.7597733e-11 -1.6970581e-11  2.5577581e-11
   309 : -3.1146301e-31  1.9548201e-29 -9.1719306e-30
   310 :  6.4415275e-10  4.0038562e-09 -5.7288812e-09
   311 :  1.7578026e-07 -5.8405823e-07 -3.6741872e-07
   312 : -8.8871143e-27 -7.9683619e-28  1.4125090e-27
   313 : -3.7738346e-19  9.3041424e-19 -1.6242473e-19
   314 : -1.0693610e-29 -2.1030996e-30  1.4595814e-29
   315 :  1.1063220e-23  1.5098654e-22 -7.8107647e-23
   316 : -7.9333090e-03 -4.4761494e-03  1.7955493e-03
   317 : -1.6171353e-30  4.2869957e-31  3.0223786e-30
   318 :  5.8419335e-05  1.7505472e-04 -1.4986117e-05
   319 :  6.9191941e-05 -9.2696739e-05 -1.3477951e-04
   320 : -1.0009447e+00 -4.0830636e-01 -2.3185937e-01
   321 :  3.7061275e-03 -5.6976935e-03 -1.3020752e-02
   322 : -3.8808332e-29  9.4686289e-29 -1.5331536e-29
   323 :  2.6320737e-32 -5.0210018e-32  1.2375191e-32
   324 :  1.4187989e-21 -3.5968436e-21  9.6471635e-22
   325 :  1.0801604e-18 -2.6676663e-18  5.6289154e-18
   326 :  1.7047681e-01  1.3933674e-01  1.3317932e-01
   327 : -1.0159794e+00 -3.9623949e-01 -1.1735575e+00
   328 :  1.5970068e-06  1.5772857e-06  4.8830577e-07
   329 : -8.2906810e-22 -2.3976308e-20  1.2061169e-20
   330 :  3.3431870e-33 -1.4494115e-31  1.3711946e-31
   331 :  9.3770520e-14 -5.3344492e-14 -2.1001440e-13
   332 :  3.6898247e-10  6.6694566e-08 -3.8469627e-08
   333 :  1.1791046e-18 -6.9953746e-19  6.0384741e-19
   334 : -2.3477341e-05  1.3619664e-04 -1.4524774e-04
   335 :  1.4724791e-08 -1.9522316e-08 -2.0208169e-07
   336 : -8.3746381e-07  1.7620637e-06  4.7725122e-07
   337 : -9.0840668e-29 -2.6663850e-28  4.6912153e-28
   338 :  4.8775012e-06  3.4007127e-06 -2.6160186e-06
   339 :  2.4361629e-20 -2.5694902e-20 -3.2382997e-20
   340 : -3.6306913e-05  2.9609315e-05 -3.2667355e-06
   341 : -5.0020314e-27  5.0716329e-27 -3.3339401e-29
   342 :  2.4693560e-23 -6.8019286e-23  1.3390863e-23
   343 :  6.4684998e-12 -1.4921978e-11  3.4926814e-12
   344 :  1.4808011e-04  3.0815423e-04  2.5267108e-05
   345 :  1.1749011e-02  1.2822417e-01  9.5392560e-02
   346 :  9.9499407e-23  9.0348165e-23 -8.7610137e-23
   347 : -7.1879429e-05  2.7652446e-05 -1.1288103e-04
   348 : -1.6718776e-12 -1.3653555e-11  7.3323900e-12
   349 : -3.2563947e-12  1.3547848e-12 -2.9304213e-13
   350 :  3.3166620e-05 -3.9040290e-05 -7.8745729e-05
   351 : -1.6880787e-18 -2.5315308e-18  2.2998134e-18
   352 :  1.4308995e-04 -2.4734508e-05 -1.1679666e-04
   353 : -2.4148821e-07 -4.5198379e-07  1.5926679e-07
   354 :  7.5553962e-02  1.4305067e-02  8.7786618e-02
   355 : -9.4574172e-02  1.0969283e-02 -6.0287487e-02
   356 :  4.6995298e-28  3.2042370e-28 -1.1857850e-27
   357 :  5.9094737e-04  3.5410566e-04 -9.5521076e-04
   358 :  8.6390575e-14 -5.0020608e-13  2.2658633e-13
   359 : -2.8271228e-34  7.7829237e-34 -2.5100419e-34
   360 : -7.5414384e-05  2.7478163e-05 -1.8279209e-05
   361 : -1.1644964e-16 -1.1337251e-16  9.3541242e-17
   362 : -6.2689828e-12  4.0776383e-12 -1.0394031e-11
   363 :  1.4806590e-14 -1.6740867e-15 -1.1430523e-14
   364 :  8.4461930e-16  9.2903213e-16 -6.3844186e-16
   365 :  2.8521629e-12 -4.3760496e-13 -4.6420051e-12
   366 :  6.6695650e-26  8.6202106e-25 -9.7177655e-25
   367 :  7.9276097e-11  3.2444296e-10 -3.3377713e-11
   368 :  2.5189997e-06 -4.2521901e-06 -1.1961266e-05
   369 :  2.4851920e-12 -3.6885982e-12 -5.7840170e-12
   370 :  8.8609132e-15 -1.7724513e-14 -1.6243716e-15
   371 :  4.8027660e-26  4.3445383e-27 -5.6404316e-26
   372 : -2.9813673e-11  3.9189349e-11  2.5542155e-11
   373 :  1.2820512e-07  8.6979409e-08 -5.0392701e-07
   374 :  9.1530623e-02  4.4583973e-02  5.4356932e-02
   375 :  2.0724512e-18  5.7359917e-18 -3.1840710e-18
   376 : -3.5583519e-29 -1.0227340e-28  1.7461198e-28
   377 : -1.9341307e-10 -3.3818363e-10  1.6155770e-10
   378 : -8.4167634e-15  4.7277444e-14 -2.0862191e-14
   379 :  1.7854165e-31 -5.0615835e-31  1.5780901e-31
   380 :  4.4385822e-03 -4.9516225e-03 -2.1275203e-03
   381 : -4.0059748e-13  7.0821625e-14  1.4013881e-13
   382 : -9.8096044e-20  5.1598252e-19 -3.6743737e-19
   383 :  7.5189534e-04  1.0190212e-03 -5.0039393e-04
   384 :  1.2858116e-17 -8.5573387e-17  3.9535755e-17
   385 : -1.4131517e-06  2.7660907e-06  4.6973469e-07
   386 : -7.9144761e-03  1.7806988e-03 -1.2287566e-03
   387 :  2.6366738e-20 -1.2122713e-20 -4.6320622e-20
   388 : -2.2808698e-02  6.4649708e-03  1.5103141e-01
   389 : -1.7516603e-16  1.3950705e-16  2.0652564e-16
   390 :  3.1234576e-06 -3.0525315e-06 -3.4838129e-07
   391 : -7.9861982e-14 -1.2037853e-13  9.2803025e-14
   392 :  1.1586411e-03 -3.3360365e-04 -1.2804528e-04
   393 :  6.2613495e-04  8.3320410e-04 -1.0663665e-03
   394 : -1.9601067e-17  1.3266056e-16 -8.2758399e-17
   395 : -4.7553323e-10  2.3503925e-10 -1.1927673e-10
   396 : -1.4795969e-31  1.4947380e-31 -1.7415195e-31
   397 :  1.7030134e-04 -8.6982689e-05 -2.7663418e-05
   398 :  1.4591216e-08 -1.0010940e-07  4.7728169e-08
   399 :  1.1478375e-03 -5.8693998e-03  2.4039249e-03
   400 :  1.0146609e-08 -2.2407490e-08  5.5928786e-08
   401 :  1.0783397e-08 -1.9903148e-07 -1.8696180e-07
   402 :  1.9946674e-16  6.7523950e-17 -1.6976313e-16
   403 : -4.0218845e-15  1.6623871e-14 -6.4489512e-15
   404 : -6.5352115e-26  1.2477739e-26  1.7019053e-25
   405 :  1.6946553e-09 -5.3663348e-10 -7.5719569e-10
   406 : -7.0198436e-05 -2.1841463e-05  1.6936742e-05
   407 : -1.8338963e-03  1.7018138e-03 -1.6911104e-04
   408 : -3.2214426e-03 -5.8054262e-03 -6.6193440e-04
   409 :  8.6982431e-09  3.1566106e-09 -4.7640414e-09
   410 : -9.7044332e-02 -2.0231882e-01 -3.1137819e-02
   411 : -5.0303257e-09  1.7826392e-08 -4.8889911e-09
   412 : -5.1131872e-08 -1.4738660e-07  1.3693374e-08
   413 :  2.3519527e-28 -1.1749349e-28 -2.7813922e-28
   414 : -2.5965137e-02  1.3125660e-01 -5.2408501e-02
   415 : -7.9177852e-09  2.6657901e-08  8.6743026e-09
   416 :  2.3637771e-20  3.9283392e-20 -1.1282685e-19
   417 :  1.4700182e-05 -6.2184514e-05  9.3681346e-05
   418 : -2.2600781e-03 -7.9499891e-03 -7.0024425e-03
   419 :  1.1005045e-25 -1.9285233e-25  3.1717095e-26
   420 : -6.8730700e-24  3.0703696e-23 -1.6401890e-23
   421 :  5.0045335e-22 -4.0416500e-21  3.1086710e-21
   422 :  8.4219395e-12 -7.2820023e-12  8.4289134e-12
   423 : -3.4505912e-11  4.9942242e-09 -4.3721393e-09
   424 : -9.4447174e-17  9.1426826e-17 -5.0743408e-18
   425 : -9.9218036e-22  3.0569387e-20 -1.2251355e-20
   426 :  2.1966842e-14  5.2547761e-15 -9.3589461e-15
   427 :  9.4642249e-16  1.3079449e-15 -4.0072163e-15
   428 :  3.4682998e-16 -8.2486670e-16  3.0943179e-17
   429 : -6.0490621e-09  1.5427019e-09  3.3006468e-08
   430 : -6.3538289e-07  5.8533403e-08  1.1468165e-06
   431 :  1.5424997e-09 -2.5608977e-09 -1.5979970e-09
   432 :  7.3417898e-12 -2.3336728e-11  3.3679964e-11
   433 : -8.7041887e-28  6.3381711e-28  1.1713117e-27
   434 :  2.9894015e-02 -1.0713811e-02 -7.7472447e-03
   435 : -1.7369920e-09  4.5717841e-10  1.2289972e-09
   436 : -3.8046727e-20  9.7621272e-18 -1.2563147e-17
   437 :  3.1652112e-05 -1.9636165e-05 -9.5272171e-06
   438 : -2.3544064e-06  2.4844547e-06  8.7835560e-06
   439 :  2.9004419e-04  4.8335003e-04  4.3904227e-04
   440 :  1.0488463e-21 -3.5698035e-21  1.0656359e-21
   441 : -3.5584023e-30 -1.1969985e-30  6.3557960e-30
   442 : -4.5314515e-05 -6.0937484e-05  1.7606496e-04
   443 : -1.8596904e-11  2.6932925e-11 -2.4574148e-12
   444 : -2.4522037e-06 -2.4997070e-05 -3.4837626e-06
   445 :  1.4758287e-13 -3.4871805e-14 -9.9688109e-15
   446 :  4.3177402e-02  7.9196676e-02  6.6033578e-02
   447 : -2.1036082e-14  7.9257864e-15 -1.6337199e-14
   448 :  8.2218115e-09 -9.4835899e-08  1.7960922e-08
   449 :  1.8018039e-27 -9.4422676e-28 -2.8669502e-27
   450 : -3.8655351e-30 -4.0687251e-30  1.2396626e-29
   451 :  1.1941865e-01  7.4650633e-02  6.2614706e-02
   452 : -8.8311764e-02 -7.6449359e-03 -1.0337807e-02
   453 :  8.0880597e-02  1.1529690e-01  8.4514373e-02
   454 : -1.3797258e-02 -3.9947320e-02  2.7137801e-02
   455 :  6.2527426e-16 -8.8458342e-16  9.4772040e-16
   456 :  6.2489397e-08 -2.6285740e-08  2.2290508e-08
   457 :  1.0755236e-30  1.5226616e-30 -3.5446271e-30
   458 : -3.7415253e-14 -2.4197631e-14  1.6870870e-13
   459 : -6.8248597e-09 -4.7140446e-09  2.2591473e-08
   460 :  1.0177502e-08 -9.9458364e-08  8.2424025e-08
   461 :  2.6576787e-14 -3.7324770e-14 -4.2741227e-14
   462 : -1.9372528e-11  4.3650254e-11 -6.5112197e-12
   463 :  4.9883162e-21  1.5538983e-21 -9.8088314e-21
   464 : -4.9437548e-06 -4.4259029e-05  2.4408711e-05
   465 :  2.3071176e-08 -8.7495431e-09  2.5704987e-09
   466 : -2.2476641e-04  1.0674087e-03  2.5307098e-04
   467 : -7.1216622e-24 -4.0181808e-24  8.7377760e-24
   468 :  7.7218207e-20  1.1848460e-19 -6.9658539e-20
   469 :  7.8192558e-31 -9.2245033e-31 -8.0747294e-31
   470 : -3.1228773e-29  1.4405063e-29  8.0368912e-30
   471 :  5.6616229e-18  7.8345908e-18 -1.3166353e-17
   472 : -6.9898856e-23  5.6438333e-21 -6.1953659e-21
   473 : -7.7829728e-07  1.1361085e-06  1.4536650e-06
   474 :  1.1008898e-25  9.1766392e-25 -1.2979019e-24
   475 : -3.5385500e-17  5.6261468e-17 -1.5251840e-16
   476 :  1.2875676e-16 -8.6200024e-17 -1.7851731e-17
   477 : -2.4652950e-32  2.6665062e-32 -3.8917501e-32
   478 : -3.0219431e-08  6.0804170e-08  4.0880088e-08
   479 : -2.2814734e-33  9.3041809e-33 -4.7713904e-33
   480 : -8.7582462e-03 -7.2163329e-03  5.2757619e-02
   481 : -1.7137788e-18 -9.7026798e-16  3.5764610e-15
   482 :  3.6051948e-24 -1.7275327e-23  6.5297106e-24
   483 : -4.1302180e-03 -5.6614970e-03 -5.7904133e-04
   484 :  1.0286568e-08 -9.9129882e-09 -2.7026239e-09
   485 :  9.4723387e-09 -5.6614618e-09 -1.3612776e-08
   486 : -9.7886826e-02 -6.2155038e-02 -1.3876034e-03
   487 : -1.2439666e-07 -9.9015415e-08  2.6234162e-07
   488 :  6.7233663e-02  2.1520918e-02  4.1509860e-03
   489 :  1.1100681e-25  8.2264676e-26 -3.1602401e-25
   490 :  5.1976649e-22  1.7302254e-22 -3.1888705e-22
   491 :  6.6020510e-23  1.4455778e-22 -9.9706201e-23
   492 :  6.4619689e-07 -4.6881376e-07 -3.2309830e-07
   493 :  7.0227747e-05  1.8665473e-04  1.9165258e-04
   494 :  3.5948882e-03 -3.9716595e-03 -3.5054883e-03
   495 :  7.7427342e-11  2.3931610e-10 -2.7937113e-10
   496 :  6.5626085e-20 -3.0360764e-19  1.7203042e-19
   497 :  2.0305331e-30  5.0522593e-29 -2.2856564e-29
   498 : -4.2070934e-27  4.2551339e-27 -5.6087149e-27
   499 : -8.6635963e-03  3.3428851e-02  1.7900136e-02
   500 :  2.0707566e-31  9.9174571e-31 -1.3436277e-30
   501 :  8.6436239e-34 -4.7299247e-32  3.5683982e-32
   502 :  2.2152794e-05 -5.8919541e-05  1.4982752e-05
   503 : -1.2651819e-05 -1.2262289e-05 -5.6681942e-06
   504 : -5.1005653e-09  1.2118099e-08 -4.6419416e-09
   505 :  3.2786783e-02 -1.3540073e-02 -1.1463343e-02
   506 :  4.0332036e-21 -1.0947464e-20  1.7918599e-21
   507 : -2.3452998e-19 -1.8133187e-19  5.5882365e-19
   508 : -2.1224681e-19  6.1942779e-19 -1.8738197e-19
   509 : -4.2254208e-07  1.2652977e-07 -1.3446482e-07
   510 : -7.7835009e-20  1.9368927e-19 -4.1095658e-19
   511 :  1.6205911e-14 -6.4689323e-15 -2.9035039e-14
   512 : -1.0110842e-15  3.5191056e-14 -1.3762723e-14
   513 :  2.9272589e-10  2.8865133e-10 -9.5949914e-10
   514 :  1.0647536e-09 -3.7593065e-09 -2.0985315e-09
   515 :  2.9384373e-04 -1.5630736e-04  4.0638856e-04
   516 : -3.3014921e-20 -7.4478086e-20  5.1651907e-20
   517 :  4.1191217e-04  1.0606176e-05  1.3133439e-04
   518 :  2.4130495e-10 -4.1125850e-10  5.7572815e-10
   519 : -4.4232242e-14 -1.9736361e-14  1.1714019e-13
   520 :  1.0599822e-10  4.2783299e-11 -2.1625731e-10
   521 : -2.6123697e-05 -1.1201488e-05 -1.2242121e-05
   522 :  7.6031071e-02  4.0584682e-02  6.5204414e-03
   523 : -4.8374083e-04  4.1838376e-04 -4.3680480e-04
   524 : -2.2783254e-10  3.1165614e-10 -2.8251819e-11
   525 : -1.7977767e-09  1.9670850e-09 -8.5135140e-09
   526 : -1.2121925e-15 -3.6425565e-15  7.1092692e-15
   527 : -2.8651765e-26 -1.8500544e-24  2.5698185e-24
   528 :  2.3041247e-01 -1.1865710e-01  7.1048950e-02
   529 : -4.0810421e-07 -1.5001772e-09 -1.1152923e-07
   530 :  4.3153404e-03 -1.4621997e-02 -4.0054207e-03
   531 :  5.5668889e-07  5.1566860e-06 -1.9353164e-06
   532 : -1.2544044e-16 -2.9891190e-14  2.8796920e-14
   533 :  2.0380846e-34 -1.5509373e-34  1.2477624e-34
   534 : -2.2297316e-35 -1.6603217e-34  4.0104730e-34
   535 :  1.2239464e-23 -9.4447171e-24 -1.3973903e-23
   536 :  2.1306774e-04  6.4392488e-05  5.5980534e-04
   537 : -4.3318892e-06 -1.7463765e-06  4.0855482e-06
   538 :  4.7599294e-08 -1.7153059e-08  3.2353399e-08
   539 : -3.5492177e-24  1.2303154e-23 -4.1144866e-24
   540 : -2.0920943e-21  1.0868966e-22  3.6053073e-21
   541 :  3.9585792e-20 -2.8025083e-20 -5.5619584e-20
   542 : -1.2413224e-11 -9.6920464e-11  6.8561987e-11
   543 : -1.7872958e-25 -2.2061714e-25  1.9022743e-25
   544 :  5.5534486e-10 -1.1377381e-09 -2.7184687e-10
   545 : -5.6627268e-18  1.6251145e-18  1.1292612e-17
   546 :  1.6647276e-02  3.2547706e-02 -9.6947033e-03
   547 :  8.4987737e-24 -2.0022168e-23  2.3822519e-24
   548 :  6.3322376e-05 -2.5850946e-04  9.2657804e-04
   549 : -9.2674232e-20  6.5908787e-20 -8.3649197e-20
   550 :  3.6906670e-08 -8.4867399e-07  1.8493271e-07
   551 :  1.2739652e-03  5.0483789e-04 -3.5245891e-03
   552 : -1.3175777e-05 -4.3485716e-05 -3.9809254e-06
   553 :  4.2791158e-06 -1.3208191e-06 -7.3398915e-08
   554 : -5.4747360e-19  1.9833918e-18 -6.6167501e-19
   555 :  2.7870057e-11 -1.2808830e-10 -9.7840881e-12
   556 : -2.9830514e-20 -1.2604551e-20  1.9559614e-20
   557 : -1.3413355e-01 -6.6198721e-02 -7.1020692e-02
   558 : -1.2976398e-06  2.7531580e-06  5.5964445e-07
   559 : -1.8599477e-06  1.6346162e-04 -7.0279081e-05
   560 : -6.2895125e-07 -6.3600952e-07  2.3770937e-07
   561 :  7.1832709e-02  1.8145724e-02  1.1669278e-01
   562 :  1.3861018e-15 -6.1194181e-15  2.1393422e-15
   563 :  8.6349953e-31  4.5349133e-30 -1.1398118e-29
   564 : -3.9658797e-03  5.2606126e-04 -1.2492073e-03
   565 : -8.1186040e-03 -2.2399143e-03 -6.4644077e-03
   566 : -1.1365307e-21  6.8559862e-22  1.2773129e-21
   567 : -1.1711138e-12 -1.2582578e-11  1.2834479e-11
   568 :  1.8056886e-04  4.1205199e-05 -5.6501088e-04
   569 : -5.4242162e-04  3.6588402e-04  4.9998253e-04
   570 : -3.5473914e-18  6.6418342e-18  2.0514989e-18
   571 :  1.0034443e-11  1.2474205e-11 -8.2112831e-12
   572 :  3.4257627e-32 -3.8017199e-31  1.6671452e-31
   573 :  7.9375156e-08  9.2204028e-08 -3.1993984e-07
   574 : -6.1493292e-07  2.0896527e-07 -5.0273777e-07
   575 : -4.7013382e-02 -1.1481778e-02  4.5111084e-02
   576 : -3.2692126e-09  1.3614463e-09  9.0679945e-09
   577 : -6.6857018e-02 -7.1478348e-02 -6.3767111e-03
   578 : -2.9485725e-34  4.7845830e-34  3.4379804e-36
   579 :  7.2098640e-02  1.0718712e-01  2.1526594e-02
   580 : -9.8962142e-03  1.1027168e-02  9.1381102e-02
   581 : -2.3065939e-18  2.0937348e-18  4.2288138e-18
   582 :  6.8109528e-33  9.8886636e-33 -7.8610426e-33
   583 : -2.1388396e-17  7.0983541e-17 -2.5444574e-17
   584 : -1.3211873e-26  2.4005330e-26  3.0003615e-27
   585 :  1.7513060e-03  4.7436216e-04 -1.5190867e-04
   586 : -3.9253099e-23  3.2125136e-23  3.9466281e-23
   587 :  9.6554329e-16  6.1381933e-17 -2.2038312e-15
   588 : -3.1081359e-21  1.4425129e-21  6.7992197e-22
   589 : -1.0054323e-04  7.6099808e-05  5.0601923e-05
   590 : -6.8221109e-05 -6.7838285e-05  9.0700009e-05
   591 :  1.1551833e-29 -1.7505652e-29 -6.0398138e-30
   592 :  1.1378530e-20  5.0643913e-20 -1.2509003e-19
   593 :  1.8591421e-14 -2.3509699e-14  4.0255658e-14
   594 : -1.9134241e-16 -2.3697215e-16  2.2895565e-16
   595 : -4.4281655e-08  7.5259825e-09  3.1512550e-08
   596 : -1.1165932e-08  5.2723325e-08 -2.2728909e-09
   597 : -1.8338981e-12 -1.4115636e-12  4.8108542e-12
   598 :  2.2434171e-15  4.0664447e-15 -2.8793818e-15
   599 :  1.0979871e-01  5.9766825e-02  1.2325922e-01
   600 :  1.6423003e-09 -1.6614322e-09 -3.0927927e-09
   601 :  1.0919743e-01  1.9298694e-02  5.2604779e-02
   602 :  7.0268776e-23  6.8468279e-23 -6.7272583e-23
   603 :  1.0624809e-25  4.3283012e-25 -5.2816624e-25
   604 :  1.0771074e-17 -1.3559150e-17  1.6951546e-17
   605 :  9.4102678e-14 -3.4055215e-13  9.1738630e-14
   606 : -1.7194127e-02 -2.5881180e-03  4.3365488e-02
   607 :  8.8845904e-10 -1.3730106e-09 -1.0380348e-09
   608 :  3.1436163e-21 -7.2678352e-20  2.9441275e-20
   609 :  7.3114308e-18 -7.0170804e-17  3.1008124e-17
   610 :  2.3937024e-25  6.9939656e-25 -1.7272714e-24
   611 :  1.1157358e-01  5.0277335e-02  1.6847803e-02
   612 :  6.4632303e-10 -1.6079590e-09  4.6382252e-10
   613 :  1.5717355e-14  6.2233955e-13 -1.8254491e-13
   614 : -1.6114402e-04  1.0537241e-04  2.4261795e-04
   615 :  5.4301810e-12 -1.5627755e-11  3.2482808e-14
   616 : -6.6300636e-27  1.0255416e-26  3.5532235e-27
   617 : -6.2815333e-13  3.8536492e-13  2.5917711e-13
   618 :  6.2142498e-16  4.8968499e-16 -5.2917880e-16
   619 : -4.6881176e-21  6.2983784e-21  3.4224131e-21
   620 :  4.1875844e-14 -5.6872736e-14  1.0650601e-13
   621 : -1.1688558e-10  1.9496249e-10  2.0958530e-10
   622 : -2.3929077e-03 -8.6687767e-03  4.6954351e-04
   623 :  4.6309524e-06 -2.1216028e-06  2.1419100e-06
   624 : -5.7975741e-12  7.0606788e-11 -2.8456667e-11
   625 :  4.8495435e-12 -9.1354682e-12  1.8826776e-12
   626 : -2.1838789e-34  8.9038033e-34 -3.5227378e-34
   627 : -9.2477795e-23  3.3614499e-22 -1.5049078e-22
   628 : -3.7059535e-16  4.4087361e-16 -2.4856445e-17
   629 :  1.3501726e-06 -1.2231935e-06  1.4776598e-06
   630 :  9.8193520e-05  1.9511049e-04  1.2528229e-03
   631 : -6.9637748e-14  3.6618811e-13 -2.7406699e-15
   632 :  6.9764430e-26 -1.3789752e-25 -8.1966170e-27
   633 :  4.8278595e-06  6.1721028e-07 -1.4519883e-06
   634 : -1.2316399e-09 -1.4347220e-09 -9.4989175e-11
   635 : -5.8350267e-05  1.0580951e-05  1.5585946e-05
   636 :  4.5066450e-05  1.1450167e-05 -3.8121013e-05
   637 : -1.3534061e-03  9.2611307e-04 -4.0413038e-04
   638 : -1.2231008e-02  1.1952770e-02  1.4753238e-02
   639 :  1.8815349e-05 -7.4243369e-05 -4.2915746e-05
   640 : -1.5943034e-02 -4.3489176e-02  1.5664294e-02
   641 :  9.1810189e-21 -2.2349478e-20  2.1862265e-21
   642 : -6.6199276e-07  6.7438095e-07  8.5789636e-07
   643 : -1.0621408e-05  3.8467787e-06 -1.5315824e-05
   644 : -1.0706890e-05  9.9467662e-06 -6.1727990e-06
   645 : -2.5408699e-09  7.7054234e-09 -2.7597973e-11
   646 :  1.3384424e-10  2.7783458e-10 -5.5159707e-10
   647 :  1.2628804e-01  1.2235432e-01 -3.5100813e-03
   648 :  3.5269812e-10 -1.0168282e-09  3.1548779e-10
   649 :  5.2231234e-05 -5.3861190e-05  2.5154012e-04
   650 :  8.2061987e-12  1.2998960e-11 -3.6029998e-11
   651 : -1.4408479e-02  1.5159933e-02  1.1123902e-01
   652 :  3.5097227e-10 -2.7516611e-10  2.0868938e-10
   653 :  3.4847854e-03 -1.0811640e-03 -1.0334557e-02
   654 : -7.3353424e-17  4.3968245e-18  4.8930397e-17
   655 :  2.0545194e-10  3.9096133e-11 -2.3924684e-10
   656 :  7.3837943e-02  1.2700245e-01 -2.7707469e-02
   657 : -3.2638160e-04  8.4679174e-04 -5.0029629e-05
   658 : -1.6341736e-09  1.4638132e-09 -2.5412523e-09
   659 :  5.5889923e-08 -1.3114755e-07  2.7834826e-08
   660 : -4.5984302e-03 -2.0435690e-03 -3.1398001e-04
   661 :  9.1683169e-02  6.4680111e-02 -5.3997271e-02
   662 : -1.1858777e-16  6.5956630e-17  5.6900197e-17
   663 :  2.2012596e-04 -1.5177109e-04  6.8590063e-04
   664 : -9.5602357e-03 -5.9529841e-03  1.2221167e-02
   665 : -3.8697414e-03 -3.0848754e-04 -1.1878532e-03
   666 : -1.5789694e-27  1.7174248e-27  1.5621317e-27
   667 :  3.1523517e-18 -1.0062104e-18 -9.3471164e-19
   668 : -7.0323796e-06 -1.0345071e-05 -7.9815164e-06
   669 :  2.0125225e-34  3.3184981e-33 -3.6955630e-33
   670 :  5.6138795e-04  4.4893969e-04 -2.4389525e-04
   671 : -4.0716398e-02 -4.6205585e-02 -6.6024709e-02
   672 : -1.1083355e-03  9.6270813e-05 -1.3111114e-04
   673 :  4.4112221e-15 -1.1210210e-14 -4.2516927e-15
   674 : -1.1979083e-11  6.1251975e-12  2.0071123e-11
   675 :  2.6377575e-13  4.8698055e-15 -3.8328367e-13
   676 : -1.5894892e-10  5.6587866e-09 -5.8496962e-09
   677 : -2.3363902e-11  1.5996144e-10  1.1801084e-10
   678 :  3.5769624e-05  3.3376084e-05  2.7749485e-04
   679 :  2.8909966e-08 -2.1563357e-07 -1.6514454e-07
   680 :  1.2905898e-07 -4.4067042e-07 -2.7818336e-07
   681 : -4.8278762e-20 -2.5547540e-19  7.3371361e-19
   682 :  1.4639414e-19  4.2870152e-20 -3.0941283e-19
   683 :  1.1123018e-17 -3.8185991e-17  6.3538590e-18
   684 : -6.8517481e-23  1.0715843e-22 -1.4141896e-22
   685 : -1.1472164e-08  4.3879815e-08  1.4125474e-08
   686 :  9.9082368e-14 -5.7327762e-13  3.7647600e-13
   687 : -8.9617598e-22 -1.5728183e-21  4.4526713e-21
   688 :  5.7896130e-14 -6.0473751e-14 -1.6024623e-13
   689 :  3.0123073e-02  1.3961426e-02 -1.5189023e-02
   690 :  3.0224848e-09 -3.2940448e-10 -4.6540027e-10
   691 :  2.9335575e-09 -1.9023867e-11  9.7984877e-09
   692 : -1.0163777e-09  5.6859979e-10  2.4141842e-10
   693 : -2.5195170e-33  3.4365830e-33  2.2109146e-33
   694 : -2.5161254e-22  3.7683091e-22  1.9496685e-22
   695 : -9.9690836e-03  3.1980294e-02  4.5388975e-03
   696 :  1.3349280e-05 -7.6491949e-06 -3.6342911e-05
   697 :  1.5009579e-09 -3.5966703e-10 -2.6653228e-09
   698 : -8.2934656e-03  4.3578671e-03 -6.9214501e-03
   699 : -1.3496251e-15  4.1396132e-15 -8.3634880e-15
   700 : -3.4088872e-28 -5.4598852e-28  1.4650784e-27
   701 :  2.4552189e-26 -8.4335652e-26  2.9447506e-26
   702 : -4.8721604e-18  1.2802216e-17 -1.1259114e-18
   703 : -1.3140587e-01 -1.1256103e-01 -6.8181662e-02
   704 :  2.2340937e-10 -1.6839731e-10  2.7154850e-10
   705 :  3.4764582e-22 -1.3095744e-20  6.0625328e-21
   706 : -6.0886911e-02  1.1102327e-01 -1.6399314e-01
   707 : -3.0338844e-06 -1.2763207e-06  6.9585036e-06
   708 :  5.4411250e-07 -9.0630514e-07 -3.4164913e-07
   709 : -3.6978394e-12  4.4786790e-12 -6.1524259e-12
   710 :  1.4489552e-15  9.6691256e-16 -7.3133467e-15
   711 :  5.3435542e-11 -2.1626803e-11 -4.7991952e-12
   712 :  4.1879535e-05  1.5604947e-04 -5.0187516e-05
   713 :  2.9254817e-10  6.3088379e-10 -1.3666115e-09
   714 :  3.4414246e-03 -3.1441811e-03  5.6113776e-02
   715 :  2.2135416e-08 -5.9369290e-09 -6.4587271e-09
   716 :  2.2572794e-23 -1.9320776e-22  3.9953793e-22
   717 : -1.5262312e-06  6.5058221e-06  9.6863777e-07
   718 : -1.4807725e-10 -5.9743565e-11  3.0075205e-10
   719 :  3.4996308e-06 -1.8371528e-06  3.9021150e-06
   720 : -4.2401913e-02 -4.1523644e-02 -6.2576025e-02
   721 : -2.8071050e-03 -3.5905293e-03 -1.1804783e-03
   722 :  1.3464452e-20 -7.0664091e-20  2.3496532e-20
   723 : -5.2535165e-20  3.6238618e-19 -2.3252233e-19
   724 : -3.2581476e-19  6.8368097e-19 -1.6031281e-19
   725 : -7.6404001e-05  2.6672381e-04  5.1029346e-04
   726 :  1.4789753e-13  4.9407822e-14 -7.9639733e-14
   727 :  6.5456656e-04 -1.3693746e-04  5.5660484e-04
   728 : -2.1150507e-06  6.2512939e-06  6.8954610e-06
   729 :  1.3382960e-08  5.0316241e-08 -2.1144299e-08
   730 : -1.3645807e-09  8.5316711e-10 -1.3357328e-09
   731 :  1.3334422e-19 -4.1402124e-20 -4.1460357e-20
   732 : -5.0293578e-17  1.4960828e-17 -1.9383552e-17
   733 : -1.3658972e-09 -2.2997559e-09  9.2077030e-10
   734 :  2.2689608e-01  1.3386366e-01  2.9534095e-01
   735 : -8.3027762e-10 -6.1993698e-10  7.5176811e-11
   736 :  1.1247841e-01  1.8606150e-02  1.5680457e-02
   737 :  3.2137044e-13  2.1286545e-13 -3.1629321e-13
   738 :  1.0181695e-05 -2.1888061e-05  8.3857497e-06
   739 : -5.5063426e-02 -2.1534287e-02  3.7429986e-02
   740 : -8.1903196e-09  2.9099368e-08 -7.1929085e-09
   741 : -1.5158213e-03 -3.7266823e-03  1.5900539e-04
   742 :  2.2187417e-11  1.9904254e-10 -2.1617502e-10
   743 : -8.9223451e-09 -7.4298391e-09  3.2476567e-08
   744 : -2.1859771e-01 -1.1481692e-01  7.0829102e-03
   745 :  3.1316305e-20 -5.7107300e-20 -2.6270091e-20
   746 :  8.9234615e-17  6.8489467e-17 -3.1080856e-16
   747 :  6.0105033e-13 -1.8914471e-12  3.4923802e-12
   748 : -3.0862240e-09 -3.7517418e-09  1.4557020e-08
   749 :  1.6872223e-06  2.3166205e-06  9.8217752e-06
   750 :  7.1456564e-22  5.8452897e-21 -1.0059717e-20
   751 :  7.5589287e-02 -1.5838492e-02 -3.1799397e-02
   752 :  6.2967961e-10 -4.6711541e-10 -9.6614794e-10
   753 :  1.9216262e-07  5.0546267e-06  1.8250854e-07
   754 : -1.8366575e-17 -4.1137523e-18  4.4422499e-17
   755 : -6.1109057e-02 -2.0131884e-02 -1.0715933e-01
   756 :  3.3180817e-12 -3.0369557e-12 -4.6054196e-12
   757 : -9.4103689e-33  3.1838257e-33  2.6184991e-33
   758 :  1.7330468e-01  1.5832337e-01 -6.7022212e-02
   759 : -1.7873502e-09  1.3887490e-09 -1.7804537e-09
   760 :  7.7153261e-15 -2.6816992e-14  7.7532990e-15
   761 : -6.7446100e-10 -6.5557624e-09  3.4652214e-09
   762 :  1.2258619e-01 -3.2338423e-02  9.6686135e-04
   763 : -4.0461561e-24  1.1427761e-23 -3.5934924e-24
   764 : -3.1724783e-25 -1.3590245e-24  8.1320195e-25
   765 :  5.9702917e-02  7.4602097e-02 -4.8147556e-03
   766 : -8.7179913e-12  1.8401103e-11 -6.2723620e-12
   767 : -1.8332967e-02 -2.0866441e-02  5.8398128e-02
   768 :  2.2689456e-22  1.0003061e-21 -2.1416426e-21
   769 : -5.7694183e-02 -4.8786551e-03 -1.2968945e-02
   770 :  2.0199528e-08 -1.2586704e-08 -4.4442347e-09
   771 : -9.8065522e-06 -4.0910356e-06 -1.6899941e-05
   772 :  8.6809713e-04  3.2205242e-04 -8.4456049e-06
   773 : -5.8709276e-11  1.4025826e-10 -4.9723372e-12
   774 : -2.8704462e-01 -4.1760671e-02 -1.8688879e-02
   775 :  3.1448515e-01  5.0989463e-02  4.5162867e-02
   776 :  5.8532384e-11 -2.9987986e-10  1.8670880e-10
   777 : -6.9510947e-11 -4.7192178e-09 -5.5305993e-09
   778 : -7.2267887e-09  2.9125386e-08 -5.9266191e-09
   779 : -3.1912435e-18  5.7587567e-18 -1.2213560e-18
   780 : -3.6640032e-03 -2.0548236e-03 -7.8884124e-03
   781 : -2.3996431e-20  2.0726678e-20 -2.5868222e-20
   782 :  6.2844400e-33  1.0126725e-33 -6.8712164e-33
   783 : -4.4581298e-10 -4.7224382e-10  4.2710351e-09
   784 :  2.9044568e-11 -4.7888685e-10  3.2811748e-10
   785 :  4.3478773e-20 -1.0568094e-19  1.3773022e-20
   786 : -2.6146517e-01  3.8014147e-02 -3.5471817e-01
   787 :  8.4870934e-03  4.4494264e-02  8.7093884e-02
   788 : -1.3571643e-20  6.3493550e-21  3.5747837e-21
   789 : -1.4969302e-19  1.9993102e-19 -3.4765088e-20
   790 :  1.9197033e-07 -1.0316307e-07 -5.5918538e-07
   791 :  2.4338469e-06 -1.1909694e-07 -4.8541265e-07
   792 :  2.5176358e-04  1.8865420e-04  4.4094060e-04
   793 :  7.5556765e-04 -1.7410129e-04  1.6824887e-04
   794 : -1.6563130e-08  1.1052032e-08  4.8896525e-08
   795 : -8.2636633e-04 -1.0637528e-03  1.4823367e-03
   796 : -8.8844761e-05 -4.4259637e-05  6.2057705e-06
   797 : -7.2839091e-22  1.9276157e-21 -3.5868674e-21
   798 : -9.2379260e-07 -6.2595857e-07 -2.0181667e-07
   799 : -1.5554220e-13  9.9937471e-12 -8.0404782e-12
   800 : -5.8705800e-03  6.1117300e-02 -7.6317518e-03
   801 : -1.8301454e-19 -2.3694289e-19  5.8197289e-19
   802 : -6.3741363e-11 -5.7009678e-10 -3.7959342e-10
   803 : -8.0041897e-15 -3.6197651e-15  3.7605850e-15
   804 :  6.7350615e-02 -1.3965936e-02 -1.9447560e-02
   805 :  1.0090434e-09 -5.2130219e-09  2.8787601e-10
   806 : -2.5692795e-18  5.5090068e-19 -7.8867808e-19
   807 : -1.1977602e-21 -2.5510117e-21  1.6170079e-21
   808 : -2.0404537e-01 -8.0488104e-03 -2.9226685e-02
   809 : -4.0898947e-14  8.9264973e-14 -6.9298027e-14
   810 : -9.5855471e-21 -1.8817265e-20  5.6350705e-20
   811 :  7.3500296e-34 -1.7722512e-33  2.6436402e-33
   812 : -2.1704217e-11 -2.3622125e-11  7.1948349e-11
   813 :  1.2951427e-09 -3.1663459e-09  1.1006268e-10
   814 :  6.9320665e-30  1.9556276e-31 -7.3293271e-30
   815 :  9.6891988e-34  6.7286123e-34  4.1766588e-34
   816 : -7.1689485e-28  1.8205197e-28  2.6167500e-28
   817 : -6.0340586e-30 -6.2433731e-30  1.8519130e-29
   818 :  1.6933491e-31 -8.8351133e-31  5.3072603e-31
   819 : -7.5402844e-11  1.9710744e-10 -3.2362338e-10
   820 : -8.8322329e-31  2.4472095e-30 -5.0417364e-31
   821 :  2.6128943e-04  5.6793272e-04 -3.9856106e-04
   822 : -2.7898565e-08  1.0347996e-07 -4.2218746e-08
   823 :  4.3147870e-15 -1.0832558e-14  1.4392927e-15
   824 :  1.1345741e-16 -1.4641847e-15  1.8752016e-15
   825 :  1.0154532e-24 -3.1318138e-25 -1.7027281e-24
   826 : -2.3560594e-05  1.9056858e-05  2.6065643e-05
   827 : -6.4525850e-18 -3.9224029e-18  5.1102576e-18
   828 : -5.4753401e-13  1.7372759e-12 -5.0125463e-13
   829 : -2.3654672e-07 -1.6790903e-07  1.5391882e-07
   830 :  2.7817110e-01  9.6241723e-02  3.9346600e-01
   831 :  1.7608113e-01  3.9299025e-01  1.4398504e-01
   832 : -9.7645460e-11  1.6762002e-10  7.6596631e-11
   833 :  1.6598299e-01  5.6073087e-02  2.0452954e-01
   834 :  3.6625639e-28 -3.2454600e-28  3.0509187e-28
   835 : -1.0491635e-32  5.7583473e-32 -1.1138765e-31
   836 : -2.6954270e-09  1.3696070e-08 -5.2902366e-09
   837 :  1.5509849e-18 -2.5494133e-19 -6.6462676e-19
   838 : -1.1016133e-06 -1.1192545e-06  3.7931345e-06
   839 : -4.5531970e-14  1.0940204e-14  8.2360132e-14
   840 : -2.5671060e-17 -9.7477498e-18  4.8693496e-17
   841 :  8.8378390e-16 -2.9159244e-16 -2.9366412e-16
   842 : -1.8294349e-12 -5.8398018e-12  3.2413423e-12
   843 : -8.9739144e-17  4.3412934e-17  1.4999538e-16
   844 : -3.5500980e-11 -2.8328903e-11  1.0338696e-10
   845 :  4.2672761e-23 -6.1183684e-23  9.2625070e-23
   846 : -2.5416878e-08  4.0550338e-08 -7.2241203e-09
   847 :  1.2259275e-13  1.3240901e-12 -2.7973369e-12
   848 :  4.8007777e-36  9.3150164e-37 -2.8592631e-36
   849 :  5.8411404e-16  1.6116439e-14 -3.2814551e-15
   850 :  3.1492060e-13 -1.7345601e-13  4.0483240e-13
   851 :  3.9880906e-15  8.3428770e-16 -1.0381616e-14
   852 : -6.5852232e-27  3.7091784e-26 -1.3685502e-26
   853 :  1.7519911e-06  1.1223283e-05 -2.3089382e-05
   854 : -1.1343607e-36 -4.9306752e-36  1.1480806e-35
   855 :  7.7009760e-05 -8.8781308e-06 -1.1825523e-04
   856 :  1.6057400e-06 -8.6555163e-07 -1.1665527e-07
   857 :  3.0458116e-04 -3.2482224e-04  7.0966507e-04
   858 : -5.1006765e-07  6.0455170e-08  1.7125210e-07
   859 : -3.0418217e-25  5.0154663e-25  1.9202173e-25
   860 :  4.5043310e-08  5.1390874e-08 -3.4156455e-08
   861 :  4.5709149e-08 -2.6946845e-08  3.6432229e-08
   862 :  1.7782596e-08 -6.6866330e-09 -5.0888479e-09
   863 :  6.8706134e-06  2.3753732e-06 -1.2160694e-05
   864 : -6.2394255e-05  2.4987175e-06 -7.7145299e-05
   865 : -7.2781391e-03  3.6197267e-03 -5.2017497e-03
   866 : -1.7388290e-01 -1.0675349e-01 -1.4642364e-01
   867 : -5.4333638e-03 -1.3992946e-02 -4.4423729e-03
   868 : -8.0120854e-11 -4.7546750e-11  2.3541275e-10
   869 : -3.6278563e-11  1.2877659e-10 -1.1039175e-11
   870 : -4.3635019e-12 -2.3194220e-11  8.8762039e-12
   871 :  1.1821962e-05 -6.6535921e-06 -5.1711735e-05
   872 : -5.6145298e-05 -1.7544434e-05  9.7241725e-06
   873 :  7.9991249e-02 -2.3540841e-02 -2.9326063e-02
   874 : -2.0513362e-02 -4.7288860e-03  8.2877388e-02
   875 :  2.3664595e-15 -5.1888154e-16 -6.4102091e-16
   876 : -5.7586877e-15  4.3699117e-16  1.3387413e-14
   877 : -3.4378562e-30  4.8651742e-30 -6.3551902e-30
   878 : -8.6319695e-28  1.9562279e-27 -4.1704360e-28
   879 : -1.1180304e-17  2.3891548e-17 -3.8095489e-17
   880 : -9.2351912e-16  8.6617473e-16  4.9485791e-17
   881 :  1.5564644e-29 -4.7939557e-30 -5.8793391e-30
   882 : -4.6694631e-28  2.5307820e-28  6.9574501e-28
   883 :  1.5777212e-17 -9.0763303e-18  3.3320800e-18
   884 :  3.9901965e-17 -2.9418006e-16  1.1009331e-16
   885 :  9.6897687e-08 -2.0988504e-07 -4.3808435e-08
   886 : -3.3635980e-08 -3.1041696e-10  2.7522728e-08
   887 :  1.0767682e-07  6.7664529e-08 -1.5860352e-07
   888 : -3.6926780e-07 -6.6372238e-07  2.7569559e-07
   889 :  2.5202774e-02  6.3854089e-02 -6.5954871e-03
   890 : -2.4270289e-03 -9.8450931e-03  1.2339257e-02
   891 :  8.4313076e-16 -1.0905803e-15  1.4234674e-15
   892 :  1.8570722e-14 -6.0557965e-14  1.9867063e-14
   893 :  2.0590183e-08 -6.3155607e-09 -8.1881192e-09
   894 : -5.1712305e-08  4.6277196e-08  9.2164974e-08
   895 :  2.1125169e-02  3.3596791e-02 -2.3111932e-03
   896 : -1.0297614e-02 -2.7631710e-03  1.1393236e-02
   897 : -3.4337791e-17  3.5464816e-18  2.4055811e-17
   898 :  2.2591966e-16 -2.7282528e-16 -2.9202919e-16
   899 : -7.8912566e-03  2.8269463e-03  1.1462227e-02
   900 :  6.4267292e-03 -4.3757522e-03 -5.0816238e-03
   901 :  1.9727987e-10  5.9788077e-11 -3.8192888e-10
   902 : -1.6747933e-09 -1.9041150e-09  3.1426204e-09
   903 : -4.3092917e-05 -8.0380199e-05  2.7094877e-05
   904 :  8.5854961e-06  5.3537460e-06 -5.1268735e-06
   905 : -3.8197349e-05 -6.8442454e-05 -9.0945099e-07
   906 :  1.6246023e-03 -4.7937627e-03 -1.2824234e-03
   907 :  2.9349807e-04 -1.2499480e-04  7.4125511e-04
   908 :  5.1340807e-08 -2.5312691e-07  1.0292183e-06
   909 :  2.5012762e-06  2.1230605e-06 -2.5999918e-06
   910 :  1.1043812e-06 -2.2488489e-05  1.9687340e-06
   911 :  4.5448399e-06  7.6882652e-07  1.5079172e-06
