Number of elements 912
     0 : -3.3365008e-26  8.6081806e-28  6.7675204e-26
     1 : -9.5338332e-15  2.3477764e-14 -3.9155958e-15
     2 :  1.6500921e-01 -2.5199244e-01  5.3586603e-02
     3 :  3.4668416e-18 -7.9447478e-19 -6.3583746e-18
     4 :  1.9957296e-01  1.1446409e-01  1.7128822e-01
     5 : -3.7464253e-02 -6.2419568e-03  1.0058835e-01
     6 :  2.8480971e-39  7.0379453e-39 -1.2805913e-38
     7 :  3.4804908e-14 -4.0141624e-13  2.2583838e-13
     8 :  1.8845234e-12  1.7567843e-12 -1.6667464e-12
     9 :  2.0504844e-36 -1.3795552e-35  9.3150843e-36
    10 :  8.5433500e-13  1.3704099e-14 -1.8500680e-12
    11 : -1.2144456e-39  2.2711434e-39  2.4647107e-40
    12 : -1.3155754e-01  2.1333650e-01  1.7158759e-01
    13 : -5.9579013e-10  8.3250651e-10 -1.2566438e-09
    14 :  1.5422490e-20 -3.3467914e-20  6.1488752e-21
    15 :  2.8389206e-12  1.1099501e-11 -9.0341847e-12
    16 :  1.6918809e-41 -3.3595362e-41 -1.6957544e-42
    17 : -1.3820761e-29  3.3131186e-29 -2.8130895e-30
    18 :  7.8212057e-12 -3.0316946e-11  8.2604494e-12
    19 :  9.3827752e-49 -1.3182467e-48 -7.4384954e-49
    20 :  1.0407940e-29 -1.6250128e-29 -2.3598056e-30
    21 :  1.5509709e-11  6.6301441e-09 -5.0279056e-09
    22 : -1.2169722e-09 -2.5718678e-09  1.5316610e-09
    23 :  5.7052177e-45 -4.8144170e-45  4.6678571e-45
    24 :  1.3455738e-14 -1.1217830e-15 -3.2787620e-14
    25 : -2.6858299e-47 -2.8813844e-47  2.6032235e-47
    26 :  1.1284929e-13  2.6275522e-13 -1.6331985e-13
    27 : -1.2399932e-09  4.8057578e-09 -6.1573981e-10
    28 :  6.5469544e-11 -1.3998410e-09  7.2236657e-10
    29 : -2.1927440e-16 -1.1926574e-15  1.7070289e-15
    30 :  2.1623239e-12 -2.1740455e-12 -2.3591207e-12
    31 :  3.6518640e-19 -1.7988863e-19 -5.7730054e-19
    32 :  6.4349141e-39  8.2568085e-39 -2.2130210e-38
    33 : -1.6498199e-07  3.0570102e-07  1.2686631e-07
    34 :  2.9086328e-49 -1.6337074e-49 -4.2165632e-49
    35 : -4.4541147e-19  6.1589121e-20  8.4687787e-19
    36 : -2.7428491e-02  1.6418454e-03  1.9253856e-01
    37 : -8.9865695e-06 -3.6603934e-06  4.9160746e-06
    38 :  4.5218990e-11 -1.7082156e-09  2.0270191e-10
    39 :  2.1436007e-15  5.8572631e-15 -1.0842459e-14
    40 :  1.4487865e-16 -3.8566724e-16  8.5816706e-17
    41 : -5.1961776e-09  9.9197238e-09  1.7273733e-09
    42 : -9.6800940e-47  1.7281809e-46 -2.4369598e-47
    43 : -1.6322144e-27  3.2319098e-27  5.1303593e-29
    44 : -2.8755021e-07  1.0257056e-06 -5.0932352e-07
    45 :  5.8756084e-22  9.6265847e-22 -2.6131330e-21
    46 : -1.1471753e-22  7.8612692e-23 -5.0640195e-23
    47 :  3.3360861e-38  1.8829933e-37 -4.1845841e-37
    48 :  8.9576044e-42  3.1696646e-40 -1.3074653e-40
    49 :  1.8952336e-11 -6.9708758e-11  2.8180804e-11
    50 :  3.5017938e-08  5.2159206e-07 -1.9920760e-07
    51 : -9.3465757e-03  2.4504539e-03  1.2569320e-03
    52 : -1.0562428e-11  3.2308751e-11 -6.6314509e-12
    53 :  9.6735888e-39 -6.8002158e-39  3.2435865e-39
    54 : -5.9779291e-09  6.9790995e-09 -1.5337749e-08
    55 :  2.4183648e-09  9.1631623e-10 -8.5024579e-09
    56 :  2.8064236e-02  1.0692413e-01 -1.3983003e-02
    57 : -1.0836444e-10 -3.6010872e-10  8.7283472e-10
    58 : -7.3182789e-05  2.2656200e-04 -7.3894936e-05
    59 : -4.9375392e-12 -1.0602980e-11  6.3921827e-12
    60 : -4.0189341e-08  4.1654205e-08  5.7156330e-08
    61 :  6.3655370e-04 -4.2868746e-04  3.8505092e-04
    62 :  3.5900703e-14  3.7263093e-15 -1.7972165e-14
    63 :  8.3821126e-07  3.6997619e-07 -4.1806144e-07
    64 : -2.6251000e-13  1.9115448e-13  3.5391012e-13
    65 : -1.2452643e-16  1.6980633e-16 -2.9086254e-17
    66 : -6.5421475e-19  1.4768214e-18 -2.6091756e-20
    67 : -1.0859554e-40  3.4973765e-42  2.1912184e-40
    68 :  1.6719099e-40 -2.3812219e-40 -1.0230557e-40
    69 : -1.1934816e-40  9.1396728e-41  1.5122630e-40
    70 : -5.2505781e-22 -5.4932082e-22  1.6314681e-21
    71 :  3.7919573e-08 -3.6882556e-07  3.8512841e-08
    72 : -2.3291460e-43  1.2582341e-42 -7.7956939e-43
    73 : -4.2285679e-06  3.9850014e-06  1.0432219e-05
    74 :  1.8413960e-31  5.1434492e-31 -3.4596015e-31
    75 :  3.0917106e-31  2.3214574e-31 -2.5970476e-31
    76 :  3.2164221e-43  2.0064427e-44 -1.5787788e-43
    77 : -9.1677425e-34  3.2419380e-33 -1.3926039e-33
    78 : -1.5339769e-36  3.7665904e-36 -3.9149587e-37
    79 :  1.9943240e-27 -1.9926559e-27  2.1881689e-27
    80 : -1.6734735e-57  8.7315641e-56 -5.0011056e-56
    81 :  1.9793658e-37  8.8262562e-37 -5.3798211e-37
    82 :  5.5791419e-01  3.0028977e-01  7.4514617e-01
    83 :  1.8911375e-51 -3.2826121e-49  3.2323682e-49
    84 :  5.9180509e-47 -2.6627567e-46  1.1298685e-46
    85 : -1.8319453e-02  4.5868812e-02 -2.4047686e-02
    86 : -2.6009071e-29 -2.3592348e-29  7.4951205e-29
    87 : -2.7555922e-27  4.6816290e-27  9.6580744e-28
    88 :  9.2501993e-18  6.9955553e-18 -7.8143316e-18
    89 :  8.0749760e-05 -1.2732975e-05 -3.7810267e-05
    90 : -3.2701318e-44 -1.0621370e-43  6.9075886e-44
    91 :  2.0770195e-01  2.2127508e-02  1.1840237e-01
    92 :  3.1695595e-22 -3.8473993e-22  4.8549187e-23
    93 : -3.5333109e-55  3.4991509e-56  2.2631649e-55
    94 : -2.0068687e-25  1.4961284e-26  1.5100478e-25
    95 :  1.3344061e-40 -3.4426232e-41 -6.4120335e-41
    96 : -4.4627194e-19  9.6576700e-19 -1.4235244e-18
    97 : -3.6342373e-20 -7.1641375e-21  7.8746149e-20
    98 :  5.8616647e-01 -7.1795196e-02  1.6389070e-01
    99 : -2.6444613e-37 -1.5586444e-36  9.1971543e-37
   100 : -4.0172276e-39  3.2578166e-39  2.2018489e-39
   101 :  1.9612653e-17 -1.4153985e-17 -2.4728935e-18
   102 : -1.6703968e-11 -1.3383361e-10  6.6625284e-11
   103 :  7.1110876e-51 -7.3188394e-51 -7.1100445e-51
   104 : -6.7235379e-23  1.3120222e-23  2.4749659e-23
   105 : -7.4242034e-12  1.4685935e-12  4.6142250e-12
   106 :  1.5501137e-15 -1.1072541e-15 -2.4138614e-15
   107 :  7.9521365e-17 -3.5280411e-15 -1.3275135e-15
   108 :  1.8063422e-14  2.1857200e-14 -6.6414626e-14
   109 :  4.0673163e-11  9.9029592e-11 -3.4103296e-10
   110 : -9.9387950e-07  4.0383611e-06 -1.0079505e-06
   111 : -3.0138197e-14  8.5839893e-15  8.5451144e-15
   112 : -7.8570638e-36 -1.2246732e-35  2.9308115e-35
   113 : -7.6008287e-03  1.2675766e-03  1.2847604e-03
   114 : -3.4147771e-21  2.3150322e-21  3.2439954e-21
   115 :  4.0462097e-10  1.2771021e-09 -7.2583054e-10
   116 : -3.2583787e-06  3.6257132e-06 -3.6249859e-07
   117 :  2.0752342e-01  1.1257961e-01  1.8064735e-02
   118 :  7.4486218e-01  2.3494565e-01  9.4103758e-02
   119 : -3.2475146e-42 -8.8340851e-43  5.0599031e-42
   120 : -5.7262969e-22 -8.6912231e-21  1.8556605e-20
   121 :  4.5705226e-33 -1.6644795e-31  1.2296268e-31
   122 : -1.9344871e-10  4.9659238e-10 -3.4738596e-10
   123 : -2.3557839e-51  1.5481632e-50 -1.5647656e-50
   124 :  9.8598462e-38 -7.4660175e-38 -1.1467262e-38
   125 :  1.1558563e-53 -3.6174923e-53  1.3074976e-53
   126 :  2.2883225e-29 -4.5408430e-29 -3.1594453e-30
   127 : -4.8231472e-31  5.5259434e-31  4.4792498e-31
   128 : -1.1363647e-10 -4.0178405e-11  2.7502244e-10
   129 :  3.9605729e-26  5.1458162e-26 -1.4456524e-25
   130 :  2.0535229e-03  1.0552817e-03 -2.3286334e-03
   131 :  2.0053477e-08 -1.8069193e-08  7.6772652e-09
   132 :  2.1783374e-09 -7.5603049e-09  2.1340299e-09
   133 :  2.7634152e-06 -5.7083910e-06  3.4863526e-07
   134 : -1.0166214e-10  6.4694430e-11 -9.0605421e-11
   135 :  3.4278881e-12  4.8667845e-12 -1.1222606e-11
   136 :  5.9719893e-16  2.8052631e-16 -4.5738664e-16
   137 : -4.3783701e-13  7.7566664e-12 -7.0230510e-12
   138 :  5.2927973e-14  1.4601240e-13 -1.6142189e-13
   139 :  1.1108023e-13 -2.0134137e-13  4.6143686e-14
   140 : -5.8128556e-34  8.5567004e-34 -1.3502621e-34
   141 : -3.7515557e-32  3.4295216e-32  4.3166690e-32
   142 :  1.8166533e-14 -1.0794833e-13  1.7852745e-13
   143 :  3.0970675e-43  1.3165296e-42 -2.3802627e-42
   144 :  8.1985762e-16  8.0194476e-16 -7.3678011e-16
   145 : -1.2729000e-19  1.6937350e-18 -7.4107363e-19
   146 :  6.9019484e-24 -1.0099662e-23 -4.3270425e-24
   147 :  1.1832680e-41 -6.4476906e-42 -2.3300872e-42
   148 :  1.1495359e-23 -1.2432574e-23 -1.0747265e-23
   149 :  2.3927107e-01  5.3665389e-03  1.4561607e-01
   150 :  2.1598832e-20  1.3366756e-18 -1.3782692e-18
   151 :  1.3587979e-30  1.3268249e-30 -4.1285090e-30
   152 :  5.0263647e-26  1.6776049e-26 -3.1715281e-26
   153 :  5.7205112e-01  1.7241300e-01  2.9065644e-01
   154 : -3.6869833e-55  2.3486377e-55  5.0094986e-55
   155 :  2.2298458e-42 -1.8923458e-42 -3.1350962e-42
   156 :  1.5995968e-44 -2.1119740e-44  2.5977677e-45
   157 : -2.5078659e-21 -2.6671248e-21  7.8450229e-21
   158 :  3.7398170e-13 -5.4417965e-13  1.6354256e-13
   159 :  2.2170107e-17  8.1781702e-17 -5.1114147e-17
   160 : -2.1977843e-53  4.4531440e-54  8.7157649e-54
   161 :  2.1554078e-52  1.1198533e-50 -2.2741102e-50
   162 : -3.2370504e-02  1.1076991e-01  1.7991691e-02
   163 : -1.1763118e-09 -1.0836139e-09  3.7668354e-09
   164 :  6.9493241e-29 -7.4021980e-30 -1.3663675e-28
   165 :  3.2914477e-16 -5.1301547e-15  4.4725574e-15
   166 :  1.9074792e-44 -1.0432502e-45 -3.7913955e-44
   167 :  5.8655170e-13 -3.0556433e-13  7.9130000e-14
   168 :  1.1147483e-08 -3.3664458e-08  8.2367026e-09
   169 :  9.0079880e-01  2.4549315e-02  3.3471076e-01
   170 :  7.4833448e-41 -5.4821124e-40  1.0577446e-39
   171 :  1.9372938e-40 -7.0849534e-40  1.2288681e-39
   172 : -2.6885160e-08  3.1040052e-08  3.4696740e-08
   173 : -1.0050950e-10 -1.9160861e-10  5.6473999e-10
   174 :  1.3546396e-14 -3.0478766e-14  1.1224527e-15
   175 :  3.9564213e-23 -2.9544161e-23  2.7398433e-23
   176 :  1.0051524e-36 -9.1866800e-37 -1.1542744e-36
   177 : -1.0266073e-14  7.1913759e-14 -4.8513866e-14
   178 :  9.5519834e-01  3.2173595e-01  7.5646192e-01
   179 : -1.5699154e-13  5.7680895e-13 -4.0900803e-13
   180 : -2.3587395e-42  5.3454454e-43  4.2639371e-42
   181 :  1.0350867e-08 -1.8405725e-09 -2.3494675e-08
   182 :  2.0957153e-25 -1.7356074e-26 -1.7532666e-25
   183 :  1.6473185e-06  1.1431756e-07 -1.9333579e-06
   184 :  1.6630692e-55  2.7483572e-54 -1.4426360e-54
   185 : -2.1711086e-30  1.0359522e-30  5.5084438e-31
   186 : -9.4963439e-21 -1.1031906e-20  3.2711926e-20
   187 :  8.8238234e-13 -4.0925520e-12  2.2537069e-12
   188 :  5.0685926e-01  5.0349820e-01  6.6063681e-01
   189 :  1.0860729e-13  5.6682198e-13 -7.5925608e-13
   190 :  5.0117795e-16 -1.8869619e-15  6.5801887e-16
   191 :  3.8063860e-51 -2.9781231e-51 -4.8228260e-51
   192 :  7.2099855e-08 -3.8777645e-08 -1.5703621e-07
   193 : -1.6934365e-02  7.8492044e-02 -1.6948639e-02
   194 :  5.2517745e-01  3.0592963e-01  2.2472834e-03
   195 : -7.3333772e-22 -2.0621980e-22  4.6459558e-22
   196 :  9.7668677e-43 -1.0100066e-42 -9.9617339e-43
   197 :  2.7196408e-43 -4.3324203e-43 -1.1413113e-43
   198 : -3.3310652e-18 -1.1906782e-19  3.6267757e-18
   199 :  8.9953356e-04 -1.7476980e-03  6.4015440e-04
   200 :  7.4243240e-39  1.8641669e-38 -3.6155577e-38
   201 :  6.7115709e-09 -1.6056307e-09 -2.7265834e-09
   202 :  1.2378264e-22 -4.3793648e-22 -4.2190786e-22
   203 :  3.0400454e-46  1.4067578e-46 -2.1670745e-46
   204 :  3.2880417e-22 -1.3099069e-23 -3.3886700e-22
   205 :  4.4836188e-09 -2.5930315e-08  1.1064872e-08
   206 : -5.2062721e-46  2.2337933e-46 -6.5229227e-48
   207 : -7.1031960e-44  4.7152071e-44 -2.5459681e-44
   208 : -3.0810539e-32  1.6958363e-32  3.7242955e-32
   209 :  3.9043353e-01  2.1346508e-01  3.2193005e-01
   210 :  1.3287369e-23 -2.0790825e-23 -6.2212233e-24
   211 :  2.0630048e-45 -7.4505177e-46 -5.2374285e-46
   212 : -5.8328969e-13  4.0550740e-13  1.2838238e-13
   213 :  5.9036086e-43 -2.5060305e-42  2.4050129e-42
   214 :  2.2084469e-01  2.8120665e-01 -3.4820273e-03
   215 :  6.7581516e-01  7.8226190e-02 -1.8736023e-01
   216 :  3.1293022e-12 -3.0122964e-12 -3.5721006e-12
   217 :  5.0032359e-54  2.5756532e-53 -1.5187172e-53
   218 :  1.7433165e-34  2.2154399e-34 -5.8108976e-34
   219 :  2.0227956e-10 -2.0805037e-09  2.9241954e-09
   220 :  1.5330969e-30  2.5423531e-29 -5.4908424e-29
   221 :  4.0881666e-37  1.6549407e-37 -9.9085507e-37
   222 :  6.1062161e-04 -2.5768404e-04  5.0821101e-04
   223 :  1.0004222e-06 -1.1584138e-05  6.6304489e-06
   224 :  1.6803073e-17  7.3315231e-19 -3.5519456e-17
   225 :  6.9821570e-29 -1.1881106e-28 -2.0570394e-29
   226 : -1.4740680e-38  8.1527743e-39  4.7696834e-39
   227 : -6.1662521e-24  1.2825147e-22 -2.6298432e-22
   228 : -1.3466315e-18  2.6416004e-18  2.4178913e-19
   229 :  1.0427748e-24  7.8472995e-25 -8.7614363e-25
   230 : -2.6915169e-38 -1.2064673e-38  1.8858751e-38
   231 :  1.4131109e-39 -2.4232886e-38  2.1312811e-38
   232 :  3.9276249e-51  4.5180542e-51 -4.1737735e-51
   233 :  5.9648728e-37 -6.0208024e-37 -5.2966367e-37
   234 : -1.2098977e-02  6.8133273e-03 -7.7917456e-03
   235 : -5.3841900e-09  5.1151067e-08 -9.6875643e-08
   236 : -3.9779388e-35  9.1728596e-35 -9.2211377e-36
   237 : -3.4170875e-32  4.3730363e-32  2.0315811e-32
   238 :  7.3055328e-49  9.2208025e-50 -4.1002172e-49
   239 : -5.4636508e-38  1.6493420e-36 -3.2937902e-36
   240 :  9.6471950e-44 -4.8293684e-44 -1.4902537e-43
   241 :  1.0746005e-10 -8.6266464e-10  2.7749085e-10
   242 : -1.8296758e-10 -8.7464545e-11  3.6052557e-10
   243 :  9.0567803e-06 -4.8795954e-05  4.4113239e-05
   244 : -2.8618375e-07 -2.4250383e-07  9.0038593e-07
   245 :  7.2873734e-36  2.9646117e-36 -1.6591599e-35
   246 : -3.2312396e-11  1.8080708e-11  5.6037387e-12
   247 :  2.6603899e-04 -1.9424348e-04  2.2655151e-04
   248 :  1.0686413e-53  7.5749404e-54 -2.9172665e-53
   249 : -4.1703523e-27  5.9629239e-28  8.1041748e-27
   250 :  1.5618600e-10 -3.1098538e-11 -7.7453529e-11
   251 : -1.3465270e-19  3.6307806e-19 -4.4763558e-20
   252 : -5.6637536e-39  1.0778321e-38 -1.5162422e-39
   253 :  9.5849231e-48 -1.1557733e-47  1.4038140e-47
   254 : -1.0139505e-03  2.3237324e-04  3.8581129e-04
   255 : -3.6279237e-21  3.6495195e-22  1.0368705e-21
   256 :  6.1767512e-12  5.2566046e-11 -2.6626806e-11
   257 :  7.1921036e-07 -6.6470249e-07  1.1711896e-06
   258 : -1.6164346e-22 -4.4201166e-22  1.0186756e-21
   259 :  1.0005752e-31  4.7524925e-31 -1.0913030e-30
   260 :  4.6000463e-11  1.4905364e-10 -2.3744288e-10
   261 : -3.2955153e-22 -6.6006348e-22  2.2668522e-21
   262 :  1.0018658e-35 -2.2299660e-35  1.0523558e-35
   263 : -1.3822393e-40  1.4877409e-40  1.3529489e-40
   264 : -3.9775709e-21 -3.8214944e-21  1.1950578e-20
   265 :  8.3835477e-10 -5.4123449e-10  5.0376848e-10
   266 :  3.8260067e-27  1.0858338e-26 -7.0447688e-27
   267 :  2.2376886e-25 -1.3549426e-25 -4.0451706e-26
   268 :  2.6249641e-41 -8.5137971e-41  1.4596951e-40
   269 :  9.4082246e-05 -2.1325690e-05 -4.9059180e-05
   270 : -2.8594015e-24  2.1305544e-23 -1.4227405e-23
   271 : -2.7684427e-09 -3.9843894e-10  4.0355560e-09
   272 : -5.3809488e-24  5.3836784e-24 -5.9092409e-24
   273 : -4.6967279e-40 -4.4477305e-40  1.3991322e-39
   274 : -1.0929596e-11 -3.8286613e-11  7.8584677e-11
   275 : -2.2255230e-33 -6.9935372e-33  1.1826785e-32
   276 :  1.4836825e-07 -3.5448128e-08  1.2113342e-08
   277 :  8.1322861e-36 -1.0811471e-35 -5.8809568e-36
   278 :  9.0322353e-12  5.1599918e-13 -2.1244251e-11
   279 :  1.9909090e-19 -4.1828502e-20 -7.6973094e-20
   280 :  1.0319420e-02  2.6848120e-01  6.9715985e-02
   281 : -1.0965663e-19  1.5924672e-19  7.3039637e-20
   282 : -4.6394626e-28  1.9426017e-27 -3.6027207e-27
   283 :  4.7469449e-33 -2.2978339e-32  1.3377692e-32
   284 :  8.4842455e-36 -1.2945521e-34 -8.7396651e-35
   285 : -5.3768655e-03 -9.2062020e-04  3.3411474e-03
   286 : -8.6204264e-12  1.3377885e-11  7.0900665e-12
   287 :  6.5350154e-15 -2.5267944e-16 -2.8644024e-15
   288 :  1.9060782e-01  1.1662084e-01  1.9304441e-01
   289 : -6.0865394e-16 -3.4030090e-16  1.3606659e-15
   290 : -1.2473047e-02 -5.0396527e-03 -2.8587181e-03
   291 : -8.2709060e-20  1.0929687e-19 -1.2335552e-20
   292 :  1.6777911e-05 -5.3384707e-06 -2.5803879e-05
   293 : -1.6148091e-31  7.6118811e-32  2.5161861e-31
   294 :  1.0913163e-13  6.2954181e-13 -1.4339023e-12
   295 :  4.8519859e-45 -1.7741464e-45 -1.4915338e-45
   296 :  1.4299978e-08 -1.2331522e-07  1.0212567e-07
   297 : -3.1740244e-17  7.5735446e-17 -6.4074713e-18
   298 :  1.9990140e-18  3.6840948e-18 -3.1590531e-18
   299 : -5.3949857e-49 -3.1983731e-49  1.3585648e-48
   300 : -4.4555111e-08 -2.2282765e-08  2.4057704e-08
   301 : -1.0156979e-20 -3.8849820e-21  6.5312897e-21
   302 :  9.7464428e-12 -3.2894813e-11  1.0240156e-11
   303 :  5.9400551e-14 -5.4228523e-14 -2.2199484e-15
   304 :  1.3580622e-13 -3.1414191e-13  4.3105784e-13
   305 :  4.4688454e-22 -7.7123748e-23 -1.7157876e-22
   306 :  4.3917146e-06  3.1913434e-06 -1.7138758e-06
   307 :  3.8636956e-13 -1.4491673e-13 -1.6854037e-13
   308 : -2.4203989e-19  7.2608960e-19 -1.3655300e-18
   309 :  1.2964210e-48  1.1931415e-47 -6.5681438e-48
   310 :  1.2099339e-15 -3.6986396e-16 -2.2433755e-15
   311 :  8.2389156e-12  1.3255554e-12 -1.9519415e-11
   312 :  1.9950641e-43  1.8548073e-43 -5.6295394e-43
   313 :  6.1259440e-32 -2.0421030e-31  5.9477743e-32
   314 :  7.1020727e-50 -3.9606261e-47  7.9448025e-47
   315 : -1.9836778e-37 -9.4225003e-37  5.5673756e-37
   316 : -1.9915626e-05 -1.2016802e-05  1.0376817e-05
   317 :  3.4939390e-49 -1.9731586e-48  1.2349553e-48
   318 : -4.5493603e-09 -2.0363500e-08  7.8791772e-09
   319 :  2.7433538e-09  5.5746035e-09 -1.1362303e-08
   320 :  9.7904870e-01  3.5055352e-01  1.6114708e-01
   321 :  1.0918689e-05 -1.1395004e-05 -2.0321612e-05
   322 :  4.8205172e-47 -1.2306214e-46  2.6283393e-47
   323 :  7.6145057e-53 -1.0295753e-52  1.2994836e-53
   324 : -7.4268843e-36  4.2225756e-35 -1.6510285e-35
   325 :  6.2026868e-31  2.4070524e-31 -1.1166581e-30
   326 : -4.5089055e-04  8.2177220e-04  4.7539710e-04
   327 :  6.8027877e-01  6.5677601e-01  7.2598891e-01
   328 :  1.0152788e-10  4.5450042e-11 -8.3613519e-11
   329 :  4.3433191e-34 -5.7064666e-34  6.9451732e-35
   330 : -3.9717292e-51  1.3750257e-51  6.5693226e-51
   331 : -2.9601227e-23  3.7061387e-23  2.4694701e-23
   332 : -3.0325054e-13 -2.8901503e-13  2.8421599e-13
   333 : -3.0725468e-31  2.9408871e-31 -3.0722823e-31
   334 :  3.8935091e-09 -3.9525647e-08  2.8298876e-08
   335 : -1.5846088e-12  3.0527901e-12  3.6262656e-13
   336 :  1.5722684e-11 -1.6968230e-11 -1.6461590e-11
   337 : -4.3812687e-47 -8.0651820e-46  9.2369701e-46
   338 :  1.1333365e-10 -2.1500638e-10  4.9731627e-11
   339 : -1.0039319e-33  1.3448354e-33  7.4388666e-34
   340 : -9.2841586e-10  1.7913983e-09  2.5935894e-09
   341 :  3.2583330e-44 -2.9316753e-44 -1.5805544e-45
   342 : -1.1290680e-37  7.5801316e-38  1.5500831e-37
   343 : -2.9395811e-19  1.6297335e-19  6.3211561e-20
   344 : -2.9949909e-08 -2.4344953e-08  9.1043501e-09
   345 : -8.5073790e-03  2.5395479e-03  1.3706457e-03
   346 : -1.9373248e-37 -3.8204947e-37  2.8003322e-37
   347 : -2.7301093e-09  1.2329218e-09 -6.3065254e-10
   348 :  2.4513255e-19 -7.4280871e-19  2.4701524e-19
   349 :  5.6665514e-21 -4.0706730e-21  2.8445219e-21
   350 :  9.4654317e-09  1.1909354e-08 -4.0447735e-08
   351 : -6.0969459e-30  1.0707203e-29 -2.2966223e-30
   352 : -6.4823219e-08  7.8549167e-09  4.6590683e-08
   353 :  4.7529944e-13 -2.9786472e-13 -9.3428535e-14
   354 :  2.9882607e-01  3.1804078e-01  3.5969687e-01
   355 :  2.2976386e-01  1.3957738e-01  9.4973187e-02
   356 :  4.1095109e-46  7.9942866e-46 -1.6783195e-45
   357 :  3.7746895e-08  7.1850425e-08 -2.0199690e-07
   358 : -3.6404143e-22  4.5986590e-22  3.0225507e-22
   359 :  1.3761087e-53 -4.6254510e-53  1.6232180e-53
   360 : -4.1475998e-09  3.8122722e-11  4.4689533e-09
   361 :  1.5886445e-28  8.5744522e-28 -4.9004174e-28
   362 :  3.1551920e-20 -8.6843569e-20  1.5929430e-19
   363 : -8.5948670e-25 -1.5442271e-25  1.1788140e-24
   364 : -3.9664550e-26  3.5572264e-26  1.7016307e-27
   365 :  1.4700011e-20 -1.1087085e-20 -1.4851058e-20
   366 :  1.9302984e-41 -2.6345551e-40  2.2220332e-40
   367 :  3.2927618e-16 -2.4359840e-16  3.8489534e-16
   368 :  2.2709236e-11  3.9294785e-10 -3.5681669e-10
   369 :  6.8767463e-22 -1.2292942e-20  1.4605819e-20
   370 : -1.3597282e-26  1.2144359e-25 -9.5714058e-26
   371 : -2.4839596e-42  2.4539064e-42 -2.4839770e-42
   372 :  4.5781445e-20 -5.4652988e-20 -3.7779257e-20
   373 :  3.1776966e-13  2.3366367e-13 -8.8039930e-13
   374 : -4.1975875e-03  1.1097188e-03  1.1374873e-03
   375 : -2.8798965e-30 -3.7056846e-30  3.1509088e-30
   376 :  5.2387486e-47 -7.4688955e-46  6.3649170e-46
   377 : -6.6042336e-18  7.5098679e-18 -4.9849513e-19
   378 :  1.4332607e-25 -4.2304209e-25  1.2033094e-25
   379 : -4.8987788e-50  1.3620899e-49 -3.8829555e-50
   380 : -8.4789581e-06  1.5385843e-06  1.8555817e-06
   381 :  5.6245305e-22 -1.8616081e-22 -1.8001262e-22
   382 :  3.0175654e-31 -3.4962274e-31 -2.6130855e-31
   383 : -2.7582622e-07 -3.2672504e-07  2.1972029e-07
   384 : -9.0404368e-29  2.8430092e-28 -1.0668670e-28
   385 : -7.4176021e-12  1.3507267e-11  2.8119866e-12
   386 : -1.4669249e-05  4.8707550e-06  3.1753064e-06
   387 : -7.2216533e-34 -4.7713236e-34  1.9550485e-33
   388 :  1.8440999e-03 -5.9548091e-03 -1.8751628e-03
   389 : -6.0412384e-28  1.4508593e-27 -1.4295903e-28
   390 :  9.6080057e-11 -1.7230752e-10 -5.0804331e-11
   391 : -1.7007712e-23  1.6835464e-22 -7.4833425e-23
   392 :  2.3492645e-07 -1.1963934e-07  6.7719024e-08
   393 :  1.5842408e-07  1.9624088e-06 -2.1678749e-06
   394 :  2.9150529e-28 -3.8969294e-28 -2.1458962e-28
   395 :  4.3997354e-17 -3.7663838e-18 -3.6062803e-17
   396 : -2.2336352e-51  1.5134449e-49 -3.0361107e-49
   397 :  1.0578468e-07 -7.1138223e-07  1.1818609e-07
   398 :  4.4303168e-14 -1.4410697e-13  4.5146242e-14
   399 : -2.7405376e-07  5.1366431e-06 -2.5105057e-06
   400 : -6.7299213e-15 -1.8824091e-14  4.8852206e-14
   401 :  2.5094996e-12 -3.9694685e-12 -1.8646499e-12
   402 :  5.1368716e-27 -2.5950769e-27 -9.2895774e-29
   403 :  7.6037193e-26 -5.3227133e-25  3.7389751e-25
   404 :  3.4462461e-42 -5.8065644e-42 -3.2232900e-42
   405 :  4.1999956e-18  9.4124089e-17 -8.2722673e-17
   406 : -1.0258703e-08  1.5953016e-09  3.2098012e-09
   407 : -4.4751911e-06  2.0785041e-06 -5.9504359e-07
   408 :  2.4263400e-05 -2.3380618e-05 -9.9746153e-07
   409 :  2.7329048e-15  2.8507260e-15 -2.6210380e-15
   410 : -3.6500400e-02  9.2305453e-03 -6.0115064e-02
   411 : -1.4945758e-15  4.1144165e-15 -9.0861201e-16
   412 : -1.8817662e-12  1.1799994e-12  3.2393842e-12
   413 :  6.4425263e-46  1.5957309e-45 -3.1726978e-45
   414 : -1.1820478e-02  5.6681819e-03 -1.2300687e-02
   415 :  2.7780126e-15 -1.2412094e-14  6.5639303e-15
   416 :  1.6399103e-33 -7.0801619e-33  1.2970431e-32
   417 : -1.3399241e-09  1.1491286e-08 -2.8131151e-08
   418 :  3.9595631e-06  2.2065417e-07 -1.7847411e-05
   419 : -2.4988789e-42  1.1161130e-41 -4.1860089e-42
   420 : -7.8004008e-39 -3.7837548e-39  1.9527918e-38
   421 : -2.1070719e-35  1.0181038e-34 -5.7032912e-35
   422 : -2.5507987e-20  1.2981882e-20  3.9999461e-21
   423 : -1.6383502e-16  5.8785372e-16 -1.7499815e-16
   424 :  1.0599604e-28 -2.8225790e-28  8.6314127e-29
   425 :  3.8498700e-35 -1.9887899e-34  7.7258307e-35
   426 : -5.6916190e-24  1.7848751e-24  1.8695791e-24
   427 :  1.4816598e-27 -2.4101482e-27  1.3829694e-27
   428 : -4.8541755e-27  9.5490724e-27  5.4878813e-28
   429 :  5.8234860e-13  2.5836071e-13 -3.5067299e-13
   430 :  9.6274420e-12 -1.3013711e-11 -8.5514675e-12
   431 :  6.2762388e-17 -1.2136423e-16 -1.4894555e-17
   432 :  7.3238014e-20 -1.1437221e-19  1.6853098e-19
   433 : -1.6879690e-45  1.2173093e-44 -8.8356580e-45
   434 :  2.0690997e-04 -4.2423195e-05 -6.6312067e-05
   435 :  3.3866183e-15 -1.8215946e-15  3.9694024e-16
   436 : -7.4632483e-30 -1.2628183e-29  3.2864150e-29
   437 :  3.0965417e-09 -4.0596534e-09  5.6182218e-09
   438 :  5.3008179e-10 -4.6971781e-10  6.7444389e-10
   439 : -1.9041370e-07  2.1407020e-07 -2.3443506e-07
   440 : -3.8287656e-36  2.4272311e-36  3.2060339e-36
   441 : -2.0625149e-49 -1.1635871e-49  4.1887934e-49
   442 :  8.1359845e-09 -5.4194556e-10 -3.5763189e-09
   443 : -2.9330673e-19  4.8670941e-19  1.2839689e-19
   444 : -9.3538316e-10  2.5570731e-10  1.2805929e-10
   445 :  1.7904751e-23 -3.7783813e-24 -1.6347150e-23
   446 : -6.2736288e-03 -6.3256862e-03  3.9287988e-03
   447 : -4.2196116e-24 -3.2282969e-24  1.2708182e-23
   448 : -1.5954240e-14 -4.5842037e-14  2.4536933e-14
   449 :  1.4676534e-44 -5.2967868e-44  2.3410298e-44
   450 : -1.7719221e-47  2.6274361e-47  9.5159208e-48
   451 :  6.7109231e-04  7.6201896e-04 -4.9367433e-05
   452 :  2.1731671e-01  1.6984847e-01  1.3965362e-01
   453 : -3.0904402e-03  5.6109981e-04  1.3739665e-03
   454 :  1.4779392e-01 -4.0770502e-02  2.7818140e-01
   455 : -6.7676618e-28 -2.6594458e-27 -1.2796143e-26
   456 :  5.3264944e-14 -1.9432634e-14 -1.0935840e-14
   457 :  6.7984064e-50  1.7634602e-49 -2.9065745e-49
   458 :  9.9064574e-24  5.9258154e-23 -9.0070023e-23
   459 :  9.3167620e-16 -6.5884745e-16 -1.6197230e-15
   460 :  1.2554699e-13 -2.9203027e-13 -9.0369692e-15
   461 : -1.6725921e-24  8.6789971e-25  2.6029107e-24
   462 : -3.4155665e-20  1.0292988e-19 -3.2821076e-20
   463 : -4.8963302e-35 -4.5757631e-35  1.2690722e-34
   464 :  1.5414918e-09  4.6254996e-09 -2.5927558e-09
   465 :  4.8456446e-14 -1.5111139e-14 -1.7015809e-14
   466 : -1.0849627e-06  4.2404001e-07  2.6763222e-07
   467 :  2.1383563e-37 -1.0447339e-37  2.5426232e-39
   468 : -1.6343423e-32  1.5294535e-32  6.1531482e-34
   469 : -2.8353079e-49  1.7843978e-49  2.9982019e-49
   470 :  1.0419087e-46 -1.1675386e-46  5.8158480e-48
   471 : -4.4211672e-29  1.3994935e-29  1.9007424e-29
   472 :  2.0270334e-34 -3.6443824e-34 -5.5704724e-35
   473 :  5.9823021e-12  1.8208153e-11 -3.1963716e-11
   474 : -1.3555770e-40 -2.0513896e-41  2.9720672e-40
   475 : -2.8162054e-29 -1.3933767e-28  3.2800828e-28
   476 : -1.4909792e-27 -2.3694920e-28  8.2584384e-28
   477 :  2.6384016e-53 -1.6717455e-52  3.1710969e-52
   478 :  2.7674904e-15  7.7018175e-15 -1.4821601e-14
   479 : -1.0816609e-51  2.1216910e-51  4.7649368e-53
   480 : -9.8459557e-05 -3.5415395e-05  2.7126739e-04
   481 : -6.1651104e-27  1.8770388e-26 -3.9881470e-26
   482 : -1.1861285e-39  3.8842060e-39 -1.3367830e-39
   483 :  2.2848875e-07  1.9163669e-06  2.2215041e-06
   484 : -4.6621852e-16 -2.5799381e-15  1.2670596e-15
   485 : -1.4546239e-14  1.1731140e-14  1.8480825e-14
   486 :  2.1245700e-01 -1.4240443e-02  1.4750364e-01
   487 :  5.0941936e-13  2.3314876e-13 -8.0954171e-13
   488 :  5.6273906e-06 -4.0465239e-05 -1.1159341e-05
   489 : -6.6946961e-42 -2.4589934e-42  1.6020617e-41
   490 : -3.6417099e-37 -3.0203408e-36  1.6734245e-36
   491 : -3.4387092e-38  1.8795186e-38  7.5847892e-39
   492 : -6.3774032e-12  1.7804440e-11 -3.2465152e-11
   493 : -2.9059267e-08  7.6753365e-08 -4.3616356e-08
   494 :  2.0283749e-06  1.8903623e-06 -3.4173532e-06
   495 :  6.7209647e-19  3.4790125e-18 -3.5588611e-18
   496 : -1.2094642e-32  6.6023197e-33  1.7769532e-32
   497 :  2.2211772e-48  1.8090877e-47 -9.9319704e-48
   498 :  2.6755316e-45  1.9226613e-44 -4.2295785e-44
   499 : -3.4346088e-05  2.6127118e-05 -6.6502445e-05
   500 : -1.2566235e-48  5.2730451e-49  2.0359275e-48
   501 :  4.5582479e-54 -1.3974837e-52  1.0596670e-52
   502 : -2.1659619e-11 -1.1429542e-09  6.3685787e-10
   503 : -1.1368960e-10  1.3498104e-09 -4.7334674e-10
   504 : -3.3101633e-16  2.3882668e-15 -1.0278705e-15
   505 :  1.7999578e-04 -8.3652460e-05 -2.2782229e-05
   506 : -6.9543074e-35  2.6014779e-34 -1.1858139e-34
   507 : -1.7202218e-33  1.8768967e-32 -2.4400027e-32
   508 :  5.5357545e-32 -7.9326880e-32  1.1539993e-32
   509 :  1.0229406e-12  2.3607516e-13 -1.5228919e-12
   510 : -3.0405039e-32  2.9682378e-32  7.4588575e-32
   511 :  2.9025215e-24 -1.0938456e-24 -1.1983355e-24
   512 : -2.5299362e-25 -3.8053343e-24  1.9471052e-24
   513 : -2.0418081e-18 -1.3102423e-18  5.5047460e-18
   514 :  2.0490609e-16 -1.3979857e-15  4.7813482e-16
   515 : -1.5894617e-07 -1.6604815e-08  2.3316045e-07
   516 :  2.9411754e-33  7.5815523e-33 -5.2021187e-33
   517 : -3.0134702e-07  1.0466918e-07 -5.9648798e-08
   518 : -3.6890942e-16  2.1468326e-17  3.1659798e-16
   519 : -6.2495641e-24  5.0789881e-24  7.8476218e-24
   520 : -1.9372642e-20  2.1387318e-19  9.1024954e-19
   521 :  5.8660122e-09 -4.2810515e-09  1.6353336e-09
   522 :  3.0623537e-01  3.1477887e-01  4.8415494e-02
   523 : -3.3576335e-06 -6.8642502e-07  1.7151096e-06
   524 : -3.6111626e-18  8.5668535e-19  1.2479364e-18
   525 : -1.2683974e-15  1.6023063e-15 -2.5057981e-15
   526 :  3.2124068e-26  1.5659442e-25 -1.8696486e-25
   527 : -1.5366224e-40  5.6909405e-40 -4.7546977e-40
   528 : -1.8389897e-02  4.1725226e-02 -2.9706840e-03
   529 :  8.9161519e-13 -6.2491894e-12  3.8167833e-12
   530 :  4.6913920e-06 -1.0336055e-05  2.0151108e-06
   531 : -5.5669482e-11  3.7351693e-12  2.1059880e-11
   532 : -5.8373554e-25  4.5005206e-24 -3.2669023e-24
   533 :  6.2356252e-54 -8.0052724e-54  9.9173497e-54
   534 : -2.4426428e-54 -6.7366596e-54  1.5523924e-53
   535 : -2.3611169e-39 -6.6995228e-39  1.0674333e-38
   536 : -7.0128592e-07  1.9264684e-07  2.0172779e-07
   537 : -1.1860464e-10 -1.4996868e-10  8.7181415e-11
   538 :  1.8587237e-14 -3.5020223e-14  6.0294443e-14
   539 :  5.0547238e-40 -1.5006296e-39  3.7950242e-40
   540 :  2.4424180e-35  2.8880362e-35 -6.5430602e-35
   541 : -1.2918863e-33  6.2748536e-33 -4.5581900e-33
   542 : -2.0580881e-18 -1.3043217e-18  1.3704227e-18
   543 :  5.4680340e-42  5.0492661e-42 -5.2315880e-42
   544 :  3.5340635e-17 -6.5307705e-17 -1.2845132e-17
   545 :  3.5139951e-30  9.4183380e-31 -8.1657219e-30
   546 : -6.8485550e-06 -5.9931384e-06 -6.1830624e-06
   547 : -5.7894930e-39  1.0827513e-38  8.0726204e-40
   548 :  6.2209290e-09  9.5754125e-10 -1.4722180e-08
   549 : -1.1571171e-32 -2.5518902e-32  6.5376886e-32
   550 :  1.1137607e-12 -3.2643426e-12  7.4877312e-13
   551 : -1.2513363e-07 -1.9397383e-07  6.7718588e-07
   552 : -1.9419832e-09  8.2987772e-09 -1.9363598e-09
   553 :  2.0575828e-10 -4.9114114e-11 -8.2304307e-11
   554 :  1.7900825e-31 -6.6496908e-31  2.3779279e-31
   555 : -1.8121296e-18  2.7756868e-18  1.2474639e-18
   556 :  1.4627109e-33  1.5714357e-33 -1.4706843e-33
   557 :  2.2781141e-01  1.7179742e-01  2.4541560e-01
   558 :  2.7048102e-12 -6.8014335e-12 -1.5603244e-13
   559 : -2.2091750e-08 -2.4454866e-08  4.1592219e-08
   560 : -7.6362504e-12  1.7482310e-12  2.6460304e-12
   561 : -7.2773085e-03 -1.1104473e-03  6.4441715e-04
   562 :  8.6831439e-26 -3.7846259e-26 -2.3463199e-26
   563 :  4.8725965e-47 -2.0255930e-47 -7.3742940e-48
   564 :  1.2732751e-06 -4.7010773e-07  8.0362820e-07
   565 : -4.0195520e-05  1.4995293e-05 -1.7436992e-05
   566 :  5.1353331e-36 -2.5202078e-35  2.7467025e-35
   567 :  1.5749115e-19 -1.0754314e-18  7.2651307e-19
   568 : -1.0985696e-08 -4.0345598e-08  1.4506450e-07
   569 :  2.8086019e-07 -2.1470608e-07 -6.7280093e-08
   570 :  1.4507822e-30 -2.5014489e-30 -5.4532166e-31
   571 : -1.1487252e-19  7.0716209e-20  2.1653415e-20
   572 :  3.6230677e-52 -5.8584709e-51  2.7328688e-51
   573 : -1.0677262e-13  6.3762466e-14  1.8813522e-13
   574 : -2.4166316e-12  5.4524593e-12 -9.7718839e-12
   575 : -5.3771874e-02  2.4302759e-01  3.2515518e-01
   576 : -3.2093708e-16 -1.7981345e-15  2.6194668e-15
   577 :  2.0304924e-01  1.9840607e-01  1.6551477e-01
   578 :  1.5126694e-56 -6.9225959e-56  2.1772889e-56
   579 :  2.5138125e-04  2.5584893e-04 -1.9246505e-04
   580 :  5.3234006e-02  1.2579508e-02 -1.8413599e-02
   581 :  3.9372766e-31  6.1418118e-31 -1.4501564e-30
   582 :  1.2095844e-51 -5.5467404e-51  2.1361271e-51
   583 :  2.4987461e-29 -9.0779753e-29  3.8850857e-29
   584 :  3.5110087e-43 -7.7334025e-43  6.9208026e-44
   585 :  1.3081467e-07 -2.3880268e-07  5.8842412e-08
   586 :  8.5377378e-38  3.9810456e-37 -5.8545117e-37
   587 : -2.7810094e-26 -9.2138553e-27  6.4049023e-26
   588 :  3.8250667e-35 -4.2094432e-35  1.8009355e-36
   589 :  4.0515211e-08 -1.5609948e-08 -7.6951265e-08
   590 : -5.7281736e-09 -7.7952875e-09  1.8750534e-08
   591 : -1.5094523e-47  2.4374792e-47  5.9135388e-48
   592 :  9.8222701e-32 -6.4322728e-32  3.2129829e-32
   593 :  8.3472190e-24 -1.5892846e-24 -4.8629006e-24
   594 :  4.9740842e-27 -1.9986702e-27 -1.4336939e-27
   595 :  1.2788600e-13 -7.8935980e-15 -1.0397806e-13
   596 :  6.7807155e-16 -2.3114231e-15  5.8392704e-16
   597 : -2.7650040e-21 -1.0119871e-21  4.5265014e-21
   598 : -6.5084231e-26 -4.8985991e-25  2.7379478e-25
   599 :  1.0355888e-03 -3.7050015e-04  7.5844417e-04
   600 : -3.6674256e-17 -4.4392906e-18  8.0865031e-17
   601 : -1.4496123e-03  3.2352433e-04  1.1292308e-03
   602 : -1.2715316e-37 -9.2768322e-37  5.1221507e-37
   603 : -5.5640324e-42 -1.7125891e-41  1.7081697e-41
   604 :  2.4835150e-30  8.3093383e-31 -4.1537911e-30
   605 : -5.5862214e-23  1.0071000e-22  1.6238719e-23
   606 :  1.3201893e-01  3.8645655e-02  3.0614726e-01
   607 :  2.8670622e-17 -2.1078071e-17 -4.0924186e-17
   608 :  7.6212122e-34  4.0672471e-33 -2.3201837e-33
   609 :  2.6602829e-29  3.9158886e-29 -4.4955808e-29
   610 : -2.0757222e-41 -4.3940259e-41  1.0933958e-40
   611 : -9.5546719e-05  5.6873883e-05  9.6776784e-05
   612 :  3.5858034e-17 -1.4262234e-16  7.1343804e-17
   613 :  3.8244777e-22  1.7787049e-22 -9.6843952e-22
   614 : -5.3694684e-09  8.4443548e-09  3.2830249e-09
   615 : -1.3707183e-21 -6.7214800e-20  6.9679095e-20
   616 :  6.0401720e-44 -5.7707307e-44 -6.4050881e-44
   617 : -3.3549279e-22  1.6952648e-22  7.7834188e-23
   618 : -6.6093277e-27  1.4372082e-27  2.5455716e-27
   619 :  2.2777241e-35 -3.2958076e-34  2.8464963e-34
   620 : -1.0344867e-23  1.3250507e-23 -1.7485895e-23
   621 : -5.4392447e-18 -1.4794226e-17  2.5967428e-17
   622 :  1.2712158e-05 -2.7299076e-05 -1.4525214e-05
   623 :  1.3992757e-10 -1.6691920e-11 -8.5442332e-11
   624 :  4.9283998e-20  9.1111274e-20 -5.9251523e-20
   625 : -4.9108978e-20  7.7776040e-20 -1.4449954e-20
   626 : -2.7095316e-56  1.0555229e-55 -3.9794149e-56
   627 :  1.4628598e-36 -2.9001916e-36 -3.3703482e-38
   628 :  5.4589267e-27 -1.0834546e-26  2.6511967e-27
   629 : -8.6749381e-11  2.6783476e-10 -6.1771323e-11
   630 :  2.4125441e-07 -8.7335227e-08 -2.0587978e-07
   631 :  2.6663787e-23 -1.1675577e-22  3.5711352e-23
   632 : -4.0706719e-42  8.9323825e-42 -7.3828364e-43
   633 :  6.9681930e-11 -4.5658535e-11 -4.9935445e-12
   634 : -1.2067441e-15 -2.1487619e-15  6.6738772e-15
   635 : -2.8948478e-09  6.2677461e-10  6.1103142e-10
   636 : -1.8562696e-09  3.6423461e-09  4.5630601e-10
   637 :  1.0251561e-06 -7.2527675e-07  1.1110845e-06
   638 : -7.1366357e-07 -3.1303759e-05  6.8805762e-06
   639 :  2.5495803e-08  2.3180789e-08 -1.8462960e-08
   640 :  2.1777488e-01 -2.6265069e-02  3.1813934e-01
   641 :  1.2318177e-34  3.0713166e-34 -5.5562037e-34
   642 :  5.8178311e-12 -4.6859790e-12 -7.5698393e-12
   643 : -8.3223222e-11 -7.0025995e-10  1.8192749e-09
   644 : -2.8253732e-10 -3.0552161e-10  6.9495845e-10
   645 : -7.7621332e-17  8.8047656e-16 -5.4429565e-16
   646 :  1.7690014e-18  3.1145576e-18 -7.0189196e-18
   647 :  1.7786371e-03  4.1166022e-04 -4.6761762e-03
   648 :  4.8916976e-18 -2.5257316e-18 -1.8001227e-18
   649 : -2.1385854e-08  1.0476512e-07 -7.9040606e-09
   650 :  1.7668364e-19  2.1279750e-19 -6.1648207e-19
   651 : -1.0243297e-05 -5.8781986e-05  9.5547672e-05
   652 :  2.5176342e-17  4.2191252e-17 -2.6157967e-17
   653 : -3.8881342e-06  6.5358662e-07  1.2753422e-05
   654 :  8.0837369e-29  5.9117718e-31 -7.4178805e-29
   655 :  3.3367141e-18  9.0037325e-19 -5.5143992e-18
   656 :  6.1259734e-04  7.0475246e-04 -4.6023682e-04
   657 :  5.1463540e-08 -1.0520731e-07 -9.5807668e-09
   658 :  1.2522075e-17  2.1779323e-17 -6.2207132e-17
   659 :  3.3847890e-13 -1.9079885e-13 -6.4862097e-14
   660 :  2.6321983e-06  6.4229695e-06 -1.7516672e-05
   661 : -3.9396989e-02 -5.4515845e-03  1.1680918e-01
   662 :  3.1092077e-28  5.0379390e-30 -4.4471568e-28
   663 :  8.2282480e-08 -1.7775496e-07  4.5939569e-07
   664 : -1.7748577e-06  6.4072388e-06 -1.0100492e-05
   665 :  1.4231438e-05 -4.0046339e-06 -2.0109612e-06
   666 :  1.8988277e-44 -1.3845082e-44 -2.4540485e-44
   667 :  3.4107944e-31 -4.7833334e-31  7.3568004e-31
   668 : -2.7829951e-10 -4.6521391e-10  1.5778523e-09
   669 :  2.7439464e-54 -5.2556836e-54  5.2301039e-56
   670 :  3.6051520e-08  1.9354889e-07 -9.1785136e-08
   671 : -1.4983115e-02 -3.1188942e-02  1.2484004e-01
   672 :  2.2755494e-07 -1.3317948e-07  5.2992144e-07
   673 : -5.6212814e-25 -8.5794544e-26  1.1412464e-24
   674 :  1.0880267e-20 -1.5396769e-20 -7.1125918e-21
   675 :  1.8984445e-22 -1.1285864e-22  4.7330263e-23
   676 : -1.6819001e-15  4.7946319e-15 -1.0366394e-15
   677 : -9.9737291e-17  1.1095937e-16 -1.4614181e-16
   678 :  2.5696083e-09 -1.0793427e-09 -1.3103611e-08
   679 : -5.7092501e-14  1.1752137e-13  8.7844360e-15
   680 :  2.2050691e-12 -1.0560372e-12 -4.0676636e-12
   681 : -2.0753146e-31  2.1927641e-31 -2.5297445e-31
   682 : -2.7291084e-32  9.8614306e-33  4.7995852e-34
   683 :  5.5924403e-29 -2.0163887e-29 -9.8274491e-29
   684 : -2.9572465e-37 -8.8995606e-38  2.0996231e-37
   685 : -2.1019781e-14  4.9876514e-14 -5.6222770e-16
   686 : -2.9189401e-21  9.1181308e-22  8.9920892e-22
   687 : -2.2276616e-36  1.9317239e-36 -1.7910174e-36
   688 : -6.9291477e-23  1.0504877e-22  3.5384045e-23
   689 :  2.9900396e-04  5.1725451e-05 -1.3555734e-04
   690 : -9.7826088e-16 -8.6036499e-16  8.0751106e-16
   691 :  4.4621355e-15 -3.2635936e-15  4.3329544e-15
   692 : -5.4639417e-17  2.1439170e-16 -2.5293882e-16
   693 : -1.3008510e-54  1.8812814e-54  7.7383625e-55
   694 :  2.0620759e-36 -1.9500350e-36 -2.3151119e-36
   695 :  3.1749795e-06 -1.0721328e-05 -3.4604128e-06
   696 : -1.3079359e-09 -6.5086156e-10  3.8473219e-09
   697 :  4.2564373e-17  6.3581241e-17 -1.5799794e-16
   698 :  3.7906152e-07 -2.8415207e-05  7.9821237e-06
   699 :  1.5725860e-26 -1.1205376e-25  1.9759796e-25
   700 :  1.6221192e-45  4.0678780e-45 -9.8165401e-45
   701 : -4.9273572e-43  2.8503197e-42 -1.1739280e-42
   702 :  4.3277592e-31 -1.1375248e-30  2.5670218e-31
   703 :  1.8886204e-01  1.1234250e-01  2.0135942e-01
   704 :  3.1991327e-18 -4.4259048e-18  6.1565261e-18
   705 :  2.8534359e-36  2.1884900e-34 -1.0645614e-34
   706 : -1.4140886e-02  5.5799585e-03 -9.7591510e-03
   707 :  1.3873811e-09  2.1858345e-09 -1.5393412e-09
   708 : -1.7722406e-11 -8.2067399e-12  1.0234074e-11
   709 : -3.0190860e-21  6.0025905e-21 -9.5501773e-21
   710 : -2.3974720e-25 -5.6287048e-26  3.8894094e-25
   711 :  2.9313636e-19 -1.4549305e-19  4.6711489e-20
   712 : -4.5508409e-09 -2.1423856e-09  2.0705553e-09
   713 :  1.9114391e-18  1.8680478e-17 -3.4142817e-17
   714 :  1.6060653e-01  1.7803333e-01  2.3860677e-01
   715 :  5.2739609e-15 -1.9849662e-15 -8.5178728e-16
   716 :  3.0889714e-38  8.9003036e-38 -2.1183638e-37
   717 : -2.1789943e-11  1.1654736e-10 -6.1069249e-11
   718 :  7.3684112e-19 -1.3137583e-18  2.0282447e-18
   719 :  4.3310448e-10  4.7361194e-10 -3.6071080e-10
   720 : -3.0072127e-02 -1.7894746e-03  1.1359828e-01
   721 : -7.6891323e-07  1.0486407e-06 -2.5800429e-06
   722 : -1.2170011e-33 -2.2688781e-34  6.6631627e-34
   723 :  1.9490501e-32 -2.2989216e-32 -4.4092982e-33
   724 :  6.2888047e-33 -6.1739099e-32  2.9641595e-32
   725 :  3.5544407e-08 -2.0946454e-08 -9.1622699e-08
   726 : -7.1591413e-23  1.4740143e-23  2.7204031e-23
   727 : -2.6115695e-08  3.2387529e-08 -7.9211891e-08
   728 : -7.8474475e-11  8.8858789e-11  1.2883467e-10
   729 :  3.5926392e-15 -8.3900972e-15  4.6392503e-16
   730 : -5.0351858e-17  4.8083036e-17 -6.4191627e-17
   731 : -9.9681527e-32 -1.1425089e-31  1.0605815e-31
   732 :  1.6480137e-28 -4.2738247e-29 -1.5097711e-29
   733 : -5.5659457e-17  1.1711275e-17  1.7633736e-17
   734 : -3.6695878e-04  5.3520739e-04  1.1338905e-04
   735 : -3.6854146e-18 -1.1006278e-16  5.0068319e-17
   736 : -1.9820519e-04  1.5250454e-04 -5.2415804e-05
   737 :  1.6975290e-22  1.9911629e-22 -6.0262732e-22
   738 :  2.1658223e-09 -6.4330458e-10  1.0586302e-09
   739 :  9.2898800e-02  1.5136406e-01 -9.5566816e-03
   740 : -2.9399780e-15  9.3618273e-15 -2.8481316e-15
   741 :  9.3875630e-07 -2.2509556e-06  7.3594701e-07
   742 :  2.4624152e-18  5.2406627e-18 -1.0635307e-17
   743 :  2.8523245e-16 -6.9776222e-16  1.5562777e-15
   744 :  5.6216863e-03  1.8199019e-01  4.2546752e-02
   745 : -7.2678833e-34  4.1689632e-34  1.1496699e-33
   746 :  2.8739220e-28 -1.3093644e-27  6.7818730e-28
   747 : -4.0826999e-23  2.5003894e-21 -5.3961205e-21
   748 : -3.1290461e-16 -4.8384183e-16  1.4767048e-15
   749 : -3.3979194e-10  8.1032094e-10  8.4899261e-11
   750 :  6.2037654e-36 -1.3917881e-35  1.7937154e-36
   751 :  2.6428151e-01  3.2081086e-02 -5.7725063e-02
   752 :  5.2616907e-17 -4.8985360e-17 -6.5817854e-17
   753 : -1.1470184e-10  3.8731434e-10 -1.1305594e-10
   754 :  8.0542771e-29  1.0893103e-29 -1.7479037e-28
   755 :  2.3088384e-01  4.6574919e-02  1.9511712e-01
   756 :  4.4585003e-21  1.7123381e-21 -1.1145375e-20
   757 : -1.5252322e-51  4.0340118e-52  5.5313902e-52
   758 :  4.4869875e-04  6.0270456e-04 -3.8486943e-04
   759 : -1.8301278e-16  1.2197673e-16 -9.0658377e-17
   760 : -8.6033489e-25  1.5021415e-24  2.8752057e-25
   761 :  1.7443979e-15 -3.3713680e-15 -6.8266728e-16
   762 :  2.0604791e-04 -1.0584211e-04 -1.4777349e-05
   763 :  1.5542174e-40  1.4632955e-40 -1.4997730e-40
   764 : -2.4977035e-41  2.3510575e-40 -1.0482266e-40
   765 :  2.3144060e-01  2.7176544e-01 -1.8300752e-02
   766 : -1.0994576e-19  2.6394204e-19 -3.9278052e-20
   767 : -1.6785297e-07 -6.0662349e-05  5.0096995e-05
   768 : -2.7266100e-35  1.0363549e-35  5.3402594e-36
   769 :  2.2929148e-01  1.6148572e-01  1.2247782e-01
   770 : -2.1549434e-15  3.1871458e-15 -9.5438927e-15
   771 : -3.9758189e-10  1.7331799e-09 -4.1663307e-10
   772 :  1.2526449e-06 -7.1546683e-07  1.0065923e-06
   773 : -1.3260083e-18  3.2617344e-18 -5.0875121e-19
   774 :  9.1925301e-03 -9.9171756e-02 -3.8105759e-02
   775 :  6.3122997e-04  1.4467446e-03 -3.1221972e-03
   776 :  7.3507570e-18  3.6734875e-17 -4.8675354e-17
   777 :  6.8558918e-16 -8.7079405e-16 -9.9422688e-16
   778 : -9.0024186e-16  2.2455718e-16  2.2532226e-16
   779 : -5.2243579e-30 -2.0858788e-30  3.6155045e-30
   780 : -5.7883429e-06 -1.1791643e-05  1.3428346e-06
   781 :  3.9578976e-35 -2.3724350e-34  4.5489745e-34
   782 :  8.2345194e-52  1.0305753e-51 -2.8796201e-51
   783 : -2.5429591e-16 -1.0170227e-15  1.9224240e-15
   784 : -7.2140811e-18 -1.5644872e-17  1.0989828e-17
   785 : -8.5260477e-35  1.8220174e-34 -9.5519641e-36
   786 : -2.1365238e-02 -2.1143060e-01  7.3350666e-02
   787 :  2.7923683e-01  3.3325446e-01  3.8130984e-01
   788 : -6.3714721e-34  8.4836241e-34 -1.1731748e-33
   789 :  5.7133006e-32 -9.2570776e-33 -4.8681197e-32
   790 : -1.2806554e-13  1.4496466e-12 -1.0419966e-12
   791 :  8.6129688e-11 -9.7800414e-11  8.5603324e-12
   792 :  7.8035202e-07 -3.2302917e-07 -8.5482153e-08
   793 :  3.4124788e-07 -6.6472318e-08 -1.5159344e-07
   794 : -1.1401211e-14  2.4216722e-14  3.1192478e-15
   795 :  4.3763098e-07  2.6647112e-06 -1.1059438e-06
   796 : -2.2128275e-08  2.2613499e-08 -4.3669092e-08
   797 :  2.8493974e-35  3.7073758e-35 -3.4672633e-35
   798 : -1.3077679e-11 -2.5198146e-11  1.6929967e-11
   799 :  1.4573840e-20 -1.0673853e-19  7.1276066e-20
   800 :  1.6078972e-01  2.2478282e-01  1.3217106e-01
   801 :  1.2257424e-32  2.0228978e-33 -2.6034689e-32
   802 :  1.0881931e-16 -2.1370957e-16 -3.4627103e-17
   803 :  6.0272430e-25  8.6045052e-25 -6.9400950e-25
   804 :  2.4865092e-01  2.2965748e-02  1.0753947e-01
   805 :  2.0095534e-16 -6.6463634e-16  1.7172293e-16
   806 :  8.2449523e-31 -4.4871540e-31  1.6002365e-31
   807 :  6.1172099e-35 -8.5190655e-36 -2.5815375e-35
   808 : -4.0982506e-02  1.2896711e-01 -1.2583127e-02
   809 : -1.5122923e-23  1.7414884e-23  1.4546856e-23
   810 :  7.0943452e-34 -4.0682894e-34  1.2571157e-34
   811 :  1.1240735e-52  2.3489897e-53 -1.8206457e-52
   812 : -5.8403587e-20 -1.0080526e-19  2.7989662e-19
   813 :  5.2419308e-17 -1.7749255e-16  6.8092473e-17
   814 : -9.0952749e-48  5.9206957e-49  7.9088672e-48
   815 :  2.7302709e-53 -7.9355964e-53  1.3116440e-53
   816 :  1.3159961e-45 -3.7327595e-46 -4.6967796e-46
   817 : -4.4294690e-47 -4.4428061e-47  1.3324406e-46
   818 : -9.2068336e-51  5.3098641e-50 -3.4400425e-50
   819 : -4.9875734e-17  6.8762677e-17 -8.8578590e-17
   820 :  2.3471408e-49 -6.4006089e-49  1.2826355e-49
   821 : -5.1737337e-08 -3.0786573e-07  1.6970995e-07
   822 : -3.2174839e-13  8.2262265e-13 -1.6671640e-13
   823 : -4.0896757e-26  1.0563939e-25 -2.2891751e-26
   824 :  1.4791626e-26 -1.3562941e-26 -1.6973802e-26
   825 : -2.6544353e-39 -9.0701132e-40  6.2426423e-39
   826 : -1.7400513e-09  1.3093445e-09 -5.2959417e-10
   827 :  2.8066070e-29  1.6868070e-29 -2.2367495e-29
   828 :  1.7995082e-22 -1.9753598e-22 -5.5427392e-23
   829 :  8.2437043e-13  1.5856449e-12 -1.1357726e-12
   830 : -1.3596028e-03 -7.8205057e-03  4.8476223e-03
   831 : -7.7270480e-03  6.4890021e-03 -9.7544670e-03
   832 : -6.9103276e-18 -1.9265397e-18  1.6918010e-17
   833 : -3.7894851e-03 -6.5698070e-03  4.7883121e-03
   834 : -2.5157830e-45  1.9496434e-45 -1.4055618e-45
   835 :  4.5913066e-51 -1.3985561e-50  2.3673837e-50
   836 : -4.2237096e-15  9.7808679e-15 -2.6906750e-15
   837 : -3.4307444e-31 -6.5604059e-31  1.7207390e-30
   838 : -1.4625800e-11  2.0045762e-12  1.5785265e-11
   839 : -3.0639634e-25  3.8577928e-24 -3.1753729e-24
   840 :  3.1091350e-29  2.9701113e-29 -9.1669200e-29
   841 : -7.6468774e-27  5.3203585e-27 -3.0190644e-27
   842 :  2.0853421e-21 -3.2846052e-21  5.2335902e-22
   843 :  2.0205404e-28 -9.5122634e-29 -3.1428348e-28
   844 : -4.1672436e-19 -2.5658623e-18  5.6343858e-18
   845 : -1.4403834e-38  9.1777546e-38 -1.6699914e-37
   846 :  3.7201120e-16 -4.5476748e-15  1.6993766e-15
   847 : -1.0835065e-20  2.0933726e-20 -3.1497873e-20
   848 :  2.6461231e-56 -1.8200262e-55  7.7719446e-56
   849 :  1.3771956e-25 -4.2724575e-25 -9.5701567e-26
   850 : -3.6776443e-24  2.4265963e-22 -4.9941453e-22
   851 : -3.2659409e-25 -1.2246309e-24  1.8956809e-24
   852 : -6.2718621e-42  2.8661031e-41 -1.1524628e-41
   853 :  1.3444436e-09 -7.5061736e-10  4.4863699e-11
   854 :  1.1261733e-56  5.7277342e-56 -1.2952110e-55
   855 : -1.8182407e-08  7.8410629e-09 -3.8821382e-11
   856 : -2.9355352e-11  2.8236295e-11 -4.0589184e-11
   857 : -4.2122319e-08 -3.1367689e-08  1.0060405e-07
   858 : -6.4649597e-13  8.4470949e-13 -7.5236417e-14
   859 :  1.3034730e-41  3.4046684e-41 -6.0924918e-41
   860 :  3.7728677e-15  7.2350479e-14 -3.3781410e-14
   861 :  2.6055218e-14 -2.1332085e-14  2.0764993e-14
   862 :  8.5608483e-16 -1.2213818e-16 -1.3715859e-15
   863 :  2.6993729e-11 -7.0932680e-11 -1.1841501e-11
   864 :  1.0224366e-10 -7.1357389e-10  2.2020146e-09
   865 :  3.7948385e-08 -3.6363959e-07  6.3964879e-07
   866 : -6.3417316e-02  1.1658433e-01  1.6626768e-01
   867 :  5.2143477e-06 -2.5541179e-05 -1.2812780e-05
   868 : -3.5686010e-18 -3.3784947e-17  4.1542558e-17
   869 : -6.8256031e-18 -2.5980340e-18  4.4666821e-18
   870 : -1.8125736e-20 -1.3129043e-19  7.0491587e-20
   871 :  6.4439720e-09  5.8329587e-09 -2.0165314e-08
   872 : -1.4723000e-08  5.4471186e-09  3.3409281e-09
   873 : -1.5315946e-02 -4.7422862e-03  7.6111913e-02
   874 :  1.0569897e-01  6.4271267e-02 -3.9139134e-02
   875 : -4.7283926e-26  1.9044140e-26  9.3519470e-28
   876 :  1.0131457e-25  8.2172990e-25 -1.0252193e-24
   877 :  1.3249897e-48 -1.6777349e-48  2.0346474e-48
   878 :  1.4886060e-45 -3.7958717e-45  9.7952821e-46
   879 :  1.8627918e-29 -1.9942278e-29  2.1528355e-29
   880 :  2.3133048e-27 -5.7066985e-27  1.6720922e-27
   881 : -2.3456662e-47  8.2449201e-48  6.9341440e-48
   882 :  3.1322977e-45 -9.3512749e-46 -5.3433945e-45
   883 : -2.4493544e-29  1.4328789e-29 -4.4867895e-30
   884 : -2.5373072e-28  1.7425882e-27 -7.2258203e-28
   885 :  1.6762197e-13 -4.2974943e-13  5.5920691e-14
   886 :  6.5742204e-15 -9.4474908e-15  1.6432633e-14
   887 : -3.6874150e-14  1.1138523e-13  1.3274122e-13
   888 : -1.1175416e-13 -1.7975418e-12  7.4513261e-13
   889 : -1.6242914e-05  3.4640885e-04 -6.3020399e-05
   890 : -3.1275511e-05  3.1156801e-06 -2.2410974e-05
   891 : -1.1467783e-27  9.5272251e-27 -1.7997065e-26
   892 : -2.8373254e-24  5.4614554e-24  2.7635635e-25
   893 :  4.3609512e-15 -1.2107991e-15 -1.9207325e-15
   894 : -6.7621580e-14  5.6956164e-14  8.5596667e-14
   895 :  2.3170946e-05  3.8043515e-06 -6.2604383e-05
   896 :  5.7195183e-06  4.3304041e-06 -1.4218795e-05
   897 :  2.4831617e-29  2.1441490e-29 -6.8039716e-29
   898 : -2.7271062e-27  4.3146300e-27  1.4166338e-27
   899 :  4.7022253e-06  1.3038917e-06 -7.0567985e-06
   900 : -7.4282674e-07  1.0465620e-06  3.6798999e-07
   901 :  7.2353135e-19  1.2995809e-17 -2.7928383e-17
   902 : -9.9254043e-16  1.9881831e-15  1.9733573e-16
   903 : -1.9445699e-09  3.6207593e-09 -5.7646299e-10
   904 : -1.1701774e-10  1.6463552e-10 -1.9369063e-10
   905 :  9.4501002e-12  2.2634246e-09 -6.9783620e-10
   906 :  5.7799722e-07 -3.0238060e-06  2.5022243e-06
   907 :  6.0924985e-07 -2.4418971e-07 -3.4962680e-08
   908 :  8.4030239e-11 -4.0208236e-11  2.2781768e-12
   909 : -1.2977578e-10 -1.9273739e-09  9.9257097e-10
   910 :  6.2440548e-11 -1.8254286e-11 -1.3553745e-10
   911 : -2.0826304e-11  5.4316467e-12  7.4402405e-12
