Number of elements 912
     0 :  2.0675357e-54  6.8320523e-54 -1.0967400e-53
     1 : -1.4683812e-32  3.3367606e-32 -3.9817698e-33
     2 :  9.9630199e-01  9.8908925e-01  9.8645820e-01
     3 :  1.0047764e-38  1.2784519e-38 -3.2906234e-38
     4 :  1.0469824e-02 -1.2386185e-03 -6.2094097e-03
     5 : -5.6586411e-06 -1.7174015e-05  4.2362327e-05
     6 :  0.0000000e+00  0.0000000e+00  0.0000000e+00
     7 : -1.3724156e-29 -3.2484418e-29  2.4102285e-29
     8 :  1.6309521e-25 -9.2042346e-26 -3.5349341e-26
     9 :  0.0000000e+00  0.0000000e+00  0.0000000e+00
    10 :  6.2116842e-27 -2.5951298e-27 -9.8700737e-27
    11 :  0.0000000e+00  0.0000000e+00  0.0000000e+00
    12 :  2.8897566e-04 -2.5088792e-04 -3.7666802e-04
    13 :  2.5367871e-20 -5.7042788e-21 -1.3722233e-20
    14 :  1.7995536e-43 -2.7650471e-43  3.2271709e-44
    15 : -1.2774741e-25  2.0499312e-25  5.3325154e-26
    16 :  0.0000000e+00  0.0000000e+00  0.0000000e+00
    17 :  0.0000000e+00  0.0000000e+00  0.0000000e+00
    18 :  3.5705252e-26 -1.4594981e-25  5.4636740e-26
    19 :  0.0000000e+00  0.0000000e+00  0.0000000e+00
    20 :  0.0000000e+00  0.0000000e+00  0.0000000e+00
    21 :  3.5810189e-23  1.0922705e-21 -1.1590687e-21
    22 : -1.8916055e-19 -1.2695096e-19  1.5662152e-19
    23 :  0.0000000e+00  0.0000000e+00  0.0000000e+00
    24 :  7.2431535e-30 -5.2749031e-30 -9.3112349e-30
    25 :  0.0000000e+00  0.0000000e+00  0.0000000e+00
    26 :  1.3738890e-29  8.1362098e-29 -4.7321909e-29
    27 : -2.1134937e-21  3.9015472e-21  3.8831228e-22
    28 : -4.3481372e-20  1.4379348e-19 -5.0210216e-20
    29 :  1.1191680e-35 -4.8389178e-34  4.6186834e-34
    30 : -9.4563254e-28  4.4712234e-27 -2.5788422e-27
    31 :  2.2182816e-40 -1.8660054e-40 -2.5740717e-40
    32 :  0.0000000e+00  0.0000000e+00  0.0000000e+00
    33 :  2.0348084e-15 -1.2766404e-15 -2.9157317e-15
    34 :  0.0000000e+00  0.0000000e+00  0.0000000e+00
    35 : -2.2481545e-40  7.9258644e-41  3.3091246e-40
    36 :  8.9709881e-01  9.7054709e-01  1.1103647e-02
    37 :  1.4547765e-13  1.5639575e-13 -1.4754006e-13
    38 :  3.6487463e-23 -1.0270366e-22  1.9169538e-23
    39 :  6.3585554e-32  1.1313118e-32 -1.3901758e-31
    40 :  3.1896813e-39 -6.7867601e-39  1.2771422e-39
    41 : -2.8004218e-20  5.4618792e-20  1.5880290e-21
    42 :  0.0000000e+00  0.0000000e+00  0.0000000e+00
    43 : -1.0159565e-54  5.3356149e-54 -3.3044507e-54
    44 : -3.4287477e-15 -4.4903656e-15  9.8959445e-15
    45 :  1.8977600e-43  2.8174126e-43 -7.5387369e-43
    46 :  1.4452450e-46 -5.6447157e-47 -3.1517093e-47
    47 :  0.0000000e+00  0.0000000e+00  0.0000000e+00
    48 :  0.0000000e+00  0.0000000e+00  0.0000000e+00
    49 :  4.4805436e-23 -5.8432043e-23 -3.1588059e-23
    50 :  5.7454300e-16 -3.1146799e-15  1.2671288e-15
    51 : -2.7841084e-06  1.3456456e-06 -2.6376453e-08
    52 : -2.5308324e-27 -2.3375823e-27  1.6638136e-27
    53 :  0.0000000e+00  0.0000000e+00  0.0000000e+00
    54 : -4.9208517e-18 -6.2495559e-18  1.7559419e-17
    55 : -2.7536093e-20 -2.9662164e-19  4.6506941e-19
    56 :  5.2492066e-05  4.5298861e-05 -4.2339602e-05
    57 : -5.1858053e-24 -8.5470116e-24  2.1548581e-23
    58 :  1.8645727e-11 -2.3944185e-11 -1.3799943e-11
    59 :  3.6549863e-29 -5.3506931e-28  2.4764731e-28
    60 :  1.0173839e-17 -3.1346841e-18 -1.7278752e-17
    61 : -4.8526568e-09  3.9175620e-09 -3.2548742e-09
    62 :  8.5525615e-30  2.9115204e-30 -5.7144904e-30
    63 :  6.3827073e-15  4.2754738e-15 -5.2355183e-15
    64 : -6.6630159e-30  6.1795023e-30  7.1622811e-30
    65 : -5.1074131e-35  4.8501867e-35 -3.1098422e-36
    66 : -4.0055655e-40  9.0476947e-40 -1.0129125e-40
    67 :  0.0000000e+00  0.0000000e+00  0.0000000e+00
    68 :  0.0000000e+00  0.0000000e+00  0.0000000e+00
    69 :  0.0000000e+00  0.0000000e+00  0.0000000e+00
    70 :  1.3203736e-46 -3.4296439e-45  3.1662891e-45
    71 :  8.4384886e-17  3.5319674e-17 -2.0750055e-16
    72 :  0.0000000e+00  0.0000000e+00  0.0000000e+00
    73 : -2.1623118e-13  1.8499467e-13  2.5434877e-13
    74 :  0.0000000e+00  0.0000000e+00  0.0000000e+00
    75 :  0.0000000e+00  0.0000000e+00  0.0000000e+00
    76 :  0.0000000e+00  0.0000000e+00  0.0000000e+00
    77 :  0.0000000e+00  0.0000000e+00  0.0000000e+00
    78 :  0.0000000e+00  0.0000000e+00  0.0000000e+00
    79 :  0.0000000e+00  0.0000000e+00  0.0000000e+00
    80 :  0.0000000e+00  0.0000000e+00  0.0000000e+00
    81 :  0.0000000e+00  0.0000000e+00  0.0000000e+00
    82 :  5.8247105e-03  9.7626304e-01  2.9178353e-02
    83 :  0.0000000e+00  0.0000000e+00  0.0000000e+00
    84 :  0.0000000e+00  0.0000000e+00  0.0000000e+00
    85 : -9.1925676e-05 -1.1392522e-04  9.6744644e-05
    86 : -2.9374177e-58 -3.4447515e-58  9.8269207e-58
    87 : -6.4985641e-54  1.1752041e-53  1.2467820e-54
    88 :  1.3166848e-40  1.0491710e-40 -1.1822564e-40
    89 : -6.6272059e-12  9.8161561e-12  4.2880751e-12
    90 :  0.0000000e+00  0.0000000e+00  0.0000000e+00
    91 : -1.5805216e-03  8.9684759e-04 -6.1265341e-04
    92 :  9.1144119e-47 -6.2339801e-47 -5.9394848e-48
    93 :  0.0000000e+00  0.0000000e+00  0.0000000e+00
    94 : -3.1360618e-50  5.0772963e-51  2.1631666e-50
    95 :  0.0000000e+00  0.0000000e+00  0.0000000e+00
    96 : -3.5659377e-39  1.0079606e-38 -1.6566971e-38
    97 : -8.3903538e-42  9.0195211e-42  7.7732463e-42
    98 :  5.4176864e-02  9.3870435e-01  1.6178512e-02
    99 :  0.0000000e+00  0.0000000e+00  0.0000000e+00
   100 :  0.0000000e+00  0.0000000e+00  0.0000000e+00
   101 :  5.5721768e-37 -2.1878988e-37 -1.6894072e-37
   102 : -3.6652958e-24 -2.6391889e-23  1.4990929e-23
   103 :  0.0000000e+00  0.0000000e+00  0.0000000e+00
   104 : -4.1756227e-46  8.7274652e-47  1.6500431e-46
   105 : -4.8828193e-26  8.1081063e-27  3.2579755e-26
   106 :  2.6937138e-31 -4.5316537e-31 -9.0978982e-32
   107 : -7.8128142e-34 -4.7584733e-34 -1.2057177e-33
   108 :  1.3675295e-32  7.3396424e-33 -2.8343060e-32
   109 :  1.5569422e-23  1.6700106e-23 -4.9327222e-23
   110 : -2.7417342e-15  5.8890169e-15 -1.3309048e-15
   111 : -6.1099687e-30  2.1259976e-30  1.9688922e-30
   112 :  0.0000000e+00  0.0000000e+00  0.0000000e+00
   113 : -1.1326042e-07  4.1385350e-08  3.3763271e-08
   114 :  3.9856299e-44  3.4928317e-44 -1.1466555e-43
   115 :  4.5899002e-25  1.2801476e-24 -8.6560033e-25
   116 :  1.2597096e-14 -2.4847261e-13  1.1646879e-13
   117 : -9.8523422e-04  2.1701295e-04  3.4469009e-04
   118 : -1.2251996e-02  7.5645526e-02  9.6090228e-01
   119 :  0.0000000e+00  0.0000000e+00  0.0000000e+00
   120 :  1.0394065e-40 -1.8681699e-40  2.6999494e-40
   121 :  0.0000000e+00  0.0000000e+00  0.0000000e+00
   122 : -5.8875609e-22 -3.9375368e-21  2.2448959e-21
   123 :  0.0000000e+00  0.0000000e+00  0.0000000e+00
   124 :  0.0000000e+00  0.0000000e+00  0.0000000e+00
   125 :  0.0000000e+00  0.0000000e+00  0.0000000e+00
   126 :  3.6748531e-58 -2.4557813e-58 -4.8939248e-58
   127 :  0.0000000e+00  0.0000000e+00  0.0000000e+00
   128 : -4.1503194e-24  4.8110830e-24  3.5034900e-24
   129 :  2.8846780e-55  3.4993859e-55 -9.9619952e-55
   130 : -1.6457980e-07 -5.7601038e-08  4.4191166e-07
   131 :  5.5832557e-17 -1.3406482e-17 -2.5220832e-17
   132 :  3.2806058e-21 -1.3489132e-20  5.2435723e-21
   133 :  5.6147683e-13 -9.3413450e-13  1.8248826e-13
   134 :  4.5916082e-22 -1.7562670e-22 -1.0928798e-22
   135 : -5.6224948e-27  4.7057887e-26 -2.4067511e-26
   136 :  5.3366426e-34  5.7154846e-37 -2.8078538e-34
   137 :  5.7650472e-25 -4.1705606e-25 -7.4011364e-25
   138 :  4.9934600e-31  1.1780902e-30 -1.1935795e-30
   139 :  2.1862799e-30 -4.6999073e-30  1.2572300e-30
   140 :  0.0000000e+00  0.0000000e+00  0.0000000e+00
   141 :  0.0000000e+00  0.0000000e+00  0.0000000e+00
   142 : -7.0802320e-31 -1.2821145e-30  2.4750765e-30
   143 :  0.0000000e+00  0.0000000e+00  0.0000000e+00
   144 :  8.1728563e-33  8.3759167e-33 -8.2482995e-33
   145 : -6.0798553e-41  8.7882422e-40 -4.0862653e-40
   146 :  7.4509670e-47 -1.6211817e-46  1.3000463e-47
   147 :  0.0000000e+00  0.0000000e+00  0.0000000e+00
   148 :  5.8689268e-49 -9.9752699e-49 -1.7636355e-49
   149 :  8.8054729e-03 -3.4485114e-03 -2.6072225e-03
   150 : -1.7821906e-41  6.1649206e-40 -5.8070127e-40
   151 :  0.0000000e+00  0.0000000e+00  0.0000000e+00
   152 :  5.7541644e-53  2.1201315e-53 -3.9359571e-53
   153 : -4.3543367e-02  4.2437064e-02  6.3351283e-02
   154 :  0.0000000e+00  0.0000000e+00  0.0000000e+00
   155 :  0.0000000e+00  0.0000000e+00  0.0000000e+00
   156 :  0.0000000e+00  0.0000000e+00  0.0000000e+00
   157 : -9.9181327e-45 -7.2072345e-44  9.1929001e-44
   158 :  1.3091594e-28 -1.6889421e-28  1.9119034e-29
   159 :  6.4893435e-37  3.6402304e-37 -5.0637145e-37
   160 :  0.0000000e+00  0.0000000e+00  0.0000000e+00
   161 :  0.0000000e+00  0.0000000e+00  0.0000000e+00
   162 :  3.8355340e-04 -3.4250335e-04 -4.9580122e-04
   163 :  5.9471117e-20 -1.1580235e-19  1.7398983e-19
   164 :  7.6800075e-58 -2.1157626e-58 -1.3244252e-57
   165 :  1.0920784e-33 -2.7137986e-33  5.2658601e-34
   166 :  0.0000000e+00  0.0000000e+00  0.0000000e+00
   167 :  3.9320980e-27 -1.5595806e-27 -8.0149708e-28
   168 :  3.7585695e-20 -1.2595223e-19  4.3421685e-20
   169 :  2.4023598e-02  9.8154204e-01  9.8979086e-01
   170 :  0.0000000e+00  0.0000000e+00  0.0000000e+00
   171 :  0.0000000e+00  0.0000000e+00  0.0000000e+00
   172 :  4.4243192e-18 -9.3141119e-18  3.3657820e-19
   173 : -5.8383384e-22 -2.8001941e-22  1.1483268e-21
   174 :  3.7853699e-31 -6.5703097e-31 -1.0201810e-31
   175 :  2.7512785e-46 -1.8764040e-46  1.5889042e-46
   176 :  0.0000000e+00  0.0000000e+00  0.0000000e+00
   177 : -1.7511593e-28  3.5765106e-28 -6.1693954e-30
   178 :  1.9107674e-02  9.9308450e-01  2.0939004e-02
   179 : -9.7958705e-29  1.5706243e-28 -2.0835684e-29
   180 :  0.0000000e+00  0.0000000e+00  0.0000000e+00
   181 :  1.8962007e-19  2.2622404e-19 -6.0891665e-19
   182 :  3.3647688e-50 -6.6293181e-51 -2.0386487e-50
   183 :  9.2445452e-15  3.5953792e-15 -1.6519905e-14
   184 :  0.0000000e+00  0.0000000e+00  0.0000000e+00
   185 :  0.0000000e+00  0.0000000e+00  0.0000000e+00
   186 : -1.5671172e-42 -3.8543860e-42  9.2838641e-42
   187 : -9.7666592e-28 -1.7933636e-26  1.9948561e-26
   188 : -2.4297710e-02  4.5018561e-02  7.0521936e-03
   189 :  2.3915632e-28 -5.8855393e-28  1.1243605e-28
   190 :  1.3725130e-32 -2.0582699e-32  3.4343566e-33
   191 :  0.0000000e+00  0.0000000e+00  0.0000000e+00
   192 :  6.3655559e-19 -1.0847822e-18 -1.9784080e-19
   193 :  3.0612580e-06 -4.8651361e-05  3.4954040e-05
   194 :  1.1065095e-02  2.4071373e-02 -1.6243804e-02
   195 : -1.7050180e-48 -4.6494681e-49  1.0849198e-48
   196 :  0.0000000e+00  0.0000000e+00  0.0000000e+00
   197 :  0.0000000e+00  0.0000000e+00  0.0000000e+00
   198 : -1.1686361e-36  3.9367862e-38  1.0901758e-36
   199 : -2.4005065e-08  1.0390963e-07 -4.4974832e-08
   200 :  0.0000000e+00  0.0000000e+00  0.0000000e+00
   201 :  1.7288156e-21  2.7258293e-21 -7.1972589e-21
   202 :  1.3307817e-48 -1.5258610e-48 -1.1214630e-48
   203 :  0.0000000e+00  0.0000000e+00  0.0000000e+00
   204 : -3.7603558e-50  2.8980800e-50  5.6476595e-50
   205 :  5.1625384e-18  1.8610012e-17 -1.1808200e-17
   206 :  0.0000000e+00  0.0000000e+00  0.0000000e+00
   207 :  0.0000000e+00  0.0000000e+00  0.0000000e+00
   208 :  0.0000000e+00  0.0000000e+00  0.0000000e+00
   209 : -5.6383578e-03 -1.0835023e-03  9.9169349e-03
   210 :  7.0132426e-53 -1.5810205e-52  1.7837202e-53
   211 :  0.0000000e+00  0.0000000e+00  0.0000000e+00
   212 : -3.1215891e-28  3.0370415e-28  1.6041245e-29
   213 :  0.0000000e+00  0.0000000e+00  0.0000000e+00
   214 :  2.7513631e-02  1.6932656e-02 -1.8080965e-02
   215 :  4.3349857e-02  9.8526031e-01  9.5331699e-01
   216 :  1.7348834e-27 -1.3302595e-27 -2.1454305e-27
   217 :  0.0000000e+00  0.0000000e+00  0.0000000e+00
   218 :  0.0000000e+00  0.0000000e+00  0.0000000e+00
   219 :  2.8973853e-21 -6.6233151e-21  3.5766904e-21
   220 :  0.0000000e+00  0.0000000e+00  0.0000000e+00
   221 :  0.0000000e+00  0.0000000e+00  0.0000000e+00
   222 :  1.3386640e-09 -1.1740236e-09  1.0885324e-09
   223 : -5.0488229e-15 -3.2790571e-14  3.2376811e-14
   224 : -1.5937161e-37 -4.2988726e-37  7.4857406e-37
   225 :  0.0000000e+00  0.0000000e+00  0.0000000e+00
   226 :  0.0000000e+00  0.0000000e+00  0.0000000e+00
   227 :  5.2558662e-44  3.4534747e-44 -1.2178436e-43
   228 : -6.2802104e-45  1.1869594e-44  6.9457525e-46
   229 :  1.1159469e-49  8.9929036e-50 -1.0071652e-49
   230 :  0.0000000e+00  0.0000000e+00  0.0000000e+00
   231 :  0.0000000e+00  0.0000000e+00  0.0000000e+00
   232 :  0.0000000e+00  0.0000000e+00  0.0000000e+00
   233 :  0.0000000e+00  0.0000000e+00  0.0000000e+00
   234 : -1.0958405e-06 -2.2351809e-06  5.7568911e-06
   235 :  2.4622716e-18  2.8488124e-17 -6.0356517e-17
   236 :  0.0000000e+00  0.0000000e+00  0.0000000e+00
   237 :  0.0000000e+00  0.0000000e+00  0.0000000e+00
   238 :  0.0000000e+00  0.0000000e+00  0.0000000e+00
   239 :  0.0000000e+00  0.0000000e+00  0.0000000e+00
   240 :  0.0000000e+00  0.0000000e+00  0.0000000e+00
   241 : -6.9538310e-23 -1.2282704e-22  9.4924823e-23
   242 :  4.7503976e-25  2.0997071e-24 -4.6815151e-24
   243 :  4.3087828e-11 -7.3724020e-12 -2.7862443e-11
   244 : -4.4284897e-18 -1.0860227e-16  2.2499133e-16
   245 :  0.0000000e+00  0.0000000e+00  0.0000000e+00
   246 : -2.1479717e-25  1.0885219e-25  5.2667903e-26
   247 :  2.1001532e-10  2.3116780e-10 -6.8122705e-10
   248 :  0.0000000e+00  0.0000000e+00  0.0000000e+00
   249 : -6.9338572e-54 -6.2405640e-56  1.3933285e-53
   250 :  1.0191555e-23  1.2868313e-24 -1.2782999e-23
   251 :  4.8721089e-44 -1.6584991e-44 -8.1004283e-44
   252 :  0.0000000e+00  0.0000000e+00  0.0000000e+00
   253 :  0.0000000e+00  0.0000000e+00  0.0000000e+00
   254 :  1.4425210e-09  1.8107882e-09 -1.5369803e-09
   255 : -3.2522044e-44  1.5832210e-45  1.2225283e-44
   256 : -2.3111970e-25  6.1280689e-24 -2.9358370e-24
   257 :  6.0863297e-15 -8.2760409e-15  8.4540100e-15
   258 : -1.2901501e-45 -1.9944280e-45  5.2734213e-45
   259 :  0.0000000e+00  0.0000000e+00  0.0000000e+00
   260 : -6.6980209e-23  6.5420628e-22 -5.1831763e-22
   261 :  2.8596816e-49 -9.3604538e-49  1.5794476e-48
   262 :  0.0000000e+00  0.0000000e+00  0.0000000e+00
   263 :  0.0000000e+00  0.0000000e+00  0.0000000e+00
   264 : -3.3904067e-40 -9.5720436e-42  3.5801119e-40
   265 :  9.5753398e-22 -2.0009354e-21  3.0792868e-21
   266 :  1.4492275e-56  6.7569547e-56 -4.1030911e-56
   267 :  4.0747983e-50  1.7309634e-50 -2.9014933e-50
   268 :  0.0000000e+00  0.0000000e+00  0.0000000e+00
   269 : -8.6147622e-11  1.5103495e-11  5.5829653e-11
   270 : -8.4343864e-51  4.4626384e-50 -2.5679551e-50
   271 :  8.1760795e-20 -3.5294709e-20 -1.0771504e-20
   272 : -5.7669114e-47  5.0249129e-47 -4.2905674e-47
   273 :  0.0000000e+00  0.0000000e+00  0.0000000e+00
   274 : -5.7367116e-26 -2.8503483e-25  4.7998399e-25
   275 :  0.0000000e+00  0.0000000e+00  0.0000000e+00
   276 :  1.7836836e-16 -2.0819391e-16  1.9286494e-17
   277 :  0.0000000e+00  0.0000000e+00  0.0000000e+00
   278 :  1.4222854e-24 -5.6813329e-25 -2.1953432e-24
   279 :  4.5228663e-44 -1.0900886e-44 -1.7160245e-44
   280 : -1.4398464e-03  3.6583392e-03 -6.0258290e-04
   281 : -3.4036446e-41  5.3232169e-41  1.4945170e-41
   282 :  0.0000000e+00  0.0000000e+00  0.0000000e+00
   283 :  0.0000000e+00  0.0000000e+00  0.0000000e+00
   284 :  0.0000000e+00  0.0000000e+00  0.0000000e+00
   285 :  1.2299928e-06  9.7027351e-07 -1.0476650e-06
   286 : -1.1941556e-25  1.2093799e-25  1.1926509e-25
   287 :  6.1274512e-36 -9.8085175e-36  1.8332132e-36
   288 : -7.8183508e-03 -2.6817544e-03  1.5689959e-02
   289 : -8.1977256e-33 -4.9809273e-33  1.8192062e-32
   290 :  2.0027169e-05 -3.6565349e-05  8.0517118e-06
   291 : -1.8631934e-44  2.3724408e-44 -2.5439489e-45
   292 :  8.8912869e-12  6.3782797e-12 -1.5824547e-11
   293 :  0.0000000e+00  0.0000000e+00  0.0000000e+00
   294 : -1.2334299e-29  7.8621937e-30 -3.5547452e-30
   295 :  0.0000000e+00  0.0000000e+00  0.0000000e+00
   296 :  1.4281029e-17 -7.9425032e-17  5.0818606e-17
   297 : -1.5830516e-35  3.4510078e-35 -2.7687713e-36
   298 :  4.2789518e-40  1.7710494e-39 -1.3279303e-39
   299 :  0.0000000e+00  0.0000000e+00  0.0000000e+00
   300 : -4.7934729e-17  7.8083573e-18  1.9802615e-17
   301 :  2.7984468e-47 -4.4211443e-47  8.1104884e-48
   302 :  4.8546565e-26 -1.2225222e-25  2.4596820e-26
   303 : -1.8669463e-30 -2.7545341e-30  2.3078593e-30
   304 :  1.9974200e-27 -5.8687630e-28 -1.3070961e-27
   305 :  2.9638738e-43  4.2218521e-44 -1.6910419e-43
   306 :  1.6990212e-13 -1.9936866e-14 -7.3448602e-14
   307 :  5.0908340e-30 -3.4620641e-30  4.1877986e-31
   308 :  5.9048286e-38  3.1124059e-37 -6.8325358e-37
   309 :  0.0000000e+00  0.0000000e+00  0.0000000e+00
   310 :  3.7952581e-34  2.2577883e-33 -3.0161977e-33
   311 :  4.2556874e-27  1.8609394e-27 -1.0396125e-26
   312 :  0.0000000e+00  0.0000000e+00  0.0000000e+00
   313 :  0.0000000e+00  0.0000000e+00  0.0000000e+00
   314 :  0.0000000e+00  0.0000000e+00  0.0000000e+00
   315 :  0.0000000e+00  0.0000000e+00  0.0000000e+00
   316 : -2.8508849e-13 -1.0102430e-13  1.8925042e-13
   317 :  0.0000000e+00  0.0000000e+00  0.0000000e+00
   318 :  1.1507005e-17  7.3257281e-18 -9.1945608e-18
   319 :  8.9144517e-20  2.3726741e-19 -4.1621001e-19
   320 :  2.6561023e-02  9.9244663e-01  9.7687012e-01
   321 :  9.5815272e-13 -1.3889837e-12 -5.6444688e-13
   322 :  0.0000000e+00  0.0000000e+00  0.0000000e+00
   323 :  0.0000000e+00  0.0000000e+00  0.0000000e+00
   324 :  0.0000000e+00  0.0000000e+00  0.0000000e+00
   325 :  0.0000000e+00  0.0000000e+00  0.0000000e+00
   326 : -6.7266760e-10 -9.4325797e-10  2.4310074e-09
   327 :  9.3202243e-03  9.9963627e-01  1.2511467e-02
   328 : -4.3863120e-25  7.9403647e-25 -1.9125044e-25
   329 :  0.0000000e+00  0.0000000e+00  0.0000000e+00
   330 :  0.0000000e+00  0.0000000e+00  0.0000000e+00
   331 : -4.8579666e-48  6.9585578e-48  2.7616347e-48
   332 : -4.3405169e-30  8.7684708e-31  1.7306476e-30
   333 :  0.0000000e+00  0.0000000e+00  0.0000000e+00
   334 :  7.3541841e-21 -1.8956198e-19  1.7436717e-19
   335 : -2.3005977e-28  5.2365305e-28 -6.3232193e-29
   336 :  1.1669939e-25 -9.4757339e-26 -1.3914835e-25
   337 :  0.0000000e+00  0.0000000e+00  0.0000000e+00
   338 :  8.2401079e-25 -3.0334102e-24  1.1019554e-24
   339 :  0.0000000e+00  0.0000000e+00  0.0000000e+00
   340 : -5.0344417e-20  2.8981369e-19 -1.8703631e-19
   341 :  0.0000000e+00  0.0000000e+00  0.0000000e+00
   342 :  0.0000000e+00  0.0000000e+00  0.0000000e+00
   343 : -9.5996135e-41  4.7294564e-41  2.4332800e-41
   344 :  3.0099824e-17 -5.5375801e-17  1.2345676e-17
   345 : -5.4391589e-07 -1.6361881e-07  3.3885489e-07
   346 :  0.0000000e+00  0.0000000e+00  0.0000000e+00
   347 : -3.1305261e-19  1.3844137e-19  3.3946843e-20
   348 : -9.5138421e-42  4.4141942e-40 -2.1590100e-40
   349 :  3.5849937e-44 -2.8747577e-44  2.1686518e-44
   350 : -8.6232965e-20  1.3442198e-19 -1.8617845e-19
   351 :  0.0000000e+00  0.0000000e+00  0.0000000e+00
   352 : -4.8322828e-18 -7.4372624e-19  6.3200225e-18
   353 :  2.8574592e-27 -4.0591589e-27  5.9793029e-28
   354 :  3.9204659e-02 -3.4006922e-02  4.9069613e-02
   355 :  5.0020464e-03 -6.8919850e-03  9.4490337e-04
   356 :  0.0000000e+00  0.0000000e+00  0.0000000e+00
   357 :  4.7600322e-19 -6.7463022e-19  8.8674936e-19
   358 : -6.1038876e-47  8.6097555e-47  3.6038402e-47
   359 :  0.0000000e+00  0.0000000e+00  0.0000000e+00
   360 : -1.4146418e-23 -6.4748613e-23  1.4513868e-22
   361 :  1.4419124e-57  5.6284761e-57 -3.5351942e-57
   362 :  3.9602470e-40 -9.6720373e-40  1.5423066e-39
   363 : -1.5131816e-51 -4.7167124e-52  2.4567404e-51
   364 : -5.1410559e-53  4.8437184e-53  1.4846307e-54
   365 : -8.7513109e-44  4.2009302e-44  1.3794236e-43
   366 :  0.0000000e+00  0.0000000e+00  0.0000000e+00
   367 :  2.3360969e-34 -1.4913715e-34  6.7602871e-35
   368 : -5.4626259e-22  4.5446753e-21 -3.0091220e-21
   369 :  2.5308205e-44 -1.2054370e-44 -3.8184602e-44
   370 :  0.0000000e+00  0.0000000e+00  0.0000000e+00
   371 :  0.0000000e+00  0.0000000e+00  0.0000000e+00
   372 :  9.1445841e-43 -1.3838369e-42 -4.4566486e-43
   373 :  6.9412654e-29  8.9631358e-29 -2.5816355e-28
   374 : -5.1682134e-08  1.5048794e-08 -3.7003863e-08
   375 :  0.0000000e+00  0.0000000e+00  0.0000000e+00
   376 :  0.0000000e+00  0.0000000e+00  0.0000000e+00
   377 : -1.3025783e-37  9.5281060e-38  1.7398529e-38
   378 :  0.0000000e+00  0.0000000e+00  0.0000000e+00
   379 :  0.0000000e+00  0.0000000e+00  0.0000000e+00
   380 : -3.7787863e-14  4.9721543e-14 -1.0329351e-14
   381 :  2.0720509e-43 -1.0971804e-43 -4.8692961e-44
   382 :  0.0000000e+00  0.0000000e+00  0.0000000e+00
   383 : -3.1646708e-17 -2.7329388e-17  2.9126851e-17
   384 : -8.1856388e-58  2.6850628e-57 -1.0818475e-57
   385 : -1.0126556e-24  1.8566302e-24  1.7836809e-25
   386 : -2.0395473e-14  6.3905002e-15  8.9527317e-15
   387 :  0.0000000e+00  0.0000000e+00  0.0000000e+00
   388 :  3.0359820e-06 -1.6574753e-06 -7.0213836e-07
   389 :  0.0000000e+00  0.0000000e+00  0.0000000e+00
   390 :  1.0962141e-23 -2.2065476e-23  7.7025856e-26
   391 :  4.4336195e-49  3.2887355e-47 -1.6663438e-47
   392 :  9.7741328e-17 -7.8893133e-17  5.5841906e-17
   393 : -7.0283147e-16  2.2756573e-15 -8.4558794e-16
   394 :  3.0866920e-57 -1.1643858e-57 -5.0089983e-57
   395 :  2.6936001e-34  1.7956732e-34 -6.2898446e-34
   396 :  0.0000000e+00  0.0000000e+00  0.0000000e+00
   397 :  9.4217797e-17 -2.2148950e-16  1.2209102e-17
   398 :  1.5542123e-29 -3.2021213e-29  8.2076120e-30
   399 : -1.2278701e-15  9.5703773e-15 -5.3110414e-15
   400 : -2.3211045e-31 -1.3091940e-31  4.9490200e-31
   401 :  8.7706009e-28 -1.2461388e-27 -5.1807800e-28
   402 :  3.8474801e-56 -2.0641603e-56 -2.0494469e-58
   403 :  1.2374147e-53 -4.5452947e-52  4.2978536e-52
   404 :  0.0000000e+00  0.0000000e+00  0.0000000e+00
   405 :  1.7328169e-35  3.9160795e-35 -4.7239962e-35
   406 : -2.4275854e-21  1.5678274e-21  4.2440811e-22
   407 :  4.0127957e-14 -5.9284424e-14  8.0955836e-14
   408 : -9.1282364e-12  1.3644303e-12  3.8191600e-12
   409 :  3.3878651e-32  2.3760423e-32 -2.8753751e-32
   410 :  9.1816846e-01  1.0129987e+00  9.5891026e-01
   411 : -6.9481861e-34  1.4886626e-33 -9.5967334e-35
   412 : -4.3567923e-28  3.0722299e-28  5.6803642e-28
   413 :  0.0000000e+00  0.0000000e+00  0.0000000e+00
   414 :  1.3016919e-05 -9.6166217e-07 -1.0531505e-05
   415 : -1.9939720e-30 -4.6556557e-31  4.4634532e-30
   416 :  0.0000000e+00  0.0000000e+00  0.0000000e+00
   417 : -1.0900241e-20  5.0135761e-19 -1.0030292e-18
   418 :  2.4262887e-13  4.2777743e-13 -9.2385233e-13
   419 :  0.0000000e+00  0.0000000e+00  0.0000000e+00
   420 :  0.0000000e+00  0.0000000e+00  0.0000000e+00
   421 :  0.0000000e+00  0.0000000e+00  0.0000000e+00
   422 : -2.7584455e-43  1.2393109e-43  8.6237169e-44
   423 : -7.4531197e-39  9.6860403e-39  5.2565117e-39
   424 :  0.0000000e+00  0.0000000e+00  0.0000000e+00
   425 :  0.0000000e+00  0.0000000e+00  0.0000000e+00
   426 : -5.5343521e-47  6.4139785e-48  2.4449325e-47
   427 :  0.0000000e+00  0.0000000e+00  0.0000000e+00
   428 : -3.5005094e-56  6.0156604e-56  9.8535843e-57
   429 :  1.8353441e-28  7.2848920e-29 -1.2732981e-28
   430 :  8.7751032e-26 -7.7708077e-26 -9.9325442e-26
   431 :  1.7101027e-35 -3.8603661e-35  4.3231127e-36
   432 : -2.3398256e-41 -1.5906958e-42  2.6554746e-41
   433 :  0.0000000e+00  0.0000000e+00  0.0000000e+00
   434 :  2.4118179e-11 -2.7281689e-12 -1.8278453e-11
   435 : -1.7894581e-33  1.3777029e-33 -9.6882551e-34
   436 :  0.0000000e+00  0.0000000e+00  0.0000000e+00
   437 :  6.1646569e-22  4.5392050e-22 -1.5258510e-21
   438 :  1.7350272e-23 -1.2192838e-23  7.2611910e-24
   439 :  7.4444203e-15 -4.4378899e-15  1.5575602e-15
   440 :  0.0000000e+00  0.0000000e+00  0.0000000e+00
   441 :  0.0000000e+00  0.0000000e+00  0.0000000e+00
   442 :  1.1999343e-21 -1.5270673e-21  1.8568530e-21
   443 : -5.4226780e-44  8.4568827e-44  2.3740612e-44
   444 :  8.8655955e-23  6.1034857e-23 -1.0107089e-22
   445 :  6.4291504e-52 -1.5520100e-52 -3.3251305e-52
   446 : -5.5077405e-07  3.7445789e-06 -1.5435109e-06
   447 : -1.2263577e-52  6.1678250e-53  3.0478759e-53
   448 : -1.4054132e-32 -1.6651650e-32  1.5240608e-32
   449 :  0.0000000e+00  0.0000000e+00  0.0000000e+00
   450 :  0.0000000e+00  0.0000000e+00  0.0000000e+00
   451 :  7.9395557e-09  3.6728085e-08 -2.0932573e-08
   452 :  2.8258330e-02  5.3026647e-02 -2.9339842e-02
   453 :  1.3970329e-08 -6.1588736e-08  2.1845790e-08
   454 : -3.6012502e-03 -8.9200336e-04  5.4184013e-03
   455 :  3.0435928e-53 -2.7131567e-53 -1.8161818e-54
   456 :  2.5629283e-32 -6.9749111e-33 -1.1660853e-32
   457 :  0.0000000e+00  0.0000000e+00  0.0000000e+00
   458 :  1.8468667e-48  6.6740555e-48 -1.0390331e-47
   459 :  7.2565286e-34  5.0012159e-34 -1.7607052e-33
   460 :  2.2002285e-30 -3.4484656e-30 -9.8068103e-31
   461 :  0.0000000e+00  0.0000000e+00  0.0000000e+00
   462 :  8.8878535e-46  5.2549762e-45 -7.0208922e-45
   463 :  0.0000000e+00  0.0000000e+00  0.0000000e+00
   464 :  3.5276613e-22  1.2965373e-21 -8.1892744e-22
   465 :  1.4994654e-29 -5.8671516e-30 -3.2338354e-30
   466 :  1.4441702e-15 -1.5155638e-15  3.8539034e-17
   467 :  0.0000000e+00  0.0000000e+00  0.0000000e+00
   468 :  0.0000000e+00  0.0000000e+00  0.0000000e+00
   469 :  0.0000000e+00  0.0000000e+00  0.0000000e+00
   470 :  0.0000000e+00  0.0000000e+00  0.0000000e+00
   471 :  0.0000000e+00  0.0000000e+00  0.0000000e+00
   472 :  0.0000000e+00  0.0000000e+00  0.0000000e+00
   473 : -4.7579658e-26  1.3604575e-25 -4.0519390e-26
   474 :  0.0000000e+00  0.0000000e+00  0.0000000e+00
   475 :  5.8631464e-58  3.4772560e-58 -1.2817658e-57
   476 : -1.1102460e-56 -2.1440664e-57  6.6232631e-57
   477 :  0.0000000e+00  0.0000000e+00  0.0000000e+00
   478 :  5.1733403e-33 -6.5722704e-35 -1.0329942e-32
   479 :  0.0000000e+00  0.0000000e+00  0.0000000e+00
   480 : -4.2038151e-11 -3.9930184e-12  5.8630273e-11
   481 :  7.9495142e-54 -1.0834183e-53  3.3430761e-55
   482 :  0.0000000e+00  0.0000000e+00  0.0000000e+00
   483 : -3.5257082e-15  1.3623112e-14 -1.1783171e-14
   484 : -4.4128999e-36 -1.9915837e-36  3.1927666e-36
   485 : -7.4705225e-32  6.9681246e-33  1.4267859e-31
   486 :  4.9418402e-02  8.7138184e-01  4.3775773e-02
   487 :  1.3397729e-28 -2.0481420e-29 -9.8185018e-29
   488 :  1.9416611e-11  1.9627527e-11 -1.8353044e-11
   489 :  0.0000000e+00  0.0000000e+00  0.0000000e+00
   490 :  0.0000000e+00  0.0000000e+00  0.0000000e+00
   491 :  0.0000000e+00  0.0000000e+00  0.0000000e+00
   492 : -1.1912449e-26  2.2524056e-26 -3.3264117e-26
   493 :  4.4417017e-16 -1.1369490e-15  2.2123104e-16
   494 :  1.7889025e-14 -1.1967043e-13  7.8598212e-14
   495 : -1.7750325e-38  2.4489010e-38  1.1404401e-38
   496 :  0.0000000e+00  0.0000000e+00  0.0000000e+00
   497 :  0.0000000e+00  0.0000000e+00  0.0000000e+00
   498 :  0.0000000e+00  0.0000000e+00  0.0000000e+00
   499 :  2.3902122e-10 -3.7135031e-10 -1.2825690e-10
   500 :  0.0000000e+00  0.0000000e+00  0.0000000e+00
   501 :  0.0000000e+00  0.0000000e+00  0.0000000e+00
   502 : -4.2164879e-22 -1.8958969e-21  1.6988190e-21
   503 : -2.6316336e-21  2.6003234e-21 -2.8689087e-22
   504 : -6.8523680e-33  2.6762582e-32 -1.1892150e-32
   505 :  1.4384454e-10 -1.7431186e-11 -6.1601676e-11
   506 :  0.0000000e+00  0.0000000e+00  0.0000000e+00
   507 :  0.0000000e+00  0.0000000e+00  0.0000000e+00
   508 :  0.0000000e+00  0.0000000e+00  0.0000000e+00
   509 :  4.5791461e-28 -3.8192627e-29 -3.8065287e-28
   510 :  0.0000000e+00  0.0000000e+00  0.0000000e+00
   511 :  3.2999799e-53 -8.0354861e-54 -1.2482157e-53
   512 : -6.6564753e-53 -4.8272926e-51  2.4463874e-51
   513 : -1.0330115e-39 -1.9752831e-39  4.0420623e-39
   514 :  1.2740910e-34 -3.8879354e-34  1.3358928e-34
   515 : -8.7629014e-17  5.2518771e-17  1.4781754e-17
   516 :  0.0000000e+00  0.0000000e+00  0.0000000e+00
   517 : -6.4860955e-16  4.6340270e-16 -2.9484416e-16
   518 : -7.0872682e-35  3.9479632e-35 -7.4939797e-36
   519 :  0.0000000e+00  0.0000000e+00  0.0000000e+00
   520 : -3.7655085e-37  3.6741572e-37  3.9988455e-37
   521 :  1.6020597e-20 -8.6951926e-21 -2.9755946e-21
   522 :  8.5048236e-02 -2.1880830e-03  9.1867452e-01
   523 : -3.7569611e-14 -4.6322092e-14  4.1741203e-14
   524 : -3.3725627e-41 -7.8913642e-41  5.6272680e-41
   525 : -1.0474689e-33  9.4248625e-34 -8.4571394e-34
   526 :  2.6379241e-51  4.0414615e-50 -5.7136047e-50
   527 :  0.0000000e+00  0.0000000e+00  0.0000000e+00
   528 : -3.5253642e-05  8.5772797e-06  7.1213985e-05
   529 : -1.9884840e-27 -8.5416505e-29  3.7036802e-27
   530 : -1.0533241e-14  1.4597920e-13 -9.3369255e-14
   531 : -3.2041682e-27 -2.3093322e-27  2.7373366e-27
   532 :  0.0000000e+00  0.0000000e+00  0.0000000e+00
   533 :  0.0000000e+00  0.0000000e+00  0.0000000e+00
   534 :  0.0000000e+00  0.0000000e+00  0.0000000e+00
   535 :  0.0000000e+00  0.0000000e+00  0.0000000e+00
   536 :  4.0498332e-16  1.6839385e-16 -7.3482973e-16
   537 : -3.0804706e-23 -9.2974214e-24  1.9841181e-23
   538 : -5.0635367e-32  1.4760302e-32  2.1062842e-32
   539 :  0.0000000e+00  0.0000000e+00  0.0000000e+00
   540 :  0.0000000e+00  0.0000000e+00  0.0000000e+00
   541 :  0.0000000e+00  0.0000000e+00  0.0000000e+00
   542 : -3.5911877e-38 -1.4945252e-38  2.5313621e-38
   543 :  0.0000000e+00  0.0000000e+00  0.0000000e+00
   544 :  4.2884504e-37 -7.9352427e-37 -6.6254794e-38
   545 :  0.0000000e+00  0.0000000e+00  0.0000000e+00
   546 : -1.7455373e-12 -3.3931276e-12  2.4858739e-12
   547 :  0.0000000e+00  0.0000000e+00  0.0000000e+00
   548 : -5.0223323e-17  1.4526719e-17  1.7076511e-17
   549 :  0.0000000e+00  0.0000000e+00  0.0000000e+00
   550 :  8.5571307e-32 -1.9021951e-31  3.0458324e-32
   551 : -6.7138833e-18 -6.9076268e-18  2.0612363e-17
   552 : -1.2146979e-20  7.0194482e-20 -3.1860107e-20
   553 :  2.3536921e-24 -7.3155014e-25 -8.7592078e-25
   554 :  0.0000000e+00  0.0000000e+00  0.0000000e+00
   555 : -3.2617185e-38  4.2475904e-38  2.2930745e-38
   556 :  0.0000000e+00  0.0000000e+00  0.0000000e+00
   557 : -1.0357067e-03 -1.1062316e-02  1.4595792e-02
   558 :  6.6282417e-25 -5.0142404e-25 -8.2960464e-25
   559 : -2.4839507e-18 -3.8079273e-18  6.2006514e-18
   560 : -1.4091266e-29  1.0138004e-29  1.9825575e-30
   561 :  6.4406474e-07  2.3540009e-06 -1.3621198e-06
   562 :  0.0000000e+00  0.0000000e+00  0.0000000e+00
   563 :  0.0000000e+00  0.0000000e+00  0.0000000e+00
   564 :  1.0029280e-15 -4.8953021e-16  1.7816511e-18
   565 : -1.0598505e-12  6.7278110e-13 -3.2540944e-13
   566 :  0.0000000e+00  0.0000000e+00  0.0000000e+00
   567 :  1.1299990e-40 -3.9800151e-40  1.7173431e-40
   568 : -4.9712531e-16  7.9828432e-16  2.1314119e-16
   569 : -2.6585586e-18 -1.3530921e-17  7.8538988e-18
   570 :  0.0000000e+00  0.0000000e+00  0.0000000e+00
   571 : -5.1517580e-41  3.3886641e-41  8.8092742e-42
   572 :  0.0000000e+00  0.0000000e+00  0.0000000e+00
   573 : -1.7836333e-30  3.7658257e-31  3.2076357e-30
   574 :  6.5721758e-27  3.0092835e-26 -6.7013253e-26
   575 : -1.1672613e-04 -3.1567790e-03  3.9352796e-03
   576 :  5.7872827e-37 -5.2116647e-35  5.1009491e-35
   577 :  5.4109714e-02 -3.4808243e-02  6.9256715e-02
   578 :  0.0000000e+00  0.0000000e+00  0.0000000e+00
   579 :  3.9206641e-10 -1.4480911e-09  5.0977138e-10
   580 : -2.9669663e-05  3.9713269e-05 -3.0543479e-07
   581 :  0.0000000e+00  0.0000000e+00  0.0000000e+00
   582 :  0.0000000e+00  0.0000000e+00  0.0000000e+00
   583 :  0.0000000e+00  0.0000000e+00  0.0000000e+00
   584 :  0.0000000e+00  0.0000000e+00  0.0000000e+00
   585 :  4.0956110e-16  1.0297673e-15 -7.1034535e-16
   586 :  0.0000000e+00  0.0000000e+00  0.0000000e+00
   587 : -2.4856538e-55  7.1024381e-56  4.2610639e-55
   588 :  0.0000000e+00  0.0000000e+00  0.0000000e+00
   589 :  3.5823727e-20 -1.1747081e-20 -6.0227484e-20
   590 :  3.0507013e-18 -1.9964425e-18 -4.1977060e-18
   591 :  0.0000000e+00  0.0000000e+00  0.0000000e+00
   592 :  0.0000000e+00  0.0000000e+00  0.0000000e+00
   593 :  0.0000000e+00  0.0000000e+00  0.0000000e+00
   594 :  0.0000000e+00  0.0000000e+00  0.0000000e+00
   595 : -1.7605635e-30 -7.4102470e-31  3.2487882e-30
   596 : -1.3137673e-35  3.5706970e-35 -9.6050841e-36
   597 :  1.4030709e-43 -6.2867273e-44 -2.2881875e-43
   598 : -8.9557138e-55 -5.0429537e-54  2.9692625e-54
   599 :  3.9312080e-08 -6.7254847e-09 -2.6702774e-08
   600 : -2.0101364e-36  1.4985131e-36  2.5283609e-36
   601 :  1.5138502e-07 -5.7622419e-08 -3.2165402e-08
   602 :  0.0000000e+00  0.0000000e+00  0.0000000e+00
   603 :  0.0000000e+00  0.0000000e+00  0.0000000e+00
   604 :  0.0000000e+00  0.0000000e+00  0.0000000e+00
   605 : -8.5459404e-48  1.5274263e-47  1.7743898e-48
   606 :  7.4170992e-02  9.2658217e-01 -2.5288799e-03
   607 :  1.4901095e-35 -1.3255534e-35 -1.6607552e-35
   608 :  0.0000000e+00  0.0000000e+00  0.0000000e+00
   609 :  0.0000000e+00  0.0000000e+00  0.0000000e+00
   610 :  0.0000000e+00  0.0000000e+00  0.0000000e+00
   611 :  3.4336298e-10 -1.6661669e-10 -5.2281789e-11
   612 : -5.9254730e-38 -1.3611880e-36  1.4817670e-36
   613 :  0.0000000e+00  0.0000000e+00  0.0000000e+00
   614 : -4.7033242e-20  7.5313829e-20  1.8944933e-20
   615 :  9.4743829e-46  2.7642953e-47 -1.9334223e-45
   616 :  0.0000000e+00  0.0000000e+00  0.0000000e+00
   617 :  7.1254125e-51  2.9132667e-51 -5.0193396e-51
   618 :  0.0000000e+00  0.0000000e+00  0.0000000e+00
   619 :  0.0000000e+00  0.0000000e+00  0.0000000e+00
   620 : -1.1669761e-48  1.2695781e-48 -1.3735170e-48
   621 : -1.5344903e-37 -2.6586903e-37  5.7300438e-37
   622 :  2.1308680e-12  2.8271640e-11 -3.2768638e-11
   623 :  8.9800456e-24  4.2127358e-24 -1.5062036e-23
   624 :  2.8826807e-44 -8.0687133e-44  2.5927729e-44
   625 : -3.4848376e-46 -8.9337479e-47  2.1889849e-46
   626 :  0.0000000e+00  0.0000000e+00  0.0000000e+00
   627 :  0.0000000e+00  0.0000000e+00  0.0000000e+00
   628 :  0.0000000e+00  0.0000000e+00  0.0000000e+00
   629 : -9.6127761e-24  3.3246084e-23 -1.3895847e-23
   630 :  6.8518235e-17  2.0453476e-17 -1.1238146e-16
   631 :  0.0000000e+00  0.0000000e+00  0.0000000e+00
   632 :  0.0000000e+00  0.0000000e+00  0.0000000e+00
   633 :  3.0713615e-25 -3.3263875e-25  5.5071348e-26
   634 : -2.9432071e-31 -2.6812715e-31  8.3827293e-31
   635 : -2.8429195e-23 -2.4651682e-25  1.3714318e-23
   636 :  3.8986291e-19  2.3723581e-19 -3.0862054e-19
   637 :  1.0906813e-14 -5.9711532e-15  1.2550111e-15
   638 :  5.4140300e-11 -4.4053857e-11 -6.6840962e-11
   639 :  1.3276358e-18  4.0231612e-19 -8.5261326e-19
   640 : -2.5568188e-03 -1.4695174e-03  4.2029048e-03
   641 :  0.0000000e+00  0.0000000e+00  0.0000000e+00
   642 : -2.4267153e-27  3.4914231e-27  1.3717100e-27
   643 :  6.7153939e-22 -2.5979880e-21  4.5829987e-21
   644 : -7.6033254e-23 -4.0580902e-23  1.5993377e-22
   645 :  8.5247720e-38  4.1879935e-37 -4.7069984e-37
   646 :  1.1616433e-38  4.1659352e-38 -7.1822286e-38
   647 :  7.6588392e-08 -3.1466463e-08 -1.2960805e-07
   648 :  3.7017093e-42  1.3777759e-40 -8.5799366e-41
   649 :  3.4278753e-19  8.9806548e-19 -5.0695367e-19
   650 : -5.1438759e-40  2.4656794e-40  2.0889396e-41
   651 :  1.5859292e-11  7.6531782e-12 -3.9855513e-11
   652 :  4.7584037e-37  4.7364553e-37 -4.7352355e-37
   653 : -2.3721624e-13 -6.2270357e-14  5.4210592e-13
   654 :  0.0000000e+00  0.0000000e+00  0.0000000e+00
   655 :  8.6371664e-43  1.3550392e-43 -1.1844397e-42
   656 :  7.5977237e-09 -2.5682531e-09 -2.4218879e-09
   657 :  8.6966003e-19 -1.6386700e-18  3.8946619e-20
   658 :  1.9030187e-38  2.0591036e-39 -2.3159223e-38
   659 :  5.0208090e-30 -1.9591816e-30 -1.5241077e-30
   660 :  1.2161385e-12 -1.3293806e-13 -1.5554221e-12
   661 :  1.3233108e-04  6.6167629e-05 -3.4369811e-04
   662 :  0.0000000e+00  0.0000000e+00  0.0000000e+00
   663 : -3.4098842e-18 -1.2146234e-17  2.8169877e-17
   664 :  2.2374917e-13 -2.4896582e-13  2.9006992e-13
   665 : -1.5239481e-12  7.4124929e-13  3.3229169e-15
   666 :  0.0000000e+00  0.0000000e+00  0.0000000e+00
   667 :  0.0000000e+00  0.0000000e+00  0.0000000e+00
   668 :  2.1446396e-22 -1.9997027e-21  1.5825912e-21
   669 :  0.0000000e+00  0.0000000e+00  0.0000000e+00
   670 :  6.7492609e-16 -4.2052901e-16 -1.2663352e-16
   671 : -7.0661230e-05  1.7686533e-04 -3.1763291e-04
   672 :  8.7751567e-15  1.8668941e-14 -4.7328045e-14
   673 :  0.0000000e+00  0.0000000e+00  0.0000000e+00
   674 :  2.1357106e-43 -2.0383974e-43 -2.2349038e-43
   675 :  0.0000000e+00  0.0000000e+00  0.0000000e+00
   676 : -4.9559784e-35  1.1269152e-34 -1.3375646e-35
   677 : -1.0077172e-33  9.6309053e-34 -9.2459562e-34
   678 :  4.5801191e-18  7.7272634e-18 -2.0870211e-17
   679 :  1.1797782e-30 -2.7438349e-30  3.7784220e-31
   680 :  6.1431101e-28 -3.6943088e-29 -1.1986623e-27
   681 :  0.0000000e+00  0.0000000e+00  0.0000000e+00
   682 :  0.0000000e+00  0.0000000e+00  0.0000000e+00
   683 :  0.0000000e+00  0.0000000e+00  0.0000000e+00
   684 :  0.0000000e+00  0.0000000e+00  0.0000000e+00
   685 : -1.2507122e-32  2.8153268e-32 -3.0280818e-33
   686 : -5.9295349e-48  1.8298168e-48  2.0487028e-48
   687 :  0.0000000e+00  0.0000000e+00  0.0000000e+00
   688 : -7.9931104e-52  1.2207347e-51  3.7788734e-52
   689 : -1.1851555e-09 -1.5485863e-09  1.3245856e-09
   690 : -8.3544856e-33 -1.3139461e-32  1.0691884e-32
   691 :  1.1217916e-34 -8.8416182e-35  6.5946773e-35
   692 : -1.9967330e-38  1.5439472e-37 -2.0609595e-37
   693 :  0.0000000e+00  0.0000000e+00  0.0000000e+00
   694 :  0.0000000e+00  0.0000000e+00  0.0000000e+00
   695 :  5.4221215e-13 -7.3449664e-13 -3.5232559e-13
   696 : -4.6075935e-22 -5.3327352e-22  1.5016275e-21
   697 : -2.7549639e-39  4.3557760e-39 -5.9838944e-40
   698 :  7.0380880e-12 -1.8248272e-12 -2.2442792e-12
   699 :  0.0000000e+00  0.0000000e+00  0.0000000e+00
   700 :  0.0000000e+00  0.0000000e+00  0.0000000e+00
   701 :  0.0000000e+00  0.0000000e+00  0.0000000e+00
   702 :  0.0000000e+00  0.0000000e+00  0.0000000e+00
   703 : -4.8538610e-04  1.6214646e-03 -4.2494880e-03
   704 : -2.5705104e-42 -1.2035587e-42  4.9797440e-42
   705 :  0.0000000e+00  0.0000000e+00  0.0000000e+00
   706 : -4.5474980e-07  1.0378689e-06 -1.7602618e-06
   707 :  2.4802532e-22  5.5504207e-22 -3.9930004e-22
   708 : -1.2621897e-25 -1.3639148e-26  6.9253069e-26
   709 :  0.0000000e+00  0.0000000e+00  0.0000000e+00
   710 : -3.8193553e-52 -2.3231108e-53  4.2868819e-52
   711 :  8.0911608e-46 -4.5720873e-46  1.0598952e-46
   712 :  5.3397606e-21 -1.0223156e-20  2.3347325e-21
   713 :  9.5521736e-44  7.0216879e-42 -1.1143077e-41
   714 :  5.1739522e-02 -3.8220185e-02  5.2149668e-02
   715 :  8.2705610e-35 -3.8590007e-35 -5.3215496e-36
   716 :  0.0000000e+00  0.0000000e+00  0.0000000e+00
   717 :  2.2262835e-26  4.2132009e-26 -8.7275754e-26
   718 :  1.9751022e-41 -1.4993628e-41  1.0267792e-41
   719 :  4.1054728e-23  5.8755486e-23 -4.9424128e-23
   720 :  2.1185283e-04 -1.9497725e-04 -2.7082764e-04
   721 :  5.2474182e-13 -9.7979582e-13  1.6495279e-12
   722 :  0.0000000e+00  0.0000000e+00  0.0000000e+00
   723 :  0.0000000e+00  0.0000000e+00  0.0000000e+00
   724 :  0.0000000e+00  0.0000000e+00  0.0000000e+00
   725 :  6.2476143e-20  9.2973887e-20 -2.1890337e-19
   726 : -7.7267187e-52  1.9893651e-52  2.8686768e-52
   727 : -1.0160940e-19  1.0959161e-19 -1.2226822e-19
   728 : -5.5059282e-26  9.1355720e-26  2.0298542e-26
   729 : -3.8584943e-33  6.3285492e-33  1.4081041e-33
   730 : -6.1831234e-40  7.4268995e-40 -8.7096367e-40
   731 :  0.0000000e+00  0.0000000e+00  0.0000000e+00
   732 :  0.0000000e+00  0.0000000e+00  0.0000000e+00
   733 : -2.3451984e-38  7.4750983e-38 -2.5550856e-38
   734 : -5.1965359e-10  1.2197223e-09 -1.6128810e-10
   735 :  5.8751632e-41 -1.6509160e-39  7.9475191e-40
   736 :  6.3523303e-09 -2.5626929e-09 -1.0807018e-09
   737 :  0.0000000e+00  0.0000000e+00  0.0000000e+00
   738 :  8.6602452e-20 -1.0147691e-19  1.2008050e-19
   739 :  2.8925904e-05 -2.3504261e-03  1.0131048e-03
   740 : -6.3065309e-35  1.8089602e-34 -5.4424214e-35
   741 : -4.8776257e-14  1.5110255e-13 -9.3273247e-14
   742 :  3.0181519e-41  5.2883523e-41 -1.1330313e-40
   743 :  1.4861633e-35 -1.1465077e-35  8.2796132e-36
   744 :  9.4551721e-01  1.5576802e-01  8.7861325e-01
   745 :  0.0000000e+00  0.0000000e+00  0.0000000e+00
   746 :  2.3670961e-57 -9.5169640e-57  4.7827718e-57
   747 : -1.8142573e-45  2.3521352e-44 -4.5312075e-44
   748 : -1.6332795e-37 -2.7929699e-37  7.3642443e-37
   749 : -3.9606864e-25  1.0622333e-24 -2.6357676e-25
   750 :  0.0000000e+00  0.0000000e+00  0.0000000e+00
   751 :  6.9656591e-02  9.4533559e-01  9.3255196e-01
   752 :  5.3201341e-37 -6.9280169e-37 -3.7434062e-37
   753 : -7.1183246e-27  1.9637704e-26 -5.0790419e-27
   754 :  0.0000000e+00  0.0000000e+00  0.0000000e+00
   755 :  1.5726406e-02  8.9510327e-01  1.6099937e-01
   756 :  8.9264468e-50  1.8251040e-50 -1.9677998e-49
   757 :  0.0000000e+00  0.0000000e+00  0.0000000e+00
   758 : -1.6902897e-08 -2.4392054e-08  2.0139340e-08
   759 : -9.2180765e-38  5.8613533e-38 -2.6126555e-38
   760 :  0.0000000e+00  0.0000000e+00  0.0000000e+00
   761 :  4.7454345e-35 -7.1508397e-35 -2.3721353e-35
   762 : -3.7867671e-10  4.7270577e-10 -4.9543802e-11
   763 :  0.0000000e+00  0.0000000e+00  0.0000000e+00
   764 :  0.0000000e+00  0.0000000e+00  0.0000000e+00
   765 :  3.7336508e-02  7.7818416e-02  9.4390024e-01
   766 : -7.7024437e-43  1.8899523e-42 -3.4908550e-43
   767 :  3.1929221e-11  2.2786504e-10 -2.9519628e-10
   768 :  0.0000000e+00  0.0000000e+00  0.0000000e+00
   769 :  8.3089593e-02  4.8243886e-02  8.2283297e-01
   770 : -3.8628098e-33  4.6654318e-33 -5.5721002e-33
   771 : -2.8407293e-21  5.8786224e-21 -1.4670462e-22
   772 :  1.1848618e-16 -1.2693988e-16  1.4041401e-16
   773 : -5.2694906e-40  1.0836937e-39 -2.8962494e-41
   774 :  1.0444216e+00  9.3184523e-01  9.4784018e-01
   775 : -1.6101557e-08  4.4854293e-08 -1.2819706e-08
   776 :  5.1381149e-36  1.6890999e-35 -2.5680640e-35
   777 :  6.4772819e-37 -6.3410576e-37 -6.6849870e-37
   778 : -1.5503569e-35 -3.4181529e-35  2.4684669e-35
   779 :  0.0000000e+00  0.0000000e+00  0.0000000e+00
   780 :  7.2206758e-13  6.4990829e-12 -3.2743390e-12
   781 :  0.0000000e+00  0.0000000e+00  0.0000000e+00
   782 :  0.0000000e+00  0.0000000e+00  0.0000000e+00
   783 : -2.3494690e-37 -9.0226898e-37  1.5833342e-36
   784 : -3.9170780e-42  4.5084066e-42 -2.9506127e-43
   785 :  0.0000000e+00  0.0000000e+00  0.0000000e+00
   786 :  9.8815575e-01  9.8875100e-01  9.9689288e-01
   787 : -3.0851464e-02  3.1213838e-02  4.9694638e-02
   788 :  0.0000000e+00  0.0000000e+00  0.0000000e+00
   789 :  0.0000000e+00  0.0000000e+00  0.0000000e+00
   790 : -2.7237055e-28  5.2993888e-28  2.0416582e-29
   791 :  5.7806239e-25 -1.1797412e-24  3.0112211e-25
   792 :  1.0468182e-17 -5.1987690e-18 -1.6617627e-18
   793 :  1.6172358e-18  3.8687404e-20 -1.6603112e-18
   794 : -5.6275776e-33  1.5698679e-32 -4.3791544e-33
   795 : -1.4408439e-17  7.1751715e-16 -3.4755086e-16
   796 : -3.9526863e-21  1.3638414e-20 -2.3733265e-20
   797 :  0.0000000e+00  0.0000000e+00  0.0000000e+00
   798 : -2.6128269e-29 -4.6689763e-29  3.6293777e-29
   799 :  8.6463440e-42 -5.1516165e-41  3.3742038e-41
   800 :  5.0556042e-02  6.7927381e-02  8.5589755e-01
   801 :  0.0000000e+00  0.0000000e+00  0.0000000e+00
   802 :  2.6947185e-39 -4.6380235e-39 -7.6144997e-40
   803 :  0.0000000e+00  0.0000000e+00  0.0000000e+00
   804 :  1.1412815e-02  9.5947230e-01  9.0628181e-01
   805 :  1.3650076e-37 -3.9833892e-37  1.2454264e-37
   806 :  0.0000000e+00  0.0000000e+00  0.0000000e+00
   807 :  0.0000000e+00  0.0000000e+00  0.0000000e+00
   808 :  9.9783928e-01  8.4969314e-01  9.8034966e-01
   809 :  0.0000000e+00  0.0000000e+00  0.0000000e+00
   810 :  0.0000000e+00  0.0000000e+00  0.0000000e+00
   811 :  0.0000000e+00  0.0000000e+00  0.0000000e+00
   812 : -1.5779725e-48 -2.9372812e-48  7.3786960e-48
   813 :  7.7161527e-40 -3.0371754e-39  1.4948855e-39
   814 :  0.0000000e+00  0.0000000e+00  0.0000000e+00
   815 :  0.0000000e+00  0.0000000e+00  0.0000000e+00
   816 :  0.0000000e+00  0.0000000e+00  0.0000000e+00
   817 :  0.0000000e+00  0.0000000e+00  0.0000000e+00
   818 :  0.0000000e+00  0.0000000e+00  0.0000000e+00
   819 : -1.6668000e-36  2.6919802e-36 -3.7180200e-36
   820 :  0.0000000e+00  0.0000000e+00  0.0000000e+00
   821 : -4.9357465e-18 -2.7611333e-17  1.6238918e-17
   822 : -1.2147191e-29  3.5593371e-29 -1.1286878e-29
   823 :  3.1148280e-56 -3.5292800e-56 -2.7699905e-56
   824 :  0.0000000e+00  0.0000000e+00  0.0000000e+00
   825 :  0.0000000e+00  0.0000000e+00  0.0000000e+00
   826 :  8.4943370e-21 -4.6615792e-19  1.8699526e-19
   827 :  0.0000000e+00  0.0000000e+00  0.0000000e+00
   828 :  5.1373413e-47 -9.3826097e-47  7.0406093e-48
   829 :  1.0736764e-28  3.0108314e-28 -2.0409605e-28
   830 : -9.6797920e-07  4.4700213e-06 -1.7661865e-06
   831 :  2.9355885e-06 -3.2727899e-06  3.8134596e-06
   832 : -6.9886937e-37  1.0419584e-36  3.5606238e-37
   833 :  1.5221032e-07  1.8991778e-06 -1.0077838e-06
   834 :  0.0000000e+00  0.0000000e+00  0.0000000e+00
   835 :  0.0000000e+00  0.0000000e+00  0.0000000e+00
   836 : -3.3369192e-33  5.8530197e-33 -1.2550519e-33
   837 :  0.0000000e+00  0.0000000e+00  0.0000000e+00
   838 : -3.7290181e-28 -1.6928077e-28  7.2616571e-28
   839 : -1.1939368e-55 -2.8977712e-54  3.1365586e-54
   840 :  0.0000000e+00  0.0000000e+00  0.0000000e+00
   841 :  0.0000000e+00  0.0000000e+00  0.0000000e+00
   842 :  1.4671861e-47  2.8447996e-47 -2.2038364e-47
   843 : -4.8074983e-58  7.9305999e-58  1.6843966e-58
   844 :  1.1066126e-42 -4.2890923e-41  8.4699443e-41
   845 :  0.0000000e+00  0.0000000e+00  0.0000000e+00
   846 :  2.2777213e-35 -1.1201523e-34  4.4490838e-35
   847 : -1.3607498e-45  4.5468824e-45 -7.7340089e-45
   848 :  0.0000000e+00  0.0000000e+00  0.0000000e+00
   849 :  0.0000000e+00  0.0000000e+00  0.0000000e+00
   850 :  7.4739204e-48 -1.6076911e-48 -4.2409141e-48
   851 :  2.5536890e-50 -2.0875592e-50 -3.0213517e-50
   852 :  0.0000000e+00  0.0000000e+00  0.0000000e+00
   853 :  1.8923116e-21 -2.1447502e-21  1.5076494e-21
   854 :  0.0000000e+00  0.0000000e+00  0.0000000e+00
   855 : -7.2580684e-19  6.2872722e-20  5.4061046e-19
   856 : -5.9311976e-24  4.9648911e-24 -4.0829504e-24
   857 : -4.2840485e-17  4.8065922e-17 -5.4701490e-17
   858 :  5.2068358e-31  1.3565456e-30 -9.3292027e-31
   859 :  0.0000000e+00  0.0000000e+00  0.0000000e+00
   860 : -1.6865357e-33  3.0606863e-33 -6.3463772e-34
   861 :  2.4221897e-31 -2.5714137e-31  2.7366158e-31
   862 :  5.3597610e-33  4.2379538e-33 -1.4111134e-32
   863 :  1.6087105e-26 -4.5794858e-26  1.1762509e-26
   864 :  3.9895764e-24 -9.9265769e-24  1.6369460e-23
   865 :  1.9549468e-15  8.2761525e-16 -3.6053921e-15
   866 : -9.8406388e-05  2.6223055e-04 -2.9574092e-05
   867 : -3.8191443e-12  5.7013749e-12  2.8685795e-12
   868 : -3.1142898e-37 -1.3225643e-35  1.3851028e-35
   869 : -8.3854089e-38 -1.8856453e-38  5.1288189e-38
   870 : -1.3357010e-43 -1.4177418e-42  7.7495973e-43
   871 :  2.5887646e-22  1.8342507e-22 -7.0288885e-22
   872 : -2.9001999e-22  1.1757105e-22  8.4302388e-23
   873 :  8.7980041e-05 -3.4188989e-05 -1.4712708e-04
   874 : -5.2375165e-04 -1.7308654e-04  3.0439493e-04
   875 : -5.6600812e-53  2.0989550e-53  3.7272794e-54
   876 :  1.4292934e-50  7.9719258e-50 -1.0830802e-49
   877 :  0.0000000e+00  0.0000000e+00  0.0000000e+00
   878 :  0.0000000e+00  0.0000000e+00  0.0000000e+00
   879 :  0.0000000e+00  0.0000000e+00  0.0000000e+00
   880 :  0.0000000e+00  0.0000000e+00  0.0000000e+00
   881 :  0.0000000e+00  0.0000000e+00  0.0000000e+00
   882 :  0.0000000e+00  0.0000000e+00  0.0000000e+00
   883 :  0.0000000e+00  0.0000000e+00  0.0000000e+00
   884 :  0.0000000e+00  0.0000000e+00  0.0000000e+00
   885 :  1.3974621e-27 -2.7488837e-27 -5.7175516e-29
   886 :  8.5965686e-31 -3.1786357e-30  5.5471846e-30
   887 : -7.2253069e-33  4.9810599e-33  1.5558929e-32
   888 : -9.6617710e-31 -1.9308021e-30  1.4386289e-30
   889 : -2.5770920e-10  1.0244093e-09 -3.6881551e-10
   890 : -2.4332365e-11  1.6051890e-11 -9.5109823e-12
   891 :  3.0942809e-56 -1.1270643e-56 -8.4015233e-57
   892 : -4.3177666e-52 -8.0829607e-53  9.4450554e-52
   893 :  9.7740318e-38 -1.9045149e-38 -5.9656509e-38
   894 : -1.0440084e-34  1.0331790e-34  1.0571220e-34
   895 : -2.0850075e-10 -5.8820593e-10  3.7817452e-10
   896 :  1.7877714e-11 -6.6255199e-12 -4.5210961e-12
   897 :  2.2845131e-58  2.1244881e-58 -6.5334894e-58
   898 : -4.8751244e-54  7.0183907e-54  2.7343956e-54
   899 : -4.4628926e-15 -3.9548459e-13  3.9857701e-13
   900 :  1.7760268e-14 -1.1949649e-14  3.1468952e-15
   901 :  1.5486430e-36 -8.7150691e-37  1.9559657e-37
   902 : -1.1748001e-34 -1.5295693e-33  1.7617229e-33
   903 :  3.8440830e-20  1.1573282e-20 -2.4996697e-20
   904 : -1.7506572e-22 -6.7534561e-23  3.5282631e-22
   905 : -1.6720638e-23  1.1055694e-23  2.8053591e-24
   906 : -3.3917530e-13  5.6016034e-13  1.3426729e-13
   907 :  1.0181631e-15  1.8874131e-15 -4.8314303e-15
   908 :  1.4248332e-23 -5.1183363e-24 -3.9895227e-24
   909 : -1.7906883e-21 -6.1863642e-21  3.9831178e-21
   910 : -9.3781854e-25  2.3271813e-25  3.1301821e-25
   911 :  7.5937114e-28  3.6577975e-27 -7.7753338e-27
