Number of elements 912
     0 :  4.1453302e-20 -3.3650470e-20 -5.1740568e-20
     1 :  1.0847443e-12  6.1694361e-12 -7.1567827e-12
     2 : -3.1936640e-01 -1.5990724e-02 -2.3282973e-01
     3 :  9.5415941e-15 -1.4755064e-14 -8.1146390e-15
     4 :  6.3432360e-02  1.3219287e-01  1.2811472e-01
     5 :  4.5958505e-01  1.8725059e-01  1.1939769e-01
     6 : -3.0609945e-32 -6.0974613e-31  6.7060917e-31
     7 :  1.7236637e-11 -1.0022401e-10  5.6705793e-11
     8 : -8.7742343e-10  3.4447655e-09 -8.3583264e-10
     9 :  2.2514864e-28 -1.1420808e-28 -3.7095855e-28
    10 : -8.9878609e-10  7.5983324e-10  1.3851663e-09
    11 : -3.6310614e-31  4.4804717e-31  3.3390006e-31
    12 :  5.0614058e-01  1.8610448e-01  3.8872148e-01
    13 : -3.4883549e-07 -1.6342712e-08  1.8463790e-07
    14 :  1.0454095e-15 -1.6183135e-15  6.8506413e-17
    15 :  2.1669839e-08 -4.0954481e-08 -1.0458970e-08
    16 : -6.2524187e-34 -2.0081454e-32  2.0249618e-32
    17 :  2.2322925e-23  1.3229270e-22 -1.7192673e-22
    18 :  4.8572583e-10 -6.7763919e-10  1.0875120e-09
    19 : -9.8475157e-39 -5.8233193e-39  1.3757883e-38
    20 : -1.6343351e-23  1.8319702e-22 -1.6283767e-22
    21 : -9.3129748e-07 -1.9162066e-07  2.5419536e-06
    22 :  1.7392307e-06  7.5490991e-07 -8.3333263e-07
    23 : -2.1463252e-36 -4.6608380e-36  2.0605514e-35
    24 : -6.2277287e-11  1.5950261e-10 -2.8463008e-12
    25 :  1.0222280e-37 -6.2926134e-37  2.2762725e-37
    26 : -1.0956808e-11 -2.8259635e-10  1.2408865e-10
    27 :  1.9745556e-07 -6.6531295e-07  4.6805988e-08
    28 : -2.1906720e-07  8.8525684e-07 -3.4254262e-07
    29 : -3.6120038e-14  7.3132948e-12 -6.6069832e-12
    30 : -7.5127928e-10  3.6482617e-10  1.4228840e-09
    31 :  8.7330454e-15 -1.1278665e-14 -8.3042081e-15
    32 :  4.1657780e-30  4.7124827e-30 -1.3384885e-29
    33 :  1.0144164e-05 -2.1222699e-05 -2.7361679e-05
    34 :  4.4853544e-39 -3.1583080e-39 -5.9970775e-39
    35 : -9.3491005e-15 -1.7007492e-14  4.5287097e-14
    36 : -1.0025788e-01 -1.8062508e-01  3.4791135e-02
    37 :  1.5188077e-04  9.4834494e-05 -1.4818125e-04
    38 : -3.1549487e-07  1.3293380e-06 -3.2728198e-07
    39 : -9.2948739e-12  1.1181289e-11  1.4261136e-11
    40 :  1.7402856e-13 -4.2533703e-12  7.3556927e-13
    41 :  2.5681307e-07 -4.5625454e-07 -2.0887092e-07
    42 : -5.1360320e-37  1.9339955e-37  4.8637907e-37
    43 :  8.1531911e-21 -1.1067501e-20 -5.9149133e-21
    44 :  4.6139768e-06 -4.2423967e-05  9.9140068e-06
    45 : -1.6234029e-16  6.4237488e-17  2.1063205e-17
    46 :  2.5594557e-17 -2.6548426e-17  3.2321015e-17
    47 : -5.9454164e-30  5.5299264e-29 -1.1092133e-28
    48 : -5.8607637e-33  5.2613708e-33 -2.1598516e-33
    49 : -1.0789025e-08  1.0108180e-08  1.4220633e-08
    50 : -7.8410656e-06 -3.6844113e-05  1.2477869e-05
    51 :  1.0030442e-01 -3.4196191e-02 -7.8397359e-03
    52 :  5.6737745e-09 -1.5896664e-08  3.1707986e-09
    53 :  2.1188369e-30 -8.1006853e-31 -6.2295621e-31
    54 : -2.2531779e-07  2.5446698e-07  3.2641244e-07
    55 :  1.4479418e-07 -6.6830946e-08  4.4740947e-07
    56 :  1.3206058e-01  1.7789993e-01  2.1139492e-01
    57 :  4.3383902e-08  7.5902035e-08 -2.0084266e-07
    58 :  2.1676400e-03 -5.1160433e-03 -8.7367236e-04
    59 : -2.5379799e-10  5.1512734e-09 -2.3983989e-09
    60 :  1.0209424e-06  4.0838363e-06 -3.7781287e-07
    61 : -8.3548175e-03  6.6116892e-03 -8.6563496e-03
    62 : -1.9215671e-10 -2.2718015e-10  1.7413832e-10
    63 : -2.1951514e-05 -1.5302487e-05  4.6826707e-06
    64 :  1.1474381e-10 -1.8546570e-10 -3.7722757e-11
    65 :  1.4403744e-13  7.4912832e-13 -2.3082257e-13
    66 : -2.0666399e-14  7.6424341e-14 -2.0576882e-14
    67 : -1.4519122e-31  2.2027821e-32  2.8623467e-31
    68 : -6.0037182e-31  1.4070880e-30 -1.5206540e-31
    69 : -1.8055095e-31  1.5832354e-31  2.1726208e-31
    70 : -6.4543926e-17  8.5343478e-18  1.3058035e-16
    71 :  4.7501783e-05 -9.4389811e-05 -4.7436951e-05
    72 :  1.4313001e-33 -4.0061414e-33  1.0524691e-33
    73 : -8.6765693e-05  5.7826093e-05 -4.6982548e-05
    74 :  1.1858993e-23  2.5351381e-23 -1.8245415e-23
    75 :  1.9649856e-24  2.4196220e-24 -1.9859529e-24
    76 :  1.6142586e-34  9.6266046e-34 -5.0685618e-34
    77 :  9.8555368e-26 -2.3254836e-25  2.4234512e-26
    78 :  8.4911851e-30 -4.8061403e-29  3.7994421e-29
    79 :  5.1881733e-21 -5.0440413e-21  6.2431980e-21
    80 :  1.6800566e-44  4.1053314e-44 -3.2199561e-44
    81 :  1.7925528e-28  7.3839582e-28 -4.5364689e-28
    82 :  5.8911494e-01 -2.7963091e-01  5.1592835e-01
    83 : -5.6132934e-39  3.4381897e-39  8.3391375e-39
    84 : -2.9907702e-36  6.8519336e-36 -1.2162367e-36
    85 :  3.5823324e-01  2.3444903e-01  5.6800035e-02
    86 :  1.6727897e-22  2.1627761e-23 -2.1255139e-22
    87 :  8.2312091e-21 -8.2889347e-21 -8.9576507e-21
    88 :  1.2045848e-13  8.3544806e-14 -8.5801286e-14
    89 : -9.9811093e-04  2.9219893e-04  7.0795104e-04
    90 : -1.2133519e-34 -4.0378617e-34  2.5910820e-34
    91 :  1.3744258e-01  1.5094076e-01  1.2064058e-01
    92 :  6.1144539e-17 -1.3272834e-16  4.5786026e-17
    93 : -4.2670943e-43  9.3071260e-44  1.7643014e-43
    94 :  1.3692467e-19 -1.4116370e-19  3.2047934e-20
    95 :  7.3261021e-32 -2.7893658e-32 -1.5687600e-32
    96 :  8.1089682e-15 -1.9093082e-15 -3.2249778e-15
    97 :  2.1079434e-17 -1.4419274e-15  1.4057844e-15
    98 : -4.4463609e-02 -8.2238041e-02  1.3009985e-01
    99 :  3.8358061e-29  5.3750355e-29 -4.1901853e-29
   100 : -2.0370844e-30  2.1317297e-30  5.5081005e-31
   101 :  3.3816455e-13 -1.4936654e-14 -1.4147737e-13
   102 : -6.0986199e-09 -3.8608540e-08  2.4024621e-08
   103 :  2.3553179e-40 -2.1524308e-40 -2.7316069e-40
   104 :  1.4710900e-19  4.9101705e-18 -2.9209630e-18
   105 :  7.1752234e-09 -1.4202210e-09 -2.5167380e-09
   106 :  8.3758768e-12  6.7761161e-12 -2.3683796e-11
   107 :  8.7672243e-12 -3.7778156e-11  8.2360189e-12
   108 : -9.0272652e-12 -2.7974340e-12 -3.0470254e-11
   109 : -1.6138716e-08  8.7469656e-09 -3.9251716e-08
   110 :  8.7400495e-07 -9.6518153e-05  8.9332716e-06
   111 :  4.6314813e-11 -3.4945456e-11 -2.6067637e-12
   112 : -1.1770312e-27  7.7971449e-30  2.5940397e-27
   113 :  6.9245337e-02 -1.1624276e-02 -1.6665467e-02
   114 : -3.3995079e-16  6.8512740e-17  1.3156053e-16
   115 : -4.4930573e-08 -2.1438637e-07  1.3087519e-07
   116 :  1.5265473e-04 -1.2241313e-04 -2.4408274e-05
   117 :  1.4038895e-01  1.8607274e-01  1.4671519e-01
   118 :  4.1961743e-01  1.5772030e-01 -3.5959307e-02
   119 : -9.8566408e-33 -2.7840954e-33  1.5565865e-32
   120 : -2.2875447e-15  1.0994974e-15 -6.5572091e-17
   121 :  6.1383581e-25 -1.1872463e-24  1.2112548e-25
   122 : -1.2076224e-07 -9.2824629e-08  8.8731912e-08
   123 : -3.0608418e-40 -1.1565476e-40  4.6147059e-40
   124 :  7.3571484e-30 -1.5478658e-29  3.9093351e-30
   125 : -3.8955861e-43  1.0432031e-42 -2.6378466e-43
   126 : -3.0917677e-23  3.2702836e-22 -2.2370092e-22
   127 : -3.3023380e-24  1.6859802e-24  5.5441555e-24
   128 :  5.0560740e-08 -4.2270123e-08 -6.4618643e-08
   129 :  4.1586779e-20  5.9431419e-20 -1.6825029e-19
   130 : -2.0991324e-02 -1.4422445e-02  3.3445947e-02
   131 : -1.4676623e-05  3.1790405e-06  4.2135928e-06
   132 : -3.3116788e-07  1.1829717e-06 -3.0991831e-07
   133 :  4.0541699e-05  1.3700566e-04 -1.0730650e-05
   134 : -2.5048555e-07  1.1049603e-07 -8.7656107e-08
   135 : -7.0403546e-10 -6.9615012e-10  1.8054364e-09
   136 :  3.5016830e-12 -2.8761381e-12 -3.3491656e-13
   137 : -3.7338461e-09  1.6246540e-08 -8.7143024e-09
   138 : -3.0830326e-11 -1.5525024e-10  1.1485693e-10
   139 :  3.7042552e-11 -1.0604848e-10  3.5491164e-11
   140 : -1.8030542e-27  1.9135337e-26 -8.1026405e-27
   141 : -6.8976223e-26 -2.0429642e-25  3.4716465e-25
   142 :  1.0510040e-10  9.5099004e-11 -2.2018938e-10
   143 :  1.2714249e-34  5.1020527e-33 -7.2157652e-33
   144 : -1.9798871e-13 -4.5867802e-12  2.2717682e-12
   145 :  1.6759874e-14 -3.7071755e-14  9.0821405e-15
   146 : -8.0308323e-18  6.3985081e-18  1.0869479e-17
   147 :  3.2581394e-33 -5.4528992e-33  1.2514458e-33
   148 :  2.0115666e-18 -5.9218786e-19 -3.5371529e-18
   149 :  5.3647401e-02  1.6826043e-01  1.2591328e-01
   150 : -2.7520869e-14  2.7297887e-17  6.0794194e-14
   151 :  6.7705864e-24 -6.5934592e-24 -8.3994584e-24
   152 :  4.5985407e-20 -1.1004200e-20 -1.5135383e-20
   153 :  1.6139943e-01  1.4518649e-01  1.3426194e-01
   154 : -7.5071529e-44  3.7336439e-44  9.6371835e-44
   155 :  8.0936587e-34 -1.3894907e-33 -2.0441693e-33
   156 :  3.6405337e-35 -7.5409020e-35  1.9073932e-35
   157 :  2.7895429e-17 -4.9456214e-16  4.5456995e-16
   158 : -1.6148946e-10  2.1506247e-10 -1.1628296e-10
   159 :  1.0503745e-13  6.9103738e-14 -7.6292869e-14
   160 : -1.1612335e-41  2.4674263e-42  4.5148209e-42
   161 : -1.2936724e-40  4.6321023e-40 -8.0917898e-40
   162 :  9.4329711e-02  1.5770196e-01  1.4987197e-01
   163 :  1.8791618e-07  1.5808528e-08 -3.5117685e-07
   164 : -1.1515470e-22  3.1462185e-22 -6.2380366e-23
   165 :  1.0286391e-12  2.0554263e-12 -4.5719085e-12
   166 :  1.4282436e-34 -2.7071009e-35 -2.7367147e-34
   167 : -6.0937818e-10  4.2735640e-12  6.7796883e-10
   168 : -1.0214608e-06  2.8732208e-06 -5.6937805e-07
   169 :  4.6224285e-01 -1.4682126e-01 -4.6830494e-01
   170 :  2.1766706e-31 -1.2889638e-31  5.5150241e-32
   171 :  1.8162518e-33  1.3372772e-31 -2.7046742e-31
   172 : -9.5935181e-07  4.1276507e-06  4.0305724e-06
   173 :  1.8102826e-08  3.3387241e-08 -1.1402216e-07
   174 :  3.1010424e-11 -4.8411435e-11 -2.9601127e-11
   175 : -7.2665421e-18 -4.3433665e-20  3.8066286e-18
   176 :  4.9539320e-29 -8.1032057e-29 -2.6595519e-29
   177 :  8.5624922e-11 -5.6355765e-11 -1.4364756e-10
   178 :  4.1372288e-01 -5.0950509e-01 -8.0288415e-02
   179 :  4.9692776e-10 -8.0343877e-10 -3.3703798e-10
   180 : -1.9263288e-35  2.0200321e-34 -1.3784400e-34
   181 : -1.0719612e-06  3.7217783e-07  2.4253300e-06
   182 : -6.3751457e-20  9.3935499e-20 -1.4482981e-19
   183 : -5.2395826e-05  1.6871987e-05 -1.6901596e-06
   184 :  1.8566496e-43  2.6942273e-42 -1.4042365e-42
   185 : -2.1842550e-23  4.7958648e-24  7.9398821e-24
   186 :  3.7970205e-16 -3.5557391e-16  4.3633936e-16
   187 : -1.9977992e-10  1.4369541e-09 -1.2945784e-09
   188 :  1.6178597e-01  6.6774467e-03  3.8834084e-01
   189 : -1.4009835e-09  1.8593919e-09  1.1413617e-09
   190 : -7.3890662e-12 -5.2902193e-12  4.5750487e-12
   191 :  7.0772071e-40 -5.8369658e-40 -9.1668084e-40
   192 :  4.1997224e-06  8.0048181e-06 -1.4511406e-05
   193 :  1.3562495e-01  1.6266193e-01  8.0425337e-02
   194 :  8.2206454e-02  2.2440441e-02  4.4022797e-01
   195 : -1.1986331e-16 -3.9721036e-17  7.6971522e-17
   196 :  1.0239657e-33 -7.1095146e-34 -1.4622722e-33
   197 : -2.3280484e-33  3.9518573e-33  7.6255822e-34
   198 :  7.7832762e-14 -2.8839459e-14 -1.0997802e-14
   199 : -1.5347587e-02  3.7914909e-02 -1.3276971e-02
   200 :  7.1407516e-30 -1.7738585e-29  5.9486620e-30
   201 : -1.2384080e-07 -1.0830793e-06  2.4105974e-06
   202 : -2.8015979e-16  4.1404551e-17 -3.1650167e-18
   203 :  1.6919922e-36  1.4071831e-36 -1.4604193e-36
   204 :  5.5486192e-17  3.8464707e-16 -4.1900040e-16
   205 : -4.8078126e-07  3.8864059e-06 -1.2042937e-06
   206 : -3.9202806e-36  1.4701816e-36  3.5356135e-37
   207 : -4.9922679e-34  3.2335782e-34 -1.8387525e-34
   208 : -5.6987717e-25  5.1708819e-25  4.5611349e-25
   209 :  2.1124339e-01  2.0951803e-01  1.0263682e-01
   210 :  1.3606098e-17 -1.5626519e-17 -1.2901267e-17
   211 :  6.2708569e-36 -3.0910323e-36  3.7026024e-37
   212 : -1.9145636e-10  4.7623298e-10 -1.5282676e-10
   213 :  1.0466610e-33 -7.5495372e-33  8.3023371e-33
   214 :  2.3848874e-02 -3.1261907e-03  1.9992537e-01
   215 : -1.3179369e-01 -1.9521294e-01 -5.0202661e-03
   216 : -3.9663304e-10  4.9883650e-10  1.5376989e-10
   217 :  4.1062583e-43  1.8985751e-42 -1.1185227e-42
   218 :  2.5589593e-27  1.8223595e-26 -2.3839271e-26
   219 : -1.3573622e-07 -4.4085018e-08  2.2789043e-07
   220 :  1.1595923e-22  3.6642325e-23 -1.9001246e-22
   221 :  4.3722830e-29 -1.7248502e-29 -7.5494667e-29
   222 : -6.0529383e-03  2.8265415e-03 -7.0934079e-03
   223 : -8.7647632e-05  3.9436880e-04 -1.3878961e-04
   224 : -5.2684436e-14  7.8721085e-14  2.2117674e-14
   225 :  1.6724449e-22 -4.7912818e-22  1.2167929e-22
   226 : -1.0443773e-29  4.8742353e-30  3.6056543e-30
   227 : -1.4156544e-16  4.1134856e-17  4.1374427e-17
   228 : -7.8442033e-14  1.8063792e-13  2.8042045e-14
   229 : -7.4630953e-20  4.3922481e-19 -1.6479365e-19
   230 :  1.8851090e-31  1.1969389e-30 -6.6198484e-31
   231 : -6.7186335e-31  1.0527897e-30  3.4031000e-31
   232 : -6.7596196e-41 -4.7900565e-41  5.6411547e-41
   233 :  3.7942596e-29 -1.0058159e-28  3.5088820e-29
   234 :  9.4217931e-02 -5.4381055e-02  7.1349480e-02
   235 :  4.6613241e-06  2.1608565e-05 -4.9138368e-05
   236 : -3.1158294e-27  4.8820459e-27  1.8245397e-27
   237 :  3.5427603e-25 -1.4902481e-24  9.2195611e-25
   238 :  6.1912278e-38  8.4823870e-39 -3.4900605e-38
   239 :  3.8829953e-29  4.8919364e-30 -5.3941665e-29
   240 :  1.1481882e-34  3.6981610e-36 -2.4415100e-34
   241 : -8.6589744e-08 -9.4348438e-08  2.5050785e-08
   242 :  1.4215968e-08  1.9053264e-08 -5.5326482e-08
   243 : -4.3561659e-03  1.9852854e-03 -2.5075934e-03
   244 : -6.2734299e-05  2.0282572e-05 -2.9361553e-05
   245 :  8.6638942e-28  6.0242664e-29 -1.6064041e-27
   246 : -3.7065166e-09  3.3151111e-09  1.2150784e-09
   247 : -2.8619748e-03  2.6978837e-03 -3.3225170e-03
   248 :  3.1780468e-42 -4.5848598e-42 -1.8818350e-42
   249 : -1.4838567e-21  5.6920551e-21 -2.2286999e-21
   250 : -2.6628566e-08  4.0904570e-09  2.7820557e-08
   251 : -1.5021840e-14  3.0431372e-14  1.5732195e-14
   252 : -3.2535407e-30  5.9330310e-30 -4.1233161e-31
   253 :  3.6729352e-37 -4.1770095e-37  5.1091997e-37
   254 :  2.0037894e-02 -1.0326779e-02 -7.4913147e-03
   255 : -3.3209839e-17  1.2123225e-16 -7.2642775e-17
   256 : -1.5199165e-09 -3.1563583e-08  1.4454779e-08
   257 : -3.7757879e-05 -8.0407778e-06 -4.9972257e-05
   258 : -2.6658940e-17 -2.5655620e-17  7.8152838e-17
   259 :  2.3002807e-24 -2.1661130e-24  2.2787757e-24
   260 :  1.2597766e-08 -1.3826790e-07  8.8801600e-08
   261 : -2.7769119e-16 -1.7876362e-16  1.0491014e-15
   262 :  7.0977401e-28 -2.4124274e-27  1.5131616e-27
   263 : -1.8662570e-31  2.0019034e-31  1.9798745e-31
   264 : -3.8507446e-15  3.9926910e-15 -4.8072441e-15
   265 : -1.9524039e-07  1.8671213e-07 -3.9660617e-07
   266 :  5.3559928e-21  1.6655657e-20 -9.9262166e-21
   267 : -3.8483453e-19  6.8893642e-19 -1.4855615e-19
   268 :  3.4371111e-32  9.3284673e-32 -2.2402115e-31
   269 : -1.0098218e-03  1.6879348e-04  1.3694505e-03
   270 : -1.9026583e-18  9.2142386e-18 -4.8011224e-18
   271 : -2.3409414e-07 -5.2623229e-07  1.9694122e-06
   272 :  2.5470751e-18 -4.0117122e-19 -1.6498941e-18
   273 :  1.5038466e-30 -1.6433052e-30 -1.4203025e-30
   274 :  4.6843912e-09  1.1972293e-08 -2.6045496e-08
   275 :  5.6260625e-26  3.0707029e-26 -1.5598868e-25
   276 : -3.7139041e-06 -4.6259573e-06 -1.0366517e-07
   277 :  2.9065781e-28 -1.7678623e-28 -4.3821057e-28
   278 : -7.7240984e-09  5.9710662e-09  9.0851904e-09
   279 :  1.0897806e-14 -1.6611483e-15 -4.3070968e-15
   280 :  3.6348114e-01  9.6929722e-02  1.6895128e-01
   281 :  9.4675547e-15 -1.6316776e-14 -5.2185514e-15
   282 : -2.7550383e-21  1.6447654e-20 -3.4139490e-20
   283 : -1.4236228e-25 -1.4874845e-25  4.3350644e-25
   284 :  1.7510479e-27 -1.0216431e-27  2.5052095e-27
   285 :  4.9446160e-02  3.8741883e-03 -2.3996876e-02
   286 : -2.7758091e-11  2.0401348e-09 -3.2343443e-10
   287 :  4.4792043e-11  7.2374096e-11 -3.9023605e-11
   288 :  1.3260383e-01  1.3275295e-01  7.0123446e-02
   289 : -3.4979388e-12  4.9798351e-12 -8.8882528e-12
   290 :  7.3537980e-02  1.2802668e-01  1.9369717e-03
   291 : -4.0202791e-15  6.1579351e-15 -8.9506065e-16
   292 :  2.6284125e-04  3.8080938e-04 -3.2820130e-04
   293 : -4.2684062e-24  1.9473747e-24  6.7570908e-24
   294 : -8.2259740e-10 -2.3313942e-11  7.0806223e-10
   295 :  3.8054422e-36 -2.0999203e-35  8.2962970e-36
   296 :  5.6223935e-07  5.5875304e-06 -1.1358093e-05
   297 :  1.5443073e-13 -6.9252174e-13  3.8328898e-13
   298 :  6.1900437e-14 -1.0285143e-13  2.9557781e-14
   299 : -9.0777010e-39 -3.6149535e-39  2.0368554e-38
   300 :  2.3175950e-06  2.5318314e-06 -9.2032312e-07
   301 : -2.4706679e-15  1.7536423e-15  2.5005304e-16
   302 : -3.9513949e-10  1.9353294e-09 -3.2794685e-10
   303 : -6.6566466e-11  3.1013911e-11  1.3695299e-11
   304 : -4.7789610e-10 -9.4294126e-10  2.9846500e-09
   305 : -2.5038012e-16  1.6143472e-16  4.0539699e-17
   306 :  1.0006335e-06 -7.5174553e-05 -4.2874681e-05
   307 : -3.1400630e-11  1.5451421e-10 -6.1447364e-10
   308 : -4.0059062e-14  3.8405739e-15  3.1507778e-14
   309 :  1.0130493e-38  3.6008756e-37 -1.8215212e-37
   310 : -9.5900271e-13  3.0792493e-12 -1.0794576e-12
   311 : -2.5403087e-09 -8.3213246e-10  5.4331612e-09
   312 : -1.1803582e-34  4.5035953e-34 -8.6463339e-34
   313 :  1.2258709e-24 -4.2782940e-24  1.3005633e-24
   314 : -3.3241025e-37 -2.7862743e-37  8.7342285e-37
   315 : -5.6661014e-29 -2.5550165e-28  1.4722345e-28
   316 :  4.2272420e-04  1.5652154e-04 -1.7454777e-04
   317 : -2.4777564e-39 -2.8830884e-38  3.2792665e-38
   318 :  1.7858881e-06 -2.7220859e-07  1.5731894e-08
   319 : -5.6507861e-07  3.5170838e-07  9.9459643e-07
   320 :  4.0408552e-01 -4.7552800e-01 -3.2435059e-01
   321 : -2.7077329e-04  1.4151679e-04  4.9986900e-04
   322 : -4.8817311e-37  1.1385653e-36 -1.5329790e-37
   323 :  3.3194602e-41 -4.8304339e-41  7.9055357e-42
   324 : -1.4178219e-27  4.6515654e-27 -1.4065908e-27
   325 :  1.4592404e-24 -7.9501965e-24  1.5718313e-23
   326 : -1.0859516e-02  8.0646450e-03  1.3092548e-02
   327 :  8.4262797e-01 -7.9906397e-01  8.6607778e-01
   328 : -6.7726953e-08  1.6407451e-08  1.8926711e-08
   329 :  1.9784504e-26 -2.6071371e-25  1.1990777e-25
   330 : -8.4999944e-41 -1.4064482e-40  3.0892288e-40
   331 : -3.5565625e-18 -2.4480458e-18  1.0332993e-17
   332 :  2.5250084e-10  2.7010742e-10 -2.5006319e-10
   333 :  3.1275718e-24 -1.8867633e-24  9.8846979e-25
   334 : -7.0024417e-07  3.6972038e-06 -1.6483695e-06
   335 :  2.2398118e-10 -3.2223737e-10 -4.5451242e-10
   336 : -2.2563359e-09  4.7682872e-09  9.1116281e-10
   337 :  9.0023674e-38 -1.3602374e-35  1.4436042e-35
   338 : -2.5688854e-08  4.7194484e-08 -8.1749824e-09
   339 :  1.3700712e-27  1.0763681e-26 -1.2752608e-26
   340 : -4.4514259e-07  1.0337689e-06  6.9198561e-08
   341 : -1.0003824e-35 -2.5442478e-36  8.1499594e-36
   342 : -2.3850692e-29  1.0368695e-29  3.9857911e-29
   343 : -4.8465863e-15  4.0211675e-15  3.3800520e-16
   344 :  3.5087481e-06 -9.7474145e-06  2.7651754e-06
   345 :  8.9483933e-02 -2.7477364e-02 -2.0362154e-02
   346 : -7.3458473e-29 -8.4161968e-29  7.3751759e-29
   347 :  3.2044313e-06 -1.5514004e-06  1.4494695e-06
   348 : -2.0887022e-15 -5.3426588e-15  3.4761285e-15
   349 :  4.0603724e-16 -2.3409500e-16  1.2814466e-16
   350 :  2.0409677e-06 -8.8760440e-07  2.1836113e-06
   351 :  1.7791570e-22  2.0336099e-22 -1.7749167e-22
   352 :  2.3850841e-06 -1.0463479e-06  7.4433803e-08
   353 : -9.0171284e-10  5.4251922e-09 -1.7192257e-09
   354 : -6.0483792e-02  4.3963936e-02 -1.6493974e-01
   355 :  8.7149227e-02  1.1866123e-01  1.5250642e-01
   356 :  7.0244779e-36  1.2393090e-35 -2.7355009e-35
   357 :  7.8565579e-06  7.9275259e-06 -2.3484078e-05
   358 : -4.8072634e-17  7.7913340e-17  3.1665322e-17
   359 : -4.5779553e-43  1.0998016e-42 -3.2859043e-43
   360 :  8.7025457e-08  2.6424489e-08 -5.3599432e-07
   361 : -6.5083068e-22  1.1430804e-21 -2.3463777e-22
   362 : -2.6091128e-15  1.4771274e-15 -1.9888679e-16
   363 : -4.0550540e-19  2.4245093e-19 -1.3337310e-19
   364 : -1.4499048e-20  5.5040835e-20 -1.8251527e-20
   365 : -1.6428861e-15  8.5253530e-16 -1.0343724e-15
   366 :  1.0060601e-32 -6.3661617e-33 -1.4514484e-32
   367 : -2.2099981e-12 -1.1314572e-12  5.5762193e-12
   368 : -8.4523747e-08  4.2543929e-07 -1.9962503e-07
   369 : -6.5671307e-16  4.1050943e-16  1.2746439e-15
   370 : -4.5655889e-19  1.2053680e-18 -2.7516540e-19
   371 :  9.8702264e-33  2.7086717e-33 -1.5210289e-32
   372 :  4.7968060e-15 -3.8059968e-15 -5.8560187e-15
   373 : -6.4289255e-10 -7.3298871e-10  2.7599861e-09
   374 :  3.7637995e-02 -9.4531826e-03 -1.4843969e-02
   375 : -1.1581860e-23  8.0312853e-24  1.3399112e-24
   376 : -8.8679245e-37 -7.0211539e-36  8.7310515e-36
   377 :  1.1102331e-13  1.9212808e-13 -1.1584485e-13
   378 : -7.8582712e-20 -8.2685318e-19  5.7468025e-19
   379 :  7.5275922e-40 -2.2268310e-39  7.3717786e-40
   380 :  7.9423297e-05  1.6554236e-04 -7.0715565e-06
   381 :  1.9534763e-17  6.4639004e-17 -3.7779133e-17
   382 :  1.6777726e-23 -2.4238397e-23 -1.0331148e-23
   383 :  9.8383955e-06  1.1590515e-05 -3.6622247e-06
   384 : -2.2274680e-22 -1.8976677e-23  2.1788268e-22
   385 :  6.6505257e-09 -1.7036193e-08  8.9060763e-10
   386 :  3.4205520e-04 -1.0897442e-04 -8.5559859e-05
   387 : -4.3758544e-26  3.0609903e-27  9.0131033e-26
   388 :  1.7770938e-01  1.6965939e-01  7.4172298e-03
   389 :  9.2366236e-22  2.6395292e-21 -3.4453348e-21
   390 :  1.9808734e-08 -3.0182505e-08 -4.5315910e-09
   391 :  8.7301042e-19  2.8713225e-17 -1.4258939e-17
   392 : -2.9156744e-06  7.2331548e-06  1.5545780e-06
   393 :  3.5123551e-06 -5.0826343e-05  1.5606243e-05
   394 : -2.4189832e-22  7.1674959e-22 -1.8892081e-22
   395 :  8.0280091e-13 -6.2977071e-13  6.1756636e-13
   396 : -1.9905673e-39  4.2085793e-39 -6.6751187e-39
   397 :  1.3344271e-06 -6.7311631e-06  2.5263400e-06
   398 : -1.0727651e-10  1.1027023e-10 -8.9171011e-12
   399 : -1.4813247e-05 -4.6965984e-05  6.1522628e-06
   400 :  7.2503141e-11  1.5542062e-11 -9.4377347e-11
   401 : -1.1120758e-09  1.4513060e-09  8.8195835e-10
   402 :  1.3784049e-20 -4.0835070e-21 -3.1844510e-21
   403 :  3.4199851e-20 -3.0433755e-19  2.2474640e-19
   404 : -5.4361954e-34 -2.7873641e-33  3.9858046e-33
   405 : -1.3520945e-12  6.1521247e-13  6.5743361e-13
   406 :  5.6161261e-07 -3.1450131e-07 -2.5448936e-07
   407 :  2.7053255e-05 -4.0464348e-05 -2.6069524e-05
   408 : -7.2947113e-05  3.4315547e-04 -4.2450724e-06
   409 : -9.2103505e-12  1.0018794e-12  3.8130365e-12
   410 : -8.2610410e-02 -2.3405090e-01 -1.3956543e-01
   411 :  5.5045985e-12 -1.0217335e-11 -2.6950981e-12
   412 : -1.8998540e-12 -1.5705977e-10 -3.0667670e-10
   413 :  3.9540281e-36  3.7840713e-36 -1.1901574e-35
   414 :  1.1489268e-01 -5.6326844e-02  1.6023940e-01
   415 :  8.7085253e-11 -1.2277186e-10 -8.9811445e-11
   416 :  5.6228896e-26  8.5383680e-27 -7.1212830e-26
   417 :  4.4227075e-07 -9.5042608e-07  2.6743873e-06
   418 : -1.6503382e-04  6.1250839e-05  5.6243933e-04
   419 :  2.4008046e-32 -2.5347792e-32  1.5470259e-34
   420 : -6.3206773e-30  2.3003396e-29 -1.0174925e-29
   421 : -2.5725471e-27  1.2284627e-26 -6.4771278e-27
   422 : -1.5928951e-15  1.5933023e-15 -2.2505074e-15
   423 : -9.8628396e-13  1.4461567e-11 -9.2877181e-12
   424 :  4.1369052e-22 -9.7087676e-22  2.7204148e-22
   425 :  1.3528797e-26 -6.8033343e-26  2.4705943e-26
   426 :  1.9120212e-18  2.8948367e-18 -2.1751441e-18
   427 : -1.1720292e-20 -4.0081930e-20  9.1865380e-20
   428 : -8.3100181e-21  1.4721267e-20  3.6140518e-21
   429 : -5.4852838e-10 -3.4523665e-10  3.1412382e-10
   430 : -4.0202671e-09  5.2327534e-09  1.6696900e-09
   431 : -1.9388197e-12  3.2582042e-12  1.2464507e-12
   432 :  1.7375190e-15  4.8879531e-15 -1.1420469e-14
   433 : -7.4613128e-35  7.4177606e-35  7.6837808e-35
   434 : -2.1792996e-03  4.1984196e-04  1.0351592e-03
   435 : -5.0780571e-12  2.5577943e-12 -5.1926892e-14
   436 : -5.2548082e-23 -1.8374354e-23  1.4014549e-22
   437 :  3.0347426e-07 -2.7273776e-07  1.7416695e-07
   438 : -1.6543372e-07  8.2940622e-08 -7.3532282e-08
   439 : -3.0431908e-05  9.9962920e-06 -3.5335640e-05
   440 :  2.1866932e-27 -8.3800715e-27  2.9672193e-27
   441 : -1.6986663e-38 -9.9960027e-39  3.5390827e-38
   442 :  1.2874308e-07 -7.1313685e-07  2.4283472e-06
   443 : -2.9344603e-14  5.6284492e-14  1.2677560e-14
   444 :  3.3412020e-07 -1.3633077e-07 -6.3224226e-08
   445 : -4.6476503e-17  1.7859599e-17  1.8687257e-18
   446 :  7.7240500e-02  3.5457963e-02 -3.1842661e-02
   447 :  9.5899613e-18 -1.6220728e-17  2.6089378e-17
   448 :  1.1139319e-11 -4.6648921e-11 -5.1650153e-12
   449 :  5.0228253e-35 -8.4958003e-35 -1.7743978e-35
   450 : -1.3444692e-37  1.6334862e-37  1.1229128e-37
   451 : -7.3917158e-03 -1.1112428e-02 -1.1736018e-03
   452 :  8.9378622e-02  2.6488188e-02  1.3069885e-01
   453 :  4.0351608e-02  1.7659961e-02 -1.9552947e-02
   454 :  1.4602837e-01  1.7195649e-01  5.4047418e-02
   455 : -3.1312771e-20 -4.8870723e-21  1.5740634e-20
   456 :  6.3259583e-11 -2.7501536e-11  3.9130607e-11
   457 :  5.6261855e-39  1.3937942e-38 -2.3449520e-38
   458 :  5.1777822e-19  9.0931492e-18 -1.4695930e-17
   459 :  1.2452825e-11  2.6742613e-12 -2.9695463e-11
   460 : -8.9772643e-11  1.3513732e-10  4.5914349e-11
   461 : -7.1186220e-18  4.9888487e-18  1.0862486e-17
   462 : -6.3630487e-15  1.4507522e-14 -7.3817407e-16
   463 :  5.5555252e-29 -1.9854081e-27  2.4306867e-27
   464 : -2.7367110e-07 -6.1913128e-07  3.3494593e-07
   465 : -7.5089345e-11  4.3248016e-11 -3.5452830e-11
   466 : -2.7228115e-05 -2.2654809e-05  7.6018384e-06
   467 : -8.7042527e-29 -3.2444348e-29  1.6843368e-28
   468 : -2.5654090e-25  5.0731162e-25 -1.0039440e-25
   469 :  2.9320225e-39 -5.2909630e-39 -2.6897772e-39
   470 :  3.4614901e-36 -4.0965357e-36  2.7776243e-37
   471 : -1.2719831e-22  9.6195660e-23  1.0150437e-24
   472 :  9.7964134e-27 -1.4377516e-26 -7.1032108e-27
   473 : -3.4673392e-09  4.5883538e-09  4.8364533e-09
   474 : -6.2144209e-32  3.5278058e-32  8.6436094e-32
   475 : -1.1801466e-21  1.1152518e-21 -1.3304173e-21
   476 : -1.8050364e-21 -1.8451079e-21  1.6286407e-21
   477 : -1.6820314e-41  1.0841745e-41 -7.2389438e-42
   478 : -2.2520510e-11  3.1171180e-11  3.1992017e-11
   479 : -5.3187376e-41  1.3254285e-40 -2.5696226e-41
   480 :  1.2008269e-03  9.6528350e-04 -3.9982220e-03
   481 : -2.6675020e-20 -3.3315075e-20  1.1976242e-19
   482 : -2.5914839e-30  8.3441111e-30 -2.8093530e-30
   483 : -1.6560633e-04  8.4761534e-05  3.4682957e-04
   484 :  2.9252601e-11 -9.2951751e-12 -8.7089136e-12
   485 :  1.9148005e-11 -1.7988478e-11 -2.1795497e-11
   486 :  8.9477491e-02 -9.5279676e-02  3.8949750e-02
   487 : -2.6070496e-10 -2.8098133e-10  6.6158155e-10
   488 : -3.4248695e-03  2.3902836e-04  1.4664402e-03
   489 : -3.6572599e-32 -1.2554484e-32  8.7679219e-32
   490 :  1.2192408e-27  1.8034476e-28 -6.8228676e-28
   491 :  4.3624134e-29  1.2099957e-28 -8.0887486e-29
   492 :  5.2840582e-09 -6.8973775e-09  9.4669582e-09
   493 :  4.9272822e-06 -1.3394838e-05 -3.2296895e-06
   494 : -1.0096985e-04 -1.2509131e-04 -2.9795591e-05
   495 :  2.0997799e-14 -1.4618347e-13  9.6815205e-14
   496 : -7.1847130e-25  2.2143175e-24 -7.7345983e-25
   497 :  1.1125522e-37  6.5986890e-37 -3.6539875e-37
   498 : -1.1331351e-35  1.4596196e-34 -3.0019446e-34
   499 :  1.2463461e-03 -1.5079281e-03  2.7672902e-04
   500 : -2.1758153e-38  1.4846530e-38  3.0698535e-38
   501 :  2.7248766e-42 -6.1451296e-41  4.4775446e-41
   502 : -1.8198110e-08  2.2950131e-07 -2.4074852e-07
   503 : -1.5593053e-07  1.4360380e-07 -5.8735261e-08
   504 :  1.3848331e-11 -2.7578205e-11  1.3157250e-11
   505 : -2.2179854e-03  1.6998075e-03  2.2796970e-04
   506 :  1.5720608e-27 -2.4522912e-27 -9.0273948e-28
   507 : -2.6042128e-25 -1.8665156e-25  5.6740696e-25
   508 :  2.0060198e-25  2.7647217e-25 -2.7975553e-25
   509 : -7.8866553e-10 -7.0367857e-11  8.0889520e-10
   510 : -1.0648142e-25  3.5367314e-25  1.3390416e-24
   511 :  1.1332715e-19 -3.0484566e-19  1.7246347e-18
   512 : -2.0759063e-19 -1.6725726e-18  8.3886853e-19
   513 : -1.1976491e-13 -6.7371272e-14  3.2560652e-13
   514 : -3.9014081e-13  1.2646760e-12 -3.8934935e-12
   515 :  7.9479323e-06  4.4015651e-06 -1.8851792e-05
   516 :  1.2692167e-25  3.4615206e-25 -2.3003359e-25
   517 : -1.3847238e-06  4.0338869e-06 -5.2191142e-06
   518 :  5.6786837e-13 -1.4504790e-13 -2.8670159e-13
   519 : -7.2099565e-18  1.3936185e-17  1.7316393e-18
   520 : -5.6408940e-14 -5.3884957e-14  1.3829628e-13
   521 :  1.2439825e-06 -1.4104108e-07 -1.9750631e-07
   522 : -1.5251782e-01 -6.6427687e-02 -1.8853298e-01
   523 :  9.3459084e-05 -3.3207738e-05 -1.6274701e-05
   524 : -1.2548694e-13  8.6297511e-14  1.2340205e-14
   525 :  1.8029305e-11 -8.6456037e-12  2.5164811e-12
   526 : -2.6406489e-19 -1.0159689e-19  3.9245993e-19
   527 : -2.0964672e-32 -1.0323291e-32  4.4454808e-32
   528 :  6.6415174e-02  2.0529686e-01  1.6411988e-01
   529 : -2.7836544e-09  2.7549328e-09  4.9709226e-09
   530 : -2.3608498e-04  3.9991472e-04 -1.0422494e-04
   531 :  1.5832008e-08  2.2467271e-08 -9.8081007e-09
   532 : -8.7271097e-19  7.5194668e-18 -5.4940019e-18
   533 :  1.0914423e-42 -1.1069004e-42  1.1738573e-42
   534 : -2.7639155e-43 -1.0697349e-42  2.4556835e-42
   535 :  7.2647787e-31 -2.6098636e-30  8.1737941e-31
   536 : -3.3884805e-05  6.6602944e-06  8.8449856e-08
   537 : -4.5348267e-08 -1.3539545e-08  2.8816871e-08
   538 : -1.9223595e-10  7.5160795e-11  3.5694285e-11
   539 : -7.7452936e-32  2.6746000e-31 -9.6056210e-32
   540 : -2.9622681e-28  2.5740349e-27 -1.7540708e-27
   541 :  3.4023139e-26  1.2506986e-25 -2.1287553e-25
   542 :  2.0703497e-14  5.9485988e-14 -3.9284784e-14
   543 : -1.0911780e-33 -1.0895650e-33  4.0924125e-34
   544 : -2.4283557e-13  5.3390053e-13 -1.3141661e-14
   545 :  2.9263467e-23  5.7965722e-24 -6.8591966e-23
   546 : -8.2805207e-04 -5.6611301e-04  7.1999532e-04
   547 :  1.0057798e-29 -2.6147122e-29  5.9120826e-30
   548 :  9.9668597e-06  6.1035966e-06 -3.3047443e-05
   549 : -4.9163750e-25 -4.4443200e-25  1.4853520e-24
   550 : -3.9466675e-10 -1.0520547e-09  2.3930504e-10
   551 :  1.1591391e-05 -7.0454047e-06 -2.5655945e-05
   552 :  2.4922772e-07 -2.1328070e-07 -1.0523070e-07
   553 : -3.0329540e-08  5.2023780e-09  1.6965699e-08
   554 :  3.1731370e-24 -1.3110429e-23  4.6216283e-24
   555 : -9.1839621e-15  5.4717218e-14 -2.2594686e-14
   556 :  7.0860641e-26  7.9722740e-26 -6.9822276e-26
   557 :  1.9020871e-01  1.5877805e-01  1.1206225e-01
   558 : -5.6177671e-09 -8.7708557e-09  2.0634042e-08
   559 :  8.8805660e-07 -8.8808038e-07  2.8267547e-08
   560 :  1.1814507e-09 -2.2309760e-09 -4.3382502e-10
   561 :  4.9357982e-02  1.4449483e-01  3.6950343e-02
   562 :  7.2682765e-20  1.2832812e-19 -9.4418718e-20
   563 :  3.2437724e-37 -1.1420210e-37 -8.5527988e-38
   564 :  2.2996332e-05 -3.3604297e-05 -1.0163289e-05
   565 :  7.0624371e-04 -2.4756432e-04  5.2234478e-04
   566 :  2.2447893e-28 -2.7843784e-27  3.5623875e-27
   567 : -8.1227452e-15  1.2231123e-15  1.5774060e-14
   568 : -1.9126637e-06  4.1233863e-07 -3.0664838e-07
   569 : -2.1312017e-05 -1.1622968e-05  8.8839050e-06
   570 :  1.9958451e-23 -3.7272338e-23 -7.8902284e-24
   571 :  3.4381329e-16 -4.0014356e-15  1.5436277e-15
   572 :  7.1840330e-41 -1.0942708e-39  5.0418277e-40
   573 :  1.3101728e-10  2.3088237e-11 -3.3681397e-10
   574 : -4.9575630e-10 -4.8580789e-09  1.2102690e-08
   575 :  1.8831202e-01  9.6929692e-02  1.6181602e-02
   576 : -7.2699764e-13 -3.6503683e-13  4.3528474e-12
   577 :  9.6183944e-02  1.5318689e-01  5.1386817e-02
   578 : -5.2107946e-44  5.6690852e-44  1.0473575e-44
   579 : -6.3970046e-03 -7.6849582e-04 -1.9544744e-04
   580 :  1.3725380e-01  1.3593247e-01  3.4724190e-02
   581 : -3.8175945e-24  1.2136893e-23 -3.1675633e-24
   582 :  4.2765471e-41 -1.8011905e-40  6.6182378e-41
   583 :  6.4087427e-22 -2.1526540e-21  7.7754916e-22
   584 : -1.1539682e-33  1.9192053e-33  4.0916384e-34
   585 : -9.5022505e-06 -5.7146349e-05  2.0808266e-05
   586 :  4.2973456e-28 -7.6427781e-28 -1.2449024e-28
   587 : -2.1320333e-20 -3.3102180e-20  7.4144163e-20
   588 :  4.4843770e-27 -4.6773633e-27  8.5591744e-29
   589 : -2.9005380e-06  1.7746396e-06  5.1228837e-06
   590 : -8.2700231e-07  1.1930068e-06  2.9716289e-06
   591 :  1.4170320e-37 -2.0794946e-37 -7.7548337e-38
   592 :  4.6261029e-24  2.3063528e-24 -9.2727845e-24
   593 :  1.3611610e-17 -1.6013911e-18 -9.4176615e-18
   594 :  4.3508990e-20 -2.5857933e-20 -8.1307730e-21
   595 : -1.1991241e-10 -9.7157268e-13  1.1526216e-10
   596 : -1.1097055e-11  3.7404160e-11 -4.8960484e-12
   597 :  3.9227210e-16  3.9161011e-16 -1.0398183e-15
   598 : -8.5894963e-20 -4.4164513e-19  2.5386533e-19
   599 : -8.9785093e-03 -2.1206389e-05 -1.1538827e-02
   600 : -1.0293892e-12  1.6214090e-13  2.1877150e-12
   601 :  9.5275500e-03 -2.9078122e-03 -1.2816472e-02
   602 : -3.8949331e-29 -2.3981626e-28  1.2991549e-28
   603 : -2.0907301e-32 -7.2313688e-32  4.2995759e-32
   604 : -8.5754577e-23  1.5402705e-22 -2.2659909e-22
   605 : -1.6741801e-17  2.2395632e-17  1.5470705e-17
   606 :  1.1480558e-02 -1.8247692e-01 -6.9218239e-02
   607 : -1.1045807e-12  1.5261691e-12  1.0067118e-12
   608 :  3.9150252e-26  2.6772727e-26 -2.9460089e-26
   609 :  1.5912742e-22 -1.5986006e-22 -4.1831821e-23
   610 :  5.9820369e-32  2.2150945e-31 -5.1117218e-31
   611 :  7.3567695e-03 -2.1480762e-03 -4.3011999e-03
   612 :  5.9814136e-13 -6.1058411e-13 -8.9249836e-13
   613 :  2.8865641e-16  8.7221887e-17 -7.3389183e-16
   614 : -1.1867019e-06  1.5877422e-06  8.9196641e-07
   615 : -1.3756767e-14 -1.8618407e-16  2.9045534e-14
   616 : -4.1904374e-34  7.6311648e-34  8.5351639e-35
   617 : -2.6109219e-16 -1.2299261e-17  1.1310853e-16
   618 : -3.9953259e-20 -1.6825245e-20  2.7620919e-20
   619 : -4.1400408e-26  4.4089841e-26  3.9492536e-26
   620 : -3.2279645e-18  2.9614394e-18 -3.5567325e-18
   621 :  2.8960776e-13 -2.7706341e-13 -4.0845672e-13
   622 : -2.0069438e-04  7.2976176e-04  3.1448108e-04
   623 : -4.6333955e-08 -4.0373497e-09  5.7669369e-08
   624 :  1.8604674e-15  2.0179256e-14 -7.7108180e-15
   625 : -2.9964762e-15  2.4733066e-14 -1.0742386e-14
   626 : -6.1546569e-44  2.4019320e-43 -9.1294082e-44
   627 : -1.0461822e-28  5.4693431e-28 -3.3893568e-28
   628 :  2.6382567e-20 -4.4799143e-20  8.8670371e-21
   629 :  2.4047936e-08 -6.7101553e-08  6.3303102e-09
   630 : -2.1930673e-05  1.0439571e-05  5.5014452e-06
   631 :  5.8331688e-17 -2.3821572e-16  5.7062496e-17
   632 :  1.4703933e-34  1.1426346e-34 -4.2220321e-34
   633 : -1.1486766e-08  1.4465254e-08 -9.9001191e-10
   634 :  1.0232641e-11  6.3124928e-13 -4.8297746e-12
   635 :  4.6717916e-09 -5.2284384e-08 -1.2320436e-08
   636 :  1.3102653e-06  8.3479024e-07 -7.4525906e-07
   637 : -2.6682991e-05  1.5101660e-05 -4.9753269e-05
   638 :  5.3333171e-04  1.6431291e-04 -5.3233406e-04
   639 :  1.2168425e-06  9.1027675e-07 -2.2571688e-07
   640 :  9.1933242e-02  1.9556641e-01 -1.9186637e-02
   641 :  9.3653182e-26 -1.9143559e-25 -2.2465469e-29
   642 : -2.4610177e-09  2.4596488e-09  3.0711800e-09
   643 :  1.4823668e-07  5.8638826e-08 -2.6687430e-07
   644 : -4.6288593e-08  1.6066955e-08  3.5444197e-08
   645 : -1.8455013e-12  5.7282982e-12  3.0594061e-13
   646 : -7.2315861e-14 -1.7922282e-13  3.1047415e-13
   647 :  4.2125354e-02  7.2489718e-03  1.7611602e-01
   648 :  1.1328911e-13 -3.6413092e-13  8.5242642e-14
   649 :  1.8504982e-06 -1.4399835e-05  3.7313793e-06
   650 : -4.0510484e-15  5.6033670e-15 -8.3248532e-15
   651 :  5.0492735e-04  9.1315606e-04 -3.4661810e-03
   652 : -1.3821585e-13 -8.5165597e-13  5.2259120e-13
   653 : -1.2702473e-04 -7.7471032e-05  1.8616712e-04
   654 :  5.1891351e-22  4.2911926e-24 -4.5604958e-22
   655 :  1.5391810e-13  8.6789523e-14 -3.9078488e-13
   656 : -8.4514528e-03 -1.2263135e-02  6.8408821e-03
   657 : -3.0823586e-06  8.5580404e-06  1.2328033e-06
   658 : -5.4262508e-13  5.1511780e-13 -9.5799323e-13
   659 : -1.2454361e-10  3.8800445e-11  3.7430972e-11
   660 :  6.7520785e-05 -1.7363142e-04  4.6169968e-04
   661 :  1.5958028e-01  1.8969097e-01  1.1334042e-01
   662 :  6.9209408e-21 -9.3513841e-22 -7.9820656e-21
   663 :  9.4375665e-07  5.9084419e-06 -1.5459817e-05
   664 :  2.6061541e-04 -1.0475684e-04  8.0679948e-04
   665 :  2.1342275e-04  1.1909075e-05 -6.6022094e-05
   666 :  2.5543250e-34 -1.8320492e-34 -3.4004261e-34
   667 :  1.2468154e-23 -6.7799699e-24  3.8786634e-24
   668 : -5.6279512e-08 -1.3659757e-07  2.0240103e-07
   669 :  3.6708270e-43  4.9024606e-43 -1.2265642e-42
   670 : -1.7652852e-05 -9.2723387e-07  7.0611637e-06
   671 :  1.6727896e-01  1.5890663e-01  2.0755516e-01
   672 :  1.7371582e-05 -1.5965601e-06 -2.9896532e-05
   673 : -2.1098177e-18  1.8650248e-20  4.3836366e-18
   674 :  1.5829989e-15 -1.2833466e-15 -2.0875712e-15
   675 :  1.2361982e-16 -7.9552616e-17  6.2430975e-17
   676 :  7.2743865e-13  3.5328064e-12 -1.1355988e-12
   677 :  1.1975256e-12 -5.3968147e-13 -1.3324176e-13
   678 :  1.6905653e-06  1.3098753e-06 -5.7769829e-06
   679 :  6.3550158e-11 -2.2014994e-10 -1.2010575e-10
   680 : -6.5594454e-10 -5.5271847e-10  1.4000829e-09
   681 : -3.0307382e-24  1.9981431e-24 -1.3730281e-24
   682 : -4.6146846e-25  3.1392027e-25 -4.1781801e-25
   683 :  3.4903343e-22 -3.8315157e-22 -4.1688144e-22
   684 : -2.2861235e-28  1.0922624e-28  1.0511753e-28
   685 :  3.3806653e-12  1.4917917e-11  6.7697032e-12
   686 : -7.9318455e-16  2.4016811e-16  1.9822881e-16
   687 : -3.6775463e-28  8.1969914e-28 -1.4880616e-27
   688 : -4.7253779e-17  7.1162191e-17  2.7383098e-17
   689 : -4.6018239e-03 -1.0024143e-03  2.1031718e-03
   690 : -4.6964883e-12  2.3215393e-12  9.7353603e-13
   691 :  1.6367317e-12  3.2870218e-12  4.8523588e-12
   692 : -4.9353996e-13  5.9515081e-13 -3.6303481e-13
   693 : -1.3322719e-42  1.9099334e-42  8.8968672e-43
   694 : -5.9571785e-30  4.5716528e-29 -3.7850928e-29
   695 :  3.0902176e-04 -4.0430997e-04  6.7418495e-04
   696 :  1.1724234e-07 -6.4707983e-08 -2.8281793e-07
   697 :  1.7441442e-12 -1.6100109e-12 -2.8264896e-12
   698 :  3.4922918e-04  5.9552146e-04 -9.0167391e-05
   699 :  7.2562655e-20 -4.3425987e-19  8.2219390e-19
   700 : -1.1899763e-35 -1.6341477e-35  4.4862794e-35
   701 :  2.1609108e-33 -6.6887267e-33  2.2552202e-33
   702 : -1.2560599e-23  2.5478978e-23  1.1273274e-24
   703 :  1.9659278e-01  1.9988600e-01  1.3582677e-01
   704 :  3.2563095e-13  5.4723307e-15 -3.6497701e-13
   705 :  9.2632943e-28 -4.9338168e-27  2.0264359e-27
   706 :  2.9651522e-01  2.7350338e-02  2.5192026e-01
   707 : -2.0484963e-07 -2.5747151e-07  1.8935675e-07
   708 :  1.1674824e-08  4.2213690e-10 -4.4460342e-09
   709 : -1.1885319e-15  2.0691550e-15 -3.6117584e-15
   710 : -2.2498467e-19  2.2356506e-20  2.1969801e-19
   711 :  4.2702831e-14 -1.5802422e-14  8.8382658e-15
   712 :  8.6136492e-07  1.8489734e-06 -4.3297076e-07
   713 :  1.2766770e-13  5.2106866e-13 -1.3968806e-12
   714 :  3.0779375e-02  1.4495920e-01 -2.6025749e-02
   715 :  2.9446669e-11 -7.0953137e-12 -7.3634487e-12
   716 :  7.0541529e-31 -1.2591508e-29  2.5272063e-29
   717 :  1.7111969e-09 -6.3621041e-10  1.9843777e-08
   718 : -5.1902830e-14 -1.8394399e-14  9.0304306e-14
   719 : -8.7770866e-08 -1.1020998e-07  7.6133179e-08
   720 :  1.5662539e-01  1.7943709e-01  2.0873274e-01
   721 :  1.0363096e-04  2.8259117e-05  1.1983272e-04
   722 : -5.4808788e-26 -5.9758364e-26  4.9347302e-26
   723 :  7.5474319e-25 -2.9365132e-24  1.4822227e-24
   724 : -4.3557120e-25 -5.0792548e-25  5.0390294e-25
   725 :  1.1148559e-06  3.6266290e-06  3.9915149e-08
   726 : -5.4695788e-17  8.5124293e-18  2.0633280e-17
   727 :  5.6856067e-06  6.3716444e-08  1.2943351e-06
   728 :  9.2902594e-09  1.2207809e-08 -8.3798004e-10
   729 : -1.1249456e-11  6.2800489e-11 -9.8156508e-12
   730 : -1.4743163e-12  7.5498186e-13 -1.4061540e-12
   731 :  4.9615015e-24 -1.2373093e-23  3.6938752e-24
   732 :  3.8480747e-21 -6.8331751e-22 -4.5563419e-22
   733 : -5.1773535e-13 -8.2058015e-13  3.1001171e-13
   734 : -2.7686887e-03  3.8819103e-03 -1.2669083e-02
   735 : -4.4511220e-13 -5.5021615e-13  1.4975180e-13
   736 :  2.5609167e-03 -2.5799913e-03 -7.0373175e-04
   737 :  1.5754481e-16  1.7740468e-16 -6.1500181e-16
   738 :  5.1541312e-07 -3.4651435e-07  4.1664156e-07
   739 :  1.4861535e-01  1.0094917e-01  1.7093496e-01
   740 : -6.5315502e-12  2.5999099e-11 -4.3319427e-12
   741 : -2.1905596e-06  1.7517359e-04 -6.0308985e-05
   742 :  8.5086546e-14  2.1926737e-13 -4.5379291e-13
   743 : -4.0793073e-12 -2.9732248e-12  1.5327612e-11
   744 : -9.0065118e-02  9.2412737e-02 -2.4038582e-02
   745 : -4.5697267e-27 -2.4145783e-26  3.8324475e-26
   746 :  1.4640913e-21 -1.8573376e-21 -1.6045708e-21
   747 :  1.3932007e-16  1.8411368e-16 -4.4281290e-16
   748 : -3.5174162e-12 -3.7238964e-12  1.7735852e-11
   749 :  6.3425141e-08 -1.3779337e-07  1.6150362e-08
   750 :  3.0383747e-29  9.1186124e-28 -1.1482888e-27
   751 : -1.3728994e-01 -1.9194442e-01 -2.0195631e-01
   752 :  1.6424320e-13  1.6539588e-13 -5.7950186e-13
   753 :  2.7457716e-08 -7.1762955e-08  2.5846030e-08
   754 :  8.4937575e-22  1.0884121e-22 -1.9045363e-21
   755 :  1.4046979e-01 -6.9464306e-02  7.3192252e-02
   756 :  9.2934029e-16  1.0100329e-15 -3.2423400e-15
   757 : -3.3017113e-40  7.9493354e-41  1.2144228e-40
   758 : -6.9092571e-03 -1.5106158e-02  5.6883065e-03
   759 : -2.3439785e-12  1.5787708e-12 -2.1907691e-12
   760 : -1.7781537e-18  4.4706453e-18 -6.2354714e-19
   761 : -8.6911693e-13 -3.8786312e-12  1.8306451e-12
   762 : -5.3823603e-03  2.9151046e-03 -6.3731737e-05
   763 : -1.0814287e-30  3.3255868e-30 -1.1116239e-30
   764 : -9.4836987e-32 -3.0447861e-31  1.9731903e-31
   765 : -3.8046365e-02 -1.5632837e-01 -2.1981812e-01
   766 : -7.0918327e-16  1.1819109e-15  7.3661999e-16
   767 :  8.4881547e-04  1.5771809e-03 -3.5374372e-03
   768 : -1.8430887e-27 -5.3457475e-27  1.3196064e-26
   769 :  1.1241808e-01  4.3918694e-02 -8.5327899e-02
   770 :  3.9910616e-11 -2.4616163e-11  1.5917626e-11
   771 : -1.4397182e-07  3.5004403e-07 -1.0532613e-07
   772 : -3.9020490e-05  2.0969520e-05 -4.2399816e-05
   773 :  1.7023653e-14 -2.3063743e-14 -1.3498232e-14
   774 : -3.0512492e-01 -1.2650929e-01 -1.4755657e-01
   775 : -3.9196629e-02  5.2478589e-02  1.2869562e-01
   776 : -2.2631737e-13  2.9433392e-13  1.5440175e-13
   777 : -3.6006934e-13 -4.1177627e-12 -4.0081213e-12
   778 : -2.1316451e-12  1.2479714e-11 -2.6456899e-12
   779 : -1.3290346e-23 -6.2569805e-23  3.6808896e-23
   780 :  1.9361142e-04  4.0955675e-04  1.8522279e-04
   781 : -9.8699715e-27  9.5264893e-27 -1.0540651e-26
   782 :  6.5890862e-41  4.3545788e-41 -1.4314824e-40
   783 : -6.2175044e-13  3.1450836e-13  5.4403959e-12
   784 : -2.6580565e-13 -2.1544350e-12  1.0594633e-12
   785 :  9.1975210e-27 -2.1781942e-26  3.1016901e-27
   786 : -1.4468912e-01 -2.3800615e-02 -3.5222439e-01
   787 :  5.7775842e-02 -9.1459530e-02 -1.6284370e-01
   788 : -4.9510134e-26  4.4144525e-26 -5.1092024e-26
   789 :  2.6709298e-24 -2.2511039e-25 -3.2629077e-24
   790 :  4.5815336e-10 -1.1482979e-09 -1.0370053e-09
   791 : -1.5508563e-08  1.7677234e-08 -5.8866475e-10
   792 : -3.8209367e-05  1.3094323e-05  5.8119690e-06
   793 : -1.2600617e-05  3.4063109e-06  7.5693903e-06
   794 :  5.1571506e-12 -1.2899499e-11  1.6913681e-11
   795 : -4.2612300e-05 -8.8231313e-05  3.6384457e-05
   796 :  1.4504540e-06 -1.6109878e-06  3.4663102e-06
   797 :  2.9515423e-27  2.6603951e-27 -4.3689875e-27
   798 :  1.6224386e-09  5.5292502e-09 -5.5087698e-09
   799 :  2.3559064e-15 -2.7802011e-15 -2.7331594e-15
   800 :  4.3656040e-02 -5.0139852e-02 -1.0048574e-01
   801 :  1.6819431e-24  1.2199078e-25 -3.4272625e-24
   802 :  4.2077198e-14 -5.1904963e-13 -3.7568744e-13
   803 :  1.1150184e-18  1.4796928e-18 -1.1280754e-18
   804 : -4.2678020e-02 -2.1736028e-01 -1.0048794e-01
   805 :  5.3102810e-13 -3.9957393e-12  3.0566503e-13
   806 :  4.5076519e-23 -1.8453589e-23  3.7605298e-24
   807 :  1.0041807e-26  1.6635671e-26 -1.2341984e-26
   808 : -1.2696507e-01 -5.7643896e-02 -1.9909516e-01
   809 : -2.2581620e-17  2.5438603e-17  2.8074314e-17
   810 :  8.5640304e-26 -5.2531649e-26  2.6538614e-26
   811 :  8.7272663e-42  1.0853482e-42 -1.2798591e-41
   812 : -8.3679138e-15 -1.5500981e-14  5.1437810e-14
   813 :  9.0384683e-13 -2.8857065e-12 -8.8557201e-14
   814 :  7.4132118e-38  7.4595597e-39 -8.9115371e-38
   815 : -2.1711918e-43  2.3293607e-42  8.3941888e-43
   816 : -2.2595522e-35  4.0383929e-36  9.2113788e-36
   817 : -3.9805768e-37 -3.9418136e-37  1.1951108e-36
   818 :  7.7948539e-40 -3.7987475e-39  2.1975049e-39
   819 : -2.8870232e-13  2.5904070e-13 -2.4353891e-13
   820 : -4.0050337e-39  1.0981736e-38 -2.2829614e-39
   821 :  1.8818114e-06  1.0358963e-05 -5.2196280e-06
   822 :  8.4854024e-12 -3.0235334e-10  3.0987340e-10
   823 : -5.1039437e-20  1.1586214e-19 -1.0315532e-20
   824 :  1.1178489e-19 -7.5963027e-20 -1.6981759e-19
   825 : -1.6353614e-30 -6.1894956e-31  3.9305699e-30
   826 :  1.3328817e-07 -3.8344025e-07  1.6603994e-07
   827 :  3.3922938e-22  1.6226772e-22 -2.4783517e-22
   828 :  4.8670478e-17 -1.0483288e-16  1.5490815e-17
   829 : -4.3155703e-10 -3.2696548e-10  2.7321514e-10
   830 :  1.6283786e-02  1.6833271e-01 -7.3336397e-02
   831 :  8.5230842e-02 -6.5383574e-02  1.8860649e-01
   832 : -8.3800302e-14  1.5057435e-13  3.6848351e-14
   833 :  5.7090038e-02  8.3630510e-02 -5.1620344e-02
   834 :  1.0630712e-35 -1.0167716e-35  9.9815008e-36
   835 : -2.3538501e-41  2.6910469e-40 -5.2706100e-40
   836 : -6.3155654e-13  1.5774360e-11 -6.9226638e-12
   837 :  2.7994471e-24 -8.9760626e-24  1.7597506e-23
   838 :  1.0077265e-09 -4.2867961e-09  1.6528963e-08
   839 :  7.0520916e-18 -9.1441717e-20 -1.4200249e-17
   840 :  1.6613855e-22  3.0688277e-23 -2.3581358e-22
   841 : -8.5781960e-20  2.9475885e-20  2.6215227e-20
   842 :  1.9964122e-16 -1.4058503e-15  5.6047761e-16
   843 :  2.6097684e-22 -1.0842636e-21  5.4874671e-22
   844 : -2.5667381e-14 -2.5616071e-14  7.9333312e-14
   845 :  5.9380276e-30  5.8105189e-32 -4.7131255e-30
   846 : -1.3640140e-11  2.2588621e-11 -5.0902514e-12
   847 : -1.1841658e-15  1.2623542e-15 -1.4326729e-15
   848 :  5.2959176e-45 -3.1719407e-44  1.3140760e-44
   849 :  4.6918105e-19 -1.8433077e-18 -3.6848372e-19
   850 : -2.9244176e-17  1.5672708e-17 -1.1928408e-17
   851 : -3.3301999e-19  1.6478135e-18 -9.3760523e-19
   852 : -9.7092142e-33  4.5340395e-32 -1.8820130e-32
   853 : -2.0525930e-07  1.1716951e-07 -5.9642729e-08
   854 : -6.8869005e-46 -3.4904480e-45  6.9425011e-45
   855 :  2.9610013e-06 -8.9043442e-07 -5.6282341e-07
   856 :  1.3310088e-08 -7.7377724e-09  1.1391659e-08
   857 :  3.8674199e-06  2.0218999e-06 -9.6401095e-07
   858 : -1.1701490e-09 -3.6136380e-10  4.5233552e-10
   859 :  6.3643054e-33  5.5422779e-32 -6.9311144e-32
   860 :  9.3413605e-11  3.6473117e-11 -2.2648478e-11
   861 : -8.5002420e-11  8.0774349e-11 -1.0638935e-10
   862 : -3.2825203e-11  6.7381755e-12  1.9492847e-11
   863 :  1.8939039e-08  1.9041824e-08 -4.3990758e-08
   864 : -3.3375394e-07  9.7624355e-08 -3.7276361e-07
   865 :  5.9833644e-05  4.4054713e-06 -8.1604716e-05
   866 :  4.1506366e-01  2.0004272e-01  2.0477918e-01
   867 : -7.4499005e-05  8.7640260e-04  1.3884250e-04
   868 :  1.2595179e-13  8.4870744e-14 -3.9788024e-13
   869 : -2.1646504e-14 -4.1366893e-14  2.4398996e-14
   870 : -5.7805410e-15  1.7604340e-14 -5.3113350e-15
   871 : -5.8094532e-07 -7.0859248e-07  1.8592787e-06
   872 :  1.5521644e-06 -6.3301043e-07 -3.9097833e-07
   873 :  4.6378181e-02  1.3910843e-01  1.5744476e-01
   874 :  1.5123607e-01  1.3591361e-01  4.1884629e-02
   875 : -1.5975211e-20  1.2914196e-20 -1.0549856e-20
   876 : -1.6969138e-19  3.5331405e-19  2.2033611e-20
   877 : -3.6571611e-38  5.3491375e-38 -7.0665717e-38
   878 : -2.6802803e-35  5.9560875e-35 -1.2195293e-35
   879 :  4.4438444e-22 -6.7013557e-22  9.2208860e-22
   880 :  4.0723746e-20 -6.3967766e-20  1.0940387e-20
   881 :  1.4591900e-37 -4.0173017e-38 -6.5334349e-38
   882 : -1.3282957e-35  8.6907962e-36  1.8057439e-35
   883 : -1.8638548e-22  1.0024008e-22 -1.9731189e-23
   884 : -3.7354695e-22  5.4100135e-21 -2.2987827e-21
   885 : -4.3315869e-10  6.4981677e-10  3.5638192e-10
   886 :  7.8551482e-11 -4.3290130e-12 -6.3155103e-11
   887 :  2.7248806e-10  9.6185536e-11 -6.0427142e-10
   888 : -1.1056645e-09 -1.2485852e-09  4.6069765e-10
   889 : -1.3036254e-04 -5.3313779e-03  1.4391103e-03
   890 :  7.9312153e-04  5.1733394e-05  4.9323371e-04
   891 : -1.3631195e-20  1.3953359e-20 -1.4797555e-20
   892 : -3.6869807e-19  1.5239831e-18 -7.6846575e-19
   893 :  4.8819589e-11 -1.5765362e-11 -1.5013110e-11
   894 : -8.7354191e-11  5.5202312e-11  1.8372141e-10
   895 : -1.2853875e-03 -1.9111682e-03  1.2725460e-03
   896 :  7.4439996e-04 -2.4455851e-04 -5.2214037e-05
   897 : -2.7160923e-22  9.5839248e-23  6.5967557e-23
   898 :  2.8929274e-21  7.1453673e-22 -6.7240166e-21
   899 : -2.4373760e-04  6.0400904e-04  5.6153244e-04
   900 :  5.3706959e-04 -4.8213839e-05 -1.9329507e-04
   901 :  2.0951802e-13 -6.6605198e-14 -7.6969697e-14
   902 : -2.0255049e-13 -4.7078815e-12  2.3152069e-12
   903 : -4.2397141e-07  1.7456247e-06 -3.1050292e-07
   904 : -6.9329040e-08  8.3447351e-08 -2.4009986e-07
   905 : -2.7963688e-07 -3.0882383e-07  6.0582969e-08
   906 : -6.0034212e-05  1.4637745e-04 -6.4593790e-05
   907 : -3.5449906e-05  1.8398902e-05 -1.0879925e-05
   908 : -9.9524245e-09  5.5014387e-09 -1.0168285e-09
   909 : -1.2415302e-08  1.5680505e-07 -6.8193763e-08
   910 :  8.0098301e-10 -1.0310333e-07  3.0829612e-08
   911 :  1.7111305e-08 -2.6296833e-09  5.7340862e-10
