Number of elements 912
     0 :  8.6926468e-19 -4.0998080e-19 -1.4208824e-18
     1 :  6.1103647e-11 -1.2584221e-10 -1.2077992e-12
     2 : -6.0301659e-02  3.3160857e-02 -1.1661470e-01
     3 : -1.1224993e-13  4.7634106e-14  1.8307859e-13
     4 :  4.5407166e-03  1.1341675e-01  7.2031316e-02
     5 :  5.0676072e-01  1.8788404e-01  8.0467809e-02
     6 : -5.1825712e-30 -3.2837251e-29  4.3529682e-29
     7 : -1.6844503e-10  7.8906181e-10 -3.6782289e-10
     8 : -5.3498150e-09  3.4799536e-09  1.5252922e-09
     9 :  5.9803986e-27  3.6407483e-27 -1.6349086e-26
    10 : -2.2871392e-09 -1.6176997e-09  7.5504194e-09
    11 : -9.9224791e-30  9.7034459e-30  1.1859422e-29
    12 :  4.7680164e-01  1.4368289e-01  1.5964789e-01
    13 :  2.9169066e-08 -4.8015376e-07  8.0925431e-07
    14 :  4.1313161e-15 -2.6101091e-15 -1.2241422e-15
    15 :  9.5783596e-08 -2.0029576e-07 -1.0935000e-07
    16 : -1.5937065e-31 -6.1327405e-31  9.0759644e-31
    17 :  6.9496647e-22  1.3951806e-21 -2.8656171e-21
    18 :  1.5383957e-08 -4.9557156e-08  1.2821754e-08
    19 : -1.1539727e-36  7.8653441e-38  1.3880288e-36
    20 : -9.5130188e-22  4.3287128e-21 -2.7210673e-21
    21 : -1.1961327e-06  2.5810079e-06  4.3240836e-06
    22 :  2.0877723e-06  1.5988790e-06 -9.0368636e-07
    23 : -4.3380567e-34  8.2693197e-36  9.0881105e-34
    24 : -2.2382270e-10  4.9409705e-10  1.6982868e-10
    25 :  1.1338153e-35 -4.1299272e-35  1.2740093e-35
    26 : -3.5027976e-10 -8.5289705e-10  4.0681334e-10
    27 : -4.3003944e-07 -4.0983329e-07  8.0822098e-07
    28 : -5.8970132e-08  2.2154679e-06 -9.1770130e-07
    29 :  9.1193582e-12  4.8738910e-11 -6.9624536e-11
    30 :  2.0353195e-09 -9.4964324e-09  5.0521082e-09
    31 :  2.7076055e-14 -6.2693645e-14 -2.2608626e-15
    32 :  1.3244336e-28  1.3733634e-28 -4.0584644e-28
    33 :  1.6145901e-07 -7.1996786e-06 -4.5388248e-05
    34 :  2.6210713e-37 -2.1677660e-37 -3.2239714e-37
    35 : -8.5025306e-15 -1.1149386e-13  1.8268884e-13
    36 : -1.3112244e-01 -1.2213919e-01 -2.7990585e-02
    37 :  6.9395091e-04  3.5807840e-04 -3.4427752e-04
    38 : -6.8871382e-07  3.6919960e-06 -1.1565957e-06
    39 : -1.1853514e-11 -1.9076863e-11  6.6919998e-11
    40 : -5.8117190e-12  5.1685847e-12 -2.6296667e-12
    41 : -2.4670617e-07  5.9378912e-07 -4.0862034e-07
    42 : -2.0863879e-35 -1.1411534e-35  3.6959062e-35
    43 :  1.2779072e-19 -1.7324455e-19 -9.5529309e-20
    44 : -2.9592291e-05 -1.5558926e-04  1.9016292e-04
    45 : -1.4552734e-15  2.6205215e-16  8.8370210e-16
    46 :  4.4626188e-16 -3.5872412e-16  3.5783490e-16
    47 : -3.7397707e-28  1.5287046e-27 -2.8933500e-27
    48 : -3.0223235e-31 -1.0125256e-30  4.1322092e-31
    49 : -3.0746440e-08  8.7740893e-08 -1.3007412e-08
    50 : -2.7547062e-05 -3.0313269e-05  5.5910309e-06
    51 :  1.4195645e-01 -3.5751835e-02  1.4417877e-02
    52 :  1.1063388e-08 -1.5123671e-08  1.5230835e-09
    53 :  4.9406434e-29 -9.7570027e-30 -3.3382079e-29
    54 : -1.9228337e-06  1.4676830e-06 -2.5334352e-06
    55 :  1.0397749e-06  3.1422916e-07 -2.1642327e-06
    56 :  1.1802287e-01  1.8129101e-01  2.1963789e-01
    57 :  2.8084467e-08  1.7551032e-07 -4.8256303e-07
    58 : -2.4271460e-03  8.6343505e-03 -7.1662139e-03
    59 :  1.2148486e-08  1.9525148e-08 -1.0436682e-08
    60 :  1.3042390e-05 -4.0243156e-06 -2.2193418e-05
    61 : -1.6819137e-02  7.6509137e-03 -1.3204529e-02
    62 : -4.3578235e-10 -7.5766249e-10  4.4900287e-10
    63 :  4.7854571e-05  2.3522120e-05 -4.0760556e-05
    64 :  6.9526889e-10 -3.9488499e-10 -1.1038053e-09
    65 :  3.1421655e-12 -1.8820771e-12  4.6860832e-13
    66 : -8.5593940e-14  4.1509069e-13 -1.4651787e-13
    67 : -4.9908811e-30  8.1797666e-31  9.9017732e-30
    68 : -2.2844899e-29  5.3600614e-29 -5.4584231e-30
    69 : -6.3359198e-30  5.7230680e-30  7.5571471e-30
    70 : -1.3694104e-16  1.0283849e-16  2.1121774e-16
    71 : -2.2431234e-05 -6.6518410e-05  1.7737557e-05
    72 :  6.6079267e-32 -1.9429984e-31  5.6870567e-32
    73 : -4.0760170e-04  4.5571053e-04  4.7976917e-04
    74 :  2.1486676e-22  4.2445731e-22 -3.1148142e-22
    75 :  8.4556745e-24  1.6868066e-23 -1.0595973e-23
    76 :  1.5805125e-33  4.9765877e-32 -2.3062653e-32
    77 :  3.4253768e-24 -8.1064782e-24  7.5140134e-25
    78 :  1.0895186e-27 -3.8773981e-27  1.5003645e-27
    79 :  4.6370497e-20 -4.4079696e-20  5.7104952e-20
    80 :  1.8800148e-42  4.0690415e-42 -3.2478778e-42
    81 :  4.7159482e-27  1.8318976e-26 -1.1355163e-26
    82 :  2.3108570e-01 -1.7764698e-01  1.1845767e-01
    83 : -4.7855234e-37  4.2604897e-37  5.8828545e-37
    84 : -1.7520649e-34  4.1688349e-34 -8.1494790e-35
    85 :  3.8105062e-01  2.1203272e-01  1.8765876e-01
    86 :  3.0517705e-21  4.8705202e-22 -4.1104303e-21
    87 :  1.2323215e-19 -1.2788840e-19 -1.3287011e-19
    88 : -2.0775061e-13 -1.7848907e-13  2.1555741e-13
    89 : -3.4048838e-03  5.8149386e-04  1.7964635e-03
    90 : -5.1435036e-33 -1.7211858e-32  1.1003185e-32
    91 :  1.1632741e-01  1.4412928e-01  9.8661071e-02
    92 :  5.2668946e-16 -1.0040346e-15  3.4546162e-16
    93 : -4.6443107e-41  1.0289796e-41  1.8783305e-41
    94 :  2.0084597e-18 -1.6379182e-18  6.8856494e-20
    95 :  2.1193046e-30 -9.3225510e-31 -1.7325044e-31
    96 :  9.8859446e-14 -9.7877865e-14  1.0659954e-13
    97 :  2.0261285e-15 -1.4823876e-15 -2.4675274e-15
    98 : -2.1139494e-01 -1.3751635e-01  1.0077041e-01
    99 :  1.3363052e-27  2.5159786e-27 -1.7930088e-27
   100 : -5.7176548e-29  6.8514282e-29  3.7677894e-30
   101 :  1.2288876e-12  3.2685914e-13 -6.5751011e-13
   102 : -5.9009791e-08 -1.8675810e-07  1.0615960e-07
   103 :  1.5007911e-38 -1.2480418e-38 -1.8883543e-38
   104 :  5.1243797e-17  3.6714076e-17 -4.3491000e-17
   105 :  1.3902115e-08 -2.5877929e-09 -4.6207630e-09
   106 :  1.6167011e-11  3.3653468e-11 -6.7382382e-11
   107 :  1.3029762e-11 -6.8972009e-11  3.5954034e-11
   108 : -1.2954145e-10 -2.1295613e-10  5.8080889e-10
   109 : -1.5189256e-07  4.0988150e-08 -2.0325732e-08
   110 : -9.3464982e-05  1.1592654e-04 -6.6805385e-05
   111 :  4.0315985e-10 -1.6656282e-10 -8.0227911e-11
   112 : -2.7582994e-26  1.0353110e-26  5.1245213e-26
   113 :  1.1667167e-01 -1.5809868e-02 -1.9900676e-02
   114 : -1.7746438e-15  3.9103736e-16  2.9357156e-16
   115 : -2.7168591e-07 -7.2256807e-07  3.4560188e-07
   116 :  2.5604966e-04 -8.7681274e-06 -1.1691780e-04
   117 :  1.2705264e-01  1.9289006e-01  1.3681217e-01
   118 :  8.5457528e-02  6.8217629e-02  4.5703160e-02
   119 : -4.0788754e-31 -1.0911216e-31  6.3573477e-31
   120 : -1.5438129e-14  8.3032543e-15 -2.6262502e-15
   121 :  1.2160645e-23 -1.2159386e-23 -6.3703258e-24
   122 : -2.8517640e-07  3.2560355e-07 -9.6847033e-08
   123 : -2.7371604e-38 -2.6682613e-38  6.0145313e-38
   124 :  1.1784927e-28 -4.1320658e-28  1.4030177e-28
   125 : -4.3510536e-41  1.2151438e-40 -3.4508259e-41
   126 : -4.3307826e-22  6.2822010e-21 -4.7195634e-21
   127 : -3.5942218e-23 -5.2163757e-24  8.5715418e-23
   128 :  8.6174791e-08 -2.1625509e-07  1.4133094e-08
   129 :  2.8943575e-19  4.2177912e-19 -1.2232847e-18
   130 : -3.2942420e-02 -8.2897233e-03  8.6726238e-02
   131 : -1.3257757e-05  5.1420005e-06 -1.9767865e-06
   132 : -7.2895843e-07  2.4068658e-06 -3.2151257e-07
   133 :  3.4038083e-04 -4.8579957e-04  1.0034173e-04
   134 : -2.5470974e-08  1.7725604e-08 -2.1985031e-07
   135 : -5.1329465e-09 -9.6062791e-10  1.2719575e-08
   136 :  7.3563396e-12 -1.1960922e-11  2.7174787e-12
   137 :  5.6299228e-09  1.8593040e-08 -3.3921885e-08
   138 : -6.9449489e-11  1.5596304e-10 -2.1635368e-10
   139 : -2.1144178e-10  1.9562535e-10 -3.7837669e-14
   140 :  6.4526128e-26  2.9753771e-25 -1.6648807e-25
   141 :  1.2614424e-24 -6.8177336e-24  3.9412277e-24
   142 : -2.0627394e-10  5.8786654e-10 -1.1460011e-09
   143 : -3.0251321e-34  2.1276502e-31 -2.9147665e-31
   144 : -1.4379581e-11 -3.0533636e-11  1.9002527e-11
   145 :  1.0725956e-13 -2.9565117e-13  8.1043311e-14
   146 : -8.4118102e-17  6.7726254e-17  1.1630260e-16
   147 :  2.0575135e-32 -1.9622456e-31  8.7060685e-32
   148 :  5.8091016e-18  1.9597719e-18 -1.4123092e-17
   149 : -2.2393212e-02  1.4785961e-01  1.0277834e-01
   150 : -8.8741121e-14 -1.3711821e-13  3.4362399e-13
   151 :  7.8593668e-23 -1.5381484e-22 -2.6805709e-23
   152 :  3.6508069e-19 -1.9962220e-19 -6.7021253e-20
   153 : -1.3621655e-03  1.1573927e-01  1.5108793e-02
   154 : -6.9063299e-42  2.9146011e-42  8.7136747e-42
   155 : -3.8597186e-33 -2.0695414e-32 -4.9236382e-32
   156 :  1.2897035e-33 -3.3101135e-33  9.7559305e-34
   157 :  1.0296519e-15 -3.7709204e-15  1.7197257e-15
   158 :  7.1222263e-11 -5.5490498e-10  2.8228979e-10
   159 : -2.8797816e-13 -1.4024409e-12  8.3764326e-13
   160 : -1.0672645e-39  2.3011296e-40  4.1239148e-40
   161 : -1.2265889e-38  3.2217096e-38 -5.3127558e-38
   162 :  1.2093037e-01  1.2487100e-01  1.4036365e-01
   163 :  1.1163937e-06 -5.7864733e-07  2.0524723e-07
   164 : -2.4900241e-21  4.8850987e-21  6.4053204e-22
   165 : -6.2469714e-12  4.9974475e-11 -3.8023580e-11
   166 :  6.8233702e-33 -1.4519357e-33 -1.3058852e-32
   167 : -3.1681637e-09  9.0447020e-10  1.2471858e-09
   168 : -8.7841890e-07  3.3689960e-06 -5.9168966e-07
   169 :  5.1691969e-02  6.2270477e-02 -1.4192128e-01
   170 :  8.8398173e-30 -3.2814042e-30 -1.9267339e-30
   171 : -6.4595254e-32  9.6281548e-30 -1.9329413e-29
   172 :  5.9248052e-06 -5.9476110e-06 -4.8328377e-07
   173 : -7.2568444e-08  6.0283349e-08 -1.5380466e-07
   174 :  8.7279811e-12 -3.1993312e-11 -2.7007388e-11
   175 : -9.7353231e-17  1.8670794e-17  1.6766508e-17
   176 :  4.1746628e-28 -1.5338246e-27  5.7331253e-28
   177 :  2.5226394e-10 -4.4414275e-10 -1.8756787e-10
   178 : -2.5362226e-01 -4.1675863e-01 -4.1287142e-01
   179 :  7.4047776e-10 -3.0255754e-09  1.1167542e-09
   180 :  2.5145908e-32  5.0300161e-33 -5.6310871e-32
   181 : -1.6117307e-06  2.4979621e-06  3.4511226e-06
   182 : -1.0954118e-18  1.0547630e-18 -1.2869930e-18
   183 : -1.4589295e-04  1.2469023e-05  7.2703308e-05
   184 :  2.2626304e-41  3.2048707e-40 -1.6651348e-40
   185 : -3.0741419e-22  1.8446116e-23  1.3282152e-22
   186 :  5.9811824e-15 -7.1371677e-16 -4.2108876e-15
   187 : -2.2769429e-09  6.7234459e-09 -1.4632646e-09
   188 : -1.0483782e-01 -5.5672895e-02  3.8509203e-02
   189 : -5.0970164e-09  2.2619526e-08 -1.1028526e-08
   190 : -3.0086985e-11  2.9262252e-12  6.6901963e-12
   191 :  6.2087517e-38 -5.1507765e-38 -8.1478687e-38
   192 :  2.2282748e-05 -3.9909717e-06 -5.7496843e-05
   193 :  1.9487237e-01  1.2530398e-01  1.0396324e-01
   194 : -1.2064434e-01 -5.7619577e-04  3.4981228e-01
   195 : -3.9696285e-16 -1.4778879e-16  2.5645419e-16
   196 :  3.1819403e-32 -1.4708495e-32 -5.3420746e-32
   197 : -1.1782762e-31  1.9934755e-31  3.9884661e-32
   198 :  6.0467095e-13 -1.5756699e-13 -2.3432857e-13
   199 : -2.4522853e-02  8.2346699e-02 -2.1559666e-02
   200 :  2.0803217e-28 -5.8228871e-28  2.4885279e-28
   201 :  2.4690216e-06 -2.5833392e-06  4.3318388e-06
   202 : -1.6292144e-15  3.7969199e-16  1.1134467e-16
   203 :  7.3188884e-35  7.6710225e-35 -6.9921112e-35
   204 :  1.3193860e-16  3.0974880e-15 -2.8813982e-15
   205 : -6.5355395e-06  3.2791810e-06  2.0751044e-06
   206 : -1.9485727e-34  6.9546750e-35  2.4519941e-35
   207 : -2.4149402e-32  1.5386195e-32 -8.6796727e-33
   208 : -8.2757443e-24  9.8278137e-24  3.6332284e-24
   209 :  5.7707279e-02  2.1752456e-01  8.9566051e-02
   210 :  1.2623423e-16 -1.5446930e-16 -1.1337739e-16
   211 :  2.6466910e-34 -1.5312024e-34  6.7720107e-35
   212 :  5.6390376e-10 -1.9102975e-09  3.2269052e-10
   213 :  2.8449400e-32 -3.1017641e-31  3.6391532e-31
   214 : -4.2129742e-02 -7.4464185e-02  1.7506497e-01
   215 : -3.5334095e-01 -1.6645074e-01 -2.2447285e-02
   216 : -3.7941894e-09  4.4974211e-09  3.7055224e-09
   217 :  3.2593250e-41  1.3632213e-40 -8.1257835e-41
   218 : -1.7795906e-26  4.3023690e-25 -3.9585665e-25
   219 : -6.2067772e-07  1.4746194e-07  7.2801992e-07
   220 :  1.8491514e-21  6.9097341e-23 -1.8507102e-21
   221 :  9.1388056e-28 -7.3933494e-28 -1.2645028e-27
   222 : -8.7046445e-03  1.6071932e-03 -1.0418269e-02
   223 : -7.2419235e-05  7.9917415e-04 -6.0867833e-05
   224 : -2.8405431e-13 -1.1566125e-13  7.1758056e-13
   225 :  1.0037956e-21 -5.4298612e-21  3.3094749e-21
   226 : -3.1683727e-28  1.4225305e-28  1.1055181e-28
   227 : -1.1934993e-15  2.9718564e-16  4.2314556e-16
   228 : -7.0757775e-14  2.9096278e-13  4.9316307e-14
   229 : -2.6480790e-18  3.4451169e-18 -3.4866926e-19
   230 :  4.6652439e-29  6.5952902e-29 -5.2270655e-29
   231 : -2.7263947e-29  7.4607231e-29 -1.7456406e-29
   232 : -6.1732270e-39 -4.9254984e-39  5.3904510e-39
   233 :  5.8232442e-28 -2.5566974e-27  1.6838550e-27
   234 :  1.3164341e-01 -6.2779569e-02  1.2438805e-01
   235 : -1.5656485e-05  1.1832796e-05 -2.6462361e-05
   236 : -6.8241137e-26  9.5605253e-26  5.2514919e-26
   237 :  8.8052852e-24 -4.4203985e-23  3.3845527e-23
   238 :  3.9919929e-36  5.6022526e-37 -2.2530110e-36
   239 :  1.2353873e-27 -8.5714683e-28  3.9024765e-28
   240 :  3.8243563e-33  1.6469654e-33 -9.6784104e-33
   241 : -6.6480960e-08  2.5255730e-09 -5.4505828e-08
   242 : -1.0684397e-07 -2.7607145e-08  1.5240745e-07
   243 : -7.8709355e-03  1.4928430e-03 -6.0802601e-03
   244 : -7.2302761e-05 -5.8473742e-05  1.3621428e-04
   245 :  1.9800468e-26 -1.9639714e-27 -3.2382303e-26
   246 : -5.5507015e-08  2.3596565e-08  1.2936647e-08
   247 : -6.1582183e-03  4.7183181e-03 -7.8888297e-03
   248 :  3.4696267e-40 -5.6824651e-40 -1.3983013e-40
   249 :  8.1529340e-24  7.0794240e-20 -6.7690966e-20
   250 : -1.4643095e-07  4.8273134e-08  1.9637950e-08
   251 : -3.3156742e-14  6.1260836e-14  7.1644537e-14
   252 : -9.2921995e-29  1.7348374e-28 -1.1225470e-29
   253 :  2.4731424e-35 -2.7352073e-35  3.3265669e-35
   254 :  4.7554019e-02 -1.2146363e-02 -1.5188257e-02
   255 :  1.5506192e-15  7.1223897e-16 -9.8321992e-16
   256 : -4.1381202e-08 -1.0665495e-07  6.0542707e-08
   257 : -2.7528012e-05 -1.3022499e-04  1.4038560e-04
   258 : -1.7490760e-16  7.0049880e-17  3.7603452e-17
   259 :  4.1235077e-23 -5.5666520e-23  7.9322713e-23
   260 : -5.0087159e-08 -2.6127242e-07  3.1257590e-07
   261 : -1.8049949e-15 -1.2698043e-15  6.7919005e-15
   262 :  1.2490110e-26 -5.3287340e-26  3.6609700e-26
   263 : -6.6128407e-30  6.9741225e-30  7.3042358e-30
   264 : -2.7579506e-14  2.7792746e-14 -3.4078785e-14
   265 : -3.8925500e-07 -6.9291159e-09  3.7036893e-08
   266 :  2.9918873e-20  1.3573976e-19 -7.2798301e-20
   267 : -4.8950547e-18  9.0316202e-18 -2.0079491e-18
   268 :  1.1333485e-30  3.8469019e-30 -8.9901940e-30
   269 : -4.8268364e-03  1.4609822e-03  2.4068121e-03
   270 : -1.6913135e-17  6.3765967e-17 -2.5740272e-17
   271 :  2.0683335e-06 -1.1811282e-06  2.1540941e-06
   272 :  2.8653410e-17 -7.6792735e-18 -1.1149795e-17
   273 :  5.2934989e-29 -5.3338960e-29 -5.4988316e-29
   274 :  1.5779504e-08  3.5784141e-08 -1.0366163e-07
   275 :  1.4093629e-24  1.0451670e-24 -4.2829479e-24
   276 :  4.0032116e-06 -1.1163951e-05 -9.8939006e-07
   277 :  4.2501886e-27  3.4193879e-28 -9.3968625e-27
   278 : -2.5689997e-08  6.7956858e-09  5.2659587e-08
   279 :  2.0308380e-14 -1.3537650e-15 -8.2707921e-15
   280 :  3.0510108e-01  7.2641816e-02  1.8222863e-01
   281 :  7.9776016e-14 -1.3101417e-13 -5.4370825e-14
   282 : -1.7610927e-20  1.8279215e-19 -4.0378159e-19
   283 : -4.1063356e-24  9.7183459e-25  7.3035205e-24
   284 :  4.3006867e-26  4.0521320e-27  7.8369814e-26
   285 :  8.6950015e-02  3.0353325e-02 -2.7893549e-02
   286 :  1.0529055e-08  4.6125320e-09 -2.6050169e-08
   287 :  2.1550414e-11  1.3227784e-10 -2.2281605e-11
   288 :  1.1121667e-01  1.0922575e-01  1.8103000e-02
   289 : -8.9910466e-12  2.3795162e-11 -5.4096004e-11
   290 :  9.3645435e-02  1.4634250e-01  3.4068324e-02
   291 : -4.5716584e-15  9.6744228e-15 -1.8947608e-15
   292 :  1.1646326e-03  7.0785517e-04 -2.3981972e-03
   293 : -6.4302871e-23  2.8299373e-23  1.0290181e-22
   294 : -1.8756368e-09 -1.5644571e-09  5.4132232e-09
   295 : -4.3501464e-35 -1.1799005e-33  5.8282013e-34
   296 :  1.4780268e-06 -5.9480716e-06 -9.1274253e-06
   297 :  1.7450380e-12 -6.1245433e-12  2.1248540e-12
   298 :  9.4724065e-14 -8.0532575e-13  3.9098853e-13
   299 : -5.4102140e-37 -1.5946770e-37  1.1321556e-36
   300 : -7.5173952e-06  5.7457967e-06  2.3762723e-06
   301 : -8.4464706e-15  1.2494271e-14 -2.0207737e-15
   302 :  1.0245300e-08 -3.6755268e-08  1.3441806e-08
   303 :  2.2901593e-11  3.3760655e-10 -1.7858317e-10
   304 : -5.9265028e-11 -2.0903269e-09  6.7921643e-09
   305 : -2.2083768e-15  1.4011890e-15  3.5773797e-16
   306 :  3.7566280e-04  1.4107367e-04 -2.2748123e-04
   307 : -1.5246455e-09  2.9512542e-10  2.9245609e-10
   308 : -2.0977660e-13 -1.3017282e-14  2.4988793e-13
   309 :  3.9135079e-37  2.2839184e-35 -1.1395415e-35
   310 : -8.5561684e-12 -2.6167291e-12  2.3157662e-11
   311 : -1.3133786e-08  2.6187775e-09  2.8313513e-08
   312 : -9.9653149e-33  1.8151423e-32 -3.1863829e-32
   313 :  1.7373905e-23 -6.4830702e-23  2.0885305e-23
   314 : -1.8062835e-35 -1.1041653e-35  3.8947943e-35
   315 : -1.4534088e-27 -6.3984367e-27  3.6601256e-27
   316 :  6.8304826e-04  3.5997534e-04 -1.9262606e-04
   317 : -3.2006090e-37 -1.5804363e-36  2.1672270e-36
   318 :  1.9470878e-06 -5.8527061e-06  1.6372662e-06
   319 : -2.1082738e-06  1.7150876e-06  3.7832864e-06
   320 : -2.5925124e-01 -8.8032281e-02 -1.3395198e-01
   321 : -5.0505989e-04  4.6144289e-04  1.3189305e-03
   322 : -3.4901639e-35  8.2738955e-35 -1.2178623e-35
   323 :  3.3930969e-39 -5.0592274e-39  8.7861341e-40
   324 : -3.1938604e-26  9.7000227e-26 -2.7321369e-26
   325 :  4.3680320e-23 -1.8671829e-22  3.6690967e-22
   326 : -2.5784473e-02  5.0753483e-02  5.9339552e-02
   327 :  3.4148386e-01 -5.4508282e-01  1.7925833e-01
   328 : -1.4185810e-07  8.6907778e-10  4.5810409e-08
   329 :  3.2825861e-25 -5.5333366e-24  2.5868858e-24
   330 : -4.4989752e-39 -1.5617477e-38  2.4433572e-38
   331 : -6.9415467e-19 -6.3204895e-17  6.4849424e-17
   332 :  1.2444813e-09  7.8758014e-10 -9.0994913e-10
   333 :  6.9891784e-23 -4.2427326e-23  2.4662698e-23
   334 : -1.1708402e-06  3.2598960e-06  1.3528932e-06
   335 : -2.9346592e-09  6.0138261e-09 -4.0386005e-10
   336 :  1.1287986e-08 -7.0373114e-09 -1.5022392e-08
   337 :  8.2323164e-36 -7.5931354e-34  8.0336441e-34
   338 : -1.3797011e-07  9.9917132e-08  1.4737977e-08
   339 :  2.2800052e-25  2.8293117e-28 -4.7821510e-25
   340 : -6.3951887e-07  2.2870129e-06  1.0348673e-06
   341 : -1.8152962e-33  1.1138767e-33  4.5281362e-34
   342 : -5.5510556e-28  1.3979188e-28  1.0403442e-27
   343 :  1.0199054e-14  1.6073302e-15 -5.6619655e-15
   344 :  2.2129976e-07 -2.8370571e-05  6.0124325e-06
   345 :  1.4135041e-01 -1.6253621e-02 -2.9430258e-02
   346 : -1.9383098e-27 -2.0021514e-27  1.8192832e-27
   347 :  3.2304489e-06 -1.5293743e-06  3.2174707e-06
   348 : -1.3676956e-14  2.3761449e-14 -5.6547908e-15
   349 :  1.0184178e-15 -3.7780551e-16 -3.3104960e-18
   350 : -2.8981519e-07 -1.3153204e-07  5.1350594e-06
   351 :  2.7829003e-21  2.7598139e-21 -2.5334697e-21
   352 : -1.5339167e-06 -1.2729266e-06  5.0770680e-06
   353 : -1.9582379e-10  1.3325374e-08 -4.3613039e-09
   354 : -1.1635675e-01 -3.7490753e-02 -1.6632123e-01
   355 :  7.1125947e-02  1.0867991e-01  1.6130942e-01
   356 :  4.1163008e-34  6.8373580e-34 -1.5528170e-33
   357 :  9.8890228e-06  2.3210877e-05 -6.7226102e-05
   358 : -1.9367922e-16  4.1312604e-16  5.3836456e-17
   359 : -5.1758409e-41  1.3524063e-40 -4.2435549e-41
   360 :  1.9809093e-06 -6.4630098e-07 -9.3638895e-07
   361 : -1.0778185e-20  8.1288182e-21  1.0654358e-21
   362 : -2.0724586e-14  1.8764431e-14 -2.1131969e-14
   363 : -2.1247655e-18  3.0921631e-18 -4.8685731e-18
   364 : -1.7520538e-20  5.4701894e-19 -2.3084925e-19
   365 : -1.5138686e-14  6.8246306e-15 -1.8569315e-15
   366 :  3.6259871e-31  7.9123201e-31 -1.5266880e-30
   367 : -8.0493106e-12 -3.6538231e-12  1.4421419e-11
   368 : -3.2100963e-07  1.4400910e-06 -4.4605989e-07
   369 : -3.2732990e-15  1.1953184e-14 -5.8679891e-15
   370 : -4.9164641e-18  1.2020064e-17 -1.8883549e-18
   371 :  4.2620602e-31  7.4778347e-32 -5.6979977e-31
   372 :  3.4790706e-14 -3.4766934e-14 -3.7217258e-14
   373 : -2.5048606e-09 -2.1961997e-09  9.5048204e-09
   374 :  7.2223301e-02 -1.3032047e-02 -2.3362071e-02
   375 : -1.2183199e-22  2.5963019e-22 -6.6803178e-23
   376 : -5.9405831e-35 -3.5918647e-34  4.7511276e-34
   377 :  1.0091962e-12  5.9884935e-13 -5.5486662e-13
   378 :  5.5253640e-19 -1.3031568e-17  7.4071460e-18
   379 :  6.9654760e-38 -2.0270978e-37  6.5193419e-38
   380 : -7.2880028e-04  4.5664387e-04  1.8624559e-04
   381 : -1.1641414e-17  5.7256047e-16 -2.4491875e-16
   382 :  2.1817667e-22 -2.7606827e-22 -1.7896182e-22
   383 : -1.4647720e-05 -1.4962146e-05  1.9805086e-05
   384 : -2.3480874e-21 -3.8152490e-21  4.6290524e-21
   385 :  2.3934548e-08 -5.4415694e-08 -4.5694544e-09
   386 :  6.4928558e-04 -1.6779945e-04 -3.9325551e-05
   387 : -7.8440515e-25  1.4589621e-25  1.5499131e-24
   388 :  1.6322485e-01  1.8955421e-01  5.1903115e-02
   389 :  2.5773474e-20  9.0823661e-21 -4.8571155e-20
   390 :  9.3081698e-08 -1.6461422e-07 -5.5850077e-08
   391 :  2.9766963e-17  1.6168076e-16 -9.1052642e-17
   392 : -4.2928862e-05  1.6937535e-05  6.2176332e-06
   393 : -2.7338174e-05 -7.7259674e-05  9.7099046e-05
   394 : -6.4138507e-21  1.7226180e-20 -3.0514988e-21
   395 :  2.7562130e-12 -2.6546539e-12  3.4372823e-12
   396 : -1.2634990e-37  2.2539932e-37 -3.4075675e-37
   397 : -8.6326970e-06  2.9548800e-05  3.1269854e-06
   398 : -3.1633819e-10  1.1188442e-09 -3.5187201e-10
   399 : -7.0577360e-05  2.9654678e-04 -1.6004221e-04
   400 :  1.4283668e-10  1.8813921e-10 -5.8895629e-10
   401 : -5.2547985e-09  9.0808438e-09  5.1586424e-09
   402 :  1.4853471e-19 -3.4984819e-20 -4.3733407e-20
   403 : -4.6188444e-20 -1.3840679e-18  1.4280712e-18
   404 : -6.1698609e-32 -7.6126537e-32  2.3179273e-31
   405 : -6.3860235e-12  3.3702979e-13  5.1043484e-12
   406 :  2.6078671e-06  1.5028721e-08 -8.8268882e-07
   407 :  2.9815319e-04 -1.8358095e-04  1.0572403e-04
   408 : -1.4446687e-03  9.7720207e-04  3.3688549e-04
   409 : -5.0233540e-11 -3.2813671e-11  3.5953392e-11
   410 : -1.1790622e-01 -1.4705575e-01 -5.0908599e-02
   411 :  3.9779405e-11 -1.1062007e-10  1.3250423e-11
   412 : -3.7514756e-09  2.6325058e-09  6.0740849e-09
   413 :  2.1421574e-34  1.3262740e-34 -5.5355303e-34
   414 :  1.7514566e-01 -2.3831591e-02  1.9293142e-01
   415 :  2.1013801e-10 -3.6437917e-10 -2.0808842e-10
   416 :  1.1472308e-24  7.2200289e-25 -2.6323602e-24
   417 :  4.4672337e-07  1.4917805e-07  1.7870311e-06
   418 : -1.3630104e-04  4.8276835e-04  9.1980949e-04
   419 :  1.0182428e-30 -1.2422722e-30  8.1961719e-32
   420 : -1.8477517e-28  7.2294801e-28 -3.4706505e-28
   421 : -5.5591579e-26  2.6271962e-25 -1.3547136e-25
   422 : -4.5350087e-15  7.7742599e-15 -1.8772282e-14
   423 : -1.5382244e-12  3.0969671e-11 -1.9509163e-11
   424 :  3.2830629e-21 -9.3561410e-21  2.9274532e-21
   425 :  2.9095103e-25 -1.3952481e-24  4.8801509e-25
   426 :  2.3393956e-17  2.6961387e-17 -2.2315791e-17
   427 : -1.9323760e-19 -4.7733275e-19  1.1881496e-18
   428 : -7.7852782e-20  1.2096508e-19  5.5184631e-20
   429 : -1.6580293e-09 -1.1083061e-09  7.8055845e-10
   430 : -1.4855124e-09  1.2233848e-08  3.4562652e-09
   431 : -1.0455823e-11  1.6723517e-11  8.9137812e-12
   432 : -4.0969019e-14  7.1333877e-14 -1.1686011e-13
   433 : -3.3965511e-33  2.9649632e-33  3.9312086e-33
   434 : -4.9119202e-03  9.7874284e-04  9.3239045e-04
   435 : -2.5962366e-11  1.5966641e-11 -8.9236891e-12
   436 : -6.9669851e-22 -2.8273112e-23  1.5738493e-21
   437 :  1.5991016e-06 -1.9375421e-06  2.5926794e-06
   438 : -2.4582444e-07  1.3571053e-07 -3.4227629e-07
   439 :  3.9812653e-05 -4.5420426e-05  5.7841913e-06
   440 :  5.9352849e-26 -2.1998362e-25  7.5140786e-26
   441 : -1.2976428e-36 -7.5253709e-37  2.6978466e-36
   442 :  3.4489945e-06 -7.9032777e-09  2.0957212e-06
   443 : -9.9491522e-14  2.0796179e-13  4.8917313e-14
   444 :  5.4327483e-07  1.6384737e-07 -1.8608597e-07
   445 : -3.7150440e-16  1.3973515e-16  2.6775094e-17
   446 :  1.1130533e-01  6.0130495e-02 -3.3169901e-02
   447 :  8.1375105e-17 -1.1740185e-16  1.8208476e-16
   448 :  7.1439755e-11  4.0812226e-10 -1.8937528e-10
   449 :  2.4538721e-33 -3.3666805e-33 -1.6753802e-33
   450 : -6.9121206e-36  7.4153407e-36  6.8274419e-36
   451 :  9.9511160e-03 -1.2306302e-02 -1.0402412e-02
   452 :  5.4123044e-02 -3.6174646e-02  1.2206440e-01
   453 :  7.0033936e-02  4.9285014e-02 -1.7971434e-02
   454 :  9.2647197e-02  1.7892414e-01 -4.3308181e-02
   455 : -3.4105777e-19 -9.4436552e-20  2.9086872e-19
   456 : -3.1487285e-10  1.4461044e-10  6.9345455e-11
   457 :  4.2037748e-37  1.0515326e-36 -1.7642256e-36
   458 : -8.2960526e-19  2.2564556e-17 -5.2083616e-17
   459 :  3.9682195e-11  2.8594351e-11 -1.1917407e-10
   460 : -4.6610667e-10  1.4633087e-09 -9.3372951e-11
   461 : -6.0304254e-17  4.6711898e-17  9.2277495e-17
   462 : -2.8881069e-14  5.9770580e-14  5.2991148e-15
   463 :  2.5225917e-26 -3.4652325e-26  6.8764174e-27
   464 : -5.7178224e-07 -6.7959275e-07  2.7897192e-07
   465 : -5.2920142e-10  2.0930329e-10 -1.1033583e-12
   466 :  1.0262789e-04 -7.2837333e-05 -2.9655533e-05
   467 : -2.8419066e-27 -7.3513124e-28  4.8483838e-27
   468 : -3.2585892e-24  9.4998518e-24 -2.4739211e-24
   469 :  2.9272527e-37 -4.3565688e-37 -2.8293563e-37
   470 :  1.8483651e-34 -2.2287554e-34  1.6399621e-35
   471 : -1.1587364e-21  1.3572464e-21 -5.1136920e-22
   472 :  1.8251857e-25 -2.3600656e-25 -1.7306425e-25
   473 :  4.4103722e-09  2.6736161e-08 -3.2303336e-08
   474 : -1.7533904e-30  1.7459861e-30  1.5666749e-30
   475 : -1.7357935e-20  2.0577715e-20 -3.0536964e-20
   476 : -1.0635156e-20 -2.4166937e-20  1.5089331e-20
   477 : -1.9661375e-39  1.6370860e-39 -1.6834579e-39
   478 :  3.2051747e-11 -1.1483966e-10  1.0925574e-10
   479 : -3.1604746e-39  8.3252655e-39 -1.9752344e-39
   480 :  8.4103164e-04  1.2312779e-03 -7.9414850e-03
   481 : -2.8192459e-19 -6.4306205e-19  2.0173798e-18
   482 : -8.0089004e-29  2.5448711e-28 -8.4717715e-29
   483 : -6.1395820e-05  4.6108619e-04  6.9329420e-04
   484 :  6.9376083e-11  2.6629920e-11 -3.2214547e-11
   485 :  6.9686759e-11 -9.3024631e-11 -6.0792450e-11
   486 :  3.1864556e-02 -1.4950795e-01 -5.7861931e-03
   487 :  8.4179621e-11 -7.2620511e-10  1.0622658e-09
   488 : -6.6138695e-03 -1.9930909e-03  1.1691568e-03
   489 : -1.3620526e-30 -4.5101391e-31  3.2637120e-30
   490 :  3.2010851e-26  6.4670316e-27 -1.8660262e-26
   491 :  1.4217360e-27  3.7169352e-27 -2.5153580e-27
   492 :  1.1783641e-08 -2.2233222e-08  4.2596413e-08
   493 :  5.1487519e-06 -2.3879913e-05 -1.2835850e-05
   494 : -4.2600141e-04  1.9638040e-04  4.3202654e-04
   495 : -1.8579585e-13 -1.0619883e-12  1.3263108e-12
   496 : -1.1801222e-23  4.2863344e-23 -1.9277844e-23
   497 :  7.4211207e-36  4.2999515e-35 -2.3659273e-35
   498 : -1.2299796e-33  7.3432811e-33 -1.4606947e-32
   499 :  1.7140842e-03 -4.0666632e-03 -1.8625047e-03
   500 : -1.2528095e-36  9.7457808e-37  1.6695495e-36
   501 :  2.9104428e-40 -6.3141921e-39  4.5657761e-39
   502 : -3.1459786e-07  1.0923029e-06 -4.9208109e-07
   503 : -2.4783291e-07  9.9113924e-07 -2.7069185e-07
   504 :  4.8071645e-11 -9.9437596e-11  5.1002664e-11
   505 : -5.6105623e-03  2.4377260e-03  9.4233862e-04
   506 :  5.6473113e-26 -1.2092666e-25 -1.6681456e-28
   507 : -7.3900422e-24 -5.2519585e-24  1.6085372e-23
   508 :  1.1315302e-25  1.2531106e-23 -7.0226512e-24
   509 : -1.3908877e-09 -1.2098557e-09  4.0380711e-09
   510 : -2.8771910e-26  5.1091335e-24  1.8651813e-23
   511 : -5.0479105e-18 -2.3981864e-19  1.9278271e-17
   512 : -1.3068928e-18 -9.1227490e-18  4.4512081e-18
   513 : -5.7993862e-13 -4.8732647e-13  1.7602331e-12
   514 : -5.4021684e-12  2.4125518e-11 -1.1477307e-11
   515 : -1.7470343e-06  1.5345499e-05 -3.7139186e-05
   516 :  2.1992572e-24  6.0425250e-24 -3.9834015e-24
   517 : -2.5132716e-05  1.1629844e-05 -1.2480378e-05
   518 :  4.7756041e-12  1.1320581e-12 -6.8237203e-12
   519 : -3.8021637e-17  1.0399357e-16 -1.9453267e-17
   520 : -3.2088743e-13 -3.0943243e-13  7.5935716e-13
   521 :  7.7989186e-07  1.6671488e-07 -2.0907600e-08
   522 : -1.3863908e-01 -9.2493672e-02 -1.2424683e-01
   523 : -5.2973531e-05 -7.4464419e-05  7.5598951e-05
   524 : -2.2357329e-13  7.4901896e-14  5.0869453e-14
   525 :  6.3303812e-11 -3.9429703e-11  4.8459566e-11
   526 : -3.2103290e-18 -1.3283737e-18  4.7339171e-18
   527 : -4.2551098e-31 -2.5978624e-30  3.9788336e-30
   528 :  1.7922245e-01  1.9665789e-01  1.5331494e-01
   529 : -3.5251678e-09  9.8972193e-09  7.0234689e-09
   530 : -5.7893968e-04  1.3939244e-03  2.0102989e-04
   531 :  6.1338626e-08 -1.2983075e-08 -2.8434176e-09
   532 : -6.0707259e-18  5.8871494e-17 -4.4297582e-17
   533 :  8.1884065e-41 -8.2008215e-41  8.6700480e-41
   534 : -1.9323372e-41 -8.0294799e-41  1.8484553e-40
   535 :  3.5381690e-29 -7.9804237e-29  7.0123204e-31
   536 :  4.2791171e-05 -1.0533008e-05 -3.7257639e-05
   537 : -1.6135730e-07 -1.2651379e-07  8.1994860e-08
   538 : -7.0425530e-10  3.9811100e-10 -2.9408535e-10
   539 : -5.8571661e-30  1.9899016e-29 -6.8377238e-30
   540 : -1.8812729e-26  5.8336808e-26 -1.9073414e-26
   541 :  9.5401443e-25  1.9523293e-24 -4.2174785e-24
   542 :  2.6266768e-13  4.8159542e-13 -3.0235143e-13
   543 : -1.3127625e-31 -1.4345663e-31  1.0335829e-31
   544 : -2.6587950e-12  5.6898949e-12  9.0466864e-13
   545 :  3.3474415e-22  8.6878296e-23 -8.1786235e-22
   546 : -2.7787368e-03 -2.5738428e-03  1.4085433e-03
   547 :  3.6179289e-28 -9.2233197e-28  1.9320719e-28
   548 : -4.6928603e-06  1.2384584e-05 -2.9812368e-05
   549 : -9.2124903e-24 -6.2818644e-24  2.3465346e-23
   550 : -4.7404563e-09  1.2328700e-08 -3.0117589e-09
   551 : -2.1429608e-05 -3.9600268e-05  7.8013481e-05
   552 :  5.8770141e-07  7.2567718e-07 -2.4101072e-07
   553 : -1.3559408e-07  2.6494004e-08  5.3544156e-08
   554 :  4.5224031e-23 -1.9242091e-22  6.7037232e-23
   555 :  4.8628824e-14  1.5173157e-13 -2.1400109e-13
   556 :  1.2481904e-24  1.5078654e-24 -1.2578623e-24
   557 :  1.8587023e-01  1.4480298e-01  7.4685239e-02
   558 :  4.2845660e-09 -3.7134658e-08  2.5094203e-08
   559 : -1.5654922e-07 -5.2124539e-06  4.1139903e-06
   560 :  1.9220615e-08 -1.4676817e-09 -8.0873808e-09
   561 :  6.4331193e-02  1.4337638e-01  7.5531684e-02
   562 :  2.9621248e-19  1.8254218e-18 -9.8841701e-19
   563 :  1.5630832e-35 -4.9033918e-36 -5.3325780e-36
   564 :  1.9924291e-04 -9.6149407e-05  8.9165030e-05
   565 :  8.1715111e-04 -3.0354882e-05  7.7967127e-04
   566 :  3.7988881e-28 -6.0136948e-26  8.4647166e-26
   567 : -4.6760536e-14  1.1580791e-13 -7.2063801e-15
   568 : -7.8753025e-06 -1.6229330e-06  2.7960922e-05
   569 :  1.1424683e-05 -4.7784365e-05 -7.1895736e-06
   570 :  2.6049219e-22 -5.0004674e-22 -1.0697702e-22
   571 :  2.3384514e-14 -3.8157039e-14  5.2793936e-15
   572 :  6.2614935e-39 -9.6231135e-38  4.4243507e-38
   573 :  2.3421380e-10 -6.8037001e-10 -4.1159953e-11
   574 :  6.9414984e-09 -1.2994101e-08  2.8443795e-08
   575 :  1.8842346e-01 -1.3988471e-02 -6.9675034e-02
   576 :  9.1856435e-12  1.3988763e-11 -3.3267220e-11
   577 :  6.6564667e-02  1.3150643e-01  5.6240640e-03
   578 : -8.0625161e-42  9.9556969e-42  1.1526669e-42
   579 : -5.9439226e-03  1.0819477e-02 -5.8275648e-03
   580 :  1.2375606e-01  1.2997913e-01  5.8112401e-02
   581 : -9.0217437e-23  1.9727611e-22  1.9726341e-23
   582 :  2.9197957e-39 -1.1199364e-38  3.9607891e-39
   583 :  9.6895305e-21 -3.1407864e-20  1.0384080e-20
   584 : -5.5190845e-32  9.4635458e-32  1.6886181e-32
   585 : -9.2304928e-05  1.0821677e-05  1.3444746e-05
   586 :  1.1858937e-26 -2.2080736e-26 -2.5468949e-27
   587 : -1.2262817e-19 -3.1057050e-19  5.4501569e-19
   588 :  9.4921263e-26 -1.0091879e-25  2.6899960e-27
   589 : -3.7333380e-06  2.7959460e-06  9.1301763e-06
   590 :  1.8447444e-06  2.4335399e-06 -2.2414724e-06
   591 :  1.0248399e-35 -1.5270160e-35 -5.4091543e-36
   592 :  7.6880853e-23  4.5738847e-23 -1.6945828e-22
   593 :  8.7332602e-17 -4.7247142e-18 -7.2427825e-17
   594 :  4.1271309e-19 -1.9357768e-19 -9.9850529e-20
   595 : -2.2133385e-10 -1.1504695e-10  3.9477428e-10
   596 :  2.5389461e-11 -3.4903464e-11  2.7827457e-11
   597 :  4.5688664e-15  3.4755936e-15 -1.0532993e-14
   598 : -8.5085876e-19 -3.2288210e-18  1.9384185e-18
   599 :  1.3361403e-02 -1.1184482e-02 -1.6620364e-02
   600 : -5.2363805e-12  3.4737021e-12  9.3389554e-12
   601 :  3.0140788e-02 -8.9999466e-03 -1.5788951e-02
   602 : -9.6384463e-28 -6.1112450e-27  3.2522839e-27
   603 : -7.5488856e-31 -2.5860079e-30  1.3934167e-30
   604 : -1.5908651e-21  2.4713411e-21 -3.4362576e-21
   605 : -1.1335729e-16  1.2148331e-16  1.4393513e-16
   606 : -4.4077699e-02 -1.3077418e-01 -9.5206485e-02
   607 : -5.2551125e-12  7.3118238e-12  5.3722740e-12
   608 :  7.9796377e-25 -1.1092277e-25 -2.9084098e-25
   609 :  2.0102086e-21 -3.5882808e-21  3.1639864e-22
   610 :  2.6306655e-30  9.2779897e-30 -2.1602927e-29
   611 :  2.9535605e-02 -6.2778445e-03 -9.0853445e-03
   612 : -9.7297414e-14  3.7334177e-12 -4.7800362e-12
   613 :  1.6337383e-15  2.6488808e-16 -4.1281044e-15
   614 : -1.9580633e-06  3.8154028e-06  7.7957972e-07
   615 : -7.5684648e-14  2.2118582e-14  1.3981474e-13
   616 : -2.2527362e-32  3.8847729e-32  6.9103294e-33
   617 : -1.4215396e-15 -3.4372874e-16  6.8567661e-16
   618 : -4.3114589e-19 -2.3297467e-19  3.2132689e-19
   619 : -9.0681551e-25  1.0268526e-24  8.0700877e-25
   620 : -2.1034844e-17  1.1713886e-17 -7.7149510e-18
   621 :  1.3017730e-12 -1.1858288e-12 -2.0744314e-12
   622 :  1.6838759e-04  1.2713891e-03 -7.8610125e-04
   623 : -1.5755030e-07  3.9855594e-08  6.0248527e-08
   624 :  7.5171832e-15  5.5609864e-14 -1.7269291e-14
   625 : -1.2806112e-14  1.2159451e-13 -5.3458005e-14
   626 : -8.5006972e-42  3.3239084e-41 -1.2667823e-41
   627 : -3.5925900e-27  1.6038614e-26 -8.8769355e-27
   628 :  2.8745419e-19 -4.3302755e-19  6.9185701e-20
   629 :  4.8404439e-08 -1.5440308e-07 -7.9160315e-09
   630 : -5.0623867e-05  2.7668625e-05 -3.5335863e-05
   631 :  4.1606974e-16 -1.7116477e-15  3.7327836e-16
   632 :  5.0428056e-32 -8.7906709e-32 -1.5506388e-32
   633 : -1.0246750e-07  4.3157821e-08  2.0929791e-08
   634 :  4.9784390e-11  2.3964813e-11 -9.3068825e-11
   635 :  1.3428280e-06 -3.4353049e-07 -3.3811914e-07
   636 :  1.9092612e-06  2.3829298e-06 -7.4234384e-07
   637 :  5.2647132e-05 -3.4622376e-05 -3.8886799e-05
   638 :  1.6350424e-03 -1.5566116e-03 -2.3086359e-03
   639 : -9.6684077e-07  1.5992940e-06  7.8456783e-07
   640 : -2.4693318e-02  1.7567263e-01 -9.1843740e-02
   641 :  2.0069100e-24 -4.2299442e-24  1.0832862e-25
   642 :  3.8764560e-10  1.6886832e-09 -9.8045142e-10
   643 :  3.9719935e-07 -4.7110636e-08 -2.3128338e-07
   644 : -1.9893984e-07 -1.8938599e-07  4.8068733e-07
   645 :  1.9377738e-12 -1.4784957e-11  1.2998852e-11
   646 : -5.7555814e-13 -1.0974839e-12  2.1276398e-12
   647 :  1.2146592e-01  3.3263011e-02  2.0923666e-01
   648 : -3.1361823e-14 -9.6739430e-13  3.0928191e-13
   649 : -4.0894293e-07 -8.8406312e-06  9.9780235e-07
   650 : -2.2261181e-14  1.0166187e-14 -2.7532903e-15
   651 : -7.1362369e-04 -2.1010604e-03  2.9556282e-03
   652 : -1.2910548e-12 -3.8202683e-12  2.0375066e-12
   653 : -4.2905022e-04 -2.8276335e-05  1.0030192e-03
   654 :  5.7799704e-21  2.7619346e-23 -4.9487722e-21
   655 :  2.2075484e-13  3.0363405e-13 -1.1252551e-12
   656 : -1.3598277e-02 -1.6096798e-02  6.5943664e-03
   657 :  3.1251899e-06 -1.3632927e-06  5.8044920e-06
   658 : -1.7499293e-12  3.0614625e-13 -3.5456614e-13
   659 : -1.3823855e-09  1.0709814e-09  1.0986695e-10
   660 :  4.7537389e-04 -2.6796342e-05 -1.8982147e-04
   661 :  2.1981703e-01  1.7306608e-01  7.1362849e-02
   662 :  7.9280047e-20 -2.2080794e-20 -6.7894188e-20
   663 : -8.6593573e-06  1.1646626e-05 -4.1124172e-05
   664 :  1.9248174e-04  5.4487705e-04 -2.5563843e-04
   665 : -1.1600736e-03  3.8893747e-04  1.7730776e-04
   666 :  1.1389368e-32 -8.1072659e-33 -1.5335119e-32
   667 :  2.1809233e-22 -1.0410895e-22  3.5882644e-23
   668 : -2.0479888e-07 -3.6700480e-07  1.1891443e-06
   669 :  3.1132399e-41  1.0021496e-40 -1.6363128e-40
   670 : -1.2122957e-05 -2.7549633e-05  1.1658987e-05
   671 :  1.5947756e-01  1.9521835e-01  7.6220185e-02
   672 :  7.8028786e-05 -8.9747748e-06 -1.8648398e-05
   673 : -1.7146458e-17  2.2784313e-18  3.4957289e-17
   674 :  1.1233525e-14 -7.0777811e-15 -1.7048047e-14
   675 :  6.0153070e-16 -4.3946037e-16  4.8924978e-16
   676 :  2.1736151e-11 -6.2837085e-11  1.5379820e-11
   677 :  7.4461496e-12 -4.5116865e-12  2.8162644e-12
   678 :  2.9858186e-06  2.3990470e-06 -1.9365689e-05
   679 : -1.7704516e-09  4.2267287e-09 -4.3988219e-10
   680 : -5.1968982e-09  3.4424816e-09  9.6152514e-09
   681 : -4.7073897e-23  2.6621077e-23 -1.2115606e-23
   682 : -6.3648336e-24  5.9579351e-24 -9.4913611e-24
   683 :  4.4853673e-21 -5.8975477e-21 -4.6685955e-21
   684 : -6.0976596e-27  3.2780258e-27  2.7255206e-27
   685 :  1.5375617e-10 -3.4419040e-10 -2.1229594e-11
   686 : -3.8688155e-15  1.3464956e-15  7.5105484e-16
   687 : -8.3930468e-27  1.5179098e-26 -2.8238290e-26
   688 : -2.9321857e-16  4.3641332e-16  2.0491750e-16
   689 : -8.4822832e-03 -3.8765958e-03  2.9383624e-03
   690 : -4.8928048e-12  1.8224968e-11 -4.8734918e-12
   691 : -5.9651095e-11  4.1718920e-11 -6.4416944e-11
   692 :  8.3873870e-13 -3.6634473e-12  4.2040891e-12
   693 : -1.5964439e-40  2.2827755e-40  1.1017726e-40
   694 : -1.2490292e-27  2.4645585e-27  9.4953542e-29
   695 :  1.1512861e-03 -2.7161957e-03  6.1743175e-04
   696 : -7.9576963e-08 -1.0988156e-07  9.6282028e-08
   697 :  2.5885547e-12 -6.9444724e-12 -1.6406403e-12
   698 :  9.4074786e-04  8.6777776e-06  3.0186257e-04
   699 :  8.2059277e-19 -4.1819560e-18  8.0468314e-18
   700 : -6.7670368e-34 -9.9642669e-34  2.6931442e-33
   701 :  1.0180364e-31 -3.3152730e-31  1.1422141e-31
   702 : -3.2699024e-22  7.1811469e-22 -1.9263481e-23
   703 :  1.9408799e-01  2.0801699e-01  1.2356859e-01
   704 :  9.8431359e-13  5.1677901e-13 -2.3677376e-12
   705 :  2.4156292e-26 -1.7248187e-25  7.4069091e-26
   706 :  4.0039734e-01  1.4779838e-01  2.2562086e-01
   707 : -4.3929124e-07 -5.1015380e-07  2.8734128e-07
   708 :  2.4183429e-08  1.6099511e-08 -1.0615249e-08
   709 : -4.2068943e-15  7.2731337e-15 -1.4177793e-14
   710 : -2.2526580e-18  5.9311225e-19  1.2598046e-18
   711 :  1.3881652e-13 -4.0456154e-14  4.0711310e-14
   712 :  2.6097369e-07  1.7966829e-06  8.9374111e-07
   713 :  9.2585192e-14  2.9571361e-13 -2.3705047e-12
   714 : -2.0956508e-02  8.2296570e-02 -1.0534093e-01
   715 : -1.0457539e-11  1.0112437e-11  3.9516549e-12
   716 :  3.5529965e-29 -6.8790413e-28  1.3971117e-27
   717 :  3.7484004e-08 -1.1683524e-07  3.8353564e-08
   718 : -3.1157595e-13  5.5179757e-14  1.6580698e-13
   719 : -3.0183520e-07 -2.5404798e-07  1.4723403e-07
   720 :  1.9610659e-01  1.6081013e-01  6.6675727e-02
   721 :  2.0843686e-04  2.2877027e-04  1.5158305e-04
   722 : -9.8482149e-25 -1.4934673e-24  1.0481066e-24
   723 :  1.1799134e-23 -5.5136595e-23  3.0646158e-23
   724 : -1.0182695e-23 -2.4670140e-24  6.8603449e-24
   725 :  1.0565958e-05 -2.5629953e-06 -2.2564293e-05
   726 : -3.6973460e-16  3.6530198e-17  1.4490157e-16
   727 : -1.3800486e-07  9.7607602e-06 -1.8872982e-05
   728 :  7.2135777e-08 -7.1052022e-08 -1.3027706e-07
   729 :  2.3920456e-10 -3.6728815e-10 -1.4224788e-10
   730 : -2.2197082e-12 -1.3791494e-13 -1.4160236e-12
   731 :  9.7290664e-23 -2.1351404e-22  5.8058600e-23
   732 :  4.6593260e-20 -1.0273686e-20 -2.1142627e-21
   733 :  4.3575871e-13 -1.1768309e-12 -4.5828767e-13
   734 : -2.7523097e-02  5.5658727e-02 -1.8526445e-02
   735 : -7.4580186e-13  5.0586424e-12 -2.4188930e-12
   736 :  2.0639139e-02 -5.8112998e-03 -4.7710326e-03
   737 :  8.0992455e-16  9.3674095e-16 -3.5086332e-15
   738 :  1.5124264e-06 -5.6419310e-07  1.2197068e-06
   739 :  1.5115606e-01  9.2693204e-02  1.5882204e-01
   740 :  2.6429676e-11 -7.5387608e-11  3.2511489e-11
   741 :  8.9893191e-05  3.1349648e-04 -6.7867237e-05
   742 :  2.3183105e-13  4.6204440e-13 -1.2021664e-12
   743 : -4.2476842e-12  7.7863405e-12 -7.6826182e-12
   744 : -4.7623827e-02  7.8736922e-03  2.2546945e-02
   745 :  1.1530176e-25 -7.6582648e-25  5.8183257e-25
   746 :  1.8018269e-20 -1.4385355e-20 -2.9301354e-20
   747 :  1.2300863e-15  5.6683862e-16 -1.4375258e-15
   748 : -7.9323107e-13  2.6809157e-12  9.9163687e-12
   749 :  1.8304734e-07 -5.1157570e-07 -1.5564299e-07
   750 :  1.6776752e-27  4.0351573e-26 -5.3223942e-26
   751 : -1.4030831e-01 -1.0989931e-01 -1.2537391e-01
   752 : -1.6563839e-12  2.4991188e-12  1.3181116e-12
   753 :  1.1821625e-07 -4.1546810e-07  1.1557295e-07
   754 :  1.0460340e-20  1.1684128e-21 -2.3658685e-20
   755 :  8.2968891e-02 -4.3083691e-02 -1.0303212e-02
   756 :  2.2319941e-15  6.5169561e-15 -1.2847827e-14
   757 : -2.5617067e-38  5.9677233e-39  9.4643834e-39
   758 :  3.1809041e-03 -1.9822924e-02 -7.8179862e-05
   759 : -1.8342352e-12  6.9052646e-13 -3.2094955e-12
   760 : -1.4537933e-17  3.9326968e-17 -7.3575294e-18
   761 : -1.9903037e-11  3.7943722e-11  7.8455682e-12
   762 : -4.4583486e-03  2.4648484e-03 -1.0725692e-03
   763 : -4.0752589e-29  1.2211197e-28 -4.0228835e-29
   764 : -3.4059382e-30 -1.2334692e-29  7.7636833e-30
   765 : -1.0555262e-01 -1.5448553e-01 -1.5135216e-01
   766 :  2.7120766e-14 -6.8867594e-14  1.3515363e-14
   767 :  2.4143735e-03  1.1140560e-03 -8.1754870e-03
   768 : -2.7803188e-26 -1.3180965e-25  3.1241190e-25
   769 :  7.0856003e-02  3.1301061e-03 -7.5264445e-02
   770 :  5.6712786e-11 -2.9048114e-11  1.1249356e-10
   771 : -4.1216484e-07  1.5297944e-06 -3.0746940e-07
   772 : -7.5655284e-05  1.2747874e-05 -5.6470573e-05
   773 :  2.0497689e-13 -4.9216481e-13  3.8549342e-14
   774 : -8.2770490e-02 -5.9606396e-02 -7.2024674e-02
   775 : -4.6479247e-02  1.6062107e-01  2.2626579e-01
   776 : -1.3074342e-12  4.7438016e-13  2.1137891e-12
   777 : -1.4220691e-11  1.0032166e-11  1.5595523e-11
   778 :  1.0163893e-11  1.3047612e-11 -1.3511219e-12
   779 :  7.2252394e-23 -1.0312847e-21  4.6147461e-22
   780 :  2.2500387e-04  2.6435670e-04  6.0516460e-04
   781 : -3.3873746e-25  3.2523089e-25 -3.7016534e-25
   782 :  4.2366794e-39  2.6059167e-39 -8.5103176e-39
   783 :  6.8047872e-12  2.2119038e-11 -3.6228942e-11
   784 : -8.4913707e-13 -7.6563044e-12  3.4637650e-12
   785 :  3.8984945e-25 -9.2810617e-25  1.3240532e-25
   786 : -5.4136501e-02  5.5004754e-02 -1.2012995e-01
   787 : -3.1745512e-02 -1.1177095e-01 -1.5325316e-01
   788 : -1.0436205e-24  8.4368808e-25 -9.0837151e-25
   789 :  3.5588949e-23  3.7937740e-24 -5.6551203e-23
   790 : -9.5715703e-10 -3.3567935e-09  3.1906540e-09
   791 : -8.0317839e-08  5.3826970e-08  7.6090241e-09
   792 : -6.6521598e-05  1.3141673e-05  6.9731048e-07
   793 : -4.2268307e-05  1.0615925e-05  6.9244834e-06
   794 :  8.5866159e-11 -1.8486823e-10 -3.2840488e-11
   795 : -5.4589286e-05 -7.5878755e-05  3.4230657e-07
   796 :  5.0849212e-06 -1.9166352e-06  6.6641655e-06
   797 :  5.3527601e-26  6.0006561e-26 -1.0621997e-25
   798 :  2.8827425e-08  5.1347632e-08 -3.2889076e-08
   799 :  1.5609857e-14 -4.4523566e-15 -3.2069642e-14
   800 : -6.7165590e-04 -1.1410247e-01 -7.9913738e-02
   801 :  2.9287034e-23 -1.4195777e-24 -5.6953587e-23
   802 : -4.3577332e-12  8.4379927e-12  1.2614140e-12
   803 :  9.5681622e-18  1.1174740e-17 -8.6426581e-18
   804 : -1.0983444e-01 -1.4376454e-01 -7.1056608e-02
   805 : -4.2194676e-12  8.7334373e-12 -3.7991256e-12
   806 :  6.3126634e-22 -2.0672574e-22 -1.5854232e-23
   807 :  2.1052066e-25  4.0504068e-25 -2.8005198e-25
   808 : -4.8795969e-02 -3.5442153e-02 -1.0606317e-01
   809 : -1.3913337e-16  1.4834845e-16  2.0689496e-16
   810 :  1.4694288e-24 -1.1514086e-24  1.0169050e-24
   811 :  6.5831886e-40  4.2636777e-41 -8.9083778e-40
   812 : -1.5475630e-14 -4.2341502e-14  1.6324149e-13
   813 : -2.1081730e-13 -8.0942510e-13 -3.5703380e-12
   814 :  5.5732331e-36  3.8536284e-37 -6.3479923e-36
   815 :  1.2605321e-41  2.3544479e-40  7.1911262e-41
   816 : -1.3756725e-33  2.6603532e-34  5.4994896e-34
   817 : -2.0034812e-35 -1.9837412e-35  6.0192962e-35
   818 :  6.7148648e-38 -3.3528052e-37  1.9685296e-37
   819 : -3.7504748e-13 -1.0652048e-13  5.6030839e-13
   820 : -3.6072500e-37  9.9037323e-37 -2.0466420e-37
   821 : -4.3870867e-06 -8.2836258e-06  7.5821984e-06
   822 :  6.0922933e-10 -2.4189709e-09  1.2076504e-09
   823 : -4.0402023e-20 -6.4973738e-20  1.6041399e-19
   824 :  9.6778807e-19 -4.2967416e-19 -1.7790961e-18
   825 : -4.8044729e-29 -1.8965176e-29  1.1650429e-28
   826 :  3.0253969e-07 -6.9964451e-07  1.0923437e-07
   827 :  4.5128324e-21  1.8387165e-21 -3.1296080e-21
   828 :  3.9268542e-16 -1.0480332e-15  2.4357209e-16
   829 :  1.4072579e-09  3.0090366e-09 -2.1878291e-09
   830 :  8.4222045e-02  2.0301310e-01 -7.0857406e-02
   831 :  1.7583866e-01 -4.6460600e-02  2.1434788e-01
   832 : -1.2152626e-14  2.5209276e-13 -2.0289298e-13
   833 :  1.1123581e-01  1.2910806e-01 -5.8679753e-02
   834 :  6.4834617e-34 -6.0155673e-34  5.7423728e-34
   835 : -3.1234311e-39  2.3773127e-38 -4.5746684e-38
   836 :  2.3567805e-11 -3.8137602e-11  8.2178199e-12
   837 :  7.4873701e-23 -1.3247608e-22  2.3526071e-22
   838 :  2.4525062e-08 -1.6599998e-09 -6.0375064e-09
   839 :  6.8574172e-17 -1.1256262e-17 -1.2874365e-16
   840 :  1.1900401e-21 -4.5619963e-22 -3.1772283e-22
   841 : -9.7910175e-19  3.1462367e-19  3.4126764e-19
   842 :  1.1395168e-15 -5.1328807e-15  1.8406001e-15
   843 : -2.0906978e-21 -1.2903819e-20  1.7237089e-20
   844 : -4.9215127e-14  5.1899801e-14 -5.6520093e-14
   845 :  2.3279837e-28 -1.3490786e-28  8.6774006e-29
   846 : -4.2001879e-12  7.1250223e-11 -2.1605095e-11
   847 : -4.0146065e-15  2.7551898e-15 -1.8765386e-15
   848 :  5.0348657e-43 -2.7111933e-42  1.0961484e-42
   849 :  3.3960687e-18 -1.7491317e-17 -2.3196375e-18
   850 : -1.6099349e-16 -3.6305326e-16  8.9165183e-16
   851 : -2.0146308e-18  2.2304633e-17 -1.7938126e-17
   852 : -3.4649854e-31  1.6269940e-30 -6.8021143e-31
   853 : -4.8768128e-07 -9.5256204e-09  3.5849687e-07
   854 : -9.7548236e-44 -4.8686563e-43  1.0180979e-42
   855 :  9.7343088e-07 -1.5514141e-06  3.8727210e-06
   856 :  1.8253313e-09 -2.2113144e-09  2.5341233e-08
   857 : -8.1087977e-06  1.9358010e-05 -3.6612262e-05
   858 :  1.9855737e-09 -2.8088354e-09 -2.6275398e-10
   859 :  3.6649840e-32  2.1599445e-30 -2.2543294e-30
   860 :  6.9142756e-12 -4.5417821e-10  2.6585511e-10
   861 : -4.7123029e-10  3.6623616e-10 -4.6569659e-10
   862 : -1.5831802e-10  4.5236603e-11  7.0663847e-11
   863 :  1.1964207e-07 -9.1876846e-08 -2.2931784e-07
   864 : -6.1127672e-07 -5.2901411e-07  8.3631675e-07
   865 :  1.4948463e-04 -1.2716709e-04  1.2196027e-04
   866 :  3.6767035e-01  2.2611806e-01  1.9389661e-01
   867 :  4.4626015e-04  1.8170660e-03  7.9044328e-04
   868 :  8.6087937e-13  1.5627687e-12 -3.7768653e-12
   869 :  2.5916732e-13 -9.5900226e-15 -1.3235027e-13
   870 : -2.6793038e-14  1.2079708e-13 -3.9986895e-14
   871 : -1.6650087e-06 -1.8493987e-06  5.8124693e-06
   872 :  5.2751879e-06 -1.2547361e-06 -1.2508132e-06
   873 :  6.8434834e-02  1.4918407e-01  1.2564492e-01
   874 :  1.1794761e-01  1.2105538e-01  7.1170236e-02
   875 : -3.8017125e-21  8.5158556e-20 -1.3063301e-19
   876 : -1.9332819e-18  2.3895713e-18  1.9319753e-18
   877 : -2.7480920e-36  3.9594965e-36 -5.1937952e-36
   878 : -1.6303752e-33  3.6621084e-33 -7.6571712e-34
   879 :  5.6094058e-21 -9.5982457e-21  1.4065621e-20
   880 :  5.0393923e-19 -6.9698776e-19  8.7348904e-20
   881 :  1.1634707e-35 -3.4000984e-36 -4.8061002e-36
   882 : -8.1300792e-34  4.8934596e-34  1.1494952e-33
   883 : -2.2029867e-21  1.1521138e-21 -1.8176656e-22
   884 : -2.2459404e-21  5.1986981e-20 -2.2057315e-20
   885 : -1.4462711e-09  3.0308723e-09  6.0851271e-10
   886 :  2.2449106e-10  2.7522886e-11 -2.9852154e-10
   887 :  2.3447231e-10 -4.7983077e-10 -1.4799600e-09
   888 : -8.6972458e-10  4.5550794e-09 -2.0055222e-09
   889 : -2.6877140e-03 -9.3180362e-03  1.2856535e-03
   890 :  6.3468360e-04  7.6121985e-04 -8.2266881e-04
   891 : -1.2350996e-19  3.3456036e-20  5.2654914e-20
   892 :  9.5975455e-18 -1.2587198e-17 -7.1395175e-18
   893 :  3.7258497e-11 -1.5907254e-11  3.3882685e-12
   894 :  4.6815842e-10 -4.4435607e-10 -4.8548132e-10
   895 : -2.9288084e-03 -4.8199469e-03  6.9211449e-04
   896 :  1.6312713e-03 -4.0360835e-05 -1.3275786e-03
   897 : -4.7573108e-21  1.3027012e-21  1.8915048e-21
   898 :  5.1689687e-20 -1.2221477e-20 -9.8423233e-20
   899 :  2.7073764e-04  7.4793240e-04 -1.0777613e-04
   900 :  3.1876094e-04  1.6726863e-04  1.5414387e-05
   901 :  3.2316898e-13 -3.5684016e-13  4.4279243e-13
   902 :  1.2548845e-11 -1.7722755e-11 -5.2541955e-12
   903 :  7.3020166e-07  2.3131552e-06 -7.7296987e-07
   904 : -1.7086779e-07 -2.4072396e-09 -1.6655527e-07
   905 : -7.3092363e-09  1.0227627e-06 -5.9120844e-07
   906 : -1.8006145e-04  5.0274279e-04  5.7464715e-05
   907 : -3.7934620e-05  2.8738402e-05 -5.5556944e-05
   908 : -2.3929467e-08  1.6452637e-08 -1.4905990e-08
   909 : -8.1424680e-08  2.1282165e-07 -5.3042861e-08
   910 :  1.9027989e-08 -1.2733028e-07 -1.6448421e-07
   911 : -2.1977926e-08  2.9781333e-08  1.1744557e-09
