Number of elements 912
     0 :  3.4770524e-17 -8.9436753e-18 -6.6447387e-17
     1 :  3.4527822e-10 -9.0862350e-10  1.3229947e-10
     2 :  1.1234038e-01  9.2117012e-02 -7.3737024e-02
     3 : -8.7445784e-13  9.4737356e-13  1.0244274e-12
     4 : -2.7752905e-02  5.8428771e-02 -2.3201392e-02
     5 :  3.4608409e-01  1.9554957e-01  1.8687950e-02
     6 : -1.2336108e-27 -5.4709226e-27  8.0579696e-27
     7 : -1.0576409e-09  5.3218634e-09 -2.7018491e-09
     8 : -2.5651686e-08 -4.0450008e-08  2.6022001e-08
     9 :  5.3004312e-25  9.7062950e-25 -2.0736815e-24
    10 :  6.2026922e-09 -4.8856871e-08  3.6488455e-08
    11 : -7.8202047e-28  2.5838451e-28  1.4610076e-27
    12 :  2.2086096e-01  3.4513171e-02 -9.0659745e-02
    13 :  4.2782275e-06 -1.8982384e-06  1.7499577e-06
    14 : -2.2573741e-14  1.1072404e-13 -2.3037359e-14
    15 : -3.3187464e-07  5.3604982e-07 -1.4852149e-08
    16 : -4.7920323e-29 -5.5413046e-29  1.5275212e-28
    17 :  4.2184864e-20  1.8585960e-20 -1.1768572e-19
    18 :  2.4012548e-08 -9.8142858e-08  5.8766118e-09
    19 : -5.9432571e-34  2.6297514e-34  6.4826004e-34
    20 : -7.3036573e-20  2.3916510e-19 -1.0801502e-19
    21 :  1.1757906e-05  6.2903002e-06 -3.0104140e-05
    22 : -9.3422524e-06 -2.5489017e-07  4.8645098e-06
    23 : -1.8388068e-31  7.8967387e-32  1.3475245e-31
    24 : -2.5782041e-10 -1.0083188e-10  2.1766330e-09
    25 :  5.0171111e-33 -1.2859028e-32  3.2766499e-33
    26 : -1.5744654e-09  1.9739872e-09 -8.7683612e-10
    27 : -4.1449295e-06  7.5339971e-06  2.3993482e-06
    28 :  3.1522219e-06 -3.2016660e-06  8.9349272e-07
    29 :  1.1713098e-10  2.5707387e-10 -5.7808259e-10
    30 :  2.0172070e-08 -3.9093321e-08 -1.0744411e-08
    31 : -1.3015842e-13 -1.4883816e-13  3.7569635e-13
    32 :  1.4197763e-26  1.1691058e-26 -3.8609257e-26
    33 : -6.5934136e-05  1.5212497e-04  7.2663338e-05
    34 :  6.9352455e-35 -7.8932705e-35 -6.6443251e-35
    35 :  7.2039160e-13 -7.5527777e-13 -5.1144050e-13
    36 : -9.8383086e-02 -1.4360375e-02 -4.9951836e-02
    37 :  1.6931122e-03  6.3463223e-04 -2.2631153e-04
    38 :  4.5126602e-06 -1.4592750e-05  3.6078208e-06
    39 :  1.9611976e-10 -4.2350115e-10 -2.8471554e-11
    40 : -2.5460981e-11  1.9835298e-10 -4.3944584e-11
    41 : -3.0107911e-06  5.9326698e-06  1.3326236e-06
    42 : -1.8029796e-33 -1.1193392e-32  1.2605783e-32
    43 :  4.3866148e-18 -5.9851266e-18 -3.4121588e-18
    44 : -1.1689469e-04 -2.2674612e-04  6.1142815e-04
    45 : -2.4106731e-14  2.4961107e-16  2.4269099e-14
    46 :  1.1932057e-14 -7.7810648e-15  6.3940611e-15
    47 : -7.1955509e-26  1.3426634e-25 -2.2154020e-25
    48 : -5.5746676e-29 -3.3023386e-28  1.3076622e-28
    49 : -4.2348707e-08  4.2055586e-07 -2.6998014e-07
    50 : -1.4230324e-05  1.7423510e-04 -6.8093434e-05
    51 :  1.6218186e-01 -1.9914549e-03  6.5264117e-02
    52 : -7.1450238e-08  2.4625385e-07 -5.3405829e-08
    53 :  2.2057348e-27  1.5617628e-27 -5.7254447e-27
    54 : -4.1594508e-06 -1.5966917e-06 -3.9926754e-06
    55 :  5.8887813e-07 -6.6362189e-08 -9.5111233e-06
    56 :  1.0781634e-01  1.3488799e-01  2.2270711e-01
    57 : -6.6551232e-07 -5.4730629e-07  1.4706339e-06
    58 : -2.4830818e-02  6.2436388e-02 -9.7270138e-03
    59 :  4.8563323e-08 -1.4267129e-08  6.0162181e-09
    60 :  3.6611926e-05 -5.7090732e-05 -8.0670385e-05
    61 : -1.8916591e-02 -6.7239011e-03  4.8835939e-03
    62 :  2.5429014e-09 -6.2916881e-10 -1.2224679e-09
    63 :  3.0742448e-04  2.0118545e-04 -1.4284627e-04
    64 : -4.0502116e-10  3.9554519e-09 -3.7187959e-09
    65 :  3.4686460e-11 -9.6543739e-11  3.1351908e-11
    66 : -3.3117791e-14  1.6447268e-12 -8.3197404e-13
    67 : -5.4901876e-28  8.1647011e-29  1.1251802e-27
    68 : -2.8323452e-27  6.7388880e-27 -6.7961520e-28
    69 : -7.1657338e-28  6.8341521e-28  8.4137986e-28
    70 :  3.0078765e-15  4.6741044e-17 -6.3881133e-15
    71 : -3.6016495e-04  6.5910092e-04  4.7595887e-04
    72 :  1.0888425e-29 -3.3477852e-29  1.0524206e-29
    73 : -3.6342819e-04  8.4893716e-04  1.4072896e-03
    74 :  8.4427744e-21  1.4045773e-20 -1.0732805e-20
    75 : -1.3618952e-21 -1.2284113e-21  1.2358622e-21
    76 : -1.0473961e-30  1.0468306e-29 -4.2078325e-30
    77 :  3.3736491e-22 -8.0671044e-22  6.1603081e-23
    78 :  1.8353743e-25 -6.2983159e-25  1.8828089e-25
    79 :  1.6786064e-19 -1.3799547e-19  3.0988740e-19
    80 :  1.0521012e-39  2.0428966e-39 -1.6456719e-39
    81 :  2.9232486e-25  8.3179044e-25 -5.4943629e-25
    82 : -4.0861554e-01 -9.6459269e-02 -4.0304849e-01
    83 : -2.0560800e-34  2.3237665e-34  2.1111063e-34
    84 : -4.1224374e-32  1.0215192e-31 -2.1883142e-32
    85 :  2.5690096e-01  1.5703921e-01  3.2689097e-01
    86 :  1.3480663e-19  2.5868141e-20 -1.9326789e-19
    87 :  4.0919965e-18 -4.4481139e-18 -4.3718003e-18
    88 : -6.7606023e-12 -4.2526975e-12  4.7591404e-12
    89 : -7.8206131e-03  2.6558725e-04  2.7043101e-03
    90 : -7.9578806e-31 -2.6857833e-30  1.7053849e-30
    91 :  6.6045625e-02  1.3294904e-01  4.5634762e-02
    92 :  7.3045858e-15 -1.0617068e-14  3.3927367e-15
    93 : -2.5819986e-38  5.7939033e-39  1.0188894e-38
    94 :  6.0283437e-17 -3.8121762e-17 -7.4137091e-18
    95 :  1.5802633e-28 -1.0103346e-28  5.8678974e-29
    96 :  1.4965643e-12 -2.0539497e-12  2.9573163e-12
    97 :  4.9445983e-15  7.4124191e-14 -8.3725183e-14
    98 : -4.4772049e-01 -1.2160567e-01 -2.6416555e-02
    99 :  1.4598129e-25  3.4308752e-25 -2.2911484e-25
   100 : -4.3703950e-27  7.5271711e-27 -2.8773559e-27
   101 : -4.0989744e-12  2.5610674e-12  1.2123057e-12
   102 : -1.0096623e-07  1.6660005e-07 -1.2409116e-07
   103 :  4.1149692e-36 -2.4327546e-36 -6.3137890e-36
   104 :  2.0252955e-15  4.9141404e-16 -1.0969316e-15
   105 : -6.9707809e-08  1.7711080e-08  2.4426591e-08
   106 : -1.4146089e-10  1.9568160e-10  3.7171474e-11
   107 : -2.1797834e-10  7.1275663e-10 -3.1530120e-11
   108 : -2.3205120e-10 -8.8860935e-10  4.1671113e-09
   109 : -7.7219391e-07  6.6128936e-08  4.0153406e-07
   110 : -2.2322670e-04  9.8508295e-04 -1.9095070e-04
   111 :  3.6747852e-09 -7.1197347e-10 -1.0594436e-09
   112 : -1.8047410e-24  1.9265357e-24  2.1719612e-24
   113 :  1.6379260e-01 -1.1192304e-02 -8.1863168e-04
   114 :  9.7852049e-15  2.1530226e-16 -1.1100516e-14
   115 : -3.8483682e-07  5.9321486e-07 -6.7622605e-07
   116 : -1.1748178e-04  6.4435410e-04 -9.1463102e-05
   117 :  6.8383483e-02  1.4828880e-01  1.3093312e-01
   118 : -4.8083388e-01 -1.5305087e-01  1.1415357e-02
   119 : -6.2781854e-29 -1.3616465e-29  9.3196677e-29
   120 : -1.4833639e-13  9.5098545e-14 -6.5849428e-14
   121 :  6.2047021e-22  1.4168506e-22 -9.0808866e-22
   122 :  1.3418835e-06  1.5129346e-06 -1.1106071e-06
   123 : -1.2962138e-35 -2.0759401e-35  3.7612876e-35
   124 : -1.4846447e-27 -3.3517893e-26  1.6290405e-26
   125 : -2.2429822e-38  6.4293239e-38 -1.9465584e-38
   126 : -9.6609590e-21  2.8778261e-19 -2.4449117e-19
   127 : -2.7069114e-22 -2.5688496e-21  3.2630528e-21
   128 : -6.4221610e-07  3.5120229e-07  9.5020073e-07
   129 : -1.3227833e-18 -9.2334210e-19  2.6035174e-18
   130 : -2.8824002e-02  3.8404483e-02  1.5855221e-01
   131 :  7.3750456e-05 -6.6295740e-06 -4.8950244e-05
   132 :  1.6725251e-06 -5.8084916e-06  2.6006984e-06
   133 :  6.5106507e-04 -2.5673592e-03  4.3481617e-04
   134 :  3.1785902e-06 -1.3497718e-06  8.4614280e-08
   135 : -5.4093204e-09  1.0037165e-08  1.5488660e-08
   136 : -1.0130894e-10  8.9498894e-11  2.2570942e-11
   137 :  1.1310377e-07 -1.6260596e-07 -1.2257990e-07
   138 :  3.7269477e-10  4.8653703e-09 -3.1535693e-09
   139 : -1.7312545e-09  3.1737425e-09 -7.9813057e-10
   140 :  1.2682597e-23  7.4394895e-24 -8.9554672e-24
   141 :  2.3645997e-22 -5.4000510e-22  4.9362803e-24
   142 : -3.5025347e-09  8.0779516e-11 -1.4656833e-10
   143 : -7.1981617e-31  3.0613363e-29 -4.1428656e-29
   144 : -2.3834304e-10 -2.2631308e-10  1.7149221e-10
   145 :  5.6280779e-13 -1.8220201e-12  5.2565968e-13
   146 : -1.5739525e-15  1.3660157e-15  2.2047419e-15
   147 : -2.1286540e-29 -2.6312692e-29  2.1664315e-29
   148 : -9.0622858e-17  6.6430514e-17  1.1712085e-16
   149 : -9.0879529e-02  7.1005769e-02  3.4441887e-02
   150 :  1.0206363e-12 -2.2082325e-12 -1.7999354e-14
   151 :  1.1433415e-21 -8.5523732e-21  5.4360420e-21
   152 :  3.2157428e-18 -7.6963288e-18  1.9993710e-18
   153 : -1.6284857e-01 -6.6416888e-03 -1.9641467e-01
   154 : -3.2722869e-39  8.1417790e-40  4.1119137e-39
   155 : -1.0517160e-29  8.4052599e-30 -4.9937938e-32
   156 :  1.0620197e-31 -5.4006084e-31  2.0446039e-31
   157 :  1.6506396e-14 -3.1042513e-14 -3.9789961e-15
   158 :  3.2637674e-09 -5.4283752e-09  3.5672056e-09
   159 : -6.9212474e-12 -1.0690877e-11  8.2229839e-12
   160 : -4.5828044e-37  1.0089744e-37  1.7533368e-37
   161 : -6.0676021e-36  1.0522950e-35 -1.5344158e-35
   162 :  1.4568288e-01  4.5098214e-02  7.0279250e-02
   163 :  2.1437276e-06 -2.0116025e-06  4.3289561e-06
   164 : -1.1641681e-19  1.7254784e-19  9.2645968e-20
   165 : -8.0650956e-11  2.1561200e-10 -3.3008585e-11
   166 :  1.2395618e-30 -2.9658409e-31 -2.3901721e-30
   167 : -1.5873249e-08  8.9567959e-09 -6.7723108e-09
   168 :  8.1060426e-06 -1.9590319e-05  3.8076480e-06
   169 : -5.0286496e-01  2.0129456e-01  2.3444370e-01
   170 :  1.3547594e-27 -2.3155108e-28 -8.8851326e-28
   171 :  2.3909833e-29  2.1726947e-27 -4.4128833e-27
   172 :  3.2551810e-05 -6.6602276e-05 -4.1960444e-05
   173 : -4.9931851e-07 -1.8820862e-07  7.9533325e-07
   174 : -1.4750552e-09  1.6698618e-09  1.6668208e-09
   175 : -2.4999277e-15  7.6506907e-16 -6.8396102e-17
   176 : -8.9291539e-26 -3.8286240e-26  2.2795927e-25
   177 :  3.5573084e-10 -3.1674670e-09  1.8592399e-09
   178 : -1.0654391e+00 -2.2614118e-01 -7.3794242e-01
   179 : -6.0275682e-09 -1.5560993e-09  1.4223801e-08
   180 :  9.6193936e-30  1.9438572e-31 -2.0236705e-29
   181 :  5.8726222e-06  4.0488524e-06 -1.3354009e-05
   182 : -3.5461513e-17  2.2568691e-17 -1.7310788e-17
   183 : -1.0786025e-04 -1.5270576e-04  4.4630615e-04
   184 :  1.6255314e-38  2.2645715e-37 -1.1677627e-37
   185 : -9.0263170e-21 -3.4468571e-21  5.5839726e-21
   186 :  1.2617404e-13  2.3989797e-14 -1.8131687e-13
   187 : -6.8743065e-09  8.4789140e-09  1.6930863e-08
   188 : -2.3584377e-01 -2.3742386e-01 -4.2546193e-01
   189 :  4.2066974e-08 -1.3524884e-08 -7.9171909e-08
   190 : -4.8233772e-11  3.1497996e-10 -1.3286354e-10
   191 :  2.8254051e-35 -2.3402118e-35 -3.8236924e-35
   192 : -1.5039377e-05 -1.0219729e-04  8.6703082e-05
   193 :  2.3727111e-01  5.0574905e-02  1.2313323e-01
   194 : -3.8514907e-01 -1.0787969e-01  1.4370807e-01
   195 :  4.1716346e-15  1.0617705e-15 -2.6043893e-15
   196 :  2.2474248e-30  1.5498396e-30 -6.4207213e-30
   197 : -2.1570859e-29  3.6402774e-29  7.6068667e-30
   198 :  6.9638185e-12 -1.3364986e-12 -3.7900851e-12
   199 : -1.1410976e-02  1.4564342e-01 -1.6302752e-02
   200 :  1.8029161e-26 -5.7006944e-26  2.9180741e-26
   201 :  4.2601006e-06  1.2225108e-05 -2.7667634e-05
   202 :  7.2575516e-15 -1.1153786e-15 -8.3942017e-16
   203 :  9.4367220e-33  1.7743001e-32 -1.2438438e-32
   204 : -3.6290302e-15  2.7018990e-14 -1.5480538e-14
   205 : -2.1568747e-05 -2.3899637e-05  1.6045421e-05
   206 : -3.7492046e-32  1.1943574e-32  7.5725380e-33
   207 : -4.6685050e-30  2.8526696e-30 -1.5314148e-30
   208 : -2.0773029e-22  5.0877675e-22 -2.6756598e-22
   209 : -1.1227245e-01  9.5359322e-02 -4.0279189e-02
   210 :  7.6912204e-16 -1.1591623e-15 -6.1259181e-16
   211 :  4.1365385e-32 -3.3458234e-32  3.2528241e-32
   212 :  1.2437892e-08 -4.8296053e-08  1.2210742e-08
   213 : -1.0742679e-30 -4.6689443e-29  6.3242329e-29
   214 : -8.0770764e-02 -1.0098419e-01  8.0778143e-02
   215 : -5.8970360e-01 -1.5347015e-01 -2.1862449e-03
   216 : -8.5839728e-09  8.7782780e-09  1.4205780e-08
   217 :  1.3445218e-38  4.1876371e-38 -2.6225613e-38
   218 : -9.1313601e-24  3.1138857e-23 -1.1344065e-23
   219 : -1.4747131e-06  1.5909721e-06  1.4678744e-06
   220 :  7.3422050e-20 -2.2498917e-20 -1.2253569e-20
   221 :  3.8009353e-26 -9.6513405e-26  6.7794817e-28
   222 : -5.8932008e-03 -6.6376392e-03 -2.8618522e-03
   223 :  5.2956144e-04 -2.3782677e-04  7.1046770e-04
   224 :  1.3762998e-12 -4.4875870e-12  2.0882539e-12
   225 : -4.1073486e-20 -1.0165090e-19  2.0347208e-19
   226 : -2.8543983e-26  1.1898602e-26  1.0195854e-26
   227 : -1.7023733e-14  3.2508084e-15  7.4424601e-15
   228 :  3.5973398e-12 -7.2771243e-12 -1.5370228e-12
   229 : -1.0741885e-16  4.4640033e-17  2.6994858e-17
   230 :  1.0403145e-26  1.1309219e-26 -9.8097936e-27
   231 : -3.8867715e-27  1.3609233e-26 -5.3225941e-27
   232 : -2.4557801e-36 -2.0966424e-36  2.1909177e-36
   233 : -6.9069553e-27 -2.0252855e-25  2.4413316e-25
   234 :  1.5058746e-01 -3.2310601e-02  1.6411524e-01
   235 : -8.7591718e-05 -1.8054815e-04  4.3801548e-04
   236 : -4.3173282e-24  4.7800832e-24  4.7030752e-24
   237 :  5.4524398e-22 -3.5432582e-21  3.3108496e-21
   238 :  9.8355377e-34  1.4889105e-34 -5.5851262e-34
   239 :  1.3124269e-25 -1.7749400e-25  2.2506800e-25
   240 :  3.6207745e-31  7.1629975e-31 -1.4682706e-30
   241 :  9.7733556e-07  1.2691217e-06 -6.4337499e-07
   242 : -2.8281964e-07 -3.3196618e-07  9.8641915e-07
   243 :  2.6093820e-03 -5.6795321e-03 -5.3727735e-03
   244 :  4.2212683e-04 -2.7729442e-04  6.4249283e-04
   245 :  1.2596421e-24 -6.3232700e-25 -1.3927106e-24
   246 : -4.4242882e-08 -3.9782398e-08  4.6068759e-09
   247 : -9.1870348e-03  3.8810872e-03 -1.2907064e-02
   248 :  2.2287988e-37 -4.0514199e-37 -5.2333191e-38
   249 :  7.1134326e-19  1.7938737e-18 -3.3150749e-18
   250 : -2.1458752e-07  1.1527453e-07 -3.4213094e-07
   251 :  9.0826416e-13 -1.7100985e-12 -7.8392977e-13
   252 : -7.1750818e-27  1.5212129e-26 -1.3055650e-27
   253 :  7.9213405e-33 -8.2352134e-33  9.8050332e-33
   254 :  9.1028512e-02  1.1671787e-02 -1.4959512e-02
   255 :  6.0345373e-14 -4.4399940e-17 -1.8598869e-14
   256 : -3.1302623e-07 -2.1642982e-07  1.8050289e-07
   257 :  3.1665645e-04 -2.4963988e-04  9.0423662e-04
   258 : -1.3165155e-15  7.6519883e-15 -1.4674687e-14
   259 :  1.9573277e-21 -3.4722072e-21  5.8149993e-21
   260 : -5.2726340e-07  3.8807108e-07  7.8393806e-07
   261 :  4.2015640e-15  7.8837057e-16 -1.0497947e-14
   262 :  3.0668052e-25 -3.1748810e-24  2.6213844e-24
   263 : -8.0325729e-28  8.0152388e-28  9.7263738e-28
   264 : -2.3632260e-13  2.4506873e-13 -3.4051538e-13
   265 :  9.5808059e-07 -2.2002552e-06  4.8459114e-06
   266 : -1.0529398e-18  3.5506578e-19  3.5413113e-19
   267 : -1.2430886e-16  2.3621338e-16 -5.3603046e-17
   268 :  1.2060793e-28  5.1176445e-28 -1.1740805e-27
   269 : -1.2479790e-02  4.5386747e-03 -5.1780593e-04
   270 : -2.0685307e-16  4.1951427e-16  2.7592811e-17
   271 :  1.0431930e-05  1.5417770e-06 -1.1693271e-05
   272 :  6.0460932e-16 -2.2713120e-16 -6.7843114e-17
   273 :  5.7223548e-27 -5.2363479e-27 -6.5750620e-27
   274 : -1.8002347e-08 -8.3425057e-08  2.3923984e-08
   275 :  9.5840209e-23  8.7771942e-23 -3.1975113e-22
   276 :  4.1383403e-05  1.4369423e-05 -3.3638573e-06
   277 : -2.7964312e-27  5.3632697e-25 -5.2539958e-25
   278 : -5.7677965e-08 -6.7349027e-08  2.6640450e-07
   279 : -3.7216259e-13  5.0446089e-14  1.5280511e-13
   280 :  1.4268611e-01 -4.9862715e-02  1.7768674e-01
   281 :  8.0671638e-13 -1.2439601e-12 -7.3751388e-13
   282 :  7.0943787e-19  2.5592497e-18 -7.1088533e-18
   283 : -2.5523576e-22  2.4903410e-22  2.6982953e-22
   284 :  3.2382688e-24  2.5551072e-24  7.2379511e-24
   285 :  1.2595126e-01  7.7372788e-02 -1.9842967e-03
   286 :  1.0204404e-07  1.0263746e-09 -2.5192139e-07
   287 : -1.0947331e-09 -1.3912205e-09  9.5857785e-10
   288 :  6.3844154e-02  5.4527795e-02 -1.9938330e-02
   289 :  4.5363955e-11  9.5652392e-11 -3.5552489e-10
   290 :  1.0501898e-01  1.2575533e-01  9.0714111e-02
   291 :  1.8574788e-13 -2.5117058e-13  2.9117618e-14
   292 :  1.2458664e-03 -1.4352759e-04 -5.5324617e-03
   293 : -1.8132795e-21  6.6690809e-22  3.0206304e-21
   294 :  1.0274099e-08 -4.9907865e-09  7.8365317e-09
   295 : -8.0609557e-32 -2.8878388e-31  1.7268470e-31
   296 : -4.5489754e-06 -6.4562751e-05  8.0028376e-05
   297 :  2.1118236e-11 -6.6143363e-11  1.1707179e-11
   298 : -3.0362619e-12 -5.0490869e-12  3.6141451e-12
   299 : -1.4614305e-34 -1.0306058e-35  2.5703100e-34
   300 : -4.6989189e-05 -5.0597786e-06  1.5506727e-05
   301 :  1.2856608e-13 -2.9684149e-14 -3.6399743e-14
   302 :  2.6345599e-08 -9.4063844e-08  1.9612896e-08
   303 :  2.0904439e-09  9.5318856e-10 -1.3235529e-09
   304 :  1.4509001e-08  3.3280229e-09 -1.2342645e-08
   305 : -3.2608559e-14  1.8432322e-14  5.9827248e-15
   306 :  1.0286783e-03  9.4461425e-04 -2.2294152e-04
   307 : -5.3655075e-09 -2.6537735e-09  1.6782076e-08
   308 : -1.2012250e-12 -6.3139844e-13  2.9549300e-12
   309 :  2.3292932e-35  6.4416549e-33 -3.1529719e-33
   310 : -1.8623758e-11 -1.5154672e-10  2.0228892e-10
   311 : -1.0454186e-09  3.1064015e-08  2.5454233e-09
   312 : -2.7740283e-30  2.5183601e-30 -3.9393166e-30
   313 :  3.4534296e-22 -1.8350980e-21  7.3755237e-22
   314 : -3.8942869e-33 -1.2675135e-33  6.0813347e-33
   315 : -1.0341849e-25 -4.2510792e-25  2.4036325e-25
   316 : -1.4010667e-04  6.5516935e-04  2.8256872e-04
   317 : -1.6893206e-34 -3.4040383e-34  6.7106982e-34
   318 : -1.2452104e-05 -1.3249314e-05  1.7964421e-06
   319 : -2.1993905e-06  2.8051600e-06  6.7980996e-06
   320 : -1.0659887e+00  2.7910450e-01 -1.8630158e-02
   321 :  8.9672517e-05  1.0848322e-03  1.2355247e-03
   322 : -1.0171163e-32  2.4431141e-32 -3.8047438e-33
   323 :  1.9221743e-36 -3.0165947e-36  5.7937197e-37
   324 : -1.6498053e-24  4.5676806e-24 -1.1103853e-24
   325 :  3.6319639e-21 -1.1323955e-20  2.2075164e-20
   326 : -9.4230794e-03  1.2632253e-01  1.5611240e-01
   327 : -5.0068904e-01 -5.1757348e-02 -9.4352042e-01
   328 :  4.1163323e-07 -2.3677893e-07 -1.1912890e-07
   329 :  1.1340390e-23 -2.8702615e-22  1.3662541e-22
   330 : -7.5695516e-37 -9.1398078e-36  1.0550911e-35
   331 :  8.6549770e-16 -1.9373340e-15 -1.0069832e-16
   332 : -9.8014288e-10 -3.7825310e-09  2.5295800e-09
   333 :  4.0791620e-21 -2.4294069e-21  1.5363768e-21
   334 :  4.9339212e-06 -2.8076714e-05  1.7965660e-05
   335 : -6.9392759e-09  1.2171119e-08  1.0464308e-08
   336 :  5.1276591e-08 -1.0424499e-07 -2.4486159e-08
   337 :  3.9409782e-34 -1.7450908e-31  1.8852887e-31
   338 : -1.3768785e-07 -3.7772591e-07  1.7350704e-07
   339 :  3.1088754e-23 -2.0517199e-23 -4.7918292e-23
   340 :  4.0685032e-06 -6.5295497e-06  3.0868079e-07
   341 : -7.7128795e-31  6.4318086e-31  8.3677265e-32
   342 : -2.9511807e-26 -1.5130374e-26  7.9081575e-26
   343 :  7.1762878e-13 -4.4028133e-13 -1.2572280e-13
   344 : -2.8361585e-05  2.8948169e-06 -1.1267139e-05
   345 :  1.7614916e-01  5.2687927e-02 -1.9070041e-02
   346 : -1.3432519e-25 -1.1790467e-25  1.1300030e-25
   347 : -1.8209323e-05  9.6736260e-06 -1.3697289e-06
   348 :  5.7423100e-14  3.6763055e-13 -2.0292598e-13
   349 : -3.4690984e-14  2.3411796e-14 -1.6590253e-14
   350 : -2.3581104e-05  7.9901279e-06  5.1883307e-08
   351 :  8.3445132e-20  6.9977780e-20 -6.7241551e-20
   352 : -2.5420331e-05  7.8930380e-06  8.4365203e-06
   353 :  2.2534316e-08 -1.7155251e-08  4.1092252e-09
   354 : -1.0623944e-01 -1.1395356e-01 -9.1647110e-02
   355 : -3.0614737e-02  5.8756939e-02  1.3958326e-01
   356 :  1.0900012e-31  1.5641085e-31 -3.8089268e-31
   357 : -7.1682087e-05 -5.4418792e-05  1.6100336e-04
   358 :  1.1315895e-15  3.4559499e-16 -2.5303761e-15
   359 : -2.7072120e-38  7.3663646e-38 -2.3608353e-38
   360 :  6.6393397e-06 -2.3792688e-06  3.0316672e-06
   361 : -4.3532769e-19 -7.7713067e-20  2.2126365e-19
   362 : -2.7486304e-13  3.1248788e-13 -5.1652247e-13
   363 :  3.5483572e-17  6.9594468e-17 -1.9928147e-16
   364 :  4.6668879e-18  1.0577950e-17 -6.2752575e-18
   365 : -1.1722486e-14 -3.7269319e-15  6.5923561e-14
   366 :  4.8897153e-29  2.7629126e-28 -3.7136994e-28
   367 :  1.5558905e-11  3.8407686e-13 -6.0294371e-11
   368 :  2.0775325e-07 -1.4708920e-06  1.5024559e-06
   369 :  2.0802542e-14  2.8816296e-13 -4.2386358e-13
   370 : -5.3775672e-17  1.0837538e-16  7.8762278e-18
   371 :  6.2494134e-29  4.9202482e-30 -7.0933454e-29
   372 :  2.8963694e-13 -4.1003497e-13 -2.3815400e-13
   373 : -2.0957165e-09  3.3029725e-10  7.3171409e-09
   374 :  1.2328137e-01 -9.3545440e-03 -2.0251170e-02
   375 : -8.4339832e-22  1.7904067e-20 -7.6674112e-21
   376 : -1.6323330e-32 -7.3969498e-32  1.0623511e-31
   377 :  1.0716985e-11 -3.9417445e-12 -1.2731618e-12
   378 :  4.8387451e-17 -2.7613659e-16  1.2227139e-16
   379 :  2.7728420e-35 -7.9722441e-35  2.5174007e-35
   380 : -2.9903980e-03  1.4980722e-04  6.6402539e-04
   381 : -3.9296561e-15  8.5070845e-15 -1.8312589e-15
   382 :  2.6252923e-21  1.9520013e-21 -7.9302586e-21
   383 : -1.1529143e-04 -1.3240929e-04  6.5247151e-05
   384 : -3.5606800e-20 -2.9641486e-19  2.2094437e-19
   385 :  6.2667319e-08 -1.0013227e-07 -6.1042268e-08
   386 :  1.5496773e-04  9.4929450e-05  4.8090528e-04
   387 : -2.5978003e-23  9.3434177e-24  4.9182344e-23
   388 :  1.3394936e-01  1.9671137e-01  9.8533405e-02
   389 :  9.1277621e-19 -5.3052455e-19 -1.1271779e-18
   390 : -2.0276553e-07  2.3099211e-07  5.7757050e-09
   391 :  7.3144533e-16  6.8924976e-16 -6.4437433e-16
   392 : -1.4697031e-04 -1.0456145e-06 -7.5701151e-06
   393 : -1.5457131e-04  5.5756416e-05  3.8036486e-04
   394 : -3.0081930e-19  8.6893500e-19 -1.8521625e-19
   395 : -6.2301306e-13 -8.8454153e-12  2.4002996e-11
   396 : -3.4113953e-35  4.6195132e-35 -6.2825252e-35
   397 : -5.5332713e-05  2.3216901e-04 -3.3991119e-05
   398 :  1.3634684e-09  9.8426897e-09 -4.2374199e-09
   399 : -5.6850863e-05  1.1245110e-03 -3.8857864e-04
   400 : -9.6448095e-10  9.5428317e-10 -2.1279367e-09
   401 :  2.9071479e-09  5.2843215e-09  4.9386777e-09
   402 :  3.0223675e-18 -2.8518188e-19 -1.3441439e-18
   403 : -1.8409666e-17  4.5647072e-17 -4.7846051e-18
   404 : -1.7950984e-29 -4.9160500e-30  5.2389135e-29
   405 : -1.8859623e-11 -3.3112662e-11  4.2196951e-11
   406 :  4.7099628e-06  3.7050342e-06 -5.9398035e-07
   407 :  1.0229555e-03 -4.0153981e-04  6.4669460e-04
   408 : -5.8079473e-03  1.6918688e-03  1.3459029e-03
   409 : -9.6301702e-11 -5.6545070e-10  2.6452066e-10
   410 : -9.5630561e-02 -8.9686251e-02  5.6969394e-02
   411 :  2.1686947e-10 -8.2603448e-10  2.3158694e-10
   412 : -3.2629190e-09  9.1531935e-09  1.1307372e-08
   413 :  5.2517583e-32  9.6761685e-33 -1.0700665e-31
   414 :  1.7627472e-01  8.2158570e-02  1.5070947e-01
   415 : -7.4935525e-10 -1.1165518e-10  1.3184014e-09
   416 :  6.7366364e-23  7.5274624e-23 -2.2823181e-22
   417 : -4.1396258e-06  1.0055636e-05 -2.2272336e-05
   418 :  8.5536335e-04  9.5803418e-04 -1.0200984e-03
   419 :  1.4772868e-28 -2.1054752e-28  2.5004138e-29
   420 : -1.6309811e-26  6.8258440e-26 -3.4924511e-26
   421 : -3.0006554e-24  1.3656052e-23 -6.5891666e-24
   422 :  8.8858600e-14 -8.5752247e-15 -2.1309265e-13
   423 :  1.2820202e-11 -2.5367058e-10  1.8618627e-10
   424 : -7.0228908e-20 -5.7445610e-20  5.5549381e-20
   425 :  1.2754056e-23 -4.2939479e-23  1.2018556e-23
   426 :  5.4042474e-16  4.5565023e-16 -4.2339360e-16
   427 : -4.8922043e-18 -7.4174980e-18  2.1763680e-17
   428 : -9.1857601e-19  3.8620466e-19  1.8958608e-18
   429 :  3.7182965e-09  2.3839408e-09 -3.2543349e-09
   430 :  6.5679164e-08 -3.8915487e-08 -4.5051422e-08
   431 : -4.3948939e-11  5.7085561e-11  7.3214359e-11
   432 : -1.3450890e-12  1.1613772e-12 -1.5245779e-12
   433 : -5.6472868e-31  4.0697148e-31  7.4633294e-31
   434 : -8.8202920e-03  1.8834651e-03 -2.3421216e-03
   435 :  7.0576973e-11 -2.1067932e-11 -4.0659205e-11
   436 : -1.9755464e-20  1.2938827e-20  2.6069279e-20
   437 : -2.7645672e-06  1.8568671e-06  3.6026596e-07
   438 :  1.2077355e-06 -5.4683139e-07 -3.7968668e-07
   439 :  3.8534489e-04 -2.5808503e-04  3.5595452e-04
   440 :  4.3860174e-24 -1.5742158e-23  5.1629080e-24
   441 : -4.9058658e-34 -2.6810610e-34  1.0038915e-33
   442 :  3.1439491e-06  7.3176684e-06 -2.4555542e-05
   443 :  6.2803687e-13 -1.0077017e-12 -1.4965429e-13
   444 : -2.3743580e-06  2.1939783e-06  6.1608374e-07
   445 : -6.7133370e-16  1.9539181e-16  7.0520736e-18
   446 :  1.3725144e-01  9.3924354e-02 -1.3066335e-02
   447 :  2.9866263e-16 -1.4514161e-16  2.1830476e-16
   448 : -2.2376693e-10  4.1821071e-09 -8.0319010e-10
   449 :  5.1675645e-31 -5.1826284e-31 -5.5267513e-31
   450 : -1.5032637e-33  1.1317047e-33  1.9963045e-33
   451 :  6.3482759e-02  6.1608467e-03 -2.2541234e-02
   452 : -5.2175047e-02 -7.6270730e-02  6.8679242e-02
   453 :  9.8878989e-02  9.2925645e-02  1.3760992e-02
   454 : -1.1993981e-02  1.1642552e-01 -1.2668738e-01
   455 : -5.9431917e-18 -4.4562164e-18  1.0912566e-17
   456 : -3.1880996e-09  1.3605657e-09 -9.1185662e-10
   457 :  1.5271764e-34  3.7665376e-34 -6.3857106e-34
   458 : -2.0482415e-16 -9.3351076e-16  1.1732557e-15
   459 : -1.4552476e-10  8.2906637e-11  3.2596252e-11
   460 :  3.3124278e-10  3.6250932e-09 -3.0481097e-09
   461 : -3.1896031e-16  3.9457127e-16  5.0251157e-16
   462 :  2.7836972e-13 -6.5495730e-13  9.9077381e-14
   463 :  4.3978859e-24 -1.0524879e-24 -5.2226833e-24
   464 :  1.6184685e-06  5.4034775e-06 -3.0378432e-06
   465 : -3.8835015e-09  1.0374655e-09  1.3125406e-09
   466 :  6.6674038e-04 -6.9599679e-05 -1.9401473e-04
   467 : -2.5842801e-25 -4.0100926e-26  3.8854321e-25
   468 : -2.6033274e-23  4.7097879e-22 -1.7176112e-22
   469 :  1.2045226e-34 -1.5900545e-34 -1.2030484e-34
   470 :  3.3426115e-32 -4.2471904e-32  3.8421986e-33
   471 : -5.1233664e-21  4.5976889e-20 -4.6541920e-20
   472 :  8.0081908e-24 -6.2689295e-24 -1.2625939e-23
   473 :  6.6241251e-08 -5.6322740e-08 -1.3102638e-07
   474 : -1.4195714e-28  3.4153586e-28 -1.0606716e-28
   475 : -5.7079512e-19  8.3775123e-19 -1.5003040e-18
   476 :  2.5948030e-19 -7.0396449e-19  1.7569100e-19
   477 : -1.2836627e-36  1.2585957e-36 -1.5748366e-36
   478 :  1.2081930e-09 -2.1837566e-09 -1.1836827e-09
   479 : -7.1458437e-37  2.1338170e-36 -6.9919831e-37
   480 : -3.0317145e-03 -1.7714706e-03 -7.3269737e-03
   481 : -5.3527482e-18 -2.4191134e-17  7.1020481e-17
   482 : -5.9324404e-27  1.7494609e-26 -5.5415754e-27
   483 :  8.7828009e-04  5.3584899e-04 -1.2777140e-03
   484 : -5.1087082e-10  4.0348567e-10  1.2238105e-10
   485 : -3.7227769e-10  2.6788316e-10  4.8548611e-10
   486 : -9.3830122e-02 -1.2707631e-01 -5.6913236e-03
   487 :  5.8187670e-09  5.2248011e-09 -1.3394949e-08
   488 :  1.7427279e-03 -5.9326768e-03 -5.0091995e-03
   489 : -1.3737307e-28 -3.8160073e-29  3.2500156e-28
   490 :  2.2909807e-24  5.8086329e-25 -1.3786296e-24
   491 :  1.3912460e-25  3.4148556e-25 -2.3356260e-25
   492 : -5.8600372e-08  4.7562154e-08 -1.1488873e-08
   493 : -2.6452445e-05  3.9322231e-05 -5.4005932e-06
   494 : -5.6594969e-04  1.5084678e-03  1.8723657e-03
   495 : -5.7713598e-12 -8.0994341e-12  1.9854895e-11
   496 : -3.6265744e-22  1.7783472e-21 -1.0627717e-21
   497 :  2.1351994e-33  1.2710583e-32 -6.8422019e-33
   498 : -5.5032368e-31  1.5513548e-30 -2.8575212e-30
   499 : -1.8860086e-03 -4.6455927e-03 -6.1400734e-03
   500 : -2.9509087e-34  2.9357007e-34  3.3962168e-34
   501 :  1.6537651e-37 -3.5934304e-36  2.5826639e-36
   502 : -1.4424252e-06  3.5422349e-06  3.7796166e-07
   503 :  1.4864644e-06  2.8287929e-07  4.4622035e-07
   504 : -2.7803406e-11  1.5879912e-10  1.2135476e-11
   505 : -1.0348084e-02 -1.5482808e-03  2.4766577e-03
   506 :  5.6602315e-24 -1.3911534e-23  1.5967678e-24
   507 : -5.9179678e-22 -3.9423412e-22  1.2623788e-21
   508 : -2.4960998e-22  1.1718485e-21 -4.8234740e-22
   509 :  1.9538091e-08 -5.6114948e-09  1.0352935e-09
   510 :  5.2693722e-23  2.2454223e-22  3.6227905e-22
   511 : -1.0348432e-16  2.3065226e-17  1.7623710e-16
   512 : -4.1979844e-18  7.7189262e-17 -3.7673490e-17
   513 : -1.2832502e-12 -2.6250979e-12  5.9055511e-12
   514 : -2.5728654e-11  1.1977316e-10  8.0409036e-11
   515 : -7.0080014e-05  3.3699064e-06  4.6601704e-05
   516 :  7.8732777e-23  2.2102903e-22 -1.4279839e-22
   517 : -4.6489601e-05 -9.4232086e-06  2.0304239e-05
   518 : -6.2230835e-12  1.0916896e-11 -1.4391939e-11
   519 :  3.2786846e-16  1.1365168e-16 -8.1382222e-16
   520 : -1.3639810e-12 -2.1833151e-12  3.9576704e-12
   521 : -1.0501946e-05  3.2628756e-06  2.0984571e-06
   522 : -6.6995849e-02 -8.2708912e-02 -6.6216551e-03
   523 : -9.9607858e-04  7.1789876e-05  3.8062786e-04
   524 :  5.5060322e-12 -5.7006947e-12  1.9286178e-13
   525 : -7.1094156e-11 -2.5121721e-11  3.6161478e-10
   526 : -7.7095094e-17 -3.7613310e-17  1.1947925e-16
   527 : -2.0124173e-29 -7.0060810e-28  9.4657259e-28
   528 :  3.0575964e-01  1.7022145e-01  1.5628452e-01
   529 :  4.4886867e-08 -1.6691034e-08 -3.9319704e-08
   530 : -8.3569960e-05  1.7262882e-03  1.3447512e-03
   531 : -6.3734676e-08 -4.2995007e-07  1.5033126e-07
   532 : -5.4929503e-18  3.5367513e-16 -3.3718873e-16
   533 :  2.7195768e-38 -2.6820986e-38  2.8393550e-38
   534 : -5.5099175e-39 -2.6701924e-38  6.1966612e-38
   535 :  6.1422284e-27 -8.6600349e-27 -3.9597965e-27
   536 :  4.7495910e-04 -1.0847438e-04 -1.4709162e-04
   537 :  4.0593274e-07  6.4131446e-08 -3.2601984e-07
   538 :  1.0510369e-09 -1.6095827e-10 -1.8749607e-09
   539 : -1.3512146e-27  4.6188724e-27 -1.5780651e-27
   540 : -2.5068343e-24  3.6698963e-24  1.1113607e-24
   541 :  7.5027369e-23  6.2967619e-23 -2.3048242e-22
   542 :  3.8161532e-12  5.0546370e-12 -2.6630495e-12
   543 : -4.2293769e-29 -4.9148445e-29  3.9711528e-29
   544 : -2.3766246e-11  5.5091766e-11  1.5648668e-11
   545 :  3.0622724e-21  4.0599603e-21 -1.1396860e-20
   546 : -4.7101884e-03 -4.9605500e-03  1.7986365e-04
   547 :  3.9557545e-26 -9.8722269e-26  1.8740063e-26
   548 : -1.0317829e-04 -1.9775309e-05  1.8345577e-04
   549 : -4.4053477e-22 -1.4234673e-22  7.6749398e-22
   550 : -4.9192927e-09  5.8487057e-08 -1.3264332e-08
   551 : -1.6133962e-04 -3.1110541e-05  4.7411189e-04
   552 : -1.0089430e-06  3.7992554e-06  5.4545710e-07
   553 : -7.5169363e-08  3.7188037e-08 -6.9610988e-08
   554 :  1.0888383e-21 -5.0896370e-21  1.7153155e-21
   555 :  1.7234556e-12 -1.5333136e-12 -2.6731818e-12
   556 :  4.3806426e-23  6.9451478e-23 -4.9808588e-23
   557 :  7.0269551e-02  8.8591135e-02 -3.6317015e-02
   558 :  1.2336955e-07 -1.1824448e-07 -1.9429032e-07
   559 : -8.0237559e-06 -3.8303693e-06  7.0129917e-06
   560 :  4.0363789e-08  4.0638611e-08 -1.6429596e-08
   561 :  7.9883523e-02  1.1960385e-01  1.1098963e-01
   562 : -5.4717485e-18  3.3444624e-17 -1.2569112e-17
   563 :  2.9114670e-33 -6.1462226e-34 -1.6294905e-33
   564 :  3.8774175e-04  2.4466949e-05  3.1973685e-04
   565 : -1.2306815e-03  1.3006824e-03 -9.6876690e-04
   566 : -6.9388682e-25 -3.3168719e-24  5.9468033e-24
   567 : -2.1875252e-13  2.1773978e-12 -1.4576410e-12
   568 : -1.1898044e-05  7.5812286e-06  1.3342918e-04
   569 :  2.1155058e-04  1.9624539e-06 -8.8713464e-05
   570 :  4.5974902e-21 -9.8143729e-21 -2.0191983e-21
   571 :  5.9848388e-13 -4.6548280e-13 -8.0322648e-14
   572 :  2.8679318e-36 -4.3754838e-35  2.0002895e-35
   573 : -3.5353515e-09 -4.3173850e-09  1.3039860e-08
   574 :  4.1029849e-08  1.8766681e-08 -5.3324243e-08
   575 :  1.1650831e-01 -1.2569540e-01 -1.3579857e-01
   576 :  1.0870923e-10 -2.2667073e-12 -3.6025468e-10
   577 : -1.9426449e-02  6.9245007e-02 -1.5879993e-02
   578 : -7.9392319e-39  1.0976995e-38  6.8881079e-40
   579 :  1.2277885e-02  4.7232783e-02 -1.2844413e-02
   580 :  7.9710136e-02  1.0900345e-01  8.7001014e-02
   581 : -5.4518385e-21  7.9909739e-21  5.6953461e-21
   582 :  9.7321653e-37 -2.8197294e-36  8.6995960e-37
   583 :  2.8421325e-19 -8.4017431e-19  2.0793687e-19
   584 : -9.3189002e-30  1.6402815e-29  2.4812797e-30
   585 : -2.1273369e-04  5.3940255e-04 -1.6066735e-04
   586 :  8.7778901e-25 -1.7408582e-24 -9.7078621e-26
   587 :  1.7934484e-18 -4.0177174e-18  3.9845659e-19
   588 :  4.6408678e-24 -5.5226731e-24  3.9146178e-25
   589 :  1.7351877e-05 -1.2730841e-05 -1.9659531e-05
   590 :  1.5590558e-05 -1.8750438e-06 -4.0120867e-05
   591 :  3.0104856e-33 -4.5310175e-33 -1.5600618e-33
   592 :  2.7736176e-21  1.9596050e-21 -6.7715549e-21
   593 : -1.5713508e-16  2.2347084e-16 -4.4566413e-16
   594 :  2.8093249e-18  3.7028526e-18 -2.8645842e-18
   595 :  2.2392639e-09 -3.3469505e-10 -1.6604194e-09
   596 :  5.5734807e-10 -1.9541561e-09  2.7099421e-10
   597 :  7.4077330e-14  4.4073351e-14 -1.5239694e-13
   598 : -1.3985183e-17 -1.8243280e-17  1.4482539e-17
   599 :  7.5286049e-02 -2.7149564e-02 -2.1616556e-04
   600 : -2.4065316e-12  2.5903924e-11 -4.9240999e-12
   601 :  7.4642094e-02 -1.6578845e-02 -6.5834620e-03
   602 : -5.6231040e-26 -4.3691902e-25  2.2033238e-25
   603 : -6.9208913e-29 -2.2370557e-28  7.2358762e-29
   604 : -5.5776800e-20  7.1778101e-20 -9.1366361e-20
   605 : -8.3716679e-16 -3.5230945e-16  2.5506392e-15
   606 : -6.1819159e-02 -2.3767927e-02 -7.6933916e-02
   607 : -1.2490338e-11  2.1583432e-11  1.8745624e-11
   608 :  4.3098559e-23 -6.5882136e-23  1.1578722e-23
   609 :  5.3948058e-20 -1.9742972e-19  6.1652074e-20
   610 :  3.8620799e-28  1.2883021e-27 -3.0384413e-27
   611 :  7.3995539e-02 -7.7717001e-03 -1.2812354e-02
   612 : -3.4109581e-11  8.0086620e-11 -7.8833427e-12
   613 : -1.6772427e-15 -7.0961847e-15  5.5060793e-15
   614 :  1.3782181e-05 -1.4227292e-05 -1.5024298e-05
   615 : -6.6794253e-14  3.3837125e-13 -1.2844863e-13
   616 : -4.4946672e-30  7.3303309e-30  1.8511702e-30
   617 :  7.3520666e-15 -3.7595878e-15 -2.6188921e-15
   618 : -5.7691844e-18 -4.2672603e-18  4.7694406e-18
   619 : -4.8862175e-23  5.8507220e-23  4.0660795e-23
   620 : -8.8480205e-17 -2.6272535e-16  6.5444548e-16
   621 :  1.0647415e-12 -2.9935490e-12 -2.7061158e-12
   622 :  1.5114089e-03  3.2333836e-04 -4.8022712e-03
   623 : -2.5248826e-08  1.9315447e-07 -5.3626342e-07
   624 :  6.0932491e-15 -1.0661732e-12  4.3703628e-13
   625 : -6.3405742e-14  9.2937797e-14 -9.8135288e-15
   626 : -7.4204432e-39  2.9191099e-38 -1.1197484e-38
   627 : -3.1534794e-25  1.2679320e-24 -6.3798587e-25
   628 :  4.9695529e-18 -4.5266392e-18 -2.4039460e-19
   629 : -2.0188729e-07  4.4419645e-07 -1.0654904e-07
   630 :  9.5930953e-05 -4.5567536e-05 -1.4347419e-04
   631 :  8.3623378e-16 -4.2248376e-15  9.3201992e-17
   632 :  1.7392377e-29 -3.3323608e-29 -2.5126486e-30
   633 : -2.4332937e-07 -8.9655629e-08  9.4268411e-08
   634 :  2.9345989e-10  2.7211981e-10 -1.1333395e-09
   635 :  5.4124410e-06 -6.2890582e-07 -1.2062622e-06
   636 : -9.2849943e-06 -3.9421202e-06  5.9203976e-06
   637 :  3.5604561e-04 -1.8980257e-04  2.5036562e-04
   638 :  1.7094057e-03 -5.5786829e-03 -4.5580493e-03
   639 : -1.9462707e-05 -7.1698525e-06  9.2572764e-06
   640 : -1.1709556e-01  8.8526126e-02 -1.1298124e-01
   641 :  1.0530012e-22 -2.2965562e-22  1.1367634e-23
   642 :  4.3273857e-08 -4.1870967e-08 -5.5161369e-08
   643 : -5.8975548e-07 -6.2511220e-07  2.4812981e-06
   644 :  6.8695096e-07 -5.7444410e-07  1.3855817e-07
   645 :  9.8234095e-11 -3.1370595e-10  2.2331493e-11
   646 : -5.0638559e-12 -5.8594585e-12  1.4459240e-11
   647 :  2.3218481e-01  6.5631664e-02  2.0432160e-01
   648 : -7.3429821e-12  1.8991146e-11 -5.0551789e-12
   649 : -1.9945569e-05  1.0625010e-04 -3.5715466e-05
   650 :  3.8794928e-14 -3.1574705e-13  6.3908674e-13
   651 : -8.5591719e-03 -8.9396003e-03  3.6645270e-02
   652 : -6.5414138e-12  1.0616903e-11 -8.2410517e-12
   653 : -2.5142591e-04  5.9885477e-04  1.4711732e-03
   654 :  6.2267530e-20  1.2340480e-21 -5.0921543e-20
   655 : -5.8412852e-12 -1.8405508e-12  9.7031881e-12
   656 : -9.0362705e-03  8.2409824e-03 -9.7478841e-03
   657 :  3.8842494e-05 -1.0045830e-04  3.6477069e-07
   658 :  3.0946279e-11 -3.3372009e-11  5.8939046e-11
   659 : -2.6280572e-09  5.4445417e-09 -1.0524395e-09
   660 :  9.3909711e-04  9.4761304e-04 -3.6414623e-03
   661 :  2.4078143e-01  1.7134706e-01  1.8480921e-02
   662 :  6.3134284e-19 -1.1825946e-18  1.5652636e-18
   663 : -5.1425442e-05  1.9081204e-07 -3.9026037e-05
   664 : -2.1316751e-03  1.4602217e-03 -5.7814030e-03
   665 : -6.1721904e-03  1.3693848e-03  1.3296584e-03
   666 :  1.5336021e-30 -1.0471141e-30 -2.1412405e-30
   667 :  9.8840470e-21 -3.8996069e-21 -3.2889420e-22
   668 :  5.4014618e-07  1.1682878e-06 -2.2690995e-07
   669 :  1.3887293e-38  1.0297140e-37 -1.3156625e-37
   670 :  1.1228766e-04 -9.9877761e-05 -1.9368985e-05
   671 :  9.5919454e-02  1.5226050e-01 -1.0008895e-01
   672 :  1.6175661e-04  9.6432947e-06  1.6217438e-04
   673 : -6.4213551e-17  1.0700246e-16  5.7643164e-17
   674 :  8.5570089e-14 -3.4789853e-14 -1.5686515e-13
   675 : -3.4190060e-15  3.9690339e-16  3.9067340e-15
   676 :  2.8194193e-11 -3.4334107e-10  1.5121030e-10
   677 :  6.0984749e-11 -4.2928684e-11  5.2509154e-11
   678 : -8.8754941e-06 -8.3724177e-06 -4.3967675e-06
   679 : -5.3524694e-09  1.7187590e-08  4.8401476e-09
   680 : -6.1587798e-09  2.6568307e-08  1.0366590e-08
   681 : -1.7262364e-21  6.5258232e-22  2.8122150e-22
   682 : -1.1036357e-22  2.9951585e-22 -6.1446704e-22
   683 :  1.2204573e-19 -2.1775125e-19 -8.5906658e-20
   684 : -4.6080155e-25  3.0597571e-25  1.4683921e-25
   685 :  5.6630201e-10 -2.0509548e-09 -5.1218110e-10
   686 :  5.0062420e-15  4.2311742e-15 -6.1379295e-15
   687 : -8.7087200e-25 -2.6030846e-25  9.9889236e-25
   688 : -5.4662522e-16  5.9954862e-16  1.7338713e-15
   689 : -9.5844564e-03 -8.3750050e-03  3.5376261e-04
   690 :  1.7286115e-10  1.5821981e-10 -1.1855859e-10
   691 : -2.4153694e-10  1.8288273e-11 -4.6165771e-10
   692 :  3.4371574e-11 -2.9754573e-11 -1.3965563e-12
   693 : -1.1447353e-37  1.6254887e-37  8.3996090e-38
   694 : -2.1498157e-25  3.4125858e-25  1.1906569e-25
   695 :  9.9326377e-04 -6.2523755e-03 -2.9606209e-03
   696 : -1.3950822e-06  6.5683083e-07  3.4544936e-06
   697 : -4.9259684e-11  1.5801720e-11  9.5254206e-11
   698 :  5.7983257e-04 -3.6150090e-03  1.0922180e-03
   699 :  1.6004227e-17 -4.6791448e-17  9.1410135e-17
   700 : -1.4729547e-31 -2.2790337e-31  6.1076246e-31
   701 :  1.7077310e-29 -5.7634215e-29  2.0112868e-29
   702 : -2.1632699e-20  5.0799071e-20 -3.5946434e-21
   703 :  8.2023804e-02  1.4748879e-01  6.7864630e-02
   704 : -6.7306694e-12  4.3565231e-12 -5.4392126e-12
   705 :  1.7891139e-24 -1.7264741e-23  7.6772620e-24
   706 :  3.6558382e-01  2.8520317e-01  1.2187140e-01
   707 :  1.1607742e-06  1.3924086e-06 -1.3405356e-06
   708 : -1.0552188e-07  5.7487532e-08  3.9038338e-08
   709 :  5.3523023e-14 -7.8687169e-14  1.1403335e-13
   710 : -4.4377021e-17  2.4029360e-17 -1.2583373e-17
   711 : -1.2736824e-12  5.4614297e-13 -5.7456886e-14
   712 : -8.9328429e-06 -1.9634494e-05  5.7950880e-06
   713 : -6.6229324e-12 -2.0931703e-11  4.6397474e-11
   714 : -2.5939145e-02 -2.4046876e-02 -1.0826221e-01
   715 : -1.0181696e-09  2.7490596e-10  2.6695707e-10
   716 :  9.1871578e-27 -1.1906438e-25  2.4222675e-25
   717 :  9.9034169e-08 -4.5674942e-07 -1.5692689e-07
   718 :  2.1785283e-12  1.4595301e-12 -5.5273723e-12
   719 :  1.7485199e-07  6.5787063e-07 -5.8078434e-07
   720 :  1.4887476e-01  7.5952777e-02 -1.0621981e-01
   721 : -7.0456604e-05  7.3367272e-04 -2.0805302e-04
   722 : -3.8096595e-23 -1.1228361e-22  6.1753098e-23
   723 :  3.4173077e-22 -2.2169486e-21  1.3890991e-21
   724 : -6.5856065e-22  4.7894990e-22  1.1838173e-22
   725 :  4.8082282e-06 -3.9333663e-05 -4.3026256e-05
   726 : -1.6262723e-15 -5.5107340e-16  8.5535390e-16
   727 : -7.3373760e-05  1.5385125e-05 -5.2578730e-05
   728 :  1.1717997e-07 -4.9289829e-07 -4.8301042e-07
   729 :  6.0809042e-10 -3.2528891e-09  2.6600061e-10
   730 :  4.7752338e-11 -3.0773669e-11  4.9197262e-11
   731 :  4.1931153e-21 -7.9508033e-21  1.8882219e-21
   732 :  6.9408810e-19 -3.5968945e-19  2.1767844e-19
   733 :  3.1863010e-11  4.8751418e-11 -2.2531175e-11
   734 : -4.7261977e-02  1.7492353e-01  2.7745622e-02
   735 :  2.3196818e-11  3.7734283e-11 -1.2392665e-11
   736 :  6.4405983e-02 -7.9183876e-03 -1.0749480e-02
   737 : -4.0220445e-15 -3.3200902e-15  6.2388110e-15
   738 : -2.7810920e-06  2.8899623e-06 -2.5574359e-06
   739 :  1.3666340e-01  4.0779353e-02  1.7840892e-01
   740 :  3.5007405e-10 -1.2666341e-09  3.0748058e-10
   741 :  2.9755438e-04 -5.5947461e-05  1.9422211e-04
   742 : -1.7110431e-12 -6.4202806e-12  1.0320698e-11
   743 :  2.3514497e-10  2.1740542e-10 -9.2727285e-10
   744 : -5.0064591e-02 -1.5792570e-01  9.9051519e-02
   745 :  2.6877549e-23 -7.0834345e-23  1.0588843e-23
   746 :  5.0181952e-19 -8.9455401e-21 -1.2600402e-18
   747 :  1.9629476e-14 -1.2932775e-14  2.5599485e-14
   748 :  1.2336559e-10  1.5218339e-10 -6.0454362e-10
   749 : -2.7586191e-07  2.0102670e-07 -7.8357492e-07
   750 :  4.3501367e-25  5.4232330e-24 -7.9866423e-24
   751 : -7.0344651e-02  1.7580492e-02  6.8719210e-02
   752 : -3.1083039e-11  2.6147453e-11  5.1562741e-11
   753 : -5.6773379e-08 -2.3677015e-07 -4.6934014e-08
   754 :  2.0447868e-19  5.1711601e-21 -4.6560081e-19
   755 : -4.6838102e-02  1.3991725e-02 -1.5163802e-01
   756 : -5.1834187e-14  2.5458118e-14  9.0357158e-14
   757 : -8.4850298e-36  1.8784375e-36  3.1460782e-36
   758 :  4.3536491e-02 -1.7873172e-03 -2.3717408e-02
   759 :  7.4384888e-11 -5.3753687e-11  6.5261588e-11
   760 : -8.1516034e-17  2.7705059e-16 -7.8994063e-17
   761 : -1.5395792e-11  2.9639881e-10 -1.0545238e-10
   762 :  1.3928292e-02 -6.6262852e-03 -3.2314214e-03
   763 : -5.0401656e-27  1.4719495e-26 -4.7692627e-27
   764 : -4.0440597e-28 -1.6164005e-27  9.9293721e-28
   765 : -9.2617350e-02 -7.0642601e-02  4.9246199e-02
   766 :  7.0749324e-13 -1.7592635e-12  1.9945796e-13
   767 :  3.5696292e-03 -4.5594988e-03 -1.2067408e-02
   768 : -3.8018140e-25 -7.9570361e-24  1.8164543e-23
   769 : -3.1531506e-02 -1.0089092e-02 -3.3115089e-02
   770 : -9.4756886e-10  6.0232083e-10  1.1251077e-10
   771 :  1.1031755e-06 -1.1671475e-06  1.2434606e-06
   772 :  8.3239461e-06 -1.0311665e-04  1.6183513e-04
   773 :  2.0484142e-12 -7.1029715e-12  2.3036417e-12
   774 :  1.0179037e-01  1.2200664e-01  3.6127409e-02
   775 :  3.7004728e-02  2.8469100e-01  2.9257326e-01
   776 : -8.9751250e-12 -1.0611148e-11  2.8601794e-11
   777 : -2.9631430e-11  1.9543564e-10  2.2394038e-10
   778 :  1.8797120e-10 -7.2872573e-10  1.5759590e-10
   779 :  1.3079115e-20 -3.4089866e-20  9.8839015e-21
   780 : -3.1246935e-04 -1.5029840e-03  7.3340730e-04
   781 : -3.5090027e-23  3.2096463e-23 -3.6785593e-23
   782 :  1.1378001e-36  6.0327563e-37 -1.9244479e-36
   783 :  3.5484934e-11  4.8752160e-11 -3.0446656e-10
   784 :  1.8136254e-12  2.3808467e-11 -1.4364991e-11
   785 :  4.9407349e-23 -1.1861065e-22  1.6952034e-23
   786 :  3.6426993e-02  2.3248433e-01  9.2695030e-02
   787 : -1.0735412e-01 -8.4203284e-02 -9.0849407e-02
   788 : -5.8893926e-23  4.0279764e-23 -3.5766897e-23
   789 :  3.4517645e-22  1.0680645e-21 -2.2099682e-21
   790 : -1.2870471e-08  1.0564785e-08  3.6683913e-08
   791 : -6.1727415e-08 -7.4143996e-08  3.1276174e-08
   792 :  1.1059500e-04 -6.0975128e-05 -5.9745955e-05
   793 : -5.6822476e-05  8.2166770e-06 -4.1483155e-05
   794 :  4.2649658e-10 -3.8852130e-10 -1.3690455e-09
   795 :  2.5937984e-04  4.3784958e-04 -2.8323606e-04
   796 :  3.9900404e-06  8.7321748e-06 -1.2228408e-05
   797 :  1.3525136e-24  4.7551791e-24 -8.6113527e-24
   798 :  6.2834792e-08  5.0606465e-08  6.7671026e-09
   799 :  1.5045717e-13  1.8962815e-13 -5.4066339e-13
   800 : -2.0070471e-02 -8.9044806e-02 -7.4651486e-03
   801 :  7.8213913e-22 -5.9748758e-22 -1.0626894e-21
   802 : -9.7187278e-12  4.1725797e-11  1.9644270e-11
   803 :  9.5027060e-17  3.8393104e-17 -4.3700026e-17
   804 : -9.4076548e-02  4.8233564e-02  8.1575183e-03
   805 : -3.9733744e-11  1.9758578e-10 -1.9900472e-11
   806 :  8.8898789e-21  1.6950319e-21 -8.2312971e-21
   807 :  1.0391880e-23  2.4503182e-23 -1.5381970e-23
   808 :  1.6758324e-02  1.0840708e-02  9.6805256e-02
   809 :  3.6328342e-16 -8.5220173e-16  7.4252780e-16
   810 :  3.7432803e-23 -7.7838643e-23  1.3401942e-22
   811 :  2.3661019e-37 -2.2628996e-38 -2.4651808e-37
   812 :  4.2256872e-13  5.5998267e-13 -1.6761736e-12
   813 : -4.0896899e-11  1.1326815e-10 -9.7633014e-12
   814 :  1.6990571e-33  8.0550846e-35 -1.8613304e-33
   815 :  3.7279755e-38  1.0198316e-37  3.4583238e-38
   816 : -3.2998627e-31  6.9882012e-32  1.2854021e-31
   817 : -4.0263105e-33 -3.9991160e-33  1.2125539e-32
   818 :  2.6763116e-35 -1.3685911e-34  8.1418613e-35
   819 :  5.1179356e-12 -9.1430478e-12  1.3500000e-11
   820 : -1.4071793e-34  3.8731128e-34 -7.9800321e-35
   821 : -2.9239750e-05 -1.0323785e-04  6.0422738e-05
   822 :  1.9918944e-09 -3.9965823e-09 -4.5012323e-10
   823 :  2.5245168e-17 -6.7594277e-17  1.5379559e-17
   824 : -7.7581143e-19  1.6181689e-17 -1.8041127e-17
   825 : -4.1176493e-27 -1.8054904e-27  1.0209707e-26
   826 :  3.1443113e-07  1.1638571e-06 -2.2945330e-06
   827 :  1.1276045e-19  2.3350614e-20 -6.6538606e-20
   828 :  4.5575164e-15 -1.5818639e-14  4.9001576e-15
   829 :  1.3976703e-08  1.2891643e-08 -1.0469854e-08
   830 :  2.0126064e-01  2.4236821e-01  1.6656194e-02
   831 :  2.7731037e-01  5.7256059e-02  2.2351667e-01
   832 :  4.2955899e-12 -6.7187979e-12 -3.0397092e-12
   833 :  1.9203676e-01  1.6537586e-01 -1.2387218e-02
   834 :  1.4921429e-31 -1.3528265e-31  1.2701524e-31
   835 : -1.4728179e-36  9.1805824e-36 -1.7554499e-35
   836 :  1.0613241e-10 -6.4701486e-10  2.5544474e-10
   837 :  4.8635827e-21 -4.2406805e-21  5.7341718e-21
   838 :  6.6067001e-08  7.8668514e-08 -3.2171971e-07
   839 :  8.6350341e-16 -3.4683471e-16 -1.4514348e-15
   840 : -3.8461482e-20 -5.8615999e-20  1.6130659e-19
   841 : -1.7888774e-17  5.1718516e-18  7.3166733e-18
   842 :  7.8426792e-15  7.0492391e-14 -3.5491253e-14
   843 : -3.7555682e-19 -2.3433647e-19  1.0174335e-18
   844 :  1.4471220e-12  7.8390578e-13 -3.0763825e-12
   845 :  3.1340858e-26 -3.2101199e-26  3.9977385e-26
   846 :  7.7411391e-10 -1.0761957e-09  1.9432782e-10
   847 :  4.2035801e-14 -4.3657680e-14  4.7271679e-14
   848 :  2.7400132e-40 -1.1196103e-39  4.1851798e-40
   849 : -1.4106907e-19 -1.9144096e-16  2.6918757e-17
   850 :  1.5771127e-15 -1.7598237e-14  3.7603391e-14
   851 :  1.0752926e-17  5.5667083e-16 -5.7915705e-16
   852 : -4.1033303e-29  1.9457730e-28 -8.2150870e-29
   853 :  7.8175456e-07 -1.4497462e-06  2.2210425e-06
   854 : -6.7262682e-41 -3.2581718e-40  7.0686125e-40
   855 : -2.7232993e-05  4.2228458e-06  1.8682117e-05
   856 : -1.9895609e-07  1.0140039e-07 -6.1868716e-08
   857 : -6.2864063e-05  4.5973539e-05 -1.2604734e-04
   858 :  3.2037706e-08 -2.4438549e-09 -1.0516689e-08
   859 : -5.1842193e-29  3.2181984e-28 -2.1105044e-28
   860 : -2.3332201e-09 -2.7032423e-09  1.5907786e-09
   861 : -1.6204416e-09  7.5654182e-10 -1.1369809e-09
   862 : -6.5049886e-10  2.8824266e-10 -7.4064671e-12
   863 : -2.8790466e-07 -4.0601261e-07  5.8876850e-07
   864 :  4.8567718e-06 -1.5247714e-06  6.6742171e-06
   865 : -2.2804105e-04 -1.3172224e-04  7.5671254e-04
   866 :  1.6451988e-01  1.7940003e-01  8.0601832e-02
   867 :  1.7013668e-03  2.7086992e-04  2.2531451e-03
   868 :  7.4099007e-12  2.3506280e-11 -4.4112114e-11
   869 :  6.2336327e-12  4.4508362e-12 -4.6455617e-12
   870 :  1.2587708e-13  3.4965267e-13 -1.4896763e-13
   871 :  7.4696235e-07  2.5447931e-06 -1.0195919e-06
   872 :  1.9761643e-08  3.1034695e-06  4.4472789e-07
   873 :  9.6882244e-02  1.1315581e-01  3.7655093e-02
   874 :  3.3698325e-02  7.3524584e-02  1.0718910e-01
   875 :  7.0526656e-18 -2.8149464e-19 -3.6911133e-18
   876 : -4.7589109e-17  1.6714827e-17  9.1694860e-17
   877 : -8.8075923e-34  1.2532739e-33 -1.6352967e-33
   878 : -3.9163364e-31  8.8780399e-31 -1.8884386e-31
   879 :  8.8359105e-20 -2.2556467e-19  3.8075357e-19
   880 :  8.8736166e-18 -8.5415414e-18 -3.4783711e-19
   881 :  3.6890541e-33 -1.1144972e-33 -1.4469343e-33
   882 : -1.8809685e-31  1.0651180e-31  2.7342747e-31
   883 : -3.6349937e-20  1.6896578e-20  5.7757689e-22
   884 :  5.8575235e-20  4.6587139e-19 -2.0189602e-19
   885 : -2.2157648e-09  1.3474856e-08 -4.8098821e-09
   886 : -4.4932561e-10  5.3574451e-10 -1.2612913e-09
   887 : -5.7348485e-09 -3.9432964e-09  9.1461053e-09
   888 :  2.2313314e-08  4.1510538e-08 -1.6664126e-08
   889 : -7.6144457e-03 -5.3413094e-03 -3.7395541e-03
   890 : -2.8213805e-03  1.6288310e-03 -5.8896735e-03
   891 : -6.4384741e-20 -5.4674637e-18  1.1109909e-17
   892 :  5.8359826e-16 -1.1603200e-15 -4.9247226e-17
   893 : -1.0769990e-09  3.3038417e-10  4.0830797e-10
   894 :  3.3379362e-09 -2.7591655e-09 -5.6207043e-09
   895 : -2.7345164e-03 -5.7848185e-03 -4.4234311e-03
   896 :  4.3457880e-04  1.3904233e-03 -4.4091690e-03
   897 : -2.0335304e-19  4.1331533e-20  1.0768178e-19
   898 :  1.9619487e-18 -1.1680177e-18 -3.2002717e-18
   899 :  1.7987078e-03 -2.4313604e-03 -4.3083886e-03
   900 : -3.4936530e-03  6.2823264e-04  1.2245244e-03
   901 : -9.2378317e-12  6.4360061e-13  8.6472253e-12
   902 :  7.7411629e-11  1.0532877e-10 -1.3329012e-10
   903 :  8.0829645e-06 -7.9728373e-06  1.9360254e-07
   904 : -5.0605888e-08 -1.1214583e-06  2.4613278e-06
   905 :  3.7281050e-06  5.6454681e-06 -9.1694948e-07
   906 : -1.8556985e-04  8.0445600e-04  6.2080247e-04
   907 :  1.6211815e-04 -5.5106828e-05 -9.3351545e-05
   908 :  5.6412269e-08 -2.0263465e-08 -3.9712130e-08
   909 : -4.8900051e-08 -1.0958104e-06  5.6061799e-07
   910 : -2.5257871e-08  1.7064145e-06 -5.0660262e-07
   911 : -3.6455080e-07  5.3049509e-08 -6.0559194e-08
