Number of elements 912
     0 :  3.1210130e-16 -4.3380936e-17 -6.5337620e-16
     1 : -6.4549662e-10  9.4599434e-10  2.5781166e-10
     2 : -9.8102972e-03  1.2657696e-01 -1.4380748e-01
     3 :  3.5597251e-12 -6.6999282e-13 -6.4915078e-12
     4 : -1.6455249e-02  2.1700654e-02 -4.3712345e-02
     5 :  1.3593980e-01  1.4280613e-01 -8.1853493e-02
     6 : -4.3132892e-26 -1.5894982e-25  2.5054869e-25
     7 :  1.4831223e-09 -3.5849218e-09  7.5874997e-10
     8 : -2.0271100e-08 -1.4419063e-07  4.8623364e-08
     9 :  1.0909384e-23  2.7069714e-23 -4.9429970e-23
    10 :  4.8355702e-08 -1.4855245e-07  2.0797656e-08
    11 : -1.0804690e-26 -1.1624465e-26  3.5274916e-26
    12 :  4.1541682e-02 -1.0277885e-01 -1.9456884e-01
    13 :  8.8729809e-06  3.2947694e-07 -3.0335646e-06
    14 : -4.4570563e-13  7.7794763e-13  4.3432297e-14
    15 : -1.6877304e-06  3.8019261e-06  2.0996519e-06
    16 : -1.8351428e-27 -7.8020689e-28  4.6501023e-27
    17 :  5.5118596e-19 -6.1475017e-20 -1.3265788e-18
    18 : -2.1611192e-07  6.5591535e-07 -1.6979956e-07
    19 : -3.8377630e-32  2.3744786e-32  3.9907710e-32
    20 : -9.7400874e-19  2.8770385e-18 -1.0903777e-18
    21 :  1.4070355e-05 -2.6451037e-05 -7.3653143e-05
    22 : -3.8752125e-05 -1.3420576e-05  1.8176331e-05
    23 : -9.2317995e-30  5.3316629e-30  2.4395816e-30
    24 :  2.9600854e-09 -9.8638907e-09  6.5054298e-09
    25 :  2.8926728e-31 -6.4125358e-31  1.4655136e-31
    26 :  2.3779659e-09  1.7508024e-08 -7.7178940e-09
    27 :  1.2020994e-06  1.1119047e-05 -7.5783818e-06
    28 :  4.0972475e-06 -2.0693699e-05  8.0594048e-06
    29 :  1.9755361e-10 -1.3761454e-10 -5.8198413e-10
    30 : -2.8112245e-08  1.6043166e-07 -9.7844824e-08
    31 : -1.7959303e-12  3.2532867e-12  7.6058740e-13
    32 :  3.0822946e-25  1.7527106e-25 -7.0837996e-25
    33 : -6.9042543e-05  2.6867260e-04  3.1621163e-04
    34 :  3.0649301e-33 -4.7578742e-33 -1.8235724e-33
    35 :  5.5157813e-12  5.0608367e-13 -1.3858157e-11
    36 : -7.3208166e-02  2.9901693e-02 -3.2706957e-02
    37 :  1.1242168e-03 -2.1073385e-04  7.9212207e-04
    38 :  9.6286544e-06 -6.1900133e-05  1.9422675e-05
    39 :  6.1012839e-10 -6.1109986e-10 -1.3794956e-09
    40 :  2.3174080e-10  8.3870715e-11  6.7771409e-11
    41 : -2.9571669e-07 -1.3751906e-07  6.0208771e-06
    42 :  5.9772543e-32 -7.5158414e-31  6.3229644e-31
    43 :  3.8856677e-17 -5.4230461e-17 -3.0562548e-17
    44 : -2.5855486e-05  2.3949655e-04  3.5785385e-04
    45 : -1.4317843e-13 -1.6128629e-15  1.5514752e-13
    46 :  7.2205823e-14 -3.9225549e-14  2.6825449e-14
    47 : -2.1815394e-24  2.5089624e-24 -3.4423241e-24
    48 : -1.7999809e-27 -1.2514114e-26  4.7935083e-27
    49 :  1.3843618e-07  2.7199236e-07 -4.4308622e-07
    50 :  1.6162568e-04  3.9230889e-04 -1.0412500e-04
    51 :  1.1824505e-01  4.5299279e-02  1.0041557e-01
    52 : -2.2153932e-07  3.3897019e-07 -4.1369096e-08
    53 : -2.0032971e-26  8.7553627e-26 -1.6643654e-25
    54 :  1.3168026e-05 -1.7403868e-05  3.1524461e-05
    55 : -8.7530604e-06 -6.0928632e-06  1.4063352e-05
    56 :  8.0600522e-02  8.6404161e-03  1.5920100e-01
    57 : -1.1239398e-06 -2.5124788e-06  7.3199997e-06
    58 : -4.9544057e-02  1.1553166e-01  1.9616860e-02
    59 : -9.1336158e-08 -2.7853269e-07  1.3557778e-07
    60 : -9.7264469e-06 -1.0975876e-04 -1.7629245e-05
    61 :  2.7497893e-04 -2.6498239e-02  5.0552441e-02
    62 :  1.5974971e-08  9.8549468e-09 -1.0712895e-08
    63 :  2.5315865e-04  2.6535669e-04 -9.4589678e-06
    64 : -1.2985905e-08  1.4396352e-08  1.3346580e-08
    65 :  6.7030423e-11 -5.3818542e-10  1.7742001e-10
    66 :  4.1778326e-12 -1.4767375e-11  4.9621865e-12
    67 : -1.0433973e-26  4.9360013e-28  2.3113113e-26
    68 : -6.4930083e-26  1.5745669e-25 -1.6471245e-26
    69 : -1.3911057e-26  1.4243373e-26  1.5915732e-26
    70 :  1.3570862e-14 -8.2467667e-15 -2.2322066e-14
    71 :  1.6038824e-04  6.3358816e-04  1.0280673e-04
    72 :  3.1186375e-28 -9.8219539e-28  3.1634894e-28
    73 :  1.2137103e-03 -7.0479649e-04 -5.5973812e-05
    74 :  6.4206412e-20  7.8243590e-20 -6.4557981e-20
    75 : -3.1055910e-20 -3.5027832e-20  3.0671884e-20
    76 : -6.6568956e-29  3.7996949e-28 -1.3970500e-28
    77 :  6.4365474e-21 -1.5710687e-20  1.0922412e-21
    78 :  4.7935401e-24 -1.6741463e-23  4.6097996e-24
    79 : -9.9415426e-18  8.9389294e-18 -9.9656813e-18
    80 :  6.6734887e-38  1.2536240e-37 -1.0104712e-37
    81 :  2.8642539e-24 -1.4507624e-24 -5.8535743e-25
    82 : -7.6293850e-01 -1.4983697e-01 -6.4575367e-01
    83 : -1.2691887e-32  1.5781037e-32  1.2023744e-32
    84 : -1.5358032e-30  3.8851080e-30 -8.7106396e-31
    85 :  7.2304647e-02  5.2606552e-02  3.3544900e-01
    86 :  1.5252777e-18  3.6720485e-19 -2.3722507e-18
    87 :  3.7107136e-17 -4.3299187e-17 -3.8252049e-17
    88 :  1.9127542e-12  7.5303830e-12 -6.8667245e-12
    89 : -7.4253440e-03 -1.4927940e-03  3.2660142e-04
    90 : -2.1248277e-29 -7.2196853e-29  4.5532634e-29
    91 : -5.6287010e-03  9.5341824e-02  1.5458003e-02
    92 :  1.4594342e-14 -9.9152564e-15  9.2478410e-16
    93 : -1.6596901e-36  3.7598732e-37  6.4138470e-37
    94 :  5.0144972e-16 -2.5921605e-16 -1.0786126e-16
    95 :  8.6752224e-28 -1.9225855e-27  3.4438462e-27
    96 :  5.9938217e-12 -9.8740783e-12  1.7154403e-11
    97 : -1.1984539e-13  2.1604298e-13  2.0691520e-14
    98 : -5.0548035e-01 -6.2645006e-02 -9.4483695e-02
    99 :  3.1709872e-24  8.7056786e-24 -5.5489445e-24
   100 : -5.1392681e-26  1.6928286e-25 -1.4864207e-25
   101 : -8.4961176e-11 -1.3013868e-11  4.3466334e-11
   102 :  5.7901007e-07  2.1436187e-06 -1.2315967e-06
   103 :  1.5795545e-34 -1.8829239e-35 -3.2503426e-34
   104 :  1.6718085e-14  2.8123804e-15 -7.6725518e-15
   105 : -3.3380066e-07  7.1525695e-08  9.6251875e-08
   106 : -9.3910192e-10  3.5152640e-10  1.2989122e-09
   107 : -8.6983460e-10  3.4817637e-09 -1.0176312e-09
   108 :  8.4096301e-10  3.4003441e-09 -3.1725344e-09
   109 :  1.5873576e-07 -6.7414571e-07  2.0048348e-06
   110 :  1.7678081e-04  8.4498917e-04  2.2109278e-04
   111 :  9.5901052e-09 -2.6603505e-11 -3.3100607e-09
   112 : -2.5924430e-23  5.1353009e-23  8.1330684e-24
   113 :  1.4339709e-01  1.5325119e-02  3.3302997e-02
   114 :  2.0336629e-13 -3.8971703e-14 -7.1925786e-14
   115 :  2.0812813e-06  7.1843020e-06 -3.7179044e-06
   116 : -1.4752237e-03  8.9414965e-04  5.4768909e-04
   117 : -1.8083746e-02  3.0545566e-02  1.0017933e-01
   118 : -7.7598674e-01 -1.8097152e-01 -9.0751793e-02
   119 : -1.7598670e-27 -2.3749756e-28  2.3940839e-27
   120 : -3.9664921e-13  3.4226765e-13 -4.1138772e-13
   121 :  7.5030660e-21  1.0826501e-20 -1.7802983e-20
   122 :  3.8986864e-06 -3.9767226e-06  1.3359309e-06
   123 : -8.6444341e-34 -1.6841806e-33  2.8306007e-33
   124 : -2.4856757e-25 -5.6069707e-25  3.6985224e-25
   125 : -1.4497741e-36  4.2017182e-36 -1.3053361e-36
   126 : -5.7866170e-20  3.2290858e-18 -2.9379216e-18
   127 :  8.0007273e-21 -5.2936442e-20  3.5522860e-20
   128 : -1.6514691e-06  3.5657906e-06  2.9263434e-07
   129 : -7.6783216e-17 -8.8748412e-17  2.8501651e-16
   130 :  1.8707770e-03  8.9868114e-02  1.5984969e-01
   131 :  2.6605187e-04 -5.2166535e-05 -9.9188960e-05
   132 :  8.7510390e-06 -3.0269669e-05  6.0553264e-06
   133 : -3.6247200e-04 -3.4569195e-03  4.7080007e-04
   134 :  6.7088956e-06 -2.8502289e-06  2.6743720e-06
   135 :  6.0343931e-08  1.8974221e-08 -1.3945555e-07
   136 : -7.9875373e-10  1.1063583e-09 -3.9359015e-11
   137 :  1.8500182e-07 -5.9681892e-07  6.2093506e-08
   138 :  1.1010643e-09 -1.9433806e-09  6.0524827e-09
   139 :  1.0211645e-10  4.1732083e-09 -2.0858139e-09
   140 :  2.9420041e-22 -4.6334402e-23 -1.0603562e-22
   141 :  4.8179745e-21 -8.8275006e-21 -2.2473191e-21
   142 : -3.8701987e-10 -1.1141192e-08  2.2390142e-08
   143 : -4.5967482e-30  6.9165393e-28 -1.0082033e-27
   144 : -9.5157143e-10 -4.1075673e-10  4.0725138e-10
   145 : -1.4917024e-12  3.2391493e-12 -6.2331887e-13
   146 : -8.1312581e-15  8.3963098e-15  1.0992271e-14
   147 : -1.2463686e-27 -7.1523534e-28  8.5457217e-28
   148 : -5.1998167e-16 -1.2724942e-16  1.2130389e-15
   149 : -7.5123291e-02  1.5628103e-02 -1.3648705e-02
   150 :  6.5351460e-12 -2.1585328e-12 -1.3772268e-11
   151 : -1.0250513e-20 -1.0993508e-19  1.2504227e-19
   152 : -5.9698800e-18 -8.2526612e-17  3.6360670e-17
   153 : -2.4520693e-01 -5.0958385e-02 -2.1408799e-01
   154 : -1.9009576e-37 -4.2072608e-39  2.5364043e-37
   155 : -6.0270961e-28  6.4937480e-28  1.8643396e-28
   156 : -1.2154219e-30 -1.4424913e-29  7.1771572e-30
   157 : -7.4324629e-15  9.7565739e-14 -9.3097999e-14
   158 : -2.7049715e-09  1.5161293e-08 -3.2472099e-09
   159 : -8.2245201e-12  1.9646277e-11 -6.9824764e-12
   160 : -2.3771538e-35  5.2794547e-36  9.0330798e-36
   161 : -4.0474988e-34  5.0289734e-34 -6.1940957e-34
   162 :  1.2410992e-01 -2.1037447e-02  7.5547037e-03
   163 : -5.2468036e-06  1.2280419e-06  5.8634065e-06
   164 : -1.2996074e-18  1.5747346e-18  1.4604929e-18
   165 :  2.9039524e-11 -7.7781316e-10  7.9631894e-10
   166 :  3.6584379e-29 -8.8814471e-30 -7.2086076e-29
   167 : -1.8990444e-08  2.0029377e-08 -4.1533014e-08
   168 :  1.6602387e-05 -5.2682193e-05  1.0596760e-05
   169 : -7.6405603e-01  5.1158884e-02  1.2246990e-01
   170 :  4.0381175e-26 -2.9483653e-27 -3.5508607e-26
   171 :  2.1535445e-27  7.6362698e-26 -1.5677543e-25
   172 :  3.0193978e-05 -1.0921314e-04 -9.9741917e-05
   173 : -1.4653233e-07 -8.7575538e-07  2.9122408e-06
   174 : -6.7934133e-09  8.7861598e-09  8.6441183e-09
   175 : -1.9578113e-14  6.6962935e-15 -1.3922301e-15
   176 : -3.9235858e-24  1.0571804e-24  7.5590717e-24
   177 : -1.1677725e-09 -6.2833505e-09  7.8426118e-09
   178 : -1.2523130e+00 -1.5928197e-01 -6.8518670e-01
   179 : -2.0355658e-08  3.9717313e-08  1.2100298e-08
   180 :  4.2790037e-28 -7.0758161e-30 -8.9505149e-28
   181 :  1.9406912e-05 -1.2860343e-05 -4.6898515e-05
   182 : -3.0247432e-16  1.3495086e-16 -2.5175463e-17
   183 :  5.6330185e-04 -3.8871132e-04  7.5348026e-04
   184 :  1.3924452e-36  1.9783812e-35 -1.0105669e-35
   185 : -5.1484377e-20 -7.8883581e-20  5.6544532e-20
   186 :  6.8901690e-13  2.2911250e-13 -1.2457939e-12
   187 :  1.8961199e-08 -6.7582141e-08  4.4796716e-08
   188 : -2.4415910e-01 -2.5091786e-01 -6.8231744e-01
   189 :  1.2349889e-07 -5.2108004e-07  2.0405758e-07
   190 :  5.3041458e-10  1.5828675e-09 -8.0661242e-10
   191 :  1.7810272e-33 -1.4496796e-33 -2.5022243e-33
   192 : -1.8435023e-04 -1.7375819e-05  5.3795599e-04
   193 :  2.2293616e-01 -2.3881044e-02  1.0797971e-01
   194 : -4.9880091e-01 -1.7750352e-01 -5.4172141e-02
   195 :  2.8726093e-14  8.3697226e-15 -1.7524222e-14
   196 : -1.5671028e-29  1.5795145e-28 -1.2205794e-28
   197 : -6.3731057e-28  1.0747933e-27  2.3200169e-28
   198 :  2.7500091e-11 -5.1160582e-12 -1.5481874e-11
   199 :  3.6072338e-02  1.6679909e-01  1.1521504e-02
   200 :  3.1668459e-25 -1.0765823e-24  6.0142373e-25
   201 : -2.4220082e-05  3.4264383e-05 -7.0267271e-05
   202 :  1.8291787e-13 -5.5224604e-14 -3.1934748e-14
   203 :  5.7842484e-32  6.6515457e-31 -3.2381157e-31
   204 : -2.5131141e-14 -1.4363655e-14  7.0933681e-14
   205 :  1.6990970e-05 -4.0985613e-05 -3.3069606e-06
   206 : -1.0943279e-30  2.8407747e-31  3.5099459e-31
   207 : -1.5585691e-28  8.9907240e-29 -4.3187830e-29
   208 : -1.0928813e-22  6.4145006e-21 -9.1021032e-21
   209 : -2.1209464e-01 -5.9685579e-02 -9.3734584e-02
   210 : -1.2024242e-14  1.4022984e-14  1.0729444e-14
   211 :  1.1112466e-30 -1.3429678e-30  1.8989802e-30
   212 :  3.9350045e-08 -1.5735809e-07  3.7292441e-08
   213 : -2.2839654e-28 -1.2653399e-27  2.0322320e-27
   214 : -5.7221790e-02 -7.1273003e-02  1.0767013e-02
   215 : -5.6235511e-01 -2.0217629e-01 -1.5818235e-02
   216 :  3.5354236e-08 -4.7515611e-08 -2.2087083e-08
   217 :  8.2718590e-37  1.4690799e-36 -1.0667133e-36
   218 : -2.4331654e-22  5.1978313e-22  2.1370476e-23
   219 :  4.3239407e-06  4.1001510e-06 -8.6445407e-06
   220 :  8.6739837e-19 -4.5413810e-19  3.4661338e-19
   221 : -9.9732115e-26 -2.3075595e-24  2.0665438e-24
   222 :  1.1483573e-02 -1.5783179e-02  2.0534885e-02
   223 :  1.0005920e-03 -4.0506625e-03  1.3260940e-03
   224 :  1.1581021e-11 -4.1555096e-12 -1.9704271e-11
   225 : -9.9857228e-19 -1.0705501e-19  2.6361847e-18
   226 : -4.4374537e-25  1.6436526e-25  1.6726875e-25
   227 : -7.3941894e-14  9.9601935e-15  3.9397368e-14
   228 :  5.8866885e-12 -2.1323817e-11 -4.6169959e-12
   229 : -9.8300059e-16  2.2825975e-16  3.0930572e-16
   230 :  3.2650112e-25  3.3644180e-25 -2.9298171e-25
   231 : -1.0746712e-25  4.0484126e-25 -1.7232852e-25
   232 : -1.3210224e-34 -1.1553875e-34  1.1820337e-34
   233 : -1.1328644e-24 -3.6230759e-24  6.4891671e-24
   234 :  1.1827102e-01  2.0881573e-02  1.3588066e-01
   235 :  1.6224844e-04 -1.7323103e-04  5.0384410e-04
   236 : -6.4718239e-23  4.9679646e-23  9.3343367e-23
   237 :  7.8377425e-21 -5.8888991e-20  6.0603540e-20
   238 :  3.0700748e-32  5.4657454e-33 -1.7759731e-32
   239 :  2.9367502e-24 -4.7879069e-24  6.8348209e-24
   240 :  3.4964364e-30  3.6539607e-29 -4.2757060e-29
   241 :  2.8730516e-06  4.4885731e-06 -1.2000642e-06
   242 :  1.4954425e-06  2.7353567e-07 -1.8234427e-06
   243 :  2.8645336e-02 -1.0489691e-02  9.5036602e-03
   244 :  6.2181272e-04  2.6765265e-04 -1.2072059e-04
   245 :  1.7581259e-23 -1.8944288e-23 -5.4838008e-24
   246 :  8.2145131e-07 -3.4553535e-07 -2.1726862e-07
   247 : -3.9640990e-03 -3.4386984e-03 -7.6691605e-03
   248 :  1.8841047e-35 -3.5793424e-35 -3.0914736e-36
   249 :  1.0913680e-17  1.2111315e-17 -3.6778094e-17
   250 :  1.2226066e-06 -3.5982042e-07 -7.4028355e-07
   251 :  3.8772358e-12 -7.6561168e-12 -7.3167177e-12
   252 : -7.5158800e-26  2.4727328e-25 -4.3760591e-26
   253 :  3.9886605e-31 -3.8632726e-31  4.4426555e-31
   254 :  1.0952439e-01  4.4516307e-02  7.3878246e-03
   255 :  4.4833855e-13 -7.0071692e-14 -8.6052200e-14
   256 : -2.8415746e-07  4.8535649e-07 -2.1811499e-07
   257 :  6.9118779e-04  5.1605851e-04  3.5154995e-04
   258 :  2.5349259e-15  6.8691055e-14 -1.5340590e-13
   259 :  2.4442373e-20 -4.9451529e-20  8.9546923e-20
   260 : -8.5244888e-07  3.2814819e-06 -6.4211094e-07
   261 :  1.9559499e-13  1.3184505e-13 -7.0435334e-13
   262 : -4.5417315e-24 -4.1954778e-23  4.3999168e-23
   263 : -1.8442699e-26  1.6691769e-26  2.5035940e-26
   264 : -1.0615357e-13  3.3413588e-13 -8.6730123e-13
   265 :  5.2352358e-06 -3.7183355e-06  8.8807259e-06
   266 : -2.4906446e-17 -2.5969401e-17  2.2075557e-17
   267 : -8.6789535e-16  1.6214761e-15 -3.5641497e-16
   268 :  2.5260527e-27  1.2167804e-26 -2.7764205e-26
   269 : -1.2519027e-02  4.1290025e-03 -8.5478084e-03
   270 :  2.2091694e-16 -2.5264066e-15  2.0090067e-15
   271 :  3.3981051e-06  1.4749005e-05 -4.6940122e-05
   272 :  3.8026213e-15 -1.7465816e-15  4.7519079e-16
   273 :  1.1038254e-25 -9.5765666e-26 -1.3425462e-25
   274 : -2.4465488e-07 -5.2487074e-07  1.3370134e-06
   275 :  1.4658381e-21  1.6232123e-21 -5.3637152e-21
   276 :  6.1067270e-05  1.1031008e-04  1.4276046e-06
   277 : -4.9858702e-24  1.6865821e-23 -5.7381200e-24
   278 :  7.1342250e-08 -2.6215786e-07  2.9670767e-07
   279 : -1.0479968e-12 -1.8133361e-13  5.2829159e-13
   280 : -2.1737519e-02 -1.5719474e-01  9.0624205e-02
   281 :  1.1792809e-12 -1.3821243e-12 -2.1335702e-12
   282 :  1.2853781e-17 -3.0412219e-18 -9.8409570e-18
   283 : -2.4916442e-21  3.1808183e-21  1.9368407e-21
   284 :  5.6811022e-23  6.6254725e-23  1.4635288e-22
   285 :  1.2666734e-01  1.0096443e-01  4.5772476e-02
   286 :  1.6223017e-07 -1.4726203e-07 -3.7069024e-07
   287 : -2.1052870e-09 -4.9573539e-09  1.5899537e-09
   288 :  7.1970952e-04  2.1935927e-02 -2.2613377e-02
   289 :  4.8672198e-10 -9.5665272e-11 -4.8376370e-10
   290 :  9.1612993e-02  7.1475043e-02  1.2080341e-01
   291 :  4.0065581e-13 -5.7989513e-13  6.2054088e-14
   292 : -2.2854061e-03 -2.6926094e-03 -1.8710264e-03
   293 : -8.5737296e-21  9.7263516e-22  1.5934855e-20
   294 :  6.4073985e-08  1.0720143e-08 -7.3186582e-08
   295 : -5.1205945e-30 -1.1895224e-29  7.8260210e-30
   296 : -2.2971064e-05 -5.2028230e-05  2.2271064e-04
   297 :  6.6825966e-11 -1.9700116e-10 -2.1254294e-12
   298 : -1.7591473e-11  8.3591431e-12  4.8529787e-13
   299 : -6.4300987e-33  1.2744066e-33  8.6858291e-33
   300 : -4.3952947e-05 -4.5983552e-05  1.1953033e-05
   301 :  9.4423689e-13 -1.3295752e-12  2.0257366e-13
   302 : -1.5801596e-07  5.8965094e-07 -2.4827333e-07
   303 :  1.5088714e-09 -5.6407212e-09  2.4291436e-09
   304 :  4.3237785e-08  3.7515087e-08 -1.2557998e-07
   305 : -1.4198766e-13  5.6301273e-14  3.4352322e-14
   306 : -1.1588928e-04  3.0991426e-04  8.7576327e-04
   307 :  1.9354269e-08 -6.0769655e-09  2.3146770e-08
   308 : -6.4171411e-13 -3.9260578e-12  1.1762938e-11
   309 : -1.3324045e-33  2.7730011e-31 -1.3377427e-31
   310 :  1.3788956e-10 -1.9715641e-10 -1.5794127e-10
   311 :  1.7984794e-07 -5.9628374e-09 -3.7803823e-07
   312 : -1.1076734e-28  5.5647820e-29 -8.0876433e-29
   313 : -2.8053620e-21 -3.4381109e-21  4.8951831e-21
   314 : -1.4229732e-31 -2.4898938e-32  1.7924344e-31
   315 : -1.3903849e-24 -4.8581615e-24  2.7364986e-24
   316 : -3.0589813e-03  4.6330327e-05  1.2539583e-03
   317 : -1.0795880e-32 -1.0152988e-32  3.1991097e-32
   318 : -2.6100985e-05  2.9880370e-05 -1.1832103e-05
   319 :  1.6594603e-05 -1.7016327e-05 -1.8176206e-05
   320 : -1.2937359e+00  1.2186777e-01 -1.1316424e-01
   321 :  2.1803924e-03  3.2834191e-04 -3.1023069e-03
   322 : -4.3781542e-31  1.0588908e-30 -1.6844344e-31
   323 :  1.4228330e-34 -2.3655046e-34  4.9686208e-35
   324 : -9.1039818e-24  2.4052676e-23 -3.3248344e-24
   325 :  5.8122074e-20 -1.5544458e-19  3.0611277e-19
   326 :  5.1081856e-02  1.5823786e-01  1.9008426e-01
   327 : -8.9767879e-01 -8.1208044e-03 -1.3938180e+00
   328 :  2.4972310e-06 -6.5235900e-07 -5.9312576e-07
   329 :  7.6814958e-23 -3.2130691e-21  1.5489455e-21
   330 : -8.9686808e-36 -6.8994779e-34  7.0058644e-34
   331 :  9.4930161e-15 -1.3300118e-14 -1.0131505e-14
   332 : -2.4326765e-08 -1.7199100e-08  1.8582892e-08
   333 :  5.7322916e-20 -3.3702613e-20  2.3279708e-20
   334 :  1.7957610e-05 -6.3107968e-05  1.8879277e-06
   335 :  6.2352371e-08 -1.2598046e-07  8.4278704e-09
   336 : -2.0774523e-07  7.0408290e-08  3.2719675e-07
   337 : -1.9765498e-31 -6.2609964e-30  7.1944963e-30
   338 :  1.4949692e-06 -1.3995969e-06 -1.1591816e-07
   339 :  6.7512471e-22 -5.7443240e-22 -9.5685993e-22
   340 :  7.0489311e-06 -2.5471042e-05 -1.0266001e-05
   341 : -4.0562959e-29  3.7656542e-29  1.9692523e-30
   342 : -1.5396852e-25 -8.8065406e-25  1.2279471e-24
   343 :  4.2415380e-12 -3.4333171e-12 -3.5782950e-13
   344 : -2.7736244e-05  1.7282326e-04 -4.6922134e-05
   345 :  1.3514819e-01  1.1515225e-01  2.2531381e-02
   346 : -1.3583596e-24 -9.5692986e-25  9.7113896e-25
   347 : -6.4837604e-05  3.4286202e-05 -3.4185725e-05
   348 :  8.3068625e-13 -3.5134001e-13 -1.8048714e-13
   349 : -3.9180564e-13  2.1956225e-13 -1.1805919e-13
   350 : -5.7943053e-05  1.4528157e-05 -2.9883875e-05
   351 :  5.2942791e-19  3.7490786e-19 -3.6954699e-19
   352 : -2.6035134e-05  2.1932697e-05 -3.0282780e-05
   353 :  5.8709139e-08 -2.1469685e-07  6.6729340e-08
   354 : -1.3353875e-02 -1.0615955e-01  1.9087972e-02
   355 : -1.0023230e-01  2.4552302e-02  5.4613857e-02
   356 :  4.8131359e-30  5.7418254e-30 -1.5342698e-29
   357 : -7.9712973e-05 -2.1086931e-04  6.2327011e-04
   358 :  1.8220335e-14 -3.0047544e-14 -1.2895355e-14
   359 : -1.7698729e-36  4.8637278e-36 -1.5661225e-36
   360 : -4.1737824e-06  2.6717051e-06  1.0337821e-05
   361 : -5.2137545e-18 -3.4405970e-18  3.6716018e-18
   362 : -1.3231764e-12  1.4790042e-12 -2.8676715e-12
   363 :  8.0867674e-16  3.5875717e-16 -1.7033253e-15
   364 :  6.3458753e-17  7.1082970e-17 -5.2526129e-17
   365 :  1.4640109e-12 -6.2334318e-13  2.2831696e-13
   366 :  1.3223972e-27  1.0762455e-26 -1.3221098e-26
   367 :  2.1913017e-10  9.7528815e-11 -5.0371532e-10
   368 :  3.6583677e-06 -1.4933527e-05  4.6031997e-06
   369 :  4.0348114e-13  1.3365039e-12 -2.9712262e-12
   370 :  3.7828981e-16 -9.9906994e-16  2.6195180e-16
   371 :  1.5753383e-27  6.3528836e-29 -1.6614950e-27
   372 : -4.9005036e-13  4.4613344e-14  6.7523183e-13
   373 :  3.3130222e-08  2.9400295e-08 -1.1409423e-07
   374 :  1.3668904e-01  6.4274767e-03  3.4869693e-03
   375 :  3.4538281e-20  2.6375932e-19 -1.2924160e-19
   376 : -6.5023295e-31 -2.4842137e-30  3.7811441e-30
   377 :  2.5181048e-11 -5.0752861e-11  1.4263942e-11
   378 :  1.4472474e-16  3.4015382e-16 -3.5446509e-16
   379 :  1.4830138e-33 -4.2375521e-33  1.3289146e-33
   380 : -3.5828872e-03 -1.8322297e-03  6.5587898e-04
   381 : -3.8795915e-14  3.8961105e-14  1.1217735e-15
   382 : -1.9910389e-20  1.2062204e-19 -8.7138178e-20
   383 : -4.7661066e-05 -2.1410327e-05 -7.2228206e-05
   384 :  6.8753158e-20 -4.2193350e-18  2.5673134e-18
   385 : -7.5016225e-08  2.7299946e-07 -1.3445257e-07
   386 : -2.4792059e-03  9.2393607e-04  8.8665034e-04
   387 :  2.6890256e-23  1.5708461e-23 -3.2240111e-23
   388 :  9.8528373e-02  1.6402954e-01  1.2995629e-01
   389 :  2.3541839e-18 -3.4441656e-18 -1.5911379e-18
   390 : -1.2971312e-06  2.2314934e-06  9.2121794e-07
   391 :  1.9194393e-15 -5.0938795e-15  1.7215602e-15
   392 :  4.7873555e-06 -1.2376940e-04 -9.0283901e-05
   393 : -1.9322445e-04  4.4149583e-04  5.4141966e-04
   394 : -2.9395241e-18  9.9336751e-18 -3.0499944e-18
   395 : -7.5740896e-11  1.3959020e-11  5.3701151e-11
   396 : -1.4809427e-33  1.6282502e-33 -1.9762738e-33
   397 : -8.5997987e-05  4.9517503e-04 -1.3352238e-04
   398 :  1.1900647e-08  2.1598353e-08 -1.0470497e-08
   399 :  3.4836886e-04  3.0023101e-04  2.7170030e-04
   400 : -4.3994467e-09 -1.2336373e-09  4.4394507e-09
   401 :  8.2143397e-08 -1.3252963e-07 -7.4971687e-08
   402 :  1.8481709e-17  2.0717786e-18 -1.2262384e-17
   403 : -2.5410037e-16  8.8183188e-16 -2.8837925e-16
   404 : -7.3295891e-28 -7.7742914e-30  1.9929076e-27
   405 :  1.1768464e-10 -1.9807820e-10  6.9905353e-11
   406 : -8.7247307e-06  6.9703172e-06  5.1247459e-06
   407 :  1.1079746e-03 -7.8971654e-05  1.0118801e-03
   408 : -8.8491580e-03  4.6569675e-04  1.7231789e-03
   409 :  1.1159054e-09 -1.9966572e-09  2.8944491e-10
   410 : -8.8268148e-02 -1.2821551e-01  8.5104087e-02
   411 : -5.0475626e-11 -4.9414264e-10  3.3083496e-10
   412 :  7.2075111e-08 -4.8486264e-08 -1.2373979e-07
   413 :  2.2594282e-30 -2.3734346e-31 -3.7853496e-30
   414 :  9.9561093e-02  1.4620549e-01  6.0810844e-02
   415 : -6.1777765e-09  5.4098497e-09  9.1807847e-09
   416 :  1.0023958e-21  1.3775593e-21 -4.0142642e-21
   417 : -1.2154539e-05  1.1492293e-05 -4.6053990e-05
   418 :  1.7064787e-03 -1.1951721e-03 -5.6657926e-03
   419 :  3.7039005e-27 -5.7915213e-27  8.3448774e-28
   420 : -2.9397997e-25  1.2694065e-24 -6.6549266e-25
   421 : -3.0496661e-23  1.2312887e-22 -4.7651136e-23
   422 :  1.0162533e-12 -6.0944238e-13 -4.1724185e-13
   423 :  8.9880887e-11 -1.2236831e-09  7.5571915e-10
   424 : -2.6665953e-18  1.9163018e-18  2.0208387e-19
   425 :  8.2976093e-23  2.6113401e-22 -1.7148438e-22
   426 :  3.6335452e-15  2.3493383e-15 -2.4253099e-15
   427 : -3.6396253e-18  1.9854870e-17 -2.8915267e-17
   428 :  3.9338931e-18 -2.2238170e-17  1.5699586e-17
   429 :  3.1961655e-08  2.4911885e-08 -1.7119904e-08
   430 : -7.8788424e-08 -1.5983350e-07 -4.8986177e-08
   431 :  8.6619697e-11 -2.0858488e-10  1.0027071e-10
   432 : -6.8808994e-12  3.7692602e-12 -4.1475735e-12
   433 : -1.6748904e-29  1.0900557e-29  2.3492634e-29
   434 : -4.2982735e-03  1.7106502e-04 -7.3520804e-03
   435 :  6.9104117e-10 -4.0325175e-10  1.9338663e-10
   436 : -1.4501161e-19  2.8278278e-19 -6.0705445e-20
   437 : -1.8512121e-05  2.1105015e-05 -2.8118047e-05
   438 :  4.7651941e-06 -1.9542624e-06  2.2421724e-06
   439 :  7.0856503e-04 -3.3888942e-04  8.4645471e-04
   440 :  6.5975686e-23 -2.3245626e-22  7.4091220e-23
   441 : -2.7438038e-32 -1.3562862e-32  5.4495165e-32
   442 : -3.2309695e-05  3.1929935e-08 -3.8649837e-05
   443 :  5.4805070e-12 -1.0952396e-11 -2.4892763e-12
   444 : -1.1429206e-05 -2.0531761e-06  4.1371324e-06
   445 :  4.1534658e-14 -1.5462672e-14 -5.4266503e-15
   446 :  1.1785440e-01  1.0333914e-01  1.9548317e-02
   447 : -5.7176028e-15  8.4674999e-15 -1.2576937e-14
   448 : -2.0506673e-09 -3.5817106e-10  2.8230300e-09
   449 :  1.9917258e-29 -1.5623919e-29 -2.5970045e-29
   450 : -5.6022624e-32  1.9383418e-32  9.8384311e-32
   451 :  1.0743420e-01  3.6859270e-02 -8.2323897e-03
   452 : -1.0083030e-01 -4.7173108e-02  1.9000687e-02
   453 :  1.0127308e-01  1.1028183e-01  4.7237167e-02
   454 : -5.1798887e-02  3.0525528e-02 -9.0372996e-02
   455 : -1.4616540e-17 -5.3158291e-17  1.0070687e-16
   456 :  2.0313881e-09 -1.6435559e-09 -2.3303851e-09
   457 :  8.3072798e-33  1.8988618e-32 -3.3536714e-32
   458 : -2.7048083e-15 -9.0965600e-15  1.6491731e-14
   459 : -1.9700096e-09 -7.4346237e-10  4.0460288e-09
   460 :  4.3123371e-09 -1.5919756e-08  1.7856998e-09
   461 :  3.6842124e-15 -2.1323114e-15 -5.5791753e-15
   462 :  3.0306793e-12 -6.3004171e-12 -4.8937884e-13
   463 :  1.1176865e-22  5.2586205e-24 -1.7616713e-22
   464 :  7.7748646e-06  1.1078611e-05 -4.9793043e-06
   465 : -8.4459606e-09  1.3731047e-09  5.5738786e-09
   466 :  1.0951432e-03  2.4339338e-04 -2.9436157e-04
   467 : -4.0567246e-24 -4.4219832e-25  5.6986297e-24
   468 :  1.3234587e-21  5.9812796e-21 -2.7430143e-21
   469 :  6.4798446e-33 -8.1412351e-33 -6.5745070e-33
   470 :  7.5120857e-31 -1.0721837e-30  1.3718343e-31
   471 :  2.0263806e-19  4.6639316e-19 -6.9044024e-19
   472 :  7.3777102e-23  2.6101468e-23 -2.1512435e-22
   473 : -1.0388726e-07 -4.0397806e-07  5.4019155e-07
   474 : -1.8592343e-27  1.2017526e-26 -1.0158862e-26
   475 : -4.9629130e-18  8.0092522e-18 -1.6188758e-17
   476 :  6.2732756e-18 -6.2222186e-18 -1.8109988e-19
   477 : -1.0532198e-34  1.0987988e-34 -1.4889892e-34
   478 : -1.3297978e-09  1.4187631e-09 -2.5438832e-09
   479 : -2.4938388e-35  8.6738256e-35 -3.6819396e-35
   480 : -8.3996535e-03 -6.8834771e-03  8.5814534e-03
   481 : -2.7418792e-17 -2.0639770e-16  6.0957341e-16
   482 : -4.7131859e-26  7.7142425e-26 -1.2874558e-26
   483 :  5.3279733e-04 -1.6965508e-03 -5.1035115e-03
   484 : -2.5376436e-09 -1.0070479e-10  9.5032094e-10
   485 : -1.9257710e-09  2.6393711e-09  1.6897122e-09
   486 : -1.3107394e-01 -8.4351834e-02  8.1362061e-03
   487 : -2.9663696e-09  1.9105374e-08 -2.9242430e-08
   488 :  2.5501902e-02 -1.4223497e-03 -9.1684927e-03
   489 : -1.6152543e-27 -8.3257007e-29  3.5146076e-27
   490 :  3.3832063e-23  9.5355733e-24 -2.0590243e-23
   491 :  2.6416814e-24  6.2239246e-24 -4.2759785e-24
   492 : -2.8249687e-07  3.7606627e-07 -6.0353902e-07
   493 : -5.8677921e-05  1.9798043e-04  7.5178247e-05
   494 :  8.3738728e-04  1.6517757e-03  2.0850923e-03
   495 : -2.3295563e-11 -4.6624365e-12  6.4509570e-11
   496 : -1.3495277e-21  1.1814395e-20 -9.3048426e-21
   497 :  8.5430724e-32  5.7842754e-31 -3.0063647e-31
   498 : -3.1795342e-29  5.7526010e-29 -9.6726820e-29
   499 : -8.0400321e-03  3.9440237e-03 -3.9873894e-03
   500 : -9.7955264e-33  1.3328628e-32  8.1469827e-33
   501 :  1.1039597e-35 -2.6506604e-34  1.9138910e-34
   502 :  8.2344933e-07 -2.1432311e-06  5.0160341e-06
   503 :  3.1749085e-06 -1.0417530e-05  2.8718913e-06
   504 : -1.2299882e-09  3.3106927e-09 -1.1150070e-09
   505 : -4.7744365e-03 -9.9399433e-03  7.8736371e-04
   506 :  1.1490276e-22 -2.9682469e-22  4.3073504e-23
   507 : -9.9815676e-21 -6.6261724e-21  2.1514809e-20
   508 : -5.9775291e-21  2.1217614e-20 -7.6127801e-21
   509 :  1.0531292e-08  2.6896922e-08 -5.3550266e-08
   510 : -7.1094019e-23  4.0105895e-21 -3.0648840e-21
   511 :  7.3277648e-16 -2.5350384e-16 -1.8423004e-15
   512 :  2.6906484e-17  2.1088693e-15 -9.4590191e-16
   513 :  2.1079510e-11  1.5634930e-11 -5.9569039e-11
   514 :  1.4478586e-10 -4.0397244e-10  4.1717123e-10
   515 : -9.0270158e-05 -8.9090784e-05  3.1517779e-04
   516 :  3.5590032e-22  1.1646018e-21 -6.9616440e-22
   517 :  7.3235432e-05 -6.5964344e-05  1.2290768e-04
   518 : -1.5615268e-10 -2.9455417e-11  2.1127766e-10
   519 :  4.7231243e-15 -1.1124619e-14  4.0879726e-16
   520 :  6.0230151e-12 -3.1829907e-12 -6.1870814e-12
   521 : -3.5807585e-05  9.6029941e-06  3.6194723e-06
   522 :  2.9720657e-02 -4.5243204e-02  6.3040849e-02
   523 : -2.0450011e-03  4.5619153e-04  5.1853258e-04
   524 :  3.0873895e-11 -1.3166555e-11 -6.9760465e-12
   525 : -1.4876330e-09  7.5411699e-10 -2.3942264e-11
   526 : -5.0121803e-16 -3.2662598e-16  9.0707522e-16
   527 : -2.8158438e-28 -2.5267709e-26  3.3987073e-26
   528 :  3.3104249e-01  7.5515215e-02  1.6563052e-01
   529 :  1.5912781e-07 -1.6053742e-07 -2.0834539e-07
   530 :  2.2965910e-03 -2.9223989e-03  1.3009459e-03
   531 : -7.3303021e-07 -5.1415474e-07  1.3419674e-07
   532 :  4.6517124e-16 -2.5097908e-15  1.2719814e-15
   533 :  1.3587264e-36 -1.2838833e-36  1.3230147e-36
   534 : -2.2251020e-37 -1.3006962e-36  3.0535164e-36
   535 :  1.9220110e-25 -2.0768993e-25 -1.7125906e-25
   536 :  9.3205262e-04 -2.0555753e-04 -1.1496387e-04
   537 :  2.1683054e-06  1.6792702e-06 -9.6870156e-07
   538 :  2.0208362e-08 -9.6180178e-09  2.3882850e-09
   539 : -4.8278925e-26  1.6617122e-25 -5.6587952e-26
   540 : -5.6615404e-23  4.8831421e-23  5.6021469e-23
   541 :  1.3211629e-21  2.7057434e-22 -3.1370003e-21
   542 :  1.4492861e-11  1.2340210e-11 -3.8885177e-12
   543 : -1.8589983e-27 -2.2334871e-27  1.8729958e-27
   544 : -2.3876024e-11  8.6171046e-11  4.3633871e-11
   545 : -8.9316829e-20  5.9848184e-20  1.3110084e-19
   546 : -1.5002688e-03  1.4326665e-03 -4.3122596e-03
   547 :  7.5308861e-25 -1.8531193e-24  3.2459989e-25
   548 : -1.9591694e-04 -1.5013877e-04  6.4827820e-04
   549 : -5.2821414e-21  1.6616668e-22  4.6991709e-21
   550 :  7.2264397e-08 -1.2531501e-07  3.3309454e-08
   551 :  7.0624871e-05  1.9202528e-04  1.3106993e-04
   552 : -8.7652586e-06 -2.0971557e-06  4.3204172e-07
   553 :  1.3807932e-06 -2.4634404e-07 -6.7449685e-07
   554 : -1.7577559e-22 -9.5288910e-21  2.5534135e-21
   555 :  9.3782011e-12 -1.7457718e-11 -9.8934980e-12
   556 :  1.0784212e-22  6.3964799e-22 -3.0054873e-22
   557 : -6.4897408e-02  1.0463359e-02 -8.7404048e-02
   558 :  1.8895359e-07  1.4859027e-07 -6.8835269e-07
   559 : -1.7606135e-05  4.3524723e-05 -1.9126849e-05
   560 : -2.2057493e-07  5.9849304e-08  9.9027066e-08
   561 :  8.3387839e-02  9.3057460e-02  1.2280245e-01
   562 : -2.0143615e-17 -6.7824772e-17  4.6153416e-17
   563 :  8.6295170e-32 -2.3951247e-33 -8.3600221e-32
   564 : -4.7945659e-04  4.5175065e-04  2.1265083e-04
   565 : -5.4043208e-03  2.0327978e-03 -4.9267172e-03
   566 : -2.3591303e-23 -3.4976309e-23  9.2995852e-23
   567 : -1.9929416e-14  8.4485660e-12 -7.2790958e-12
   568 :  3.0964446e-05  4.6243890e-05  1.2871895e-04
   569 :  3.3253870e-04  2.7692003e-04 -5.7104020e-05
   570 : -3.1068285e-20  4.2385546e-20  1.6266231e-20
   571 :  3.4236971e-12 -1.1536640e-12 -1.0433268e-12
   572 :  1.8875732e-34 -2.7322998e-33  1.2381445e-33
   573 : -1.3215462e-09  1.5702254e-08 -7.6249277e-09
   574 : -2.2879058e-08  1.9672754e-07 -4.4453188e-07
   575 :  2.6210985e-02 -1.3048802e-01 -8.6791860e-02
   576 : -4.7584251e-11 -5.4562963e-10  2.3829549e-10
   577 : -6.5974446e-02 -6.8088938e-03 -9.4509005e-03
   578 : -8.7521537e-37  1.2929384e-36  4.6675160e-38
   579 :  3.7694511e-02  7.9383567e-02 -5.7305702e-03
   580 :  3.8966990e-02  8.0694940e-02  9.7275984e-02
   581 : -8.2019126e-20  9.2888982e-20  1.2045765e-19
   582 :  5.1416981e-35 -8.7304108e-35  1.6349023e-35
   583 :  1.5316263e-18 -3.7308237e-18  1.6627087e-19
   584 : -2.6870476e-28  4.7950512e-28  6.6565927e-29
   585 :  2.0034091e-04  1.2131522e-03 -4.5970701e-04
   586 :  1.1661507e-23 -2.4518688e-23 -1.5077520e-25
   587 :  4.7213104e-17 -7.5960456e-18 -8.8696959e-17
   588 :  2.9339604e-23 -5.6202373e-23  1.1598304e-23
   589 :  4.6043948e-05 -4.3512376e-05 -8.5319150e-05
   590 :  1.8713394e-05 -2.2061527e-05 -7.5091940e-05
   591 :  1.2999018e-31 -1.9638544e-31 -6.7298901e-32
   592 :  2.2366641e-20  1.7697033e-20 -5.8814090e-20
   593 : -7.5439466e-15  1.4441776e-15  2.4931200e-15
   594 : -2.5744525e-17  7.4841807e-17 -1.9938069e-17
   595 :  5.0086927e-09  2.6961845e-09 -9.4767117e-09
   596 : -1.4290491e-09  1.7129394e-09 -1.9920589e-09
   597 :  2.5606328e-13  1.1631635e-13 -4.5903722e-13
   598 : -2.5832808e-17  1.6917505e-16 -7.3988376e-17
   599 :  1.1931895e-01 -1.4858382e-02  4.0634254e-02
   600 :  2.3478734e-10 -8.7995679e-11 -4.3357312e-10
   601 :  1.0505176e-01 -1.1878654e-02  1.4520194e-02
   602 : -2.9384400e-25 -5.9402537e-24  2.6726395e-24
   603 : -4.9885602e-28 -9.1196794e-28 -2.2708418e-27
   604 : -2.4005421e-19  2.1836957e-19 -2.2136271e-19
   605 :  1.8285378e-15 -1.7825634e-14  1.4953378e-14
   606 : -4.2918259e-02  3.4699500e-02 -3.4051113e-02
   607 :  9.8035134e-11 -1.1595318e-10 -8.0548240e-11
   608 :  5.2410270e-22 -1.7249489e-21  5.4396222e-22
   609 :  4.4583824e-19 -2.7713982e-18  1.1044105e-18
   610 :  9.4629118e-27  3.0336729e-26 -7.2374175e-26
   611 :  1.0279980e-01  7.0007931e-03 -8.4788364e-03
   612 : -1.1524191e-10  1.9154751e-10  1.0585878e-10
   613 : -1.0163607e-13 -3.9713103e-14  2.6234569e-13
   614 :  2.4962024e-05 -4.5081477e-05 -1.8077872e-05
   615 :  2.9608621e-12  1.3292422e-14 -6.1413149e-12
   616 : -1.4307428e-28  2.2644310e-28  6.7474734e-29
   617 :  1.5567230e-13  3.5327265e-14 -7.6123952e-14
   618 :  8.9556242e-18  7.9858524e-19 -5.5247515e-18
   619 : -5.6387513e-22  6.9674738e-22  4.5253180e-22
   620 :  1.5154536e-15 -4.2853290e-15  8.5545173e-15
   621 : -3.2011056e-11  2.2381144e-11  4.8921955e-11
   622 :  1.8553821e-03 -3.0248157e-03 -7.4015309e-03
   623 :  1.6887976e-06 -1.3236717e-07 -1.5637204e-06
   624 : -7.3172600e-13 -6.3905003e-12  2.1302844e-12
   625 :  9.7988285e-14 -3.8851791e-12  1.8679823e-12
   626 : -7.5405428e-37  2.9932219e-36 -1.1578230e-36
   627 : -5.1375489e-24  1.9785008e-23 -9.5076764e-24
   628 :  1.2812039e-17  1.3875405e-17 -1.2686122e-17
   629 : -8.3325188e-07  2.2930838e-06  2.4502485e-07
   630 :  5.9225947e-04 -2.7509764e-04  1.3197281e-04
   631 : -2.6907117e-14  1.0661562e-13 -2.5164535e-14
   632 :  7.4796180e-28 -1.4603417e-27 -8.9613438e-29
   633 :  8.6834419e-07 -6.1244776e-07 -1.6831112e-07
   634 :  6.0791452e-10  7.1504296e-10 -3.7146824e-09
   635 : -5.3368349e-07  1.7881078e-06  1.0595791e-06
   636 : -2.4261967e-05 -2.2634112e-05  9.0786768e-06
   637 :  3.4418555e-04 -8.5314140e-05  5.5978753e-04
   638 : -2.1726309e-03 -4.9543430e-03 -1.9923869e-03
   639 : -4.7791646e-05 -4.7645039e-05  2.1190137e-05
   640 : -1.1495027e-01  1.8078925e-02 -7.8486238e-02
   641 :  1.1894125e-21 -2.6601206e-21  1.6712117e-22
   642 : -1.8299922e-09 -4.3816274e-08  1.2621431e-08
   643 : -6.3040044e-06  6.2935836e-07  4.9577593e-06
   644 :  3.4803194e-06  2.2478907e-06 -6.5431643e-06
   645 :  5.3094356e-11 -6.7213684e-11 -3.3996651e-10
   646 : -6.0365609e-12  9.9672875e-12 -3.0711341e-12
   647 :  2.4076705e-01  9.2310547e-02  1.6141830e-01
   648 : -1.0756398e-11  1.0473907e-10 -2.6574844e-11
   649 : -4.5271254e-05  2.5948298e-04 -3.5839573e-05
   650 :  1.5767636e-12 -1.2657786e-12  1.4211388e-12
   651 : -1.7476810e-02 -6.2359737e-03  7.3996302e-02
   652 :  2.9342651e-11  1.5228154e-10 -8.1386137e-11
   653 :  1.3066070e-03  1.1756694e-03 -1.5721691e-03
   654 : -1.1071259e-18  6.5401596e-20  8.2500384e-19
   655 : -1.5984615e-11 -1.8495424e-11  6.7174747e-11
   656 :  1.6447045e-02  5.9065912e-02 -2.9933643e-02
   657 :  4.5544445e-06 -8.9020687e-05 -6.4891000e-05
   658 :  1.4367418e-10 -5.9098551e-11  1.3032152e-10
   659 :  2.1694615e-08 -1.0236089e-08 -2.9410564e-09
   660 : -1.4969159e-04  1.3850749e-03 -6.4961164e-03
   661 :  2.1313797e-01  1.7362884e-01 -3.5057088e-02
   662 : -1.0729933e-17 -1.1116814e-17  3.9093318e-17
   663 : -7.2373173e-05 -5.6593072e-05  1.3404798e-04
   664 : -6.5761740e-03 -5.9925723e-04 -6.7238570e-03
   665 : -9.9389052e-03  1.7187035e-03  2.1431393e-03
   666 :  2.4701847e-29 -1.3857363e-29 -3.8291181e-29
   667 :  1.2639573e-19 -4.3523320e-20 -2.2504507e-20
   668 :  2.7052835e-06  4.2279169e-06 -1.3092532e-05
   669 :  9.1411351e-37  1.0803684e-35 -1.2655278e-35
   670 :  3.5571665e-04 -6.5331668e-05 -1.1374023e-04
   671 :  2.2048595e-02  6.6959427e-02 -1.5228814e-01
   672 : -5.0106628e-05  8.8651701e-05  3.4291836e-04
   673 :  1.2113943e-15  5.2915220e-16 -3.3537809e-15
   674 : -2.7498044e-13  2.0687287e-13  3.1989022e-13
   675 : -4.5545090e-14  2.4549422e-14 -1.1648956e-14
   676 : -2.8300940e-10  5.6332052e-10 -8.5367494e-11
   677 :  1.7166943e-10 -1.1825694e-10  2.0337213e-10
   678 : -2.7562491e-05 -2.7476700e-05  1.2140284e-04
   679 :  5.0202032e-08 -1.1707786e-07  1.8444201e-08
   680 :  6.9682458e-08 -1.5819870e-08 -1.3135895e-07
   681 : -1.5916731e-20  1.4712695e-21  1.3710529e-20
   682 :  1.4151923e-21  3.6113059e-21 -9.9571273e-21
   683 :  9.5915527e-19 -2.2853276e-18 -2.4114037e-19
   684 : -7.0589768e-24  5.8141023e-24  1.7480669e-25
   685 : -2.6596629e-09  4.3919999e-09 -4.4312139e-10
   686 :  1.9995232e-13 -4.8384695e-14 -5.1746893e-14
   687 : -2.3851808e-23 -3.1901895e-23  8.6633934e-23
   688 :  1.4754255e-14 -2.3210234e-14 -2.6390780e-15
   689 : -4.2014060e-04 -6.4135017e-03 -5.8824200e-03
   690 :  1.0420738e-09  4.2950136e-10 -4.9438156e-10
   691 :  7.3598009e-10 -8.2033158e-10  9.4244998e-10
   692 :  6.9497349e-11  1.1826437e-10 -3.0701066e-10
   693 : -1.0175615e-35  1.4304937e-35  7.9288830e-36
   694 : -5.5272889e-24  8.3933099e-24  3.7205007e-24
   695 : -3.2584390e-03 -9.4935322e-05 -5.9889803e-03
   696 :  4.6169628e-07  1.5432997e-07  2.0054159e-06
   697 : -1.4491175e-10  2.3485496e-10  2.0932049e-10
   698 : -2.3561620e-03 -6.2124289e-03 -5.5322790e-04
   699 :  5.2426251e-17  7.7398758e-17 -1.6825331e-16
   700 : -5.1590373e-30 -8.1363662e-30  2.1777355e-29
   701 :  4.9355158e-28 -1.6856878e-27  5.8983192e-28
   702 : -3.0409934e-19  7.4358530e-19 -6.3569265e-20
   703 : -5.0883923e-02  2.4037276e-02 -6.7107530e-03
   704 : -4.6684532e-11 -1.1339506e-11  7.1775337e-11
   705 :  2.7456864e-23 -3.5692482e-22  1.6200877e-22
   706 :  2.0610315e-01  2.7247586e-01  2.0445810e-02
   707 :  5.6536042e-06  6.4996502e-06 -4.0726642e-06
   708 : -5.0218306e-07 -1.1915267e-07  1.8563736e-07
   709 :  3.3320483e-13 -5.0173224e-13  9.6073970e-13
   710 : -2.2755878e-16  2.0333688e-16 -3.6544692e-16
   711 : -8.8430894e-12  2.5694142e-12 -2.1974996e-12
   712 : -1.9295008e-05 -3.1989005e-05 -6.1300288e-06
   713 : -8.9090475e-12 -3.8359642e-11  1.6831894e-10
   714 : -2.4211112e-03 -4.8864961e-02 -3.0462955e-02
   715 : -1.5679846e-09  2.2150047e-10  2.1490912e-10
   716 :  3.3980613e-25 -3.5032583e-24  7.1485229e-24
   717 : -2.7571117e-07  3.9138557e-07 -6.2794365e-07
   718 :  2.8887294e-11 -3.0982366e-12 -1.9379995e-11
   719 :  3.3994086e-06  3.5246756e-06 -2.0883307e-06
   720 :  6.0934722e-02  8.5896960e-03 -1.4454402e-01
   721 : -1.1223383e-03  4.3960506e-04 -9.0421905e-04
   722 : -2.1309155e-22 -2.0145481e-21  8.9926322e-22
   723 :  1.3029714e-21 -1.4612940e-20  1.0237041e-20
   724 : -1.0538823e-20  1.4365916e-20 -1.4157156e-21
   725 : -7.8864757e-05 -1.7931375e-05  1.1889229e-04
   726 :  1.4284391e-14 -5.2363879e-15 -4.3813012e-15
   727 : -4.0096188e-05 -8.1625469e-05  9.9104134e-05
   728 : -5.6276347e-07 -1.0793523e-07  4.9588603e-07
   729 : -9.7646091e-09  1.3433623e-08  7.5328853e-09
   730 :  1.5811119e-10 -3.1707838e-11  1.3644669e-10
   731 :  3.8654159e-20 -6.4808663e-20  1.3286905e-20
   732 : -6.4375157e-19 -2.9305873e-18  2.9409416e-18
   733 :  6.7379112e-11  1.4529847e-10 -6.4992281e-12
   734 :  2.2746262e-02  2.1233126e-01  1.3319899e-01
   735 :  7.5115255e-11 -1.6503485e-10  8.2363123e-11
   736 :  9.7159918e-02 -3.4035618e-03 -7.5900642e-03
   737 : -6.0259371e-14 -6.5462262e-14  2.3480377e-13
   738 : -1.6352559e-05  6.5234329e-06 -1.4851224e-05
   739 :  6.0931529e-02 -1.4240354e-02  1.6710938e-01
   740 : -1.2080821e-10 -2.5062874e-10 -4.2178617e-10
   741 :  8.2888466e-05 -1.3449932e-03  5.4715991e-04
   742 : -1.3544920e-11 -2.7642539e-11  6.8058740e-11
   743 :  2.9628613e-10  4.3410783e-11 -1.4873121e-09
   744 : -1.1386171e-01 -1.8010906e-01  1.0880807e-01
   745 :  6.7608666e-22 -1.4253433e-21 -2.1600044e-22
   746 :  4.7466027e-18  2.6912328e-18 -1.5061802e-17
   747 :  1.0711638e-13 -1.7240193e-13  3.3827178e-13
   748 :  2.1796024e-10  1.8212788e-10 -1.4553472e-09
   749 : -1.8972164e-06  5.1630438e-06  4.8377880e-07
   750 :  1.4118153e-23  1.3418610e-22 -2.1293933e-22
   751 :  3.0309503e-02  7.7734427e-02  1.3488650e-01
   752 : -7.2910534e-11  4.7600896e-11  1.5968630e-10
   753 : -1.3265043e-06  4.0242136e-06 -1.2155688e-06
   754 :  4.6784763e-19 -2.5247324e-19 -1.0007039e-18
   755 : -8.4877878e-02  3.5024757e-02 -1.6099201e-01
   756 : -1.9804833e-13 -2.7483618e-13  8.3848156e-13
   757 : -3.5198470e-34  7.6255822e-35  1.2957036e-34
   758 :  9.2402214e-02  4.4904523e-02 -4.7517469e-02
   759 :  1.9140337e-10 -9.8854731e-11  2.0822184e-10
   760 :  8.3871892e-16 -2.1195506e-15  3.8957173e-16
   761 :  5.9340115e-10 -6.1427380e-10 -6.2736633e-10
   762 :  4.8086138e-02 -1.9755720e-02 -3.6811334e-03
   763 : -1.1608753e-25  3.3422949e-25 -1.0708934e-25
   764 : -9.1717752e-27 -3.8135571e-26  2.3152442e-26
   765 : -1.3112122e-02  3.7551613e-02  1.2792265e-01
   766 :  3.0105941e-12 -7.6465437e-12  4.1915619e-13
   767 : -8.7694572e-04 -1.2739230e-02 -5.6621116e-04
   768 :  8.1541394e-24 -8.3253808e-23  1.8773881e-22
   769 : -7.0240049e-02 -3.7377194e-03 -5.3646864e-04
   770 : -2.7972131e-09  1.2700811e-09 -2.4264119e-09
   771 :  5.1856434e-06 -1.6912359e-05  4.0299374e-06
   772 :  3.7686653e-04 -1.9262978e-04  5.8081667e-04
   773 :  1.8667092e-12 -1.8012496e-11  1.2296753e-11
   774 :  3.2488881e-02  1.6194929e-01  8.5543679e-02
   775 :  1.6317266e-01  2.4439664e-01  2.2976029e-01
   776 : -1.6931197e-11 -7.7046762e-11  1.1164540e-10
   777 :  4.4716292e-10 -1.0257455e-12 -1.8310333e-10
   778 :  6.3833223e-11 -2.1337556e-09  2.3175805e-10
   779 :  1.0436781e-19 -1.7249899e-19  2.9791000e-20
   780 : -1.5281371e-03 -3.4099352e-03 -1.2549938e-03
   781 : -7.2428341e-22  6.4057915e-22 -7.4604797e-22
   782 :  4.9684819e-35  2.0335710e-35 -6.7935814e-35
   783 : -1.2853742e-10 -5.0089646e-10  3.4099920e-10
   784 :  2.8575815e-11  2.7195798e-10 -1.2793285e-10
   785 :  1.1463560e-21 -2.7671499e-21  3.8875217e-22
   786 : -4.3057513e-02  2.5578588e-01  7.1068256e-03
   787 : -1.0054975e-01 -3.8398233e-02  6.1852725e-03
   788 : -7.7871682e-22  4.5450746e-22 -2.6870375e-22
   789 : -7.7908197e-21  2.0959281e-20 -2.0228166e-20
   790 :  6.6353960e-10  6.7422014e-08  1.1472830e-08
   791 :  8.5254204e-07 -6.5842961e-07 -7.9499607e-08
   792 :  5.7459774e-04 -1.4882545e-04 -7.2481905e-05
   793 :  1.2362595e-04 -5.2115152e-05 -9.2800482e-05
   794 : -1.1024098e-09  2.0321405e-09 -1.3553555e-09
   795 :  7.2992379e-04  1.0187902e-03 -3.1415967e-04
   796 : -2.7220573e-05  2.1232939e-05 -6.3251319e-05
   797 : -1.0169347e-23  9.1502611e-23 -1.6351734e-22
   798 : -3.1206574e-07 -5.8612231e-07  4.1370404e-07
   799 :  4.4303722e-13  1.6378734e-12 -2.6176264e-12
   800 : -1.3232993e-02 -5.7309755e-03  2.5370652e-02
   801 : -5.2820114e-22 -1.3910940e-20  1.2870836e-20
   802 :  1.3197362e-10 -2.4472199e-10 -3.1000085e-11
   803 : -1.1920059e-16 -7.5598117e-16  4.3239556e-16
   804 : -1.0416993e-02  1.1320711e-01  3.0562368e-02
   805 :  1.0516344e-10 -8.6660592e-12  1.4531067e-10
   806 : -9.3827077e-20  9.8594534e-20 -1.4677588e-19
   807 :  9.3850404e-23  2.6463970e-22 -1.5269756e-22
   808 : -4.3526120e-02  2.6180072e-02  1.4141329e-01
   809 :  1.1880695e-14 -1.5918906e-14 -1.1771580e-14
   810 : -6.2547226e-23 -1.2634239e-21  2.9109086e-21
   811 :  1.1810684e-35 -4.2464777e-36 -6.1450288e-36
   812 :  1.1083616e-12  2.7889942e-12 -1.0644156e-11
   813 : -4.3397515e-11  2.1377797e-10  1.5955941e-10
   814 :  7.5164302e-32  2.8566029e-33 -8.0932758e-32
   815 :  4.0741442e-36  5.5660822e-36  2.3791676e-36
   816 : -1.2105933e-29  2.7367067e-30  4.6166131e-30
   817 : -1.3381601e-31 -1.3385184e-31  4.0449157e-31
   818 :  1.4596299e-33 -7.5557899e-33  4.5228514e-33
   819 :  1.7714429e-11 -1.7790778e-11  1.9686641e-11
   820 : -7.4462982e-33  2.0543987e-32 -4.2306290e-33
   821 : -6.1519388e-06 -7.6616441e-05  2.2343592e-05
   822 : -6.0911985e-09  3.6184389e-08 -2.5028274e-08
   823 :  3.6005434e-16 -9.2992038e-16  1.7402048e-16
   824 : -1.4904176e-16  2.2593575e-16  9.7778561e-17
   825 : -6.1829324e-26 -3.2712967e-26  1.5984589e-25
   826 : -2.4279712e-06  6.5753345e-06 -4.4235701e-06
   827 :  5.6948639e-19 -1.0981626e-19 -2.1963820e-19
   828 :  1.4069576e-15 -2.3821700e-14  1.1704779e-14
   829 : -1.5412985e-08 -4.5665254e-08  3.3886707e-08
   830 :  2.6364070e-01  2.5521807e-01  1.5054945e-01
   831 :  2.7595757e-01  1.8305231e-01  2.3816649e-01
   832 :  1.3663999e-11 -2.8561564e-11 -3.1006162e-12
   833 :  2.2087801e-01  1.4903712e-01  6.9849646e-02
   834 :  5.3693467e-30 -4.8160271e-30  4.5084743e-30
   835 : -8.3352020e-35  4.8486145e-34 -9.2915361e-34
   836 : -4.1196910e-10 -4.2668259e-10  3.5403465e-10
   837 :  7.0467829e-20 -3.4150275e-20  2.2383120e-20
   838 : -2.0194803e-07  1.0093404e-07 -5.1428317e-07
   839 :  9.0798922e-16 -1.5898361e-15 -5.7479976e-16
   840 : -1.0704388e-18 -8.0469349e-19  2.8139143e-18
   841 : -5.8285772e-17  1.3442385e-17  3.0093370e-17
   842 : -6.3201519e-14  5.9837346e-13 -2.3736558e-13
   843 : -5.7200392e-18 -2.0614017e-19  1.2243272e-17
   844 :  8.6221297e-12 -5.3188373e-12  3.0684217e-12
   845 :  8.2543602e-25 -1.0119119e-24  1.4060466e-24
   846 :  2.6768477e-10 -2.2180770e-09  3.9156332e-10
   847 :  4.3187234e-13 -2.0534282e-13  5.0748588e-15
   848 :  2.1029520e-38 -5.6551797e-38  1.7500297e-38
   849 : -2.7497151e-16  2.4961180e-16  4.2732847e-16
   850 :  3.3185176e-14 -1.2383142e-13  2.6033896e-13
   851 :  3.4585782e-16  3.4284737e-15 -4.1981141e-15
   852 : -8.6450719e-28  4.1459289e-27 -1.7572447e-27
   853 :  5.3640391e-06 -1.8363229e-06  4.3054149e-07
   854 : -5.3488852e-39 -2.5135268e-38  5.5799485e-38
   855 : -5.9323882e-05  1.6981843e-05  6.4916005e-06
   856 : -3.8149334e-07  1.6652869e-07 -3.7304856e-07
   857 : -6.4386893e-05 -2.6033361e-05 -3.9841776e-05
   858 :  1.6903488e-08  3.9158103e-08 -6.8756919e-09
   859 : -2.9959996e-27  9.3556624e-27 -2.7698988e-27
   860 : -3.0612262e-09  4.7447006e-09 -3.5389928e-09
   861 :  3.7363727e-09 -4.1010075e-09  4.1304238e-09
   862 :  6.2699158e-10  9.6312951e-11 -1.4849250e-09
   863 : -2.1582014e-06  2.1418593e-06  4.2363731e-06
   864 :  7.9457111e-06  8.9966936e-06 -9.7988712e-06
   865 : -2.1490123e-03  1.1697597e-03 -2.7350087e-04
   866 :  1.2145794e-02  4.4640774e-02 -6.0000584e-02
   867 :  9.8214612e-04 -6.0323208e-03  2.0709352e-03
   868 :  1.7084119e-11  9.0442278e-11 -1.4436532e-10
   869 :  2.5408407e-11  3.3252430e-11 -2.3293841e-11
   870 :  1.9402364e-12 -4.6416151e-12  1.4071786e-12
   871 :  1.4120242e-05  1.9004287e-05 -4.6107544e-05
   872 : -4.2122735e-05  1.2271494e-05  1.1136612e-05
   873 :  1.0158388e-01  4.9293638e-02 -2.3893973e-02
   874 : -1.6194136e-02  3.5602341e-02  1.1185539e-01
   875 :  1.1068711e-16 -1.9029368e-17 -3.5662449e-17
   876 : -4.0644154e-16 -6.7027182e-18  9.4815565e-16
   877 : -4.0223440e-32  5.6944138e-32 -7.4194901e-32
   878 : -1.4413474e-29  3.2782687e-29 -7.0166988e-30
   879 : -1.8598313e-19 -5.9581424e-19  1.4966147e-18
   880 :  5.8597535e-18  2.2970811e-17 -1.4565562e-17
   881 :  1.6595313e-31 -5.0702918e-32 -6.3796858e-32
   882 : -6.7977351e-30  3.7573327e-30  1.0001449e-29
   883 :  1.1319354e-19 -9.6937666e-20  8.0014169e-20
   884 :  1.5481069e-18 -5.8855864e-18  2.2514832e-18
   885 :  1.2264123e-08  8.6819856e-09 -2.7838042e-08
   886 : -7.0569332e-09  1.9623449e-09  9.5461471e-11
   887 : -1.0403756e-08  3.8977748e-09  4.2718889e-08
   888 :  4.7099763e-08 -5.9639650e-09  9.1059495e-09
   889 : -4.1095581e-03  1.5762927e-02 -9.8273166e-03
   890 : -6.7440572e-03 -1.1736686e-03 -7.3117486e-03
   891 :  3.0411941e-17 -8.3718553e-17  1.4036883e-16
   892 :  5.0025644e-15 -1.1130635e-14  6.6522378e-16
   893 : -2.1506782e-09  7.7031260e-10  3.5277357e-10
   894 : -6.1158200e-09  6.3718798e-09  3.6880662e-09
   895 :  3.2781939e-03  2.5839722e-03 -9.0217933e-03
   896 : -4.0693688e-03  2.0567793e-03 -4.0343383e-03
   897 : -2.2849892e-18  3.7226524e-19  1.3716328e-18
   898 :  1.9222676e-17 -1.5609745e-17 -2.8765923e-17
   899 :  1.9541558e-04 -5.8764290e-03 -5.1815689e-03
   900 : -6.1081535e-03 -4.9541289e-04  6.0720082e-04
   901 : -3.8645734e-11  2.5682970e-11 -1.4570068e-11
   902 : -4.9272741e-10  9.2725995e-10 -8.2255023e-11
   903 :  1.0973895e-05 -3.9623411e-05  8.3833180e-06
   904 :  1.8361882e-06 -2.4062099e-06  7.1839240e-06
   905 : -8.9501904e-07 -1.0775639e-05  8.6475046e-06
   906 :  3.3882975e-04 -3.1124662e-04  8.5321659e-04
   907 :  5.2091551e-04 -2.2910057e-04  9.8937189e-05
   908 :  3.2687247e-07 -2.1087361e-07  1.3954118e-07
   909 :  8.6480115e-07 -3.5938611e-06  1.2074614e-06
   910 :  3.3346677e-07  1.6157882e-06  3.0502449e-06
   911 :  7.6858822e-07 -8.0379515e-07  1.7183690e-07
