Number of elements 912
     0 :  1.7067968e-15  1.3503733e-16 -4.2411003e-15
     1 : -7.5521203e-09  1.7686189e-08 -9.8608291e-10
     2 : -3.1754355e-01  3.6891359e-02 -2.2503084e-01
     3 :  3.1453421e-11 -3.0577368e-11 -4.0309932e-11
     4 : -9.6328924e-03 -1.1958276e-02 -6.3605189e-03
     5 : -1.0571322e-01 -1.7527929e-02 -1.5695163e-01
     6 : -1.7507118e-24 -5.1179824e-24  8.8979901e-24
     7 :  1.7066961e-08 -8.1776967e-08  4.0078074e-08
     8 :  2.2096977e-07 -2.0144335e-08 -1.4083099e-07
     9 :  2.5212369e-22  7.6941469e-22 -1.2770283e-21
    10 :  6.0010601e-08  1.6234068e-07 -4.1670347e-07
    11 :  8.1321750e-26 -1.0695917e-24  8.4215362e-25
    12 : -1.4216840e-01 -1.6951348e-01 -2.5389892e-01
    13 : -7.3374834e-06  1.6847997e-05 -2.7054793e-05
    14 : -3.3853399e-12  1.0758691e-12  2.2095691e-12
    15 :  3.6173046e-06 -4.7058530e-06  2.1671472e-06
    16 : -7.5947721e-26  1.5454157e-26  1.5219932e-25
    17 :  6.8427338e-18 -3.1387607e-18 -1.5788978e-17
    18 : -4.7128823e-07  1.7305596e-06 -1.9001454e-07
    19 : -2.9697909e-30  2.4136335e-30  2.9640596e-30
    20 : -9.3362251e-18  2.5821888e-17 -8.4417780e-18
    21 : -9.6824278e-05 -7.7848922e-05  1.9764977e-04
    22 : -6.2694301e-05 -5.0177792e-05  2.4654262e-05
    23 : -5.1915427e-28  3.7940135e-28 -1.2113807e-28
    24 :  1.6302266e-08 -4.6470415e-08  1.5144565e-10
    25 :  2.0116439e-29 -3.9752403e-29  8.3304387e-30
    26 :  2.6992872e-08  1.6866715e-08 -3.6807849e-09
    27 :  4.1156683e-05 -5.2575864e-05 -3.9635434e-05
    28 : -2.0975983e-05 -1.3770404e-05  8.3519099e-06
    29 : -1.5603699e-09 -4.9818842e-09  8.4942746e-09
    30 : -3.2571115e-07  8.2858716e-07 -1.9171132e-08
    31 : -8.4314596e-12  3.6784412e-11 -1.3932697e-11
    32 :  5.7318939e-24 -5.2463307e-25 -6.7654219e-24
    33 :  1.7823614e-04 -1.6810980e-04  3.0854969e-04
    34 :  1.6178792e-31 -4.0207332e-31  3.6591308e-32
    35 :  2.5414089e-11  2.7353103e-11 -1.1173847e-10
    36 : -7.1770312e-02 -6.4343098e-03 -1.0571385e-02
    37 : -3.1189860e-03 -3.4535307e-03  2.5297957e-03
    38 : -4.2033924e-05  7.9030786e-05 -2.0031197e-05
    39 : -1.7037911e-09  4.8776195e-09 -2.7102851e-09
    40 :  6.7009821e-10 -4.2004919e-09  1.1090981e-09
    41 :  2.2276428e-05 -4.9116060e-05  3.0451515e-06
    42 :  1.4149213e-29 -5.6681980e-29  3.7296045e-29
    43 :  2.4525166e-16 -3.7231144e-16 -1.8201373e-16
    44 :  5.6773008e-04  1.4453445e-03 -1.9582642e-03
    45 : -8.1247090e-13  8.5556293e-14  6.8744819e-13
    46 :  1.1931632e-13  6.8110573e-15 -5.5735629e-14
    47 : -6.6045190e-23  3.7749843e-23 -2.3872626e-23
    48 : -6.7675472e-26 -5.2231528e-25  1.8998710e-25
    49 :  1.0034734e-06 -3.5676479e-06  1.2889106e-06
    50 :  4.4409540e-04  5.3190622e-05  1.0868940e-04
    51 :  2.5023237e-02  9.4268687e-02  1.0895245e-01
    52 :  5.9248647e-07 -2.6834953e-06  6.2183586e-07
    53 : -3.6856293e-24  4.1794426e-24 -5.1004732e-24
    54 :  8.4804726e-05 -2.0328141e-05  1.1145046e-04
    55 : -1.6459118e-05 -7.0241942e-06  1.1388351e-04
    56 :  2.3879109e-03 -1.2815725e-01 -1.0586929e-02
    57 :  5.7452957e-06  1.7120977e-06 -3.6034159e-06
    58 : -6.2260126e-02  1.6040488e-01  1.0333267e-01
    59 : -7.2481556e-07 -4.2834563e-07  1.5063025e-07
    60 : -2.1683583e-04 -1.1328174e-05  4.4633779e-04
    61 :  4.2663960e-02 -3.0223751e-02  1.1443626e-01
    62 :  1.6165986e-08  4.4481437e-08 -1.6330030e-08
    63 : -9.5955193e-04 -3.6030604e-04  6.7457780e-04
    64 : -1.0423858e-08 -4.1419747e-08  7.5642503e-08
    65 : -3.7696373e-10 -1.3026812e-09  3.3863873e-10
    66 :  4.0166448e-11 -2.2153557e-10  8.5334618e-11
    67 : -3.0274512e-26 -1.2341633e-25  2.2313886e-25
    68 : -1.3999987e-24  3.5169867e-24 -4.0000447e-25
    69 : -5.3369370e-26  1.2016622e-25  2.1068855e-26
    70 : -8.7726625e-14 -3.0492157e-14  2.1057784e-13
    71 :  1.9921166e-03 -2.8031673e-03 -2.9360471e-03
    72 :  9.0638454e-27 -2.9306248e-26  9.5604829e-27
    73 :  3.6594762e-03 -5.4753729e-03 -6.0537095e-03
    74 : -1.2490674e-19 -6.7443053e-19  4.4277558e-19
    75 : -5.1283929e-19 -6.9995088e-19  5.6165756e-19
    76 : -4.1148169e-27  1.5607237e-26 -5.1642014e-27
    77 :  1.1386285e-19 -2.9217987e-19  2.0863201e-20
    78 :  1.3340160e-22 -4.8339305e-22  1.2473700e-22
    79 : -2.4522672e-16  2.0277800e-16 -2.5490496e-16
    80 :  3.6274911e-36  7.0350093e-36 -5.8021274e-36
    81 : -5.6704453e-24 -4.2037220e-22  2.1036266e-22
    82 : -7.7460602e-01 -2.6555938e-01 -8.3569354e-01
    83 : -1.0008050e-30  1.3368906e-30  9.0366578e-31
    84 : -5.7975197e-29  1.4794054e-28 -3.4137887e-29
    85 : -1.9564135e-01 -1.1314887e-01  2.3283499e-01
    86 :  1.5493738e-17  5.9072440e-18 -2.9333146e-17
    87 :  2.7738185e-16 -3.9060158e-16 -2.4294448e-16
    88 :  1.9304705e-10  1.3402240e-10 -1.4113066e-10
    89 :  4.9156891e-03 -5.0947957e-03 -7.3924622e-03
    90 : -4.0332829e-28 -1.3852910e-27  8.5910800e-28
    91 : -8.0499849e-02  1.3945778e-03 -9.9664001e-03
    92 : -3.5273791e-13  5.5265180e-13 -2.0689939e-13
    93 : -9.2557888e-35  2.1897028e-35  3.3283155e-35
    94 :  3.5074126e-15 -1.2343460e-15 -1.2072229e-15
    95 : -1.6115852e-25 -5.7842311e-27  1.8774936e-25
    96 :  5.0406887e-12 -1.7462532e-11  5.6438938e-11
    97 : -4.0657759e-13 -2.1443827e-12  2.9400936e-12
    98 : -3.5562922e-01 -4.9688666e-02 -1.0294573e-01
    99 :  6.8823365e-23  2.4362486e-22 -1.4479466e-22
   100 :  9.3983928e-25  3.5670771e-24 -7.0241387e-24
   101 : -5.1591953e-10 -1.8700848e-10  2.7495232e-10
   102 :  2.1259878e-06  6.5635917e-07 -1.0593462e-07
   103 :  2.3523723e-33  1.3018656e-32 -1.9187229e-32
   104 :  1.1037390e-13  2.1986553e-14 -4.3284322e-14
   105 : -6.2687894e-08 -6.5993980e-08 -5.7000270e-08
   106 : -1.9955246e-09 -8.6573748e-10  5.1337506e-09
   107 :  1.7521692e-09 -3.4133812e-09 -1.9397980e-09
   108 :  3.8542581e-09  1.8256347e-08 -7.4037833e-08
   109 :  1.0150288e-05 -2.4535773e-06  3.7933720e-06
   110 :  1.4658958e-03 -3.1835736e-03  1.3391573e-03
   111 : -9.8943494e-09  1.0694688e-08  2.0949867e-09
   112 : -2.6749182e-22  1.5227144e-21 -9.0365960e-22
   113 :  5.9359766e-02  6.7545398e-02  7.5383716e-02
   114 :  6.3584414e-14 -3.6956196e-13  6.8230773e-13
   115 :  7.4386987e-06  4.4920357e-06  1.3737612e-06
   116 : -3.9979609e-03 -4.4614915e-04  1.5595587e-03
   117 : -8.8227670e-02 -1.0163703e-01  5.2296803e-03
   118 : -7.3282832e-01 -9.9782526e-02 -2.1502393e-01
   119 : -4.5120736e-26  5.6386638e-27  4.3158539e-26
   120 :  8.3401437e-13  3.4203503e-13 -1.9186173e-12
   121 :  6.8960933e-20  3.4227184e-19 -3.4002579e-19
   122 : -1.0307704e-05 -1.6802864e-05  9.8603292e-06
   123 : -7.5033546e-32 -1.6662582e-31  2.6683699e-31
   124 : -1.3080698e-23 -5.8488581e-24  8.4121862e-24
   125 : -1.1195920e-34  3.2768673e-34 -1.0412549e-34
   126 : -8.5108934e-19  3.0177025e-17 -2.8409759e-17
   127 :  2.1075027e-19 -9.3550082e-19  4.3802883e-19
   128 :  4.9953882e-06 -1.8158839e-08 -9.2874269e-06
   129 : -1.2905646e-15 -1.4399100e-15  5.1338894e-15
   130 :  5.3912906e-02  1.2157151e-01  8.8506322e-02
   131 :  5.1077544e-04 -1.5016653e-04 -8.3766212e-06
   132 :  4.2239866e-06 -2.4564273e-05 -7.9707592e-06
   133 : -3.4492401e-03  8.6662791e-04 -8.6311720e-04
   134 : -8.0967003e-06  3.3496677e-06  8.6453445e-06
   135 :  1.6626590e-07 -6.5525531e-08 -4.7082067e-07
   136 : -2.2289419e-09  4.6360762e-09 -7.4730770e-10
   137 : -7.9990658e-07 -1.6412772e-07  1.9792007e-06
   138 : -1.0393390e-09 -9.3917710e-08  5.3428278e-08
   139 :  2.4961197e-08 -3.7694127e-08  7.9549553e-09
   140 :  6.7165987e-21 -5.2070348e-21 -5.3746684e-22
   141 :  9.3406798e-20 -1.3946880e-19 -8.0582394e-20
   142 :  5.0962823e-08 -1.7322368e-08  4.9570442e-08
   143 :  3.2170383e-27  2.8673219e-28 -1.3224589e-26
   144 : -9.2608437e-10  1.8715434e-09 -1.0065930e-09
   145 : -2.2310052e-11  6.4482277e-11 -1.6940169e-11
   146 : -1.1301333e-14  3.4022638e-14  3.9034502e-15
   147 : -7.5257821e-26 -2.1647138e-26  4.0336925e-26
   148 :  3.3158975e-15 -4.9033559e-15 -1.7225909e-15
   149 : -2.8352828e-02 -2.2063388e-02 -2.7151422e-02
   150 : -2.2458170e-11  7.3073192e-11 -3.1132018e-11
   151 : -5.6690079e-19 -1.2771888e-18  2.4944656e-18
   152 : -1.7699928e-16 -9.4840319e-16  4.2129741e-16
   153 : -2.4989769e-01 -4.2927304e-02 -1.4361378e-01
   154 : -6.0620069e-36 -1.2567738e-35  1.4133516e-35
   155 : -3.6593484e-26  4.7307217e-26  1.6595298e-26
   156 : -4.0324816e-28 -1.6394908e-28  2.4524947e-28
   157 : -1.2822903e-12  3.1357746e-12 -4.7559718e-13
   158 : -5.0530934e-08  1.1140295e-07 -5.2388971e-08
   159 :  1.3861233e-10  2.6804456e-10 -1.9225376e-10
   160 : -9.1149491e-34  1.9220786e-34  3.4743207e-34
   161 : -3.2626012e-32  2.2011282e-32 -1.1912083e-32
   162 :  5.7132848e-02 -4.7555340e-02 -3.4010472e-02
   163 : -3.0360491e-05  1.6480578e-05 -1.5336860e-05
   164 : -1.2748237e-17  9.8402220e-18  2.1037455e-17
   165 :  1.7382676e-09 -5.6984817e-09  1.8968946e-09
   166 :  7.0843043e-28 -9.2425423e-29 -1.5754203e-27
   167 :  1.0798760e-07 -3.2424536e-08 -7.9986957e-08
   168 : -2.7376505e-05  2.8087226e-05 -2.0288943e-06
   169 : -9.1738163e-01 -2.6867621e-01 -3.4747045e-01
   170 :  1.4114142e-24  1.8542138e-26 -1.5361797e-24
   171 :  1.3569428e-25  2.9919825e-24 -6.2146736e-24
   172 : -1.0368578e-04  8.4287281e-05 -5.9129980e-05
   173 :  3.8211611e-06 -6.1384778e-07  1.4524773e-06
   174 : -2.3209066e-09  1.2015027e-08  7.7257549e-09
   175 : -1.4832833e-13  5.1842793e-14 -5.1008225e-15
   176 : -1.5395264e-22  8.9137563e-23  2.5934610e-22
   177 : -5.9214360e-09  1.1333592e-08  2.8835793e-09
   178 : -9.9361226e-01 -1.5279878e-01 -3.2887006e-01
   179 :  2.6531326e-08  1.3382078e-07 -1.6119430e-07
   180 :  2.1780952e-26 -9.2833068e-28 -4.5695802e-26
   181 : -1.7287337e-06 -5.3921037e-05 -1.5237058e-05
   182 : -2.1924350e-15  3.7457346e-16  1.1947093e-15
   183 :  1.7956377e-03  3.4723932e-05 -3.7802323e-04
   184 :  1.3637884e-34  2.1747400e-33 -1.0891348e-33
   185 :  7.2525229e-19 -1.3613315e-18  2.4019144e-19
   186 :  2.0701015e-12  1.1536438e-12 -5.1780155e-12
   187 :  1.2938040e-07 -2.9633552e-07 -9.0428856e-08
   188 : -2.3631479e-01 -1.2746990e-01 -6.9054297e-01
   189 : -7.9757427e-07  1.2295529e-07  1.6351424e-06
   190 :  3.8055172e-09  3.6956526e-09 -1.9525522e-09
   191 :  1.3132908e-31 -9.9902799e-32 -1.9908841e-31
   192 : -3.4579874e-05  7.0441084e-04 -7.6946074e-05
   193 :  1.3479885e-01 -6.8336638e-02  5.4703858e-02
   194 : -4.3195303e-01 -1.3121280e-01 -3.0097725e-01
   195 : -1.2735683e-13 -4.3896172e-14  8.7382386e-14
   196 : -5.6901164e-27  1.1776823e-26  1.1190823e-27
   197 : -1.5935204e-26  2.6897452e-26  6.1152377e-27
   198 :  6.6403197e-11 -1.8115974e-11 -2.4330327e-11
   199 :  1.2951092e-01  1.3286499e-01  7.0254396e-02
   200 :  4.7170440e-24 -1.7658257e-23  1.0907096e-23
   201 : -5.4228182e-05 -7.9707937e-05  1.6887365e-04
   202 :  3.6571462e-14 -6.6521591e-14 -3.4135359e-15
   203 : -2.5665627e-29  2.3026485e-29  1.5169380e-30
   204 :  2.9714674e-14 -9.9138186e-13  8.0133732e-13
   205 :  2.0674509e-04  6.8943336e-05 -1.1071400e-04
   206 : -7.1930511e-30 -5.6414057e-30  1.7719247e-29
   207 : -5.1158523e-27  2.5095006e-27 -6.4703472e-28
   208 :  5.1495932e-20  5.8582903e-20 -2.2549442e-19
   209 : -2.3756437e-01 -1.3796382e-01 -6.2686256e-02
   210 : -1.1690676e-13  1.6346308e-13  9.9223469e-14
   211 :  1.8700158e-29 -6.8288666e-29  1.3747336e-28
   212 : -4.7219524e-08  1.4405474e-07 -5.9493969e-08
   213 : -1.9179584e-26 -2.9472718e-26  6.9949386e-26
   214 : -1.4747791e-02 -3.5546635e-03 -3.5237772e-02
   215 : -3.1450353e-01 -2.4888401e-01 -8.0994879e-02
   216 :  1.9317573e-07 -2.0753859e-07 -2.5999478e-07
   217 :  6.5089484e-35 -6.3582468e-35  2.1916735e-36
   218 : -5.5433848e-21  7.7514732e-21  5.0251365e-21
   219 :  3.0164842e-05 -1.7838624e-06 -5.4520082e-05
   220 :  1.2405570e-17 -7.9962356e-18  9.5913922e-18
   221 : -3.5203423e-23 -5.5642456e-23  1.1734459e-22
   222 :  5.2802301e-02 -1.6634563e-02  5.9696272e-02
   223 : -1.1511144e-03 -8.1190035e-03 -5.6153156e-04
   224 : -1.9423884e-11  1.0796608e-10 -7.8543555e-11
   225 : -1.5590844e-17  1.5609368e-17  2.7408829e-17
   226 :  1.5968077e-24 -1.8694285e-24  2.5457959e-25
   227 : -9.1251112e-14 -1.7100852e-14  1.2456216e-13
   228 : -9.8980185e-11  1.7779452e-10  5.6262860e-11
   229 : -7.5888529e-15  2.1084688e-15  1.9976138e-15
   230 :  1.1222014e-23  1.1306382e-23 -9.6517670e-24
   231 : -3.4159891e-24  1.3402340e-23 -5.8564691e-24
   232 : -8.2345616e-33 -7.3248598e-33  7.3378535e-33
   233 : -5.9302154e-23 -5.9818675e-23  1.9333341e-22
   234 :  4.0434902e-02  8.3696976e-02  5.0260730e-02
   235 :  1.3563292e-03  7.9453583e-04 -2.0980474e-03
   236 : -8.3589405e-22 -1.9065895e-22  2.0124601e-21
   237 :  1.1553950e-19 -8.9395823e-19  9.8268660e-19
   238 :  1.7635158e-31  1.5200298e-31 -1.5619751e-31
   239 :  6.9215830e-23 -1.3104098e-22  2.0222465e-22
   240 : -3.6329376e-28  2.2175688e-27 -1.3201762e-27
   241 : -1.0071776e-06  3.0456734e-06  3.1850878e-06
   242 :  4.0256624e-06  4.0426373e-06 -1.2388378e-05
   243 :  6.4342237e-02 -9.4058452e-04  4.0955575e-02
   244 : -1.7809164e-03  1.8699972e-03 -3.9777492e-03
   245 :  1.6859634e-22 -5.3237339e-22  4.7816428e-22
   246 :  1.3654235e-06  4.4851956e-07 -2.8765235e-07
   247 :  1.6915670e-02 -1.8121402e-02  1.4711186e-02
   248 :  2.1712417e-33 -4.2498675e-33 -2.6627982e-34
   249 :  1.4148997e-16  3.3251430e-17 -3.7312306e-16
   250 :  4.9128447e-06 -1.7403174e-06  1.6496272e-06
   251 : -3.5931028e-11  6.3574533e-11  2.8212865e-11
   252 :  3.1237370e-24  6.9742891e-25 -2.1688079e-24
   253 :  2.3906788e-29 -2.0226287e-29  2.1172835e-29
   254 :  1.0430086e-01  7.7753779e-02  4.8689041e-02
   255 :  2.2496421e-12 -8.1584291e-13 -6.9835777e-14
   256 :  3.1530886e-06  4.3243555e-06 -3.0513900e-06
   257 : -6.5158348e-04  2.1055045e-03 -4.6123484e-03
   258 :  9.6415372e-14  4.1918336e-13 -1.1239794e-12
   259 :  2.9692132e-19 -6.8840440e-19  1.3640956e-18
   260 :  2.5753887e-06  8.2319136e-06 -1.1090592e-05
   261 :  3.0931519e-13  4.1476052e-13 -1.8101035e-12
   262 : -3.4002424e-22 -4.2232462e-22  8.1887238e-22
   263 : -3.2787040e-25  1.7932023e-25  6.0667938e-25
   264 :  8.1672311e-12 -5.1931889e-12  3.1491851e-12
   265 :  4.5608135e-06  7.3979530e-06 -1.3039753e-05
   266 : -4.0081856e-16 -5.9069147e-16  4.0816967e-16
   267 : -3.6537006e-15  5.3050160e-15 -7.6273826e-16
   268 :  4.8816009e-26  2.7309810e-25 -6.2256948e-25
   269 :  4.8869228e-03 -5.7321334e-03 -1.5437448e-02
   270 :  2.4376798e-14 -6.5389824e-14  1.2628184e-14
   271 : -6.4595640e-05  3.3369192e-05 -7.9182527e-05
   272 :  1.7228839e-14 -1.1017063e-14  1.1474881e-14
   273 :  1.2956760e-24 -1.1293637e-24 -1.6448233e-24
   274 : -2.8878257e-07  6.9723402e-08  2.6598054e-06
   275 :  2.0781608e-20  3.4090427e-20 -9.2712678e-20
   276 : -2.7101577e-05  2.1567589e-04  3.5719397e-05
   277 : -2.3829178e-22  5.1543927e-22  2.4962100e-23
   278 :  8.8986397e-07 -1.6192747e-07 -1.9283489e-06
   279 :  1.1765269e-11 -3.6101258e-12 -4.0332380e-12
   280 : -2.4695474e-01 -1.6109185e-01 -4.4440378e-02
   281 : -1.7437862e-11  3.1181493e-11  8.6781975e-12
   282 :  4.2607505e-17 -1.8906578e-16  4.2426557e-16
   283 :  1.3601659e-20 -1.4216697e-20 -1.2540723e-20
   284 :  9.9550458e-22  1.6021433e-21  3.3450332e-21
   285 :  8.5822219e-02  9.2717645e-02  1.1822487e-01
   286 : -9.7355590e-07 -5.6271329e-07  2.3541951e-06
   287 :  1.4817238e-08  1.6444081e-08 -1.3947775e-08
   288 : -6.4137859e-02 -1.0198483e-02 -1.9139074e-02
   289 :  2.0784051e-09 -2.1456576e-09  3.7699200e-09
   290 :  5.0317200e-02 -4.6333586e-03  1.1445861e-01
   291 : -6.0272403e-12  9.0418214e-12 -1.2936816e-12
   292 : -8.8932794e-03 -5.8765816e-03  1.7036396e-02
   293 :  7.8347631e-20 -6.3465129e-20 -1.1588064e-19
   294 :  4.7152583e-08  6.3614628e-08 -2.6656930e-07
   295 : -3.5242360e-28 -5.7517754e-28  4.1667217e-28
   296 : -7.9873574e-06  2.5528002e-04  1.2409550e-04
   297 : -4.3726817e-11  1.7615101e-10 -2.7268026e-10
   298 : -4.9377170e-12  1.6512428e-10 -8.6514320e-11
   299 : -3.1476971e-31  2.5781098e-31  1.2335279e-31
   300 :  1.5657604e-04 -7.4790515e-05 -6.0591996e-05
   301 : -5.1854200e-12 -1.4763618e-12  2.3219998e-12
   302 : -4.8747702e-07  1.5801550e-06 -3.2439401e-07
   303 : -3.4569362e-08 -2.8436036e-08  2.8101730e-08
   304 : -6.6586653e-08  1.0182300e-07 -3.0066200e-07
   305 : -1.3696906e-13 -2.5892590e-13  1.3989516e-13
   306 : -5.1839703e-03 -4.6300969e-03  2.4753957e-03
   307 :  9.6446961e-08  3.5890702e-08 -1.9578174e-07
   308 :  1.9551261e-11 -1.5283622e-11  2.6935967e-11
   309 : -1.6047208e-31  1.1424105e-29 -5.3923750e-30
   310 :  6.5078254e-10  2.8086304e-09 -4.5555795e-09
   311 :  3.0921058e-07 -4.6618667e-07 -6.4639211e-07
   312 : -4.8425792e-27  7.2427766e-29  2.8550388e-29
   313 : -2.1041043e-19  4.8599956e-19 -7.1671741e-20
   314 : -5.8891218e-30 -9.8592100e-31  7.5966515e-30
   315 : -6.0059046e-25  5.2535296e-23 -2.6663138e-23
   316 : -7.5942200e-03 -3.5095734e-03  1.9711423e-03
   317 : -8.0445268e-31  5.8751532e-32  1.6411331e-30
   318 :  3.3764335e-05  1.5855537e-04 -2.1193464e-05
   319 :  6.5329748e-05 -8.3728905e-05 -1.1599880e-04
   320 : -1.0830744e+00 -3.3450115e-01 -2.2473610e-01
   321 :  4.0065871e-03 -4.4490689e-03 -1.1971691e-02
   322 : -2.0858803e-29  5.0822347e-29 -8.2110000e-30
   323 :  1.2737457e-32 -2.3624953e-32  5.6595082e-33
   324 :  6.6783006e-22 -1.6972516e-21  4.7391820e-22
   325 :  7.5837428e-19 -1.8666926e-18  3.8682333e-18
   326 :  1.5222782e-01  1.4835875e-01  1.4843694e-01
   327 : -1.0174873e+00 -3.3255082e-01 -1.2573376e+00
   328 :  3.0987618e-06  6.5555194e-07 -6.3140140e-08
   329 : -3.1328474e-22 -2.1370880e-20  1.0599335e-20
   330 :  1.4415342e-33 -6.7781470e-32  6.4325016e-32
   331 :  7.2292301e-14 -5.1500789e-14 -1.4557054e-13
   332 : -2.6473366e-08  3.4284547e-08 -1.0414452e-08
   333 :  7.8755948e-19 -4.6497932e-19  3.8407779e-19
   334 : -5.9606082e-06  7.1074191e-05 -1.2187510e-04
   335 :  9.3572188e-08 -1.7824200e-07 -1.5829246e-07
   336 : -9.0509263e-07  1.4759965e-06  7.5966062e-07
   337 : -3.9541513e-29 -1.7914764e-28  2.7275701e-28
   338 :  5.0545631e-06  1.6535957e-06 -2.2449678e-06
   339 :  1.4891311e-20 -1.5247277e-20 -1.9949293e-20
   340 : -2.5684108e-05  8.0890803e-06 -1.0896288e-05
   341 : -2.5377037e-27  2.5503902e-27 -1.8962972e-30
   342 :  1.1902486e-23 -3.7869416e-23  1.1702438e-23
   343 :  9.2577190e-12 -1.4085385e-11  2.0062348e-12
   344 :  1.0977839e-04  3.3680856e-04 -3.8665429e-06
   345 :  3.1095031e-02  1.3372071e-01  8.6577797e-02
   346 :  4.1217603e-23  3.9647580e-23 -3.8075279e-23
   347 : -8.7243339e-05  3.9344571e-05 -1.0686864e-04
   348 :  1.6691032e-13 -1.0879331e-11  5.2184688e-12
   349 : -2.6193228e-12  1.1658148e-12 -3.4329537e-13
   350 : -7.3291768e-06 -2.2361511e-05 -7.9345392e-05
   351 : -1.4640535e-19 -9.6870653e-19  8.3781233e-19
   352 :  1.0164361e-04 -7.1840223e-06 -1.1309075e-04
   353 : -1.3231255e-07 -5.0874607e-07  1.7254856e-07
   354 :  7.2870322e-02 -6.8497236e-03  9.1622188e-02
   355 : -1.0044122e-01  1.2573773e-02 -4.8090182e-02
   356 :  2.4905079e-28  1.9455181e-28 -6.6089371e-28
   357 :  4.5625641e-04  1.5821501e-04 -3.9788983e-04
   358 :  8.5356253e-14 -3.6358604e-13  1.1784157e-13
   359 : -1.3865788e-34  3.8183360e-34 -1.2312577e-34
   360 : -6.3042640e-05  2.4503429e-05 -7.8048599e-06
   361 : -7.4646025e-17 -7.1284783e-17  5.9865130e-17
   362 : -5.2733643e-12  4.0777008e-12 -9.7305470e-12
   363 :  1.0322378e-14 -4.9300121e-16 -9.6537819e-15
   364 :  6.1768057e-16  6.1900405e-16 -4.5057532e-16
   365 :  5.4616953e-12 -1.6883548e-12 -2.9888573e-12
   366 :  3.8954728e-26  4.6634535e-25 -5.3223998e-25
   367 :  3.0748784e-10  3.6179803e-10 -5.8464792e-10
   368 :  4.7686288e-06 -1.3642062e-05 -6.9153809e-06
   369 :  2.2668844e-12 -8.0185729e-13 -7.7788859e-12
   370 :  7.2323025e-15 -1.5230167e-14 -2.2151533e-16
   371 :  3.2248353e-26  2.0984360e-27 -3.5969522e-26
   372 : -2.0346962e-11  2.5694569e-11  1.7766559e-11
   373 :  1.2712546e-07  8.9266235e-08 -4.7475112e-07
   374 :  1.0268019e-01  3.8498095e-02  4.6940078e-02
   375 :  1.2255143e-18  3.7869444e-18 -2.0657886e-18
   376 : -2.2214912e-29 -6.8148846e-29  1.1310542e-28
   377 : -1.0986024e-10 -2.8370171e-10  1.2865071e-10
   378 : -5.0991348e-15  3.2555568e-14 -1.5071018e-14
   379 :  9.1461012e-32 -2.5961319e-31  8.1002471e-32
   380 :  2.1727372e-03 -4.8466551e-03 -1.3882873e-03
   381 : -2.9968124e-13  8.5027212e-14  9.3507988e-14
   382 : -1.7823972e-19  7.7606252e-19 -4.5899135e-19
   383 :  5.9108034e-04  8.3619320e-04 -4.6906065e-04
   384 :  7.4923694e-18 -5.7077227e-17  2.7616218e-17
   385 : -1.0948509e-06  2.2337106e-06  2.4606471e-07
   386 : -7.3835024e-03  1.8577387e-03 -6.0002898e-04
   387 :  1.3709380e-20 -6.0399186e-21 -2.4050464e-20
   388 : -1.3913948e-03  3.5686920e-02  1.5394624e-01
   389 : -1.0584499e-16  7.7093403e-17  1.2806227e-16
   390 :  1.3950930e-06 -5.4243067e-07  6.8664914e-07
   391 : -4.5736534e-14 -8.5510002e-14  6.1439578e-14
   392 :  9.3868960e-04 -3.3252413e-04 -1.6022247e-04
   393 :  4.0200588e-04  8.6930683e-04 -5.6717212e-04
   394 : -1.7392671e-17  9.6039930e-17 -5.2724993e-17
   395 : -4.1372924e-10  1.8903473e-10 -4.8348002e-11
   396 : -7.7530216e-32  7.7122284e-32 -8.8363352e-32
   397 :  8.9667604e-05  1.7925045e-04 -1.0362239e-04
   398 :  2.2421565e-08 -5.4045879e-08  2.5298773e-08
   399 :  1.1083914e-03 -4.6486301e-03  2.1431643e-03
   400 :  3.5820966e-09 -1.8415596e-08  4.6484316e-08
   401 :  8.7851039e-08 -2.8637114e-07 -2.2038189e-07
   402 :  1.3132912e-16  4.7701794e-17 -1.1710126e-16
   403 : -2.8226655e-15  1.1438711e-14 -4.4010930e-15
   404 : -3.4743530e-26  5.7945401e-27  9.0849440e-26
   405 :  1.2983691e-09 -5.6201767e-10 -4.7595735e-10
   406 : -6.0364174e-05 -1.2610373e-05  1.6786168e-05
   407 : -1.0805636e-03  1.3681547e-03  2.1032916e-04
   408 : -5.2911785e-03 -4.5823054e-03 -9.5729316e-06
   409 :  7.4768713e-09  3.4886833e-10 -3.2350817e-09
   410 : -9.6755500e-02 -1.9263290e-01 -5.4142902e-04
   411 : -3.7866088e-09  1.2745724e-08 -3.3373341e-09
   412 :  4.5678292e-08 -1.7783521e-07 -1.4835697e-07
   413 :  1.2178956e-28 -5.3323112e-29 -1.5341736e-28
   414 : -1.0300682e-02  1.4135205e-01 -4.0308979e-02
   415 : -1.1548742e-08  2.4308298e-08  1.5101411e-08
   416 :  1.5375823e-20  2.4905467e-20 -7.1552187e-20
   417 :  3.3640025e-06 -4.4176740e-05  4.9406714e-05
   418 : -1.0986556e-03 -7.1406752e-03 -8.0081242e-03
   419 :  7.4516494e-26 -1.2828295e-25  2.0876236e-26
   420 : -4.6293632e-24  2.0562102e-23 -1.0956217e-23
   421 :  1.4997227e-22 -1.6135954e-21  1.4032663e-21
   422 :  6.7037895e-12 -5.5925968e-12  5.1428374e-12
   423 :  9.8540463e-11  2.3309129e-09 -2.4535595e-09
   424 : -5.8914552e-17  5.6343720e-17 -2.6917267e-18
   425 : -4.9513323e-22  1.8980352e-20 -7.8240801e-21
   426 :  1.8264071e-14  6.0481071e-15 -8.7617813e-15
   427 :  6.0575368e-16  9.3597199e-16 -2.7372544e-15
   428 :  2.1038056e-16 -5.2443968e-16  5.0569670e-17
   429 :  2.4536922e-08  2.6275495e-08  9.6657530e-09
   430 : -7.3032492e-07 -4.0082602e-08  8.6952798e-07
   431 :  1.2293554e-09 -2.0966896e-09 -1.0541525e-09
   432 : -3.3505961e-12 -1.1833732e-11  1.8736849e-11
   433 : -5.1258987e-28  3.5589626e-28  7.0526663e-28
   434 :  2.2447451e-02 -8.5621255e-03 -8.9333380e-03
   435 : -4.6647005e-10 -1.6087875e-10  1.2130634e-09
   436 : -3.2216323e-19  5.9764528e-18 -7.0963999e-18
   437 :  1.1280201e-05  3.2501680e-07 -3.0300826e-05
   438 :  1.5367608e-06  5.9368615e-07  8.5266851e-06
   439 :  4.7639150e-04  2.5941130e-04  7.0185704e-04
   440 :  7.6528576e-22 -2.6253762e-21  7.9632478e-22
   441 : -1.8127109e-30 -6.7374974e-31  3.3211162e-30
   442 : -6.3905323e-05 -5.1780868e-05  1.1891953e-04
   443 : -5.1891476e-12  2.3845199e-12 -5.4769251e-12
   444 : -1.0438799e-05 -2.2685379e-05  7.4849827e-07
   445 :  2.2349947e-13 -7.0038458e-14 -2.4039841e-14
   446 :  5.5504552e-02  8.5104055e-02  6.0722382e-02
   447 : -2.9819753e-14  2.6292115e-14 -4.1494005e-14
   448 :  3.5219209e-09 -7.3310618e-08  1.7586794e-08
   449 :  9.5188187e-28 -5.3486550e-28 -1.4742911e-27
   450 : -2.1971817e-30 -1.5275655e-30  6.2360122e-30
   451 :  1.2314085e-01  7.0870166e-02  4.9524889e-02
   452 : -9.3428220e-02 -1.1620738e-02 -8.2652811e-03
   453 :  8.5748616e-02  1.1680586e-01  7.9661895e-02
   454 : -2.3598821e-02 -3.7155096e-02  1.1832648e-02
   455 :  3.5880798e-16 -6.0847261e-16  7.3041618e-16
   456 :  5.2521675e-08 -2.3464178e-08  1.4909781e-08
   457 :  5.4470413e-31  8.8824411e-31 -1.8960291e-30
   458 : -2.7251574e-14 -3.0622297e-14  1.3092140e-13
   459 : -7.0772146e-09 -4.4330704e-09  2.0722892e-08
   460 :  7.2187796e-09 -8.8365265e-08  7.1348619e-08
   461 :  2.8444159e-14 -3.1692515e-14 -4.4840775e-14
   462 : -7.5269635e-12  1.8397878e-11 -6.2667176e-12
   463 :  2.9516189e-21  8.1078836e-22 -5.6356051e-21
   464 :  1.6591285e-06 -2.8373184e-05  1.6777796e-05
   465 :  1.0426857e-08 -5.4863072e-09  6.5711412e-09
   466 :  2.2610533e-04  9.6817355e-04  8.6549354e-05
   467 : -2.0603484e-23 -3.1382213e-24  2.6993791e-23
   468 :  4.6511289e-20  7.7900232e-20 -4.4714297e-20
   469 :  4.0029894e-31 -4.7751336e-31 -4.1237797e-31
   470 : -8.3718569e-30 -1.7952094e-30  4.6923978e-30
   471 :  3.9210013e-18  5.2290743e-18 -8.9736974e-18
   472 :  1.3052259e-22  3.1361805e-21 -3.8862029e-21
   473 : -8.0091545e-07  5.4835601e-07  1.8300959e-06
   474 :  3.9752880e-26  4.9956139e-25 -6.6413461e-25
   475 : -2.9961724e-17  4.8975281e-17 -1.2265351e-16
   476 :  8.8405578e-17 -5.9054826e-17 -1.2694921e-17
   477 : -1.1343712e-32  1.2253085e-32 -1.7729157e-32
   478 : -2.7965487e-08  5.1411500e-08  3.0456173e-08
   479 : -1.1490292e-33  4.6868782e-33 -2.4024479e-33
   480 : -1.0005875e-02 -8.4022911e-03  4.5463905e-02
   481 : -3.6275495e-17 -9.6004825e-16  3.2346055e-15
   482 :  1.7378455e-24 -8.7891159e-24  3.3849623e-24
   483 : -3.3426316e-03 -5.5341134e-03 -2.8219855e-03
   484 :  4.8000925e-09 -7.8332398e-09 -9.3984220e-10
   485 :  4.9366539e-09 -1.0521956e-09 -8.3523093e-09
   486 : -1.0620531e-01 -6.4237447e-02  1.7294642e-03
   487 : -1.0346405e-07 -5.6413644e-08  1.7475144e-07
   488 :  6.1506232e-02  1.7204311e-02  3.7117666e-04
   489 :  4.7666439e-26  4.0342387e-26 -1.4000090e-25
   490 :  3.8220455e-22  1.2272795e-22 -2.3418184e-22
   491 :  4.3936736e-23  9.7636846e-23 -6.7303622e-23
   492 :  2.3509081e-07 -1.3835948e-08 -8.3405632e-07
   493 :  3.0540761e-05  2.4289113e-04  1.9362071e-04
   494 :  3.4324757e-03 -2.6505088e-03 -2.1382866e-03
   495 :  2.8030354e-11  1.6793282e-10 -1.2695798e-10
   496 :  3.7247494e-20 -1.4519760e-19  6.9688628e-20
   497 :  1.9494290e-30  2.7819809e-29 -1.3063374e-29
   498 : -2.1300321e-27  2.3654116e-27 -3.2942240e-27
   499 : -1.0086241e-02  2.8015524e-02  1.3149030e-02
   500 : -3.6872003e-32  5.7764075e-31 -4.5135494e-31
   501 :  5.6401838e-34 -2.3122970e-32  1.7234137e-32
   502 :  1.7879614e-05 -4.6109835e-05  1.4331778e-05
   503 : -8.3681566e-06 -1.7842244e-05 -2.4611996e-06
   504 : -4.9531846e-09  1.2188553e-08 -4.5734048e-09
   505 :  2.4865867e-02 -1.4821453e-02 -9.0650127e-03
   506 :  2.4685230e-21 -6.6538565e-21  1.0770599e-21
   507 : -1.5554847e-19 -1.1535569e-19  3.6116047e-19
   508 : -1.3058829e-19  3.9031135e-19 -1.2129489e-19
   509 : -3.5612809e-07  1.4087419e-07 -1.4705726e-07
   510 : -4.0597482e-20  1.1082152e-19 -2.2838395e-19
   511 :  1.3857790e-14 -5.2952001e-15 -2.5794511e-14
   512 : -4.7502909e-16  2.5095824e-14 -1.0087163e-14
   513 :  2.2377894e-10  2.2036205e-10 -7.2518897e-10
   514 :  1.0333035e-09 -3.4078014e-09 -1.0969206e-09
   515 :  1.9629972e-04 -1.7856461e-04  4.8735198e-04
   516 : -1.6348379e-20 -3.6231016e-20  2.5459631e-20
   517 :  3.7482494e-04 -2.8086791e-05  1.6881888e-04
   518 : -4.7322730e-11 -3.5400113e-10  7.4166290e-10
   519 : -1.7471661e-14 -4.6406483e-14  8.3012277e-14
   520 :  8.1003362e-11  2.7514029e-11 -1.5694809e-10
   521 : -4.1125189e-05 -1.5230584e-06 -7.2877733e-06
   522 :  8.3465818e-02  3.0682046e-02  3.0264524e-02
   523 : -1.2297931e-03  5.5358304e-04 -1.4263938e-04
   524 : -1.0707529e-10  2.1736403e-10 -4.2026939e-11
   525 : -2.9651266e-09  2.3333703e-09 -6.4711365e-09
   526 : -1.5059279e-15 -2.6692558e-15  5.6229083e-15
   527 : -1.3707359e-26 -1.0147550e-24  1.3998753e-24
   528 :  2.5823725e-01 -9.4359771e-02  9.2963109e-02
   529 : -1.6460800e-07 -1.4212123e-07 -2.6944782e-07
   530 :  4.5931531e-03 -1.3285781e-02 -2.8088441e-03
   531 : -1.9380768e-07  3.6837933e-06 -1.4873380e-06
   532 :  1.2220123e-15 -2.7066849e-14  2.2732474e-14
   533 :  9.7306560e-35 -7.7573939e-35  6.6639943e-35
   534 : -1.1136028e-35 -8.2104470e-35  1.9730072e-34
   535 :  6.8570237e-24 -5.5853635e-24 -7.5635475e-24
   536 :  5.3173016e-04 -3.7334883e-05  4.0658138e-04
   537 : -1.7774589e-06  1.3258827e-07  2.6684309e-06
   538 :  5.6719207e-08 -2.3578599e-08  2.8221294e-08
   539 : -1.9477655e-24  6.7465172e-24 -2.2657103e-24
   540 : -1.2807388e-21  2.4864093e-22  2.0440239e-21
   541 :  2.4757523e-20 -1.3690100e-20 -3.8773095e-20
   542 :  5.8161532e-12 -5.4083682e-11  4.4278545e-11
   543 : -9.4256270e-26 -1.1607371e-25  9.9838835e-26
   544 :  3.8438720e-10 -7.4067163e-10 -1.4865984e-10
   545 : -3.3535241e-18  1.0233848e-18  6.5660404e-18
   546 :  1.2751613e-02  2.6505941e-02 -9.6390198e-03
   547 :  7.8664327e-24 -1.8836396e-23  2.6610926e-24
   548 : -2.9377743e-05 -2.8594279e-04  1.0128528e-03
   549 : -6.2183640e-20  3.7685041e-20 -3.7834814e-20
   550 :  1.1275674e-07 -8.3015469e-07  1.8890115e-07
   551 :  1.1336750e-03  5.2774729e-04 -2.8035431e-03
   552 : -1.6127729e-05 -3.6020922e-05 -4.0371304e-06
   553 :  4.3720083e-06 -1.2115895e-06 -5.8889458e-07
   554 : -3.0034714e-19  1.0637479e-18 -3.5935083e-19
   555 :  2.7935032e-11 -1.0421460e-10 -1.4518147e-11
   556 : -1.5093682e-20 -4.2548613e-21  9.1461769e-21
   557 : -1.3388161e-01 -6.0829269e-02 -7.5641428e-02
   558 : -8.6488241e-07  2.1610575e-06 -4.3091283e-08
   559 : -9.9528535e-06  1.5315274e-04 -6.9129366e-05
   560 : -7.3448364e-07 -4.5721155e-07  2.9777129e-07
   561 :  7.4806156e-02  3.2486687e-02  1.2151358e-01
   562 :  8.7362918e-16 -4.2948140e-15  1.5714071e-15
   563 :  1.2234236e-30  1.9009037e-30 -5.6507322e-30
   564 : -3.4284879e-03  6.5373883e-04 -8.9415228e-04
   565 : -8.6318143e-03 -1.0659377e-03 -7.2156025e-03
   566 : -6.8079474e-22  2.0934150e-22  1.0293089e-21
   567 : -2.6723478e-13 -5.1159631e-14  3.1505909e-13
   568 :  1.5996902e-04  6.0035649e-05 -3.8989920e-04
   569 : -2.6770127e-04  4.5368631e-04  3.8163227e-04
   570 : -2.0458096e-18  3.7739703e-18  1.1559283e-18
   571 :  1.0439209e-11  7.1805191e-12 -6.7408617e-12
   572 :  1.6330485e-32 -1.9373096e-31  8.5661512e-32
   573 :  6.8271242e-08  9.7988040e-08 -2.8230470e-07
   574 : -5.0897575e-07  3.1443776e-07 -7.1240658e-07
   575 : -4.4156236e-02 -3.4072071e-02  2.9129216e-02
   576 : -2.5867788e-09  1.0592443e-10  7.4189148e-09
   577 : -6.8424383e-02 -6.8520067e-02 -5.6527791e-03
   578 : -1.2911799e-34  2.0633322e-34  2.2725928e-36
   579 :  6.7670985e-02  1.0516636e-01  1.6778525e-02
   580 : -3.4979557e-03  2.2912191e-02  9.4151995e-02
   581 : -1.4339697e-18  1.3207479e-18  2.5770102e-18
   582 :  3.4140925e-33  2.7280921e-33 -2.9098063e-33
   583 : -1.0187473e-17  3.7811230e-17 -1.6942538e-17
   584 : -7.8090188e-27  1.4146452e-26  1.7981497e-27
   585 :  1.5451492e-03  8.6744747e-04 -3.3551517e-04
   586 :  2.2483184e-23 -7.7649665e-23  2.3376459e-23
   587 :  6.6230037e-16  5.4580432e-17 -1.4965256e-15
   588 : -1.4366530e-21  5.0166658e-22  3.8533383e-22
   589 : -5.2617023e-05  2.9875830e-05 -1.2268461e-05
   590 : -4.5881710e-05 -6.2780879e-05  3.4728650e-05
   591 :  6.2070300e-30 -9.4025942e-30 -3.2380555e-30
   592 :  5.1318962e-20  6.6052677e-20 -1.9310824e-19
   593 : -6.0678677e-15 -1.2571705e-14  3.2728251e-14
   594 : -2.0983337e-16  8.3897596e-17  8.6028039e-17
   595 : -2.9911668e-08  9.5007698e-09  1.3744108e-08
   596 : -1.2309726e-08  4.6924324e-08 -6.3618705e-09
   597 : -9.0931692e-13 -7.9962384e-13  2.6097310e-12
   598 :  1.2740633e-15  2.9324627e-15 -1.9451446e-15
   599 :  1.1887940e-01  4.5215446e-02  1.1083778e-01
   600 :  1.4577479e-09 -1.3086944e-09 -2.6791624e-09
   601 :  1.1228762e-01  1.3022464e-02  4.7414124e-02
   602 :  3.2620634e-23  5.4930955e-24 -2.0565360e-23
   603 :  4.9587696e-26  2.0844214e-25 -2.6719022e-25
   604 :  5.9546219e-18 -7.8964950e-18  1.0122194e-17
   605 :  6.4143582e-14 -2.3727550e-13  7.3373169e-14
   606 : -2.0545363e-02  1.5301175e-02  3.5400831e-02
   607 :  7.4958994e-10 -1.1074008e-09 -8.3630873e-10
   608 :  3.3713867e-21 -4.3491570e-20  1.7155500e-20
   609 :  4.7073780e-18 -4.4372912e-17  1.9552962e-17
   610 :  1.7050815e-25  5.1051330e-25 -1.2483639e-24
   611 :  1.1335100e-01  4.3266307e-02  1.1496739e-02
   612 :  3.4260525e-10 -9.6967500e-10  4.7967726e-10
   613 : -1.9495316e-13  3.5190249e-13  4.0758918e-13
   614 : -1.1058647e-04  5.6133215e-05  1.7117877e-04
   615 :  9.4091350e-12 -1.1483704e-11 -1.1117317e-11
   616 : -4.0910189e-27  6.3360745e-27  2.1581694e-27
   617 : -4.4656603e-14  3.8506282e-13 -1.8563740e-14
   618 :  4.5431463e-16  3.3984638e-16 -3.8097887e-16
   619 : -4.0334618e-21  5.2807257e-21  3.0369691e-21
   620 :  2.8505953e-14 -4.1888676e-14  7.8564234e-14
   621 : -1.2742694e-10  1.7103608e-10  2.1653063e-10
   622 : -1.3263041e-03 -8.1057081e-03 -2.1143529e-03
   623 :  4.8365868e-06 -1.8461681e-06  6.9157499e-07
   624 : -6.0797233e-12  3.8700245e-11 -1.6819032e-11
   625 :  3.4784915e-12 -1.2861750e-11  4.4510223e-12
   626 : -9.8479223e-35  3.9916250e-34 -1.5717149e-34
   627 : -6.5695684e-23  2.4162727e-22 -1.0985392e-22
   628 : -2.1940293e-16  3.4552562e-16 -5.4385793e-17
   629 :  4.2002949e-07  6.9767493e-07  1.5495342e-06
   630 :  4.5869436e-04 -2.6114219e-05  1.1411688e-03
   631 : -1.1235939e-13  5.0864519e-13 -5.9401651e-14
   632 :  3.6883833e-26 -7.2804359e-26 -4.2947738e-27
   633 :  4.5251916e-06 -1.0193617e-08 -1.3267563e-06
   634 : -4.6516760e-10 -4.9627584e-10 -2.9781302e-09
   635 : -4.6321991e-05  9.6564676e-06  1.3243470e-05
   636 :  2.2517277e-05 -4.8418799e-06 -2.6898901e-05
   637 : -9.4140037e-04  7.2660179e-04 -6.7175886e-05
   638 : -1.0732847e-02  7.9354377e-03  1.1041384e-02
   639 : -1.2799765e-05 -8.9641071e-05 -1.9345421e-05
   640 : -3.5812796e-02 -3.8500684e-02  1.2225506e-03
   641 :  8.0898374e-21 -1.9160427e-20  1.6652646e-21
   642 : -5.4638642e-07  5.0034527e-07  7.1797701e-07
   643 : -1.3004813e-05  4.2269663e-06 -9.2959947e-06
   644 : -5.0199959e-06  9.7734261e-06 -1.0490327e-05
   645 : -1.9998953e-09  6.0328167e-09 -4.3450713e-10
   646 :  8.9968960e-11  2.0921773e-10 -3.9610863e-10
   647 :  1.5125646e-01  1.2165350e-01  2.7469127e-02
   648 :  2.5521090e-10 -5.6268775e-10  1.8955169e-10
   649 :  1.2224403e-05  8.7959254e-05  1.8533093e-04
   650 :  8.3578618e-12  7.7402046e-12 -2.4299978e-11
   651 : -1.7218914e-02  1.1002236e-02  1.0790395e-01
   652 :  3.0179670e-10  1.8327328e-11  4.3930365e-11
   653 :  3.4322063e-03 -3.3304060e-04 -9.0965733e-03
   654 : -4.3668524e-17  2.5244093e-18  2.9750731e-17
   655 :  1.3578035e-10 -6.2348949e-13 -8.0119279e-11
   656 :  6.5506129e-02  1.2064349e-01 -3.2155095e-02
   657 : -2.7414672e-04  6.4174033e-04 -9.4327197e-05
   658 : -9.9254548e-10  1.0543532e-09 -1.7403782e-09
   659 :  6.8340180e-08 -1.1254419e-07  1.8691800e-08
   660 : -3.8329479e-03 -1.1222984e-03 -2.5857612e-03
   661 :  1.1734981e-01  8.8372727e-02 -5.8474103e-02
   662 : -1.1890258e-16  9.4247662e-18  1.6642373e-16
   663 :  1.3377619e-04 -1.5137554e-04  6.0994925e-04
   664 : -1.0059389e-02 -5.3701486e-03  7.6940443e-03
   665 : -6.1777717e-03  2.6198148e-04 -1.4721394e-04
   666 : -5.9734491e-28  7.2225858e-28  5.0556891e-28
   667 :  1.9723405e-18 -6.2789085e-19 -5.7437966e-19
   668 : -3.4008506e-06 -5.5861545e-06 -1.6493640e-05
   669 :  9.0368145e-35  1.4729031e-33 -1.6445796e-33
   670 :  5.7966588e-04  3.3255056e-04 -2.4079017e-04
   671 : -3.7993901e-02 -3.3729218e-02 -8.8644111e-02
   672 : -9.0778970e-04  1.2613418e-04  3.4208407e-05
   673 :  6.4382487e-15 -6.0977036e-15 -1.2735563e-14
   674 : -8.1615163e-12  4.2327835e-12  1.3438554e-11
   675 :  9.3384418e-14  4.8445562e-14 -2.8366146e-13
   676 : -7.6233637e-11  4.4760788e-09 -4.4935837e-09
   677 :  1.0567446e-10  2.4331944e-11  2.5131426e-10
   678 :  1.3970780e-05  1.1388033e-05  2.8778302e-04
   679 :  9.7177676e-08 -3.4518794e-07 -1.0406087e-07
   680 :  1.7253405e-07 -3.6818142e-07 -3.4910906e-07
   681 : -6.7119480e-20 -1.3322553e-19  4.2554885e-19
   682 :  8.3117437e-20  3.2786966e-20 -1.8935198e-19
   683 :  7.6824369e-18 -2.5614151e-17  3.8178794e-18
   684 : -6.2831298e-23  8.0728724e-23 -7.6033503e-23
   685 : -1.2507186e-08  4.0051214e-08  1.0358790e-08
   686 :  4.2794827e-13 -4.7463301e-13  1.7306623e-13
   687 : -5.7773037e-22 -9.9640025e-22  2.7847809e-21
   688 :  7.0969664e-14 -9.2452064e-14 -1.1218205e-13
   689 :  2.4577377e-02  9.4571068e-03 -1.4296046e-02
   690 :  3.0537244e-09  8.0316519e-11 -7.5861855e-10
   691 :  2.6722182e-09 -7.8101739e-10  8.9612567e-09
   692 : -6.6669129e-10  6.8072553e-10 -3.8899648e-10
   693 : -1.1599318e-33  1.5927862e-33  9.9568741e-34
   694 : -1.4846621e-22  2.2229352e-22  1.1303311e-22
   695 : -9.6515392e-03  2.5789115e-02  1.3333016e-03
   696 :  1.1794927e-05 -6.9176875e-06 -2.7764336e-05
   697 :  9.3978212e-10  5.7484257e-11 -1.7416693e-09
   698 : -7.6642863e-03  1.0350762e-03 -6.0884306e-03
   699 : -7.5886696e-16  3.0802601e-15 -6.2797322e-15
   700 : -1.9194851e-28 -3.0685250e-28  8.2284077e-28
   701 :  1.4475700e-26 -4.9708140e-26  1.7368802e-26
   702 : -3.4954230e-18  9.0502713e-18 -8.0849254e-19
   703 : -1.2866640e-01 -1.0078447e-01 -6.5424338e-02
   704 :  9.2922211e-11 -1.4537191e-10  3.1769773e-10
   705 :  2.8392528e-22 -7.9550872e-21  3.6756667e-21
   706 : -2.3332156e-02  1.4258746e-01 -1.3928574e-01
   707 :  1.4969469e-06  3.2580561e-06  2.9271209e-06
   708 :  1.8958884e-08 -8.3159341e-07 -1.1520733e-07
   709 : -2.0695250e-12  2.4494636e-12 -2.8080095e-12
   710 :  4.9601751e-16  9.3774084e-16 -5.0368150e-15
   711 :  2.4994610e-11 -1.2456059e-11 -7.1533420e-12
   712 :  1.9994830e-05  1.0573506e-04 -4.6807847e-05
   713 :  2.1400527e-10  4.4223771e-10 -8.1055952e-10
   714 :  5.5843524e-03 -1.1973339e-02  5.0432515e-02
   715 :  1.5455302e-08 -4.4189525e-09 -4.8945777e-09
   716 :  1.2733715e-23 -1.1107189e-22  2.2900439e-22
   717 : -1.4648818e-06  5.4129909e-06  2.7817043e-07
   718 : -4.8322959e-11 -5.6406309e-11  1.9413871e-10
   719 :  5.2891749e-06  1.0680963e-06  1.6731742e-06
   720 : -3.1577552e-02 -3.8192180e-02 -8.2955040e-02
   721 : -2.6875847e-03 -2.6239655e-03 -1.3056206e-03
   722 :  6.5073298e-21 -4.2471660e-20  1.4661769e-20
   723 : -2.9653008e-20  1.7235634e-19 -1.0549231e-19
   724 : -1.9921285e-19  4.0001319e-19 -8.9257460e-20
   725 : -1.2090389e-04  2.0898065e-04  4.9137389e-04
   726 :  1.3233534e-13  2.1191741e-14 -6.3447257e-14
   727 :  5.2854317e-04 -1.8287566e-04  5.2940368e-04
   728 : -2.1662141e-06  4.8619091e-06  5.8267326e-06
   729 : -6.6031543e-09  6.4663024e-08 -3.1291600e-09
   730 : -8.3311471e-10  6.3860043e-10 -8.4666994e-10
   731 :  1.5849800e-19 -1.5313321e-19  4.3783119e-22
   732 : -3.9292680e-17  1.3900834e-18 -3.3505501e-18
   733 : -9.1023221e-10 -1.5245600e-09  7.3264794e-10
   734 :  1.9523723e-01  1.5216860e-01  2.7694455e-01
   735 : -5.3594271e-10 -7.6057998e-10  1.9832513e-10
   736 :  1.1336164e-01  1.3933472e-02  1.0852372e-02
   737 :  1.0514348e-13  1.9499156e-14  2.6117962e-13
   738 : -2.8807679e-06 -1.4044550e-05 -3.4124998e-06
   739 : -4.2241470e-02 -2.4714057e-02  6.0912010e-02
   740 : -6.6262106e-09  2.2583496e-08 -6.3155291e-09
   741 : -1.1857155e-03 -3.4557674e-03  3.4388288e-04
   742 : -3.0370291e-12  1.1198858e-10 -6.6311110e-11
   743 : -6.7627826e-09 -5.8454748e-09  2.2973954e-08
   744 : -2.0325210e-01 -1.2131755e-01  3.2501643e-02
   745 :  1.8252562e-20 -3.3729883e-20 -1.4229312e-20
   746 :  5.7910018e-17  4.6579291e-17 -2.0266319e-16
   747 :  4.8977864e-13 -1.4295920e-12  2.6595273e-12
   748 : -2.1425169e-09 -2.7081077e-09  9.4065536e-09
   749 : -9.3154731e-08  6.0445245e-06  8.3444186e-06
   750 :  4.2326582e-22  3.4846305e-21 -5.9351440e-21
   751 :  8.2691299e-02  1.3171405e-02  5.8022211e-03
   752 :  3.8012758e-10 -2.9220902e-10 -5.2282530e-10
   753 : -1.0072224e-06  7.5431534e-06 -8.9247324e-07
   754 : -1.1323039e-17 -3.4157925e-18  2.7591509e-17
   755 : -6.4181333e-02 -2.8918467e-03 -1.1106073e-01
   756 :  2.0907576e-12 -2.6295464e-12 -1.8798403e-12
   757 : -8.1893464e-33  2.1747484e-33  2.6834118e-33
   758 :  1.6136447e-01  1.3865251e-01 -6.6499925e-02
   759 : -1.1402591e-09  9.6453913e-10 -1.0951658e-09
   760 :  7.6220313e-15 -2.4432228e-14  6.5595714e-15
   761 :  4.0084448e-10 -6.1080169e-09  1.6574905e-09
   762 :  1.0992853e-01 -3.1832728e-02 -3.0447921e-04
   763 : -2.5350334e-24  7.1834240e-24 -2.2667877e-24
   764 : -1.9883556e-25 -8.4872857e-25  5.0909048e-25
   765 :  5.6599660e-02  8.3650210e-02  2.8542826e-02
   766 : -2.5111415e-12  3.8395633e-12 -3.9279161e-12
   767 : -1.5084872e-02 -2.0555189e-02  4.5682587e-02
   768 :  1.8209874e-22  2.8099218e-22 -5.7788560e-22
   769 : -5.9729489e-02 -3.5880767e-03 -2.4187744e-03
   770 :  1.2463439e-08 -8.6727618e-09 -6.4284964e-09
   771 : -3.9395978e-06 -1.5699051e-05 -1.0480772e-05
   772 :  8.8363550e-04  1.7202055e-04  2.9903302e-04
   773 : -4.0953539e-11  8.1029073e-11  1.1005818e-11
   774 : -2.3927776e-01 -6.6900670e-04  1.1473177e-02
   775 :  2.9837108e-01  8.3210331e-02  7.4549876e-02
   776 :  3.3348792e-11 -2.8220834e-10  2.1791367e-10
   777 :  6.9721895e-10 -3.7591955e-09 -4.7148101e-09
   778 : -5.4807284e-09  1.9042187e-08 -4.3708252e-09
   779 : -1.5669161e-18  3.0083448e-18 -6.9548490e-19
   780 : -3.4160585e-03 -2.8032625e-03 -6.7485678e-03
   781 : -1.4966228e-20  1.2939097e-20 -1.5896279e-20
   782 :  3.0885121e-33  6.0503987e-34 -3.3848680e-33
   783 : -4.0515191e-10 -9.3686704e-10  3.5326650e-09
   784 :  5.9170369e-11  1.9771684e-11  7.1472209e-11
   785 :  2.6607549e-20 -6.4604565e-20  8.5672710e-21
   786 : -2.3205179e-01  8.3509034e-02 -3.0436451e-01
   787 : -1.1548357e-02  3.5514661e-02  8.8115209e-02
   788 : -9.2953045e-21  4.4215866e-21  1.3648538e-21
   789 : -1.2549609e-19  1.8927512e-19 -7.0947220e-20
   790 :  1.5785257e-07 -1.7392088e-08 -4.3443735e-07
   791 :  2.5911061e-06 -5.8940492e-07 -4.6653691e-07
   792 :  5.1959625e-04  7.6033305e-05  3.1802422e-04
   793 :  6.6804515e-04 -1.7225292e-04  8.6020663e-05
   794 : -1.4202268e-08  9.2880905e-09  3.6447286e-08
   795 : -2.5872797e-04 -3.6688830e-04  1.0752989e-03
   796 : -8.8471846e-05 -2.3572562e-05 -3.5007224e-05
   797 : -4.9268033e-22  1.3938084e-21 -2.5490852e-21
   798 : -1.0654810e-06 -1.0845325e-06  2.4128893e-07
   799 :  1.4916567e-13  8.4346050e-12 -7.7147311e-12
   800 : -5.5070640e-03  5.9436095e-02  5.3609956e-03
   801 : -1.2213200e-19 -1.8436836e-19  4.0921914e-19
   802 :  1.2116052e-10 -7.8747024e-10 -3.4040356e-10
   803 : -5.7359015e-15 -4.5699789e-15  3.7200703e-15
   804 :  6.3964252e-02  1.7046850e-02 -4.8222391e-03
   805 :  9.9016259e-10 -4.1791482e-09  5.0303085e-10
   806 : -2.0316841e-18  7.1915095e-19 -9.5682389e-19
   807 : -3.9923419e-22 -5.3505409e-22  4.3481351e-22
   808 : -1.8014186e-01  5.0484118e-03  6.8746342e-03
   809 :  4.9512646e-16  2.1410522e-14 -7.6174013e-14
   810 : -6.4865549e-21 -1.4787262e-20  4.2129997e-20
   811 :  4.7702746e-34 -7.5794615e-34  9.2683672e-34
   812 : -1.4878664e-11 -1.3397372e-11  3.6147879e-11
   813 :  9.5983230e-10 -2.1734806e-09  3.8879773e-10
   814 :  3.7016482e-30  1.0962153e-31 -3.9240564e-30
   815 :  4.5732080e-34  3.4254079e-34  2.0286866e-34
   816 : -4.2216649e-28  1.0481975e-28  1.5550643e-28
   817 : -3.8565572e-30 -3.9498832e-30  1.1783444e-29
   818 :  8.8249030e-32 -4.6032251e-31  2.7650741e-31
   819 : -3.9559685e-11  1.2963605e-10 -2.2097671e-10
   820 : -4.5359088e-31  1.2558658e-30 -2.5870027e-31
   821 :  2.0442256e-04  4.2961090e-04 -3.1618944e-04
   822 : -2.9223909e-08  1.2102325e-07 -5.9209712e-08
   823 :  3.2942830e-15 -8.3111444e-15  1.2012674e-15
   824 : -4.1591197e-16 -2.6645496e-16  1.6161959e-15
   825 :  1.6021937e-25 -3.2096207e-25  2.9933372e-26
   826 : -1.8833960e-05  1.6955216e-05  1.6599374e-05
   827 : -2.9580908e-18 -2.9672911e-18  2.9377615e-18
   828 : -3.3983671e-13  1.0382300e-12 -2.9028092e-13
   829 : -2.0977847e-07 -1.9085418e-07  1.6448022e-07
   830 :  2.8376914e-01  1.3678161e-01  3.5755606e-01
   831 :  1.9741251e-01  3.6349956e-01  1.7257470e-01
   832 : -5.4343320e-11  8.5383111e-11  5.2923673e-11
   833 :  1.8259457e-01  7.3182532e-02  1.8701671e-01
   834 :  2.0522097e-28 -1.8218493e-28  1.7106269e-28
   835 : -5.3462531e-33  2.9560407e-32 -5.7074278e-32
   836 : -2.6323696e-09  1.0102005e-08 -3.6530533e-09
   837 :  1.0161293e-18 -1.9760820e-19 -3.6072360e-19
   838 : -1.0643100e-06 -8.1558645e-07  2.5439941e-06
   839 : -3.0771521e-14  4.9035584e-15  5.7561157e-14
   840 : -1.7280903e-17 -7.4761476e-18  3.4558485e-17
   841 :  5.0022551e-16 -1.7506631e-16 -1.4796400e-16
   842 : -1.4094172e-12 -2.8205971e-12  1.8064318e-12
   843 : -6.4647836e-17  2.5709022e-17  1.1287774e-16
   844 : -1.2242369e-11 -3.3607125e-11  8.9577813e-11
   845 :  2.4581292e-23 -3.4541020e-23  5.1723864e-23
   846 : -2.0676644e-08  2.9920044e-08 -5.7028875e-09
   847 :  7.5823985e-13  7.0519828e-13 -2.1461500e-12
   848 :  2.2092694e-36 -7.4329163e-37 -7.3665432e-37
   849 : -2.8267410e-16  1.1681856e-14 -1.0015156e-15
   850 :  2.5694545e-13 -2.9200415e-13  6.3648646e-13
   851 :  3.1280965e-15  5.8077241e-15 -1.3173435e-14
   852 : -8.6637246e-27  4.4166808e-26 -1.7936964e-26
   853 :  4.9248819e-06  7.9331199e-06 -1.8077093e-05
   854 : -5.3149306e-37 -2.3515643e-36  5.4193146e-36
   855 :  2.9077910e-05  3.1721004e-06 -9.3778803e-05
   856 :  9.8533668e-07 -5.7638490e-07 -3.5270809e-07
   857 :  2.1314130e-04 -2.8117439e-04  5.5779076e-04
   858 : -3.8714779e-07  8.7550517e-08  1.3126910e-07
   859 : -1.6185980e-25  2.9254664e-25  7.4288240e-26
   860 :  3.2285744e-08  4.6169866e-08 -3.1143527e-08
   861 :  3.7971275e-08 -2.4222102e-08  3.1008892e-08
   862 :  1.3684818e-08 -4.8510468e-09 -5.2776214e-09
   863 :  3.4166697e-06  4.8829261e-06 -5.5791764e-06
   864 : -4.6636465e-05  1.2719381e-05 -7.5366490e-05
   865 : -6.5683057e-03  3.5280692e-03 -4.4695322e-03
   866 : -1.4988688e-01 -9.3654565e-02 -1.4401578e-01
   867 : -4.1835481e-03 -1.3821650e-02 -2.9191461e-03
   868 : -4.1859451e-11  5.6209320e-11  2.7991329e-11
   869 :  1.3244385e-12  1.2546132e-10 -3.2914276e-11
   870 :  5.7547389e-13 -2.5369424e-11  9.0306300e-12
   871 :  1.9630414e-05  8.6943923e-06 -7.3855607e-05
   872 : -7.5086560e-05 -6.0059510e-06  1.5918270e-05
   873 :  8.5053820e-02 -1.7780308e-02 -3.3938292e-02
   874 : -2.2940661e-02  7.4415326e-04  8.9185032e-02
   875 :  1.5627294e-15 -3.3836984e-16 -4.2298665e-16
   876 : -3.9628290e-15  7.4890126e-17  9.3706129e-15
   877 : -1.8931384e-30  2.6772264e-30 -3.4939274e-30
   878 : -5.0692970e-28  1.1507821e-27 -2.4588824e-28
   879 : -8.3538827e-18  1.4521592e-17 -2.1328698e-17
   880 : -6.1702427e-16  6.7134779e-16 -1.3285016e-17
   881 :  8.2920095e-30 -2.5517042e-30 -3.1392509e-30
   882 : -2.6133374e-28  1.4197488e-28  3.8867151e-28
   883 :  9.2853991e-18 -5.4087951e-18  2.0531624e-18
   884 :  2.6174525e-17 -1.8456853e-16  6.9714602e-17
   885 :  8.0918816e-08 -1.4587316e-07 -5.4633072e-08
   886 : -3.0295309e-08  1.4538375e-09  2.0070863e-08
   887 :  7.4878002e-08  5.9557392e-08 -7.6618860e-08
   888 : -2.4370888e-07 -5.3329611e-07  2.3117726e-07
   889 :  1.9099370e-02  5.6625943e-02 -8.7161839e-03
   890 : -4.3467810e-03 -8.7825829e-03  7.2160794e-03
   891 :  5.6578614e-16 -8.1796321e-16  1.1270450e-15
   892 :  1.9840893e-14 -5.6334771e-14  1.3637053e-14
   893 :  1.3974147e-08 -4.1363768e-09 -6.2177751e-09
   894 : -5.0476609e-08  4.6036399e-08  8.0417037e-08
   895 :  1.8023028e-02  2.7655763e-02 -5.0841907e-03
   896 : -9.8711978e-03 -1.4342971e-03  7.4970189e-03
   897 : -2.4070152e-17  2.7357315e-18  1.6444535e-17
   898 :  1.6534777e-16 -1.8685023e-16 -2.1993287e-16
   899 : -6.6657439e-03 -1.0051547e-04  7.4357660e-03
   900 :  2.8695544e-03 -3.9118899e-03 -4.1524464e-03
   901 :  9.5772071e-11  9.1038266e-11 -3.2758995e-10
   902 : -2.2831098e-09  7.2089367e-12  2.3466819e-09
   903 : -2.8215105e-05 -8.2199052e-05  2.6104164e-05
   904 :  7.7274071e-06  2.6969397e-06  4.2263668e-07
   905 : -3.3291958e-05 -6.7227706e-05  8.5373812e-06
   906 :  1.4678158e-03 -3.9956024e-03 -6.9963708e-04
   907 :  4.7469560e-04 -2.0951423e-04  6.4996956e-04
   908 :  2.6464576e-07 -3.4558200e-07  8.9654480e-07
   909 :  2.5676360e-06 -4.9987182e-07 -1.3638188e-06
   910 :  1.2900360e-06 -1.7304155e-05  5.3999396e-06
   911 :  5.0039617e-06 -4.2024775e-07  1.4412910e-06
