Number of elements 912
     0 : -1.8277777e-29  3.5117798e-30  3.3648647e-29
     1 : -7.7294808e-17  1.8504845e-16 -2.8017812e-17
     2 :  7.5688795e-01 -2.1215660e-02  5.0274396e-01
     3 :  9.0956472e-21  1.1991381e-21 -1.9809979e-20
     4 :  2.4404631e-01  2.8740051e-02  1.0261935e-01
     5 : -5.8210103e-03 -2.6462637e-03 -5.6027442e-04
     6 :  2.1524477e-43  5.1284715e-43 -9.4679138e-43
     7 :  1.0891074e-16 -4.2532524e-15  2.5228729e-15
     8 :  4.2135095e-14  2.7140106e-15 -2.1182166e-14
     9 :  2.0589447e-40 -1.4542870e-39  1.0164208e-39
    10 :  1.9063416e-14 -3.2617798e-15 -3.6684866e-14
    11 : -5.1832186e-44  1.0085737e-43  5.3255905e-45
    12 : -2.8186677e-02  3.2215460e-02 -5.2815412e-03
    13 :  1.7317770e-11  1.3695907e-11 -4.4116498e-11
    14 :  2.8843719e-23 -5.8499851e-23  1.0259289e-23
    15 :  3.1659577e-14  3.0734598e-13 -1.8887624e-13
    16 :  5.5550256e-46 -9.6973012e-46 -1.7043798e-46
    17 : -5.1228215e-33  1.0392729e-32  4.6465399e-34
    18 :  3.1723931e-13 -1.2112873e-12  3.7895264e-13
    19 :  6.1515155e-54 -7.7854703e-54 -5.0014991e-54
    20 :  1.9533467e-33 -4.1257227e-33  8.4637344e-34
    21 : -5.9259434e-11  3.3103615e-10 -1.5632617e-10
    22 : -2.4054315e-10 -1.9024855e-10  1.9354880e-10
    23 :  8.1317301e-50 -6.4729391e-50  5.2814003e-50
    24 :  2.3597637e-16 -1.4719962e-16 -3.8925105e-16
    25 : -2.5601031e-52 -2.1421591e-52  2.2541055e-52
    26 :  1.2075829e-15  3.9388970e-15 -2.3626026e-15
    27 : -9.2607437e-11  2.5004566e-10 -8.0594270e-12
    28 : -1.0184341e-10  3.3740091e-10 -1.1392507e-10
    29 : -7.5656194e-19 -7.5449930e-18  9.2852616e-18
    30 :  3.7989909e-14 -3.7840218e-14 -4.0004228e-14
    31 :  1.0613914e-21 -5.9591004e-22 -1.5783356e-21
    32 :  1.7440493e-43  2.2284734e-43 -5.9777347e-43
    33 :  1.8281596e-08 -2.1220481e-09 -5.8032878e-08
    34 :  1.6260569e-54 -9.7603733e-55 -2.2878135e-54
    35 : -1.2077197e-21  3.2299417e-22  2.0318650e-21
    36 :  6.4029289e-02  1.1571230e-01  1.9674305e-01
    37 : -4.1407601e-07  7.7310939e-08  1.7070667e-07
    38 : -2.1736776e-12 -4.1180029e-11  3.6785144e-12
    39 :  3.2587210e-17  3.5044282e-17 -1.0601473e-16
    40 :  3.6959028e-19 -9.0231234e-19  1.9464789e-19
    41 : -3.3686664e-10  6.4732523e-10  6.8701765e-11
    42 : -8.2296165e-52  1.5739369e-51 -2.8889424e-52
    43 : -1.3858639e-30  3.0325628e-30 -2.6100025e-31
    44 : -7.3442701e-08 -4.0513706e-09  1.3742320e-07
    45 :  2.0460705e-24  2.0167143e-24 -6.2248009e-24
    46 : -1.1971548e-25  9.5243451e-26 -7.7108899e-26
    47 :  1.5763707e-42  7.6784498e-42 -1.7159090e-41
    48 :  3.2602647e-46  1.4566722e-44 -5.9228809e-45
    49 :  8.1176152e-13 -1.7595735e-12  4.1772432e-14
    50 :  7.0189714e-09 -1.4175156e-08  5.7900949e-09
    51 : -7.5734869e-03  2.2347736e-03  1.6044143e-03
    52 : -1.6545025e-13  5.0769135e-13 -1.0418585e-13
    53 :  4.2559778e-43 -3.1505190e-43  1.7065271e-43
    54 : -1.2814854e-09  3.1214420e-10  4.6248108e-10
    55 :  2.0344263e-10 -2.6182759e-10 -3.4279199e-11
    56 : -1.1788400e-02  7.4188520e-03 -6.1827843e-03
    57 : -3.9863992e-12 -1.0329398e-11  2.4964854e-11
    58 :  9.9701013e-08 -9.2124586e-06  7.2809725e-06
    59 : -4.0133551e-14 -1.4684786e-13  8.2570462e-14
    60 :  2.3716658e-10  9.4710804e-10 -1.2385392e-09
    61 :  3.9759460e-05 -3.3477061e-05  4.6125418e-06
    62 :  6.2829820e-16  1.5611855e-16 -3.7166364e-16
    63 :  1.4408777e-07  8.4204338e-08 -9.3519652e-08
    64 : -2.9028583e-15  2.3813904e-15  3.5623010e-15
    65 : -7.3006324e-19  9.0561688e-19 -1.3658991e-19
    66 : -1.8964766e-21  4.2545161e-21 -1.4867151e-22
    67 : -1.9208149e-45 -4.4096040e-47  3.9480437e-45
    68 :  1.1654375e-44 -2.1898209e-44 -1.6912548e-45
    69 : -1.9775611e-45  1.4160769e-45  2.5814037e-45
    70 : -3.6459739e-25 -1.0770759e-24  1.8265406e-24
    71 :  8.8832332e-08 -1.4471913e-07 -6.8829769e-08
    72 : -8.6801905e-48  3.5510311e-47 -1.7919722e-47
    73 : -1.6821777e-06  1.5742697e-06  2.5893106e-06
    74 :  1.3050426e-35  3.9362022e-35 -2.6011772e-35
    75 :  5.1788126e-35  2.9331778e-35 -3.9315778e-35
    76 :  6.6403500e-48 -1.0088271e-48 -2.6579022e-48
    77 : -3.1620681e-38  3.1011521e-37 -2.5086688e-37
    78 : -1.6381864e-40  3.8852562e-40 -3.9609804e-41
    79 :  6.6818287e-31 -6.6652606e-31  7.0784060e-31
    80 : -1.9122786e-62  8.8589161e-62 -3.9619449e-62
    81 :  2.5014822e-42  1.1703752e-41 -7.0838122e-42
    82 :  2.5299320e-01  6.0692562e-01  5.0187037e-01
    83 :  7.6693855e-56 -2.0179975e-54  1.8587498e-54
    84 :  1.3549966e-51 -4.2065038e-51  1.3062296e-51
    85 : -2.5774724e-02 -1.6113671e-03  4.8190958e-03
    86 : -1.7123333e-32 -1.5157969e-32  4.8107377e-32
    87 : -2.9055119e-30  4.7654509e-30  1.1369346e-30
    88 :  2.0253364e-20  1.5388970e-20 -1.7385162e-20
    89 :  6.0952234e-06  6.1908045e-07 -3.2712177e-06
    90 : -3.5503528e-49 -1.1414315e-48  7.4555122e-49
    91 :  1.3818339e-01 -2.9214081e-02  3.8863261e-02
    92 :  4.9610014e-25 -4.4699837e-25  2.2484332e-27
    93 : -1.4359016e-61 -4.0947916e-62  1.9206453e-61
    94 : -2.6008184e-28  5.4499433e-29  1.6334473e-28
    95 :  3.8485956e-45 -9.3306585e-46 -1.9755884e-45
    96 : -1.5518428e-21  3.4216764e-21 -5.1072309e-21
    97 : -9.3691913e-23  4.3230218e-23  1.4216890e-22
    98 :  5.7014192e-01  1.2174357e-01  1.7333447e-01
    99 : -3.0651306e-41 -1.7738558e-40  1.0432387e-40
   100 : -1.1447289e-43  8.9676397e-44  6.3516561e-44
   101 :  8.9070676e-20 -5.8208616e-20 -1.4579098e-20
   102 : -1.8526080e-12 -1.1864244e-11  6.5200329e-12
   103 :  2.5325246e-56 -2.5871459e-56 -2.5253450e-56
   104 : -1.0706863e-25  1.5383544e-26  4.3616668e-26
   105 : -1.7563948e-13  3.3378501e-14  1.0759155e-13
   106 :  1.2463949e-17 -1.6870887e-17 -1.1770056e-17
   107 : -2.8147370e-18 -1.5179395e-17 -9.8773070e-18
   108 :  1.2868191e-16  1.2920259e-16 -4.0004249e-16
   109 :  1.2856744e-12  3.3100236e-12 -9.7734638e-12
   110 : -2.0039676e-07  5.7697712e-07 -1.5362730e-07
   111 : -3.4554118e-16  1.1460774e-16  9.7179051e-17
   112 : -4.5921327e-40 -9.0711876e-40  1.9057403e-39
   113 : -3.0676208e-03  8.3701096e-04  5.7484286e-04
   114 : -5.0623302e-24  5.5412357e-24  3.5382260e-24
   115 :  8.0193970e-12  2.5829378e-11 -1.5527078e-11
   116 : -3.5858912e-07  1.8210488e-08  1.1200106e-07
   117 :  1.3154797e-01  1.9595080e-02 -2.5550781e-02
   118 :  3.5435761e-01  5.6185909e-01  4.7358807e-01
   119 : -3.9050789e-47 -9.9353617e-48  5.9816761e-47
   120 :  2.4864142e-23 -4.5710704e-23  6.8521050e-23
   121 : -4.7356742e-37 -3.7048417e-35  2.9382397e-35
   122 : -3.4532048e-11 -3.6316520e-11  2.4918939e-11
   123 : -8.4613512e-57  6.3696601e-56 -6.5267864e-56
   124 :  6.6645215e-42 -4.3957901e-42 -1.1069366e-42
   125 :  4.5036208e-59 -1.3777882e-58  4.7741662e-59
   126 :  1.6009805e-32 -2.4929973e-32 -8.6436242e-33
   127 : -1.0831552e-34  1.2425538e-34  9.7691062e-35
   128 : -2.9562570e-12 -1.7008991e-12  7.7368592e-12
   129 :  2.0010599e-29  2.4835685e-29 -7.0817163e-29
   130 :  2.4938114e-04  1.9003273e-04  8.1972747e-04
   131 :  6.5801164e-09 -1.9900613e-09 -2.2202254e-09
   132 :  8.5540023e-11 -3.2696416e-10  1.0848301e-10
   133 :  1.1065450e-06 -2.1997979e-06  3.5833748e-07
   134 :  9.3127593e-12 -2.9841872e-12 -4.1027778e-12
   135 :  4.6658439e-14  1.1768947e-13 -1.9025692e-13
   136 :  4.0688243e-18  1.5586019e-18 -2.9543067e-18
   137 :  8.5349790e-14  1.2833668e-15 -1.7882513e-13
   138 :  5.3259212e-16  2.0682791e-15 -2.2143789e-15
   139 :  1.1170300e-15 -2.1167840e-15  5.0585207e-16
   140 : -9.2984052e-38  1.2395682e-37 -1.5391456e-38
   141 : -8.9269562e-36  8.7221204e-36  9.5216081e-36
   142 : -1.2222514e-16 -9.9266224e-16  1.7413686e-15
   143 :  5.0223974e-48  1.3669870e-47 -2.8071464e-47
   144 :  6.4357253e-18  6.9172021e-18 -6.2823662e-18
   145 : -4.7193493e-22  5.4293113e-21 -2.3944849e-21
   146 :  1.7275010e-26 -2.5912685e-26 -9.5609795e-27
   147 :  3.3240395e-46 -1.8218568e-46 -6.7909848e-47
   148 :  1.0140429e-26 -1.4154715e-26 -6.2348254e-27
   149 :  2.4806347e-01 -3.7038551e-02  6.9612300e-02
   150 :  3.0601964e-22  3.8766231e-21 -4.4915304e-21
   151 :  4.2674080e-34  5.3156658e-34 -1.4014332e-33
   152 :  3.2585775e-29  1.4232187e-29 -2.2563723e-29
   153 :  1.8240547e-01  3.7371071e-01  6.1202591e-01
   154 : -5.4478062e-61  3.4449724e-61  7.4778776e-61
   155 :  4.7333961e-47 -3.5996719e-47 -6.5616044e-47
   156 :  2.0778060e-49 -2.5918355e-49  2.6102491e-50
   157 : -4.1271952e-24 -6.3480620e-24  1.4789311e-23
   158 :  6.0558559e-15 -9.8439067e-15  3.0330915e-15
   159 :  9.1191442e-20  3.2239141e-19 -2.0467489e-19
   160 : -1.0880726e-59  2.2416672e-60  4.3054014e-60
   161 :  2.6645426e-57  3.9212452e-56 -8.1373190e-56
   162 : -1.1674661e-02  2.8847304e-02 -1.7717913e-02
   163 :  3.3938806e-11 -1.6787510e-10  3.3618625e-10
   164 :  4.0436768e-32 -1.2360959e-32 -7.0491558e-32
   165 :  2.0959075e-18 -3.2061064e-17  2.7845589e-17
   166 :  1.4283552e-49  1.1332134e-51 -2.9067779e-49
   167 :  1.1375212e-14 -4.9276533e-15 -9.5546854e-16
   168 :  5.9797952e-10 -1.8114953e-09  4.9472231e-10
   169 :  5.3455312e-01  4.6906307e-01  7.7440085e-01
   170 :  2.3435345e-45 -2.4278419e-44  4.7265070e-44
   171 :  1.0551563e-44 -3.0698566e-44  5.1007834e-44
   172 : -3.5003901e-10 -2.6022150e-10  1.0041387e-09
   173 : -9.4925376e-12 -8.0990811e-12  2.7683622e-11
   174 :  1.4172544e-16 -3.0401525e-16  5.2791641e-18
   175 :  7.2692107e-26 -4.8459892e-26  3.9176079e-26
   176 :  7.0007082e-41 -6.1597327e-41 -8.1268804e-41
   177 : -4.0166221e-16  1.1583166e-15 -3.0596600e-16
   178 :  5.3146744e-01  7.2852988e-01  5.6041835e-01
   179 : -3.6196365e-15  8.2843100e-15 -3.3376445e-15
   180 : -7.0465680e-47  1.6633219e-47  1.2586979e-46
   181 :  5.5615237e-10  2.0276721e-10 -1.4572850e-09
   182 :  2.6032477e-28 -5.0868169e-29 -1.5719783e-28
   183 :  1.6731200e-07  3.3378779e-08 -2.4355075e-07
   184 :  1.0153615e-61  1.6935290e-60 -8.9178104e-61
   185 : -4.5180579e-34  2.1681354e-34  1.1519269e-34
   186 : -2.1190621e-23 -2.6881710e-23  7.6774704e-23
   187 :  9.3319188e-15 -7.6072462e-14  5.8213441e-14
   188 :  3.2400418e-02  7.7333903e-01  2.5454981e-01
   189 :  5.0235019e-15 -3.0844289e-15 -6.9989529e-15
   190 :  6.7026435e-18 -1.4374451e-17  3.7837146e-18
   191 :  5.5291933e-57 -4.2242529e-57 -7.0090014e-57
   192 :  7.2710020e-09 -1.8531449e-09 -1.5226707e-08
   193 : -3.9372899e-03  5.6316139e-03 -1.5359755e-03
   194 :  3.7938149e-01  3.0114909e-01 -1.2725010e-01
   195 : -6.7695228e-25 -1.8446479e-25  4.2763802e-25
   196 :  1.9127544e-47 -2.0261370e-47 -1.8671785e-47
   197 :  6.4462518e-48 -1.0527198e-47 -2.4134524e-48
   198 : -1.9828592e-20  9.5619582e-22  1.7990202e-20
   199 : -1.7310099e-04  1.0925647e-03 -3.8743809e-04
   200 :  3.3968861e-44  1.5495018e-42 -1.8337605e-42
   201 :  3.4745387e-10 -1.4198429e-10 -3.8598068e-11
   202 :  4.2429532e-25 -5.2974050e-25 -4.5635931e-25
   203 :  2.5805119e-51  1.0969759e-51 -1.8081964e-51
   204 :  2.4828040e-25 -1.7021411e-25 -8.0925365e-26
   205 :  8.7527548e-10  2.4080972e-09 -1.4194269e-09
   206 : -4.2387712e-51  1.8645204e-51 -1.2885488e-52
   207 : -5.5961060e-49  3.7100201e-49 -1.9353146e-49
   208 : -4.4332358e-36  2.3743921e-36  5.2880737e-36
   209 :  9.1497320e-02  5.0875257e-02  4.1627696e-01
   210 :  8.3953680e-27 -1.4796107e-26 -2.1540548e-27
   211 :  2.5999139e-50 -9.6301976e-51 -6.3282562e-51
   212 : -8.8742468e-15  6.1479654e-15  1.9140367e-15
   213 :  7.6162828e-48 -3.0210210e-47  2.8537347e-47
   214 :  2.4415304e-01  2.3139992e-01 -6.1217245e-02
   215 :  6.4132113e-01  4.7238906e-01  2.8065315e-03
   216 :  4.9932279e-14 -4.5078129e-14 -5.7976006e-14
   217 :  1.1839648e-59  5.9027627e-59 -3.5147117e-59
   218 :  1.7277155e-38  2.0490493e-38 -5.5754140e-38
   219 :  1.4365893e-11 -9.2848727e-11  1.1534139e-10
   220 : -7.6986297e-34  8.7183302e-33 -1.7255725e-32
   221 :  2.6715725e-41  1.3433781e-41 -6.7136681e-41
   222 :  2.2408315e-04 -1.3181449e-04  1.6195585e-04
   223 : -3.0769113e-08 -1.5448303e-06  1.2986982e-06
   224 :  7.0017035e-20 -2.4507238e-20 -1.1863945e-19
   225 :  2.1968496e-32 -3.7101260e-32 -5.4877738e-33
   226 : -3.5723594e-43  2.1335754e-43  1.1014588e-43
   227 :  3.8936024e-25  1.8566926e-25 -7.7529576e-25
   228 : -1.5465851e-21  2.9920980e-21  2.3247029e-22
   229 :  1.1672110e-27  7.1795646e-28 -9.1647021e-28
   230 : -1.8855560e-42 -8.1344536e-43  1.3209313e-42
   231 :  1.0419794e-43 -1.6965285e-42  1.4839160e-42
   232 :  2.4277878e-56  2.6158395e-56 -2.5033110e-56
   233 :  4.0999220e-41 -3.4178865e-41 -4.3511988e-41
   234 : -5.8061688e-03  2.4202287e-03  1.7766838e-04
   235 :  7.4520163e-09  2.4988860e-08 -5.6708936e-08
   236 : -3.2806151e-39  8.4739672e-39 -1.7502592e-39
   237 : -9.3019689e-36  7.3343277e-36  1.1240743e-35
   238 :  9.5836049e-55  1.0769087e-55 -5.3194163e-55
   239 : -1.2674986e-41  1.6689314e-40 -3.2398854e-40
   240 :  1.8343413e-48 -9.1101094e-49 -2.8118636e-48
   241 :  3.0805301e-12 -2.4079714e-11  8.5596698e-12
   242 : -5.4025924e-12 -1.8122833e-12  9.0255245e-12
   243 : -3.0855379e-05  1.5798058e-05 -2.7948970e-05
   244 : -1.0098547e-07 -4.4342671e-09  1.1056920e-07
   245 :  4.7160249e-40  1.9924198e-40 -1.0715091e-39
   246 : -1.4537010e-12  7.8578226e-13  2.9664565e-13
   247 :  4.5026352e-05 -2.9322673e-05  2.1596668e-05
   248 :  2.7923087e-59  1.7702890e-59 -7.3941502e-59
   249 : -3.1203276e-30 -6.7295231e-32  6.4820798e-30
   250 :  3.6855352e-12 -2.8962237e-13 -2.9726874e-12
   251 : -9.2025877e-23  3.7795692e-22 -1.7067396e-22
   252 : -1.5030347e-43  2.9656786e-43 -5.1201495e-44
   253 :  3.2477920e-53 -3.9442147e-53  4.7545341e-53
   254 :  3.7731732e-04 -1.0419832e-04 -8.9442642e-05
   255 : -6.3257807e-24  4.0382372e-25  2.0589836e-24
   256 :  8.3850966e-14  1.6483469e-12 -8.1421266e-13
   257 :  1.8771118e-07 -2.3865532e-07  2.8533357e-07
   258 : -2.5803421e-25 -6.4689748e-25  1.5141959e-24
   259 :  2.4221661e-35  1.7906444e-34 -3.9208137e-34
   260 :  8.0554725e-14  9.9685090e-12 -9.8086432e-12
   261 : -1.5247331e-25 -7.1376839e-25  1.8366755e-24
   262 :  6.8998046e-40 -1.4697506e-39  6.7892633e-40
   263 : -2.4969602e-45  2.6591526e-45  2.4244748e-45
   264 : -1.8743127e-23 -3.6618981e-23  9.3201974e-23
   265 :  3.3013297e-11 -4.0062000e-11  5.7135104e-11
   266 :  1.6029895e-30  4.9393492e-30 -3.1834533e-30
   267 :  3.4424303e-28 -1.5682871e-28 -8.9622064e-29
   268 :  3.7169348e-46 -3.5149174e-45  6.7038770e-45
   269 : -1.1769201e-06  3.1804521e-07  2.7563223e-07
   270 : -2.5392255e-27  1.7638810e-26 -1.1505488e-26
   271 :  7.5975225e-11 -6.8150027e-11  7.7598287e-11
   272 : -1.1471296e-26  9.5561163e-27 -8.2563921e-27
   273 : -3.7927036e-44  1.1377792e-44  6.5007319e-44
   274 : -2.2848363e-13 -8.3774594e-13  1.6219969e-12
   275 : -6.3037247e-37 -1.8996161e-36  3.2270027e-36
   276 :  2.1698582e-08 -1.3542836e-08  1.6410359e-09
   277 :  8.1998284e-40 -1.1293524e-39 -5.3928338e-40
   278 :  2.9155410e-13 -7.2539966e-14 -5.3813564e-13
   279 :  2.8283288e-22 -6.1852964e-23 -1.0898659e-22
   280 : -4.8758589e-02  2.1300358e-01  1.2836608e-02
   281 : -3.1655888e-22  4.8246285e-22  1.7714738e-22
   282 : -8.4220024e-32  3.3734150e-31 -6.1102528e-31
   283 :  5.5780050e-37 -2.5748004e-36  1.4513824e-36
   284 :  6.1882303e-41 -1.8881484e-38 -1.6336729e-38
   285 :  4.4504708e-04  1.9071653e-03 -2.8852417e-04
   286 : -2.0454364e-13  2.9077660e-13  1.6324864e-13
   287 :  2.2870211e-17 -1.1550471e-17 -5.4641542e-18
   288 :  1.6092433e-01  3.0646426e-02  2.3489305e-01
   289 : -4.8594656e-18 -3.6595315e-18  1.2654931e-17
   290 : -2.9431340e-03 -1.3347192e-02  3.5609330e-03
   291 : -1.1806877e-22  1.5229045e-22 -1.6234843e-23
   292 :  9.2004417e-06  3.8185029e-06 -1.6206961e-05
   293 : -1.7692603e-35  8.5214633e-36  2.7340129e-35
   294 :  8.5540428e-16  5.7588475e-15 -1.2854291e-14
   295 :  6.6531459e-50 -1.6816907e-50 -2.4393593e-50
   296 :  1.7744864e-09 -1.4540575e-08  1.1243116e-08
   297 : -1.8824772e-19  4.4849375e-19 -5.0165960e-20
   298 :  4.4159454e-21  1.1707697e-20 -9.2504136e-21
   299 : -2.9476599e-54 -1.7241355e-54  7.3818405e-54
   300 : -8.2427795e-09 -2.9086820e-10  3.5993683e-09
   301 : -5.6297064e-24 -6.9614828e-24  6.0111150e-24
   302 :  3.6005455e-13 -1.1061231e-12  3.1431222e-13
   303 :  5.9954846e-16 -5.9354731e-16 -1.9762217e-18
   304 :  4.9554994e-15 -2.9650628e-15 -4.2820936e-16
   305 :  1.8632503e-24 -3.2741161e-25 -7.3732633e-25
   306 :  1.3873685e-06  4.8431050e-07 -6.8292041e-07
   307 :  3.5591997e-15 -1.7872167e-15 -6.6798818e-16
   308 :  4.7481793e-22  3.7228420e-21 -8.4432148e-21
   309 :  7.4010856e-54  4.6927250e-53 -2.7038264e-53
   310 :  8.1805388e-18 -1.6778653e-18 -1.5444142e-17
   311 :  1.2749881e-13  3.4761566e-14 -3.0564476e-13
   312 :  4.4761527e-48  2.9901589e-48 -1.0304250e-47
   313 :  8.1797193e-36 -2.7818437e-35  8.2541431e-36
   314 :  1.0893684e-52 -2.5588904e-52  4.0535358e-52
   315 : -7.4880312e-42 -3.6188462e-41  2.1496292e-41
   316 : -3.2415608e-06 -1.7222518e-06  1.9456538e-06
   317 :  2.3087023e-54 -1.0887693e-53  6.1246000e-54
   318 :  2.1264589e-09 -1.5094540e-09 -1.7940265e-10
   319 :  1.4543846e-10  3.9985817e-10 -7.0066897e-10
   320 :  5.3706389e-01  7.8011157e-01  5.9789771e-01
   321 :  1.7363091e-06 -2.1419559e-06 -2.1949678e-06
   322 :  5.0008452e-52 -1.2490093e-51  2.4637662e-52
   323 :  7.0126205e-59 -9.1557546e-59  9.9053017e-60
   324 : -3.1121045e-40  2.5427664e-39 -1.0786902e-39
   325 :  3.0573490e-34  3.9827807e-35 -3.8583188e-34
   326 : -3.7204901e-05  9.7293464e-05 -8.7513023e-05
   327 :  3.5452510e-01  9.4186396e-01  3.7105285e-01
   328 :  2.1598581e-12  8.9668971e-13 -1.7509227e-12
   329 :  3.2770098e-38  8.6781849e-38 -5.9613087e-38
   330 : -1.5540400e-56  5.4913053e-57  2.5599798e-56
   331 : -3.4850024e-26  4.7663620e-26  2.4005237e-26
   332 : -2.9950135e-15 -2.8159299e-15  2.8328593e-15
   333 : -1.2807621e-34  1.2485771e-34 -1.2871474e-34
   334 :  1.5040798e-10 -2.2439407e-09  1.8424520e-09
   335 : -3.5191877e-14  7.1694968e-14  1.0654796e-15
   336 :  4.1653499e-13 -3.7137831e-13 -4.9137629e-13
   337 : -3.5140231e-52 -4.0268159e-51  4.7968816e-51
   338 :  2.2165116e-12 -5.4686324e-12  1.5838216e-12
   339 : -1.6153186e-37  2.0812342e-37  1.2331386e-37
   340 : -3.0454740e-10  7.9931982e-10  3.2706558e-12
   341 :  6.1519138e-49 -5.2725003e-49 -4.3855203e-50
   342 : -4.9344466e-42  3.3195576e-42  6.6923045e-42
   343 : -7.4290712e-22  4.0647546e-22  1.6440377e-22
   344 :  3.2920609e-09 -1.5655852e-08  4.3121460e-09
   345 : -3.5637518e-03  7.2020402e-04  9.1606997e-04
   346 : -6.2478672e-42 -1.6056892e-41  1.0950360e-41
   347 : -5.2552018e-10  2.8148956e-10 -1.0563656e-10
   348 :  7.2164314e-22 -1.5009908e-21  3.8927516e-22
   349 :  9.3764764e-24 -6.9036657e-24  4.8403394e-24
   350 : -6.7413396e-11  9.5283901e-10 -2.1884913e-09
   351 : -2.8583914e-33  9.6523804e-34  9.2127612e-34
   352 : -5.9529806e-09  9.8126230e-11  5.6747837e-09
   353 :  1.4004251e-14 -1.6776534e-14  1.2024057e-15
   354 :  3.7496015e-01  1.2201642e-01  5.2011448e-01
   355 :  2.1550151e-01  7.4408640e-02  1.7553798e-02
   356 :  2.1281627e-51  4.1461811e-51 -8.6830891e-51
   357 :  6.1472094e-09  7.0195205e-09 -2.0937747e-08
   358 : -4.4500534e-25  5.7066879e-25  3.4629675e-25
   359 :  5.3232716e-59 -1.7252251e-58  5.9638859e-59
   360 : -8.4053752e-11 -2.4890202e-11  1.4859363e-10
   361 :  1.0924651e-31  4.0244581e-31 -2.4964158e-31
   362 :  1.4791645e-22 -3.2111890e-22  5.3246944e-22
   363 : -6.5810811e-28 -1.7297075e-28  1.0127071e-27
   364 : -2.8447658e-29  2.1372423e-29  3.3075137e-30
   365 :  2.5241465e-23 -2.3529069e-23 -1.7252402e-23
   366 :  9.1693843e-46 -1.2070332e-44  1.0155940e-44
   367 :  2.6016401e-18 -1.6323572e-18  1.5627015e-18
   368 : -1.8072004e-11  1.4389613e-10 -8.8336557e-11
   369 :  4.0095147e-24 -1.6118853e-23  1.2183665e-23
   370 :  1.4490147e-29 -1.0619835e-29 -1.8825370e-29
   371 : -9.2582035e-47  3.8615831e-47  1.4482142e-47
   372 :  1.1157187e-22 -1.5551152e-22 -7.0047434e-23
   373 :  4.3017100e-15  4.1105524e-15 -1.3774303e-14
   374 : -1.1758789e-03  3.3367077e-04  1.9568050e-04
   375 : -9.3538507e-34 -1.3634465e-33  1.1168007e-33
   376 :  7.5823322e-52 -5.2332875e-51  3.6917338e-51
   377 : -2.8934603e-20  2.5411982e-20  1.4011243e-21
   378 :  9.8891843e-29 -2.3363011e-28  4.7550893e-29
   379 : -2.9996405e-55  8.4453816e-55 -2.4699453e-55
   380 : -2.0053131e-06  1.1366105e-06  2.7406361e-07
   381 :  1.3251135e-24 -6.8819843e-25 -3.0882235e-25
   382 :  1.0161365e-35  7.2133272e-37 -2.1291424e-35
   383 : -2.8399067e-08 -3.0444152e-08  2.4839955e-08
   384 : -4.1925067e-32  1.4863557e-31 -6.1396421e-32
   385 : -2.2799296e-13  4.3554149e-13  4.9510720e-14
   386 : -1.7876054e-06  6.1437174e-07  5.1920671e-07
   387 : -5.6374252e-38 -6.2386309e-38  1.7673684e-37
   388 : -6.0369365e-03 -9.6973941e-04  2.7679859e-03
   389 : -1.6712947e-31  3.7539750e-31 -2.5134241e-32
   390 :  6.4769974e-12 -1.1690678e-11 -2.1523413e-12
   391 : -1.5950912e-26  2.1098498e-25 -9.6822069e-26
   392 :  1.5541234e-08 -1.1827751e-08  8.0998345e-09
   393 : -1.6896131e-08  2.3360045e-07 -1.8335302e-07
   394 :  1.6230641e-31 -1.8471951e-31 -1.4792982e-31
   395 :  2.1435060e-19  8.4550973e-20 -3.8810963e-19
   396 :  1.6035591e-55  4.9394419e-55 -1.1543441e-54
   397 :  7.8740097e-09 -5.1080002e-08  9.8573156e-09
   398 :  6.5456445e-16 -1.8262967e-15  5.4881965e-16
   399 : -9.7800523e-08  9.1097053e-07 -4.6107049e-07
   400 : -1.2497749e-16 -1.4697758e-16  4.4057962e-16
   401 :  3.7110147e-14 -5.5781015e-14 -2.5985681e-14
   402 :  2.2056199e-30 -1.2288260e-30  7.1995504e-32
   403 :  4.2726475e-29 -3.4542546e-28  2.5786138e-28
   404 :  1.0392797e-46 -1.6919515e-46 -1.0062939e-46
   405 :  1.2538547e-19  4.9368959e-19 -5.2582824e-19
   406 : -3.5759690e-10  1.0810332e-10  1.0368723e-10
   407 : -2.4368219e-07  7.7415510e-08  8.5258470e-08
   408 :  5.5261422e-07 -2.2463519e-06  6.8806562e-07
   409 :  2.4944996e-17  2.3564161e-17 -2.3275220e-17
   410 :  4.8502953e-02  4.4000590e-01  4.7656332e-02
   411 : -9.7612001e-18  2.4272289e-17 -3.8177133e-18
   412 : -4.9670504e-14  3.2325266e-14  7.6637660e-14
   413 :  7.9605142e-51  2.0008898e-50 -3.9513610e-50
   414 : -3.5009788e-05  3.7508936e-03 -9.1788184e-03
   415 : -5.0919819e-17 -5.7554293e-17  1.6431473e-16
   416 :  3.1432289e-37 -1.7021218e-36  3.1595693e-36
   417 : -1.0546009e-10  9.1290607e-10 -2.0047262e-09
   418 :  9.1951218e-07  1.0071398e-06 -3.8793004e-06
   419 : -1.4020721e-46  3.0189565e-46 -7.8351580e-47
   420 : -9.8018279e-44 -1.0924058e-42  1.2906614e-42
   421 : -1.1941867e-39  5.7987020e-39 -3.3246173e-39
   422 : -4.5879542e-23  2.1351882e-23  1.2277513e-23
   423 : -5.0744670e-19  1.2860953e-18 -1.2748502e-19
   424 :  2.8094289e-32 -8.6353493e-32  2.8634643e-32
   425 :  7.6808774e-40 -4.0865815e-39  1.6209395e-39
   426 : -1.1139202e-26  4.4536406e-28  5.1994139e-27
   427 :  5.0694164e-31 -1.2933800e-31 -7.7582693e-31
   428 : -2.2625072e-30  4.3500659e-30  2.9559593e-31
   429 :  8.7702416e-15  3.8023142e-15 -5.6009151e-15
   430 :  2.2276388e-13 -2.6534208e-13 -2.3010508e-13
   431 :  4.0664419e-19 -8.3024293e-19 -2.5032952e-20
   432 :  2.6694561e-23 -2.1014271e-22  4.0559789e-22
   433 :  6.6751557e-50  7.2285336e-50 -2.0666878e-49
   434 :  4.1629863e-05 -8.4060658e-06 -1.9144730e-05
   435 :  1.9273352e-17 -9.4815014e-18  1.4272997e-19
   436 : -1.9698813e-33 -4.3437684e-33  1.0058618e-32
   437 :  1.8879540e-10 -2.2053344e-10  2.6900525e-10
   438 :  1.8571291e-11 -1.4835740e-11  1.5942307e-11
   439 :  6.5014473e-08 -3.1342971e-08  1.1962594e-08
   440 : -5.8319299e-40  1.4098821e-39 -2.3089572e-40
   441 : -4.6191806e-55 -2.5089105e-55  9.2377694e-55
   442 :  3.9637245e-10 -1.7679408e-10  1.1652098e-10
   443 : -3.7716469e-22  6.0802627e-22  1.6886507e-22
   444 : -1.8648790e-11  2.3055102e-12  1.4490487e-12
   445 :  2.5150153e-26 -7.2161078e-27 -1.3053765e-26
   446 : -2.8361643e-03 -6.6869425e-04  1.4562661e-03
   447 : -4.5198101e-27  9.5897411e-28  3.7864398e-27
   448 : -1.2393566e-16 -2.6891754e-16  1.6883279e-16
   449 :  2.6738773e-49 -9.9954042e-49  4.6243624e-49
   450 : -1.4568807e-52  2.1566296e-52  7.7577013e-53
   451 :  5.0079725e-04  4.3402959e-04 -2.3662610e-04
   452 :  2.4162407e-01  2.5688435e-01  5.9330340e-02
   453 :  4.8467938e-04  2.5783334e-04 -2.0219965e-04
   454 :  7.2407196e-02 -6.5410791e-02  2.2641524e-01
   455 :  5.7263740e-30 -4.2968336e-30 -8.8176886e-30
   456 :  3.2440007e-16 -1.0696807e-16 -1.0019418e-16
   457 :  1.3727562e-55  4.3119664e-55 -6.5904749e-55
   458 :  1.4106862e-26  6.4095029e-26 -1.0146917e-25
   459 :  6.3240320e-18 -5.4911957e-19 -1.3696714e-17
   460 :  1.2853227e-15 -2.6467442e-15 -2.4940552e-16
   461 : -3.2603571e-28  1.4976030e-28  5.1748783e-28
   462 : -4.0659901e-23  1.3118256e-22 -4.8563451e-23
   463 : -5.2771186e-39 -4.5915368e-39  1.3178191e-38
   464 :  5.3479783e-11  1.7987151e-10 -1.0511543e-10
   465 :  6.2703170e-16 -2.2403128e-16 -1.6335696e-16
   466 : -2.6598957e-08 -7.8004676e-10  1.2131319e-08
   467 :  1.5107476e-41 -3.0269768e-42 -9.0282347e-42
   468 : -2.4282451e-36  2.1407340e-36  1.4905871e-37
   469 : -1.7013619e-54  1.2310632e-54  1.7607963e-54
   470 :  2.2078519e-52 -2.3813733e-52  7.9152961e-54
   471 : -1.4927223e-32  4.4399381e-33  6.4999678e-33
   472 :  2.0075226e-38 -3.6148491e-38 -4.9565020e-39
   473 : -2.5418624e-14  8.7691786e-13 -8.2714354e-13
   474 : -4.0150572e-45 -9.9045403e-46  9.1568267e-45
   475 :  2.0769941e-32 -6.0283592e-32  1.0530153e-31
   476 : -7.0684455e-31 -6.4169258e-32  3.7410986e-31
   477 :  8.3014691e-59 -4.5700129e-58  8.4798453e-58
   478 :  2.5981073e-17  4.1900179e-17 -1.0158815e-16
   479 : -2.7858670e-57  4.8281770e-57  7.5519425e-58
   480 : -3.4415843e-05 -5.2891126e-06  6.0665581e-05
   481 : -2.6142746e-31  9.1829378e-30 -2.5489829e-29
   482 : -9.8194903e-45  3.2634852e-44 -1.1342444e-44
   483 : -6.1057191e-07  6.5716039e-07  8.5963110e-07
   484 : -5.4629571e-18 -8.7879531e-18  6.3939720e-18
   485 : -1.1207023e-16  6.4014236e-17  1.6594201e-16
   486 :  2.5650551e-01  9.0440408e-02  1.9772507e-01
   487 :  8.0447421e-15  1.3622989e-15 -9.3545488e-15
   488 : -2.5178790e-05  3.5549142e-06  8.9535240e-06
   489 : -3.5168682e-47 -1.3676359e-47  8.4942937e-47
   490 : -2.0594293e-40 -2.3209128e-40  2.1748446e-40
   491 : -3.2566961e-42 -4.1245763e-42  3.6691497e-42
   492 : -1.4689403e-13  3.5308999e-13 -5.9787626e-13
   493 :  9.0320495e-09 -1.9611445e-08 -8.6197674e-09
   494 : -1.2468848e-07  1.1550144e-07  2.6437334e-07
   495 : -1.4519715e-21  1.3598292e-20 -7.2475839e-21
   496 : -7.6192926e-37 -1.0099158e-36  2.5461816e-36
   497 :  6.1631122e-54  6.1147811e-53 -3.3175223e-53
   498 :  2.7301284e-50  1.5046470e-49 -3.3452076e-49
   499 :  1.4882178e-05 -3.0900194e-05 -3.2338082e-05
   500 : -6.6598993e-54  2.4669729e-54  1.1025930e-53
   501 :  4.1853354e-60 -1.3211126e-58  1.0093548e-58
   502 : -4.9399989e-12 -4.6783857e-11  3.4299703e-11
   503 : -6.1853295e-11  1.2222312e-10 -3.5899834e-11
   504 : -6.2213653e-18  2.5860333e-17 -1.0967612e-17
   505 :  3.7796929e-05 -1.3509786e-05 -8.1088262e-06
   506 : -1.1428028e-38  4.1631219e-38 -1.8503780e-38
   507 : -1.3678634e-36  5.1751928e-36 -5.7220508e-36
   508 :  1.2854626e-35 -1.9115600e-35  3.1679599e-36
   509 :  1.6085704e-14  1.9751566e-15 -2.0025246e-14
   510 : -5.4664995e-36  4.8257774e-36  1.0423825e-35
   511 :  1.7991115e-27 -6.0287921e-28 -8.4565169e-28
   512 : -1.2107348e-28 -2.8395158e-27  1.4409226e-27
   513 : -5.4620774e-21 -6.3658339e-21  1.7454067e-20
   514 :  1.3324402e-18 -7.7040032e-18  3.1804746e-18
   515 : -1.7702231e-08  4.8905406e-09  1.2910683e-08
   516 :  2.7299069e-37  6.8262495e-37 -4.7425250e-37
   517 : -5.9011935e-08  3.1049525e-08 -1.9707129e-08
   518 : -1.8721755e-18  4.4418296e-19  9.6640111e-19
   519 : -1.7708701e-27  2.5783343e-28  3.3695798e-27
   520 : -5.6340192e-22  3.6137684e-21  2.1266085e-21
   521 :  1.8802121e-10 -1.7463317e-10  7.7281018e-11
   522 :  4.6084135e-01  2.8062441e-01  2.6080907e-01
   523 : -6.4893583e-07 -3.5265273e-07  4.6656892e-07
   524 : -6.8068470e-21 -1.7839997e-21  4.0847898e-21
   525 : -1.1536165e-17  1.1677563e-17 -1.4257612e-17
   526 :  7.6769223e-29  2.4799207e-28 -3.6898018e-28
   527 : -7.3416592e-45  2.6365253e-44 -2.1414601e-44
   528 :  5.0868735e-03 -3.3009285e-03 -9.6308733e-03
   529 :  1.1298187e-14 -8.4052648e-14  5.3117635e-14
   530 :  5.9182590e-08  1.3473540e-07  1.9043550e-07
   531 : -8.0424360e-13 -1.6817002e-13  4.2456796e-13
   532 : -2.2452011e-28  1.7044381e-27 -1.2393125e-27
   533 :  8.1373802e-60 -1.2767636e-59  1.7540077e-59
   534 : -4.2186520e-60 -9.7019017e-60  2.2640116e-59
   535 : -1.3898004e-43 -2.5437744e-43  5.1178154e-43
   536 : -2.1361948e-08  9.9024952e-09 -8.9763089e-11
   537 : -1.1944605e-11 -7.7136967e-12  8.0851521e-12
   538 :  8.5059763e-17 -2.0697369e-16  3.6239598e-16
   539 :  2.2767231e-44 -6.5463096e-44  1.5023353e-44
   540 :  2.7692582e-39  2.5753183e-39 -6.7797042e-39
   541 : -2.6383152e-37  8.9308817e-37 -5.0196568e-37
   542 : -8.4804355e-21 -5.3152354e-21  6.1120338e-21
   543 :  1.5839629e-46  1.3549759e-46 -1.4574864e-46
   544 :  1.4367609e-19 -2.6577851e-19 -4.0623501e-20
   545 :  6.9987768e-34  2.3375378e-34 -1.6588159e-33
   546 : -1.0902045e-05 -9.4509258e-06  6.6541785e-06
   547 : -3.4509020e-43  7.6203910e-43 -7.0226964e-44
   548 : -6.3440245e-09  1.1288954e-11  7.0455416e-09
   549 : -1.4442632e-36 -3.7589685e-36  9.2344193e-36
   550 :  7.5333632e-15 -2.0233859e-14  4.3989398e-15
   551 : -8.7836300e-09 -2.5616573e-08  6.4972417e-08
   552 : -1.3162926e-10  6.6246481e-10 -2.5069997e-10
   553 :  4.8524223e-12 -1.2530835e-12 -1.9450667e-12
   554 :  2.5185427e-35 -8.9932180e-35  3.1984585e-35
   555 : -7.2766480e-21  1.0171200e-20  5.4002944e-21
   556 :  1.3100832e-37  1.4463374e-37 -1.3502268e-37
   557 :  9.4552728e-02  1.5326619e-01  3.1379898e-01
   558 :  2.1226831e-13 -2.2620611e-13 -2.3234018e-13
   559 : -2.4301453e-09 -3.2660117e-09  5.3153232e-09
   560 : -6.9605816e-14  2.5676389e-14  2.0882768e-14
   561 : -4.5835928e-04 -3.5794047e-03  1.2976409e-03
   562 :  3.4328249e-29 -1.7340477e-29 -8.2391994e-30
   563 :  4.0451158e-52 -1.6763543e-52 -6.4773174e-53
   564 :  2.5433297e-07 -1.2719607e-07  9.5710917e-08
   565 : -8.2576867e-06  3.8716454e-06 -2.7887100e-06
   566 :  3.3466290e-40 -1.5569043e-39  1.6909046e-39
   567 :  6.1597477e-22 -2.9824527e-21  1.6869219e-21
   568 : -8.9587176e-09  3.1326305e-09  2.4349547e-08
   569 :  1.5982704e-08 -3.0633792e-08  3.1583193e-09
   570 :  2.1926313e-34 -3.7016946e-34 -8.2596659e-35
   571 : -3.0717360e-22  2.0824317e-22  4.8941446e-23
   572 :  4.2992533e-58 -8.6657697e-57  4.1029417e-57
   573 : -1.0598334e-15  5.7246949e-16  1.7541055e-15
   574 : -1.3501691e-14  1.1743961e-13 -2.3773523e-13
   575 : -6.4609429e-02  8.1700206e-02  2.5736272e-01
   576 : -1.0974140e-18 -9.2639842e-18  1.1930243e-17
   577 :  2.6135537e-01  1.7296468e-01  2.0604922e-01
   578 :  2.8083984e-62 -8.6646016e-62  2.3722221e-62
   579 : -6.5167620e-05  4.2189221e-06  5.6577945e-06
   580 :  3.9077174e-03 -6.8992455e-03 -2.2791329e-03
   581 :  1.1062947e-34  1.0848988e-34 -3.3878661e-34
   582 :  4.4249565e-57 -1.9561725e-56  7.4956718e-57
   583 :  2.7264300e-33 -1.0120383e-32  4.4953778e-33
   584 :  1.0179198e-47 -2.0453647e-47  5.4973996e-50
   585 : -8.0166117e-09  4.5121535e-08 -1.5499070e-08
   586 : -2.2182335e-41  6.5101811e-41 -2.0805915e-41
   587 : -1.4995877e-29 -1.4084581e-30  3.1150336e-29
   588 :  2.2515141e-39 -2.5814162e-39  1.5826869e-40
   589 :  2.1953453e-09 -7.9303433e-10 -3.9427593e-09
   590 :  1.7786927e-10 -5.0472057e-10  6.9211892e-12
   591 : -1.5402539e-52  2.4405889e-52  6.4632954e-53
   592 :  6.0365732e-36 -1.5042393e-35  2.4242431e-35
   593 :  2.5427403e-27 -5.1121306e-28 -1.4578453e-27
   594 :  6.0608408e-31 -3.7961944e-32 -2.7746492e-31
   595 :  1.2200290e-15 -2.0664317e-16 -7.4883114e-16
   596 : -1.3906634e-18  3.1546822e-18 -9.5019868e-19
   597 : -4.6223110e-24 -2.5914017e-24  8.4759527e-24
   598 : -3.6983847e-29 -2.6385658e-28  1.4911813e-28
   599 :  9.1554141e-04 -3.2254617e-04 -1.1714433e-04
   600 : -2.5317714e-19  1.2318300e-19  4.0223583e-19
   601 :  2.3612089e-04 -1.4124234e-04  2.4617547e-04
   602 : -4.5378923e-42 -3.7679206e-41  2.0707064e-41
   603 : -6.8805523e-47 -1.6083540e-46  2.6974145e-46
   604 :  6.7025864e-34 -3.2803472e-34 -1.1784704e-35
   605 : -6.2524983e-26  1.1560908e-25  1.3205434e-26
   606 :  1.8255418e-01  1.8930529e-01  2.9591589e-01
   607 :  2.3174086e-19 -2.1067583e-19 -2.7442043e-19
   608 :  9.5064548e-38  6.3871851e-37 -3.5742874e-37
   609 :  7.7059479e-33  1.5508684e-32 -1.5558469e-32
   610 : -6.8803534e-46 -1.8848056e-45  4.4766603e-45
   611 :  2.1830241e-04 -3.6250701e-05 -6.1385066e-05
   612 :  7.9170723e-20 -5.1219288e-19  3.6135051e-19
   613 :  1.7190091e-25  8.4008863e-26 -4.3488772e-25
   614 : -6.9937540e-10  9.7758496e-10  4.7417373e-10
   615 :  2.8220613e-23 -8.1380603e-23  2.4047293e-23
   616 :  1.2281512e-48 -1.5588621e-48 -9.0833602e-49
   617 : -1.0101241e-25  1.2164965e-25 -9.5156021e-27
   618 : -1.5472154e-30  6.0479388e-31  4.6538213e-31
   619 :  2.5049471e-38 -5.8364372e-38  8.1960059e-39
   620 : -1.0748036e-26  1.3500692e-26 -1.7138132e-26
   621 : -3.5476379e-20 -6.2141758e-20  1.3469408e-19
   622 :  3.1096007e-06  1.2807546e-06 -9.6338522e-06
   623 :  3.5634586e-12  3.4980228e-13 -3.6963007e-12
   624 :  9.6452266e-23 -3.6914529e-23 -2.2924168e-23
   625 : -6.3606860e-23  4.8974946e-23  7.1384660e-24
   626 : -1.0670750e-62  4.1491347e-62 -1.5551093e-62
   627 :  1.1474584e-40 -2.7668498e-40  4.6885629e-41
   628 :  1.3324802e-30 -2.7311396e-30  6.9309805e-31
   629 : -2.6925353e-12  8.3996416e-12 -2.4277305e-12
   630 :  2.7422356e-08 -2.6684325e-09 -3.5590965e-08
   631 :  6.9239912e-27 -3.2554446e-26  1.0811663e-26
   632 : -1.2261956e-46  2.6964118e-46 -2.3400959e-47
   633 :  1.2181499e-12 -9.9814022e-13  2.5764021e-14
   634 : -1.7798210e-17 -1.9292238e-17  6.3544039e-17
   635 : -6.2445258e-11  1.2083368e-11  1.5021597e-11
   636 :  7.5502431e-10  8.0408858e-10 -5.9576632e-10
   637 :  2.1211744e-07 -1.2639031e-07  9.8817083e-08
   638 :  9.7803046e-06 -1.3580623e-05 -1.2929525e-05
   639 :  1.4474318e-09  1.3251636e-09 -1.1637374e-09
   640 :  7.0230696e-02 -4.4926836e-02  2.2247207e-01
   641 : -3.9406126e-38  1.3714333e-37 -5.7874160e-38
   642 :  9.0719466e-14 -6.2395761e-14 -1.2461037e-13
   643 :  2.6163381e-12 -4.0481452e-11  9.0939815e-11
   644 : -1.7188789e-11 -1.0823151e-11  3.3553844e-11
   645 : -5.3482879e-20  2.6226928e-18 -1.9554117e-18
   646 :  6.3278075e-21  1.5159230e-20 -2.9935178e-20
   647 : -2.0510862e-04  5.6113085e-04  3.4979439e-04
   648 :  8.3429405e-21  1.5562881e-21 -6.2611551e-21
   649 : -1.2138795e-09  4.9923120e-09  5.0985357e-10
   650 :  3.0031349e-22  7.3026112e-22 -1.7923506e-21
   651 : -7.4318267e-08  9.2345508e-06 -1.0625423e-05
   652 :  1.1685560e-19  1.8990524e-19 -1.3523590e-19
   653 : -1.8833860e-06 -2.2686168e-07  4.7361142e-06
   654 :  1.7943010e-32  5.7419347e-35 -1.6492974e-32
   655 :  4.9113864e-21  1.1597470e-21 -7.6634652e-21
   656 :  2.1273399e-04  1.1672545e-04 -1.2961565e-04
   657 :  4.3761324e-09 -8.3217782e-09 -4.2564306e-10
   658 :  5.2597623e-20  6.2636036e-20 -1.8874031e-19
   659 :  3.3322536e-15 -1.7103310e-15 -7.4607253e-16
   660 :  2.0079093e-06  6.1874454e-07 -4.2586706e-06
   661 : -9.2518312e-03 -1.2506599e-02  1.8987664e-02
   662 :  2.4972286e-32  6.1533853e-34 -3.4678079e-32
   663 :  2.7248723e-09 -1.3896750e-08  3.3212761e-08
   664 :  3.8478537e-07 -1.0554400e-06  3.2635009e-06
   665 : -8.9061299e-07  4.6083848e-07 -2.9725675e-08
   666 :  6.3747618e-50 -4.8036855e-50 -8.0805576e-50
   667 :  4.1739568e-35 -9.5346851e-35  1.6585741e-34
   668 : -2.1960734e-11 -6.8929602e-11  1.3509424e-10
   669 :  4.7512012e-60 -9.1341052e-60  1.6237309e-61
   670 :  1.1373828e-08  4.4564276e-09 -6.9622235e-09
   671 : -2.4717785e-02 -3.3627054e-03  1.4439257e-02
   672 :  1.0438796e-07 -1.2146622e-08 -4.0140127e-08
   673 : -1.1588338e-28 -2.0717791e-29  2.3337834e-28
   674 :  2.3315440e-23 -2.9772430e-23 -1.7858008e-23
   675 :  8.6774310e-26 -5.1485526e-26  1.9127142e-26
   676 : -8.6125523e-18  2.2640350e-17 -4.2481483e-18
   677 : -9.0648354e-19  8.6571534e-19 -9.3694784e-19
   678 :  2.2385163e-09  1.3020911e-09 -7.3976564e-09
   679 :  4.4981963e-17 -3.4842623e-16  2.2744178e-16
   680 :  2.9201254e-14 -8.4609471e-15 -5.5803822e-14
   681 : -3.8486894e-35  4.5894733e-35 -5.6401117e-35
   682 : -4.0160848e-36  1.3307781e-36  4.4453981e-37
   683 :  1.6361823e-32 -3.2829629e-33 -3.0720092e-32
   684 : -1.4321338e-42 -1.1419566e-41  6.4593835e-42
   685 : -1.4349199e-16  3.3013676e-16 -1.2519036e-17
   686 : -2.4856199e-24  8.0149017e-25  7.8403472e-25
   687 : -6.6906644e-41  4.0057425e-41 -1.5388574e-41
   688 : -3.9125504e-26  5.9394132e-26  2.0081664e-26
   689 :  2.2367412e-05 -3.5148089e-05  5.7588922e-07
   690 : -6.7457068e-18 -8.0073567e-18  6.7333626e-18
   691 :  2.1561059e-17 -1.6582686e-17  1.8604677e-17
   692 : -1.5731200e-19  7.2229249e-19 -8.8068746e-19
   693 : -7.6638490e-61  1.1190023e-60  4.3351772e-61
   694 :  2.1922946e-40 -2.0923216e-40 -2.3884348e-40
   695 :  2.4724759e-06 -7.8600239e-06  2.8171693e-06
   696 : -5.5740927e-11 -5.5879003e-11  1.8327044e-10
   697 :  4.1978303e-20  2.3460853e-19 -3.3223549e-19
   698 :  4.8527314e-06 -6.0304138e-06  1.0629366e-06
   699 :  3.9079542e-30 -2.8646349e-29  4.9671907e-29
   700 :  3.0002204e-50  6.4188658e-50 -1.5891260e-49
   701 : -1.5750856e-47  7.4344144e-47 -2.9229553e-47
   702 :  8.1628782e-35 -1.9227705e-34  2.6874930e-35
   703 :  8.1868915e-02  1.4681159e-02  1.6359093e-01
   704 :  3.0922409e-21 -8.1218183e-21  1.3822570e-20
   705 :  4.6857574e-40  3.8244821e-38 -1.8793443e-38
   706 :  2.3367985e-04  1.0313413e-03 -5.3499918e-04
   707 :  4.7385131e-11  8.2256065e-11 -5.9346330e-11
   708 : -4.0842035e-13 -1.0435730e-13  2.2083531e-13
   709 : -1.5538173e-24  3.2171589e-24 -5.0693893e-24
   710 : -1.7480342e-28 -3.6967157e-29  2.6646141e-28
   711 :  2.8122864e-22 -1.4721434e-22  4.3779346e-23
   712 : -1.4061743e-10  5.5185979e-11  2.7378877e-11
   713 :  2.0985471e-21  3.1072230e-20 -5.3815035e-20
   714 :  2.2963502e-01  1.1391017e-01  2.8607640e-01
   715 :  2.1518598e-17 -8.7913320e-18 -2.6683142e-18
   716 :  2.7256369e-42  5.5221672e-42 -1.3883292e-41
   717 : -1.4847357e-13  1.6900860e-12 -1.3617998e-12
   718 :  1.9213141e-21 -2.8912593e-21  4.0632692e-21
   719 :  1.1874498e-11  1.5032534e-11 -1.1687731e-11
   720 : -3.9662754e-03 -1.8590950e-02  1.2956005e-02
   721 :  4.0179792e-07  1.3685486e-07  7.2807798e-08
   722 : -1.1820404e-37 -1.0344700e-38  6.0833233e-38
   723 :  1.7121553e-36 -4.9446656e-37 -1.6107419e-36
   724 :  1.4995292e-36 -9.4600649e-36  4.2685244e-36
   725 :  2.5620544e-09 -6.8623947e-11 -6.3787795e-09
   726 : -3.9833843e-26  8.3867511e-27  1.5276175e-26
   727 : -1.3393231e-09  2.5552658e-09 -5.3498159e-09
   728 : -1.2917775e-12  1.4740298e-12  1.7403199e-12
   729 : -2.0246619e-17  2.7166914e-17  1.8560092e-17
   730 : -1.0091720e-19  1.0599849e-19 -1.3623494e-19
   731 : -2.5626893e-35  8.2391848e-36  8.6083518e-36
   732 :  1.2359772e-32 -5.6043126e-33  1.6356766e-33
   733 : -1.5881617e-19  1.3725734e-19  8.7967848e-21
   734 :  2.6924953e-05 -4.7608690e-05 -2.9284700e-05
   735 : -1.2356376e-21 -2.4930122e-19  1.1590148e-19
   736 :  1.7675625e-04 -3.7623416e-05 -4.9122988e-05
   737 :  5.9842689e-26  7.1828443e-26 -2.1141537e-25
   738 :  4.3144707e-10 -2.7765683e-10  3.0547311e-10
   739 :  1.7903955e-02  5.9627571e-02 -2.9787900e-02
   740 : -1.3566736e-17  4.2055072e-17 -1.3046515e-17
   741 :  1.2723509e-07  2.1252782e-07 -1.9397871e-07
   742 :  5.0343381e-21  9.6801272e-21 -2.0301681e-20
   743 :  1.7670712e-18 -3.2259764e-18  6.0129621e-18
   744 :  3.3903445e-01  4.8253459e-01 -4.8766068e-02
   745 : -7.9077927e-38  5.2152952e-38  1.1377130e-37
   746 :  9.5796763e-32 -6.1791230e-31  4.1171048e-31
   747 : -3.1467806e-25  4.3602601e-24 -9.0025844e-24
   748 : -9.1619628e-19 -1.5069455e-18  4.3225192e-18
   749 : -7.0106959e-12  1.6767407e-11 -2.3986169e-13
   750 :  8.2880868e-40 -1.4256070e-39 -2.4067832e-40
   751 :  4.3319429e-01  2.7853590e-01  2.4540825e-01
   752 :  1.9323577e-19 -2.0649394e-19 -2.0496396e-19
   753 : -1.6963173e-12  5.4243901e-12 -1.5781500e-12
   754 :  1.3366822e-32  1.8836090e-33 -2.8896830e-32
   755 :  3.4428376e-01  2.4880342e-02  4.9309003e-01
   756 :  3.1234609e-24  1.0110567e-24 -7.4878575e-24
   757 : -1.2192824e-57  3.1077699e-58  4.4952794e-58
   758 :  2.1644132e-04 -9.5263058e-06 -1.0156653e-04
   759 : -5.3142601e-19  3.4483021e-19 -2.1438618e-19
   760 : -3.1508467e-28  4.8945579e-28  1.5790746e-28
   761 :  8.9371651e-18 -1.5843145e-17 -3.7854693e-18
   762 :  4.0370803e-05 -3.7441402e-06 -1.3710942e-05
   763 :  1.6394109e-44 -3.2531755e-44  8.0556485e-45
   764 :  2.9650177e-46  1.0248983e-44 -5.2613346e-45
   765 :  2.7608410e-01  4.9649077e-01  2.2937067e-01
   766 : -1.9474974e-22  4.7095947e-22 -7.6496748e-23
   767 :  9.7803142e-06 -6.3967396e-06 -1.8081577e-05
   768 : -1.5887366e-39  1.9418324e-39 -2.3888104e-39
   769 :  3.2351614e-01  1.6918245e-01  1.2226290e-01
   770 : -3.0922061e-17  3.5427934e-17 -6.4407956e-17
   771 : -7.4912089e-11  2.1438392e-10 -3.6830299e-11
   772 :  1.0689649e-07 -7.8356102e-08  9.7135768e-08
   773 : -3.8534480e-21  8.8301175e-21 -9.3083081e-22
   774 :  6.4641163e-01  1.4192554e-01  1.9962053e-01
   775 : -1.3335862e-04  1.2504988e-04  5.4796331e-04
   776 :  5.7303473e-20  1.9651400e-19 -2.9302755e-19
   777 :  2.5635190e-18 -2.9163087e-18 -3.2875752e-18
   778 : -3.9291873e-18 -1.6434576e-18  2.2905763e-18
   779 : -9.0296111e-34 -3.1804923e-34  6.0618335e-34
   780 : -1.1154578e-06  5.6428368e-08  6.7857007e-07
   781 : -3.3486157e-39 -3.6345515e-38  7.8058984e-38
   782 :  1.4659962e-57  2.9496011e-57 -7.3868144e-57
   783 : -8.8090261e-19 -3.6737885e-18  6.6202108e-18
   784 : -1.3052380e-20 -1.1249707e-20  1.1865536e-20
   785 : -6.2510690e-39  1.2082222e-38  5.5062835e-40
   786 :  3.6526671e-01 -6.9389359e-02  7.2998948e-01
   787 :  1.0089245e-01  3.0257700e-01  4.9080794e-01
   788 : -5.6465638e-38  8.2388957e-38 -1.1564240e-37
   789 :  3.4360934e-36 -5.1315815e-37 -2.7319343e-36
   790 : -6.4675513e-15  2.2171440e-14 -6.5191500e-15
   791 :  1.7595731e-12 -2.3967951e-12  3.4866065e-13
   792 :  5.7871777e-08 -2.6307909e-08 -7.5828367e-09
   793 :  1.8168666e-08 -2.7427957e-09 -1.1136950e-08
   794 : -7.3949793e-17  1.6597325e-16  4.7179849e-19
   795 :  2.2865747e-08  3.2099369e-07 -1.4378632e-07
   796 : -7.7041462e-10  1.1133906e-09 -2.0168095e-09
   797 :  1.6657589e-39  2.6660585e-39 -2.1565234e-39
   798 : -1.2304271e-13 -2.3953760e-13  1.6824918e-13
   799 :  3.3190829e-23 -2.8317409e-22  2.0440442e-22
   800 :  1.8352903e-01  2.6502512e-01  1.0770401e-01
   801 :  4.0336422e-37  4.8405049e-38 -8.6457779e-37
   802 :  2.8389292e-19 -5.3392946e-19 -8.2828510e-20
   803 :  2.2480640e-28  3.2313170e-28 -2.6465139e-28
   804 :  2.7750560e-01  1.8213187e-01  5.4425639e-02
   805 :  6.7181709e-19 -2.0952240e-18  5.7600017e-19
   806 :  4.3035850e-35 -2.4169949e-35  8.1944370e-36
   807 :  2.6086267e-39 -4.0137421e-39  6.7411183e-40
   808 :  2.9994739e-01  2.5992962e-02  1.1209640e-01
   809 : -4.6983536e-27  5.4079333e-27  4.3247553e-27
   810 :  2.7874461e-38 -1.6791536e-38  6.2494200e-39
   811 :  2.6138657e-58  5.2298212e-59 -4.1846166e-58
   812 : -4.5119216e-23 -7.9583062e-23  2.1339505e-22
   813 :  1.1306052e-19 -4.0270961e-19  1.7429124e-19
   814 : -8.9029931e-53  2.9788818e-54  8.3063980e-53
   815 :  1.3028376e-58 -3.2552123e-58  3.7967647e-59
   816 :  1.8660778e-50 -4.4185908e-51 -7.1060516e-51
   817 : -3.1068724e-52 -3.1504950e-52  9.3746090e-52
   818 : -5.1044094e-56  2.7645491e-55 -1.7336458e-55
   819 : -2.3791500e-19  3.4470169e-19 -4.5447016e-19
   820 :  1.4677617e-54 -3.9984365e-54  8.0540181e-55
   821 : -5.6215051e-09 -2.9558671e-08  1.7060430e-08
   822 : -3.8133379e-15  1.0138086e-14 -2.4236637e-15
   823 : -1.3066509e-29  3.5212940e-29 -8.8789389e-30
   824 :  2.0842550e-30 -1.9788963e-30 -2.2744838e-30
   825 : -6.7908982e-44 -2.2490603e-44  1.5875376e-43
   826 : -5.9011650e-11 -1.8286341e-10  2.3529298e-11
   827 :  4.5062510e-33  2.8513769e-33 -3.6682540e-33
   828 :  2.4926962e-25 -3.2644089e-25 -4.4541514e-26
   829 :  1.7711498e-14  3.9273600e-14 -2.7527369e-14
   830 :  2.1819212e-03 -2.7317455e-03  7.6773619e-04
   831 :  3.3258172e-04  1.5333634e-03 -3.2724280e-03
   832 : -3.8120244e-20  4.9487162e-21  7.4736885e-20
   833 : -2.1141809e-04  1.2529040e-03 -9.3085319e-05
   834 : -3.9820231e-50  3.2502249e-50 -2.5421770e-50
   835 :  2.5273524e-56 -8.9050536e-56  1.5401031e-55
   836 : -2.9387397e-17  6.1253120e-17 -1.5520604e-17
   837 : -8.9737275e-35 -1.3051777e-34  3.5924677e-34
   838 : -1.6053964e-13  2.3110113e-14  1.6513458e-13
   839 : -1.0286178e-27  2.1386736e-27 -5.0651068e-29
   840 :  5.4441583e-33  8.1838320e-33 -2.2001259e-32
   841 : -2.2357292e-31  1.0547353e-30 -1.8872273e-30
   842 :  2.8088328e-24  2.5790945e-25 -1.5831300e-24
   843 :  5.3249140e-32  1.2075238e-33 -1.0872628e-31
   844 : -5.9422496e-22 -5.8428839e-21  1.2410474e-20
   845 : -1.1172547e-42  6.2589177e-42 -1.1302109e-41
   846 :  1.5379373e-18 -2.0047807e-17  8.3842920e-18
   847 : -1.3339454e-23  2.9384786e-23 -4.5850476e-23
   848 :  4.0638499e-62 -2.7181903e-61  1.1560043e-61
   849 :  2.5329054e-29 -9.4683545e-29 -1.3621523e-29
   850 :  3.4252525e-26  1.8562451e-25 -4.1326772e-25
   851 : -9.3499528e-29 -1.2449665e-27  1.4355779e-27
   852 : -1.0434732e-46  4.7258235e-46 -1.8794456e-46
   853 :  5.2114075e-11 -4.2552633e-11  2.1047027e-11
   854 :  2.7606404e-62  1.3927134e-61 -3.1027958e-61
   855 : -1.5923899e-09  3.6222283e-10  7.1953125e-10
   856 : -1.3069533e-12  1.1191312e-12 -1.2297196e-12
   857 : -8.3659569e-09  5.0918437e-09 -4.2000762e-09
   858 : -2.7389192e-15  7.4550732e-15 -2.0639885e-15
   859 :  2.6490518e-46  6.1488830e-46 -1.1553593e-45
   860 : -4.4991234e-17  3.9878510e-16 -1.6284850e-16
   861 :  2.3299970e-16 -2.1228824e-16  2.1744200e-16
   862 :  8.6912772e-18  1.2414720e-18 -1.5783274e-17
   863 :  7.9795423e-13 -1.5600385e-12 -4.8371358e-13
   864 : -2.9856667e-12 -2.2294670e-11  6.4642322e-11
   865 :  5.1389161e-08  9.3135542e-08 -2.5323296e-07
   866 : -2.6632064e-02  1.5640844e-02  3.7161678e-02
   867 :  5.6038384e-07  7.3511900e-07  4.2394851e-07
   868 : -1.9118394e-20 -1.8642494e-19  2.2704241e-19
   869 : -2.6110558e-20 -8.9825687e-21  1.6949762e-20
   870 : -2.0091111e-23 -3.0543567e-22  1.5691354e-22
   871 :  2.1901857e-10  1.8480698e-10 -6.5120775e-10
   872 : -4.1744412e-10  1.6674960e-10  9.8515113e-11
   873 : -4.9462039e-03 -1.0267523e-02  1.4836120e-02
   874 :  3.2129137e-02  1.1276050e-02 -1.6510561e-02
   875 : -3.4142546e-29  1.2931239e-29  2.2674597e-30
   876 :  1.8921009e-28  7.6644734e-28 -1.1496024e-27
   877 :  1.0612387e-53 -1.3968317e-53  1.7345121e-53
   878 :  2.1372484e-50 -5.2023102e-50  1.2527894e-50
   879 :  1.6419264e-33 -1.5751783e-33  1.5217908e-33
   880 :  2.4090016e-31 -7.2931436e-31  2.4212102e-31
   881 : -2.1889916e-52  7.4560171e-53  6.9598137e-53
   882 :  4.9390964e-50 -1.8535348e-50 -8.0397231e-50
   883 : -5.1057136e-33  3.0693149e-33 -1.0787300e-33
   884 : -9.4925924e-32  5.5151769e-31 -2.2418839e-31
   885 :  3.9785143e-15 -8.5090359e-15  3.4630499e-17
   886 :  3.7692626e-17 -1.1979614e-16  2.3523439e-16
   887 : -4.3701427e-16  6.3851845e-16  1.1063127e-15
   888 : -1.0479085e-15 -1.3075457e-14  5.9838542e-15
   889 : -2.4581592e-05  1.0834448e-04 -2.3716356e-05
   890 : -1.1284897e-05  4.5975406e-06 -8.5353018e-06
   891 :  6.6885108e-31  2.9041662e-30 -6.4920641e-30
   892 : -1.6207574e-27  2.8448710e-27  4.2246460e-28
   893 :  1.0903793e-17 -2.8670883e-18 -5.1537405e-18
   894 : -2.8221412e-16  2.4515610e-16  3.3873643e-16
   895 : -2.2102153e-05 -5.8876056e-05  1.5713579e-05
   896 :  1.3907132e-05 -3.0295995e-06 -7.2525446e-06
   897 :  1.7754112e-32  9.5327559e-33 -3.6861375e-32
   898 : -2.3416890e-30  3.2572335e-30  1.5731528e-30
   899 : -1.3742701e-06  2.1538688e-06  2.1199981e-06
   900 :  1.3047032e-06 -2.0453132e-07 -5.5872242e-07
   901 :  2.6164614e-20  4.8555811e-20 -1.2619195e-19
   902 : -7.3290463e-18  1.2274300e-17  2.3165186e-18
   903 :  6.5619672e-12  7.4682679e-11 -3.8497695e-11
   904 : -3.7414712e-12  1.4242651e-12  2.2950381e-12
   905 : -1.9917582e-11  6.0768145e-11 -1.4715755e-11
   906 : -4.4157456e-07  6.4502504e-07  5.4074900e-07
   907 :  6.0832933e-08  2.3085011e-09 -6.6440804e-08
   908 :  2.8177549e-12 -1.2338828e-12 -2.4927230e-13
   909 : -1.4566768e-11 -9.9833705e-11  5.6053690e-11
   910 :  1.5318988e-12 -2.5951784e-12 -2.0299350e-12
   911 : -2.0416605e-13  3.9408468e-14  1.2685212e-13
