Number of elements 912
     0 :  3.4375600e-21 -5.4802708e-21 -1.3722876e-21
     1 : -4.0461801e-12  1.3387223e-11 -4.3854109e-12
     2 : -4.8219408e-01 -6.3050958e-02 -3.0445437e-01
     3 :  1.1132922e-14 -9.2559751e-15 -1.5034007e-14
     4 :  1.0292843e-01  1.3646532e-01  1.4994885e-01
     5 :  3.6666430e-01  1.8003515e-01  1.5992235e-01
     6 :  6.3845929e-33 -2.5248258e-32  1.1920819e-32
     7 :  2.5846227e-11 -1.4540786e-10  7.5883383e-11
     8 : -9.6209883e-11  1.9581278e-09 -7.0222687e-10
     9 :  2.3305382e-29 -3.2126783e-29 -1.8524292e-29
    10 : -3.3113828e-10  4.8959768e-10  2.7353421e-10
    11 : -3.5718216e-32  4.8886474e-32  2.7582144e-32
    12 :  4.2341690e-01  2.3358708e-01  5.1122931e-01
    13 : -2.6579329e-07  5.6963287e-08  2.6220192e-08
    14 :  3.2865303e-16 -6.0395426e-16  6.3813781e-17
    15 :  1.1909692e-09 -1.7129184e-09  4.1423485e-09
    16 :  1.5729113e-34 -1.8257657e-33  1.4058968e-33
    17 :  6.8328463e-25  2.3598791e-23 -2.3392134e-23
    18 : -1.3590161e-09  4.8962129e-09 -8.7530857e-10
    19 : -2.6172218e-40 -5.6647185e-40  4.8630322e-40
    20 :  1.8573320e-24  1.7295736e-23 -2.2048425e-23
    21 : -3.1759208e-07 -4.6976043e-07  9.0089200e-07
    22 :  1.0459179e-06  3.5916734e-07 -5.1088154e-07
    23 :  1.6266781e-37 -5.2369180e-37  1.4553429e-36
    24 : -2.0909137e-11  6.0408816e-11 -1.2531810e-11
    25 :  2.3477528e-39 -3.4776792e-38  1.4161381e-38
    26 :  2.6919090e-11 -8.5200965e-11  3.1172840e-11
    27 :  1.7318481e-07 -3.6006515e-07 -5.9746471e-08
    28 : -1.1249455e-07  2.4320535e-07 -8.8821601e-08
    29 : -4.3426917e-13  1.2686370e-12 -7.3670700e-15
    30 : -5.4106573e-10  9.2040209e-10  3.0555416e-10
    31 :  3.1834298e-15 -3.0735174e-15 -3.9102004e-15
    32 :  3.7367539e-31  4.3981941e-31 -1.2271456e-30
    33 :  7.4511303e-06 -1.4101076e-05 -1.1799510e-05
    34 :  2.6815350e-40 -1.7382500e-40 -3.7148311e-40
    35 : -3.8960225e-15 -4.0518521e-15  1.4368364e-14
    36 : -6.2622019e-02 -1.9069741e-01  8.4541274e-02
    37 : -2.0750729e-05  6.2860222e-07 -4.8560312e-05
    38 : -7.7446054e-08  3.2684398e-07 -5.3177449e-08
    39 : -4.0711966e-12  7.9141797e-12  2.3380160e-12
    40 :  4.1360476e-13 -2.3485523e-12  4.8369830e-13
    41 :  2.0378344e-07 -3.8026618e-07 -7.6030969e-08
    42 : -3.6995533e-38  2.7920567e-38  2.2801385e-38
    43 :  1.1122961e-21 -1.5063965e-21 -7.9796299e-22
    44 :  1.0061219e-05 -2.1522105e-06 -3.2141018e-05
    45 : -3.2674357e-17  2.0301668e-17 -1.1770943e-17
    46 :  1.8788830e-18 -3.3825232e-18  5.3333190e-18
    47 : -2.0219437e-31  5.4590266e-30 -1.1262499e-29
    48 : -3.3436848e-34  2.5860986e-33 -1.0713653e-33
    49 : -4.2213413e-09 -2.4688306e-09  1.1598465e-08
    50 : -1.2860090e-06 -2.2265463e-05  8.3415327e-06
    51 :  7.2239135e-02 -2.7086384e-02 -1.4896027e-02
    52 :  1.9005641e-09 -6.5915441e-09  1.4371568e-09
    53 :  2.2454893e-31 -1.0387742e-31 -2.9485631e-32
    54 :  1.2388956e-07 -1.0716041e-07  6.4495919e-07
    55 : -6.4593910e-08 -9.2456496e-08  5.7725571e-07
    56 :  1.4206344e-01  1.8422975e-01  1.9852447e-01
    57 :  2.2274698e-08  2.4053454e-08 -6.2689288e-08
    58 :  2.4036310e-03 -6.5210348e-03  9.9308506e-04
    59 : -1.5374018e-09  9.2407466e-10 -1.8373175e-10
    60 : -1.5985429e-06  4.0567269e-06  3.6213752e-06
    61 : -3.5709484e-03  4.1287122e-03 -4.5145419e-03
    62 : -7.5833282e-11 -8.2466986e-11  6.8171225e-11
    63 : -2.6535706e-05 -1.6965468e-05  1.2034331e-05
    64 : -8.9540906e-12 -5.6127471e-11  8.6983942e-11
    65 : -8.1078095e-14  4.3372668e-13 -1.1944216e-13
    66 : -6.8125338e-15  2.1858941e-14 -4.5666621e-15
    67 : -1.2152960e-32  1.6931609e-33  2.3941709e-32
    68 : -4.5547643e-32  1.0724015e-31 -1.2466694e-32
    69 : -1.4895396e-32  1.2823705e-32  1.8030068e-32
    70 : -2.2453980e-17 -4.2559631e-19  4.8198984e-17
    71 :  3.0525600e-05 -4.2324599e-05 -2.9398623e-05
    72 :  9.5106058e-35 -2.5282498e-34  5.7518440e-35
    73 :  3.0782029e-05 -5.7683830e-05 -1.5448029e-04
    74 :  1.4973439e-24  3.3480382e-24 -2.3823721e-24
    75 :  3.9168251e-25  4.3778300e-25 -3.8165481e-25
    76 :  1.8188828e-35  6.1171985e-35 -3.5870875e-35
    77 :  7.2076262e-27 -1.6847369e-26  1.7669801e-27
    78 : -1.7112965e-30  2.4595141e-30  2.5564834e-30
    79 :  1.0038657e-21 -9.8571710e-22  1.1940912e-21
    80 :  6.1295243e-46  1.6690545e-45 -1.2856631e-45
    81 :  1.7200920e-29  7.2324867e-29 -4.4321353e-29
    82 :  7.5593940e-01 -3.2232873e-01  7.3339169e-01
    83 : -2.5271745e-40  8.2447856e-41  4.4447340e-40
    84 : -1.7018282e-37  3.7699852e-37 -6.0630976e-38
    85 :  3.0379009e-01  2.3951934e-01 -1.4166729e-02
    86 :  2.0574094e-23  1.7069106e-24 -2.3941635e-23
    87 :  1.1634871e-21 -1.1273306e-21 -1.2960904e-21
    88 :  6.6335749e-14  4.8103113e-14 -5.0958647e-14
    89 : -1.0430328e-04  1.1554264e-04  2.2436015e-04
    90 : -8.8708785e-36 -2.9416745e-35  1.8918959e-35
    91 :  1.4819199e-01  1.5537619e-01  1.2786678e-01
    92 :  1.3559760e-17 -3.0656292e-17  1.0342937e-17
    93 : -1.6108369e-44  3.4564410e-45  6.7913609e-45
    94 :  1.8360091e-20 -2.4285192e-20  9.4522061e-21
    95 :  6.8233598e-33 -2.4046626e-33 -1.8885657e-33
    96 :  5.9224694e-16  2.2276361e-15 -4.7115628e-15
    97 : -9.7387632e-17 -5.6441762e-16  7.5675845e-16
    98 :  6.2484772e-02 -5.3397554e-02  1.2346732e-01
    99 :  2.9902131e-30  2.3861424e-30 -2.3130018e-30
   100 : -1.9372031e-31  1.9016341e-31  6.8923649e-32
   101 :  1.1673692e-13 -2.5700537e-14 -4.0263315e-14
   102 :  3.2485325e-09  2.2871738e-09 -1.8331988e-10
   103 :  1.3073288e-41 -1.2428365e-41 -1.4566511e-41
   104 : -8.3770705e-19  1.1516603e-18 -2.9015845e-19
   105 :  2.9883902e-09 -5.8379619e-10 -1.0136057e-09
   106 :  3.7357652e-12  1.9333969e-12 -9.5518104e-12
   107 :  3.7710698e-12 -1.6364283e-11  2.0730924e-12
   108 :  6.8507749e-12  1.4860122e-11 -6.0390146e-11
   109 :  2.1342253e-09  3.7255255e-09 -3.1660121e-08
   110 :  2.0945359e-05 -9.9969952e-05  2.0330087e-05
   111 :  3.1786995e-12 -9.6279384e-12  2.8531302e-12
   112 : -1.2811877e-28 -2.8564399e-29  3.1018835e-28
   113 :  4.2180987e-02 -8.7441817e-03 -1.1716191e-02
   114 : -9.2182780e-17  1.9662218e-17  4.7964804e-17
   115 :  8.1407510e-09 -3.1672576e-08  3.1618193e-08
   116 :  8.0245526e-05 -9.9351406e-05  3.7834507e-06
   117 :  1.4758202e-01  1.8641701e-01  1.5314294e-01
   118 :  5.9561856e-01  1.4351924e-01 -1.1317940e-01
   119 : -7.3594113e-34 -2.1133714e-34  1.1665365e-33
   120 : -5.6113983e-16  2.4426743e-16  4.3220632e-17
   121 :  7.4277513e-26 -2.0199686e-25  5.9755710e-26
   122 : -2.5967180e-08 -8.9702034e-08  5.8495115e-08
   123 : -1.3607928e-41  1.9053433e-42  1.2289892e-41
   124 :  9.3422165e-31 -1.5617078e-30  3.0502629e-31
   125 : -1.2435457e-44  3.0919601e-44 -6.0200593e-45
   126 : -4.0500977e-24  3.8231236e-23 -2.4785477e-23
   127 : -5.6147296e-25  4.0817769e-25  8.0762839e-25
   128 :  1.8432889e-08  2.6123826e-10 -3.7604098e-08
   129 :  9.1786196e-21  1.3011046e-20 -3.6477096e-20
   130 : -1.2195610e-02 -1.1696048e-02  8.6336773e-03
   131 : -9.9791182e-06  1.7510970e-06  3.7730418e-06
   132 : -1.1379990e-07  4.5655196e-07 -1.5815699e-07
   133 : -4.5538572e-05  2.3092901e-04 -3.1565320e-05
   134 : -1.7478263e-07  7.6548901e-08 -3.8136669e-08
   135 :  1.8631421e-10 -2.0641668e-10 -4.5567449e-10
   136 :  1.4722856e-12 -7.0784615e-13 -4.0227182e-13
   137 : -2.8124072e-09  9.1035050e-09 -3.2564918e-09
   138 : -7.0680606e-12 -8.2970127e-11  6.7586888e-11
   139 :  4.5028184e-11 -8.9960197e-11  2.3576945e-11
   140 : -6.2404575e-28  2.6735530e-27 -9.6718903e-28
   141 : -2.1921812e-26 -1.0852035e-26  5.7070958e-26
   142 :  7.4136678e-11  6.7738196e-13 -2.8020169e-11
   143 :  1.7121046e-35  3.7427693e-34 -5.4344905e-34
   144 :  5.5574521e-13 -9.1045661e-13  2.5048931e-13
   145 :  3.8995698e-15 -5.6887039e-15  8.6473515e-16
   146 : -1.4489841e-18  1.1506462e-18  1.9342015e-18
   147 :  4.0107289e-34 -4.5583722e-34  4.6968375e-35
   148 :  6.3747309e-19 -2.9230048e-19 -1.0098206e-18
   149 :  9.5819456e-02  1.6225634e-01  1.3589358e-01
   150 : -8.3335040e-15  4.5770779e-15  1.3535207e-14
   151 :  1.1435635e-24 -6.1270641e-25 -1.8773447e-24
   152 :  9.9074002e-21 -1.1152957e-21 -3.8843302e-21
   153 :  2.9200182e-01  1.2351483e-01  1.4793488e-01
   154 : -3.2739483e-45  1.7548031e-45  4.2538269e-45
   155 :  1.0479932e-34 -1.4291079e-34 -1.9982709e-34
   156 :  2.9024907e-36 -5.4181551e-36  1.2392055e-36
   157 : -1.5481617e-17 -1.1177296e-16  1.4846221e-16
   158 : -7.8883958e-11  1.4566179e-10 -8.0958052e-11
   159 :  6.8309838e-14  1.2673709e-13 -9.1937823e-14
   160 : -4.9003487e-43  1.0317500e-43  1.9123741e-43
   161 : -5.4135796e-42  2.4486062e-41 -4.4142866e-41
   162 :  7.4035311e-02  1.7436870e-01  1.4144422e-01
   163 : -3.2393496e-08  1.0341751e-07 -2.8478221e-07
   164 : -1.0286051e-23  4.4464094e-23 -2.2032346e-23
   165 :  8.7256808e-13 -2.6242989e-12  7.0146698e-13
   166 :  9.6067946e-36 -1.6615201e-36 -1.8453614e-35
   167 : -1.3716140e-10 -6.6195873e-11  3.1992991e-10
   168 : -5.4528912e-07  1.4166239e-06 -3.0141762e-07
   169 :  7.0128904e-01 -2.7448231e-01 -5.9979998e-01
   170 :  1.6433906e-32 -1.3249574e-32  1.1586613e-32
   171 :  7.4269505e-34  3.3530563e-33 -7.4290057e-33
   172 : -1.8209887e-06  4.3087929e-06  3.4422907e-06
   173 :  2.1887087e-08  1.4226389e-08 -5.7625422e-08
   174 :  1.6048504e-11 -2.6467317e-11 -1.1952744e-11
   175 : -9.6035560e-19 -3.5078616e-19  1.1041728e-18
   176 :  7.2538707e-30 -9.7372348e-30 -5.8192496e-30
   177 :  3.4224678e-11 -2.8277939e-12 -7.4623576e-11
   178 :  7.8919281e-01 -5.2004188e-01  1.3943929e-01
   179 :  2.3025028e-10 -2.2254274e-10 -3.0099755e-10
   180 : -3.6606436e-35  2.0260910e-35  5.7020453e-35
   181 : -4.8570778e-07 -1.3583868e-07  1.1811050e-06
   182 : -6.1647046e-21  1.6397143e-20 -2.9918717e-20
   183 : -1.4605694e-05  1.0032176e-05 -1.4077112e-05
   184 :  6.6582355e-45  9.8441190e-44 -5.1386697e-44
   185 : -3.3466633e-24  9.8526565e-25  1.1081629e-24
   186 :  1.5549753e-17 -1.3233588e-16  2.8219102e-16
   187 :  1.1463739e-10  1.8190300e-10 -6.1122020e-10
   188 :  3.8939538e-01 -4.8179459e-03  6.1451518e-01
   189 : -1.7258527e-10 -8.8975767e-10  1.2373402e-09
   190 : -2.3278773e-12 -2.9906211e-12  2.0775424e-12
   191 :  3.1767917e-41 -2.6055468e-41 -4.0888419e-41
   192 : -1.2920056e-06  5.1002145e-06  1.0414915e-06
   193 :  9.1083354e-02  1.8397751e-01  6.0570983e-02
   194 :  2.1429315e-01  3.7348909e-02  4.5757516e-01
   195 : -3.7209994e-17 -1.1893114e-17  2.3847169e-17
   196 :  8.9501037e-35 -7.0678889e-35 -1.1824206e-34
   197 : -1.4408172e-34  2.4546407e-34  4.5858618e-35
   198 :  1.5714538e-14 -8.3137047e-15  3.3743290e-15
   199 : -8.0519289e-03  1.5154460e-02 -6.9145442e-03
   200 :  6.6131537e-31 -1.4729456e-30  3.5579912e-31
   201 : -4.3113251e-07 -2.3432151e-07  7.9933845e-07
   202 : -6.5999787e-17  5.2764599e-18 -5.2357390e-18
   203 :  1.1939268e-37  8.7870814e-38 -9.8248551e-38
   204 :  1.8167779e-17  7.9273535e-17 -9.5522770e-17
   205 :  4.9316673e-07  2.0724176e-06 -1.0576401e-06
   206 : -2.5826484e-37  9.9489578e-38  1.8134163e-38
   207 : -3.3554823e-35  2.1900554e-35 -1.2445150e-35
   208 : -8.3207277e-26  6.6231636e-26  7.8191096e-26
   209 :  3.2615663e-01  2.0525424e-01  7.6828775e-02
   210 :  2.6104522e-18 -2.9128606e-18 -2.5315235e-18
   211 :  4.6288201e-37 -2.0960587e-37 -1.5379114e-38
   212 : -1.6688991e-10  3.4487176e-10 -7.8858362e-11
   213 :  9.1297337e-35 -5.6521765e-34  6.0150604e-34
   214 :  6.8884219e-02  6.0294861e-02  1.9249970e-01
   215 :  8.9408968e-03 -2.0895421e-01  5.3029335e-03
   216 :  2.0867173e-10 -2.1338033e-10 -3.5384496e-10
   217 :  1.9961649e-44  9.6391801e-44 -5.6569917e-44
   218 :  5.2776669e-28  2.0281759e-27 -3.1630585e-27
   219 : -3.2374019e-08 -6.5681699e-08  1.2756132e-07
   220 :  1.6248970e-23  8.9239253e-24 -3.5032703e-23
   221 :  5.0239620e-30 -1.0311819e-30 -9.4773321e-30
   222 : -4.1251681e-03  2.5227546e-03 -4.3556969e-03
   223 : -4.8301051e-05  1.6224496e-04 -1.0548353e-04
   224 : -3.7656632e-15  4.2164519e-14 -3.8793242e-14
   225 :  3.5219417e-23 -8.3668804e-23  8.9489915e-24
   226 : -9.4867947e-31  4.5341229e-31  3.2531789e-31
   227 : -3.0221020e-17  9.7746221e-18  7.2016424e-18
   228 : -3.1472245e-14  6.8194450e-14  9.8154327e-15
   229 :  1.2010066e-20  9.8422315e-20 -5.0510363e-20
   230 : -7.6014506e-32  4.8485052e-32  1.1296673e-32
   231 : -4.8247188e-32  1.6783816e-33  9.7566068e-32
   232 : -2.5678848e-42 -1.4654719e-42  1.9784750e-42
   233 :  4.9581083e-30 -1.0550189e-29  1.6677771e-30
   234 :  6.6631369e-02 -4.1220071e-02  3.8125371e-02
   235 :  4.1374755e-06  1.0281566e-05 -2.3747674e-05
   236 : -3.6053855e-28  6.0263128e-28  1.6915822e-28
   237 :  3.2054678e-26 -1.2264454e-25  6.1022829e-26
   238 :  3.2978137e-39  4.4674968e-40 -1.8582968e-39
   239 :  3.4247265e-30  3.3773873e-30 -1.0831763e-29
   240 :  9.7413381e-36 -1.3034579e-36 -1.9036425e-35
   241 : -4.9740363e-08 -8.1436658e-08  2.7458602e-08
   242 :  2.0362204e-08  1.3172491e-08 -4.7330560e-08
   243 : -1.6085957e-03  1.2634292e-03 -7.4060485e-04
   244 : -2.3699873e-05  2.1610450e-05 -4.3074033e-05
   245 :  9.6344277e-29  1.4844207e-29 -1.8919200e-28
   246 :  4.0304743e-09 -1.0916982e-09 -7.0156502e-10
   247 : -1.2155932e-03  1.3956985e-03 -1.2159659e-03
   248 :  1.2413318e-43 -1.5692855e-43 -9.5267750e-44
   249 : -4.3851519e-22  9.4042801e-22  4.3463599e-23
   250 :  6.6403760e-10 -3.3882466e-09  1.5141597e-08
   251 : -5.1349347e-15  1.0834892e-14  3.9990401e-15
   252 : -3.0541616e-31  5.5455110e-31 -4.2316099e-32
   253 :  1.9851710e-38 -2.2896449e-38  2.8048349e-38
   254 :  6.7135780e-03 -5.7745327e-03 -3.2126680e-03
   255 : -4.3118007e-17  3.0448998e-17 -6.8200771e-18
   256 :  2.0909482e-09 -1.0777148e-08  4.0333635e-09
   257 : -2.3150665e-05  1.8603707e-05 -5.9772715e-05
   258 : -6.7672411e-18 -1.0736996e-17  2.8055916e-17
   259 :  3.0415353e-25 -1.7765225e-25  6.1274321e-26
   260 :  1.4173917e-08 -6.8821015e-08  2.8979053e-08
   261 : -6.3471622e-17 -3.9806022e-17  2.4461583e-16
   262 :  8.9174900e-29 -2.7333531e-28  1.6254835e-28
   263 : -1.5443593e-32  1.6668234e-32  1.6057150e-32
   264 : -8.8332262e-16  9.3879512e-16 -1.1282865e-15
   265 : -8.0523793e-08  1.3239703e-07 -2.8984313e-07
   266 :  1.1978517e-21  3.4295465e-21 -2.1126950e-21
   267 : -6.0643048e-20  1.0694358e-19 -2.2668892e-20
   268 :  2.9521720e-33  6.4966941e-33 -1.6119765e-32
   269 :  2.6450225e-04 -1.8090608e-04  6.0732310e-04
   270 : -3.9477146e-19  2.1888202e-18 -1.2539047e-18
   271 : -4.9541936e-07 -2.2297344e-07  1.2365738e-06
   272 :  4.2834894e-19 -1.3055206e-20 -3.9928064e-19
   273 :  1.1987340e-31 -1.3992998e-31 -1.0362370e-31
   274 :  1.1563147e-09  2.8265933e-09 -4.3859625e-09
   275 :  5.4935706e-27  1.4674693e-27 -1.3425802e-26
   276 : -3.7693184e-06 -1.2488419e-06  5.8203312e-08
   277 :  3.9998466e-29 -3.3365091e-29 -5.0857039e-29
   278 : -2.7499197e-09  3.2820327e-09  1.3262778e-09
   279 :  4.1010537e-15 -6.9738961e-16 -1.6092666e-15
   280 :  3.6325653e-01  1.1066265e-01  1.6715670e-01
   281 :  1.7664959e-15 -3.2230306e-15 -7.5331855e-16
   282 : -5.3635899e-22  2.7817247e-21 -5.6170263e-21
   283 : -1.0833490e-26 -3.6753474e-26  5.8205808e-26
   284 :  1.8704604e-28 -2.1875775e-28  1.9934678e-28
   285 :  2.6330236e-02 -7.5301562e-03 -1.6258396e-02
   286 : -8.7753965e-10  1.4188419e-09  1.5084780e-09
   287 :  2.3273550e-11  2.9301081e-11 -1.9275643e-11
   288 :  1.4216391e-01  1.3972891e-01  1.0429921e-01
   289 : -1.4401857e-12  1.4295439e-12 -1.9983392e-12
   290 :  5.5765184e-02  1.0797921e-01 -1.2668250e-02
   291 : -1.5934708e-15  2.3423688e-15 -3.2216170e-16
   292 : -9.3489311e-05  1.4577134e-04  3.1306134e-04
   293 : -6.0565989e-25  2.7943066e-25  9.5492229e-25
   294 : -3.2156951e-10  1.6620785e-10 -1.2485972e-10
   295 :  4.6590960e-37 -1.2815040e-36  3.9764171e-37
   296 :  1.2914762e-07  5.0641525e-06 -6.9909842e-06
   297 :  4.9869260e-15 -9.6299488e-14  1.0188357e-13
   298 :  2.4502883e-14 -1.7146274e-14 -1.3856559e-15
   299 : -5.3537882e-40 -2.4171585e-40  1.2424496e-39
   300 :  3.1717374e-06  8.6458805e-07 -1.1407563e-06
   301 : -7.4329156e-16  3.5385126e-16  1.5629579e-16
   302 : -1.2733854e-09  4.7483481e-09 -1.5117455e-09
   303 : -3.0914773e-11 -9.3728997e-12  1.8252020e-11
   304 : -2.5736346e-10 -4.3984056e-10  1.3403880e-09
   305 : -5.0994644e-17  3.2930275e-17  8.3837990e-18
   306 : -8.5063049e-05 -8.3042279e-05  1.7657228e-05
   307 :  1.2461217e-10  5.1153831e-11 -3.7368036e-10
   308 : -1.1515237e-14  2.2502788e-15  6.2589282e-15
   309 :  7.3129067e-40  2.0125763e-38 -1.0279407e-38
   310 :  1.9232775e-13  1.4968407e-12 -2.0767331e-12
   311 : -2.5298018e-11 -6.5086104e-10 -4.4679598e-11
   312 : -2.7350849e-36  3.4032258e-35 -6.9580119e-35
   313 :  1.7948541e-25 -6.1154653e-25  1.8179414e-25
   314 : -1.9987098e-38 -2.0289375e-38  5.9800436e-38
   315 : -5.7674948e-30 -2.6309269e-29  1.5226416e-29
   316 :  2.3036032e-04  6.7597715e-05 -1.1772610e-04
   317 : -4.6954981e-41 -1.7678486e-39  1.8024430e-39
   318 :  8.2348244e-07  7.1102581e-07 -2.7429836e-07
   319 : -1.3532766e-07  7.6543947e-08  2.2419486e-07
   320 :  7.8614194e-01 -6.4600195e-01 -4.2854144e-01
   321 : -1.2452549e-04  3.7612480e-05  1.4626629e-04
   322 : -2.2938851e-38  5.2410899e-38 -6.1596056e-39
   323 :  1.3430373e-42 -1.9289147e-42  3.0437406e-43
   324 : -1.5496467e-28  5.3818970e-28 -1.6970581e-28
   325 :  1.4571873e-25 -8.1068375e-25  1.5871188e-24
   326 : -1.5127008e-03 -7.0012989e-03 -7.0636593e-04
   327 :  1.0571179e+00 -8.1000480e-01  1.1615697e+00
   328 : -2.7580985e-08  1.2109630e-08  5.2331057e-09
   329 :  2.6452865e-27 -2.9459387e-26  1.3355747e-26
   330 : -5.1772332e-42 -5.0281852e-42  1.5315865e-41
   331 : -1.2189121e-18  1.8499392e-19  2.4857616e-18
   332 :  2.3625742e-11  6.2888736e-11 -4.5869731e-11
   333 :  3.2806069e-25 -1.9077096e-25  8.2078519e-26
   334 : -2.9163023e-07  2.0138377e-06 -1.2976474e-06
   335 :  3.7314540e-10 -7.0450479e-10 -1.6453039e-10
   336 : -2.2640394e-09  3.0091548e-09  2.0045629e-09
   337 :  1.1196525e-39 -8.2502754e-37  8.8096617e-37
   338 :  1.1377630e-10  1.5110479e-08 -5.8249339e-09
   339 : -6.2569961e-28  2.1645387e-27 -7.1143658e-28
   340 : -1.5036118e-07  2.8065273e-07 -1.1639853e-07
   341 :  6.0183532e-37 -1.3016248e-36  4.6172063e-37
   342 : -2.5484294e-30  1.2961372e-30  4.0415976e-30
   343 : -2.4076661e-15  1.6628704e-15  3.3615326e-16
   344 :  2.2876637e-06 -2.0652524e-06  7.6804073e-07
   345 :  5.6753839e-02 -2.3427811e-02 -1.3623692e-02
   346 : -7.2761356e-30 -8.9308228e-30  7.6390901e-30
   347 :  2.0302061e-06 -9.8804273e-07  6.9212493e-07
   348 : -1.8422356e-16 -3.8368308e-15  1.9291735e-15
   349 :  1.3575156e-16 -8.4061991e-17  5.1444395e-17
   350 :  1.7181538e-06 -6.3534491e-07  7.3737376e-07
   351 :  2.3909811e-23  3.0946586e-23 -2.5788307e-23
   352 :  1.9650717e-06 -4.8824413e-07 -8.8539480e-07
   353 : -4.8937182e-10  2.3003254e-09 -7.2606755e-10
   354 : -1.6501460e-02  1.1003810e-01 -1.4694149e-01
   355 :  8.6366347e-02  1.2036261e-01  1.5457133e-01
   356 :  4.1812098e-37  7.5893866e-37 -1.6525134e-36
   357 :  2.4558764e-06  5.5990658e-07 -2.0315850e-06
   358 : -1.4453092e-17  2.1334770e-17  1.0938643e-17
   359 : -1.4402426e-44  2.9105126e-44 -7.6737743e-45
   360 : -2.4644749e-07  1.1156092e-07 -2.0663288e-07
   361 : -8.5228507e-23  2.4490086e-22 -7.5178591e-23
   362 : -5.5725964e-16  9.9130525e-17  5.1047321e-16
   363 : -1.0081153e-19  3.6845367e-20  1.9587487e-20
   364 : -4.2169757e-21  1.0657433e-20 -2.9569919e-21
   365 : -2.3260868e-16  1.4143365e-16 -3.6822522e-16
   366 :  8.4655818e-34 -2.3295540e-33  5.4926495e-34
   367 : -6.4667512e-13 -4.5590445e-13  2.2098185e-12
   368 : -9.8625028e-09  6.0166904e-08 -4.9261516e-08
   369 : -1.6747261e-16 -8.8152022e-17  5.6295823e-16
   370 : -7.7947617e-20  2.1648416e-19 -5.8548886e-20
   371 :  6.8157276e-34  2.5030767e-34 -1.1797860e-33
   372 :  1.1449517e-15 -7.8999796e-16 -1.4896635e-15
   373 : -1.8136179e-10 -2.6739841e-10  9.2070253e-10
   374 :  1.9912629e-02 -6.3419872e-03 -8.7229332e-03
   375 : -2.0459507e-24  3.0570844e-25  7.6380674e-25
   376 : -4.5277312e-38 -4.5379140e-37  5.4006247e-37
   377 :  1.5811255e-14  6.8409850e-14 -3.3753515e-14
   378 : -2.3970215e-20 -1.1084204e-19  8.9303825e-20
   379 :  2.7830235e-41 -8.4347854e-41  2.9169956e-41
   380 :  2.4098022e-04  2.5333919e-05 -4.9812913e-05
   381 :  7.8535263e-18  1.3012808e-17 -9.4935396e-18
   382 :  2.4401288e-24 -3.6217671e-24 -1.3823926e-24
   383 :  9.8286118e-06  1.0750121e-05 -6.3566129e-06
   384 : -4.0627409e-23  2.5553861e-23  2.0766093e-23
   385 :  2.2452606e-09 -6.3295929e-09  9.4355518e-10
   386 :  1.6142791e-04 -5.9774144e-05 -6.2033882e-05
   387 : -5.5315270e-27 -6.0743127e-29  1.1748594e-26
   388 :  1.7406754e-01  1.4516647e-01 -1.9274502e-02
   389 :  1.7982804e-23  6.3865136e-22 -5.0367561e-22
   390 : -1.3618116e-09  4.5429553e-09  3.9181851e-09
   391 : -2.1996295e-19  7.7628883e-18 -3.6579935e-18
   392 :  4.8234371e-06  2.9236688e-06  1.6009821e-07
   393 :  8.4017567e-06 -2.7433706e-05 -6.8490153e-06
   394 : -9.4534752e-24  5.3288756e-23 -3.2545527e-23
   395 :  2.8937743e-13 -2.0489167e-13  1.6528432e-13
   396 : -1.0779334e-40  2.5548339e-40 -4.1638131e-40
   397 :  2.7153358e-06 -1.2024564e-05  1.5590268e-06
   398 : -3.5137460e-11 -6.1213121e-12  1.4714054e-11
   399 :  3.4787627e-06 -1.0015482e-04  4.0183633e-05
   400 :  3.0239638e-11 -4.5753850e-12 -1.2666421e-11
   401 : -9.3461165e-11 -9.1293500e-11  1.9909356e-11
   402 :  2.5081614e-21 -8.2823234e-22 -4.9152723e-22
   403 :  1.0459215e-20 -7.6457327e-20  5.3006962e-20
   404 :  1.3410213e-35 -2.6764878e-34  2.1326780e-34
   405 : -4.0081682e-13  2.9523292e-13  1.0505079e-13
   406 : -2.1723186e-08 -2.2719846e-07 -3.5289083e-08
   407 : -4.2347320e-05  5.1384251e-06 -4.4016728e-05
   408 :  2.6000427e-04  8.1504631e-05 -7.8540959e-05
   409 : -1.8481611e-12  2.1379076e-12 -3.8431086e-14
   410 : -3.9602303e-02 -2.8035666e-01 -1.7958739e-01
   411 :  6.8118205e-13  5.8340421e-13 -2.1245989e-12
   412 :  3.6145534e-10 -3.1690790e-10 -7.1247958e-10
   413 :  2.5185149e-37  3.0190722e-37 -8.3489854e-37
   414 :  6.8767223e-02 -5.6668181e-02  1.2358788e-01
   415 :  3.6024339e-11 -4.9055396e-11 -3.5758961e-11
   416 :  6.8784778e-27 -1.7390368e-27 -2.8228461e-27
   417 :  2.4198869e-07 -6.6535747e-07  1.5623544e-06
   418 : -9.8541170e-05 -4.5164646e-05  2.7553295e-04
   419 :  1.6961314e-33 -1.5654757e-33 -9.2999682e-35
   420 : -5.8647535e-31  1.9973503e-30 -8.0852132e-31
   421 : -2.9272327e-28  1.4037401e-27 -7.4844962e-28
   422 : -5.3572886e-16  4.5194335e-16 -4.6111707e-16
   423 : -4.9848646e-13  5.8085906e-12 -3.6037602e-12
   424 :  7.9178956e-23 -1.8013419e-22  4.9392981e-23
   425 :  1.4750702e-27 -7.5081067e-27  2.7689181e-27
   426 :  2.9345134e-19  5.8283187e-19 -4.0119369e-19
   427 : -1.4348032e-21 -6.4919361e-21  1.4054201e-20
   428 : -1.6295768e-21  3.0237345e-21  5.2796556e-22
   429 : -1.6135829e-10 -1.0267970e-10  1.0385290e-10
   430 : -1.6337872e-09  1.5607925e-09  3.1130756e-10
   431 : -5.0240332e-13  8.6693353e-13  2.6675940e-13
   432 :  1.5582389e-15  1.9994507e-16 -1.6614496e-15
   433 : -5.0640924e-36  5.4978715e-36  4.7332319e-36
   434 : -9.7869519e-04  1.9933309e-04  7.6190694e-04
   435 : -3.0681348e-13 -4.4838633e-14  5.8858862e-13
   436 : -8.3965696e-24 -4.4836242e-24  2.4400358e-23
   437 : -7.1190161e-08  1.3901784e-07 -2.7953605e-07
   438 : -7.9540485e-08  3.4720509e-08  9.2618185e-10
   439 : -3.5256340e-05  1.7841693e-05 -3.1062367e-05
   440 :  2.0697773e-28 -8.1914580e-28  2.9922587e-28
   441 : -8.3983433e-40 -4.9557597e-40  1.7481591e-39
   442 : -4.4617104e-07 -3.5329846e-07  1.0897221e-06
   443 : -9.4456962e-15  1.7552978e-14  3.9792132e-15
   444 :  1.5444456e-07 -8.3609915e-08 -2.2714670e-08
   445 : -9.1801696e-18  3.5927184e-18  5.8513117e-20
   446 :  5.4239286e-02  2.0882192e-02 -2.6305402e-02
   447 :  1.7831111e-18 -3.3961555e-18  5.6450032e-18
   448 : -1.3845802e-12 -5.3007655e-11  1.1971570e-11
   449 :  3.4257615e-36 -6.6406764e-36 -3.4379545e-37
   450 : -8.7571505e-39  1.1271322e-38  6.6315640e-39
   451 : -1.0917451e-02 -7.9866734e-03  2.0603948e-03
   452 :  9.3908139e-02  5.8942678e-02  1.3286519e-01
   453 :  2.1559041e-02  3.2343962e-03 -1.4100041e-02
   454 :  1.6551901e-01  1.5167863e-01  1.1405765e-01
   455 : -5.5062908e-21 -5.8294605e-22  1.6408606e-21
   456 :  5.9772213e-11 -2.6024988e-11  1.4094706e-11
   457 :  2.8132639e-40  6.9152947e-40 -1.1667360e-39
   458 :  2.0202516e-19  2.8582201e-18 -4.3538788e-18
   459 :  4.4833996e-12 -3.5572943e-13 -9.4967081e-12
   460 : -4.7276705e-13 -5.7315674e-11  2.3184292e-11
   461 : -1.3860412e-18  9.2347148e-19  2.1147633e-18
   462 : -1.7160582e-15  4.1229819e-15 -4.5787558e-16
   463 : -6.8769644e-29 -2.5659288e-28  4.2391373e-28
   464 : -9.8410807e-08 -2.9005667e-07  1.6942797e-07
   465 : -1.0413938e-11  1.1722059e-11 -2.0247525e-11
   466 : -4.4270932e-05 -3.5169838e-06  1.2002103e-05
   467 : -7.0895139e-30 -3.4860735e-30  1.5463374e-29
   468 : -3.9266797e-26  6.4942955e-26 -1.0290199e-26
   469 :  9.3132011e-41 -2.2963287e-40 -7.6617602e-41
   470 :  2.0829700e-37 -2.4421314e-37  1.5863632e-38
   471 : -2.4229540e-23  1.4949935e-23  3.7222322e-24
   472 :  1.2345674e-27 -1.9150487e-27 -7.6108980e-28
   473 : -1.9923762e-09 -7.9815018e-10  5.5984753e-09
   474 : -5.9440958e-33  2.2531715e-33  9.5620647e-33
   475 : -1.7400089e-22  1.3193142e-22 -1.1646017e-22
   476 : -4.0447009e-22 -2.9675789e-22  3.1736807e-22
   477 : -6.0104386e-43  2.5977440e-43  1.8315684e-44
   478 : -1.0261904e-11  2.0331923e-11  4.3360277e-12
   479 : -2.9927388e-42  7.2301895e-42 -1.2193816e-42
   480 :  9.8652399e-04  5.4680435e-04 -1.8833010e-03
   481 : -4.8634967e-21 -3.2870816e-21  1.4803715e-20
   482 : -2.2236557e-31  7.1905936e-31 -2.4325100e-31
   483 : -9.4752319e-05 -2.8799293e-05  9.6029824e-05
   484 :  1.0855261e-11 -6.7873010e-12 -2.2206291e-12
   485 :  3.0363724e-12 -9.7350506e-13 -4.7336663e-12
   486 :  1.0047651e-01 -4.8516863e-02  7.7584504e-02
   487 : -1.2492524e-10 -6.7460467e-11  2.1212680e-10
   488 : -1.1551395e-03  6.5424268e-04  8.3974942e-04
   489 : -2.7820830e-33 -9.6817947e-34  6.6662916e-33
   490 :  1.1916106e-28  1.1508804e-29 -6.3888479e-29
   491 :  3.6588948e-30  1.0711109e-29 -7.0759846e-30
   492 :  1.9663678e-09 -1.6131539e-09  8.8521518e-10
   493 :  2.4988229e-06 -5.5682851e-06  1.6412297e-08
   494 :  1.1080579e-05 -1.4158550e-04 -1.2024389e-04
   495 :  1.3935866e-14 -2.9778402e-14  3.6043075e-15
   496 : -9.5347548e-26  2.6381006e-25 -7.2329768e-26
   497 :  5.9466833e-39  3.6214330e-38 -2.0091686e-38
   498 : -2.9386181e-37  9.6210490e-36 -2.0114175e-35
   499 :  6.1644029e-04 -2.8041808e-04  7.9846167e-04
   500 : -1.2954819e-39  8.1661699e-40  1.8825005e-39
   501 :  1.0601199e-43 -2.4775484e-42  1.8155485e-42
   502 :  1.8608774e-08  4.3544935e-08 -1.1373598e-07
   503 : -5.1596610e-08 -4.6818369e-08  6.4595165e-09
   504 :  4.7477399e-12 -8.7797047e-12  4.1001419e-12
   505 : -8.2916134e-04  9.4443898e-04  3.8610861e-05
   506 :  1.0030123e-28 -3.1910756e-29 -1.8311575e-28
   507 : -2.3650138e-26 -1.5143428e-26  4.8957154e-26
   508 :  4.4156816e-26 -4.5302463e-28 -2.7201312e-26
   509 : -2.0611304e-10  4.2737687e-11  5.2322100e-11
   510 : -2.5544617e-26  5.4420075e-26  1.9862543e-25
   511 :  1.2916160e-19 -1.0146454e-19  2.6498299e-19
   512 : -4.9264910e-20 -4.1990086e-19  2.1287541e-19
   513 : -3.5625547e-14 -1.4851556e-14  9.1026235e-14
   514 :  8.7488701e-14 -8.6246765e-13 -1.1772043e-12
   515 :  6.2776424e-06  3.6918285e-07 -7.6187067e-06
   516 :  1.6600690e-26  4.5035499e-26 -3.0067925e-26
   517 :  4.3264531e-06  1.9436980e-07 -1.2405442e-06
   518 : -8.9591982e-14 -1.3163394e-13  3.3354951e-13
   519 : -1.7570812e-18  2.9446488e-18  8.3462881e-19
   520 : -1.4631531e-14 -1.4566873e-14  3.8091427e-14
   521 :  8.8797947e-07 -1.5868522e-07 -1.2971588e-07
   522 : -1.4985794e-01 -2.5056988e-02 -2.1289313e-01
   523 :  8.7386216e-05 -7.4135514e-06 -3.1235727e-05
   524 : -4.9172127e-14  3.4308144e-14  4.9375171e-15
   525 :  5.8074490e-12 -2.1186301e-12 -1.4919229e-12
   526 : -4.3703621e-20 -1.5508871e-20  6.5482144e-20
   527 : -2.4333400e-33  3.1489633e-33 -3.6546210e-34
   528 :  3.4294933e-03  2.0849532e-01  1.5914321e-01
   529 : -1.3032864e-09  4.5953415e-10  2.7399102e-09
   530 : -6.6155428e-05  3.2009761e-05 -1.2601260e-04
   531 :  1.5385655e-09  1.5624446e-08 -5.1220231e-09
   532 : -1.9074478e-19  1.5793528e-18 -1.1447047e-18
   533 :  5.2747899e-44 -5.4188043e-44  5.7862833e-44
   534 : -1.3952428e-44 -5.1825548e-44  1.1883779e-43
   535 :  4.3020564e-32 -2.4389900e-31  1.2392478e-31
   536 : -3.7909544e-05  7.7644824e-06  7.2745320e-06
   537 : -3.8565416e-09  8.4623733e-09  3.9081625e-09
   538 : -5.7674413e-11  9.4190909e-12  4.8141463e-11
   539 : -1.4375538e-33  5.8949377e-33 -2.8065253e-33
   540 :  5.9851920e-30  2.8931669e-28 -2.6339814e-28
   541 :  2.9717837e-27  1.7746672e-26 -2.6311484e-26
   542 :  6.9214809e-16  1.1456464e-14 -7.5153621e-15
   543 :  2.4536557e-35  3.3100571e-35 -7.1598945e-35
   544 : -4.6969163e-15  2.5518430e-14 -3.9680781e-14
   545 :  4.8513643e-24  9.1158641e-25 -1.1231924e-23
   546 : -5.5441065e-06  1.0990259e-04  2.6118759e-04
   547 :  7.8329382e-31 -2.0732978e-30  4.9902212e-31
   548 :  9.1330669e-06  2.8198643e-06 -2.2343494e-05
   549 : -6.2222482e-26 -6.5660114e-26  2.0765303e-25
   550 :  2.7370140e-10 -1.9139343e-09  4.5807884e-10
   551 :  1.0252435e-05  3.0486698e-06 -3.1682949e-05
   552 :  9.7362792e-08 -2.5753577e-07 -1.3270747e-08
   553 : -1.6157050e-09 -9.8883892e-11  3.5492398e-09
   554 :  4.6845589e-25 -1.9045708e-24  6.7506691e-25
   555 : -6.1027352e-15  2.0311326e-14 -3.1893859e-15
   556 :  9.1368201e-27  1.0006178e-26 -8.9523269e-27
   557 :  1.9102176e-01  1.6176067e-01  1.1494852e-01
   558 : -3.9512578e-09 -2.8145491e-09  1.1170125e-08
   559 :  7.3814031e-07  2.2299583e-07 -7.9371253e-07
   560 : -1.4739518e-09 -1.0662055e-09  6.4443022e-10
   561 :  3.6911536e-02  1.3280242e-01  1.3273402e-02
   562 :  1.8740255e-20  1.6956174e-20 -1.6826957e-20
   563 :  2.1827031e-38 -8.0816740e-39 -4.9827979e-39
   564 : -2.4348770e-05 -2.7440445e-06 -2.7544184e-05
   565 :  4.6370958e-04 -2.1375098e-04  2.7551606e-04
   566 :  3.6420537e-29 -3.1846410e-28  3.8937002e-28
   567 : -1.9609559e-15 -3.3245988e-15  7.1696676e-15
   568 : -1.5229292e-07  8.4908147e-07 -4.3779204e-06
   569 : -1.7914587e-05  1.7307951e-06  7.0796115e-06
   570 :  3.0836818e-24 -5.6776551e-24 -1.1966323e-24
   571 : -4.6099685e-16 -6.3872526e-16  4.8615230e-16
   572 :  3.2386824e-42 -4.9021604e-41  2.2612074e-41
   573 :  3.2237368e-11  5.2642047e-11 -1.1563243e-10
   574 : -1.0241169e-09 -1.7436899e-09  4.9057978e-09
   575 :  1.6985890e-01  1.7372183e-01  7.5193866e-02
   576 : -8.2799170e-13 -1.4878159e-12  4.3832843e-12
   577 :  1.0129298e-01  1.6155055e-01  8.6413304e-02
   578 : -1.5494496e-45  1.4594396e-45  4.0321868e-46
   579 : -4.1135635e-03 -3.1372698e-03  1.4462926e-03
   580 :  1.4079545e-01  1.3364067e-01  1.9029219e-02
   581 : -3.6469487e-25  1.6965217e-24 -8.4928881e-25
   582 :  2.3041773e-42 -1.0095722e-41  3.7694903e-42
   583 :  9.1156199e-23 -3.1154844e-22  1.1714768e-22
   584 : -7.3631036e-35  1.1834897e-34  3.0101690e-35
   585 :  9.5030770e-06 -5.1327045e-05  1.4671314e-05
   586 :  4.0490967e-29 -6.9471630e-29 -1.4083545e-29
   587 : -5.0492057e-21 -6.3465339e-21  1.6099911e-20
   588 :  5.1421656e-28 -5.3503676e-28  9.1861945e-30
   589 : -1.4029274e-06  7.8597315e-07  2.1088541e-06
   590 : -9.5427529e-07  5.3357644e-07  2.7534090e-06
   591 :  6.5568968e-39 -9.4208870e-39 -3.7774701e-39
   592 :  6.1997444e-25  2.6072013e-25 -1.1434974e-24
   593 :  3.0534800e-18 -4.2395637e-19 -1.9919117e-18
   594 :  7.8328422e-21 -4.8169469e-21 -1.3980228e-21
   595 : -3.6201204e-11  7.8860451e-12  2.1649920e-11
   596 : -5.2517890e-12  1.5157152e-11 -2.7155392e-12
   597 :  5.3127714e-17  7.6219459e-17 -1.7481962e-16
   598 : -1.6711392e-20 -9.8537471e-20  5.5781964e-20
   599 : -1.4145877e-02  3.7069859e-03 -6.3215681e-03
   600 : -2.8023070e-13 -6.6511667e-14  6.8366115e-13
   601 :  1.1367433e-03 -1.5660394e-04 -9.1194372e-03
   602 : -3.9920367e-30 -2.4598549e-29  1.3426968e-29
   603 : -1.6207087e-33 -5.6135322e-33  3.5017344e-33
   604 : -1.0138934e-23  2.0632085e-23 -3.1632261e-23
   605 : -4.0755972e-18  5.9125498e-18  3.1517004e-18
   606 :  5.4692234e-02 -1.9039687e-01 -2.7151020e-02
   607 : -3.1246457e-13  4.3992485e-13  2.5870913e-13
   608 :  4.7184699e-27  5.8649650e-27 -4.8147489e-27
   609 :  2.6138250e-23 -1.5216593e-23 -1.2956086e-23
   610 :  4.0414502e-33  1.5644687e-32 -3.5854307e-32
   611 : -1.2680956e-03 -3.7172636e-04 -1.5224019e-03
   612 :  2.8737145e-13 -4.6465509e-13 -2.0123954e-13
   613 :  7.0980636e-17  2.4844342e-17 -1.8060462e-16
   614 : -3.0773178e-07  2.9555486e-07  2.8653523e-07
   615 : -3.4592861e-15 -7.2960173e-16  7.9263696e-15
   616 : -2.4743001e-35  4.7451038e-35  2.5482604e-36
   617 : -6.5087548e-17  2.5830918e-18  2.6549021e-17
   618 : -6.9197163e-21 -2.3373931e-21  4.5150169e-21
   619 : -4.5548612e-27  4.5602955e-27  4.6271362e-27
   620 : -7.9297753e-19  8.3398690e-19 -1.0777557e-18
   621 :  8.2669060e-14 -9.2232033e-14 -9.9160260e-14
   622 : -2.2455721e-04  3.4380770e-04  4.8651499e-04
   623 : -1.2050713e-08 -7.8123179e-09  3.1457809e-08
   624 :  6.3069583e-16  6.5848151e-15 -2.6667623e-15
   625 : -9.9985573e-16  6.8028038e-15 -2.8753765e-15
   626 : -2.0307344e-45  7.9195376e-45 -3.0060342e-45
   627 : -7.2506448e-30  4.7638291e-29 -3.3283816e-29
   628 :  4.6548818e-21 -8.2866089e-21  1.7581308e-21
   629 :  8.8166543e-09 -2.2481305e-08  3.7768248e-09
   630 : -7.8809967e-06  2.7167297e-06  9.4141969e-06
   631 :  1.2519718e-17 -5.1168258e-17  1.2811147e-17
   632 : -4.9787427e-35  1.3669411e-34 -3.6158323e-35
   633 :  4.3697461e-09  3.5485083e-09 -2.8309579e-09
   634 :  3.0084674e-12 -1.0374491e-12  2.2966781e-12
   635 : -2.0288163e-07  1.6965482e-08  3.9239840e-08
   636 :  5.1929836e-07  1.4415446e-07 -3.2822809e-07
   637 : -3.2508105e-05  1.9100669e-05 -3.0780415e-05
   638 :  3.2871065e-05  5.4628765e-04  1.2950729e-04
   639 :  1.1874525e-06  5.8817858e-07 -3.3248005e-07
   640 :  1.7706150e-01  1.8364695e-01  5.1748240e-02
   641 :  1.0496466e-26 -2.0880008e-26 -5.2402793e-28
   642 : -1.2470449e-09  1.0525705e-09  1.5989151e-09
   643 :  5.1388389e-08  4.0720937e-08 -1.3731171e-07
   644 :  2.6863426e-09  3.0159361e-08 -3.9522663e-08
   645 : -9.3463188e-13  3.6601262e-12 -7.3657876e-13
   646 : -1.3388093e-14 -4.2892405e-14  6.7073001e-14
   647 :  9.2977903e-03 -6.5618035e-03  1.3708001e-01
   648 :  5.2835207e-14 -1.2043662e-13  2.1715947e-14
   649 :  1.4944875e-06 -8.8682252e-06  2.0463018e-06
   650 : -8.4459785e-16  2.0162465e-15 -3.5275195e-15
   651 :  4.8633485e-04  1.2578268e-03 -3.3659338e-03
   652 : -6.5798343e-15 -2.1211161e-13  1.4381609e-13
   653 :  3.1017406e-06 -4.9579876e-05 -9.0537860e-05
   654 :  8.8381740e-23  8.9251393e-25 -7.8691958e-23
   655 :  6.0665656e-14  2.7795532e-14 -1.3430611e-13
   656 : -5.0154670e-03 -7.4821881e-03  4.8828530e-03
   657 : -2.5150909e-06  5.7856251e-06  6.5907918e-08
   658 : -1.4316940e-13  2.0653185e-13 -4.1746614e-13
   659 :  5.7144641e-11 -6.2830753e-11  4.9074903e-12
   660 : -6.0432639e-05 -1.3531921e-04  4.4674256e-04
   661 :  1.0614502e-01  1.8726461e-01  1.4819079e-01
   662 :  1.0985612e-21 -9.4907337e-23 -1.3765974e-21
   663 :  2.4541176e-06  2.4971442e-06 -4.6345542e-06
   664 :  1.5458141e-04 -2.0001096e-04  6.3513003e-04
   665 :  4.6116453e-04 -8.4368842e-05 -9.1006784e-05
   666 :  1.7280143e-35 -1.2423820e-35 -2.2880904e-35
   667 :  1.6537635e-24 -9.8571709e-25  7.0224690e-25
   668 : -2.6401234e-09 -2.3653932e-08 -4.1468172e-08
   669 :  1.6968776e-44  6.8934171e-45 -4.0561885e-44
   670 : -1.2462325e-05  4.6776607e-06  3.4524745e-06
   671 :  1.5657521e-01  1.1379068e-01  2.7402917e-01
   672 : -4.0540866e-07  1.1559321e-06 -1.9327892e-05
   673 : -4.1885280e-19 -1.5266001e-20  8.7110921e-19
   674 :  3.8009890e-16 -3.6330203e-16 -4.4335018e-16
   675 :  3.1865662e-17 -1.9831939e-17  1.3392182e-17
   676 : -1.3609359e-12  6.4796395e-12 -1.6370044e-12
   677 :  2.8684368e-13 -7.0542288e-14 -1.9603373e-13
   678 :  5.8473152e-07  4.5032439e-07 -9.0128576e-07
   679 :  1.3956484e-10 -3.5622958e-10 -2.1151676e-11
   680 :  1.5989097e-10 -6.5480255e-10 -1.6246416e-10
   681 : -4.3806198e-25  3.1394696e-25 -2.4920083e-25
   682 : -6.8665029e-26  4.0049687e-26 -4.5900814e-26
   683 :  5.6733372e-23 -5.5313636e-23 -7.2772487e-23
   684 : -2.2344363e-29  9.8269779e-30  1.0233833e-29
   685 : -1.0553500e-11  3.5397799e-11  4.1074159e-12
   686 : -2.1676204e-16  6.3601942e-17  5.8248112e-17
   687 : -4.3039589e-29  9.0279624e-29 -1.5683994e-28
   688 : -1.1312370e-17  1.7090615e-17  6.1550584e-18
   689 : -2.3083395e-03  1.0749760e-04  1.2421748e-03
   690 : -2.2493581e-12  2.9035586e-13  7.9349449e-13
   691 :  5.3142875e-12 -1.6762512e-12  6.9032046e-12
   692 : -2.7566869e-13  5.4155037e-13 -5.0023108e-13
   693 : -4.8463357e-44  6.9560654e-44  3.1753109e-44
   694 :  2.7216391e-30  9.4884252e-31 -7.2005037e-30
   695 : -9.7626215e-06  2.5393040e-04  3.5501333e-04
   696 :  7.9116365e-08 -1.4314586e-08 -1.8470820e-07
   697 :  7.1653766e-13 -4.1698832e-13 -1.3196380e-12
   698 :  5.3902059e-05  5.1793029e-04 -1.3539610e-04
   699 :  1.2682683e-20 -8.0932281e-20  1.5153979e-19
   700 : -6.7492321e-37 -8.4922403e-37  2.3835368e-36
   701 :  1.4059926e-34 -4.0968019e-34  1.3421152e-34
   702 : -1.1494084e-24  2.0955812e-24  3.3089617e-25
   703 :  1.9272922e-01  1.9541634e-01  1.3956455e-01
   704 :  1.0951496e-13 -1.8996769e-14 -7.3296765e-14
   705 :  9.2620656e-29 -3.3274392e-28  1.2554814e-28
   706 :  2.0330024e-01 -2.5834753e-02  2.3084221e-01
   707 : -6.9819675e-08 -9.3489815e-08  7.9438581e-08
   708 :  4.5350535e-09 -1.5279029e-09 -1.4325598e-09
   709 : -3.4203996e-16  6.0620123e-16 -1.0273201e-15
   710 : -4.4525050e-20  2.0539407e-22  5.3274867e-20
   711 :  1.3501610e-14 -5.3668820e-15  2.5299429e-15
   712 :  5.4633888e-07  7.8742302e-07 -3.5998569e-07
   713 :  5.0837488e-14  2.3055844e-13 -5.4829820e-13
   714 :  7.5343494e-02  1.6694913e-01  3.7777129e-02
   715 :  1.6352532e-11 -4.5241000e-12 -3.9969991e-12
   716 :  7.4782257e-32 -5.5790801e-31  1.0645118e-30
   717 : -3.7644392e-09  1.5079194e-08  7.3935880e-09
   718 : -9.9910866e-15 -1.0211806e-14  3.2092742e-14
   719 : -1.7174358e-08 -3.7530815e-08  2.7774339e-08
   720 :  1.0931791e-01  1.6935724e-01  2.8030792e-01
   721 :  4.0938812e-05 -1.6901820e-05  7.1655750e-05
   722 : -7.0324211e-27 -6.2283994e-27  5.7748666e-27
   723 :  1.0390724e-25 -3.5911296e-25  1.6753019e-25
   724 : -4.5736386e-26 -9.6012238e-26  7.5466475e-26
   725 : -1.1431475e-06  2.6232876e-06  3.9531710e-06
   726 : -1.2666688e-17  2.2238656e-18  4.7301439e-18
   727 :  3.2551658e-06 -1.4766062e-06  3.9543236e-06
   728 : -3.8973730e-09  1.7242111e-08  1.7141801e-08
   729 : -1.7321908e-11  4.4310723e-11  2.8555937e-12
   730 : -6.0119607e-13  3.7254665e-13 -6.1317540e-13
   731 :  5.7197705e-25 -1.6017078e-24  5.1261412e-25
   732 :  6.0261046e-22 -1.0104074e-22 -8.6791634e-23
   733 : -2.7760816e-13 -3.0389590e-13  1.6293535e-13
   734 :  4.5850202e-03 -8.6457444e-03 -6.3252443e-03
   735 : -1.5867680e-13 -5.2805170e-13  2.0306060e-13
   736 : -3.3080507e-03 -8.0999144e-04  7.0410607e-04
   737 :  3.9282524e-17  4.4163340e-17 -1.4845147e-16
   738 :  8.5781128e-08 -1.1425093e-07  7.5858725e-08
   739 :  1.5561797e-01  1.1045901e-01  1.7664013e-01
   740 : -5.2751640e-12  1.8890466e-11 -4.4796415e-12
   741 : -1.9417708e-05  8.2968107e-05 -3.3394106e-05
   742 :  3.1318020e-14  8.2681527e-14 -1.6446460e-13
   743 : -1.3610152e-12 -1.8091146e-12  7.4495217e-12
   744 : -1.1740518e-01  1.0579963e-01 -2.7426460e-02
   745 : -1.3211254e-27 -1.9195536e-27  5.3089167e-27
   746 :  2.4659017e-22 -3.8956024e-22 -1.8513707e-22
   747 :  2.8781960e-17  5.9516198e-17 -1.4148152e-16
   748 : -1.7356037e-12 -2.0569627e-12  8.4516740e-12
   749 :  1.3323104e-08 -1.6439550e-08  3.1137207e-08
   750 :  4.4179502e-30  5.0553927e-29 -6.8145115e-29
   751 : -1.2202476e-01 -2.3172419e-01 -2.2078106e-01
   752 :  1.5229080e-13 -3.0082741e-14 -3.3068136e-13
   753 :  1.1656992e-09  1.1105436e-08  4.2076684e-11
   754 :  1.3679887e-22  1.8156533e-23 -3.0494742e-22
   755 :  1.4804861e-01 -6.4603453e-02  9.1066301e-02
   756 :  2.9834720e-16  2.4217708e-16 -9.3343439e-16
   757 : -1.5587796e-41  3.8276027e-42  5.7159369e-42
   758 : -8.0469797e-03 -9.9115798e-03  5.8991162e-03
   759 : -1.0927616e-12  7.5508284e-13 -9.1190663e-13
   760 : -3.6109911e-19  8.6621676e-19 -9.0729932e-20
   761 :  1.1232424e-12 -4.7070483e-12  1.9475257e-13
   762 : -4.0362152e-03  2.1154584e-03  2.3298653e-04
   763 : -8.3060776e-32  2.6164406e-31 -8.8547070e-32
   764 : -7.6314223e-33 -2.1632974e-32  1.4474455e-32
   765 :  2.1215942e-02 -1.4274668e-01 -2.2254210e-01
   766 : -9.9128980e-16  2.2518158e-15 -7.4871463e-17
   767 :  2.0601300e-04  1.2064106e-03 -1.4599426e-03
   768 : -2.4715643e-28 -5.3701249e-28  1.3767685e-27
   769 :  1.1944746e-01  7.9369789e-02 -7.1874202e-02
   770 :  1.6793632e-11 -1.0349139e-11  1.8393879e-13
   771 : -2.5125696e-08 -3.4867690e-09 -1.2938890e-08
   772 : -1.6962225e-05  1.4250083e-05 -2.2664443e-05
   773 :  3.2590843e-16  6.1100627e-15 -6.6381433e-15
   774 : -4.5110119e-01 -1.4056869e-01 -1.9078780e-01
   775 : -2.3273390e-02  6.6449990e-03  7.0232411e-02
   776 : -5.8454099e-14  1.2834771e-13 -1.1286035e-14
   777 :  7.8892265e-13 -2.7368151e-12 -2.9730974e-12
   778 : -1.7113786e-12  5.0320617e-12 -1.0475969e-12
   779 : -3.7243699e-24 -8.4137523e-24  5.9142007e-24
   780 :  1.2942425e-04  2.9356818e-04  2.7322101e-05
   781 : -7.6499561e-28  6.9547659e-28 -7.0435989e-28
   782 :  3.5345351e-42  2.4572957e-42 -8.0473660e-42
   783 : -7.2433306e-13 -1.4087608e-12  5.1105970e-12
   784 : -9.5810302e-14 -6.9046181e-13  3.5273890e-13
   785 :  5.5078646e-28 -1.3042058e-27  1.9067926e-28
   786 : -1.8379350e-01 -4.3187784e-02 -4.9104023e-01
   787 :  1.2939902e-01 -4.9108449e-02 -1.5313800e-01
   788 : -5.7949449e-27  5.4946629e-27 -6.6023385e-27
   789 :  3.8361744e-25 -5.1033041e-26 -4.2362742e-25
   790 :  3.4783069e-10 -3.2260212e-10 -9.1906078e-10
   791 :  2.4657023e-10  3.7533218e-09 -1.1123380e-09
   792 : -1.7246153e-05  7.5404571e-06  3.8667531e-06
   793 : -2.0053223e-06  6.7197345e-07  4.3709771e-06
   794 : -4.2275073e-12  9.2137653e-12  9.8207860e-12
   795 : -2.0652634e-05 -5.5135264e-05  2.7358104e-05
   796 :  1.8497001e-07 -7.9588399e-07  1.3570743e-06
   797 :  3.5816780e-28  3.1292107e-28 -4.7880222e-28
   798 : -2.3978169e-09 -2.9996139e-09  8.2035616e-10
   799 :  5.9394989e-16 -1.0829457e-15 -3.1058354e-16
   800 :  8.1551583e-02  9.7115565e-03 -8.3820977e-02
   801 :  2.0807200e-25  2.3625411e-26 -4.3028157e-25
   802 :  2.8793258e-13 -7.4343476e-13 -2.3381920e-13
   803 :  2.2629865e-19  3.1252138e-19 -2.3880613e-19
   804 :  1.7281862e-02 -2.2115914e-01 -8.7554695e-02
   805 :  5.1572271e-13 -2.5090862e-12  3.9328505e-13
   806 :  6.3316568e-24 -2.8061714e-24  7.6484263e-25
   807 :  1.1485357e-27  1.6983736e-27 -1.3297801e-27
   808 : -1.6257278e-01 -4.6973181e-02 -2.1535286e-01
   809 : -5.1586083e-18  5.8835547e-18  5.9984160e-18
   810 :  1.0693258e-26 -6.0819395e-27  2.2059951e-27
   811 :  4.3395680e-43  6.5857055e-44 -6.5867284e-43
   812 : -2.8949173e-15 -5.0862580e-15  1.6158597e-14
   813 :  4.3900723e-13 -1.3676330e-12  1.4966996e-13
   814 :  3.2750936e-39  4.7628043e-40 -4.2312819e-39
   815 : -1.4580583e-44  8.0145872e-44  3.9710151e-44
   816 : -1.2306399e-36  2.0418104e-37  5.0997645e-37
   817 : -2.5978310e-38 -2.5743436e-38  7.7981562e-38
   818 :  3.3488176e-41 -1.5930899e-40  9.0684073e-41
   819 : -1.3991577e-13  1.4948497e-13 -1.6491897e-13
   820 : -1.5403821e-40  4.2211904e-40 -8.8607082e-41
   821 :  2.1111604e-06  9.0144190e-06 -5.1434960e-06
   822 : -6.3179666e-11  5.5723562e-11  8.5282151e-11
   823 : -1.3366255e-20  3.1746022e-20 -4.2764152e-21
   824 :  2.0663127e-20 -1.5561683e-20 -2.9191370e-20
   825 : -1.5161217e-31 -5.6171007e-32  3.6275485e-31
   826 :  5.7631805e-08 -1.5719660e-07  8.3162208e-08
   827 :  5.2807619e-23  2.6933774e-23 -3.9466604e-23
   828 :  1.0985329e-17 -1.9986153e-17  1.3196740e-18
   829 : -3.3716129e-10 -4.4732371e-10  3.3833508e-10
   830 : -1.1697767e-02  1.3527328e-01 -5.9080537e-02
   831 :  3.7353588e-02 -5.8507378e-02  1.5386293e-01
   832 : -3.8897517e-14  5.3932779e-14  3.1808204e-14
   833 :  2.9505387e-02  5.2333366e-02 -3.7555128e-02
   834 :  5.5451868e-37 -5.5095569e-37  5.6075454e-37
   835 : -2.5681153e-43  1.0672400e-41 -2.1513909e-41
   836 : -2.4080559e-12  1.1947438e-11 -4.4718747e-12
   837 :  2.2521653e-25 -1.3236657e-24  2.7351470e-24
   838 : -2.4316707e-09 -2.1885432e-09  1.1305804e-08
   839 :  1.2890399e-18  1.4884268e-19 -2.7503382e-18
   840 :  3.2090369e-23  1.0869414e-23 -5.5446611e-23
   841 : -1.4475232e-20  5.2278900e-21  3.9276923e-21
   842 :  5.6400591e-17 -4.1236768e-16  1.6616659e-16
   843 :  7.9414116e-23 -1.7847901e-22  1.5789756e-23
   844 : -9.2885100e-15 -1.5399597e-14  4.1268605e-14
   845 :  4.3550616e-31  3.2097937e-31 -9.6676468e-31
   846 : -4.9368124e-12  3.6119342e-12 -4.0206302e-13
   847 : -3.7475637e-16  4.5998279e-16 -5.7208090e-16
   848 :  2.2883926e-46 -1.4395017e-45  6.0263626e-46
   849 :  9.7431844e-20 -3.4507109e-19 -7.8066175e-20
   850 : -6.9557311e-18  1.0740886e-17 -1.7479666e-17
   851 : -7.7915294e-20  2.3733391e-19 -7.2433146e-20
   852 : -7.9486643e-34  3.6995556e-33 -1.5283985e-33
   853 : -6.8342461e-08  7.8003660e-08 -8.7618062e-08
   854 : -1.7250538e-47 -8.8341552e-47  1.5913264e-46
   855 :  2.0424105e-06 -3.7331246e-07 -1.0745824e-06
   856 :  8.2657562e-09 -4.5660883e-09  4.2109039e-09
   857 :  4.4816054e-06 -2.1480045e-06  6.0668120e-06
   858 : -8.8523242e-10  8.7214241e-11  2.7469674e-10
   859 :  7.4172537e-34  4.3675569e-33 -5.9608270e-33
   860 :  5.0153193e-11  6.0415923e-11 -3.4918514e-11
   861 : -1.7155580e-11  2.0944575e-11 -3.0015519e-11
   862 : -9.5122970e-12  1.3897539e-12  6.3645079e-12
   863 : -2.5479228e-09  1.6975546e-08  2.3531440e-10
   864 : -9.2991188e-08  1.0685600e-07 -2.9830430e-07
   865 :  1.9500372e-05  2.3521606e-05 -7.3604800e-05
   866 :  3.7856375e-01  1.8954361e-01  2.1308743e-01
   867 : -1.6617330e-04  3.2463066e-04 -5.9588369e-05
   868 :  2.8198527e-14 -2.0767312e-14 -4.8182746e-14
   869 : -2.0066602e-14 -1.7704567e-14  1.6097219e-14
   870 : -1.5655792e-15  3.6398457e-15 -9.6405678e-16
   871 : -1.3921231e-07 -1.9405996e-07  3.6654061e-07
   872 :  2.4589306e-07 -2.1644394e-07 -7.6158949e-08
   873 :  3.2587474e-02  1.2153410e-01  1.6676921e-01
   874 :  1.6215387e-01  1.3910579e-01  2.3229075e-02
   875 : -4.7668373e-21  2.9785207e-21 -1.7488271e-21
   876 : -2.9416478e-20  8.4333730e-20 -1.9600921e-20
   877 : -1.7029610e-39  2.5330483e-39 -3.3735937e-39
   878 : -1.4626057e-36  3.2136684e-36 -6.4302252e-37
   879 :  6.8080073e-23 -9.6335303e-23  1.2783665e-22
   880 :  6.4093409e-21 -1.0794511e-20  2.0913192e-21
   881 :  5.8953551e-39 -1.4547703e-39 -2.9808513e-39
   882 : -6.9094094e-37  5.0049494e-37  8.9020996e-37
   883 : -3.0906475e-23  1.6859789e-23 -3.6454487e-24
   884 : -8.2796656e-23  1.0148232e-21 -4.3117995e-22
   885 : -1.5517532e-10  1.7692453e-10  1.6865648e-10
   886 :  3.0837758e-11 -4.2846266e-12 -1.7603721e-11
   887 :  1.2608392e-10  1.0013374e-10 -2.0772434e-10
   888 : -5.4714881e-10 -1.2350900e-09  4.8041868e-10
   889 :  5.7344115e-04 -2.8205618e-03  9.7890582e-04
   890 :  5.4196220e-04 -1.2538995e-04  6.1970673e-04
   891 : -2.5137079e-21  3.4548098e-21 -4.4950154e-21
   892 : -2.2755136e-19  6.0534498e-19 -1.4038492e-19
   893 :  2.4062866e-11 -7.5012100e-12 -8.3416997e-12
   894 : -9.0884738e-11  6.9043375e-11  1.4688829e-10
   895 : -4.0442767e-04 -4.5255192e-04  9.1930110e-04
   896 :  2.0094863e-04 -1.7612461e-04  2.6059675e-04
   897 : -3.4973746e-23  1.5351972e-23  2.4813274e-24
   898 :  3.2025213e-22  3.3261207e-22 -9.7553805e-22
   899 : -2.2783310e-04  2.6097770e-04  4.1135232e-04
   900 :  2.9459527e-04 -6.1375172e-05 -1.2673193e-04
   901 :  7.7058129e-14 -1.3271709e-14 -5.3095643e-14
   902 : -7.1978432e-13 -1.0124429e-12  1.3281103e-12
   903 : -4.2632527e-07  1.0556263e-06 -1.3582266e-07
   904 : -3.3069670e-08  6.1047009e-08 -1.5219321e-07
   905 : -1.2682468e-07 -2.9404008e-07  1.0117428e-07
   906 : -8.3405798e-06  1.1545369e-05 -6.6993234e-05
   907 : -2.0942405e-05  8.4331557e-06  2.9763082e-06
   908 : -2.8239126e-09  1.2317193e-09  1.1164738e-09
   909 :  3.4679773e-09  7.1712045e-08 -3.6836064e-08
   910 : -5.8197188e-09 -3.1900298e-08  3.1838442e-08
   911 :  9.1126972e-09 -3.1498163e-09 -1.0473713e-09
