Number of elements 912
     0 :  1.3067052e-16 -2.4751515e-17 -2.6293998e-16
     1 :  1.4041719e-10 -6.5206511e-10  2.3860304e-10
     2 :  6.7276003e-02  1.1814262e-01 -1.0947529e-01
     3 :  1.1851882e-13  1.0385965e-12 -9.7478749e-13
     4 : -2.2158568e-02  3.5960552e-02 -4.2774224e-02
     5 :  2.2829959e-01  1.7694279e-01 -3.6080385e-02
     6 : -9.9430585e-27 -3.9620351e-26  6.0620048e-26
     7 : -5.2786798e-10  4.0518328e-09 -2.4585233e-09
     8 : -3.1022003e-08 -9.5683199e-08  4.3826417e-08
     9 :  3.1225612e-24  6.9536451e-24 -1.3395135e-23
    10 :  2.5476744e-08 -1.0476420e-07  4.2622541e-08
    11 : -3.8952701e-27 -9.6070082e-28  9.5346443e-27
    12 :  1.1258000e-01 -4.6129531e-02 -1.5488657e-01
    13 :  7.4160876e-06 -1.4884701e-06  2.3117467e-07
    14 : -1.5716634e-13  3.8278151e-13 -2.5327303e-14
    15 : -1.1316683e-06  2.2643555e-06  8.7636627e-07
    16 : -4.1033894e-28 -2.8496189e-28  1.1370997e-27
    17 :  1.9361769e-19  1.7612345e-20 -4.9068908e-19
    18 : -6.9691966e-08  1.8621845e-07 -7.0432960e-08
    19 : -6.8447233e-33  3.7479237e-33  7.2537610e-33
    20 : -3.4497778e-19  1.0568689e-18 -4.2911920e-19
    21 :  1.8743466e-05 -5.9032822e-06 -6.3269069e-05
    22 : -2.4044889e-05 -5.7808628e-06  1.1715388e-05
    23 : -1.8407689e-30  9.5571883e-31  8.2423893e-31
    24 :  8.5258899e-10 -3.6800976e-09  4.4604200e-09
    25 :  5.4067138e-32 -1.2657702e-31  3.0190685e-32
    26 : -6.4326463e-10  9.0766911e-09 -4.0926443e-09
    27 : -3.5629506e-06  1.2249641e-05 -8.0818189e-07
    28 :  4.8024564e-06 -1.2365394e-05  4.4857623e-06
    29 :  2.0093157e-10  2.2194102e-10 -8.3286804e-10
    30 :  1.0677536e-08  2.1769101e-08 -5.1934039e-08
    31 : -7.2292038e-13  7.3777685e-13  7.8398350e-13
    32 :  8.7444870e-26  6.0510732e-26 -2.1888871e-25
    33 : -8.4254346e-05  2.4262315e-04  2.0804651e-04
    34 :  6.3735691e-34 -8.5955449e-34 -4.9311316e-34
    35 :  2.5270100e-12 -7.6043093e-13 -4.7217726e-12
    36 : -8.0431242e-02  1.7048036e-02 -4.0920097e-02
    37 :  1.6366691e-03  3.3896569e-04  2.4340011e-04
    38 :  9.2982609e-06 -4.2406528e-05  1.2387457e-05
    39 :  4.5371247e-10 -6.8577178e-10 -5.7358195e-10
    40 :  5.2381747e-11  2.8450105e-10 -3.4114215e-11
    41 : -2.8477605e-06  5.3236524e-06  3.8167075e-06
    42 : -4.9374651e-34 -1.3357280e-31  1.2519076e-31
    43 :  1.6207373e-17 -2.2340145e-17 -1.2726498e-17
    44 : -1.0096936e-04 -4.0930844e-05  5.9947095e-04
    45 : -6.9271006e-14 -9.9740249e-16  7.4665764e-14
    46 :  3.6340384e-14 -2.1594265e-14  1.6216350e-14
    47 : -5.3835093e-25  7.5941819e-25 -1.1435546e-24
    48 : -4.2810365e-28 -2.8103446e-27  1.0931514e-27
    49 :  2.1809622e-08  4.8189518e-07 -4.2796179e-07
    50 :  6.3298419e-05  3.1786300e-04 -1.0235768e-04
    51 :  1.4314408e-01  2.4257472e-02  8.7219645e-02
    52 : -1.7043785e-07  4.1202529e-07 -7.5996566e-08
    53 :  3.5100593e-27  1.7664138e-26 -4.1625281e-26
    54 :  1.6633857e-06 -9.2924460e-06  9.8727209e-06
    55 : -3.5325942e-06 -2.7669025e-06 -2.5965365e-06
    56 :  9.6842514e-02  6.9230931e-02  1.9766319e-01
    57 : -1.1620746e-06 -1.6456130e-06  4.6417973e-06
    58 : -3.9118645e-02  9.3124313e-02  2.3495373e-03
    59 :  9.5301907e-09 -1.3115967e-07  6.4880798e-08
    60 :  2.3411239e-05 -9.1536438e-05 -7.0802801e-05
    61 : -1.0444915e-02 -1.8301777e-02  2.8082519e-02
    62 :  8.6853452e-09  3.1680625e-09 -5.4062147e-09
    63 :  3.4784666e-04  2.7002005e-04 -1.1024493e-04
    64 : -5.8321094e-09  1.0199739e-08  1.4935768e-09
    65 :  6.1135109e-11 -2.8091981e-10  9.2922924e-11
    66 :  1.1883785e-12 -2.0349283e-12  2.8665083e-13
    67 : -3.2212642e-27  3.5549887e-28  6.8271109e-27
    68 : -1.8032916e-26  4.3334940e-26 -4.4455396e-27
    69 : -4.2530588e-27  4.1966243e-27  4.9377135e-27
    70 :  8.8734242e-15 -2.5198377e-15 -1.6806900e-14
    71 : -2.3115401e-04  8.7798800e-04  4.6774748e-04
    72 :  7.8624944e-29 -2.4522687e-28  7.8324696e-29
    73 :  3.5246309e-04  2.6808250e-04  9.7220006e-04
    74 :  3.0060202e-20  4.3815965e-20 -3.4543802e-20
    75 : -9.0402964e-21 -9.4654739e-21  8.6526018e-21
    76 : -1.2423758e-29  8.6102161e-29 -3.2855541e-29
    77 :  1.9316488e-21 -4.6655443e-21  3.3455697e-22
    78 :  1.2557474e-24 -4.3440320e-24  1.2326212e-24
    79 : -1.8894054e-18  1.7669875e-18 -1.6778258e-18
    80 :  1.2203057e-38  2.3130678e-38 -1.8638524e-38
    81 :  1.2164307e-24  1.9016685e-24 -1.5041505e-24
    82 : -6.4128645e-01 -1.1687774e-01 -5.5617447e-01
    83 : -2.2916899e-33  2.7498036e-33  2.2361150e-33
    84 : -3.4669209e-31  8.7031575e-31 -1.9178462e-31
    85 :  1.5815472e-01  1.0610073e-01  3.4219142e-01
    86 :  5.6797726e-19  1.2229001e-19 -8.4788019e-19
    87 :  1.5213191e-17 -1.7119404e-17 -1.6010844e-17
    88 : -8.6424376e-12 -3.3916876e-12  4.2003916e-12
    89 : -8.3863087e-03 -5.4274992e-04  1.8167056e-03
    90 : -5.5731534e-30 -1.8880941e-29  1.1945616e-29
    91 :  2.8281796e-02  1.1677834e-01  2.6712195e-02
    92 :  1.4714631e-14 -1.7630133e-14  5.0172857e-15
    93 : -3.0131623e-37  6.7935033e-38  1.1762105e-37
    94 :  2.1312735e-16 -1.2073394e-16 -3.7515425e-17
    95 :  6.2748624e-28 -5.9271739e-28  6.7007049e-28
    96 :  3.5913706e-12 -5.4469194e-12  8.6573622e-12
    97 : -3.3640575e-14  1.7732518e-13 -1.1082749e-13
    98 : -5.0137847e-01 -8.4717035e-02 -7.3490690e-02
    99 :  8.9603293e-25  2.2949073e-24 -1.4933775e-24
   100 : -2.0467375e-26  4.7159432e-26 -3.0268902e-26
   101 : -3.1071590e-11 -5.7664610e-13  1.4861341e-11
   102 :  1.5220804e-07  1.1506624e-06 -6.8963398e-07
   103 :  3.5955086e-35 -1.3740046e-35 -6.3566744e-35
   104 :  7.1903768e-15  1.3486364e-15 -3.5183786e-15
   105 : -2.0437217e-07  4.7290335e-08  6.4461638e-08
   106 : -4.8185739e-10  3.0967801e-10  5.1833362e-10
   107 : -5.7167998e-10  2.0936274e-09 -4.1437886e-10
   108 :  2.6533185e-10  3.6615899e-10  3.2272413e-09
   109 : -6.9134536e-07 -1.9690135e-07  1.1049064e-06
   110 : -8.2450247e-05  1.1436421e-03 -4.7238645e-05
   111 :  7.0252482e-09 -6.9959193e-10 -2.2475753e-09
   112 : -8.8168560e-24  1.3331532e-23  6.8205769e-24
   113 :  1.5917995e-01  1.0709355e-03  1.7437366e-02
   114 :  7.6757249e-14 -1.0141427e-14 -4.0397463e-14
   115 :  5.5809532e-07  3.8345815e-06 -2.3502339e-06
   116 : -7.5682742e-04  8.9035869e-04  1.9315512e-04
   117 :  2.0807526e-02  8.6944754e-02  1.1928654e-01
   118 : -6.7892131e-01 -1.8859795e-01 -4.4890766e-02
   119 : -4.4807376e-28 -7.9319128e-29  6.3826266e-28
   120 : -2.9241091e-13  2.1314828e-13 -1.9878554e-13
   121 :  2.7386215e-21  2.3386456e-21 -5.2980085e-21
   122 :  3.1616271e-06 -2.9031799e-07 -4.9911135e-07
   123 : -1.5102105e-34 -2.7354640e-34  4.7256536e-34
   124 : -4.3282152e-26 -1.7941446e-25  1.0261322e-25
   125 : -2.5864194e-37  7.4642229e-37 -2.2961846e-37
   126 : -2.7786792e-20  1.2122977e-18 -1.0744690e-18
   127 :  1.2132644e-21 -1.5679344e-20  1.3290924e-20
   128 : -1.3904701e-06  1.9311309e-06  1.0968561e-06
   129 : -2.0055409e-17 -2.2658778e-17  7.0458106e-17
   130 : -1.3961339e-02  6.8430430e-02  1.6681220e-01
   131 :  1.7064341e-04 -2.7284115e-05 -8.1271368e-05
   132 :  5.4102242e-06 -1.8459202e-05  5.0362527e-06
   133 :  2.7230250e-04 -3.3408411e-03  5.2268999e-04
   134 :  5.6345344e-06 -2.3966533e-06  1.1580891e-06
   135 :  2.0390666e-08  1.8535397e-08 -4.3785813e-08
   136 : -3.7803808e-10  4.6009463e-10  1.3138581e-11
   137 :  1.8410002e-07 -3.9335854e-07 -9.4408754e-08
   138 :  8.3903026e-10  5.2158514e-09 -1.3621571e-09
   139 : -1.7400303e-09  4.8821380e-09 -1.6406675e-09
   140 :  8.1696491e-23  9.0417117e-24 -3.9588942e-23
   141 :  1.4164283e-21 -2.8178442e-21 -4.1399630e-22
   142 : -4.0557159e-09 -4.4586442e-09  8.7025531e-09
   143 : -4.1258693e-30  1.9940432e-28 -2.7671614e-28
   144 : -5.7025639e-10 -3.7393561e-10  3.1776069e-10
   145 :  1.8672731e-13 -1.1145963e-12  4.0978652e-13
   146 : -4.3475217e-15  4.0818747e-15  6.0220852e-15
   147 : -2.3863148e-28 -1.8258874e-28  1.8679009e-28
   148 : -3.0904098e-16  7.3722724e-17  5.6223883e-16
   149 : -8.7326599e-02  3.7027015e-02  3.4181967e-03
   150 :  3.6893848e-12 -3.6849938e-12 -4.8567117e-12
   151 :  1.8877749e-22 -3.8884112e-20  3.5703687e-20
   152 :  2.8344856e-18 -3.1078529e-17  1.1956122e-17
   153 : -2.1468223e-01 -4.1157557e-02 -2.2311624e-01
   154 : -3.6202207e-38  4.4447592e-39  4.6498214e-38
   155 : -1.1537788e-28  1.1292050e-28  2.5103531e-29
   156 :  2.4571513e-31 -3.8192239e-30  1.6607745e-30
   157 :  2.3562802e-14 -1.8944313e-14 -3.4389434e-14
   158 :  2.7134699e-09 -4.7139162e-10  2.6998593e-09
   159 : -1.1371768e-11 -5.4372268e-12  7.2313511e-12
   160 : -4.7480704e-36  1.0522740e-36  1.8090618e-36
   161 : -7.1016463e-35  1.0249044e-34 -1.3767674e-34
   162 :  1.3898961e-01  4.4765838e-03  3.2340821e-02
   163 : -4.8087296e-07 -1.1230602e-06  6.1989635e-06
   164 : -4.8836869e-19  6.4889591e-19  4.7894435e-19
   165 : -8.6304786e-11 -5.1467106e-11  2.7796033e-10
   166 :  9.2236817e-30 -2.2538180e-30 -1.7956654e-29
   167 : -2.1543696e-08  1.5987423e-08 -2.2319952e-08
   168 :  1.4638570e-05 -4.0616977e-05  7.9052803e-06
   169 : -6.7122005e-01  1.4107450e-01  2.1828454e-01
   170 :  9.9004855e-27 -1.0996373e-27 -7.8334501e-27
   171 :  3.6926835e-28  1.7603348e-26 -3.5975674e-26
   172 :  3.8604745e-05 -9.9862868e-05 -7.5647901e-05
   173 : -5.0601396e-07 -5.4595801e-07  1.9409599e-06
   174 : -3.9782247e-09  4.8076805e-09  4.8293769e-09
   175 : -8.4542024e-15  2.7922461e-15 -5.1803785e-16
   176 : -8.6317508e-25  6.4573068e-26  1.8085189e-24
   177 : -2.1068026e-10 -5.2668453e-09  4.8725774e-09
   178 : -1.2241834e+00 -1.7669972e-01 -7.4374319e-01
   179 : -1.4495842e-08  1.4408225e-08  1.9378408e-08
   180 :  8.9642980e-29 -3.4076409e-31 -1.8769858e-28
   181 :  1.3907424e-05 -2.4509032e-06 -3.2298554e-05
   182 : -1.2731898e-16  6.7196542e-17 -3.2951106e-17
   183 :  1.8388252e-04 -2.9870933e-04  6.6751318e-04
   184 :  2.2080253e-37  3.0951887e-36 -1.5883061e-36
   185 : -2.8312848e-20 -2.2822430e-20  2.2529025e-20
   186 :  3.5640511e-13  9.7147150e-14 -5.8710228e-13
   187 :  1.0053960e-09 -1.9496108e-08  3.5500604e-08
   188 : -2.4098528e-01 -2.6484607e-01 -5.9030452e-01
   189 :  1.0684484e-07 -2.3909367e-07 -1.2584212e-08
   190 :  1.3356248e-10  8.6445513e-10 -4.1812473e-10
   191 :  3.2028453e-34 -2.6331473e-34 -4.4196109e-34
   192 : -1.0448352e-04 -1.0325532e-04  3.3915202e-04
   193 :  2.3483696e-01  7.3408948e-03  1.1890120e-01
   194 : -4.6501665e-01 -1.5804249e-01  3.5643433e-02
   195 :  1.5906768e-14  4.5363072e-15 -9.8751256e-15
   196 :  5.6671127e-30  2.6147880e-29 -3.8341855e-29
   197 : -1.5992516e-28  2.6975116e-28  5.7403463e-29
   198 :  1.6145920e-11 -2.9611057e-12 -9.1435879e-12
   199 :  1.1459866e-02  1.6213990e-01 -3.1890484e-03
   200 :  9.8694115e-26 -3.2554054e-25  1.7560383e-25
   201 : -7.2977048e-06  2.8186349e-05 -5.9175387e-05
   202 :  6.6503039e-14 -1.7934356e-14 -1.0557965e-14
   203 :  4.5184198e-32  1.4999034e-31 -8.8348477e-32
   204 : -1.2872283e-14  3.0659003e-14  2.4411796e-15
   205 : -1.0998046e-05 -3.9543562e-05  1.2447427e-05
   206 : -2.8093092e-31  8.1857543e-32  7.2058281e-32
   207 : -3.6787827e-29  2.1840630e-29 -1.1152381e-29
   208 : -4.5185823e-22  2.2984769e-21 -2.2887604e-21
   209 : -1.7382090e-01  2.1987910e-03 -8.2673519e-02
   210 : -2.0224667e-15  1.8749256e-15  1.9334867e-15
   211 :  2.9129910e-31 -2.8929355e-31  3.5292340e-31
   212 :  2.7023341e-08 -1.0711732e-07  2.6626947e-08
   213 : -3.3291978e-29 -3.2769328e-28  4.8486534e-28
   214 : -7.0711541e-02 -8.8064157e-02  3.8035418e-02
   215 : -5.9936671e-01 -1.7713845e-01 -2.5328251e-03
   216 :  6.1594580e-09 -1.1073961e-08  5.2083748e-09
   217 :  1.4935512e-37  3.6200971e-37 -2.4007783e-37
   218 : -6.4721212e-23  1.6430935e-22 -2.1926652e-23
   219 :  3.4415741e-07  3.0062941e-06 -1.7759814e-06
   220 :  3.1100398e-19 -1.3628375e-19  5.3354749e-20
   221 :  8.7222409e-26 -6.2726315e-25  3.2904015e-25
   222 :  1.8714122e-03 -1.2075212e-02  8.6824378e-03
   223 :  9.0719443e-04 -2.1199208e-03  1.1653202e-03
   224 :  6.1584638e-12 -7.2645499e-12 -4.8583577e-12
   225 : -2.9188805e-19 -2.0960901e-19  9.3660133e-19
   226 : -1.5103566e-25  5.9771210e-26  5.5134462e-26
   227 : -4.2433277e-14  6.8682385e-15  2.0510949e-14
   228 :  7.2552996e-12 -1.7739626e-11 -3.9186342e-12
   229 : -4.0318881e-16  1.1473074e-16  1.2095595e-16
   230 :  7.9168792e-26  8.2962425e-26 -7.2357005e-26
   231 : -2.7234973e-26  1.0004996e-25 -4.1509059e-26
   232 : -2.5471675e-35 -2.2083946e-35  2.2783086e-35
   233 : -1.9889880e-25 -1.1106345e-24  1.6767644e-24
   234 :  1.3722028e-01 -3.7363948e-03  1.5437470e-01
   235 : -1.7269268e-05 -2.4052820e-04  6.2084401e-04
   236 : -2.1423390e-23  2.0034932e-23  2.7217399e-23
   237 :  2.6276211e-21 -1.8717292e-20  1.8568991e-20
   238 :  7.7631777e-33  1.2618530e-33 -4.4414374e-33
   239 :  8.1580330e-25 -1.2443471e-24  1.7077615e-24
   240 :  1.7073617e-30  7.2094224e-30 -1.0636583e-29
   241 :  2.0661065e-06  2.8628211e-06 -1.0622435e-06
   242 :  3.8281475e-07 -2.2611914e-07  2.0371979e-07
   243 :  1.6080327e-02 -9.2891957e-03  1.3422059e-03
   244 :  6.7636666e-04 -1.0746746e-04  4.7017279e-04
   245 :  6.0665852e-24 -4.7533232e-24 -4.3877529e-24
   246 :  3.1209926e-07 -2.0442372e-07 -8.7822382e-08
   247 : -7.4109792e-03  4.8997490e-04 -1.1333104e-02
   248 :  2.9726408e-36 -5.5560543e-36 -5.6392177e-37
   249 :  3.6632839e-18  5.7401672e-18 -1.3844665e-17
   250 :  3.2260221e-07 -4.8580188e-08 -6.3951768e-07
   251 :  2.7164714e-12 -5.1393572e-12 -3.6256305e-12
   252 : -3.2717386e-26  8.1445434e-26 -9.9108522e-27
   253 :  7.8574837e-32 -7.8698601e-32  9.2116297e-32
   254 :  1.0402980e-01  3.0198711e-02 -4.5889778e-03
   255 :  2.0327482e-13 -1.8934551e-14 -4.8725192e-14
   256 : -4.1748562e-07  8.8610918e-10  8.3697942e-08
   257 :  5.8131366e-04  4.7989009e-05  8.9781600e-04
   258 : -1.1153694e-15  2.8994281e-14 -6.1065155e-14
   259 :  8.6892191e-21 -1.6686114e-20  2.9267098e-20
   260 : -8.1835116e-07  1.6931209e-06  4.1967267e-07
   261 :  6.5252130e-14  4.0377857e-14 -2.2578213e-13
   262 : -3.3092714e-26 -1.4804392e-23  1.3773810e-23
   263 : -5.1352097e-27  4.8952025e-27  6.5916875e-27
   264 : -3.3124140e-13  3.9827721e-13 -6.6593165e-13
   265 :  3.1260549e-06 -3.5244377e-06  7.9854218e-06
   266 : -7.3483853e-18 -5.2493055e-18  5.6023949e-18
   267 : -4.0204172e-16  7.6187590e-16 -1.7116953e-16
   268 :  7.2815581e-28  3.3302011e-27 -7.6116076e-27
   269 : -1.3744569e-02  4.9613402e-03 -4.6820030e-03
   270 : -2.7964748e-16 -4.2389285e-17  6.3090661e-16
   271 :  1.0148028e-05  7.5446346e-06 -2.9233979e-05
   272 :  1.8287421e-15 -7.6960811e-16  2.5492564e-17
   273 :  3.3478547e-26 -2.9632154e-26 -3.9812413e-26
   274 : -1.2015380e-07 -3.1338656e-07  5.8966933e-07
   275 :  4.8105907e-22  4.8623911e-22 -1.6838601e-21
   276 :  5.7852695e-05  6.0638991e-05 -2.2689596e-06
   277 : -8.4613566e-25  4.1645512e-24 -2.2768229e-24
   278 : -2.0635072e-08 -1.6702668e-07  3.5419828e-07
   279 : -9.1922767e-13  3.4299591e-14  4.0259753e-13
   280 :  5.3995324e-02 -1.1905720e-01  1.3671723e-01
   281 :  1.3571367e-12 -1.9636681e-12 -1.5652742e-12
   282 :  4.4222526e-18  3.2939801e-18 -1.3987998e-17
   283 : -1.0625755e-21  1.2294067e-21  9.4116995e-22
   284 :  1.7496114e-23  1.7747055e-23  4.2256768e-23
   285 :  1.3015794e-01  9.3437911e-02  2.2709325e-02
   286 :  1.6456168e-07 -4.9944996e-08 -3.9478220e-07
   287 : -2.0794403e-09 -3.5627510e-09  1.7513156e-09
   288 :  3.0299242e-02  3.4620152e-02 -2.2582132e-02
   289 :  2.1203049e-10  6.3671025e-11 -5.3159139e-10
   290 :  1.0025439e-01  9.7595443e-02  1.1086105e-01
   291 :  4.1153346e-13 -5.8132332e-13  6.9087983e-14
   292 : -3.2656352e-04 -1.4241617e-03 -4.5505028e-03
   293 : -5.2167699e-21  1.4524234e-21  9.0643489e-21
   294 :  3.5100640e-08  7.4486817e-11 -2.1909990e-08
   295 : -9.3707362e-31 -2.5511338e-30  1.6160195e-30
   296 : -1.4185958e-05 -7.5579164e-05  1.6204295e-04
   297 :  4.4978807e-11 -1.3624758e-10  1.2076543e-11
   298 : -9.5134418e-12 -3.2671258e-12  4.5079132e-12
   299 : -1.3444113e-33  9.1214618e-35  2.0832110e-33
   300 : -5.6058129e-05 -2.5133255e-05  1.7568221e-05
   301 :  5.0812106e-13 -4.5261262e-13 -7.3822577e-16
   302 : -3.9470517e-08  1.5432106e-07 -8.6688229e-08
   303 :  3.0388091e-09 -1.1253027e-09 -5.8317231e-10
   304 :  3.1387779e-08  1.7723646e-08 -6.1007829e-08
   305 : -8.1681357e-14  4.0148467e-14  1.7063544e-14
   306 :  6.9462705e-04  9.0183485e-04  2.6013857e-04
   307 :  2.2938971e-09 -5.7129409e-09  2.7380623e-08
   308 : -1.4905354e-12 -1.9308894e-12  6.8988994e-12
   309 : -7.9924067e-35  5.8971644e-32 -2.8629060e-32
   310 :  3.3149826e-11 -2.5783794e-10  1.7805290e-10
   311 :  7.5357489e-08  3.1295901e-08 -1.5872668e-07
   312 : -2.4267164e-29  1.6186885e-29 -2.4260281e-29
   313 :  2.1865905e-22 -4.6082439e-21  2.5089849e-21
   314 : -3.2147150e-32 -7.3415684e-33  4.3843480e-32
   315 : -4.9972402e-25 -1.9235707e-24  1.0833797e-24
   316 : -1.5349745e-03  4.9294194e-04  7.8816933e-04
   317 : -1.9383208e-33 -2.6164414e-33  6.4837412e-33
   318 : -2.2890599e-05  2.2362725e-06 -4.2204798e-06
   319 :  5.0629062e-06 -4.2368909e-06 -1.7762014e-06
   320 : -1.2436007e+00  2.3295081e-01 -6.2075968e-02
   321 :  1.1327174e-03  9.2752439e-04 -6.4885196e-04
   322 : -9.2820137e-32  2.2386931e-31 -3.5336213e-32
   323 :  2.3896588e-35 -3.8659400e-35  7.8020498e-36
   324 : -5.8473735e-24  1.5707864e-23 -3.3259267e-24
   325 :  1.8918404e-20 -5.3568128e-20  1.0477982e-19
   326 :  2.0843828e-02  1.4846891e-01  1.8305410e-01
   327 : -7.6572665e-01  2.0953882e-02 -1.2650886e+00
   328 :  1.4098042e-06 -4.7785834e-07 -3.7324320e-07
   329 :  3.8069696e-23 -1.2267965e-21  5.8808589e-22
   330 : -4.2541510e-36 -1.1458302e-34  1.2183714e-34
   331 :  3.7059801e-15 -6.2605275e-15 -2.6841272e-15
   332 : -1.0958454e-08 -1.1412578e-08  1.0497852e-08
   333 :  1.9418664e-20 -1.1467828e-20  7.5883881e-21
   334 :  1.2388998e-05 -5.2630081e-05  1.6945708e-05
   335 :  1.9080700e-08 -4.0510813e-08  1.6146133e-08
   336 : -3.1507875e-08 -8.3210753e-08  1.0801512e-07
   337 : -1.7690227e-32 -1.4465275e-30  1.6060975e-30
   338 :  4.9289399e-07 -9.9466640e-07  1.3362650e-07
   339 :  1.9160710e-22 -1.4928318e-22 -2.7969924e-22
   340 :  7.2622526e-06 -1.7690758e-05 -4.5774123e-06
   341 : -7.8934299e-30  7.0365064e-30  5.6828221e-31
   342 : -1.0370407e-25 -1.7885727e-25  4.0670564e-25
   343 :  2.1756472e-12 -1.5634941e-12 -2.7336300e-13
   344 : -3.6553809e-05  8.4218485e-05 -3.2359234e-05
   345 :  1.6012063e-01  9.1070916e-02  1.4161943e-03
   346 : -5.9170638e-25 -4.7303249e-25  4.6533557e-25
   347 : -4.2471268e-05  2.2541812e-05 -1.5272244e-05
   348 :  3.6513153e-13  3.5577876e-13 -3.2773591e-13
   349 : -1.5490901e-13  9.3105304e-14 -5.6335434e-14
   350 : -4.3678396e-05  1.3097028e-05 -1.3421366e-05
   351 :  2.6540348e-19  2.0510217e-19 -1.9983429e-19
   352 : -3.2593090e-05  1.6599358e-05 -6.9451245e-06
   353 :  4.5873731e-08 -1.0202213e-07  3.0519265e-08
   354 : -5.7619168e-02 -1.1905620e-01 -2.9557200e-02
   355 : -7.7655357e-02  3.6081879e-02  9.6080731e-02
   356 :  1.0017094e-30  1.3072536e-30 -3.3362851e-30
   357 : -1.0788474e-04 -1.5207274e-04  4.4730019e-04
   358 :  7.0011691e-15 -7.7795088e-15 -7.8939704e-15
   359 : -3.1418544e-37  8.6082832e-37 -2.7680271e-37
   360 :  3.8734116e-06 -9.6041169e-07  7.5030069e-06
   361 : -1.8582978e-18 -8.8649706e-19  1.1743600e-18
   362 : -7.0452381e-13  8.0988036e-13 -1.4724580e-12
   363 :  2.5102054e-16  1.9710351e-16 -7.2777026e-16
   364 :  2.2710331e-17  3.2360143e-17 -2.2012674e-17
   365 :  4.2397597e-13 -1.9825360e-13  1.8114704e-13
   366 :  3.3882365e-28  2.3890228e-27 -3.0325369e-27
   367 :  1.0058651e-10  3.4676312e-11 -2.5183652e-10
   368 :  1.8100306e-06 -8.1306895e-06  3.6179914e-06
   369 :  1.4612252e-13  7.7182503e-13 -1.4209504e-12
   370 :  4.2774403e-18 -7.6764895e-17  8.9545402e-17
   371 :  4.2284255e-28  2.2208190e-29 -4.5667307e-28
   372 :  2.6685819e-13 -5.8905372e-13 -1.2319743e-13
   373 :  1.1005452e-08  1.2122531e-08 -3.7931051e-08
   374 :  1.3519190e-01 -1.8955132e-03 -8.9103707e-03
   375 :  5.2756676e-21  8.7884858e-20 -4.1003351e-20
   376 : -1.4376415e-31 -5.8921295e-31  8.7483431e-31
   377 :  2.0369979e-11 -2.0408798e-11  3.1097206e-12
   378 :  1.3218940e-16 -4.2455222e-16  1.3098811e-16
   379 :  2.8678630e-34 -8.2150698e-34  2.5827845e-34
   380 : -3.6647051e-03 -7.6903776e-04  7.6034262e-04
   381 : -1.5665768e-14  2.1695171e-14 -2.0510690e-15
   382 : -8.1634464e-22  3.2297251e-20 -3.3350935e-20
   383 : -1.1565456e-04 -1.2340967e-04  1.9248951e-05
   384 : -4.9116365e-20 -1.4322486e-18  9.4562905e-19
   385 :  2.7722791e-08  1.9853792e-08 -1.0947877e-07
   386 : -1.0485900e-03  4.9914004e-04  7.8969258e-04
   387 : -5.7783636e-23  2.8574825e-23  1.1045947e-22
   388 :  1.1797603e-01  1.8549366e-01  1.1582625e-01
   389 :  2.3519688e-18 -2.0532620e-18 -2.4731242e-18
   390 : -8.0726717e-07  1.2534478e-06  4.0816568e-07
   391 :  1.6914770e-15 -5.4401832e-16 -4.3782719e-16
   392 : -1.1547548e-04 -5.5245345e-05 -4.5443740e-05
   393 : -2.0449213e-04  2.4597160e-04  5.1663505e-04
   394 : -1.1896038e-18  3.7077182e-18 -9.6066711e-19
   395 : -2.6572541e-11 -3.6706339e-12  4.1990900e-11
   396 : -3.1044703e-34  3.7131364e-34 -4.7388803e-34
   397 : -7.9884080e-05  3.8722550e-04 -8.5389049e-05
   398 :  5.8251835e-09  1.7560826e-08 -8.1322125e-09
   399 :  1.1779678e-04  9.6592354e-04 -1.5103903e-04
   400 : -2.7714196e-09  5.3846432e-10 -4.8373673e-10
   401 :  3.7866103e-08 -5.0131441e-08 -2.5447395e-08
   402 :  8.9380003e-18  7.6368557e-20 -4.9563216e-18
   403 : -8.9268438e-17  2.8146538e-16 -7.7283152e-17
   404 : -1.5856997e-28 -1.6411912e-29  4.4168156e-28
   405 :  1.6759725e-11 -1.0127421e-10  6.9134773e-11
   406 :  2.2958880e-08  6.2000386e-06  1.7958650e-06
   407 :  1.2038534e-03 -3.0846592e-04  9.0998701e-04
   408 : -7.8637851e-03  1.2936602e-03  1.6897914e-03
   409 :  2.7886457e-10 -1.2845638e-09  3.7783365e-10
   410 : -8.7667669e-02 -1.0651767e-01  8.0844339e-02
   411 :  2.0664451e-10 -1.0610432e-09  3.8289527e-10
   412 :  2.8061069e-08 -9.8295340e-09 -4.1098834e-08
   413 :  4.7345233e-31  7.5164457e-33 -8.6481257e-31
   414 :  1.3781093e-01  1.2497326e-01  1.0209654e-01
   415 : -3.0926583e-09  1.9243716e-09  4.7458259e-09
   416 :  3.3008458e-22  4.2013167e-22 -1.2396353e-21
   417 : -8.8490239e-06  1.3797731e-05 -3.9573337e-05
   418 :  1.4931615e-03  1.5880323e-04 -3.4851589e-03
   419 :  9.9668491e-28 -1.5008164e-27  2.0174464e-28
   420 : -9.0474990e-26  3.8604829e-25 -2.0063600e-25
   421 : -1.2561648e-23  5.4701047e-23 -2.4472459e-23
   422 :  4.0500063e-13 -1.8549141e-13 -3.9814460e-13
   423 :  4.4835928e-11 -7.6236874e-10  5.1613179e-10
   424 : -6.8201977e-19  3.0504554e-19  1.3927288e-19
   425 :  4.3505061e-23 -5.1260298e-23 -4.0040501e-24
   426 :  1.6968965e-15  1.2415859e-15 -1.2186901e-15
   427 : -1.0227440e-17 -8.3303845e-18  3.2747407e-17
   428 : -6.9758734e-19 -4.3388244e-18  6.8468261e-18
   429 :  1.6858136e-08  1.2352612e-08 -1.0454099e-08
   430 :  4.6450369e-08 -1.0804466e-07 -7.9795276e-08
   431 : -1.7216941e-11 -1.0549050e-11  1.1499218e-10
   432 : -3.7928388e-12  2.6105596e-12 -3.1500829e-12
   433 : -4.1480091e-30  2.7916122e-30  5.7051848e-30
   434 : -7.7410653e-03  1.4138827e-03 -5.1492395e-03
   435 :  3.6063560e-10 -1.8542956e-10  2.4104049e-11
   436 : -6.6462711e-20  8.1402080e-20  3.6594142e-20
   437 : -1.1492681e-05  1.1846124e-05 -1.2797633e-05
   438 :  3.1017848e-06 -1.3558226e-06  6.5312651e-07
   439 :  5.8931450e-04 -3.3926497e-04  6.3771761e-04
   440 :  2.2055427e-23 -7.8311154e-23  2.5274750e-23
   441 : -5.1800131e-33 -2.6957615e-33  1.0447745e-32
   442 : -1.2000709e-05  6.8328469e-06 -3.9959276e-05
   443 :  2.7448943e-12 -5.1340330e-12 -1.0251267e-12
   444 : -6.8378029e-06  1.3021954e-06  2.3620668e-06
   445 :  1.0517586e-14 -4.0588715e-15 -1.4412486e-15
   446 :  1.3085837e-01  1.0197230e-01  4.2464148e-03
   447 : -1.2885892e-15  2.4326722e-15 -3.6206345e-15
   448 : -1.1053125e-09  4.5401779e-09  2.1298196e-10
   449 :  4.3709323e-30 -3.8158683e-30 -5.2811056e-30
   450 : -1.2584365e-32  6.8782733e-33  1.9450269e-32
   451 :  9.0280317e-02  2.2759937e-02 -1.8232888e-02
   452 : -8.7221865e-02 -6.2611649e-02  3.8128471e-02
   453 :  1.0223063e-01  1.0430842e-01  3.3207209e-02
   454 : -4.2264003e-02  6.7851304e-02 -1.1598930e-01
   455 : -1.3168791e-17 -1.9307751e-17  4.1225911e-17
   456 : -2.7776238e-09  9.1046715e-10 -2.0538019e-09
   457 :  1.5854483e-33  3.7867093e-33 -6.5334041e-33
   458 : -9.6576567e-16 -3.8921268e-15  6.0629208e-15
   459 : -8.2803027e-10 -1.6582552e-10  1.3992341e-09
   460 :  2.5252073e-09 -2.9521686e-09 -3.5061292e-09
   461 :  6.1683941e-16 -9.7063831e-18 -8.9884432e-16
   462 :  1.4042556e-12 -3.0373187e-12  1.6409635e-14
   463 :  2.9695634e-23 -1.6906487e-24 -4.2535392e-23
   464 :  4.8985773e-06  1.0065707e-05 -5.0902799e-06
   465 : -6.7251625e-09  1.4426106e-09  3.3180815e-09
   466 :  9.6379747e-04  6.2438990e-05 -2.7260328e-04
   467 : -1.3616415e-24 -1.7089690e-25  1.9647315e-24
   468 :  2.0204368e-22  2.1120221e-21 -8.8001146e-22
   469 :  1.2512127e-33 -1.6024153e-33 -1.2615659e-33
   470 :  2.2350302e-31 -2.9809759e-31  3.1694973e-32
   471 :  3.8106496e-20  1.7959662e-19 -2.3190932e-19
   472 :  3.1172006e-23 -9.4201524e-24 -6.6988978e-23
   473 :  2.9333153e-08 -2.4694938e-07  9.2863105e-08
   474 : -7.0057435e-28  2.7494430e-27 -1.7601399e-27
   475 : -2.0859160e-18  3.2543399e-18 -6.2407559e-18
   476 :  1.8779728e-18 -2.5458163e-18  2.1982123e-19
   477 : -1.6890320e-35  1.7229755e-35 -2.2644486e-35
   478 :  1.1786269e-09 -2.3408115e-09 -2.7663084e-09
   479 : -5.7704546e-36  1.8685853e-35 -7.1160134e-36
   480 : -6.0699346e-03 -4.6382780e-03 -2.7138490e-04
   481 : -1.4747963e-17 -8.8540353e-17  2.5931187e-16
   482 : -2.4273322e-26  6.2552153e-26 -1.8059509e-26
   483 :  9.8387316e-04 -4.2224957e-04 -3.5007879e-03
   484 : -1.5743265e-09  4.3566323e-10  5.2051252e-10
   485 : -1.2251571e-09  1.3602072e-09  1.2824005e-09
   486 : -1.2384485e-01 -9.9872839e-02  4.1400607e-03
   487 :  5.7990421e-09  1.3788507e-08 -2.7440442e-08
   488 :  1.3744754e-02 -4.6373840e-03 -8.1849297e-03
   489 : -6.7033910e-28 -1.3670881e-28  1.5470214e-27
   490 :  1.1397156e-23  3.0797768e-24 -6.9094077e-24
   491 :  7.9648964e-25  1.9096521e-24 -1.3098261e-24
   492 : -1.7713978e-07  2.0887802e-07 -2.6763710e-07
   493 : -4.9283656e-05  1.2311634e-04  3.0834901e-05
   494 :  2.9022148e-05  1.8697482e-03  2.2652295e-03
   495 : -1.4516737e-11 -1.0838221e-11  4.3982015e-11
   496 : -1.0090156e-21  6.1561978e-21 -4.1978538e-21
   497 :  1.9034192e-32  1.1967650e-31 -6.3325714e-32
   498 : -5.9507216e-30  1.2911803e-29 -2.2677322e-29
   499 : -5.3317091e-03 -1.0325465e-03 -6.0023182e-03
   500 : -2.3905291e-33  2.7713587e-33  2.4120498e-33
   501 :  1.9724705e-36 -4.4636552e-35  3.2118962e-35
   502 : -1.0269117e-06  2.3392512e-06  2.4171247e-06
   503 :  2.9029644e-06 -4.4411798e-06  1.8269933e-06
   504 : -4.7018153e-10  1.3393125e-09 -3.9399735e-10
   505 : -8.9002105e-03 -6.0674125e-03  2.1295036e-03
   506 :  3.3314611e-23 -8.4462825e-23  1.1388993e-23
   507 : -3.1497390e-21 -2.0777930e-21  6.7312062e-21
   508 : -1.6625520e-21  6.4777397e-21 -2.4546477e-21
   509 :  3.0978117e-08  3.3085625e-09 -2.1318565e-08
   510 :  1.4540357e-22  1.1663703e-21  2.0678946e-22
   511 : -8.0808158e-18 -7.6022020e-18 -1.7716370e-16
   512 :  6.4934181e-18  6.4703366e-16 -2.9953871e-16
   513 :  4.7333522e-12  1.1791477e-12 -1.0193706e-11
   514 :  1.8086521e-11 -8.9659410e-12  2.6100156e-10
   515 : -9.7405926e-05 -3.9695421e-05  1.8089716e-04
   516 :  2.4259629e-22  7.0738720e-22 -4.4661250e-22
   517 :  3.4239499e-08 -4.1139705e-05  7.2447093e-05
   518 : -6.7824774e-11  3.4931996e-12  6.0710555e-11
   519 :  1.9955968e-15 -2.9924164e-15 -1.4416049e-15
   520 :  2.7016219e-13 -3.4134097e-12  2.6587218e-12
   521 : -2.3436950e-05  6.7107660e-06  3.3741114e-06
   522 : -1.2637551e-02 -6.5616505e-02  3.9165964e-02
   523 : -1.6343810e-03  2.7670893e-04  4.9782114e-04
   524 :  1.7573840e-11 -1.3310736e-11 -1.4881925e-12
   525 : -6.4467127e-10  2.6283721e-10  3.8666807e-10
   526 : -2.4094548e-16 -1.3501160e-16  4.0006776e-16
   527 : -8.9081522e-29 -5.7785250e-27  7.7563237e-27
   528 :  3.2836646e-01  1.2652344e-01  1.6610219e-01
   529 :  1.0834150e-07 -8.4210191e-08 -1.1719078e-07
   530 :  1.0816757e-03 -2.1702208e-04  1.5878206e-03
   531 : -3.9254530e-07 -6.3805822e-07  2.1488683e-07
   532 :  1.3502306e-16 -2.4061420e-16 -1.0435772e-16
   533 :  2.6733422e-37 -2.5911000e-37  2.7198730e-37
   534 : -4.8655077e-38 -2.6022175e-37  6.0741675e-37
   535 :  4.6308059e-26 -5.5722247e-26 -3.7022423e-26
   536 :  7.5761713e-04 -1.7126109e-04 -1.5957421e-04
   537 :  1.3966595e-06  8.4245668e-07 -7.9841509e-07
   538 :  8.5258240e-09 -3.8489716e-09 -9.7775480e-10
   539 : -1.1044524e-26  3.7905545e-26 -1.2934605e-26
   540 : -1.5801144e-23  1.7369413e-23  1.2227199e-23
   541 :  4.0568291e-22  1.8900804e-22 -1.0790472e-21
   542 :  8.9179926e-12  9.7711891e-12 -4.3234864e-12
   543 : -3.9014420e-28 -4.6268898e-28  3.8270111e-28
   544 : -3.4878358e-11  9.0788793e-11  3.2735083e-11
   545 : -1.1759258e-20  1.9523821e-20  3.6010605e-21
   546 : -3.6507052e-03 -2.7843086e-03 -2.0414503e-03
   547 :  2.3047167e-25 -5.7057372e-25  1.0366930e-25
   548 : -1.6472379e-04 -8.1322730e-05  4.2207523e-04
   549 : -1.9177756e-21 -2.5609175e-22  2.4802420e-21
   550 :  2.5923961e-08  7.5451993e-09  3.7541726e-10
   551 : -1.1029694e-04  6.6746469e-05  4.5302621e-04
   552 : -4.5595494e-06  2.4380883e-06  8.8371514e-07
   553 :  5.1215958e-07 -6.4095838e-08 -3.6067932e-07
   554 :  2.2207734e-21 -1.2376604e-20  4.0132970e-21
   555 :  4.8959279e-12 -7.1216149e-12 -6.0717724e-12
   556 :  1.2176601e-22  2.7502678e-22 -1.6893554e-22
   557 : -1.0909512e-02  4.5730950e-02 -7.3407254e-02
   558 :  1.9620357e-07 -5.5617580e-08 -4.6436397e-07
   559 : -1.3692536e-05  1.5580490e-05 -3.5947641e-06
   560 : -5.3806582e-08  6.9317214e-08  2.5778995e-08
   561 :  8.3091767e-02  1.0602586e-01  1.1848199e-01
   562 : -1.8733089e-17  4.4766323e-17 -9.9959338e-18
   563 :  2.1824432e-32 -2.7904449e-33 -1.6229135e-32
   564 :  7.7179009e-05  2.4481093e-04  3.1938714e-04
   565 : -3.4239203e-03  1.9183403e-03 -3.0669969e-03
   566 : -5.7113264e-24 -1.4157674e-23  3.0448248e-23
   567 : -1.9728580e-13  5.2134573e-12 -4.1276299e-12
   568 :  4.2990983e-06  2.6540800e-05  1.5847159e-04
   569 :  3.0934381e-04  1.3642137e-04 -9.7491587e-05
   570 :  3.1645062e-21 -1.1684384e-20 -1.1944338e-21
   571 :  1.7417572e-12 -9.2818848e-13 -4.0266632e-13
   572 :  3.3112667e-35 -4.9405302e-34  2.2488908e-34
   573 : -5.4809219e-09  6.9280919e-10  1.4958881e-08
   574 :  3.0873475e-08  9.9373000e-08 -2.3350921e-07
   575 :  6.5199745e-02 -1.3906987e-01 -1.1828088e-01
   576 :  1.1682728e-10 -2.1622636e-10 -3.3751608e-10
   577 : -5.1402398e-02  2.6884048e-02 -1.2601263e-02
   578 : -1.2401149e-37  1.7821835e-37  8.3231771e-39
   579 :  2.6236842e-02  6.6121588e-02 -1.0452906e-02
   580 :  5.6059795e-02  9.4796692e-02  9.4322945e-02
   581 : -2.6724789e-20  3.3640735e-20  3.4816565e-20
   582 :  9.8984548e-36 -2.2573205e-35  5.9004456e-36
   583 :  8.5890772e-19 -2.3488856e-18  4.0133759e-19
   584 : -6.7610785e-29  1.1998479e-28  1.7235853e-29
   585 : -7.0568966e-05  9.3756383e-04 -3.2885392e-04
   586 :  4.2273894e-24 -8.6435909e-24 -2.5272273e-25
   587 :  1.4044202e-17 -7.5503031e-18 -2.0778348e-17
   588 :  1.6744685e-23 -2.3280919e-23  2.8602002e-24
   589 :  3.6606352e-05 -3.0979976e-05 -5.6465392e-05
   590 :  2.0697089e-05 -1.0990241e-05 -6.4448539e-05
   591 :  2.7527340e-32 -4.1530443e-32 -1.4243629e-32
   592 :  9.9495821e-21  7.4805663e-21 -2.5283577e-20
   593 : -2.6065697e-15  8.1252248e-16  1.3187269e-16
   594 : -3.2840346e-18  2.6035805e-17 -9.6690242e-18
   595 :  4.6998893e-09  6.6832399e-10 -5.7598497e-09
   596 :  2.3509845e-10 -2.0790706e-09 -3.3622610e-10
   597 :  1.7198213e-13  9.1004690e-14 -3.3412657e-13
   598 : -2.9541616e-17  1.9006271e-17  1.9958967e-18
   599 :  1.0325484e-01 -2.4195502e-02  2.0223339e-02
   600 :  7.2031675e-11  5.5606700e-12 -1.4356375e-10
   601 :  9.3743240e-02 -1.5581682e-02  4.1311738e-03
   602 : -2.0433015e-25 -2.1259585e-24  1.0214363e-24
   603 : -2.9516830e-28 -8.5761584e-28 -7.1491239e-29
   604 : -1.6474050e-19  1.8860134e-19 -2.2506711e-19
   605 : -6.4183261e-16 -5.0636628e-15  7.3530058e-15
   606 : -5.1763319e-02  1.4678976e-02 -5.5699106e-02
   607 :  1.9865734e-11 -1.5362647e-11 -6.3145362e-12
   608 :  1.9263487e-22 -4.5890536e-22  1.2417314e-22
   609 :  1.8686715e-19 -9.3017030e-19  3.4210604e-19
   610 :  2.5822791e-27  8.4232946e-27 -1.9989591e-26
   611 :  9.1982241e-02 -1.5406524e-03 -1.1448013e-02
   612 : -8.0738810e-11  1.5917997e-10  2.9557299e-11
   613 : -3.5527426e-14 -2.4258928e-14  9.3635546e-14
   614 :  2.5375219e-05 -3.4479242e-05 -2.3728070e-05
   615 :  9.2495467e-13  4.6583964e-13 -2.2774999e-12
   616 : -3.4708844e-29  5.5578376e-29  1.5537906e-29
   617 :  5.8962088e-14  3.4222838e-15 -2.7195908e-14
   618 : -6.8653491e-18 -7.0022354e-18  6.3451554e-18
   619 : -2.1232198e-22  2.5890076e-22  1.7295616e-22
   620 :  2.5408036e-16 -1.4823167e-15  3.1298459e-15
   621 : -1.0298624e-11  4.1588258e-12  1.4569051e-11
   622 :  1.9279589e-03 -1.3197998e-03 -6.6653534e-03
   623 :  6.8417963e-07  1.1884401e-07 -1.1517968e-06
   624 : -1.7498125e-13 -3.7255058e-12  1.3756510e-12
   625 : -5.2476548e-14 -1.2494966e-12  6.4914476e-13
   626 : -1.1068955e-37  4.3741097e-37 -1.6850895e-37
   627 : -1.6638720e-24  6.5145631e-24 -3.1881883e-24
   628 :  1.1003352e-17 -3.1227934e-18 -3.8148640e-18
   629 : -5.5415484e-07  1.4123306e-06 -1.9696648e-08
   630 :  3.4991564e-04 -1.6993619e-04 -6.3395690e-05
   631 : -7.1764370e-15  2.6951987e-14 -7.9107813e-15
   632 :  1.5875338e-28 -3.0800829e-28 -2.0109367e-29
   633 :  1.3121977e-07 -3.5750238e-07  2.3433235e-08
   634 :  4.8717134e-10  5.2540897e-10 -2.4170725e-09
   635 :  4.3952508e-06  2.3554402e-07 -6.2658880e-07
   636 : -1.9401325e-05 -1.4187953e-05  9.6336976e-06
   637 :  4.2396365e-04 -1.8302725e-04  4.5611236e-04
   638 : -6.8155419e-06 -6.0471607e-03 -3.8257775e-03
   639 : -3.5682404e-05 -2.5416518e-05  1.6742101e-05
   640 : -1.2338258e-01  4.6628850e-02 -9.7721240e-02
   641 :  4.5227281e-22 -1.0001324e-21  5.7251414e-23
   642 :  4.6831708e-08 -6.4589735e-08 -5.5592062e-08
   643 : -3.1117981e-06 -3.0946501e-07  4.4485444e-06
   644 :  2.2561470e-06  4.0641065e-07 -2.7561449e-06
   645 :  1.4758079e-10 -4.0858582e-10 -1.1518745e-10
   646 : -7.8347999e-12 -3.5501568e-12  1.5873333e-11
   647 :  2.4709348e-01  7.9825717e-02  1.8598910e-01
   648 : -1.4566408e-11  6.3196332e-11 -1.7064181e-11
   649 : -3.5300982e-05  1.9853146e-04 -4.7964415e-05
   650 :  5.2971513e-13 -8.7921746e-13  1.4463734e-12
   651 : -1.3869575e-02 -8.7883392e-03  5.7975807e-02
   652 :  1.5885753e-12  6.9213325e-11 -4.0474577e-11
   653 :  4.8472253e-04  1.0019061e-03  2.2344940e-04
   654 : -1.0581166e-19  1.3371062e-20  7.8284460e-20
   655 : -1.3741479e-11 -8.7093039e-12  3.6040745e-11
   656 :  2.9118632e-03  3.4819737e-02 -2.1737579e-02
   657 :  3.7427811e-05 -1.3222994e-04 -2.8516951e-05
   658 :  9.6746368e-11 -7.0190107e-11  1.2947593e-10
   659 :  6.0721272e-09  1.9588435e-09 -2.5416882e-09
   660 :  5.5242976e-04  1.3588579e-03 -5.5475093e-03
   661 :  2.2940856e-01  1.7797599e-01 -1.2317366e-02
   662 : -1.6299041e-18 -4.7437131e-18  1.2332044e-17
   663 : -7.1723213e-05 -2.5597551e-05  3.1327604e-05
   664 : -4.4796898e-03  6.8125323e-04 -7.3719425e-03
   665 : -8.6777217e-03  1.6820671e-03  1.9273075e-03
   666 :  8.7220024e-30 -5.5914398e-30 -1.2666660e-29
   667 :  4.3917044e-20 -1.5977485e-20 -5.1728417e-21
   668 :  1.7922001e-06  3.1210393e-06 -6.1475239e-06
   669 :  1.5959036e-37  1.5695145e-36 -1.8962930e-36
   670 :  2.3899287e-04 -1.0291032e-04 -6.5329251e-05
   671 :  5.4105059e-02  1.0619659e-01 -1.4149893e-01
   672 :  9.1987202e-05  4.8885084e-05  2.8285383e-04
   673 :  2.6743957e-16  3.2614046e-16 -8.9609240e-16
   674 :  4.7153319e-14  1.0267317e-14 -1.4150870e-13
   675 : -2.0332696e-14  8.7318904e-15  2.2205983e-15
   676 : -1.2020153e-10 -9.0053258e-11  1.5785336e-10
   677 :  1.1850078e-10 -8.3941945e-11  1.2374685e-10
   678 : -2.0821101e-05 -2.0162355e-05  5.2885942e-05
   679 :  1.3985690e-08 -2.6202545e-08  1.3697110e-08
   680 :  2.3233113e-08  2.1250825e-08 -4.4303823e-08
   681 : -6.5779784e-21  1.6138248e-21  3.1649179e-21
   682 :  2.8761347e-23  1.3209458e-21 -3.1433088e-21
   683 :  4.1613148e-19 -8.7031691e-19 -1.9745435e-19
   684 : -2.3539466e-24  1.7552131e-24  4.2822817e-25
   685 : -4.1828463e-10 -5.7347404e-10 -7.9561706e-10
   686 :  7.3438133e-14 -9.2463146e-15 -2.6658603e-14
   687 : -6.0877711e-24 -6.1253682e-24  1.7063740e-23
   688 :  3.9556311e-15 -6.6046482e-15  1.6741425e-15
   689 : -5.7092698e-03 -8.2643114e-03 -2.8318541e-03
   690 :  5.3361887e-10  3.0367211e-10 -2.9088584e-10
   691 :  9.3429567e-11 -3.3788113e-10 -1.6308370e-10
   692 :  6.7250057e-11  6.3009656e-12 -1.0905673e-10
   693 : -1.5787247e-36  2.2304872e-36  1.1968168e-36
   694 : -1.4602574e-24  2.2481289e-24  9.2072250e-25
   695 : -9.4905420e-04 -4.3520471e-03 -5.1639488e-03
   696 : -1.1404555e-06  8.5609878e-07  4.1354870e-06
   697 : -1.1670025e-10  1.0752696e-10  1.9532020e-10
   698 : -7.7777692e-04 -5.5253642e-03  5.7042160e-04
   699 :  3.8937935e-17 -4.8943993e-17  9.2834027e-17
   700 : -1.1937513e-30 -1.8696111e-30  5.0049242e-30
   701 :  1.2398722e-28 -4.2176434e-28  1.4748502e-28
   702 : -1.0423437e-19  2.5053683e-19 -2.0173651e-20
   703 :  2.9255418e-03  8.0877836e-02  2.6200068e-02
   704 : -2.5569576e-11  1.6987882e-12  1.8424786e-11
   705 :  9.1114569e-24 -1.0250536e-22  4.6141590e-23
   706 :  2.8288269e-01  2.9090340e-01  6.8260775e-02
   707 :  3.5616883e-06  4.1070067e-06 -3.0390885e-06
   708 : -3.1260006e-07  5.6224808e-09  1.1886274e-07
   709 :  1.9645298e-13 -2.9175259e-13  4.9665561e-13
   710 : -1.2482359e-16  8.7788287e-17 -1.0798341e-16
   711 : -4.8516342e-12  1.6736420e-12 -7.8821774e-13
   712 : -1.5887884e-05 -3.2803080e-05  2.3547550e-06
   713 : -1.2948579e-11 -4.1534366e-11  1.2089019e-10
   714 : -1.2073292e-02 -4.6391832e-02 -6.7490013e-02
   715 : -1.7873744e-09  4.0379151e-10  4.1034854e-10
   716 :  7.7410878e-26 -8.7064435e-25  1.7734591e-24
   717 : -2.6270289e-08 -2.5019357e-07 -4.2076158e-07
   718 :  1.2824504e-11  1.2390116e-12 -1.5018807e-11
   719 :  1.6490250e-06  2.1586439e-06 -1.4846821e-06
   720 :  1.0023907e-01  3.5230899e-02 -1.3899778e-01
   721 : -5.7713942e-04  7.3095486e-04 -5.8306776e-04
   722 : -1.2550934e-22 -6.1003771e-22  2.9868212e-22
   723 :  9.4176675e-22 -7.6172043e-21  5.0409374e-21
   724 : -3.3448701e-21  3.6707614e-21 -1.3123858e-23
   725 : -3.3580741e-05 -4.1294278e-05  1.9815347e-05
   726 :  2.1770150e-15 -2.4990414e-15 -1.3571537e-16
   727 : -8.8671691e-05 -2.4210999e-05 -9.7267638e-08
   728 : -1.3713044e-07 -5.0853982e-07 -2.2832518e-07
   729 : -3.0928553e-09  1.0279200e-09  3.1550835e-09
   730 :  1.1886122e-10 -5.1538121e-11  1.1188780e-10
   731 :  1.6161764e-20 -2.8725227e-20  6.3435855e-21
   732 :  9.1956095e-19 -1.3067120e-18  1.1388410e-18
   733 :  6.6376427e-11  1.2243883e-10 -3.5607731e-11
   734 : -1.8727622e-02  2.0675946e-01  8.1835514e-02
   735 :  5.9019269e-11 -1.6165041e-11  1.6980516e-11
   736 :  8.4376196e-02 -6.2370469e-03 -1.0212020e-02
   737 : -2.6207793e-14 -2.6591656e-14  8.5859605e-14
   738 : -1.0078046e-05  5.7786358e-06 -9.0928566e-06
   739 :  9.9360742e-02  6.2089739e-03  1.8072923e-01
   740 :  3.6571534e-10 -1.5775363e-09  2.0493795e-10
   741 :  2.5324844e-04 -6.8030033e-04  4.0849694e-04
   742 : -6.7749063e-12 -1.8375215e-11  3.6978208e-11
   743 :  4.5459005e-10  3.1218613e-10 -1.7806783e-09
   744 : -8.2944879e-02 -1.8492444e-01  1.1131176e-01
   745 :  1.8075649e-22 -4.1188923e-22 -1.3332973e-23
   746 :  1.8569150e-18  6.2258971e-19 -5.4027690e-18
   747 :  5.4195381e-14 -6.4134573e-14  1.2761079e-13
   748 :  2.3348436e-10  2.5301435e-10 -1.2732775e-09
   749 : -1.1297380e-06  2.5025107e-06 -5.2406955e-07
   750 :  3.4262970e-24  3.5869541e-23 -5.5219070e-23
   751 : -1.2948565e-02  6.0369830e-02  1.2577395e-01
   752 : -6.1067797e-11  4.5014042e-11  1.1554455e-10
   753 : -6.5168480e-07  1.5815408e-06 -5.9974930e-07
   754 :  4.5224351e-19 -5.0422409e-20 -1.0197435e-18
   755 : -7.8039145e-02  2.9811028e-02 -1.6886009e-01
   756 : -1.4836572e-13 -4.8101345e-14  4.1760403e-13
   757 : -7.7796230e-35  1.6933594e-35  2.8787225e-35
   758 :  6.9944395e-02  2.1062911e-02 -3.7416804e-02
   759 :  1.6154376e-10 -1.0406111e-10  1.5927226e-10
   760 :  1.2329766e-16 -1.8929635e-16 -1.7049563e-17
   761 :  2.1747356e-10  1.1431243e-10 -3.6293568e-10
   762 :  3.1236550e-02 -1.3862213e-02 -3.7471478e-03
   763 : -3.2156249e-26  9.3117974e-26 -2.9978492e-26
   764 : -2.5541961e-27 -1.0469803e-26  6.3858106e-27
   765 : -4.9449277e-02 -7.6200454e-03  1.1183752e-01
   766 :  1.8165538e-12 -4.5511627e-12  3.8485246e-13
   767 :  1.8536499e-03 -9.0359125e-03 -7.9166331e-03
   768 :  9.1083751e-25 -3.4058024e-23  7.7042339e-23
   769 : -6.0897463e-02 -6.2041942e-03 -1.3495366e-02
   770 : -2.2004102e-09  1.2240907e-09 -8.1720241e-10
   771 :  3.4381418e-06 -8.7638219e-06  3.1659783e-06
   772 :  1.8125981e-04 -1.7245601e-04  3.9820782e-04
   773 :  3.0488845e-12 -1.4272371e-11  6.6738396e-12
   774 :  8.6921136e-02  1.6606432e-01  7.2332694e-02
   775 :  1.0662111e-01  2.7698867e-01  2.6785186e-01
   776 : -1.4730182e-11 -3.6751895e-11  6.6554897e-11
   777 :  1.3714983e-10  2.3639109e-10  2.0810871e-10
   778 :  2.7445800e-10 -1.7728586e-09  3.1016344e-10
   779 :  5.2187194e-20 -1.0458931e-19  2.4091374e-20
   780 : -9.2152731e-04 -2.6789392e-03 -8.5384389e-05
   781 : -2.0922814e-22  1.8751142e-22 -2.1639253e-22
   782 :  1.0320342e-35  4.8477791e-36 -1.5594550e-35
   783 : -1.9733666e-11 -1.5556060e-10 -1.6964970e-10
   784 :  1.2238378e-11  1.2966276e-10 -6.5151410e-11
   785 :  3.1582622e-22 -7.6064748e-22  1.0793022e-22
   786 :  7.4538209e-03  2.6600348e-01  7.3599793e-02
   787 : -1.1172923e-01 -6.1027800e-02 -3.8621430e-02
   788 : -2.7255432e-22  1.7096841e-22 -1.2760559e-22
   789 : -1.1313192e-21  6.5011357e-21 -8.4270785e-21
   790 : -1.3320614e-08  3.9117611e-08  4.2402240e-08
   791 :  3.0264509e-07 -3.5839711e-07 -2.2756004e-09
   792 :  3.5581030e-04 -1.1963715e-04 -8.6330724e-05
   793 :  1.2437907e-05 -1.6933729e-05 -7.7722787e-05
   794 :  1.2666239e-10  5.2482821e-10 -2.3715038e-09
   795 :  5.5487666e-04  8.2689311e-04 -3.8141526e-04
   796 : -9.0324242e-06  1.7450618e-05 -3.9391457e-05
   797 :  9.9217902e-25  2.7251097e-23 -4.8939639e-23
   798 : -7.1844810e-08 -2.1030001e-07  1.9292599e-07
   799 :  3.0514498e-13  7.1829349e-13 -1.4187072e-12
   800 : -1.6959234e-02 -4.2690482e-02  1.5539701e-02
   801 :  1.4599312e-21 -3.9971059e-21  4.4335683e-22
   802 :  4.3265014e-11 -4.7541886e-11  1.2056234e-11
   803 :  1.0276563e-16 -1.6791805e-16  6.6436159e-17
   804 : -4.8732463e-02  1.0191018e-01  2.6469818e-02
   805 : -1.1988140e-11  2.4487299e-10  2.8335901e-11
   806 : -4.7807304e-21  2.6182012e-20 -4.7916920e-20
   807 :  4.0994629e-23  1.0616465e-22 -6.3730503e-23
   808 : -7.0058971e-03  2.1524565e-02  1.4173574e-01
   809 :  4.3346007e-15 -6.3148885e-15 -2.5239254e-15
   810 :  6.2123231e-23 -4.0569536e-22  8.4207857e-22
   811 :  2.3735013e-36 -5.2217898e-37 -1.8916690e-36
   812 :  1.0348972e-12  1.7738304e-12 -6.0714296e-12
   813 : -7.0177246e-11  2.2194936e-10  4.4435205e-11
   814 :  1.5753604e-32  6.5561398e-34 -1.7076009e-32
   815 :  5.9816245e-37  1.0720627e-36  4.1062671e-37
   816 : -2.7614017e-30  6.0681579e-31  1.0631032e-30
   817 : -3.1821542e-32 -3.1711719e-32  9.6008385e-32
   818 :  2.8013684e-34 -1.4434053e-33  8.6202554e-34
   819 :  1.2473360e-11 -1.7171133e-11  2.2906272e-11
   820 : -1.4462564e-33  3.9858727e-33 -8.2090037e-34
   821 : -2.7636625e-05 -1.1871302e-04  5.9692344e-05
   822 : -5.7968783e-10  1.0395247e-08 -1.0118968e-08
   823 :  1.2700207e-16 -3.3179035e-16  6.6914368e-17
   824 : -4.2852013e-17  8.8140113e-17 -2.1288535e-18
   825 : -2.1333373e-26 -1.0173385e-26  5.3868838e-26
   826 : -5.6896944e-07  3.8118735e-06 -4.1256052e-06
   827 :  3.2462204e-19  1.2242554e-20 -1.6339854e-19
   828 :  7.2407306e-15 -3.0766018e-14  1.0848850e-14
   829 :  9.0657214e-09 -5.6449558e-09  2.9293344e-09
   830 :  2.4104936e-01  2.5645525e-01  8.6923183e-02
   831 :  2.8523903e-01  1.2499248e-01  2.3347370e-01
   832 :  9.9785449e-12 -1.8475833e-11 -4.5947721e-12
   833 :  2.1399485e-01  1.6165468e-01  3.0634313e-02
   834 :  1.2292339e-30 -1.1071967e-30  1.0370468e-30
   835 : -1.5793925e-35  9.4214791e-35 -1.8028321e-34
   836 : -3.8013366e-11 -8.8649924e-10  4.2142882e-10
   837 :  2.3616886e-20 -1.4933779e-20  1.5324103e-20
   838 : -2.2872051e-08  1.2598348e-07 -5.2802946e-07
   839 :  1.4611465e-15 -9.4974689e-16 -2.1723483e-15
   840 : -3.0226141e-19 -2.8438943e-19  9.0940161e-19
   841 : -4.2195937e-17  1.1265436e-17  1.8974992e-17
   842 : -1.8798571e-15  3.0156254e-13 -1.3428677e-13
   843 : -1.9305804e-18 -4.5498789e-19  4.5000061e-18
   844 :  4.7152668e-12 -6.2670111e-13 -3.2740135e-12
   845 :  2.1370919e-25 -2.4532389e-25  3.2819218e-25
   846 :  1.2238674e-09 -2.4669754e-09  4.6994548e-10
   847 :  1.9138949e-13 -1.2996079e-13  7.9917177e-14
   848 :  3.4488486e-39 -1.1514573e-38  3.9836185e-39
   849 : -8.7631319e-17 -2.1097815e-16  1.7066091e-16
   850 :  1.1239863e-14 -5.8966675e-14  1.2439841e-13
   851 :  1.0794120e-16  1.7058703e-15 -1.9421300e-15
   852 : -2.5277288e-28  1.2054299e-27 -5.1047117e-28
   853 :  3.0857484e-06 -2.1196881e-06  2.1656506e-06
   854 : -8.7370154e-40 -4.1638943e-39  9.1519530e-39
   855 : -4.8478187e-05  1.1398188e-05  1.7804865e-05
   856 : -3.4541753e-07  1.6668759e-07 -2.1594451e-07
   857 : -7.8413982e-05  2.2154744e-05 -1.1263950e-04
   858 :  4.0231860e-08  1.4094047e-08 -1.4214216e-08
   859 : -5.8031346e-28  2.3257240e-27 -1.0640299e-27
   860 : -3.8621981e-09 -9.9910503e-10  3.6682612e-10
   861 : -2.5453681e-10 -8.1300660e-10  4.4987556e-10
   862 : -4.4030398e-10  3.4237368e-10 -5.6001669e-10
   863 : -1.2984792e-06  4.6793955e-07  2.5299411e-06
   864 :  8.9481355e-06  2.5417270e-06  2.5753180e-06
   865 : -1.0751441e-03  4.1839755e-04  4.7962622e-04
   866 :  7.4885549e-02  1.0757405e-01 -2.3357556e-03
   867 :  1.6471188e-03 -2.8233487e-03  2.4613177e-03
   868 :  1.3539759e-11  5.5172285e-11 -9.4998482e-11
   869 :  1.5403681e-11  1.5434884e-11 -1.2789161e-11
   870 :  8.1364300e-13 -1.0759965e-12  2.7056939e-13
   871 :  7.0450250e-06  1.0944062e-05 -2.1920443e-05
   872 : -1.9105854e-05  8.5191469e-06  5.4274500e-06
   873 :  1.0189986e-01  7.8765339e-02 -1.9583542e-03
   874 :  3.7888373e-04  5.0696494e-02  1.1290668e-01
   875 :  3.6656184e-17 -4.9255692e-18 -1.3839977e-17
   876 : -1.6684538e-16  1.6714638e-17  3.6685481e-16
   877 : -8.3448208e-33  1.1834808e-32 -1.5425656e-32
   878 : -3.2823697e-30  7.4579532e-30 -1.5930984e-30
   879 :  1.0342215e-19 -5.3574956e-19  1.0285750e-18
   880 :  1.6081528e-17 -7.3469418e-18 -4.7156680e-18
   881 :  3.4560167e-32 -1.0516932e-32 -1.3384939e-32
   882 : -1.5533017e-30  8.6620358e-31  2.2748007e-30
   883 : -4.4054296e-20  1.1113557e-20  1.7594341e-20
   884 :  4.4347369e-19 -5.1099759e-19  1.6546472e-19
   885 :  2.6389284e-09  1.5831647e-08 -1.5069103e-08
   886 : -2.9416047e-09  1.2286505e-09 -1.1966812e-09
   887 : -1.0752185e-08 -2.7059098e-09  2.7429927e-08
   888 :  4.3475850e-08  4.0014911e-08 -1.3697453e-08
   889 : -7.0843919e-03  4.5922666e-03 -7.4123988e-03
   890 : -5.2704234e-03  5.9521676e-04 -7.6001138e-03
   891 :  6.8454430e-18 -2.8832385e-17  5.1741792e-17
   892 :  2.1766558e-15 -4.6187547e-15  8.5669262e-17
   893 : -2.0859546e-09  6.8301048e-10  6.1652000e-10
   894 :  1.1681351e-09 -4.9093476e-10 -4.6887592e-09
   895 : -7.6159213e-05 -2.3286737e-03 -7.4000064e-03
   896 : -1.8221552e-03  1.9976284e-03 -4.8593204e-03
   897 : -8.5132055e-19  1.5294227e-19  4.8641311e-19
   898 :  7.6202729e-18 -5.4778121e-18 -1.1823428e-17
   899 :  1.4274168e-03 -4.7487194e-03 -5.6704788e-03
   900 : -5.5752212e-03  2.5470730e-04  1.2559643e-03
   901 : -2.4968466e-11  8.8099562e-12  7.8979965e-12
   902 : -7.3793938e-11  4.5548539e-10 -1.9038314e-10
   903 :  1.1483461e-05 -2.3047840e-05  3.6265869e-06
   904 :  6.7730889e-07 -1.9961618e-06  5.1603544e-06
   905 :  3.3773293e-06  8.7431032e-07  3.1000411e-06
   906 :  4.1802872e-05  3.8679399e-04  8.4624076e-04
   907 :  3.6129038e-04 -1.5094635e-04 -1.9814470e-05
   908 :  1.9318284e-07 -1.0856886e-07  1.7876216e-08
   909 :  3.2623689e-07 -2.5236877e-06  1.0216534e-06
   910 :  7.4891190e-08  2.5782177e-06  8.2744341e-07
   911 : -1.0756882e-07 -2.8986908e-07 -1.7004799e-08
