Number of elements 912
     0 : -1.1516370e-25 -1.6035578e-27  2.3878105e-25
     1 : -2.0784154e-14  5.1523916e-14 -8.7740271e-15
     2 :  2.7568791e-02 -2.6579057e-01 -2.5623674e-02
     3 :  9.1353330e-18 -2.5484657e-18 -1.6337965e-17
     4 :  1.8958422e-01  1.2639096e-01  1.7593840e-01
     5 : -3.9216833e-02 -4.9422617e-04  1.2926957e-01
     6 :  1.4033709e-38  3.4588833e-38 -6.3039876e-38
     7 :  8.1210778e-14 -8.3843020e-13  4.6714148e-13
     8 :  3.4865008e-12  4.0327110e-12 -3.4154857e-12
     9 :  9.9532094e-36 -6.4477732e-35  4.2645317e-35
    10 :  1.5146808e-12  1.5621246e-13 -3.4328684e-12
    11 : -6.7264514e-39  1.2417761e-38  1.5609135e-39
    12 : -1.4211380e-01  2.5462515e-01  2.2671554e-01
    13 : -1.3783926e-09  1.5505082e-09 -2.1414864e-09
    14 :  4.4014975e-20 -9.6319048e-20  1.7707842e-20
    15 : -1.0006716e-12  2.9264156e-11 -1.1415464e-11
    16 :  9.5934877e-41 -1.9840799e-40 -2.5232694e-42
    17 : -5.1395563e-29  1.3007126e-28 -1.6333098e-29
    18 :  1.0908349e-11 -4.3145687e-11  1.1131919e-11
    19 :  6.9014912e-48 -1.0062406e-47 -5.3851770e-48
    20 :  4.2899541e-29 -6.2790041e-29 -1.4541284e-29
    21 :  9.1783505e-10  9.5016202e-09 -9.0296240e-09
    22 : -4.0785531e-10 -3.6224684e-09  1.5228848e-09
    23 :  3.7206645e-44 -3.2001104e-44  3.2496935e-44
    24 :  2.4321741e-14  4.4080551e-15 -6.7891443e-14
    25 : -1.8602034e-46 -2.2099001e-46  1.8930396e-46
    26 :  2.3505685e-13  5.0360727e-13 -3.1665464e-13
    27 : -1.6346916e-09  7.2946454e-09 -1.1721951e-09
    28 :  5.8329923e-10 -4.3851439e-09  1.9513854e-09
    29 : -5.5258128e-16 -2.6845186e-15  3.9883449e-15
    30 :  3.8518167e-12 -3.6229221e-12 -4.5025455e-12
    31 :  9.6304767e-19 -4.6937223e-19 -1.5329869e-18
    32 :  3.8361017e-38  4.9168854e-38 -1.3187519e-37
    33 : -2.7633251e-07  4.7377435e-07  3.3191207e-07
    34 :  2.2637569e-48 -1.2623011e-48 -3.2931592e-48
    35 : -1.1904299e-18  1.2029265e-19  2.3347867e-18
    36 : -2.7863107e-02 -1.0297973e-02  1.9081695e-01
    37 : -1.3854535e-05 -6.0960577e-06  7.4632771e-06
    38 :  2.2867507e-10 -3.2848734e-09  4.5939036e-10
    39 :  3.7977343e-15  1.3557346e-14 -2.2596377e-14
    40 :  3.8225819e-16 -1.0401688e-15  2.3245669e-16
    41 : -7.4800926e-09  1.4249264e-08  2.8072444e-09
    42 : -7.0043545e-46  1.2221950e-45 -1.5355365e-46
    43 : -4.9242349e-27  9.7446974e-27  1.7080443e-28
    44 : -2.5825927e-07  1.7556753e-06 -1.3190173e-06
    45 :  1.3690837e-21  2.7262102e-21 -7.1233797e-21
    46 : -3.5458138e-22  2.3485994e-22 -1.4150753e-22
    47 :  1.7669759e-37  1.0477504e-36 -2.3231275e-36
    48 :  4.8138332e-41  1.7046618e-39 -7.0467033e-40
    49 :  3.0124219e-11 -1.2697945e-10  6.0279626e-11
    50 :  5.9773494e-08  8.2767051e-07 -3.1244759e-07
    51 : -8.0998686e-03  2.0395061e-03  3.4854115e-04
    52 : -1.9956878e-11  6.0308008e-11 -1.2310077e-11
    53 :  5.3044122e-38 -3.6723550e-38  1.6750120e-38
    54 : -5.6441788e-09  8.8499218e-09 -2.3507022e-08
    55 :  2.9043916e-09  2.1898478e-09 -1.3293419e-08
    56 :  4.3561349e-02  1.3065057e-01 -6.8205407e-03
    57 : -1.7327102e-10 -6.1903712e-10  1.5036501e-09
    58 : -8.6083513e-05  2.8414812e-04 -9.9724123e-05
    59 : -1.0613979e-11 -2.0661132e-11  1.2640336e-11
    60 : -7.5958109e-08  7.4822806e-08  1.1351728e-07
    61 :  8.6132897e-04 -5.5631250e-04  5.3844152e-04
    62 :  6.2189022e-14  5.9065528e-16 -2.7919062e-14
    63 :  9.5713739e-07  3.6960932e-07 -4.2298966e-07
    64 : -5.3760824e-13  3.7750930e-13  7.4266844e-13
    65 : -2.8829441e-16  4.0393420e-16 -7.1291681e-17
    66 : -1.7294755e-18  3.9246278e-18 -7.1137229e-20
    67 : -6.9481814e-40  2.9489920e-41  1.3975487e-39
    68 :  5.8580249e-40 -5.3408790e-40 -6.5978505e-40
    69 : -7.7211956e-40  5.9797469e-40  9.7360603e-40
    70 : -1.7025529e-21 -1.5181754e-21  5.0319916e-21
    71 : -2.8073663e-07  2.5732616e-08  3.0913742e-07
    72 : -1.0466498e-42  6.6746231e-42 -4.5072224e-42
    73 : -3.0176823e-06  2.7906473e-06  1.0636534e-05
    74 :  9.2460237e-31  2.5407528e-30 -1.7157422e-30
    75 :  1.3353145e-30  1.0431969e-30 -1.1385842e-30
    76 :  1.9892187e-42  2.7306838e-43 -1.0419666e-42
    77 : -4.4099737e-33  1.4733317e-32 -5.7968046e-33
    78 : -7.1281398e-36  1.7594245e-35 -1.7943848e-36
    79 :  7.6750968e-27 -7.6697647e-27  8.4827847e-27
    80 :  1.9377132e-56  9.1988667e-55 -5.4938476e-55
    81 :  1.2942281e-36  5.7404662e-36 -3.5011459e-36
    82 :  6.2410262e-01  2.2257473e-01  7.9501618e-01
    83 : -4.9462946e-50 -2.4438185e-48  2.5351727e-48
    84 :  2.1221776e-46 -1.4146798e-45  7.1690211e-46
    85 : -9.6520991e-03  6.2504590e-02 -3.3754376e-02
    86 : -8.3669141e-29 -7.9260092e-29  2.4872928e-28
    87 : -8.0677041e-27  1.4130329e-26  2.4431685e-27
    88 :  2.5293401e-17  1.9114182e-17 -2.1290478e-17
    89 :  1.1562911e-04 -1.9562555e-05 -5.3158764e-05
    90 : -2.2750919e-43 -7.4028116e-43  4.8103576e-43
    91 :  2.0972748e-01  3.9928582e-02  1.2999771e-01
    92 :  9.2493505e-22 -1.2046753e-21  1.8210220e-22
    93 : -4.2004542e-54  5.2639462e-55  2.4872985e-54
    94 : -5.9218825e-25  1.0466392e-26  4.7765310e-25
    95 :  7.8703901e-40 -2.0654464e-40 -3.7078898e-40
    96 : -1.1291829e-18  2.4531302e-18 -3.6171263e-18
    97 : -9.6362609e-20 -3.3242147e-20  2.2291241e-19
    98 :  5.6926684e-01 -9.0454797e-02  1.5566176e-01
    99 : -1.1618429e-36 -7.0999437e-36  4.1778099e-36
   100 : -2.3697673e-38  1.9387927e-38  1.2877423e-38
   101 :  4.8133400e-17 -3.4819857e-17 -5.9854580e-18
   102 : -1.0011702e-11 -1.3352697e-10  5.9590392e-11
   103 :  5.9628030e-50 -6.1339702e-50 -5.9784837e-50
   104 : -1.9680795e-22  4.1676374e-23  7.0169699e-23
   105 : -1.2853232e-11  2.5708455e-12  8.1027403e-12
   106 :  3.5297356e-15 -2.0926713e-15 -5.8710686e-15
   107 :  4.7751599e-16 -8.7857378e-15 -2.8763173e-15
   108 :  4.0299385e-14  5.0340950e-14 -1.5315708e-13
   109 :  7.4232202e-11  1.6634761e-10 -6.0093550e-10
   110 : -1.0205433e-06  4.8950215e-06 -1.1778633e-06
   111 : -6.2167437e-14  1.6786831e-14  1.7812085e-14
   112 : -4.1311287e-35 -6.0202958e-35  1.4989545e-34
   113 : -8.1650232e-03  1.1094674e-03  1.3430809e-03
   114 : -9.9077859e-21  6.1438024e-21  9.5331699e-21
   115 :  7.4571555e-10  2.3271097e-09 -1.3043376e-09
   116 : -4.3565651e-06  5.0271199e-06 -4.8940653e-07
   117 :  2.1082484e-01  1.3157086e-01  3.4905941e-02
   118 :  8.0208853e-01  1.6496638e-01  2.1172708e-02
   119 : -2.2190086e-41 -6.1015282e-42  3.4674352e-41
   120 : -7.5819941e-21 -1.8990773e-20  4.7022302e-20
   121 :  2.7619889e-32 -6.9123132e-31  4.9924961e-31
   122 : -7.0502099e-11  1.0192006e-09 -7.5193864e-10
   123 : -2.0753741e-50  1.2433504e-49 -1.2380683e-49
   124 :  5.0111875e-37 -3.9481926e-37 -5.0594453e-38
   125 :  9.1041962e-53 -2.8704194e-52  1.0511256e-52
   126 :  7.4346963e-29 -1.5234153e-28 -5.1582977e-30
   127 : -1.9984649e-30  2.2727947e-30  1.8840240e-30
   128 : -2.0167334e-10 -4.1863018e-11  4.6024724e-10
   129 :  1.4190207e-25  1.8607302e-25 -5.2139287e-25
   130 :  2.5260343e-03  1.2141412e-03 -3.7809284e-03
   131 :  1.9841527e-09 -2.3248521e-08  2.5883923e-08
   132 :  3.5768716e-09 -1.2130287e-08  3.2702455e-09
   133 :  1.9800352e-06 -4.1183404e-06 -1.6983463e-07
   134 : -3.5286969e-10  1.8469753e-10 -1.4927876e-10
   135 :  6.7557270e-12  8.5987007e-12 -2.1434172e-11
   136 :  1.3628859e-15  6.3571270e-16 -1.0399394e-15
   137 : -2.7172474e-12  1.8015652e-11 -1.2729132e-11
   138 :  1.0824039e-13  2.7179957e-13 -3.0328803e-13
   139 :  2.3366173e-13 -4.2031384e-13  9.5670480e-14
   140 : -2.5294423e-33  3.8402236e-33 -6.4338594e-34
   141 : -1.5268156e-31  1.3609119e-31  1.7984090e-31
   142 :  5.4614474e-14 -2.2884576e-13  3.7342463e-13
   143 :  1.9750573e-42  9.2250235e-42 -1.6313096e-41
   144 :  1.8192670e-15  1.7163578e-15 -1.5922836e-15
   145 : -2.9520773e-19  4.2727463e-18 -1.8724841e-18
   146 :  1.6303193e-23 -2.4867512e-23 -9.4374460e-24
   147 :  6.9567180e-41 -3.8433085e-41 -1.3312745e-41
   148 :  3.7180485e-23 -3.8221818e-23 -3.6800201e-23
   149 :  2.2957207e-01  1.7444505e-02  1.5541143e-01
   150 : -3.8924329e-20  3.4970831e-18 -3.4089531e-18
   151 :  5.3558813e-30  4.8170483e-30 -1.5890992e-29
   152 :  1.7438313e-25  5.3573213e-26 -1.0740175e-25
   153 :  6.2317398e-01  1.2911500e-01  2.2128331e-01
   154 : -3.5884214e-54  2.2804055e-54  4.8653294e-54
   155 :  1.3693721e-41 -1.1909680e-41 -1.9351579e-41
   156 :  1.0765400e-43 -1.4445566e-43  1.8636094e-44
   157 : -7.2168668e-21 -7.3779437e-21  2.2313007e-20
   158 :  6.9673677e-13 -9.7675358e-13  2.8398902e-13
   159 :  5.5181980e-17  2.0116087e-16 -1.2585368e-16
   160 : -2.4583738e-52  4.9874198e-53  9.7419282e-53
   161 :  5.8497171e-52  9.4556512e-50 -1.9086897e-49
   162 : -3.2414222e-02  1.2816191e-01  2.8367821e-02
   163 : -2.4921551e-09 -9.5678478e-10  4.8992020e-09
   164 :  2.3802917e-28 -6.7370475e-30 -4.8781806e-28
   165 :  8.0063846e-16 -1.1682709e-14  1.0080213e-14
   166 :  1.4121144e-43 -9.3070204e-45 -2.7956705e-43
   167 :  1.0947895e-12 -6.0210426e-13  2.2622870e-13
   168 :  1.6916545e-08 -5.1303917e-08  1.2244187e-08
   169 :  9.6227642e-01 -6.3543200e-02  2.1672980e-01
   170 :  4.9439379e-40 -3.0041772e-39  5.7260918e-39
   171 :  1.0002296e-39 -3.8230206e-39  6.6783398e-39
   172 : -4.8914372e-08  6.1200943e-08  6.0999983e-08
   173 : -1.0675397e-10 -3.0603668e-10  8.6327390e-10
   174 :  2.8762485e-14 -6.4712357e-14  2.0079743e-15
   175 :  1.1055238e-22 -8.5871172e-23  8.2697209e-23
   176 :  5.0620607e-36 -4.6835259e-36 -5.7802306e-36
   177 : -1.2549174e-14  1.4085317e-13 -1.1066054e-13
   178 :  1.0379224e+00  2.2245867e-01  7.7004509e-01
   179 : -2.5071462e-13  1.1171511e-12 -8.9854273e-13
   180 : -1.3646647e-41  3.0962250e-42  2.4703017e-41
   181 :  1.5954336e-08 -4.8623122e-09 -3.5084325e-08
   182 :  6.3217570e-25 -2.6279507e-26 -5.8374114e-25
   183 :  2.3437530e-06  1.2007479e-07 -2.6517212e-06
   184 :  1.8841921e-54  3.0929857e-53 -1.6228431e-53
   185 : -9.1332719e-30  4.3213171e-30  2.3298755e-30
   186 : -2.5990434e-20 -3.0106549e-20  8.9598829e-20
   187 :  1.8154066e-12 -7.6778729e-12  3.8309594e-12
   188 :  6.0242422e-01  4.1328751e-01  7.4478852e-01
   189 :  3.2758527e-13  7.1733799e-13 -1.3240823e-12
   190 :  9.1775494e-16 -4.2483937e-15  1.5663113e-15
   191 :  3.7102820e-50 -2.9159025e-50 -4.7024390e-50
   192 :  8.3138575e-08 -6.3147186e-08 -1.7789105e-07
   193 : -1.8977147e-02  9.8197714e-02 -1.8515876e-02
   194 :  5.4010304e-01  2.9270374e-01  4.3178236e-02
   195 : -2.3422023e-21 -6.6380996e-22  1.4850684e-21
   196 :  6.1366382e-42 -6.2933011e-42 -6.3362370e-42
   197 :  1.3892548e-42 -2.1757645e-42 -6.2273910e-43
   198 : -7.5461089e-18 -4.9742101e-19  8.7163395e-18
   199 :  1.3270689e-03 -3.1201067e-03  1.0908635e-03
   200 :  4.9233569e-38  7.5043911e-38 -1.8439051e-37
   201 :  9.5630103e-09 -1.2822988e-09 -5.8537939e-09
   202 :  1.2432135e-22 -1.2919525e-21 -1.2864258e-21
   203 :  2.2001810e-45  1.0426918e-45 -1.5773442e-45
   204 :  1.0781200e-21  1.3078833e-22 -1.2937304e-21
   205 :  7.0868597e-09 -4.9964394e-08  2.0961081e-08
   206 : -3.8108797e-45  1.6250587e-45 -3.0032750e-47
   207 : -5.2138997e-43  3.4604491e-43 -1.8798859e-43
   208 : -1.3785081e-31  7.6784115e-32  1.6623312e-31
   209 :  4.4467604e-01  2.3967601e-01  2.7938856e-01
   210 :  4.5033004e-23 -6.8250758e-23 -2.3453532e-23
   211 :  1.4003240e-44 -5.0668868e-45 -3.5098146e-45
   212 : -1.1452407e-12  8.2282301e-13  2.3997641e-13
   213 :  3.9666190e-42 -1.7118458e-41  1.6502764e-41
   214 :  2.1188771e-01  2.8220034e-01  1.1759772e-02
   215 :  6.5166665e-01  1.2862886e-02 -1.9150971e-01
   216 :  6.0342742e-12 -5.8826322e-12 -6.8753695e-12
   217 :  4.4991895e-53  2.3239045e-52 -1.3681921e-52
   218 :  8.2486991e-34  1.0804074e-33 -2.7855522e-33
   219 :  3.1539973e-10 -3.3859063e-09  4.8158201e-09
   220 :  1.0524380e-29  9.6949346e-29 -2.1466266e-28
   221 :  2.0992262e-36  7.9033608e-37 -5.0338137e-36
   222 :  6.4521779e-04 -2.3584514e-04  5.7032721e-04
   223 :  1.6631727e-06 -1.5585662e-05  7.7306608e-06
   224 :  4.0188840e-17  4.9911653e-18 -8.8477988e-17
   225 :  2.7184574e-28 -4.6558433e-28 -8.0021346e-29
   226 : -8.9419372e-38  4.8795604e-38  2.9136857e-38
   227 : -1.7043946e-22  3.9818862e-22 -6.6885802e-22
   228 : -4.1032855e-18  8.0773360e-18  7.6562637e-19
   229 :  3.2293491e-24  2.5834567e-24 -2.7783503e-24
   230 : -1.3452700e-37 -6.0097081e-38  9.3917863e-38
   231 :  6.5878545e-39 -1.2053877e-37  1.0687000e-37
   232 :  2.8476157e-50  3.3481386e-50 -3.0588271e-50
   233 :  3.0122481e-36 -3.1738095e-36 -2.5375526e-36
   234 : -1.2266300e-02  7.1146019e-03 -1.0009951e-02
   235 : -4.0222437e-08 -2.4984565e-08  8.3542354e-08
   236 : -1.9682623e-34  4.4326649e-34 -3.4013976e-35
   237 : -1.3173931e-31  1.8233999e-31  5.9156274e-32
   238 :  6.9826944e-48  8.8997811e-49 -3.9222597e-48
   239 : -1.5268148e-37  7.7632900e-36 -1.5634625e-35
   240 :  6.0978479e-43 -3.0115249e-43 -9.4810989e-43
   241 :  1.6116295e-10 -1.5282678e-09  4.9081431e-10
   242 : -2.9356925e-10 -1.5025332e-10  5.9992720e-10
   243 :  7.6933196e-05 -9.0598680e-05  1.0223058e-04
   244 : -4.2635970e-08 -3.9425934e-07  1.0820547e-06
   245 :  3.7527700e-35  1.4950982e-35 -8.5155838e-35
   246 : -4.3966354e-11  2.5114007e-11  6.9866033e-12
   247 :  3.3868856e-04 -2.4696242e-04  3.0674999e-04
   248 :  9.8993465e-53  5.8423797e-53 -2.5859100e-52
   249 : -1.4013902e-26  2.7393924e-27  2.6596789e-26
   250 :  2.8388944e-10 -6.3293297e-11 -1.2155306e-10
   251 : -4.3229915e-19  1.1238948e-18 -8.9743015e-20
   252 : -3.3817572e-38  6.3949040e-38 -8.6070845e-39
   253 :  8.1151371e-47 -9.7660241e-47  1.1877558e-46
   254 : -1.8072214e-03  4.7503723e-04  5.9979982e-04
   255 : -1.0440818e-20  1.1655016e-21  2.8771215e-21
   256 :  1.2964165e-11  8.8519640e-11 -4.5581651e-11
   257 :  7.7366863e-07 -4.9229455e-07  1.1790758e-06
   258 : -4.7825828e-22 -1.3164647e-21  3.0315939e-21
   259 :  4.3021436e-31  1.7535487e-30 -4.1012765e-30
   260 :  9.7056270e-11  1.9421304e-10 -3.8655631e-10
   261 : -1.1714378e-21 -2.0164545e-21  7.4250886e-21
   262 :  5.0651653e-35 -1.1431917e-34  5.4538816e-35
   263 : -8.8169597e-40  9.5058566e-40  8.6511589e-40
   264 : -1.3483822e-20 -2.2710445e-21  1.8536765e-20
   265 :  1.3574405e-09 -6.7465087e-10  3.8935607e-10
   266 :  1.4195507e-26  3.9799671e-26 -2.5823006e-26
   267 :  6.0628416e-25 -3.5218549e-25 -1.1578798e-25
   268 :  1.7118690e-40 -4.2960260e-40  6.9915117e-40
   269 :  1.4635249e-04 -3.4089387e-05 -7.2961951e-05
   270 : -9.3611504e-24  7.0125304e-23 -4.6884528e-23
   271 : -6.1346070e-09 -3.8622838e-10  7.7362855e-09
   272 : -1.4218498e-23  1.5376403e-23 -1.8137972e-23
   273 : -1.4654203e-39 -3.8299830e-39  6.8330057e-39
   274 : -1.9966594e-11 -6.9487572e-11  1.4466094e-10
   275 : -8.3829196e-33 -2.7382862e-32  4.5747269e-32
   276 :  1.7782493e-07 -1.8481562e-08  1.5979697e-08
   277 :  3.8650489e-35 -5.0755679e-35 -2.8724538e-35
   278 :  1.5067993e-11  2.6078141e-12 -3.8270052e-11
   279 :  5.8895549e-19 -1.2262133e-19 -2.2784904e-19
   280 :  3.3818031e-02  2.6818011e-01  8.4132108e-02
   281 : -2.7920352e-19  3.9876366e-19  1.9462910e-19
   282 : -1.9763224e-27  8.3365830e-27 -1.5535813e-26
   283 :  2.1037425e-32 -1.0518446e-31  6.2585679e-32
   284 :  4.8189115e-35 -5.7481410e-34 -3.5981684e-34
   285 : -7.0952260e-03 -2.4239590e-03  4.2505658e-03
   286 : -1.5661829e-11  2.4488477e-11  1.3287780e-11
   287 :  1.6492060e-14  9.4789347e-16 -7.8604478e-15
   288 :  1.8790319e-01  1.2882816e-01  1.8410120e-01
   289 : -1.3671990e-15 -6.6894649e-16  2.8599923e-15
   290 : -1.3159416e-02 -2.3736206e-04 -5.5765465e-03
   291 : -2.4425823e-19  3.2468685e-19 -3.7143567e-20
   292 :  1.0260590e-05 -1.3038615e-05 -1.2607719e-05
   293 : -7.5257773e-31  3.5383939e-31  1.1740536e-30
   294 :  2.0649380e-13  1.3380917e-12 -3.0339797e-12
   295 :  3.2088981e-44 -1.3108322e-44 -9.1657241e-45
   296 :  1.8117707e-08 -1.5674283e-07  1.3344406e-07
   297 : -7.3335594e-17  1.7410456e-16 -1.2681472e-17
   298 :  5.5400047e-18  9.2950806e-18 -8.1801634e-18
   299 : -4.2204745e-48 -2.4928962e-48  1.0617246e-47
   300 : -4.2191069e-08 -3.7888906e-08  2.6892892e-08
   301 : -3.4426708e-20 -1.0182670e-20  2.0622545e-20
   302 :  1.4711031e-11 -5.0869210e-11  1.6097372e-11
   303 :  1.1759619e-13 -1.1376506e-13 -1.1642338e-15
   304 :  1.7737021e-13 -6.8645293e-13  1.0941421e-12
   305 :  9.3300435e-22 -1.0215626e-22 -3.8044889e-22
   306 :  3.7551463e-06  3.8063159e-06 -1.1522254e-06
   307 :  8.2504355e-13 -2.8520118e-13 -4.1183535e-13
   308 : -8.2507836e-19  1.7532656e-18 -3.0834202e-18
   309 :  9.9536554e-48  9.8844466e-47 -5.3995896e-47
   310 :  2.6873128e-15 -7.4752935e-16 -5.0996583e-15
   311 :  1.5947748e-11  2.1201055e-12 -3.7679397e-11
   312 :  1.1969686e-42  1.2209758e-42 -3.5963925e-42
   313 :  2.7736944e-31 -9.2228947e-31  2.6796341e-31
   314 : -2.5229297e-47 -3.0062572e-46  6.2844707e-46
   315 : -1.1146696e-36 -5.2801825e-36  3.1156804e-36
   316 : -2.5099607e-05 -1.5599497e-05  1.2471128e-05
   317 :  2.5751777e-48 -1.5384584e-47  9.9067035e-48
   318 : -1.4214996e-08 -2.5393430e-08  1.1569135e-08
   319 :  4.4342393e-09  8.0548051e-09 -1.7469074e-08
   320 :  1.0651122e+00  2.2925724e-01  6.0871485e-02
   321 :  1.4229567e-05 -1.4465959e-05 -2.8542016e-05
   322 :  3.1530882e-46 -8.1152626e-46  1.7831074e-46
   323 :  8.0006381e-52 -1.0873519e-51  1.4029261e-52
   324 : -4.0765570e-35  2.1927397e-34 -8.4340134e-35
   325 :  2.1621156e-30  9.3413587e-31 -4.0968083e-30
   326 : -3.3654526e-04  6.4196972e-04  6.5635142e-04
   327 :  7.5550395e-01  5.5524592e-01  8.1337674e-01
   328 :  1.7859500e-10  8.7202790e-11 -1.5107818e-10
   329 :  2.1420587e-33 -4.4220582e-33  1.1448323e-33
   330 : -3.2622597e-50  1.0557096e-50  5.4687743e-50
   331 : -9.1607553e-23  1.1164601e-22  8.0076920e-23
   332 : -6.3127893e-13 -5.9418748e-13  5.8574720e-13
   333 : -1.0899455e-30  1.0488384e-30 -1.1099481e-30
   334 :  6.3640245e-09 -5.9307459e-08  4.0603432e-08
   335 : -2.6577120e-12  5.0350819e-12  7.8118306e-13
   336 :  2.6195617e-11 -2.9670334e-11 -2.6485669e-11
   337 : -3.1001943e-46 -6.3944850e-45  7.2711411e-45
   338 :  2.1194663e-10 -3.7686216e-10  8.1142802e-11
   339 : -4.3493365e-33  5.9076829e-33  3.1703568e-33
   340 :  5.2668823e-11 -8.7943270e-10  3.8476185e-09
   341 :  2.0368547e-43 -1.8541032e-43 -8.6689150e-45
   342 : -6.1925915e-37  4.1357104e-37  8.5440850e-37
   343 : -7.9330118e-19  4.4169227e-19  1.6918982e-19
   344 : -5.6547888e-08  1.6225308e-08 -1.0130257e-09
   345 : -9.0771193e-03  2.7163431e-03  1.2879631e-03
   346 : -1.1183907e-36 -2.1068565e-36  1.5654050e-36
   347 : -9.5847666e-10  1.6552381e-10 -3.7123346e-10
   348 :  6.2470940e-19 -2.0257476e-18  6.9447418e-19
   349 :  1.6514335e-20 -1.1793294e-20  8.2282314e-21
   350 :  1.9130382e-08  1.6197257e-08 -6.2285609e-08
   351 : -1.7766452e-29  4.9907600e-29 -1.5831854e-29
   352 : -8.7264405e-08  1.3231106e-08  5.6547954e-08
   353 :  7.1938241e-13 -1.3087308e-13 -2.9380739e-13
   354 :  2.7010923e-01  3.3994562e-01  3.0509368e-01
   355 :  2.2063654e-01  1.4590441e-01  1.1138643e-01
   356 :  3.2406793e-45  6.2938314e-45 -1.3228264e-44
   357 :  2.8454531e-08  7.8136440e-08 -2.1540467e-07
   358 : -1.1159421e-21  1.4098131e-21  9.3482887e-22
   359 :  1.0861229e-52 -3.6952877e-52  1.3029452e-52
   360 : -7.6531870e-09  4.1004370e-10  7.4019329e-09
   361 :  5.0517682e-28  3.1230630e-27 -1.7451816e-27
   362 :  7.2228193e-20 -2.1777633e-19  4.1084783e-19
   363 : -2.8770222e-24 -4.5138214e-25  3.8112517e-24
   364 : -1.3400261e-25  1.2643888e-25  2.6929448e-27
   365 :  4.1299518e-20 -2.9702204e-20 -4.4680006e-20
   366 :  1.0621149e-40 -1.4189418e-39  1.1911543e-39
   367 :  6.9560962e-16 -5.5103727e-16  9.6962442e-16
   368 :  2.0067552e-10 -3.8901227e-10 -3.6064359e-11
   369 :  7.3008756e-22 -3.6801864e-20  4.6829661e-20
   370 : -1.0050368e-25  5.8903307e-25 -3.9330206e-25
   371 : -1.1574308e-41  1.5962934e-41 -2.0736042e-41
   372 :  1.2403320e-19 -1.4070319e-19 -1.0936426e-19
   373 :  6.2134795e-13  4.2000393e-13 -1.6430624e-12
   374 : -4.8932649e-03  1.2370076e-03  1.3831948e-03
   375 : -1.1246184e-29 -1.3844010e-29  1.1962806e-29
   376 :  3.1170508e-46 -5.6038380e-45  4.9359903e-45
   377 : -1.5941490e-17  1.9539559e-17 -1.8499749e-18
   378 :  4.3488074e-25 -1.4214978e-24  4.4778898e-25
   379 : -3.5658027e-49  9.8741900e-49 -2.7894832e-49
   380 : -7.5070796e-06 -4.9444564e-07  1.8776827e-06
   381 :  1.5535976e-21 -4.2456416e-22 -5.3851734e-22
   382 :  1.6113866e-30 -1.9929053e-30 -1.2712182e-30
   383 : -3.5630339e-07 -4.3548778e-07  2.7337874e-07
   384 : -3.3388736e-28  1.0085692e-27 -3.6533267e-28
   385 : -1.2535620e-11  2.2233810e-11  5.5498492e-12
   386 : -1.9527575e-05  6.3706846e-06  3.8645743e-06
   387 : -3.5842952e-33 -2.1152252e-33  9.4651204e-33
   388 :  9.8317529e-03 -4.2076371e-03 -6.0780397e-03
   389 : -2.3395436e-27  5.7627689e-27 -6.4950957e-28
   390 :  1.1692906e-10 -2.1122630e-10 -7.2498051e-11
   391 : -5.3678789e-23  5.1519068e-22 -2.2797683e-22
   392 :  3.6944539e-07 -1.6708504e-07  8.7603992e-08
   393 :  3.2507287e-07  2.6031532e-06 -3.1362866e-06
   394 :  1.0140286e-27 -1.3846921e-27 -7.2244728e-28
   395 :  1.0951237e-16 -1.8092209e-17 -7.1412766e-17
   396 : -8.6173009e-50  1.2936607e-48 -2.5306497e-48
   397 :  1.6336402e-07 -1.0743268e-06  1.6909210e-07
   398 :  8.4640999e-14 -2.9156824e-13  9.2860738e-14
   399 : -1.4740638e-07  5.7152248e-06 -2.7545383e-06
   400 : -1.0282959e-14 -4.1365395e-14  1.0378441e-13
   401 :  4.8926300e-12 -7.8404935e-12 -3.6830425e-12
   402 :  1.9232267e-26 -9.4705747e-27 -5.9367379e-28
   403 :  2.6681482e-25 -1.8318917e-24  1.2740938e-24
   404 :  1.9790660e-41 -3.4106828e-41 -1.7897594e-41
   405 : -2.3407669e-18  2.2576731e-16 -1.8720490e-16
   406 : -1.7219587e-08  2.1199748e-09  5.4299067e-09
   407 : -6.8922639e-06  3.2517031e-06 -1.2622451e-06
   408 :  3.7932915e-05 -3.2682530e-05 -3.0428126e-06
   409 :  5.7861464e-15  6.2556359e-15 -5.6235001e-15
   410 : -3.0707502e-02 -5.7849854e-02 -6.9963747e-02
   411 : -3.3517207e-15  9.4638934e-15 -2.2369252e-15
   412 : -2.9910978e-12  1.8511363e-12  5.3359905e-12
   413 :  4.4567089e-45  1.0802046e-44 -2.1653296e-44
   414 : -1.4738981e-02  4.6394933e-03 -1.0717939e-02
   415 :  1.0005266e-14 -3.0244444e-14  8.9662525e-15
   416 :  7.2218469e-33 -2.8620260e-32  5.1991099e-32
   417 : -1.8272367e-09  1.5982486e-08 -4.0518244e-08
   418 :  4.8713700e-06 -1.4031627e-06 -2.2117032e-05
   419 : -7.3608172e-42  6.1080887e-41 -2.5988293e-41
   420 : -4.9763813e-38  1.0715347e-38  8.9739161e-38
   421 : -1.1039341e-34  5.3322984e-34 -2.9752976e-34
   422 : -7.3339398e-20  3.8250029e-20  9.0682615e-21
   423 : -4.1632025e-16  1.6142620e-15 -5.3813412e-16
   424 :  4.2578304e-28 -1.1073078e-27  3.3358705e-28
   425 :  2.3303748e-34 -1.2013586e-33  4.6504833e-34
   426 : -1.5582370e-23  6.7331213e-24  4.2164799e-24
   427 :  5.3071179e-27 -1.1522590e-26  1.0081850e-26
   428 : -1.7745332e-26  3.4995666e-26  2.0249940e-27
   429 :  1.1160927e-12  4.9703093e-13 -6.6188025e-13
   430 :  1.7286698e-11 -2.3918813e-11 -1.4841377e-11
   431 :  1.3529343e-16 -2.5869049e-16 -3.7736832e-17
   432 :  2.3465626e-19 -3.2119129e-19  4.4885867e-19
   433 : -2.3743932e-44  9.2641143e-44 -4.5293735e-44
   434 :  2.5446036e-04 -5.1603953e-05 -7.2527394e-05
   435 :  7.6534597e-15 -4.1723243e-15  1.0433200e-15
   436 : -3.0308203e-29 -4.8171413e-29  1.2933821e-28
   437 :  4.0564411e-09 -5.5052930e-09  7.9243553e-09
   438 :  8.5290245e-10 -7.8282759e-10  1.2078379e-09
   439 : -5.4975583e-07  4.7438915e-07 -4.7288440e-07
   440 : -1.2335546e-35 -1.3300629e-35  2.4906868e-35
   441 : -1.8704322e-48 -1.0619966e-48  3.8092677e-48
   442 :  1.1486959e-08  6.1831398e-10 -8.1958947e-09
   443 : -8.8876921e-19  1.4848987e-18  3.8684312e-19
   444 : -1.6161148e-09  5.0294448e-10  2.0938982e-10
   445 :  4.1542108e-23 -5.9319454e-24 -5.2144828e-23
   446 : -6.2789079e-03 -7.4643762e-03  3.8663208e-03
   447 : -1.1446853e-23 -1.5557160e-23  4.9760948e-23
   448 : -3.4636495e-14 -1.0624054e-13  5.4902037e-14
   449 :  9.5733695e-44 -3.3673120e-43  1.4380132e-43
   450 : -1.2942969e-46  1.9138821e-46  7.0242763e-47
   451 :  3.9191081e-04  7.5177601e-04  1.3925276e-04
   452 :  2.0329323e-01  1.5171555e-01  1.4893423e-01
   453 : -4.4349966e-03  2.0968923e-04  1.9463310e-03
   454 :  1.5754931e-01 -2.8770203e-02  2.7892620e-01
   455 : -9.1846527e-27 -7.3792933e-27 -4.2290102e-26
   456 :  1.2267389e-13 -4.5629937e-14 -2.2307753e-14
   457 :  6.2245877e-49  1.5853482e-48 -2.6330725e-48
   458 :  2.9205948e-23  1.8600934e-22 -2.8054847e-22
   459 :  2.1661436e-15 -1.7399036e-15 -3.6025457e-15
   460 :  2.6212896e-13 -6.2541000e-13 -1.2559598e-14
   461 : -6.9653410e-24  3.6920920e-24  1.0807330e-23
   462 : -1.0411134e-19  3.1023479e-19 -9.6038930e-20
   463 : -2.2715226e-34 -2.1815082e-34  5.9676787e-34
   464 :  2.5669297e-09  7.4543178e-09 -4.1326182e-09
   465 :  9.7509203e-14 -2.9107770e-14 -3.7059632e-14
   466 : -1.8460020e-06  7.2426688e-07  4.4556341e-07
   467 :  9.7531180e-37 -6.1163302e-37  3.0137212e-37
   468 : -7.2649993e-32  6.9601396e-32  2.0257824e-33
   469 : -2.0868940e-48  1.2371371e-48  2.2207157e-48
   470 :  9.2035020e-46 -1.0358437e-45  5.3345338e-47
   471 : -1.7064066e-28  5.5526675e-29  7.2369809e-29
   472 :  9.7055439e-34 -1.7379714e-33 -2.7916913e-34
   473 :  1.2352644e-11  2.4071117e-11 -5.2757293e-11
   474 : -7.9276548e-40 -1.0104023e-40  1.7192905e-39
   475 : -1.7795301e-28 -4.8201909e-28  1.2235124e-27
   476 : -5.4255197e-27 -9.7782891e-28  3.0502031e-27
   477 :  1.8649721e-52 -1.4196008e-51  2.7346571e-51
   478 :  5.5699586e-15  1.8218901e-14 -3.3107005e-14
   479 : -9.6360854e-51  1.9333583e-50 -5.4576083e-54
   480 : -1.0091187e-04 -4.6533918e-05  3.3120996e-04
   481 : -2.5792869e-26  6.5199090e-26 -1.3111155e-25
   482 : -8.3435773e-39  2.7283316e-38 -9.3769081e-39
   483 :  2.0066094e-06  1.1833089e-06  4.5867473e-07
   484 : -6.0283912e-16 -6.5129914e-15  2.8983241e-15
   485 : -3.1443328e-14  2.6658995e-14  3.8847056e-14
   486 :  1.9475887e-01 -1.9162564e-02  1.4222584e-01
   487 :  9.5203893e-13  5.0274225e-13 -1.6139223e-12
   488 :  5.9383945e-05 -5.5272765e-05 -3.4978354e-05
   489 : -5.0821039e-41 -1.8555121e-41  1.2155425e-40
   490 :  1.8815150e-36 -1.4368888e-35  6.1669144e-36
   491 : -1.2482982e-37  2.6442582e-37 -7.0160426e-38
   492 : -1.1247322e-11  3.2767807e-11 -6.0864425e-11
   493 : -6.6440214e-08  1.6853142e-07 -3.6618774e-08
   494 :  3.9278049e-06  2.0356193e-06 -6.4546798e-06
   495 :  2.3117808e-18  8.4074460e-18 -9.7125419e-18
   496 : -6.1757657e-32  4.9998032e-32  7.4429441e-32
   497 :  1.9421672e-47  1.5310943e-46 -8.4217212e-47
   498 :  1.8322551e-44  1.4144311e-43 -3.1037210e-43
   499 : -6.3841059e-05  7.3283104e-05 -5.3069327e-05
   500 : -9.8889862e-48  4.2697948e-48  1.5930776e-47
   501 :  4.8736644e-53 -1.4656752e-51  1.1087725e-51
   502 :  1.9009405e-11 -1.8862353e-09  9.4235852e-10
   503 :  2.0065049e-10  1.5618215e-09 -5.7639122e-10
   504 : -4.2605844e-16  4.6476121e-15 -2.0052301e-15
   505 :  2.2493588e-04 -1.0665269e-04 -2.5710322e-05
   506 : -2.9612003e-34  1.1232171e-33 -5.1975375e-34
   507 : -4.7743381e-33  7.2720339e-32 -9.6646057e-32
   508 :  2.2692609e-31 -3.1956607e-31  4.3733411e-32
   509 :  1.9765666e-12  4.9848143e-13 -3.0447364e-12
   510 : -1.2886342e-31  1.2919792e-31  3.3480450e-31
   511 :  9.8318323e-24 -3.7991392e-24 -3.8016027e-24
   512 : -9.0900071e-25 -1.2743951e-23  6.5292892e-24
   513 : -5.5388841e-18 -3.0437525e-18  1.4454691e-17
   514 :  4.6779153e-16 -3.2606247e-15  1.0390201e-15
   515 : -2.0531183e-07 -4.9337216e-08  3.5823888e-07
   516 :  1.4154954e-32  3.6687702e-32 -2.5113806e-32
   517 : -3.1790690e-07  8.3288888e-08 -4.0543951e-08
   518 : -8.6483684e-16  2.2574098e-17  7.9510518e-16
   519 : -2.3992532e-23  2.1404089e-23  2.8336465e-23
   520 : -1.4426540e-19  1.7201934e-19  2.7152397e-18
   521 :  1.0429462e-08 -7.0577823e-09  2.4561442e-09
   522 :  2.5306580e-01  3.0614918e-01  8.6928079e-03
   523 : -3.7839391e-06 -3.6099166e-07  1.6676821e-06
   524 : -1.0214623e-17  3.2011844e-18  3.1332987e-18
   525 : -2.5157149e-15  3.4763539e-15 -5.8167234e-15
   526 :  5.0371026e-26  4.3772719e-25 -4.5458160e-25
   527 : -8.2505968e-40  3.0498313e-39 -2.5524246e-39
   528 : -2.6699592e-02  5.7569902e-02  4.0880469e-03
   529 :  1.5497894e-12 -1.2231341e-11  7.8460587e-12
   530 :  7.6884183e-06 -1.7490526e-05  2.1495166e-06
   531 : -1.0763969e-10  1.4717975e-11  3.7021290e-11
   532 : -2.1860478e-24  1.6897229e-23 -1.2256247e-23
   533 :  6.2448548e-53 -7.7591331e-53  9.4232170e-53
   534 : -2.3297868e-53 -6.6425189e-53  1.5284244e-52
   535 : -1.1834108e-38 -3.7836394e-38  5.7078737e-38
   536 : -1.1916524e-06  3.1074627e-07  3.6045050e-07
   537 : -1.0739298e-10 -2.0623912e-10  8.6806645e-11
   538 :  4.0917325e-14 -7.8638659e-14  1.3808519e-13
   539 :  2.7119263e-39 -8.0951435e-39  2.0780850e-39
   540 :  1.1178910e-34  1.4225707e-34 -3.0854532e-34
   541 : -5.1965421e-33  2.8103902e-32 -2.1545047e-32
   542 : -5.0591063e-18 -3.1469531e-18  3.2652231e-18
   543 :  3.1733242e-41  2.9721025e-41 -3.0647829e-41
   544 :  8.6557797e-17 -1.5989548e-16 -3.3200069e-17
   545 :  1.4844742e-29  3.8119913e-30 -3.4393998e-29
   546 :  1.2687645e-05  9.1223176e-06 -2.0880703e-05
   547 : -2.4502884e-38  3.9863401e-38  9.4404614e-39
   548 :  4.6422024e-08  1.7933998e-09 -7.4102851e-08
   549 : -5.4064922e-32 -1.1369424e-31  2.9465377e-31
   550 :  2.4646593e-12 -7.3730279e-12  1.7049036e-12
   551 : -1.8074379e-07 -2.0173469e-07  8.5152086e-07
   552 : -2.8541804e-09  1.1275549e-08 -2.1292406e-09
   553 :  3.6942186e-10 -8.6840099e-11 -1.4705200e-10
   554 :  8.0175771e-31 -3.0011921e-30  1.0737837e-30
   555 : -4.5164143e-18  7.0976951e-18  3.0173777e-18
   556 :  7.0973981e-33  7.5967289e-33 -7.1059996e-33
   557 :  2.4580732e-01  1.6951311e-01  2.2225080e-01
   558 :  1.8664255e-12 -1.1331345e-11  4.8981892e-12
   559 : -2.8089784e-08 -2.8221976e-08  4.9557465e-08
   560 : -1.6123165e-11  3.2137787e-12  5.7188252e-12
   561 : -8.3284291e-03  3.0816301e-03 -8.2809204e-04
   562 :  3.2065105e-25 -1.3003750e-25 -9.1125814e-26
   563 :  3.5464940e-46 -1.4713839e-46 -5.3805399e-47
   564 :  1.1610757e-06 -2.9767541e-07  9.1341473e-07
   565 : -4.7574919e-05  1.6390070e-05 -2.2410455e-05
   566 :  2.6134131e-35 -1.3037877e-34  1.4250667e-34
   567 :  3.7067678e-19 -2.8285091e-18  1.9918906e-18
   568 :  2.4630189e-09 -5.9280109e-08  1.5832089e-07
   569 :  3.9546789e-07 -2.1347837e-07 -1.2270721e-07
   570 :  6.4013888e-30 -1.1088695e-29 -2.4051127e-30
   571 : -3.0630970e-19  1.8177314e-19  6.0874880e-20
   572 :  3.5971749e-51 -5.7030771e-50  2.6557598e-50
   573 : -2.2259920e-13  1.3835371e-13  3.9525020e-13
   574 : -5.3206504e-12  9.7461421e-12 -1.6734619e-11
   575 : -4.1771885e-02  2.7126925e-01  3.2321814e-01
   576 : -8.1161795e-16 -4.2144334e-15  6.3166286e-15
   577 :  1.8630403e-01  1.9547765e-01  1.6076027e-01
   578 :  1.1161441e-55 -6.5558380e-55  2.2424887e-55
   579 :  4.1708610e-04  2.9090212e-04 -2.2915196e-04
   580 :  6.6430004e-02  2.1631035e-02 -2.1161892e-02
   581 :  1.4994348e-30  2.7004139e-30 -5.8968190e-30
   582 :  1.0109375e-50 -4.6566532e-50  1.7934584e-50
   583 :  1.1634917e-28 -4.2100617e-28  1.7881342e-28
   584 :  1.8415416e-42 -4.2313084e-42  5.3791590e-43
   585 :  3.0941591e-07 -6.0989302e-07  1.4545278e-07
   586 :  1.2534040e-36  6.8611923e-37 -3.3102277e-36
   587 : -9.8197972e-26 -3.7856015e-26  2.3121035e-25
   588 :  1.9952347e-34 -2.1799371e-34  8.6075946e-36
   589 :  6.1284160e-08 -2.4003461e-08 -1.1835469e-07
   590 : -1.2055290e-08 -1.1646405e-08  3.6214934e-08
   591 : -9.9357751e-47  1.6158982e-46  3.7834757e-47
   592 :  4.9112784e-31 -2.3785244e-31 -7.8033956e-33
   593 :  3.2198439e-23 -6.0529565e-24 -1.8829648e-23
   594 :  2.2236343e-26 -9.7784619e-27 -5.9852053e-27
   595 :  2.6133504e-13 -1.0620241e-14 -2.2214634e-13
   596 :  1.7648046e-15 -6.0991655e-15  1.5460673e-15
   597 : -7.8105797e-21 -2.5142832e-21  1.2360590e-20
   598 : -2.2946031e-25 -1.7342341e-24  9.6780935e-25
   599 :  5.7083455e-04 -1.8048070e-04  1.0980560e-03
   600 : -8.1782243e-17 -2.6658340e-17  1.9675382e-16
   601 : -2.1117069e-03  5.3776441e-04  1.2753022e-03
   602 : -7.2199401e-37 -5.1549396e-36  2.8475202e-36
   603 : -3.9222194e-41 -1.2416748e-40  1.1518153e-40
   604 :  8.7959381e-30  6.7453114e-30 -2.2363113e-29
   605 : -1.7571137e-22  3.1408325e-22  5.5081805e-23
   606 :  1.2850551e-01  1.7570906e-02  2.9457165e-01
   607 :  5.7129111e-17 -3.6444693e-17 -8.8498670e-17
   608 :  3.5678970e-33  1.7799174e-32 -1.0233791e-32
   609 :  1.0658218e-28  1.4169359e-28 -1.7097396e-28
   610 : -1.0434368e-40 -1.8495931e-40  4.7749974e-40
   611 : -4.7231134e-04  1.2564117e-04  2.2945152e-04
   612 :  9.7996237e-17 -3.6102348e-16  1.6463344e-16
   613 :  1.3801852e-21  6.3461703e-22 -3.4962211e-21
   614 : -4.8572516e-09  8.4743056e-09  2.5929770e-09
   615 : -2.2560517e-20 -2.0190618e-19  2.4680795e-19
   616 :  3.3405362e-43 -2.6321255e-43 -4.1097581e-43
   617 : -1.2453179e-21  5.5741530e-22  3.2040166e-22
   618 : -2.7163788e-26  4.7480866e-27  1.1026056e-26
   619 : -1.7700795e-34 -1.2129655e-33  1.5723504e-33
   620 : -3.2900257e-23  4.2147284e-23 -5.5957373e-23
   621 : -1.1076892e-17 -3.6664608e-17  5.9344856e-17
   622 :  1.3447568e-05 -4.1217585e-05 -6.9764308e-06
   623 :  2.4786447e-10 -4.1997059e-11 -1.2555065e-10
   624 :  1.3657386e-19  3.3373013e-19 -1.9797940e-19
   625 : -1.4598539e-19  2.6284793e-19 -5.8722980e-20
   626 : -3.2835281e-55  1.2792720e-54 -4.8264846e-55
   627 :  6.9108346e-36 -1.2696011e-35 -1.1708972e-36
   628 :  2.2129019e-26 -4.3680766e-26  1.0617684e-26
   629 : -1.4733130e-10  4.5553888e-10 -9.9103500e-11
   630 :  3.3280425e-07 -1.4304895e-07 -2.2529591e-07
   631 :  1.0554598e-22 -4.5740763e-22  1.3773583e-22
   632 : -2.3479988e-41  5.1564433e-41 -4.2756364e-42
   633 :  1.3354047e-10 -8.2759861e-11 -1.2124230e-11
   634 : -2.2556900e-15 -4.6785855e-15  1.4367745e-14
   635 : -5.3196904e-09  1.1583546e-09  1.1070982e-09
   636 : -6.7258790e-09  2.2074421e-09  3.3784119e-09
   637 :  1.0888406e-06 -8.3060145e-07  1.5396684e-06
   638 : -1.4875054e-05 -2.5073119e-05  2.8874315e-05
   639 :  4.0686782e-08  3.5766715e-08 -2.8272106e-08
   640 :  2.4745527e-01 -1.6052240e-02  3.2513105e-01
   641 :  1.2105208e-33  1.0451071e-34 -2.5483314e-33
   642 :  1.0743426e-11 -8.8928877e-12 -1.3877656e-11
   643 : -1.8824066e-10 -1.0414287e-09  2.8089833e-09
   644 : -3.6637727e-10 -4.7624027e-10  9.9422785e-10
   645 : -2.3073193e-16  2.2889856e-15 -1.3579854e-15
   646 :  4.3746475e-18  7.0434138e-18 -1.6612001e-17
   647 :  1.9446292e-03 -6.3093605e-04 -5.3927734e-03
   648 :  1.3910144e-17 -8.7191819e-18 -4.3327590e-18
   649 : -2.9561895e-08  1.5861399e-07 -1.8692820e-08
   650 :  4.6046581e-19  5.4486389e-19 -1.5896220e-18
   651 : -1.3122764e-05 -8.9684264e-05  1.4215184e-04
   652 :  6.0058468e-17  9.8708075e-17 -5.9118494e-17
   653 : -2.1932683e-06  1.3525757e-06  1.0054268e-05
   654 :  3.3416824e-28  2.7241841e-30 -3.0647477e-28
   655 :  9.7981847e-18  2.7192855e-18 -1.6407055e-17
   656 :  6.8308464e-04  8.7016220e-04 -5.2062063e-04
   657 :  6.9809214e-08 -1.4680922e-07 -1.5628585e-08
   658 :  2.9667423e-17  5.7164933e-17 -1.6151106e-16
   659 :  7.1147960e-13 -4.0925667e-13 -1.3126526e-13
   660 :  2.2766001e-07  8.4580643e-06 -1.8590548e-05
   661 : -4.3769717e-02  3.2955825e-03  1.3836996e-01
   662 :  1.4963130e-27  1.9076596e-29 -2.1389363e-27
   663 :  1.3708163e-07 -2.5581652e-07  6.7718958e-07
   664 : -3.2859180e-06  1.0536600e-05 -2.1226357e-05
   665 :  2.5742856e-05 -7.4776154e-06 -3.4369112e-06
   666 :  1.5541255e-43 -1.1302661e-43 -2.0131740e-43
   667 :  1.6085824e-30 -2.0472357e-30  3.0269405e-30
   668 : -3.1421471e-10 -3.6077160e-10  1.8209429e-09
   669 :  2.5901543e-53 -4.8444117e-53 -7.6161135e-55
   670 :  1.3735254e-08  3.2683638e-07 -1.3261850e-07
   671 : -6.5215608e-03 -3.5414018e-02  1.5506675e-01
   672 :  1.0527687e-07 -1.4596824e-07  8.2789551e-07
   673 : -2.3177291e-24 -3.4048019e-25  4.7148732e-24
   674 :  3.0548276e-20 -4.3717808e-20 -1.9653896e-20
   675 :  6.8241307e-22 -4.0594923e-22  1.7480152e-22
   676 : -3.9653989e-15  1.1506180e-14 -2.5446543e-15
   677 : -2.0849756e-16  2.4422140e-16 -3.3838119e-16
   678 : -4.2587180e-09 -6.3176186e-09  7.9441880e-09
   679 : -1.1106330e-13  2.3169182e-13  1.9392744e-14
   680 :  4.4137224e-12 -2.3191654e-12 -8.0733513e-12
   681 : -8.9417911e-31  9.1975081e-31 -1.0436927e-30
   682 : -1.2147169e-31  4.4834555e-32 -1.4424506e-33
   683 :  2.2405208e-28 -9.0312711e-29 -3.8614710e-28
   684 : -1.9609623e-36 -2.5269007e-37  1.2374160e-36
   685 : -4.7087645e-14  1.1265158e-13 -6.2572599e-16
   686 : -9.5124538e-21  2.9466601e-21  2.9160319e-21
   687 : -1.2676180e-35  1.1847002e-35 -1.2046305e-35
   688 : -2.4268314e-22  3.6786260e-22  1.2371589e-22
   689 :  3.9681618e-04  1.0925825e-04 -1.8297306e-04
   690 : -2.2520252e-15 -1.8286486e-15  1.7784890e-15
   691 :  1.0654916e-14 -7.6741429e-15  1.0559205e-14
   692 : -1.4294947e-16  5.4248179e-16 -6.3524865e-16
   693 : -1.4718934e-53  2.1264041e-53  8.8270061e-54
   694 :  9.5905244e-36 -9.0025191e-36 -1.0889405e-35
   695 : -7.2842888e-07  2.6433828e-07 -1.1410177e-05
   696 : -2.0434891e-09 -7.9263571e-10  5.8843659e-09
   697 :  1.2771042e-16  1.5162059e-16 -4.3510561e-16
   698 : -7.1797919e-06 -3.2332861e-05  9.6080034e-06
   699 :  6.3384664e-26 -4.5002055e-25  7.9678560e-25
   700 :  9.2497824e-45  2.4838055e-44 -5.9327858e-44
   701 : -2.4491894e-42  1.5691830e-41 -6.5902130e-42
   702 :  1.7494294e-30 -4.7256089e-30  1.1625328e-30
   703 :  2.0463383e-01  1.3153722e-01  1.9811220e-01
   704 :  9.9949484e-18 -1.2350801e-17  1.6182192e-17
   705 :  1.4894731e-35  9.2045631e-34 -4.4804828e-34
   706 : -1.7466613e-02  3.7720612e-03 -8.1447437e-03
   707 :  2.3133666e-09  3.5727641e-09 -2.4936889e-09
   708 : -3.1237195e-11 -1.6649182e-11  1.8480216e-11
   709 : -1.0579532e-20  2.0853334e-20 -3.3260013e-20
   710 : -8.1317137e-25 -1.9013643e-25  1.3260989e-24
   711 :  9.2938484e-19 -4.5558006e-19  1.4873012e-19
   712 : -7.1845335e-09 -5.1389529e-09  3.6412761e-09
   713 :  5.8907733e-18  5.3446652e-17 -9.8934563e-17
   714 :  1.5441888e-01  1.8038081e-01  2.2863636e-01
   715 :  1.3055971e-14 -4.8248089e-15 -2.2104231e-15
   716 :  1.4605963e-37  4.4987820e-37 -1.0619889e-36
   717 : -4.6123781e-11  2.2879835e-10 -1.0820675e-10
   718 :  1.9268008e-18 -3.5868805e-18  5.6505297e-18
   719 :  7.6137942e-10  8.0133755e-10 -6.0735154e-10
   720 : -3.4169079e-02  6.6932709e-03  1.4295929e-01
   721 : -1.8181314e-06  9.9124952e-07 -3.6751758e-06
   722 : -5.8287265e-33 -1.2746818e-33  3.2623228e-33
   723 :  9.4621331e-32 -1.2923891e-31 -7.1836554e-33
   724 :  2.2773513e-32 -2.7065210e-31  1.3242101e-31
   725 :  4.5244339e-08 -3.6575676e-08 -1.2025782e-07
   726 : -2.5156194e-22  5.1647266e-23  9.5339002e-23
   727 : -4.1350441e-08  4.1542674e-08 -1.0552909e-07
   728 : -1.5025716e-10  1.7258278e-10  2.5515035e-10
   729 :  8.2151524e-15 -1.9506897e-14  8.9649703e-16
   730 : -1.4078420e-16  1.3146950e-16 -1.7703846e-16
   731 : -3.5014261e-31 -6.8527183e-31  5.1343692e-31
   732 :  7.9787612e-28 -1.9159021e-28 -8.9057619e-29
   733 : -1.4596280e-16  1.4248163e-17  5.2015264e-17
   734 : -4.6130598e-04  6.9169849e-04  2.2368013e-04
   735 : -1.2169896e-17 -2.9821680e-16  1.3493996e-16
   736 : -4.9997874e-04  2.5026131e-04 -9.5676618e-06
   737 :  6.3459012e-22  7.4101041e-22 -2.2566512e-21
   738 :  1.4248416e-09  2.3771676e-10  2.8259338e-10
   739 :  1.0956217e-01  1.6342527e-01  4.2197436e-03
   740 : -7.0783516e-15  2.2665909e-14 -6.8521402e-15
   741 :  1.0318067e-06 -3.7714863e-06  1.3857404e-06
   742 :  6.8550562e-18  1.4923705e-17 -3.0080451e-17
   743 :  6.2796087e-16 -1.6821737e-15  3.8985346e-15
   744 : -3.7386009e-02  1.3519402e-01  6.4690135e-02
   745 : -3.3564397e-33  1.8186298e-33  5.4622787e-33
   746 :  1.1378276e-27 -4.7719921e-27  2.2638280e-27
   747 :  3.5525488e-24  7.2352679e-21 -1.5759791e-20
   748 : -8.1901391e-16 -1.2475952e-15  3.8643756e-15
   749 : -6.1635004e-10  1.4759485e-09  1.9559500e-10
   750 :  2.7270487e-35 -6.4477111e-35  1.1694524e-35
   751 :  2.1587097e-01 -1.5388449e-02 -9.6662878e-02
   752 :  1.3255572e-16 -1.1936726e-16 -1.7130369e-16
   753 : -2.2094073e-10  7.5512447e-10 -2.1985611e-10
   754 :  3.4909981e-28  4.7075819e-29 -7.5862408e-28
   755 :  2.0445040e-01  5.6130742e-02  1.4633472e-01
   756 :  1.4855965e-20  5.9234510e-21 -3.7501074e-20
   757 : -1.5791964e-50  4.1686269e-51  5.7258087e-51
   758 :  3.4307943e-04  7.6348019e-04 -3.6418704e-04
   759 : -4.7996631e-16  3.2175013e-16 -2.4797762e-16
   760 : -3.2630915e-24  5.8507195e-24  9.5387057e-25
   761 :  4.0882546e-15 -8.0676860e-15 -1.5666103e-15
   762 :  2.3274657e-04 -1.3377882e-04 -4.0345204e-06
   763 :  2.3777546e-40  2.8456130e-39 -1.5334293e-39
   764 : -1.9887292e-40  1.1570133e-39 -4.7820355e-40
   765 :  2.2170401e-01  2.1562352e-01 -4.6152783e-02
   766 : -3.1338079e-19  7.5111195e-19 -1.0932081e-19
   767 : -1.3489156e-05 -7.2313009e-05  9.1752281e-05
   768 : -1.4120600e-34  2.8753483e-35  7.8522973e-35
   769 :  2.0674674e-01  1.6216907e-01  1.2194694e-01
   770 : -3.3018377e-15  5.9340670e-15 -2.1314877e-14
   771 : -2.2110698e-10  1.6193261e-09 -4.4817171e-10
   772 :  1.7727851e-06 -9.4250193e-07  1.3804599e-06
   773 : -3.4355205e-18  8.6032935e-18 -1.4500283e-18
   774 : -1.2081255e-01 -1.2330713e-01 -7.6505804e-02
   775 :  1.2156118e-03  9.6884209e-04 -4.8639681e-03
   776 :  1.5257548e-17  8.7989245e-17 -1.1230320e-16
   777 :  1.6923057e-15 -2.2103532e-15 -2.5276320e-15
   778 : -2.1885534e-15  8.2724755e-16  4.1642962e-16
   779 : -2.2178189e-29 -9.4257800e-30  1.5617331e-29
   780 : -6.7303125e-06 -1.6145177e-05 -1.0303675e-07
   781 :  2.0530524e-34 -1.0166482e-33  1.9205721e-33
   782 :  7.7721463e-51  8.9955987e-51 -2.5676380e-50
   783 : -6.4538961e-16 -2.5357603e-15  4.8632598e-15
   784 : -2.0348564e-17 -5.0484271e-17  3.3932615e-17
   785 : -4.1180630e-34  8.8980748e-34 -5.5410391e-35
   786 : -7.3429297e-02 -2.0215586e-01 -6.4587637e-02
   787 :  3.0490244e-01  3.2312578e-01  3.3220726e-01
   788 : -3.1388265e-33  4.0809032e-33 -5.6073861e-33
   789 :  2.9098927e-31 -4.7848198e-32 -2.5134535e-31
   790 : -8.7008495e-14  2.7788334e-12 -2.3637347e-12
   791 :  1.5915832e-10 -1.7341915e-10  1.2784246e-11
   792 :  1.1256850e-06 -4.5197839e-07 -1.1609365e-07
   793 :  5.3058662e-07 -1.0698288e-07 -2.1604144e-07
   794 : -2.5743379e-14  5.4345656e-14  8.3304465e-15
   795 :  6.6912614e-07  3.4679255e-06 -1.3994416e-06
   796 : -3.6910998e-08  3.4768939e-08 -6.8550579e-08
   797 :  1.4884686e-34  1.8551569e-34 -1.7980992e-34
   798 : -2.7425895e-11 -5.2561364e-11  3.4945614e-11
   799 :  4.1713962e-20 -2.8699416e-19  1.8550669e-19
   800 :  1.6136068e-01  2.1578994e-01  1.3476048e-01
   801 :  6.8495811e-32  1.1492347e-32 -1.4530015e-31
   802 :  2.8655988e-16 -5.6816686e-16 -9.3643946e-17
   803 :  2.2687632e-24  3.2403558e-24 -2.6025607e-24
   804 :  2.3835394e-01  1.0592732e-03  1.1373548e-01
   805 :  5.0922786e-16 -1.7087138e-15  4.3482281e-16
   806 :  4.2697254e-30 -2.3024057e-30  8.2173278e-31
   807 :  3.3649003e-34  2.2721485e-35 -1.7522648e-34
   808 : -8.1238503e-02  1.4117816e-01 -3.0036262e-02
   809 : -5.8079712e-23  6.6893864e-23  5.6423408e-23
   810 :  3.8895148e-33 -2.2083509e-33  6.5376109e-34
   811 :  1.0127486e-51  2.1169752e-52 -1.6409431e-51
   812 : -1.9060455e-19 -3.2774537e-19  9.1715930e-19
   813 :  1.4403795e-16 -4.8284668e-16  1.7935091e-16
   814 : -6.0724925e-47  4.6406968e-48  5.1424667e-47
   815 :  2.0299450e-52 -6.1662070e-52  1.1321147e-52
   816 :  7.5842086e-45 -2.3499088e-45 -2.6065941e-45
   817 : -3.3191804e-46 -3.3238783e-46  9.9804975e-46
   818 : -6.3559888e-50  3.7804930e-49 -2.4877729e-49
   819 : -1.2029338e-16  1.6405736e-16 -2.1022511e-16
   820 :  1.6966152e-48 -4.6275963e-48  9.2556919e-49
   821 : -6.4786277e-08 -4.0961680e-07  2.2171896e-07
   822 : -6.5514648e-13  1.6601699e-12 -3.2199823e-13
   823 : -1.5705917e-25  4.0318415e-25 -8.5129406e-26
   824 :  6.5037222e-26 -5.9157383e-26 -7.5465265e-26
   825 : -1.5939875e-38 -5.4765087e-39  3.7529311e-38
   826 : -2.7394247e-09  2.9426122e-09 -1.0073010e-09
   827 :  1.2240202e-28  7.2892176e-29 -9.7180346e-29
   828 :  5.4334303e-22 -5.8163588e-22 -1.7643921e-22
   829 :  1.3885905e-12  2.5627285e-12 -1.8478411e-12
   830 : -3.7085062e-03 -6.6694138e-03  5.0661658e-03
   831 : -1.0364483e-02  6.5140027e-03 -8.6694127e-03
   832 : -1.6932233e-17 -4.1909580e-18  4.1093891e-17
   833 : -4.8702886e-03 -8.5623999e-03  5.7617878e-03
   834 : -1.5332261e-44  1.1640116e-44 -8.0899345e-45
   835 :  3.4578462e-50 -1.0042047e-49  1.6855268e-49
   836 : -9.4439214e-15  2.2444146e-14 -6.2865868e-15
   837 : -1.3390659e-30 -2.8079603e-30  7.2581326e-30
   838 : -3.0035741e-11  3.6818484e-12  3.3581840e-11
   839 :  4.1516667e-25  1.3234465e-23 -1.3823099e-23
   840 :  1.3171685e-28  1.1730259e-28 -3.7143320e-28
   841 : -3.5472121e-26  2.2138927e-26 -8.9277970e-27
   842 :  6.1532308e-21 -1.2437171e-20  2.8693253e-21
   843 :  7.9825576e-28 -4.3739933e-28 -1.1812876e-27
   844 : -1.2312435e-18 -6.9571225e-18  1.5395800e-17
   845 : -6.6534044e-38  4.6096366e-37 -8.4340710e-37
   846 :  8.7132625e-16 -1.0956710e-14  4.0075438e-15
   847 : -3.3024907e-20  6.2092839e-20 -9.2654934e-20
   848 :  2.5606619e-55 -1.7650121e-54  7.5382040e-55
   849 :  5.7289699e-25 -1.7512548e-24 -4.0856288e-25
   850 : -3.7453987e-23  7.9857726e-22 -1.6240710e-21
   851 : -1.2121007e-24 -3.6954646e-24  6.1905298e-24
   852 : -4.0568471e-41  1.8567928e-40 -7.4823221e-41
   853 :  2.2108923e-09 -1.0931050e-09 -1.3850405e-10
   854 :  9.6432522e-56  4.9093030e-55 -1.1157213e-54
   855 : -2.3486925e-08  1.2387170e-08 -5.1986836e-09
   856 : -4.3018366e-11  4.3944303e-11 -6.8862194e-11
   857 : -3.5630357e-08 -7.9913416e-08  2.0591411e-07
   858 : -1.5437737e-12  1.7910275e-12 -8.2708038e-14
   859 :  8.0862262e-41  2.1793601e-40 -3.8506847e-40
   860 :  1.4491743e-14  1.6761448e-13 -8.0024385e-14
   861 :  5.5218821e-14 -4.3922753e-14  4.2010208e-14
   862 :  1.5959473e-15 -3.7562885e-16 -2.5790160e-15
   863 :  3.8068648e-11 -1.2291696e-10 -5.6274779e-12
   864 :  3.3860204e-10 -1.1637234e-09  3.5977926e-09
   865 : -9.3924426e-08 -7.8104617e-07  1.6515939e-06
   866 : -5.8073928e-02  1.3758750e-01  1.9279599e-01
   867 :  5.1226298e-06 -4.0184248e-05 -2.0585405e-05
   868 : -8.1050900e-18 -7.9310829e-17  9.7003217e-17
   869 : -1.7095689e-17 -6.6833560e-18  1.1221468e-17
   870 : -5.8768475e-20 -3.4128525e-19  1.8770561e-19
   871 :  1.0723870e-08  9.8331552e-09 -3.3957310e-08
   872 : -2.5387584e-08  9.1698637e-09  5.7271841e-09
   873 : -1.5830400e-02 -1.4004743e-05  9.0653845e-02
   874 :  1.1932333e-01  7.6343186e-02 -4.0817434e-02
   875 : -1.5926779e-25  6.5215518e-26  1.0819199e-27
   876 :  2.4939626e-25  2.6806190e-24 -3.1764553e-24
   877 :  8.8188428e-48 -1.0948300e-47  1.3108008e-47
   878 :  8.5087776e-45 -2.2300774e-44  5.9728024e-45
   879 :  8.9005055e-29 -9.7296722e-29  1.0702825e-28
   880 :  1.0738076e-26 -2.5590958e-26  7.3079459e-27
   881 : -1.5920402e-46  5.6549898e-47  4.5858778e-47
   882 :  1.9109294e-44 -5.1393461e-45 -3.3168644e-44
   883 : -1.0251063e-28  5.9642536e-29 -1.8217639e-29
   884 : -9.5235430e-28  6.7841863e-27 -2.8226648e-27
   885 :  2.8765801e-13 -7.9233353e-13  1.4101291e-13
   886 :  1.6002962e-14 -1.9317628e-14  3.1740908e-14
   887 : -6.4719874e-14  2.5613942e-13  2.7365505e-13
   888 : -2.7205038e-13 -3.9930561e-12  1.6352666e-12
   889 :  7.9064237e-06  4.0264827e-04 -7.1072975e-05
   890 : -3.4135663e-05 -7.5440179e-07 -1.9436727e-05
   891 : -6.2475690e-27  3.6843410e-26 -6.7820471e-26
   892 : -9.8493970e-24  1.9263553e-23  6.6798335e-25
   893 :  1.1603971e-14 -3.2522493e-15 -5.0406789e-15
   894 : -1.6361651e-13  1.3706765e-13  2.0939614e-13
   895 :  5.7252798e-05  6.5838338e-05 -9.5973852e-05
   896 : -1.0797283e-05  9.3690195e-06 -8.7515861e-06
   897 :  7.5102211e-29  8.0736392e-29 -2.3812226e-28
   898 : -8.7010359e-27  1.4433836e-26  3.9434427e-27
   899 :  9.4674244e-06 -4.2349009e-06 -1.4312305e-05
   900 : -4.8406249e-06  1.9575364e-06  2.2531443e-06
   901 :  1.8917531e-18  3.0590691e-17 -6.6235544e-17
   902 : -2.1664103e-15  4.3849356e-15  4.6672076e-16
   903 : -4.0004332e-09  6.8540762e-09 -8.7916170e-10
   904 : -2.0666041e-10  3.3736992e-10 -4.5509739e-10
   905 :  3.0344922e-10  3.7170354e-09 -1.1762274e-09
   906 :  1.7275706e-06 -6.0941723e-06  2.7105367e-06
   907 :  8.2651642e-07 -4.0036454e-07  1.3367755e-07
   908 :  1.4098175e-10 -6.8817402e-11  7.9908082e-12
   909 : -1.4135938e-10 -2.9671510e-09  1.4929957e-09
   910 :  9.5125762e-11  2.1719475e-11 -2.4353946e-10
   911 : -4.1520993e-11  1.1229023e-11  1.1997242e-11
