Number of elements 912
     0 :  6.0024335e-19 -3.0026834e-19 -9.6079452e-19
     1 :  4.6630442e-11 -9.2425366e-11 -3.8131830e-12
     2 : -9.0998318e-02  2.7936115e-02 -1.2975715e-01
     3 : -7.8569506e-14  2.6667684e-14  1.3278941e-13
     4 :  1.1196412e-02  1.1701832e-01  8.0746741e-02
     5 :  5.0834974e-01  1.8756631e-01  8.4196052e-02
     6 : -2.9907076e-30 -2.0042203e-29  2.6201682e-29
     7 : -1.2245283e-10  5.7124432e-10 -2.6301736e-10
     8 : -4.3954760e-09  3.9735993e-09  8.4607981e-10
     9 :  3.9272743e-27  1.8701114e-27 -1.0231160e-26
    10 : -2.1263695e-09 -7.9996904e-10  6.2298236e-09
    11 : -6.5160837e-30  6.6233235e-30  7.5201298e-30
    12 :  4.9082016e-01  1.4854684e-01  1.8928872e-01
    13 : -9.0561893e-08 -3.8482075e-07  6.9650913e-07
    14 :  3.5840993e-15 -2.9363674e-15 -8.1012072e-16
    15 :  8.5790684e-08 -1.7618828e-07 -8.9840310e-08
    16 : -8.9360233e-32 -3.9713309e-31  5.5898434e-31
    17 :  4.6095082e-22  1.0440803e-21 -2.0068626e-21
    18 :  1.2317916e-08 -3.9301439e-08  1.0626956e-08
    19 : -6.3560187e-37  9.4345525e-39  7.7456957e-37
    20 : -6.0693842e-22  2.9204260e-21 -1.9061832e-21
    21 : -1.3590366e-06  2.0029876e-06  4.4823834e-06
    22 :  2.1923282e-06  1.4938789e-06 -9.7476556e-07
    23 : -2.3761304e-34 -1.4222302e-35  5.6137443e-34
    24 : -1.9460432e-10  4.3875852e-10  1.2355666e-10
    25 :  6.3176546e-36 -2.4145645e-35  7.5955377e-36
    26 : -2.7388251e-10 -7.7694373e-10  3.6807016e-10
    27 : -2.6260671e-07 -5.7373675e-07  6.4777955e-07
    28 : -1.3571613e-07  2.0828734e-06 -8.5212137e-07
    29 :  6.5667078e-12  3.9318092e-11 -5.3944165e-11
    30 :  1.2305921e-09 -7.1224947e-09  4.5338020e-09
    31 :  2.4319596e-14 -5.1207864e-14 -6.3273564e-15
    32 :  8.5137504e-29  8.9505536e-29 -2.6283134e-28
    33 :  3.0791961e-06 -1.2306145e-05 -4.5001564e-05
    34 :  1.5555361e-37 -1.2564611e-37 -1.9395581e-37
    35 : -1.2061238e-14 -8.8938493e-14  1.5723401e-13
    36 : -1.2988329e-01 -1.3179879e-01 -2.1639467e-02
    37 :  6.0362978e-04  3.1712238e-04 -3.2034154e-04
    38 : -6.9121681e-07  3.4781724e-06 -1.0547070e-06
    39 : -1.3407682e-11 -9.3807765e-12  5.7581374e-11
    40 : -4.2485977e-12  1.5006842e-12 -1.5289718e-12
    41 : -1.1156968e-07  3.2077134e-07 -4.0020088e-07
    42 : -1.3097334e-35 -5.0556377e-36  2.1301557e-35
    43 :  9.0480679e-20 -1.2267863e-19 -6.7359556e-20
    44 : -2.2907902e-05 -1.3833143e-04  1.5729567e-04
    45 : -1.1063991e-15  2.2436974e-16  6.1527545e-16
    46 :  3.1768963e-16 -2.6141613e-16  2.6617965e-16
    47 : -2.2438139e-28  1.0006208e-27 -1.9107846e-27
    48 : -1.8379853e-31 -5.4745088e-31  2.2388181e-31
    49 : -2.7492799e-08  7.1167931e-08 -5.1450540e-09
    50 : -2.4606872e-05 -3.5317423e-05  8.1543588e-06
    51 :  1.3706204e-01 -3.6503474e-02  1.0740719e-02
    52 :  1.1111774e-08 -1.8900716e-08  2.6180479e-09
    53 :  3.3283974e-29 -7.6110438e-30 -2.0327700e-29
    54 : -1.6043370e-06  1.2981852e-06 -1.9718738e-06
    55 :  8.8961815e-07  2.3947094e-07 -1.5767090e-06
    56 :  1.1943894e-01  1.8075964e-01  2.1863860e-01
    57 :  3.9836522e-08  1.6785177e-07 -4.5835092e-07
    58 : -1.4046391e-03  5.7917281e-03 -6.1935682e-03
    59 :  9.4070129e-09  1.7325032e-08 -9.1785743e-09
    60 :  1.0822421e-05 -2.0155237e-06 -1.7931177e-05
    61 : -1.5777271e-02  7.8767004e-03 -1.3001179e-02
    62 : -4.1665845e-10 -6.6467802e-10  4.1481509e-10
    63 :  3.2636971e-05  1.4717828e-05 -3.2008621e-05
    64 :  5.9312201e-10 -3.9669473e-10 -8.6966334e-10
    65 :  2.3513326e-12 -8.7521170e-13  1.7693661e-13
    66 : -7.2709035e-14  3.3842527e-13 -1.1598152e-13
    67 : -3.1823422e-30  5.1847299e-31  6.3054157e-30
    68 : -1.4404446e-29  3.3777273e-29 -3.4567910e-30
    69 : -4.0293773e-30  3.6247864e-30  4.8116964e-30
    70 : -1.4022273e-16  8.0024792e-17  2.3571187e-16
    71 : -2.1261537e-06 -8.7346293e-05 -2.7475718e-06
    72 :  4.0628695e-32 -1.1884008e-31  3.4432365e-32
    73 : -3.6210949e-04  3.9080347e-04  3.8480629e-04
    74 :  1.4931152e-22  2.9834263e-22 -2.1832884e-22
    75 :  8.2624997e-24  1.4189773e-23 -9.6252670e-24
    76 :  1.4046903e-33  3.0067472e-32 -1.4143382e-32
    77 :  2.1966152e-24 -5.1966795e-24  4.9028661e-25
    78 :  6.4736364e-28 -2.3351918e-27  9.4501783e-28
    79 :  3.5656984e-20 -3.4018897e-20  4.3734725e-20
    80 :  1.0309948e-42  2.2617554e-42 -1.8022486e-42
    81 :  3.1292663e-27  1.2287080e-26 -7.6028872e-27
    82 :  2.8418347e-01 -1.9114871e-01  1.7202024e-01
    83 : -2.7101903e-37  2.3334340e-37  3.4030048e-37
    84 : -1.0438796e-34  2.4729499e-34 -4.7837876e-35
    85 :  3.8303942e-01  2.1542559e-01  1.7044535e-01
    86 :  2.1173031e-21  3.3196701e-22 -2.8359078e-21
    87 :  8.7709614e-20 -9.0723610e-20 -9.4612689e-20
    88 : -8.2944424e-14 -8.4109959e-14  1.0982312e-13
    89 : -3.0210853e-03  5.5070426e-04  1.6412838e-03
    90 : -3.1887296e-33 -1.0662649e-32  6.8200018e-33
    91 :  1.1945417e-01  1.4485765e-01  1.0254550e-01
    92 :  4.0157553e-16 -7.8119830e-16  2.6944522e-16
    93 : -2.5529409e-41  5.6471594e-42  1.0351189e-41
    94 :  1.4383732e-18 -1.2037144e-18  7.6994652e-20
    95 :  1.3846269e-30 -5.9604747e-31 -1.4251850e-31
    96 :  7.4004294e-14 -6.9356613e-14  7.1760420e-14
    97 :  1.5187381e-15 -1.9812554e-15 -9.7698648e-16
    98 : -1.8882570e-01 -1.3174749e-01  1.0811512e-01
    99 :  8.5322284e-28  1.5643903e-27 -1.1234555e-27
   100 : -3.7483389e-29  4.3971183e-29  3.7529479e-30
   101 :  1.0724847e-12  2.3376486e-13 -5.5587336e-13
   102 : -4.8815282e-08 -1.6456723e-07  9.4396898e-08
   103 :  8.8247062e-39 -7.4551674e-39 -1.0965871e-38
   104 :  3.4121873e-17  2.8532378e-17 -3.1406319e-17
   105 :  1.3648724e-08 -2.5975675e-09 -4.6094986e-09
   106 :  1.5925785e-11  2.7761141e-11 -6.0539438e-11
   107 :  1.4126954e-11 -6.9547173e-11  3.0915262e-11
   108 : -1.0467268e-10 -1.6325995e-10  4.2543073e-10
   109 : -1.2132823e-07  3.4204315e-08 -2.7084016e-08
   110 : -7.6691843e-05  6.7590980e-05 -5.2299225e-05
   111 :  3.1597045e-10 -1.3889676e-10 -5.9374759e-11
   112 : -1.8477236e-26  5.9946077e-27  3.5209407e-26
   113 :  1.1042576e-01 -1.5361829e-02 -2.0014623e-02
   114 : -1.4802128e-15  3.1763150e-16  2.9863236e-16
   115 : -2.3131112e-07 -6.5471544e-07  3.2424946e-07
   116 :  2.4800322e-04 -3.9243167e-05 -1.0280583e-04
   117 :  1.2941051e-01  1.9225494e-01  1.3775147e-01
   118 :  1.3357829e-01  8.6711067e-02  3.9309852e-02
   119 : -2.5350089e-31 -6.8481339e-32  3.9605224e-31
   120 : -1.2197904e-14  6.4712692e-15 -1.8474077e-15
   121 :  8.3301640e-24 -9.2636569e-24 -3.6436725e-24
   122 : -2.7905458e-07  2.2389135e-07 -4.2417858e-08
   123 : -1.5384559e-38 -1.3944314e-38  3.2598546e-38
   124 :  8.4503659e-29 -2.7184165e-28  8.9143208e-29
   125 : -2.4007730e-41  6.6802527e-41 -1.8792545e-41
   126 : -3.1398238e-22  4.3347964e-21 -3.2171255e-21
   127 : -2.6911888e-23 -4.8252966e-25  6.0537322e-23
   128 :  8.9203792e-08 -1.8901069e-07 -1.4952030e-08
   129 :  2.3168333e-19  3.3618829e-19 -9.7117245e-19
   130 : -3.1736175e-02 -1.0134447e-02  7.9090022e-02
   131 : -1.4784674e-05  5.0216690e-06 -3.3690547e-07
   132 : -6.9760063e-07  2.3235981e-06 -3.6518858e-07
   133 :  2.9150511e-04 -3.6197246e-04  7.8971815e-05
   134 : -1.0605827e-07  5.1726055e-08 -2.0106989e-07
   135 : -4.3133811e-09 -1.0747271e-09  1.0708222e-08
   136 :  7.2185470e-12 -1.0506389e-11  1.9083861e-12
   137 :  2.7712190e-09  2.0335790e-08 -2.8782414e-08
   138 : -6.8954204e-11  3.8479423e-11 -1.0773013e-10
   139 : -1.4850636e-10  1.0945668e-10  1.4014103e-11
   140 :  3.4850131e-26  2.1125337e-25 -1.1343353e-25
   141 :  6.4911878e-25 -4.4390663e-24  2.9412617e-24
   142 : -1.0888628e-10  4.9513899e-10 -9.7436463e-10
   143 :  2.1696010e-34  1.3232145e-31 -1.8190469e-31
   144 : -1.0384103e-11 -2.4435831e-11  1.4902773e-11
   145 :  8.6178141e-14 -2.3331402e-13  6.3564830e-14
   146 : -6.2770466e-17  5.0413638e-17  8.6569242e-17
   147 :  2.1626614e-32 -1.2395679e-31  5.1302097e-32
   148 :  5.5001321e-18  9.6227265e-19 -1.2420365e-17
   149 : -1.2502121e-02  1.5255151e-01  1.0684919e-01
   150 : -8.1772068e-14 -9.6523867e-14  2.8466037e-13
   151 :  5.8041536e-23 -1.0395769e-22 -2.8617321e-23
   152 :  2.8359455e-19 -1.3971811e-19 -5.9164294e-20
   153 :  1.7190473e-02  1.2381093e-01  3.5829238e-02
   154 : -3.8688021e-42  1.6763095e-42  4.8910694e-42
   155 :  7.3032816e-34 -1.6129894e-32 -3.3359739e-32
   156 :  8.2289939e-34 -2.0419140e-33  5.8968637e-34
   157 :  7.3258358e-16 -2.9415566e-15  1.4945230e-15
   158 : -2.2780542e-11 -3.2574655e-10  1.6177049e-10
   159 : -1.5539865e-13 -1.0153180e-12  5.8586728e-13
   160 : -5.9993132e-40  1.2909931e-40  2.3200972e-40
   161 : -6.8524702e-39  1.8706684e-38 -3.1108997e-38
   162 :  1.1761739e-01  1.2994921e-01  1.4349541e-01
   163 :  9.5001054e-07 -4.5900132e-07  5.0864706e-08
   164 : -1.7053960e-21  3.4565129e-21  3.2056598e-22
   165 : -4.0927825e-12  3.8776743e-11 -3.1267925e-11
   166 :  4.1660885e-33 -8.7444580e-34 -7.9727860e-33
   167 : -2.6219757e-09  6.7680842e-10  1.2239429e-09
   168 : -1.0512771e-06  3.6647717e-06 -6.5990349e-07
   169 :  1.0671313e-01  3.6713621e-02 -1.8852082e-01
   170 :  5.5063461e-30 -2.1755939e-30 -9.1729749e-31
   171 : -3.9874843e-32  5.6942815e-30 -1.1427009e-29
   172 :  4.4644270e-06 -3.5043190e-06  7.9347154e-07
   173 : -5.1043211e-08  5.9378420e-08 -1.6073991e-07
   174 :  2.2793799e-11 -4.6547230e-11 -3.7794395e-11
   175 : -7.0733380e-17  1.2365943e-17  1.4334052e-17
   176 :  3.5409439e-28 -1.0644606e-27  2.6320915e-28
   177 :  2.2423500e-10 -3.5414186e-10 -2.0086161e-10
   178 : -1.6464441e-01 -4.3293315e-01 -3.7116439e-01
   179 :  7.7504601e-10 -2.6410407e-09  7.0863244e-10
   180 :  1.3597747e-32  3.3660328e-33 -3.0993593e-32
   181 : -1.6477649e-06  2.1253216e-06  3.5520967e-06
   182 : -7.7474656e-19  7.7914578e-19 -9.8072698e-19
   183 : -1.3272902e-04  1.5617510e-05  5.6803876e-05
   184 :  1.2222882e-41  1.7361099e-40 -9.0245635e-41
   185 : -2.2021395e-22  1.8726371e-23  9.2788121e-23
   186 :  4.3462508e-15 -7.3985899e-16 -2.5513696e-15
   187 : -1.8444507e-09  5.7714177e-09 -1.6655756e-09
   188 : -7.8169690e-02 -4.1657471e-02  8.3317807e-02
   189 : -4.7683628e-09  1.8454831e-08 -7.7349369e-09
   190 : -2.5693469e-11 -6.3971200e-13  7.2402783e-12
   191 :  3.4993762e-38 -2.9015117e-38 -4.5830837e-38
   192 :  1.9754818e-05 -1.2041290e-07 -5.2357075e-05
   193 :  1.8820532e-01  1.3046570e-01  1.0128141e-01
   194 : -9.4475465e-02  4.1298414e-03  3.6496397e-01
   195 : -3.6195208e-16 -1.3123199e-16  2.3348395e-16
   196 :  2.0641930e-32 -1.0366483e-32 -3.3777984e-32
   197 : -7.1639605e-32  1.2124523e-31  2.4155214e-32
   198 :  4.7106904e-13 -1.2757299e-13 -1.7174173e-13
   199 : -2.3759421e-02  7.6150753e-02 -2.0781593e-02
   200 :  1.3563372e-28 -3.7457404e-28  1.5638644e-28
   201 :  1.9530776e-06 -2.5287510e-06  4.4418500e-06
   202 : -1.3437789e-15  2.9812978e-16  7.8998060e-17
   203 :  4.5407895e-35  4.5968841e-35 -4.2684396e-35
   204 :  1.3270393e-16  2.4083355e-15 -2.2915977e-15
   205 : -5.3093448e-06  3.9059687e-06  1.2569447e-06
   206 : -1.1831073e-34  4.2535811e-35  1.4277125e-35
   207 : -1.4706068e-32  9.3938511e-33 -5.3091300e-33
   208 : -5.9260149e-24  6.7504231e-24  2.9770553e-24
   209 :  7.5794442e-02  2.1889495e-01  9.6028525e-02
   210 :  9.6546995e-17 -1.1708744e-16 -8.7353348e-17
   211 :  1.6407174e-34 -9.2715171e-35  3.6907799e-35
   212 :  3.3666753e-10 -1.1309016e-09  1.4217730e-10
   213 :  1.9097754e-32 -1.9300873e-31  2.2425481e-31
   214 : -3.4531308e-02 -6.7455956e-02  1.8077087e-01
   215 : -3.2458286e-01 -1.7033556e-01 -2.1593795e-02
   216 : -3.1255287e-09  3.7141745e-09  2.9539501e-09
   217 :  1.8586455e-41  7.9011437e-41 -4.6997406e-41
   218 : -5.0996431e-27  2.8711353e-25 -2.7878159e-25
   219 : -5.2627322e-07  1.0344065e-07  6.2566789e-07
   220 :  1.3020694e-21  9.2199564e-23 -1.4048040e-21
   221 :  6.2383304e-28 -4.6219922e-28 -8.9803823e-28
   222 : -8.4323377e-03  1.9347575e-03 -1.0173233e-02
   223 : -8.6324286e-05  7.5935937e-04 -8.6717179e-05
   224 : -2.4605112e-13 -3.9705489e-14  5.5453853e-13
   225 :  8.4918784e-22 -4.0098798e-21  2.2043735e-21
   226 : -2.0541517e-28  9.2724422e-29  7.1568229e-29
   227 : -9.1467673e-16  2.3247711e-16  3.1750890e-16
   228 : -9.9917217e-14  3.2158072e-13  5.4303954e-14
   229 : -1.7982188e-18  2.6663363e-18 -3.8291655e-19
   230 :  2.6853987e-29  4.0144001e-29 -3.1181202e-29
   231 : -1.7039406e-29  4.4762194e-29 -9.0949101e-30
   232 : -3.4909721e-39 -2.7574145e-39  3.0369914e-39
   233 :  4.1983755e-28 -1.6911474e-27  1.0417637e-27
   234 :  1.2742139e-01 -6.2819268e-02  1.1788903e-01
   235 : -1.0596043e-05  1.7432565e-05 -3.9297963e-05
   236 : -4.6035432e-26  6.5537627e-26  3.4274025e-26
   237 :  5.8990931e-24 -2.8913908e-23  2.1630584e-23
   238 :  2.3521145e-36  3.2881056e-37 -1.3271915e-36
   239 :  7.9481830e-28 -4.8399795e-28  1.0982089e-28
   240 :  2.4521180e-33  8.9132008e-34 -6.0400747e-33
   241 : -8.3401657e-08 -2.5738375e-08 -3.4773391e-08
   242 : -7.9753144e-08 -1.3914026e-08  9.8685844e-08
   243 : -7.6524139e-03  1.7417697e-03 -5.6263509e-03
   244 : -8.1157847e-05 -4.0496424e-05  1.0040664e-04
   245 :  1.3301919e-26 -9.7804820e-28 -2.2197366e-26
   246 : -4.5397657e-08  2.0354782e-08  1.0694235e-08
   247 : -5.7039454e-03  4.4973546e-03 -7.2366992e-03
   248 :  1.8991306e-40 -3.0695231e-40 -8.0453502e-41
   249 : -1.6766302e-21  5.1551987e-20 -4.5608719e-20
   250 : -1.2469184e-07  3.9530856e-08  2.5979659e-08
   251 : -3.3936317e-14  6.3917645e-14  6.2223618e-14
   252 : -6.0789907e-29  1.1295666e-28 -7.3198868e-30
   253 :  1.4415905e-35 -1.6010581e-35  1.9492592e-35
   254 :  4.3588700e-02 -1.2565744e-02 -1.4250513e-02
   255 :  1.0126738e-15  5.8071507e-16 -7.2239199e-16
   256 : -3.1631080e-08 -9.3231751e-08  5.1526734e-08
   257 : -3.4486106e-05 -1.0844797e-04  9.6986600e-05
   258 : -1.3876279e-16  2.5146815e-17  9.1292893e-17
   259 :  2.8556881e-23 -3.7222502e-23  5.1824258e-23
   260 : -3.4042178e-08 -2.5009141e-07  2.7161540e-07
   261 : -1.4599782e-15 -1.0126563e-15  5.4857974e-15
   262 :  8.7519403e-27 -3.5975138e-26  2.4398162e-26
   263 : -4.1948973e-30  4.4369489e-30  4.6052604e-30
   264 : -2.1701581e-14  2.1928200e-14 -2.6778727e-14
   265 : -3.7576431e-07  5.7481689e-08 -1.0322387e-07
   266 :  2.5480166e-20  1.0566214e-19 -5.7878098e-20
   267 : -3.5608387e-18  6.5444496e-18 -1.4497079e-18
   268 :  7.2650620e-31  2.4051668e-30 -5.6357184e-30
   269 : -4.1965849e-03  1.2315706e-03  2.3302774e-03
   270 : -1.2893545e-17  5.0411888e-17 -2.1309508e-17
   271 :  1.5727472e-06 -1.1080076e-06  2.3121621e-06
   272 :  2.1197783e-17 -5.4350416e-18 -8.8434201e-18
   273 :  3.3731938e-29 -3.4323043e-29 -3.4662580e-29
   274 :  1.4154403e-08  3.2990306e-08 -9.1211331e-08
   275 :  9.3923890e-25  6.7916410e-25 -2.8280022e-24
   276 :  2.2088016e-06 -1.0535896e-05 -8.1216095e-07
   277 :  3.0724497e-27 -1.7280033e-28 -6.3678486e-27
   278 : -2.2459495e-08  7.4895446e-09  4.3327936e-08
   279 :  2.1232749e-14 -1.9560020e-15 -8.5773715e-15
   280 :  3.1608478e-01  7.7648003e-02  1.7995961e-01
   281 :  6.1774301e-14 -1.0198386e-13 -4.1102187e-14
   282 : -1.4858874e-20  1.3610700e-19 -2.9759543e-19
   283 : -2.7133544e-24  3.4714114e-25  5.1165740e-24
   284 :  2.8583068e-26  4.7639515e-28  5.0840084e-26
   285 :  8.2196959e-02  2.6375098e-02 -2.8189617e-02
   286 :  7.8570303e-09  4.0646294e-09 -1.9417707e-08
   287 :  3.7199297e-11  1.3490523e-10 -3.5612189e-11
   288 :  1.1437355e-01  1.1334598e-01  2.4166864e-02
   289 : -8.3051084e-12  1.9814760e-11 -4.3715137e-11
   290 :  9.1527772e-02  1.4512979e-01  2.9307265e-02
   291 : -5.7978375e-15  1.0790434e-14 -1.9167677e-15
   292 :  1.0392715e-03  6.8269658e-04 -2.0600378e-03
   293 : -4.5825222e-23  2.0303239e-23  7.3194923e-23
   294 : -1.7909926e-09 -1.2374662e-09  4.4934582e-09
   295 : -8.0040513e-36 -7.0430523e-34  3.3988974e-34
   296 :  1.4016587e-06 -3.0706015e-06 -1.0875420e-05
   297 :  1.3283374e-12 -4.7426276e-12  1.7320695e-12
   298 :  1.0592397e-13 -6.3558389e-13  2.9677349e-13
   299 : -3.2029274e-37 -9.9340963e-38  6.7750411e-37
   300 : -5.3730192e-06  5.4210272e-06  1.6465973e-06
   301 : -7.7115723e-15  1.0032655e-14 -1.2475811e-15
   302 :  7.8911080e-09 -2.8085875e-08  1.0457474e-08
   303 : -1.7916576e-11  2.7061711e-10 -1.2749362e-10
   304 : -2.7061473e-10 -1.9512003e-09  6.3353952e-09
   305 : -1.6845420e-15  1.0728885e-15  2.7211823e-16
   306 :  3.0906741e-04  9.2284016e-05 -1.9964471e-04
   307 : -1.1895144e-09  3.0222902e-10 -5.4160820e-11
   308 : -1.7170174e-13 -6.7023327e-15  1.9416514e-13
   309 :  2.4830654e-37  1.3429487e-35 -6.7123365e-36
   310 : -6.9734387e-12 -1.5452299e-13  1.6730642e-11
   311 : -1.1312568e-08  1.6212228e-09  2.4399855e-08
   312 : -5.7743463e-33  1.1332690e-32 -2.0120166e-32
   313 :  1.2507908e-23 -4.6117434e-23  1.4710075e-23
   314 : -1.0863320e-35 -6.9454209e-36  2.4059107e-35
   315 : -9.6302415e-28 -4.2555774e-27  2.4367732e-27
   316 :  6.6280649e-04  3.2876003e-04 -1.9949093e-04
   317 : -1.7519215e-37 -9.4806103e-37  1.2661666e-36
   318 :  2.1820755e-06 -4.7947052e-06  1.3485664e-06
   319 : -1.8464676e-06  1.4552739e-06  3.2941661e-06
   320 : -1.7164191e-01 -1.4072510e-01 -1.5728090e-01
   321 : -4.8320727e-04  4.0683597e-04  1.2061202e-03
   322 : -2.0331050e-35  4.8119412e-35 -7.0260987e-36
   323 :  1.8748301e-39 -2.7854524e-39  4.7981338e-40
   324 : -2.1573451e-26  6.6147285e-26 -1.8819167e-26
   325 :  2.8400757e-23 -1.2554431e-22  2.4699312e-22
   326 : -2.4346535e-02  4.4067179e-02  5.1568796e-02
   327 :  4.1628980e-01 -5.9043103e-01  2.8132605e-01
   328 : -1.3605484e-07  6.1894360e-09  4.3609599e-08
   329 :  2.3076381e-25 -3.7654499e-24  1.7570669e-24
   330 : -2.7219580e-39 -8.5731390e-39  1.3916829e-38
   331 : -3.7130926e-18 -4.4033659e-17  5.2459352e-17
   332 :  1.0739536e-09  7.3838669e-10 -8.1979621e-10
   333 :  4.7274200e-23 -2.8718884e-23  1.6544123e-23
   334 : -1.1812526e-06  3.8466189e-06  5.4034455e-07
   335 : -2.1950594e-09  4.5627362e-09 -5.4867274e-10
   336 :  7.9065382e-09 -3.3385095e-09 -1.1493668e-08
   337 :  4.8206133e-36 -4.5420157e-34  4.8048088e-34
   338 : -1.1788933e-07  9.7527743e-08  8.0688156e-09
   339 :  1.3720761e-25  2.0146045e-26 -3.0563622e-25
   340 : -6.8855477e-07  2.2180198e-06  8.6766273e-07
   341 : -9.9842318e-34  5.7593273e-34  2.7275911e-34
   342 : -3.7346071e-28  1.0575775e-28  6.8713007e-28
   343 :  3.8128202e-15  3.9377725e-15 -3.7629576e-15
   344 :  1.3141619e-06 -2.5998167e-05  5.8087172e-06
   345 :  1.3500665e-01 -1.9347962e-02 -2.8581534e-02
   346 : -1.2811015e-27 -1.3415068e-27  1.2132157e-27
   347 :  3.5395247e-06 -1.6896242e-06  2.9858862e-06
   348 : -1.1441343e-14  1.4614852e-14 -2.1786585e-15
   349 :  1.0080580e-15 -4.3542774e-16  9.2868830e-17
   350 :  3.8168196e-07 -3.8147252e-07  4.7861710e-06
   351 :  1.9766107e-21  1.9928516e-21 -1.8192989e-21
   352 : -4.9338582e-07 -1.3823599e-06  4.1791688e-06
   353 : -5.5617688e-10  1.2288941e-08 -3.9949186e-09
   354 : -1.1074594e-01 -2.8022492e-02 -1.6805147e-01
   355 :  7.5654176e-02  1.1107564e-01  1.5990995e-01
   356 :  2.4424650e-34  4.0951861e-34 -9.2595600e-34
   357 :  1.1155607e-05  2.1958007e-05 -6.3738676e-05
   358 : -1.6834596e-16  3.4043142e-16  6.1012655e-17
   359 : -2.8519492e-41  7.4020649e-41 -2.3140827e-41
   360 :  1.6063893e-06 -5.0580524e-07 -9.3583370e-07
   361 : -7.5691365e-21  6.5125582e-21  3.8473766e-22
   362 : -1.6032296e-14  1.3967581e-14 -1.4710446e-14
   363 : -1.7956612e-18  2.2560284e-18 -3.2932131e-18
   364 : -2.6834603e-20  4.0981113e-19 -1.6771626e-19
   365 : -1.1815298e-14  5.4162587e-15 -2.0341411e-15
   366 :  2.2891939e-31  4.2087147e-31 -8.8668917e-31
   367 : -7.1035303e-12 -3.2012307e-12  1.3350756e-11
   368 : -2.8662771e-07  1.3079895e-06 -4.3563530e-07
   369 : -2.7692928e-15  8.4026396e-15 -2.8466694e-15
   370 : -3.6817694e-18  9.0961729e-18 -1.5226799e-18
   371 :  2.6449169e-31  4.9343616e-32 -3.5969024e-31
   372 :  2.7268020e-14 -2.6461478e-14 -2.9723091e-14
   373 : -2.1712550e-09 -1.9675542e-09  8.3367579e-09
   374 :  6.7323237e-02 -1.2726707e-02 -2.2490717e-02
   375 : -9.1484764e-23  1.7074599e-22 -3.9091387e-23
   376 : -3.4824620e-35 -2.1720490e-34  2.8507174e-34
   377 :  7.7888929e-13  5.4020203e-13 -4.6289824e-13
   378 :  2.5937346e-19 -9.2959222e-18  5.4086714e-18
   379 :  3.9356701e-38 -1.1471333e-37  3.6989488e-38
   380 : -5.7768246e-04  4.2152319e-04  1.5132649e-04
   381 :  7.7417575e-18  4.3669643e-16 -1.9489493e-16
   382 :  1.6009296e-22 -2.0858641e-22 -1.2457568e-22
   383 : -8.9043452e-06 -8.4782100e-06  1.5090946e-05
   384 : -1.7526294e-21 -2.4044675e-21  3.1710130e-21
   385 :  2.0696185e-08 -4.7835070e-08 -3.0742036e-09
   386 :  6.1605208e-04 -1.6444954e-04 -5.5819210e-05
   387 : -5.4664925e-25  9.3513296e-26  1.0856162e-24
   388 :  1.6588081e-01  1.8786014e-01  4.6433559e-02
   389 :  1.7512895e-20  8.8833047e-21 -3.4972376e-20
   390 :  8.3044677e-08 -1.4434058e-07 -4.6317302e-08
   391 :  2.0694316e-17  1.3148545e-16 -7.2529801e-17
   392 : -3.5122472e-05  1.5689148e-05  5.5508890e-06
   393 : -2.0943716e-05 -7.6107132e-05  8.1984682e-05
   394 : -4.3415482e-21  1.1680315e-20 -2.1046053e-21
   395 :  2.4111763e-12 -2.2422089e-12  2.7919054e-12
   396 : -7.4466730e-38  1.3590242e-37 -2.0690946e-37
   397 : -6.5025604e-06  2.1696571e-05  3.3833557e-06
   398 : -2.8953855e-10  8.7248117e-10 -2.6051909e-10
   399 : -6.2210072e-05  2.2993469e-04 -1.3038851e-04
   400 :  1.4076042e-10  1.4821375e-10 -4.8332815e-10
   401 : -4.5623609e-09  7.6699971e-09  4.3524252e-09
   402 :  1.1024244e-19 -2.6951089e-20 -3.1422886e-20
   403 :  9.2893990e-21 -1.2191445e-18  1.1556418e-18
   404 : -3.5307725e-32 -5.0164224e-32  1.3861364e-31
   405 : -5.3276841e-12  5.8702983e-13  4.0216961e-12
   406 :  2.2619668e-06 -9.2017076e-08 -7.8944127e-07
   407 :  2.4896518e-04 -1.6000797e-04  7.8232559e-05
   408 : -1.1892198e-03  8.8262812e-04  2.7281133e-04
   409 : -4.1768897e-11 -2.3067808e-11  2.8256389e-11
   410 : -1.1625840e-01 -1.5791828e-01 -6.2952592e-02
   411 :  3.1952605e-11 -8.6076495e-11  8.3452381e-12
   412 : -2.9559448e-09  1.9746710e-09  4.6268857e-09
   413 :  1.2825048e-34  8.4831922e-35 -3.3824714e-34
   414 :  1.6905273e-01 -3.0497073e-02  1.9103405e-01
   415 :  1.9618295e-10 -3.2437589e-10 -1.9804852e-10
   416 :  7.8053093e-25  4.4847733e-25 -1.6978122e-24
   417 :  5.0919477e-07 -1.9979926e-07  2.3236855e-06
   418 : -1.5992774e-04  4.0971242e-04  9.0449521e-04
   419 :  6.3292132e-31 -7.5953215e-31  4.5321775e-32
   420 : -1.2036657e-28  4.6718884e-28 -2.2241245e-28
   421 : -3.7688646e-26  1.7842424e-25 -9.2323592e-26
   422 : -4.2744508e-15  6.5027101e-15 -1.4479868e-14
   423 : -1.5593609e-12  3.0192827e-11 -1.9273686e-11
   424 :  2.6144583e-21 -7.1124962e-21  2.1743913e-21
   425 :  1.9841918e-25 -9.6071435e-25  3.3823494e-25
   426 :  1.7147450e-17  2.0381320e-17 -1.6681566e-17
   427 : -1.3699745e-19 -3.5198359e-19  8.6654344e-19
   428 : -5.9061721e-20  9.4008083e-20  3.9093388e-20
   429 : -1.5115470e-09 -9.9862979e-10  7.3871903e-10
   430 : -3.1374398e-09  1.1753516e-08  3.6572097e-09
   431 : -8.5907047e-12  1.3846320e-11  7.0429597e-12
   432 : -2.6514722e-14  5.2532876e-14 -8.8579733e-14
   433 : -2.0903262e-33  1.8563499e-33  2.3858423e-33
   434 : -4.4980522e-03  8.8811645e-04  1.0106286e-03
   435 : -2.2555645e-11  1.3540769e-11 -6.7610148e-12
   436 : -5.0272212e-22 -4.2669511e-23  1.1653334e-21
   437 :  1.4231305e-06 -1.6854990e-06  2.1723910e-06
   438 : -2.5218082e-07  1.3735252e-07 -2.9767968e-07
   439 :  2.4159459e-05 -3.3971928e-05 -5.4599507e-06
   440 :  3.9137516e-26 -1.4559080e-25  4.9938527e-26
   441 : -7.4439719e-37 -4.3291149e-37  1.5485276e-36
   442 :  2.8493061e-06 -2.9027886e-07  2.6145000e-06
   443 : -8.9271016e-14  1.8338984e-13  4.2584418e-14
   444 :  5.4563962e-07  7.0303437e-08 -1.6992771e-07
   445 : -2.9142617e-16  1.0993008e-16  2.0069612e-17
   446 :  1.0719009e-01  5.6801706e-02 -3.3602951e-02
   447 :  6.3423772e-17 -9.3506114e-17  1.4561012e-16
   448 :  6.1352717e-11  2.8323605e-10 -1.4627255e-10
   449 :  1.4892496e-33 -2.1004696e-33 -9.5745982e-34
   450 : -4.1718978e-36  4.5647485e-36  4.0254407e-36
   451 :  6.7199578e-03 -1.2596507e-02 -8.9602550e-03
   452 :  6.1229850e-02 -2.8243338e-02  1.2421685e-01
   453 :  6.6348304e-02  4.4790555e-02 -1.9110884e-02
   454 :  1.0123307e-01  1.8007109e-01 -3.1013472e-02
   455 : -2.5357410e-19 -6.5064629e-20  2.0309426e-19
   456 : -2.0991511e-10  9.6936359e-11  7.2861081e-11
   457 :  2.4192759e-37  6.0464651e-37 -1.0145871e-36
   458 : -6.8040762e-20  2.2836546e-17 -4.7413539e-17
   459 :  3.5464216e-11  2.2686261e-11 -1.0236354e-10
   460 : -4.0531743e-10  1.1864819e-09 -3.8230398e-11
   461 : -4.6810525e-17  3.5690100e-17  7.1585657e-17
   462 : -2.4926899e-14  5.2452464e-14  3.2315678e-15
   463 :  1.4749441e-26 -2.4232101e-26  9.0710845e-27
   464 : -5.5266817e-07 -7.6703778e-07  3.4359830e-07
   465 : -4.2352351e-10  1.7399348e-10 -1.7591737e-11
   466 :  7.5217247e-05 -6.5577100e-05 -2.1660448e-05
   467 : -1.8327151e-27 -4.9652077e-28  3.1710203e-27
   468 : -2.3921523e-24  6.5447119e-24 -1.6488619e-24
   469 :  1.6441805e-37 -2.4892193e-37 -1.5821289e-37
   470 :  1.1169705e-34 -1.3429339e-34  9.7595556e-36
   471 : -8.8902177e-22  9.6969289e-22 -3.1400203e-22
   472 :  1.2613660e-25 -1.6657595e-25 -1.1520319e-25
   473 :  1.8260392e-09  2.3400895e-08 -2.3243115e-08
   474 : -1.1472914e-30  1.0620494e-30  1.1186660e-30
   475 : -1.2364638e-20  1.4297213e-20 -2.0760447e-20
   476 : -8.9003173e-21 -1.7460306e-20  1.1480584e-20
   477 : -1.0701168e-39  8.7067959e-40 -8.6867637e-40
   478 :  9.0440602e-12 -6.6255252e-11  1.0394042e-10
   479 : -1.8818009e-39  4.9165817e-39 -1.1356829e-39
   480 :  9.6369602e-04  1.2592835e-03 -7.4521599e-03
   481 : -2.0999057e-19 -4.4726734e-19  1.4195283e-18
   482 : -5.2073903e-29  1.6587971e-28 -5.5327621e-29
   483 : -1.0149344e-04  4.0191186e-04  6.7896736e-04
   484 :  6.6519001e-11  1.5575488e-11 -2.8748521e-11
   485 :  6.3678083e-11 -8.0774112e-11 -5.8388623e-11
   486 :  4.2219058e-02 -1.4524253e-01 -1.8965281e-03
   487 : -6.3461660e-11 -7.0299030e-10  1.1527058e-09
   488 : -6.3753114e-03 -1.5903608e-03  1.3650324e-03
   489 : -8.6369923e-31 -2.8783913e-31  2.0700424e-30
   490 :  2.1185279e-26  4.1539713e-27 -1.2297715e-26
   491 :  9.1508049e-28  2.4084898e-27 -1.6277489e-27
   492 :  1.1337922e-08 -2.0210302e-08  3.7117549e-08
   493 :  5.7263428e-06 -2.3403238e-05 -1.1439407e-05
   494 : -3.7666087e-04  1.2504586e-04  3.4270285e-04
   495 : -1.1465724e-13 -8.3947232e-13  9.8536614e-13
   496 : -8.3221441e-24  2.9560827e-23 -1.2918777e-23
   497 :  4.3406478e-36  2.5192613e-35 -1.3877266e-35
   498 : -6.8549018e-34  4.4452576e-33 -8.8874729e-33
   499 :  1.7357809e-03 -3.7298118e-03 -1.4889010e-03
   500 : -7.4640572e-37  5.7013449e-37  1.0033377e-36
   501 :  1.6010814e-40 -3.4866270e-39  2.5234376e-39
   502 : -2.4896452e-07  9.2185264e-07 -4.6430984e-07
   503 : -2.6029235e-07  8.4692485e-07 -2.4254534e-07
   504 :  4.2177287e-11 -8.7289889e-11  4.4099354e-11
   505 : -5.0900908e-03  2.4244498e-03  8.1355040e-04
   506 :  3.6175853e-26 -7.5753331e-26 -1.7441179e-27
   507 : -4.8460842e-24 -3.4626464e-24  1.0568938e-23
   508 :  3.9413852e-25  7.9798085e-24 -4.6789395e-24
   509 : -1.5188307e-09 -9.3399954e-10  3.4781263e-09
   510 : -1.6322432e-25  3.6284528e-24  1.3456101e-23
   511 : -3.3173957e-18 -4.1626263e-19  1.4449241e-17
   512 : -1.0551747e-18 -7.5948362e-18  3.7236086e-18
   513 : -4.8204169e-13 -3.8552153e-13  1.4403994e-12
   514 : -4.1768907e-12  1.8626327e-11 -1.0682052e-11
   515 :  9.8202795e-07  1.3828478e-05 -3.5703744e-05
   516 :  1.5367592e-24  4.2180434e-24 -2.7839049e-24
   517 : -2.1089004e-05  1.0886496e-05 -1.1868595e-05
   518 :  3.9508175e-12  7.6452781e-13 -5.3211434e-12
   519 : -3.2035636e-17  8.2237105e-17 -1.1297134e-17
   520 : -2.6138785e-13 -2.5003085e-13  6.1890551e-13
   521 :  9.9609486e-07  8.9801781e-08 -8.3542439e-08
   522 : -1.4161977e-01 -9.1161677e-02 -1.3395924e-01
   523 : -1.6468590e-05 -7.1297799e-05  5.7518123e-05
   524 : -2.3601804e-13  1.1082769e-13  4.1610428e-14
   525 :  5.5783159e-11 -3.3587686e-11  3.6997909e-11
   526 : -2.3469437e-18 -9.6216142e-19  3.4606066e-18
   527 : -2.9155921e-31 -1.4714765e-30  2.3267351e-30
   528 :  1.6444712e-01  1.9761333e-01  1.5508013e-01
   529 : -3.9008235e-09  8.9066478e-09  7.1914339e-09
   530 : -5.3915678e-04  1.2463981e-03  1.3495115e-04
   531 :  5.4849866e-08 -1.3668197e-09 -6.3270934e-09
   532 : -4.8543695e-18  4.6036000e-17 -3.4440379e-17
   533 :  4.7253729e-41 -4.7386138e-41  5.0096602e-41
   534 : -1.1263519e-41 -4.6323465e-41  1.0659120e-40
   535 :  2.1665785e-29 -5.1470714e-29  2.5417916e-30
   536 :  2.5067894e-05 -6.5657347e-06 -3.0007838e-05
   537 : -1.4778993e-07 -1.0704268e-07  7.8250503e-08
   538 : -6.1894569e-10  3.3844352e-10 -2.1174084e-10
   539 : -3.4532024e-30  1.1734576e-29 -4.0401638e-30
   540 : -1.1555511e-26  3.9220092e-26 -1.4704108e-26
   541 :  6.2749092e-25  1.3811050e-24 -2.8829508e-24
   542 :  1.9684464e-13  3.7429358e-13 -2.3718888e-13
   543 : -7.4480071e-32 -8.0811769e-32  5.6929417e-32
   544 : -2.0456530e-12  4.3710042e-12  6.3362736e-13
   545 :  2.4868958e-22  6.1159745e-23 -6.0272602e-22
   546 : -2.4985147e-03 -2.2531773e-03  1.3450852e-03
   547 :  2.3004954e-28 -5.8778521e-28  1.2427558e-28
   548 : -9.3644647e-07  1.1785495e-05 -3.3397669e-05
   549 : -6.3534452e-24 -4.5185396e-24  1.6586047e-23
   550 : -3.8787101e-09  9.1794981e-09 -2.2531000e-09
   551 : -1.3110673e-05 -3.4709698e-05  5.4761824e-05
   552 :  5.4935318e-07  5.1494868e-07 -2.3743702e-07
   553 : -1.1818030e-07  2.2724078e-08  4.8785758e-08
   554 :  3.2469024e-23 -1.3753663e-22  4.8004920e-23
   555 :  2.8601062e-14  1.4046640e-13 -1.6395787e-13
   556 :  8.7080027e-25  1.0391638e-24 -8.7374955e-25
   557 :  1.8859145e-01  1.4739530e-01  8.2179530e-02
   558 :  1.0909771e-09 -3.1420176e-08  2.7046639e-08
   559 :  1.2687916e-07 -4.4994239e-06  3.3936588e-06
   560 :  1.5551063e-08 -2.1330514e-09 -6.5196197e-09
   561 :  6.2596438e-02  1.4458182e-01  7.0828551e-02
   562 :  2.6609351e-19  1.3219325e-18 -7.4083821e-19
   563 :  9.5274615e-36 -3.0459241e-36 -3.1329507e-36
   564 :  1.6968108e-04 -8.9470297e-05  7.0552677e-05
   565 :  8.4117550e-04 -8.7531683e-05  7.7624322e-04
   566 :  7.4159050e-28 -4.0749116e-26  5.6513400e-26
   567 : -3.8176130e-14  8.2039003e-14  5.2194531e-15
   568 : -6.8856658e-06 -1.3524961e-06  2.2067720e-05
   569 :  2.9022109e-06 -4.3040312e-05 -2.9973122e-06
   570 :  1.8959205e-22 -3.6238277e-22 -7.7420014e-23
   571 :  1.6264808e-14 -2.9135213e-14  4.7801547e-15
   572 :  3.5314423e-39 -5.4224809e-38  2.4938795e-38
   573 :  2.5713130e-10 -4.9550311e-10 -2.4650352e-10
   574 :  5.1767673e-09 -1.1938716e-08  2.6595568e-08
   575 :  1.9057127e-01 -4.3897311e-04 -5.9171586e-02
   576 :  6.3387817e-12  1.0770217e-11 -2.2635715e-11
   577 :  7.2251885e-02  1.3502267e-01  1.0441081e-02
   578 : -4.2292642e-42  5.1541474e-42  6.3122151e-43
   579 : -6.4496288e-03  8.6432471e-03 -4.9315431e-03
   580 :  1.2625339e-01  1.3122415e-01  5.5106647e-02
   581 : -6.0756262e-23  1.3850855e-22  7.1348910e-24
   582 :  1.6978075e-39 -6.6125432e-39  2.3535637e-39
   583 :  6.8971967e-21 -2.2480166e-20  7.5395012e-21
   584 : -3.3816187e-32  5.7801606e-32  1.0514759e-32
   585 : -7.7448240e-05 -7.2292963e-06  1.7033611e-05
   586 :  7.8018937e-27 -1.4444220e-26 -1.7484685e-27
   587 : -1.0194905e-19 -2.3591366e-19  4.3109557e-19
   588 :  6.4591176e-26 -6.8398386e-26  1.7059979e-27
   589 : -3.9514785e-06  2.8474665e-06  8.9805219e-06
   590 :  1.2202588e-06  2.3053580e-06 -8.8717182e-07
   591 :  5.9634258e-36 -8.8729678e-36 -3.1575509e-36
   592 :  5.4001026e-23  3.1509448e-23 -1.1773854e-22
   593 :  7.0917787e-17 -4.7274950e-18 -5.6778173e-17
   594 :  3.1566278e-19 -1.5681473e-19 -7.2502045e-20
   595 : -2.3093522e-10 -8.8327793e-11  3.6116442e-10
   596 :  1.1549016e-11 -7.1458215e-13  1.7108080e-11
   597 :  3.4022643e-15  2.6598233e-15 -7.9475341e-15
   598 : -6.3835230e-19 -2.5431099e-18  1.5147992e-18
   599 :  9.3401050e-03 -9.4247614e-03 -1.6411595e-02
   600 : -4.3599168e-12  2.6027840e-12  7.9462722e-12
   601 :  2.6881178e-02 -8.1184530e-03 -1.5703751e-02
   602 : -6.4324350e-28 -4.0511655e-27  2.1622192e-27
   603 : -4.8090283e-31 -1.6506315e-30  9.0407657e-31
   604 : -1.1065663e-21  1.7489627e-21 -2.4494838e-21
   605 : -8.9748522e-17  1.0030557e-16  1.0869399e-16
   606 : -3.8434809e-02 -1.3952806e-01 -9.4113027e-02
   607 : -4.3972866e-12  6.0977035e-12  4.4278449e-12
   608 :  5.4401278e-25 -1.6341167e-26 -2.2595859e-25
   609 :  1.4601983e-21 -2.4359640e-21  1.3891690e-22
   610 :  1.6299043e-30  5.7809370e-30 -1.3445199e-29
   611 :  2.6065774e-02 -5.6976101e-03 -8.4878323e-03
   612 :  2.7666228e-13  2.3473612e-12 -3.9766688e-12
   613 :  1.3468089e-15  2.5497756e-16 -3.4080994e-15
   614 : -2.0810769e-06  3.7165772e-06  1.0393879e-06
   615 : -6.2459838e-14  1.5411819e-14  1.1776529e-13
   616 : -1.3593092e-32  2.3584976e-32  4.0134692e-33
   617 : -1.1830380e-15 -2.4539416e-16  5.6122406e-16
   618 : -3.2217543e-19 -1.6913023e-19  2.3791620e-19
   619 : -6.1479152e-25  6.9160683e-25  5.5138131e-25
   620 : -1.6791736e-17  1.0446119e-17 -8.4442192e-18
   621 :  1.1027051e-12 -9.9855721e-13 -1.7357686e-12
   622 :  9.0172217e-05  1.2238888e-03 -5.6580204e-04
   623 : -1.4007375e-07  3.0001892e-08  6.7928447e-08
   624 :  6.3652561e-15  5.3230764e-14 -1.7479107e-14
   625 : -1.0719731e-14  1.0171649e-13 -4.4758717e-14
   626 : -4.5167327e-42  1.7655347e-41 -6.7258926e-42
   627 : -2.3159019e-27  1.0490704e-26 -5.8752023e-27
   628 :  2.1371749e-19 -3.2863880e-19  5.4744147e-20
   629 :  4.7429119e-08 -1.4727817e-07 -3.3632634e-09
   630 : -4.7861139e-05  2.5852005e-05 -2.6600209e-05
   631 :  3.3138031e-16 -1.3607683e-15  3.0144197e-16
   632 :  2.7893711e-32 -4.7472058e-32 -9.7246231e-33
   633 : -8.4362061e-08  3.9693878e-08  1.5907867e-08
   634 :  4.1132056e-11  1.7842172e-11 -6.9873826e-11
   635 :  1.0688071e-06 -2.9183680e-07 -2.7159164e-07
   636 :  2.0016022e-06  2.2238181e-06 -8.6756472e-07
   637 :  3.5448981e-05 -2.4115282e-05 -4.6020334e-05
   638 :  1.4897403e-03 -1.2455619e-03 -2.0372426e-03
   639 : -4.0130979e-07  1.5418831e-06  5.4089714e-07
   640 : -1.1337174e-02  1.8073815e-01 -8.5135908e-02
   641 :  1.3641567e-24 -2.8650924e-24  6.5367329e-26
   642 : -8.0544919e-10  2.4387806e-09  6.2018781e-10
   643 :  3.6551341e-07 -1.6102854e-08 -2.8051636e-07
   644 : -1.8074989e-07 -1.4377616e-07  3.9888452e-07
   645 :  3.3526383e-13 -7.8880323e-12  1.0049216e-11
   646 : -4.5006321e-13 -8.8618874e-13  1.6938197e-12
   647 :  1.0978328e-01  2.9869741e-02  2.0689556e-01
   648 :  4.7249129e-14 -9.3547899e-13  2.8466145e-13
   649 :  2.2551358e-07 -1.1651687e-05  2.1531919e-06
   650 : -1.8583066e-14  1.1032907e-14 -7.6032257e-15
   651 : -4.1062036e-04 -1.5213819e-03  1.4473773e-03
   652 : -1.0144863e-12 -3.2887963e-12  1.7932977e-12
   653 : -3.9008438e-04 -4.7070877e-05  8.7919714e-04
   654 :  4.3027176e-21  2.2442008e-23 -3.6983266e-21
   655 :  2.5188949e-13  2.7052870e-13 -1.0433116e-12
   656 : -1.3061654e-02 -1.6147001e-02  7.0105884e-03
   657 :  1.4528865e-06  1.9249201e-06  5.0450895e-06
   658 : -1.6543357e-12  5.6560326e-13 -8.5988708e-13
   659 : -1.1205881e-09  8.2862442e-10  1.0668569e-10
   660 :  4.1017851e-04 -6.8505179e-05 -3.5255127e-05
   661 :  2.1397561e-01  1.7551449e-01  7.5993732e-02
   662 :  5.9175503e-20 -1.4868012e-20 -5.4027742e-20
   663 : -6.6484252e-06  1.1056643e-05 -3.7514102e-05
   664 :  2.3819422e-04  4.2562072e-04  2.1899532e-05
   665 : -8.8849285e-04  3.2136554e-04  1.2400027e-04
   666 :  7.0507570e-33 -5.0261473e-33 -9.4761619e-33
   667 :  1.5167539e-22 -7.3634054e-23  2.7712586e-23
   668 : -1.8783345e-07 -3.4973500e-07  1.0297435e-06
   669 :  1.7611774e-41  5.1663728e-41 -8.7472832e-41
   670 : -1.4812285e-05 -2.2494426e-05  1.1469654e-05
   671 :  1.6217600e-01  1.9337353e-01  9.4311972e-02
   672 :  6.7837004e-05 -8.0721185e-06 -2.3787520e-05
   673 : -1.3403240e-17  1.4733123e-18  2.7457495e-17
   674 :  8.8344069e-15 -5.7507457e-15 -1.3194303e-14
   675 :  5.1148979e-16 -3.6351382e-16  3.8123643e-16
   676 :  1.7134605e-11 -4.6170138e-11  1.0948995e-11
   677 :  5.9696452e-12 -3.5283421e-12  1.9463272e-12
   678 :  2.9928586e-06  2.3962568e-06 -1.7445252e-05
   679 : -1.3134702e-09  3.0855695e-09 -4.0976483e-10
   680 : -4.3196757e-09  2.4185269e-09  8.0491016e-09
   681 : -3.3248884e-23  1.9238967e-23 -9.4855622e-24
   682 : -4.6015484e-24  4.0959293e-24 -6.3851145e-24
   683 :  3.2508610e-21 -4.1717086e-21 -3.4560678e-21
   684 : -4.0230153e-27  2.1284939e-27  1.8130331e-27
   685 :  1.1887925e-10 -2.5475024e-10 -1.1567961e-11
   686 : -3.2514314e-15  1.0992469e-15  6.6644633e-16
   687 : -5.5762801e-27  1.0739967e-26 -2.0020226e-26
   688 : -2.3741623e-16  3.5420764e-16  1.6030428e-16
   689 : -8.0096932e-03 -3.4313966e-03  2.9022802e-03
   690 : -6.0039701e-12  1.4387459e-11 -3.0355321e-12
   691 : -4.4796761e-11  3.3748530e-11 -4.6153174e-11
   692 :  3.2627230e-13 -2.4591143e-12  3.0625856e-12
   693 : -8.6391006e-41  1.2358204e-40  5.9344886e-41
   694 : -7.3547764e-28  1.5205550e-27 -2.4514005e-29
   695 :  1.0324567e-03 -2.3250250e-03  7.0477408e-04
   696 : -2.0273042e-08 -1.1710863e-07 -2.5628682e-08
   697 :  2.8535161e-12 -6.0023869e-12 -2.7129100e-12
   698 :  8.6933106e-04  1.6088641e-04  2.2439253e-04
   699 :  6.0603383e-19 -3.1726570e-18  6.0923727e-18
   700 : -4.0536424e-34 -5.9287337e-34  1.6046484e-33
   701 :  6.2459667e-32 -2.0239480e-31  6.9592918e-32
   702 : -2.1745688e-22  4.7381018e-22 -9.7031051e-24
   703 :  1.9671788e-01  2.0786813e-01  1.2595150e-01
   704 :  9.0237230e-13  3.7743238e-13 -1.9212085e-12
   705 :  1.5975425e-26 -1.1070183e-25  4.7344814e-26
   706 :  3.9147082e-01  1.3092770e-01  2.3240647e-01
   707 : -4.2318227e-07 -4.9714217e-07  2.9666431e-07
   708 :  2.3487532e-08  1.2720589e-08 -1.0117413e-08
   709 : -3.8260772e-15  6.5942179e-15 -1.2528008e-14
   710 : -1.6822667e-18  4.0493296e-19  1.0424982e-18
   711 :  1.2660331e-13 -3.9027460e-14  3.4438791e-14
   712 :  4.9878976e-07  2.1665171e-06  5.5599583e-07
   713 :  1.4873398e-13  5.1430409e-13 -2.5311143e-12
   714 : -1.6222081e-02  9.2137929e-02 -9.7563710e-02
   715 :  6.7491315e-12  4.1563895e-12 -8.3567957e-13
   716 :  2.1022279e-29 -4.1839987e-28  8.4932654e-28
   717 :  3.0281661e-08 -9.2361429e-08  3.7839861e-08
   718 : -2.6023471e-13  2.8065522e-14  1.8025033e-13
   719 : -2.7091391e-07 -2.4164136e-07  1.4542880e-07
   720 :  1.9405022e-01  1.6558599e-01  8.5934066e-02
   721 :  1.9855203e-04  1.9144856e-04  1.5450239e-04
   722 : -6.8452638e-25 -9.9154765e-25  7.1062771e-25
   723 :  8.3719672e-24 -3.8159777e-23  2.0965442e-23
   724 : -6.8370634e-24 -2.3550703e-24  4.9687025e-24
   725 :  9.0385314e-06 -8.1564100e-07 -1.8412207e-05
   726 : -2.9483350e-16  3.2187132e-17  1.1469699e-16
   727 :  2.1240476e-06  7.9235810e-06 -1.4870058e-05
   728 :  6.0608955e-08 -5.1251834e-08 -1.0329916e-07
   729 :  1.7398052e-10 -2.3754250e-10 -1.1245719e-10
   730 : -2.4510852e-12  3.1349627e-13 -1.8153047e-12
   731 :  6.7065253e-23 -1.4936026e-22  4.1095393e-23
   732 :  3.4375772e-20 -7.2845986e-21 -2.0078789e-21
   733 :  2.7508436e-14 -1.3919757e-12 -1.4132664e-13
   734 : -2.3650616e-02  4.6506507e-02 -1.8611126e-02
   735 : -8.3142135e-13  3.4631265e-12 -1.7258649e-12
   736 :  1.7607250e-02 -5.4000913e-03 -4.1335981e-03
   737 :  6.8272823e-16  7.8415820e-16 -2.8953621e-15
   738 :  1.4071073e-06 -5.8586240e-07  1.1346253e-06
   739 :  1.5019674e-01  9.4255059e-02  1.5948550e-01
   740 :  1.6649387e-11 -4.3730379e-11  2.2289809e-11
   741 :  7.2527890e-05  3.0165661e-04 -7.2242889e-05
   742 :  2.1521325e-13  4.6206163e-13 -1.1288533e-12
   743 : -5.9467607e-12  3.9443698e-12  3.6602485e-12
   744 : -5.2207546e-02  2.2714373e-02  1.4739183e-02
   745 :  5.9154528e-26 -4.9609065e-25  4.1577886e-25
   746 :  1.3114851e-20 -1.1302486e-20 -2.0384229e-20
   747 :  9.3667068e-16  5.2799471e-16 -1.3179319e-15
   748 : -2.4319571e-12  5.5983172e-14  1.6649461e-11
   749 :  1.6947805e-07 -4.5716360e-07 -1.1704226e-07
   750 :  9.7461381e-28  2.5158045e-26 -3.2885551e-26
   751 : -1.4170484e-01 -1.2141813e-01 -1.3915088e-01
   752 : -1.0981275e-12  1.8902067e-12  6.0781404e-13
   753 :  1.0436302e-07 -3.5689802e-07  1.0188658e-07
   754 :  7.6627731e-21  8.7999178e-22 -1.7312621e-20
   755 :  9.3503332e-02 -4.8066862e-02  3.5824389e-03
   756 :  2.2438680e-15  5.2268828e-15 -1.1297392e-14
   757 : -1.4725601e-38  3.4459836e-39  5.4374899e-39
   758 :  1.1260259e-03 -1.9676113e-02  1.1508914e-03
   759 : -2.5803633e-12  1.3453896e-12 -3.5528181e-12
   760 : -1.1315149e-17  3.0298503e-17 -5.4837797e-18
   761 : -1.5705457e-11  2.6728260e-11  7.1661241e-12
   762 : -4.9350282e-03  2.7198610e-03 -9.0172347e-04
   763 : -2.5716919e-29  7.7282142e-29 -2.5503423e-29
   764 : -2.1604320e-30 -7.7260720e-30  4.8776141e-30
   765 : -9.9484259e-02 -1.5672259e-01 -1.6502845e-01
   766 :  1.8175928e-14 -4.6553099e-14  9.9031726e-15
   767 :  2.1866071e-03  1.2914057e-03 -7.5130977e-03
   768 : -1.9976976e-26 -8.8092443e-26  2.0973716e-25
   769 :  7.8558668e-02  7.0617230e-03 -7.8054949e-02
   770 :  6.2664065e-11 -3.4440177e-11  9.2846124e-11
   771 : -3.8666459e-07  1.3581387e-06 -2.9242685e-07
   772 : -7.1994350e-05  1.6212957e-05 -5.8073041e-05
   773 :  1.5583375e-13 -3.6074808e-13  1.7144384e-14
   774 : -1.0957963e-01 -7.2331407e-02 -8.2068214e-02
   775 : -4.7756878e-02  1.4507582e-01  2.1424965e-01
   776 : -1.0584340e-12  5.0389686e-13  1.5905400e-12
   777 : -1.0963481e-11  5.3880084e-12  9.5541189e-12
   778 :  6.3572907e-12  1.7412732e-11 -2.7276835e-12
   779 :  2.6701810e-23 -7.2576544e-22  3.3681408e-22
   780 :  2.3093642e-04  3.2156473e-04  5.4351526e-04
   781 : -2.1697209e-25  2.0898586e-25 -2.3753813e-25
   782 :  2.4942134e-39  1.5490350e-39 -5.0671768e-39
   783 :  4.8246645e-12  1.7034878e-11 -2.4615592e-11
   784 : -7.5603416e-13 -6.7691797e-12  3.1099356e-12
   785 :  2.4418569e-25 -5.8088291e-25  8.2803787e-26
   786 : -6.7146270e-02  4.0852207e-02 -1.4948195e-01
   787 : -2.1560518e-02 -1.1162972e-01 -1.5573092e-01
   788 : -7.0875317e-25  5.8067585e-25 -6.3212329e-25
   789 :  2.6041477e-23  1.7375086e-24 -3.9505928e-23
   790 : -5.4047036e-10 -3.0967705e-09  2.0173388e-09
   791 : -6.9061909e-08  4.9318333e-08  5.7165021e-09
   792 : -6.5131416e-05  1.4501465e-05  2.5282235e-06
   793 : -3.7704438e-05  9.5673183e-06  7.8957290e-06
   794 :  6.7497281e-11 -1.4862053e-10 -1.3520622e-11
   795 : -5.7913432e-05 -8.6999216e-05  1.1213780e-05
   796 :  4.5401161e-06 -2.0617719e-06  6.4672033e-06
   797 :  3.7423564e-26  4.0115027e-26 -7.0508235e-26
   798 :  2.3302714e-08  4.2796296e-08 -2.8269908e-08
   799 :  1.2350581e-14 -4.9630443e-15 -2.3929295e-14
   800 :  3.7512999e-03 -1.0885312e-01 -8.5124515e-02
   801 :  2.0583933e-23 -5.3643552e-25 -4.0390158e-23
   802 : -3.2756259e-12  6.0645261e-12  7.1775491e-13
   803 :  7.3616242e-18  8.8083620e-18 -6.7851414e-18
   804 : -1.0388918e-01 -1.5793489e-01 -7.7545927e-02
   805 : -2.8671740e-12  4.3786573e-12 -2.7039574e-12
   806 :  4.5798551e-22 -1.5649810e-22 -2.1809187e-24
   807 :  1.4349589e-25  2.7097454e-25 -1.8901381e-25
   808 : -5.9508384e-02 -3.9961826e-02 -1.2259405e-01
   809 : -1.1377515e-16  1.2284489e-16  1.6363658e-16
   810 :  1.0349813e-24 -7.7566558e-25  6.3742308e-25
   811 :  3.7847170e-40  2.8074098e-41 -5.1896501e-40
   812 : -1.6726845e-14 -4.0353228e-14  1.5010774e-13
   813 :  3.5757575e-13 -2.1772758e-12 -2.7041406e-12
   814 :  3.2298264e-36  2.3282334e-37 -3.6978452e-36
   815 :  4.2410660e-42  1.3167107e-40  4.0521641e-41
   816 : -8.1659511e-34  1.5648905e-34  3.2722761e-34
   817 : -1.2142254e-35 -1.2021847e-35  3.6475902e-35
   818 :  3.8098306e-38 -1.8971989e-37  1.1121568e-37
   819 : -4.1189983e-13  4.5344293e-14  2.9345735e-13
   820 : -2.0434152e-37  5.6091535e-37 -1.1597350e-37
   821 : -2.9519430e-06 -3.5742998e-06  4.5642831e-06
   822 :  4.7937096e-10 -1.9945635e-09  1.0512858e-09
   823 : -8.8756889e-20  1.0246926e-19  8.9072782e-20
   824 :  7.5437821e-19 -3.7089626e-19 -1.3392761e-18
   825 : -3.1283485e-29 -1.2269998e-29  7.5757385e-29
   826 :  2.7785412e-07 -6.8388285e-07  1.5224827e-07
   827 :  3.2646055e-21  1.3672298e-21 -2.2832850e-21
   828 :  3.0257502e-16 -7.8737675e-16  1.7594279e-16
   829 :  8.8381494e-10  2.2004314e-09 -1.5790083e-09
   830 :  7.3966669e-02  1.9936603e-01 -7.3466424e-02
   831 :  1.6361862e-01 -5.1354214e-02  2.1276032e-01
   832 : -5.7423374e-14  2.7728634e-13 -1.3184801e-13
   833 :  1.0357853e-01  1.2370987e-01 -5.9214720e-02
   834 :  3.8566293e-34 -3.5889906e-34  3.4349015e-34
   835 : -1.7176708e-39  1.3489248e-38 -2.5994068e-38
   836 :  1.7798714e-11 -2.1671856e-11  2.9448831e-12
   837 :  4.9822533e-23 -9.4359099e-23  1.7010738e-22
   838 :  1.9727954e-08 -3.1751517e-09  1.7536436e-09
   839 :  5.1959030e-17 -7.5753893e-18 -9.8387045e-17
   840 :  9.7308244e-22 -2.4109821e-22 -5.2857091e-22
   841 : -7.2432054e-19  2.3474013e-19  2.4866305e-19
   842 :  9.1694090e-16 -4.6161117e-15  1.7070074e-15
   843 : -9.3318548e-22 -9.4961273e-21  1.1433047e-20
   844 : -5.1996599e-14  2.5219340e-14  1.5500018e-15
   845 :  1.4618197e-28 -7.6262117e-29  3.7629052e-29
   846 : -1.2515004e-11  6.9550585e-11 -1.9846987e-11
   847 : -3.6254623e-15  2.7520476e-15 -2.2089896e-15
   848 :  2.8031745e-43 -1.5348950e-42  6.2305361e-43
   849 :  2.7101506e-18 -1.3301130e-17 -1.9163053e-18
   850 : -1.3473948e-16 -2.2510798e-16  5.7712936e-16
   851 : -1.6511897e-18  1.6152639e-17 -1.2583485e-17
   852 : -2.1977216e-31  1.0311632e-30 -4.3070256e-31
   853 : -4.5921347e-07  3.4028552e-08  2.6159339e-07
   854 : -5.2337263e-44 -2.6179204e-43  5.4498459e-43
   855 :  1.7183539e-06 -1.5381533e-06  2.9346080e-06
   856 :  6.4600547e-09 -4.6502678e-09  2.4120734e-08
   857 : -5.3782077e-06  1.6285411e-05 -2.9804093e-05
   858 :  1.0403660e-09 -2.3444841e-09 -1.9732841e-12
   859 :  4.1715069e-32  1.3508861e-30 -1.4500186e-30
   860 :  4.8920250e-11 -3.3263865e-10  1.9349138e-10
   861 : -3.8968885e-10  3.1025071e-10 -3.9479678e-10
   862 : -1.3158230e-10  3.6217214e-11  6.1682665e-11
   863 :  1.0349720e-07 -6.2961583e-08 -2.0092860e-07
   864 : -6.3864462e-07 -3.8009996e-07  5.1088614e-07
   865 :  1.3949209e-04 -1.0312963e-04  7.4289060e-05
   866 :  3.8028614e-01  2.2343982e-01  1.9689445e-01
   867 :  3.4761950e-04  1.7202964e-03  6.7844143e-04
   868 :  6.8276213e-13  1.1565032e-12 -2.9034451e-12
   869 :  1.7035256e-13 -3.5111217e-14 -7.7888090e-14
   870 : -2.2863365e-14  9.6924733e-14 -3.1775657e-14
   871 : -1.5255265e-06 -1.7237230e-06  5.2728873e-06
   872 :  4.7418662e-06 -1.2257351e-06 -1.1326720e-06
   873 :  6.5479663e-02  1.4925405e-01  1.3123617e-01
   874 :  1.2368043e-01  1.2387430e-01  6.7302165e-02
   875 : -2.0116155e-20  6.8552827e-20 -9.5044528e-20
   876 : -1.4229165e-18  1.8965494e-18  1.2793278e-18
   877 : -1.5884320e-36  2.2921967e-36 -3.0088907e-36
   878 : -9.6780320e-34  2.1713885e-33 -4.5303536e-34
   879 :  4.1139564e-21 -6.9022287e-21  1.0023184e-20
   880 :  3.6979652e-19 -5.2128892e-19  6.9085819e-20
   881 :  6.7064110e-36 -1.9500222e-36 -2.7906475e-36
   882 : -4.8338912e-34  2.9333968e-34  6.8091714e-34
   883 : -1.6231141e-21  8.5262562e-22 -1.3991752e-22
   884 : -1.8736414e-21  3.9461158e-20 -1.6746542e-20
   885 : -1.2663532e-09  2.5339947e-09  6.1170950e-10
   886 :  2.0263949e-10  1.8117065e-11 -2.4912267e-10
   887 :  3.0746142e-10 -3.2799036e-10 -1.4135485e-09
   888 : -1.1655464e-09  3.0285932e-09 -1.3642158e-09
   889 : -2.2474141e-03 -8.8966437e-03  1.4156085e-03
   890 :  7.2733460e-04  6.3907771e-04 -5.4391711e-04
   891 : -9.5287319e-20  3.8432817e-20  1.5234910e-20
   892 :  5.8304094e-18 -6.5074072e-18 -5.4684611e-18
   893 :  5.1026524e-11 -1.9408373e-11 -4.5577148e-12
   894 :  3.2260951e-10 -3.1696855e-10 -2.9273428e-10
   895 : -2.7281029e-03 -4.4416369e-03  8.8755688e-04
   896 :  1.5435778e-03 -1.0106110e-04 -1.0984366e-03
   897 : -3.3145159e-21  9.3504413e-22  1.2649551e-21
   898 :  3.6171999e-20 -6.9407470e-21 -7.0217634e-20
   899 :  1.5469197e-04  7.9720591e-04  8.1127553e-05
   900 :  4.3076106e-04  1.2206923e-04 -4.7094620e-05
   901 :  3.6457625e-13 -2.9835681e-13  2.6911362e-13
   902 :  9.0969882e-12 -1.5895882e-11 -2.5569931e-12
   903 :  4.4089481e-07  2.3607558e-06 -7.0744287e-07
   904 : -1.5522477e-07  2.6437429e-08 -2.1255228e-07
   905 : -1.2984216e-07  6.9379223e-07 -4.5057805e-07
   906 : -1.6367016e-04  4.4908414e-04  2.9571317e-05
   907 : -4.0962050e-05  2.8765234e-05 -4.8394412e-05
   908 : -2.2700161e-08  1.5069556e-08 -1.2074808e-08
   909 : -6.9570025e-08  2.2389556e-07 -6.5650130e-08
   910 :  1.7755013e-08 -1.5097940e-07 -1.1720058e-07
   911 : -8.4360052e-09  2.1769835e-08  2.1467232e-09
