Number of elements 912
     0 :  1.3723158e-20 -1.4426385e-20 -1.3531194e-20
     1 : -2.8334524e-12  1.2728524e-11 -5.9112025e-12
     2 : -4.0122201e-01 -3.6972299e-02 -2.6948183e-01
     3 :  1.2664305e-14 -1.2868182e-14 -1.5456965e-14
     4 :  8.2972833e-02  1.3468630e-01  1.3999959e-01
     5 :  4.1988128e-01  1.8526487e-01  1.3762067e-01
     6 :  5.0622909e-33 -1.4793238e-31  1.3677139e-31
     7 :  2.6097949e-11 -1.4542464e-10  7.7183283e-11
     8 : -3.8718387e-10  2.7119801e-09 -8.2808119e-10
     9 :  7.7327911e-29 -7.0293889e-29 -9.7034133e-29
    10 : -5.7939477e-10  6.6152121e-10  6.9740973e-10
    11 : -1.2209141e-31  1.5879886e-31  1.0338567e-31
    12 :  4.7611770e-01  2.0640351e-01  4.5259728e-01
    13 : -3.2046846e-07  3.2858650e-08  9.0353823e-08
    14 :  6.1423810e-16 -1.0459690e-15  8.1706892e-17
    15 :  8.9642911e-09 -1.6348365e-08 -4.1874040e-10
    16 :  1.7731423e-34 -6.5073028e-33  5.7876518e-33
    17 :  5.7612453e-24  5.9165146e-23 -6.7511629e-23
    18 : -8.6167572e-10  3.4986464e-09 -2.4644220e-10
    19 : -1.8961861e-39 -2.0314278e-39  2.9159886e-39
    20 : -9.6043545e-25  6.1710884e-23 -6.3802683e-23
    21 : -6.0741907e-07 -4.1760041e-07  1.6552432e-06
    22 :  1.4005562e-06  5.4253845e-07 -6.7873739e-07
    23 :  3.1187657e-39 -1.7258941e-36  5.9267785e-36
    24 : -3.7962433e-11  1.0242695e-10 -1.1047657e-11
    25 :  1.9247416e-38 -1.6088110e-37  6.1490119e-38
    26 :  1.6389839e-11 -1.6847108e-10  6.9734339e-11
    27 :  2.0287900e-07 -5.2169003e-07 -2.6318157e-08
    28 : -1.6999393e-07  5.2997294e-07 -2.0099278e-07
    29 : -3.9336786e-13  3.4362645e-12 -2.0996819e-12
    30 : -7.1128857e-10  8.8364775e-10  7.6180055e-10
    31 :  5.5086848e-15 -6.1565348e-15 -6.0542866e-15
    32 :  1.3401569e-30  1.5471611e-30 -4.3544135e-30
    33 :  9.2774414e-06 -1.8377628e-05 -1.9418674e-05
    34 :  1.1903495e-39 -8.0396179e-40 -1.6211596e-39
    35 : -6.3846621e-15 -8.7596445e-15  2.6695560e-14
    36 : -8.2951431e-02 -1.8880247e-01  5.8574585e-02
    37 :  5.3271380e-05  4.1982758e-05 -9.5384064e-05
    38 : -1.8097559e-07  7.5126238e-07 -1.6361351e-07
    39 : -6.5236808e-12  1.0161136e-11  6.9260348e-12
    40 :  4.1396277e-13 -3.4047445e-12  6.5896852e-13
    41 :  2.4810196e-07 -4.5440208e-07 -1.3779827e-07
    42 : -1.4948913e-37  8.5387506e-38  1.1602961e-37
    43 :  3.2220847e-21 -4.3722748e-21 -2.3211917e-21
    44 :  8.4315447e-06 -1.9671932e-05 -1.6099147e-05
    45 : -7.7044081e-17  3.7833382e-17 -6.0124587e-18
    46 :  8.5203535e-18 -1.0445697e-17  1.4049620e-17
    47 : -1.3438696e-30  1.8612269e-29 -3.7869246e-29
    48 : -1.5512367e-33  5.3096774e-33 -2.1930802e-33
    49 : -7.0883553e-09  1.9721297e-09  1.3702005e-08
    50 : -4.0495327e-06 -3.0316704e-05  1.0820032e-05
    51 :  8.6665356e-02 -3.1148530e-02 -1.1947557e-02
    52 :  3.6027368e-09 -1.1128592e-08  2.3187771e-09
    53 :  7.3972353e-31 -3.1310032e-31 -1.5588540e-31
    54 : -4.1147108e-09  3.2811834e-08  5.8583433e-07
    55 :  1.2597262e-08 -9.4350417e-08  5.9580410e-07
    56 :  1.3713021e-01  1.7980905e-01  2.0661614e-01
    57 :  3.3097613e-08  4.7250066e-08 -1.2401155e-07
    58 :  2.4545749e-03 -6.3221582e-03  2.5602217e-04
    59 : -1.2294985e-09  2.6435035e-09 -1.0618637e-09
    60 : -6.2423158e-07  4.3392795e-06  2.2384880e-06
    61 : -5.9069318e-03  5.4789096e-03 -6.6229636e-03
    62 : -1.2717996e-10 -1.4300874e-10  1.1431430e-10
    63 : -2.6685311e-05 -1.7487532e-05  9.8322602e-06
    64 :  3.6512967e-11 -1.1254674e-10  5.1875869e-11
    65 : -2.3566847e-14  6.1587184e-13 -1.7888372e-13
    66 : -1.2361238e-14  4.2590799e-14 -1.0252141e-14
    67 : -4.5265804e-32  6.6151132e-33  8.9184187e-32
    68 : -1.7935347e-31  4.2098996e-31 -4.6915857e-32
    69 : -5.5907984e-32  4.8594695e-32  6.7463198e-32
    70 : -4.0347846e-17  2.1891847e-18  8.4171894e-17
    71 :  4.1856245e-05 -7.0024205e-05 -4.0816026e-05
    72 :  4.0175721e-34 -1.1002577e-33  2.7311118e-34
    73 : -1.9383153e-05 -1.1043619e-05 -1.1791603e-04
    74 :  4.4991244e-24  9.8310047e-24 -7.0364635e-24
    75 :  9.4279273e-25  1.1027133e-24 -9.3433785e-25
    76 :  5.9081659e-35  2.6359795e-34 -1.4566722e-34
    77 :  2.9400793e-26 -6.9187699e-26  7.3393992e-27
    78 : -1.0569209e-30 -4.9949797e-30  1.0908584e-29
    79 :  2.4155286e-21 -2.3604732e-21  2.8905361e-21
    80 :  3.5492388e-45  9.1013814e-45 -7.0824743e-45
    81 :  5.9854945e-29  2.4926026e-28 -1.5292261e-28
    82 :  6.7612799e-01 -3.0427819e-01  6.2632552e-01
    83 : -1.3069619e-39  6.4073777e-40  2.0931747e-39
    84 : -7.7952221e-37  1.7596618e-36 -2.9957518e-37
    85 :  3.3528048e-01  2.3835248e-01  2.0404684e-02
    86 :  6.2996063e-23  7.0375364e-24 -7.7444355e-23
    87 :  3.3074300e-21 -3.2810781e-21 -3.6291683e-21
    88 :  9.6763326e-14  6.8957053e-14 -7.2181295e-14
    89 : -5.0655632e-04  2.0166240e-04  4.4947423e-04
    90 : -3.5464900e-35 -1.1782225e-34  7.5688423e-35
    91 :  1.4282693e-01  1.5329399e-01  1.2448265e-01
    92 :  3.0050687e-17 -6.6888297e-17  2.2894102e-17
    93 : -9.1443517e-44  1.9805560e-44  3.8137628e-44
    94 :  5.4249108e-20 -6.2006823e-20  1.8503113e-20
    95 :  2.4034053e-32 -8.8085281e-33 -5.9052272e-33
    96 :  2.9046100e-15  1.5287365e-15 -5.3599246e-15
    97 : -7.8711963e-17 -9.6060516e-16  1.1177853e-15
    98 :  6.3991970e-03 -6.6141740e-02  1.2854747e-01
    99 :  1.1675677e-29  1.3571833e-29 -1.1284790e-29
   100 : -6.7505849e-31  6.8388396e-31  2.1237623e-31
   101 :  2.0698134e-13 -2.6804616e-14 -7.9321418e-14
   102 :  5.6758921e-11 -1.3552907e-08  9.3558057e-09
   103 :  6.0426767e-41 -5.6362476e-41 -6.8679047e-41
   104 : -8.4905378e-19  2.4935439e-18 -1.0684046e-18
   105 :  4.9026749e-09 -9.6697982e-10 -1.7067599e-09
   106 :  5.8398044e-12  3.8157530e-12 -1.5647807e-11
   107 :  6.0653718e-12 -2.6068466e-11  4.4739407e-12
   108 :  2.1425005e-12  1.0946491e-11 -5.9064622e-11
   109 : -3.9467194e-09  5.5156540e-09 -3.6442264e-08
   110 :  1.3911627e-05 -1.0628155e-04  1.7195895e-05
   111 :  1.7844041e-11 -1.9513184e-11  1.5262581e-12
   112 : -4.1539031e-28 -4.2934296e-29  9.5859579e-28
   113 :  5.5687761e-02 -1.0224151e-02 -1.4404105e-02
   114 : -1.8528540e-16  3.7938609e-17  8.3305499e-17
   115 : -1.2260082e-08 -1.0893596e-07  7.5315528e-08
   116 :  1.1586454e-04 -1.1666000e-04 -7.6065172e-06
   117 :  1.4367415e-01  1.8545294e-01  1.5016664e-01
   118 :  5.0793769e-01  1.5786728e-01 -7.2222682e-02
   119 : -2.9087589e-33 -8.2933800e-34  4.6035185e-33
   120 : -1.1891367e-15  5.4741241e-16  2.2882460e-17
   121 :  2.2799364e-25 -5.2086118e-25  1.0674337e-25
   122 : -6.7534190e-08 -1.0411555e-07  7.9289016e-08
   123 : -7.0659380e-41 -1.0339455e-41  8.7466000e-41
   124 :  2.8095560e-30 -5.2632052e-30  1.1863598e-30
   125 : -7.9107757e-44  2.0640097e-43 -4.8079031e-44
   126 : -1.2175792e-23  1.2048443e-22 -8.0168262e-23
   127 : -1.4460662e-24  9.0485046e-25  2.2437660e-24
   128 :  3.3199496e-08 -1.5637346e-08 -5.3230447e-08
   129 :  2.0645217e-20  2.9391451e-20 -8.2778753e-20
   130 : -1.6705685e-02 -1.3518247e-02  2.0379978e-02
   131 : -1.2549262e-05  2.4504720e-06  4.2132770e-06
   132 : -2.1272385e-07  7.9218969e-07 -2.3542187e-07
   133 : -1.1050972e-05  2.0425870e-04 -2.4478175e-05
   134 : -2.2030573e-07  9.6746187e-08 -6.0043362e-08
   135 : -1.3654728e-10 -4.3791351e-10  3.7569809e-10
   136 :  2.3688868e-12 -1.5473793e-12 -4.3605596e-13
   137 : -3.4948144e-09  1.2683443e-08 -5.4789872e-09
   138 : -1.7449790e-11 -1.2358450e-10  9.7281734e-11
   139 :  4.7266124e-11 -1.0562722e-10  3.0416984e-11
   140 : -1.2542447e-27  7.6115461e-27 -2.9856823e-27
   141 : -4.4195209e-26 -5.6787677e-26  1.4958042e-25
   142 :  9.6007956e-11  3.4861135e-11 -1.0034816e-10
   143 :  5.1578958e-35  1.4945553e-33 -2.1394522e-33
   144 :  4.1541369e-13 -2.2415323e-12  9.4200202e-13
   145 :  8.5735773e-15 -1.6409876e-14  3.5766866e-15
   146 : -3.6170299e-18  2.8782335e-18  4.8617610e-18
   147 :  1.2469562e-33 -1.6944053e-33  2.8444358e-34
   148 :  1.1988166e-18 -4.5639043e-19 -1.9980366e-18
   149 :  7.5034864e-02  1.6719510e-01  1.3079438e-01
   150 : -1.6063079e-14  4.2979137e-15  3.0894688e-14
   151 :  2.9474274e-24 -2.2174100e-24 -4.2539949e-24
   152 :  2.2493404e-20 -3.9258247e-21 -8.1209738e-21
   153 :  2.2189706e-01  1.3846360e-01  1.4759609e-01
   154 : -1.7170948e-44  8.8723018e-45  2.2171157e-44
   155 :  3.2169862e-34 -4.8475855e-34 -6.8951663e-34
   156 :  1.1111408e-35 -2.1844497e-35  5.2674739e-36
   157 : -7.5992696e-18 -2.4670236e-16  2.7206035e-16
   158 : -1.2394824e-10  1.9719721e-10 -1.0711036e-10
   159 :  9.2482267e-14  1.2836453e-13 -1.0211280e-13
   160 : -2.6238459e-42  5.5506464e-43  1.0219921e-42
   161 : -2.9100050e-41  1.1601700e-40 -2.0584228e-40
   162 :  8.5052502e-02  1.6603329e-01  1.4697451e-01
   163 :  5.2967920e-08  7.7397278e-08 -3.3766982e-07
   164 : -3.8721646e-23  1.2591845e-22 -4.1342026e-23
   165 :  1.0804091e-12 -1.3909370e-12 -1.0742545e-12
   166 :  4.0140765e-35 -7.2955890e-36 -7.6995116e-35
   167 : -3.1893023e-10 -5.0006165e-11  4.8569803e-10
   168 : -7.9585377e-07  2.1555921e-06 -4.4082853e-07
   169 :  5.8086960e-01 -2.1085542e-01 -5.4248072e-01
   170 :  6.4600681e-32 -4.4270813e-32  2.9088838e-32
   171 :  1.4513631e-33  2.7874990e-32 -5.7352460e-32
   172 : -1.5936118e-06  4.5415791e-06  3.9033579e-06
   173 :  2.2660973e-08  2.3266082e-08 -8.5534683e-08
   174 :  2.3509492e-11 -3.7453469e-11 -2.0039938e-11
   175 : -2.9022626e-18 -3.7980500e-19  2.1553624e-18
   176 :  2.0449673e-29 -3.0051098e-29 -1.4073542e-29
   177 :  5.6398848e-11 -2.1528922e-11 -1.0813066e-10
   178 :  6.0274727e-01 -5.2032453e-01  2.5612252e-02
   179 :  3.5634102e-10 -4.5891927e-10 -3.5238594e-10
   180 : -6.9523914e-35  6.8755819e-35  8.1981442e-35
   181 : -7.7221589e-07  5.8697697e-08  1.7959862e-06
   182 : -2.2647812e-20  4.1576456e-20 -6.9257186e-20
   183 : -3.1583165e-05  1.3691543e-05 -9.6743828e-06
   184 :  3.8740753e-44  5.6709138e-43 -2.9579840e-43
   185 : -9.0622429e-24  2.3348007e-24  3.1449976e-24
   186 :  1.1928255e-16 -2.2842366e-16  3.9958042e-16
   187 :  1.0948651e-11  6.7543086e-10 -9.4603260e-10
   188 :  2.6821205e-01  5.0727305e-03  4.9829598e-01
   189 : -6.4484165e-10 -8.4469872e-11  1.4409908e-09
   190 : -4.3587785e-12 -4.2255004e-12  3.2330322e-12
   191 :  1.6419375e-40 -1.3507968e-40 -2.1199309e-40
   192 :  8.5685478e-07  6.9180018e-06 -5.3013973e-06
   193 :  1.1445381e-01  1.7338993e-01  7.1394305e-02
   194 :  1.4590696e-01  2.8290606e-02  4.5342697e-01
   195 : -7.0537094e-17 -2.2941624e-17  4.5251785e-17
   196 :  3.2633910e-34 -2.4264129e-34 -4.4814725e-34
   197 : -6.3254033e-34  1.0753715e-33  2.0459615e-34
   198 :  3.7534187e-14 -1.6163432e-14 -2.4409608e-16
   199 : -1.1782800e-02  2.6213877e-02 -1.0178034e-02
   200 :  2.3384209e-30 -5.5369093e-30  1.6353074e-30
   201 : -3.6158014e-07 -6.0327296e-07  1.5344083e-06
   202 : -1.4423789e-16  1.6958969e-17 -5.9741036e-18
   203 :  4.8702020e-37  3.8126094e-37 -4.1034144e-37
   204 :  3.3668338e-17  1.8498583e-16 -2.1127104e-16
   205 :  1.7111181e-07  3.0414264e-06 -1.2439520e-06
   206 : -1.0902354e-36  4.1430713e-37  8.7648507e-38
   207 : -1.4017372e-34  9.1147706e-35 -5.1837806e-35
   208 : -2.3158258e-25  1.9669483e-25  2.0225327e-25
   209 :  2.6550115e-01  2.0566111e-01  9.2221704e-02
   210 :  6.2901565e-18 -7.1095731e-18 -6.0438572e-18
   211 :  1.8399838e-36 -8.6943251e-37  2.2311956e-38
   212 : -1.9450835e-10  4.4634572e-10 -1.2053806e-10
   213 :  3.3507290e-34 -2.2311517e-33  2.4135689e-33
   214 :  4.5804611e-02  2.6123887e-02  1.9861424e-01
   215 : -6.3952209e-02 -2.0248781e-01  1.4428474e-03
   216 : -3.1098325e-12  3.5626005e-11 -1.9337075e-10
   217 :  9.8817165e-44  4.6727742e-43 -2.7470925e-43
   218 :  1.2817079e-27  6.4822858e-27 -9.2619260e-27
   219 : -7.2838784e-08 -6.0062581e-08  1.6803797e-07
   220 :  4.6187157e-23  1.9403642e-23 -8.6416068e-23
   221 :  1.5851838e-29 -4.7359653e-30 -2.8646836e-29
   222 : -5.1200970e-03  2.7516665e-03 -5.7585831e-03
   223 : -6.9498285e-05  2.7213873e-04 -1.2657283e-04
   224 : -2.1479222e-14  6.2327989e-14 -2.4413720e-14
   225 :  8.1718202e-23 -2.1171538e-22  3.7603094e-23
   226 : -3.3851170e-30  1.5980309e-30  1.1649543e-30
   227 : -6.8847367e-17  2.1026864e-17  1.8479731e-17
   228 : -5.2886096e-14  1.1767030e-13  1.7627151e-14
   229 : -5.2128180e-21  2.1846463e-19 -9.6963567e-20
   230 : -9.0309422e-32  2.8781324e-31 -9.7889502e-32
   231 : -1.9614049e-31  1.8756727e-31  2.1765208e-31
   232 : -1.4799154e-41 -9.7267547e-42  1.2001746e-41
   233 :  1.4689298e-29 -3.4825448e-29  8.9504555e-30
   234 :  8.1070199e-02 -4.8567882e-02  5.4886846e-02
   235 :  5.0269003e-06  1.6373478e-05 -3.7423059e-05
   236 : -1.1303623e-27  1.8276904e-27  5.9897246e-28
   237 :  1.1725021e-25 -4.6941617e-25  2.6494454e-25
   238 :  1.5626275e-38  2.1288118e-39 -8.8068901e-39
   239 :  1.2421249e-29  6.1165986e-30 -2.6655787e-29
   240 :  3.6039294e-35 -1.9333385e-36 -7.3438326e-35
   241 : -6.9110594e-08 -9.1482757e-08  2.8568533e-08
   242 :  2.0980491e-08  1.7389155e-08 -5.7362782e-08
   243 : -2.9649959e-03  1.6843975e-03 -1.5705133e-03
   244 : -4.3331186e-05  2.3654754e-05 -4.1551652e-05
   245 :  3.0872798e-28  3.4567027e-29 -5.8940042e-28
   246 :  1.6750909e-09  4.4615207e-10 -8.0510416e-11
   247 : -2.0084038e-03  2.0452048e-03 -2.2109214e-03
   248 :  6.8967740e-43 -9.4043341e-43 -4.6183876e-43
   249 : -8.6626697e-22  2.4501431e-21 -4.7345277e-22
   250 : -9.8400502e-09 -8.5865527e-10  2.1756919e-08
   251 : -9.2911481e-15  1.9207173e-14  8.4308633e-15
   252 : -1.0716885e-30  1.9487020e-30 -1.4123108e-31
   253 :  9.2982589e-38 -1.0649378e-37  1.3037677e-37
   254 :  1.3121793e-02 -8.2468145e-03 -5.2894373e-03
   255 : -5.3386012e-17  6.3944350e-17 -2.6604483e-17
   256 :  1.1470135e-09 -1.9545873e-08  8.2370349e-09
   257 : -3.0981977e-05  8.9335631e-06 -6.0964334e-05
   258 : -1.4045877e-17 -1.7992107e-17  4.9915148e-17
   259 :  8.8900925e-25 -6.9530900e-25  5.6560435e-25
   260 :  1.5009757e-08 -1.0148380e-07  5.4079517e-08
   261 : -1.4025053e-16 -8.8741112e-17  5.3391999e-16
   262 :  2.6899812e-28 -8.6761529e-28  5.3029479e-28
   263 : -5.7828822e-32  6.2238683e-32  6.0730969e-32
   264 : -1.9432816e-15  2.0382599e-15 -2.4505667e-15
   265 : -1.3365313e-07  1.6638694e-07 -3.5830963e-07
   266 :  2.6909845e-21  7.9856318e-21 -4.8444154e-21
   267 : -1.6274404e-19  2.8894129e-19 -6.1730254e-20
   268 :  1.0852325e-32  2.6881151e-32 -6.5424320e-32
   269 : -2.9056509e-04 -3.7941340e-05  9.8379767e-04
   270 : -9.1078825e-19  4.7179278e-18 -2.5841248e-18
   271 : -4.3197665e-07 -3.6012011e-07  1.6171547e-06
   272 :  1.1140228e-18 -1.1782143e-19 -8.5177203e-19
   273 :  4.6000237e-31 -5.1782599e-31 -4.1807267e-31
   274 :  2.6251052e-09  6.7103334e-09 -1.3141067e-08
   275 :  1.9042928e-26  8.3479749e-27 -5.0318723e-26
   276 : -4.0309357e-06 -2.7824351e-06 -1.8210636e-10
   277 :  1.1518431e-28 -8.3846109e-29 -1.5930599e-28
   278 : -4.8538264e-09  4.6248005e-09  4.2560172e-09
   279 :  7.0695595e-15 -1.1449427e-15 -2.7833182e-15
   280 :  3.6756511e-01  1.0256855e-01  1.6754379e-01
   281 :  4.4000992e-15 -7.7570150e-15 -2.1983435e-15
   282 : -1.3004537e-21  7.1852129e-21 -1.4705605e-20
   283 : -4.3872533e-26 -8.1696884e-26  1.6912543e-25
   284 :  6.1194502e-28 -5.1750801e-28  7.7752699e-28
   285 :  3.8011749e-02 -2.2291569e-03 -2.0591465e-02
   286 : -6.7419857e-10  1.7071175e-09  1.1096585e-09
   287 :  3.4145347e-11  4.8630931e-11 -2.9069388e-11
   288 :  1.3768582e-01  1.3667190e-01  8.7040792e-02
   289 : -2.3349792e-12  2.8123421e-12 -4.5459714e-12
   290 :  6.5440894e-02  1.1898975e-01 -5.7645909e-03
   291 : -2.6872998e-15  4.0244782e-15 -5.6804661e-16
   292 :  6.2429208e-05  2.6130862e-04  4.5866490e-05
   293 : -1.7122367e-24  7.8600237e-25  2.7047538e-24
   294 : -5.4265686e-10  1.1374496e-10  1.6715897e-10
   295 :  1.4831493e-36 -5.6301618e-36  2.0101519e-36
   296 :  3.1596135e-07  5.7419429e-06 -9.3536771e-06
   297 :  5.1893707e-14 -2.9739384e-13  2.0809706e-13
   298 :  4.1138764e-14 -4.6616927e-14  7.6578362e-15
   299 : -2.3935960e-39 -1.0170431e-39  5.4631535e-39
   300 :  3.0618903e-06  1.6307646e-06 -1.1406161e-06
   301 : -1.4321312e-15  8.4172921e-16  2.2575360e-16
   302 : -1.1325562e-09  4.4228918e-09 -1.3110541e-09
   303 : -4.9478415e-11  3.4799893e-12  2.0002178e-11
   304 : -3.7259654e-10 -6.6789662e-10  2.0801281e-09
   305 : -1.1934845e-16  7.7028750e-17  1.9454114e-17
   306 : -5.3307404e-05 -8.6727760e-05 -7.5222362e-06
   307 :  8.4182418e-11  9.7095517e-11 -5.1081206e-10
   308 : -2.2459978e-14  3.1999111e-15  1.5085789e-14
   309 :  2.9593751e-39  9.2662577e-38 -4.7086484e-38
   310 : -1.9308530e-13  2.3246491e-12 -2.0710271e-12
   311 : -9.9087186e-10 -8.1807778e-10  2.0600501e-09
   312 : -2.3457127e-35  1.3368662e-34 -2.6437554e-34
   313 :  4.9926745e-25 -1.7202755e-24  5.1679828e-25
   314 : -8.8880497e-38 -8.1639618e-38  2.4827383e-37
   315 : -1.9381101e-29 -8.7905156e-29  5.0760015e-29
   316 :  3.2653276e-04  1.0984008e-04 -1.4887926e-04
   317 : -4.3655448e-40 -7.7541685e-39  8.3626198e-39
   318 :  1.3146220e-06  3.8857865e-07 -1.8451363e-07
   319 : -3.1274945e-07  1.7940507e-07  5.4525681e-07
   320 :  5.9543145e-01 -5.6997844e-01 -3.7901833e-01
   321 : -1.9526135e-04  8.3434723e-05  3.0788216e-04
   322 : -1.1721945e-37  2.7116761e-37 -3.4700131e-38
   323 :  7.3324832e-42 -1.0601226e-41  1.7047768e-42
   324 : -5.0220511e-28  1.6918485e-27 -5.2210045e-28
   325 :  4.8386673e-25 -2.7451649e-24  5.4169487e-24
   326 : -5.9922312e-03 -4.8973873e-04  5.0133193e-03
   327 :  9.5797135e-01 -8.2186922e-01  1.0248879e+00
   328 : -4.5879112e-08  1.4790574e-08  1.1324643e-08
   329 :  7.7144819e-27 -9.3943960e-26  4.2932160e-26
   330 : -2.2844251e-41 -2.9586920e-41  7.4901713e-41
   331 : -2.2265107e-18 -4.2970692e-19  5.3372415e-18
   332 :  1.1087681e-10  1.4956987e-10 -1.2830572e-10
   333 :  1.0964727e-24 -6.5370198e-25  3.2005984e-25
   334 : -4.8581028e-07  2.9010576e-06 -1.5806515e-06
   335 :  3.8268754e-10 -6.8396557e-10 -3.0122452e-10
   336 : -2.6292274e-09  4.1657243e-09  1.9162187e-09
   337 :  1.5703806e-38 -3.6398726e-36  3.8729848e-36
   338 : -9.7999604e-09  2.9650814e-08 -7.5975011e-09
   339 : -6.3789538e-28  5.2378071e-27 -3.5133600e-27
   340 : -2.9145335e-07  6.2215343e-07 -5.5725000e-08
   341 : -3.2033959e-37 -2.9392879e-36  2.1292740e-36
   342 : -8.3573408e-30  3.9539190e-30  1.3599111e-29
   343 : -3.6890639e-15  2.7456560e-15  4.1491928e-16
   344 :  3.0423487e-06 -5.4435323e-06  1.6864586e-06
   345 :  7.3334596e-02 -2.6295431e-02 -1.7066131e-02
   346 : -2.4819430e-29 -2.9380004e-29  2.5451883e-29
   347 :  2.6512486e-06 -1.2863286e-06  1.0371443e-06
   348 : -8.4251097e-16 -5.0539586e-15  2.8006565e-15
   349 :  2.4771293e-16 -1.4849860e-16  8.6691106e-17
   350 :  1.9644858e-06 -7.9410828e-07  1.4058308e-06
   351 :  6.9844154e-23  8.4355025e-23 -7.2131073e-23
   352 :  2.3242786e-06 -7.6811189e-07 -5.6879102e-07
   353 : -7.0596039e-10  3.6857673e-09 -1.1639517e-09
   354 : -3.9646250e-02  7.4239999e-02 -1.5814956e-01
   355 :  8.6776993e-02  1.1945420e-01  1.5256243e-01
   356 :  1.8609069e-36  3.3310009e-36 -7.3018079e-36
   357 :  5.0703211e-06  3.7297385e-06 -1.1295847e-05
   358 : -2.7724223e-17  4.2763133e-17  1.9764569e-17
   359 : -9.2445366e-44  2.0966215e-43 -6.0328184e-44
   360 : -1.3232068e-07  8.8661202e-08 -3.6323717e-07
   361 : -2.5269225e-22  5.5986661e-22 -1.4509582e-22
   362 : -1.2774462e-15  5.1904927e-16  4.3210182e-16
   363 : -2.1361880e-19  1.0117961e-19 -1.0311781e-20
   364 : -8.3640334e-21  2.5519652e-20 -7.7964043e-21
   365 : -6.9103342e-16  3.8146165e-16 -6.5338143e-16
   366 :  3.1324576e-33 -5.0632714e-33 -1.4803684e-33
   367 : -1.2786041e-12 -7.4118473e-13  3.6685174e-12
   368 : -4.0485227e-08  2.1344103e-07 -1.1669726e-07
   369 : -3.5139372e-16  1.7719609e-17  9.3066258e-16
   370 : -2.0058435e-19  5.4235608e-19 -1.3481033e-19
   371 :  2.8236858e-33  8.8875553e-34 -4.5847434e-33
   372 :  2.4494725e-15 -1.8105794e-15 -3.0929281e-15
   373 : -3.6777915e-10 -4.6605506e-10  1.6846253e-09
   374 :  2.8596959e-02 -7.9837182e-03 -1.1845525e-02
   375 : -5.1567689e-24  2.1200454e-24  1.2828383e-24
   376 : -2.2013451e-37 -1.9352861e-36  2.3576054e-36
   377 :  4.7618754e-14  1.1993000e-13 -6.5573111e-14
   378 : -4.8762073e-20 -3.2218678e-19  2.4052962e-19
   379 :  1.6323418e-40 -4.8727324e-40  1.6397849e-40
   380 :  1.8536235e-04  8.9580981e-05 -3.4448326e-05
   381 :  1.3239824e-17  3.0683026e-17 -1.9848183e-17
   382 :  6.8498895e-24 -1.0057962e-23 -4.0214865e-24
   383 :  1.0719626e-05  1.2130091e-05 -5.8129893e-06
   384 : -1.0048045e-22  2.7543971e-23  7.4735015e-23
   385 :  4.0789490e-09 -1.0887168e-08  1.0383892e-09
   386 :  2.4903825e-04 -8.4669209e-05 -7.6430270e-05
   387 : -1.6612624e-26  5.3093866e-28  3.4710812e-26
   388 :  1.7769763e-01  1.5921970e-01 -6.1135990e-03
   389 :  2.3138637e-22  1.3895819e-21 -1.4037772e-21
   390 :  6.7845178e-09 -8.4864560e-09  1.2559867e-09
   391 : -9.6432801e-21  1.5641809e-17 -7.5576279e-18
   392 :  2.0252055e-06  4.8940995e-06  7.1198053e-07
   393 :  6.8189280e-06 -3.9272573e-05  2.6504490e-06
   394 : -6.6753188e-23  2.2660838e-22 -8.1201951e-23
   395 :  5.0238001e-13 -3.7506736e-13  3.3666136e-13
   396 : -5.0649581e-40  1.1297663e-39 -1.8156616e-39
   397 :  2.3032947e-06 -1.0349224e-05  2.0087837e-06
   398 : -6.5499165e-11  3.2072979e-11  9.2546458e-12
   399 : -4.1316618e-06 -8.4955699e-05  2.8601109e-05
   400 :  4.9292252e-11  1.6387011e-12 -4.2414399e-11
   401 : -4.8815506e-10  4.7460487e-10  3.4007662e-10
   402 :  6.2087466e-21 -1.9421763e-21 -1.3280319e-21
   403 :  2.0440272e-20 -1.6166348e-19  1.1510167e-19
   404 : -6.2685814e-35 -9.2836026e-34  1.0208593e-33
   405 : -7.7154034e-13  4.4980095e-13  2.9700566e-13
   406 :  2.1848349e-07 -2.8294466e-07 -1.2935603e-07
   407 : -1.4470321e-05 -1.4336495e-05 -3.9033920e-05
   408 :  1.2815061e-04  2.0159223e-04 -5.0900982e-05
   409 : -4.6023338e-12  2.1357151e-12  1.2345858e-12
   410 : -6.2949906e-02 -2.5839755e-01 -1.6161154e-01
   411 :  2.3755887e-12 -2.8166481e-12 -2.6804679e-12
   412 :  2.8624156e-10 -3.0919139e-10 -6.8351156e-10
   413 :  1.0797976e-36  1.1558315e-36 -3.4046724e-36
   414 :  9.2666002e-02 -5.8251847e-02  1.4358143e-01
   415 :  5.8525442e-11 -8.0672761e-11 -5.9514244e-11
   416 :  2.0924398e-26 -6.4356366e-28 -1.8390309e-26
   417 :  3.4404173e-07 -8.4832807e-07  2.1668770e-06
   418 : -1.3476350e-04 -3.6268631e-06  4.1645652e-04
   419 :  6.9326774e-33 -6.9052137e-33 -1.4556434e-34
   420 : -2.0708192e-30  7.3188448e-30 -3.1184940e-30
   421 : -9.2789361e-28  4.4407276e-27 -2.3544609e-27
   422 : -9.7237881e-16  8.9009731e-16 -1.0787896e-15
   423 : -7.3198445e-13  9.6279010e-12 -6.0999262e-12
   424 :  1.9247445e-22 -4.4291632e-22  1.2243866e-22
   425 :  4.8019163e-27 -2.4314739e-26  8.8999758e-27
   426 :  8.0556361e-19  1.3679414e-18 -9.8918975e-19
   427 : -4.4353740e-21 -1.7156148e-20  3.8290308e-20
   428 : -3.8820644e-21  7.0486555e-21  1.4643807e-21
   429 : -3.2470935e-10 -2.0372388e-10  1.9539436e-10
   430 : -2.8230896e-09  3.1850605e-09  8.9209136e-10
   431 : -1.0453223e-12  1.7794665e-12  6.1522073e-13
   432 :  2.0659949e-15  1.5536794e-15 -4.8318051e-15
   433 : -2.1121399e-35  2.1883933e-35  2.0827649e-35
   434 : -1.5482067e-03  3.0280095e-04  9.1890761e-04
   435 : -2.0821180e-12  8.8476328e-13  4.6681058e-13
   436 : -2.2239089e-23 -9.7478248e-24  6.1875780e-23
   437 :  7.1166639e-08 -9.8793014e-09 -1.3301418e-07
   438 : -1.2121437e-07  5.7778216e-08 -2.9151856e-08
   439 : -3.5226466e-05  1.5595195e-05 -3.4731421e-05
   440 :  7.2580268e-28 -2.8206014e-27  1.0126615e-27
   441 : -4.1241597e-39 -2.4314636e-39  8.5903464e-39
   442 : -2.6840236e-07 -5.5400008e-07  1.7678857e-06
   443 : -1.7528065e-14  3.3079960e-14  7.4596885e-15
   444 :  2.4066971e-07 -1.1754324e-07 -3.9652779e-08
   445 : -2.1982353e-17  8.5142429e-18  5.6783640e-19
   446 :  6.6120996e-02  2.8282055e-02 -2.9557391e-02
   447 :  4.4180732e-18 -7.8832939e-18  1.2865748e-17
   448 :  3.0699047e-12 -5.9093378e-11  7.7149174e-12
   449 :  1.4169777e-35 -2.5580847e-35 -3.3514610e-36
   450 : -3.7157293e-38  4.6489982e-38  2.9583070e-38
   451 : -9.7156025e-03 -9.7081030e-03  6.5989768e-04
   452 :  9.2672539e-02  4.3561870e-02  1.3157445e-01
   453 :  3.1088107e-02  9.9616185e-03 -1.7348469e-02
   454 :  1.5675255e-01  1.6351393e-01  8.3595596e-02
   455 : -1.3914024e-20 -1.8086238e-21  5.6321116e-21
   456 :  6.9676187e-11 -3.0449329e-11  2.5210317e-11
   457 :  1.3738339e-39  3.3906509e-39 -5.7121509e-39
   458 :  3.4655360e-19  5.4036868e-18 -8.4422878e-18
   459 :  7.8037254e-12  5.8137700e-13 -1.7573239e-11
   460 : -3.3863803e-11  4.7316828e-12  3.5441224e-11
   461 : -3.3345395e-18  2.2791575e-18  5.0872825e-18
   462 : -3.4853326e-15  8.1488282e-15 -6.5825790e-16
   463 : -9.4267162e-29 -7.6120754e-28  1.0993926e-27
   464 : -1.7872765e-07 -4.5559637e-07  2.5546940e-07
   465 : -3.3577459e-11  2.4023017e-11 -2.8296004e-11
   466 : -3.9644443e-05 -1.1952800e-05  1.0921208e-05
   467 : -2.7004064e-29 -1.1418614e-29  5.5033987e-29
   468 : -1.0688324e-25  1.9311774e-25 -3.4565311e-26
   469 :  6.0368447e-40 -1.2205870e-39 -5.3469934e-40
   470 :  9.2593101e-37 -1.0907026e-36  7.2406163e-38
   471 : -5.8797867e-23  4.0131715e-23  5.0377588e-24
   472 :  3.7073857e-27 -5.5972028e-27 -2.4858210e-27
   473 : -2.9005511e-09  1.1633744e-09  6.2185739e-09
   474 : -2.0635438e-32  9.7214065e-33  3.1006770e-32
   475 : -4.8147401e-22  4.1380887e-22 -4.4048350e-22
   476 : -9.0643886e-22 -7.8367738e-22  7.5949059e-22
   477 : -3.5188075e-42  1.9571751e-42 -8.3421260e-43
   478 : -1.6610155e-11  2.7749018e-11  1.5078128e-11
   479 : -1.3778218e-41  3.3820899e-41 -6.1447544e-42
   480 :  1.1233573e-03  7.6554581e-04 -2.9026402e-03
   481 : -1.2041326e-20 -1.1660787e-20  4.5507847e-20
   482 : -8.2082221e-31  2.6490223e-30 -8.9406689e-31
   483 : -1.3636530e-04  1.7469496e-05  2.1424583e-04
   484 :  1.8814319e-11 -8.7279171e-12 -4.8012784e-12
   485 :  9.4343985e-12 -7.2837423e-12 -1.1810892e-11
   486 :  9.6956708e-02 -7.2586725e-02  5.7416896e-02
   487 : -1.9755441e-10 -1.5778473e-10  4.1517010e-10
   488 : -2.2616539e-03  5.2529641e-04  1.1941655e-03
   489 : -1.0937694e-32 -3.7815341e-33  2.6216677e-32
   490 :  4.1034972e-28  5.1506292e-29 -2.2547615e-28
   491 :  1.3672349e-29  3.8831030e-29 -2.5824719e-29
   492 :  3.4389353e-09 -3.8237853e-09  4.2739193e-09
   493 :  3.7680132e-06 -9.3371081e-06 -1.3417806e-06
   494 : -3.6842589e-05 -1.4479596e-04 -8.8108277e-05
   495 :  1.9555130e-14 -7.0920138e-14  3.1030947e-14
   496 : -2.7950399e-25  8.1869849e-25 -2.5776193e-25
   497 :  2.8057047e-38  1.6835857e-37 -9.3329904e-38
   498 : -2.1983565e-36  4.0582655e-35 -8.4157839e-35
   499 :  9.4442147e-04 -8.5391831e-04  6.0316101e-04
   500 : -5.7690657e-39  3.7886944e-39  8.2597741e-39
   501 :  5.9125812e-43 -1.3551266e-41  9.9003106e-42
   502 :  7.5509442e-09  1.1703152e-07 -1.7282683e-07
   503 : -1.0070621e-07  2.2725034e-08 -1.9002418e-08
   504 :  8.5016718e-12 -1.6435124e-11  7.7513265e-12
   505 : -1.4726382e-03  1.3318120e-03  1.1686197e-04
   506 :  4.5058389e-28 -5.2115977e-28 -4.4101893e-28
   507 : -8.4930464e-26 -5.9032883e-26  1.8238057e-25
   508 :  1.0172884e-25  5.5653926e-26 -9.4554011e-26
   509 : -4.5946350e-10  9.8463598e-12  3.4239624e-10
   510 : -5.6551201e-26  1.4697911e-25  5.4867249e-25
   511 :  1.6941361e-19 -1.8861924e-19  7.2884990e-19
   512 : -1.0678512e-19 -8.8412512e-19  4.4594134e-19
   513 : -6.8239393e-14 -3.3368620e-14  1.7989392e-13
   514 : -5.0063813e-14 -2.9235921e-13 -2.2989826e-12
   515 :  7.5059733e-06  2.0990386e-06 -1.2919356e-05
   516 :  4.8931924e-26  1.3312647e-25 -8.8668162e-26
   517 :  2.2103726e-06  1.9140808e-06 -3.0507529e-06
   518 :  1.2728200e-13 -1.6169682e-13  1.7709262e-13
   519 : -3.7737730e-18  6.7840452e-18  1.3746259e-18
   520 : -3.0249276e-14 -2.9362554e-14  7.6026891e-14
   521 :  1.0908648e-06 -1.5858007e-07 -1.7046529e-07
   522 : -1.5270436e-01 -4.9297981e-02 -2.0239803e-01
   523 :  9.5997136e-05 -1.9513723e-05 -2.6692349e-05
   524 : -8.2844127e-14  5.7805835e-14  8.0525768e-15
   525 :  1.0810752e-11 -4.6490891e-12 -4.2072062e-13
   526 : -1.1396349e-19 -4.2473805e-20  1.7010227e-19
   527 : -7.6484337e-33  3.6514374e-33  6.7667637e-33
   528 :  3.4401253e-02  2.0757997e-01  1.6349313e-01
   529 : -2.0127970e-09  1.4003355e-09  3.8341383e-09
   530 : -1.4453211e-04  1.9332474e-04 -1.2584580e-04
   531 :  7.3597396e-09  1.9984742e-08 -7.6147141e-09
   532 : -4.3201361e-19  3.6439418e-18 -2.6503115e-18
   533 :  2.6303732e-43 -2.6825943e-43  2.8526924e-43
   534 : -6.8005126e-44 -2.5802454e-43  5.9196791e-43
   535 :  1.9592734e-31 -8.5496550e-31  3.4759779e-31
   536 : -3.8407472e-05  7.7504106e-06  4.7280098e-06
   537 : -2.0800914e-08  1.0642558e-09  1.4429459e-08
   538 : -1.1216061e-10  3.3910748e-11  5.0045168e-11
   539 : -1.5289836e-32  5.4269702e-32 -2.0615753e-32
   540 : -4.6657413e-29  9.2129898e-28 -7.2819693e-28
   541 :  1.0991209e-26  5.0065266e-26 -7.9689055e-26
   542 :  6.7555371e-15  2.8082784e-14 -1.8606813e-14
   543 : -1.2580445e-34 -1.0713806e-34 -6.9654459e-35
   544 : -7.9141161e-14  1.8626715e-13 -4.0272000e-14
   545 :  1.2655608e-23  2.4227086e-24 -2.9462665e-23
   546 : -3.7900295e-04 -1.8172863e-04  4.8598482e-04
   547 :  3.0462370e-30 -7.9816416e-30  1.8560103e-30
   548 :  1.0090574e-05  4.3333847e-06 -2.8165841e-05
   549 : -1.8634074e-25 -1.8169431e-25  5.9075517e-25
   550 :  5.9752431e-11 -1.8336846e-09  4.3456491e-10
   551 :  1.1999710e-05 -1.0172565e-06 -3.2076553e-05
   552 :  1.6562449e-07 -2.6680212e-07 -5.4681793e-08
   553 : -1.3169493e-08  2.0041703e-09  9.2537386e-09
   554 :  1.2964379e-24 -5.3145931e-24  1.8787106e-24
   555 : -8.3042777e-15  3.4875250e-14 -9.6269161e-15
   556 :  2.7139884e-26  3.0100095e-26 -2.6653012e-26
   557 :  1.8942735e-01  1.6076845e-01  1.1504622e-01
   558 : -5.0384493e-09 -5.1843239e-09  1.5868117e-08
   559 :  8.5742908e-07 -2.0481777e-07 -5.1783002e-07
   560 : -6.4080363e-10 -1.6493226e-09  3.1568120e-10
   561 :  4.3681020e-02  1.4025875e-01  2.5055923e-02
   562 :  3.9246326e-20  5.0502122e-20 -4.2233373e-20
   563 :  9.1124271e-38 -3.2922675e-38 -2.2378670e-38
   564 : -5.7603737e-06 -1.6623034e-05 -2.2180027e-05
   565 :  5.9415424e-04 -2.4109799e-04  3.9954690e-04
   566 :  9.8478600e-29 -1.0063482e-27  1.2582051e-27
   567 : -4.2487176e-15 -2.7368037e-15  1.1367685e-14
   568 : -8.8506954e-07  7.2747257e-07 -3.1426686e-06
   569 : -2.0917841e-05 -3.8605548e-06  8.6049700e-06
   570 :  8.3396794e-24 -1.5465709e-23 -3.2658333e-24
   571 : -3.5338354e-16 -1.7532004e-15  9.1125282e-16
   572 :  1.6703766e-41 -2.5363782e-40  1.1692740e-40
   573 :  7.4808820e-11  5.1973865e-11 -2.1963797e-10
   574 : -9.4979209e-10 -3.0995987e-09  8.1191303e-09
   575 :  1.8114784e-01  1.3373742e-01  4.4306222e-02
   576 : -9.5105039e-13 -1.3016677e-12  5.0965297e-12
   577 :  9.9637245e-02  1.5774306e-01  6.8203269e-02
   578 : -9.9857925e-45  1.0239973e-44  2.2585944e-45
   579 : -5.4218934e-03 -2.3068412e-03  8.0139483e-04
   580 :  1.3936947e-01  1.3562273e-01  2.7244558e-02
   581 : -1.2921659e-24  4.8208829e-24 -1.8030717e-24
   582 :  1.0803603e-41 -4.6448014e-41  1.7208973e-41
   583 :  2.5728881e-22 -8.7180705e-22  3.2140656e-22
   584 : -3.1849497e-34  5.2226386e-34  1.2011602e-34
   585 :  2.3411292e-06 -5.6811676e-05  1.8125625e-05
   586 :  1.4216880e-28 -2.4876391e-28 -4.4939420e-29
   587 : -1.0973467e-20 -1.5337557e-20  3.6496077e-20
   588 :  1.6240280e-27 -1.6906819e-27  2.9464454e-29
   589 : -2.1556143e-06  1.2615906e-06  3.5548112e-06
   590 : -9.7399269e-07  8.4154272e-07  3.0369408e-06
   591 :  3.3820579e-38 -4.9226207e-38 -1.8883944e-38
   592 :  1.8055476e-24  8.3612769e-25 -3.4875532e-24
   593 :  6.8345999e-18 -8.8059031e-19 -4.5821894e-18
   594 :  1.9645138e-20 -1.1940494e-20 -3.5597252e-21
   595 : -7.3408583e-11  6.1923819e-12  5.9615648e-11
   596 : -8.4480125e-12  2.6137223e-11 -4.1863042e-12
   597 :  1.5997350e-16  1.8352802e-16 -4.5888693e-16
   598 : -3.9877909e-20 -2.1996971e-19  1.2541190e-19
   599 : -1.2260728e-02  2.1314108e-03 -9.0503600e-03
   600 : -5.6440008e-13 -1.1953899e-14  1.2779198e-12
   601 :  5.0437914e-03 -1.4482949e-03 -1.1131351e-02
   602 : -1.3383056e-29 -8.2305755e-29  4.4762974e-29
   603 : -6.3084240e-33 -2.1842904e-32  1.3296920e-32
   604 : -3.1735378e-23  6.0237953e-23 -9.0322676e-23
   605 : -8.6652146e-18  1.2090680e-17  7.3432677e-18
   606 :  3.2263393e-02 -1.8928135e-01 -5.1697233e-02
   607 : -6.1946785e-13  8.6132312e-13  5.4157028e-13
   608 :  1.4486100e-26  1.3713480e-26 -1.2719605e-26
   609 :  6.8267548e-23 -5.4432320e-23 -2.5706271e-23
   610 :  1.6957968e-32  6.4020332e-32 -1.4727690e-31
   611 :  2.6368097e-03 -1.1854318e-03 -2.8886212e-03
   612 :  4.4221310e-13 -6.0090750e-13 -4.5988554e-13
   613 :  1.5130812e-16  4.9538163e-17 -3.8490237e-16
   614 : -7.1419794e-07  8.6468955e-07  5.8068775e-07
   615 : -7.2949102e-15 -7.6552369e-16  1.6004246e-14
   616 : -1.1146740e-34  2.0758181e-34  1.7900430e-35
   617 : -1.3775693e-16 -4.9265011e-19  5.7965088e-17
   618 : -1.7642810e-20 -6.7399982e-21  1.1876999e-20
   619 : -1.4741248e-26  1.5288471e-26  1.4458976e-26
   620 : -1.6794388e-18  1.6593147e-18 -2.0804809e-18
   621 :  1.6341447e-13 -1.6602387e-13 -2.1633484e-13
   622 : -2.2712965e-04  5.3603232e-04  4.3546749e-04
   623 : -2.6422973e-08 -7.1636912e-09  4.4766598e-08
   624 :  1.1296107e-15  1.2185093e-14 -4.7963131e-15
   625 : -1.8043265e-15  1.3661145e-14 -5.8674089e-15
   626 : -1.2345610e-44  4.8161826e-44 -1.8293263e-44
   627 : -3.0738168e-29  1.7530793e-28 -1.1428860e-28
   628 :  1.1733262e-20 -2.0422436e-20  4.1952007e-21
   629 :  1.5766487e-08 -4.2446987e-08  5.3953434e-09
   630 : -1.4200027e-05  6.1141628e-06  8.7276739e-06
   631 :  2.8645210e-17 -1.1697556e-16  2.8645675e-17
   632 : -6.6691974e-35  2.6544875e-34 -1.3229554e-34
   633 : -1.1692387e-09  8.1944889e-09 -2.4872321e-09
   634 :  5.8306146e-12 -6.5056916e-13  3.6080147e-13
   635 : -1.3640365e-07 -9.6762329e-09  2.2345473e-08
   636 :  9.0375057e-07  4.4415795e-07 -5.4060429e-07
   637 : -3.2359631e-05  1.8873760e-05 -4.1335722e-05
   638 :  2.6164602e-04  4.0818077e-04 -1.6266307e-04
   639 :  1.2707030e-06  7.3278919e-07 -3.0305994e-07
   640 :  1.3271600e-01  1.9233047e-01  1.2862010e-02
   641 :  3.3623653e-26 -6.7908593e-26 -7.4374817e-28
   642 : -1.9085571e-09  1.7518422e-09  2.4160511e-09
   643 :  9.3540942e-08  5.3063941e-08 -2.0427715e-07
   644 : -1.6377383e-08  2.9181998e-08 -1.5954861e-08
   645 : -1.4145735e-12  5.0018367e-12 -5.1259178e-13
   646 : -3.3757276e-14 -9.3010872e-14  1.5429505e-13
   647 :  2.4207300e-02  4.8839690e-05  1.5882881e-01
   648 :  8.2606084e-14 -2.2114633e-13  4.6290741e-14
   649 :  1.7642900e-06 -1.1960300e-05  2.9910153e-06
   650 : -2.0279891e-15  3.5533568e-15 -5.7420952e-15
   651 :  5.3676401e-04  1.2066840e-03 -3.6734021e-03
   652 : -4.9403155e-14 -4.5761939e-13  2.9326256e-13
   653 : -5.4814914e-05 -6.6069118e-05  2.6064849e-05
   654 :  2.2716448e-22  2.0947486e-24 -2.0096395e-22
   655 :  1.0237043e-13  5.1664739e-14 -2.4121640e-13
   656 : -6.7399589e-03 -9.9961639e-03  5.9971008e-03
   657 : -3.0070587e-06  7.5120571e-06  5.2339171e-07
   658 : -3.0025927e-13  3.4690489e-13 -6.7129927e-13
   659 : -1.3883216e-12 -3.5810302e-11  1.8193120e-11
   660 : -7.2871811e-06 -1.6211778e-04  4.8067405e-04
   661 :  1.3482996e-01  1.9058908e-01  1.2960070e-01
   662 :  2.9433405e-21 -3.2155892e-22 -3.5509778e-21
   663 :  1.9615244e-06  4.1400377e-06 -9.5686055e-06
   664 :  2.1244984e-04 -1.7727366e-04  7.7034913e-04
   665 :  3.7730568e-04 -4.6245625e-05 -8.5931399e-05
   666 :  7.2243716e-35 -5.1882953e-35 -9.5914716e-35
   667 :  4.8333893e-24 -2.7433073e-24  1.7538052e-24
   668 : -2.4474044e-08 -7.2487126e-08  5.0187803e-08
   669 :  8.6303134e-44  7.4738360e-44 -2.4695534e-43
   670 : -1.5422711e-05  2.6032423e-06  5.2150281e-06
   671 :  1.6371440e-01  1.3878915e-01  2.4215252e-01
   672 :  6.9688112e-06  2.3556120e-08 -2.5421034e-05
   673 : -9.9788266e-19 -1.4848067e-20  2.0755183e-18
   674 :  8.1174083e-16 -7.1245398e-16 -1.0130937e-15
   675 :  6.6449219e-17 -4.1982339e-17  3.0514215e-17
   676 : -8.5196931e-13  6.5109221e-12 -1.7282091e-12
   677 :  6.2341945e-13 -2.3090913e-13 -2.1211588e-13
   678 :  1.1104979e-06  8.5355776e-07 -2.9858731e-06
   679 :  1.4256717e-10 -3.8394384e-10 -5.8898287e-11
   680 : -1.2611277e-10 -7.0100031e-10  4.0083992e-10
   681 : -1.2225013e-24  8.3967044e-25 -6.2222453e-25
   682 : -1.8937979e-25  1.1922717e-25 -1.4839555e-25
   683 :  1.4897358e-22 -1.5461843e-22 -1.8431440e-22
   684 : -7.6855014e-29  3.5349680e-29  3.5300619e-29
   685 : -7.1736260e-12  3.3352213e-11  5.7961578e-12
   686 : -4.3675747e-16  1.2979821e-16  1.1350582e-16
   687 : -1.3417816e-28  2.9375807e-28 -5.2318560e-28
   688 : -2.4400443e-17  3.6811706e-17  1.3666466e-17
   689 : -3.4431538e-03 -3.9356314e-04  1.6944317e-03
   690 : -3.4128775e-12  9.9730706e-13  9.7878119e-13
   691 :  4.9057375e-12 -1.9918323e-13  7.3413220e-12
   692 : -3.9817946e-13  6.5210876e-13 -5.3660942e-13
   693 : -2.7982743e-43  4.0140255e-43  1.8514028e-43
   694 :  3.0564760e-30  9.9070574e-30 -1.8042670e-29
   695 :  1.2859902e-04 -1.5087745e-05  5.2794964e-04
   696 :  1.0461275e-07 -3.7319161e-08 -2.4677221e-07
   697 :  1.1822567e-12 -8.7943928e-13 -2.0493645e-12
   698 :  1.9093849e-04  5.8396983e-04 -1.2702539e-04
   699 :  3.2084572e-20 -1.9861248e-19  3.7406102e-19
   700 : -3.1070351e-36 -4.1194046e-36  1.1407021e-35
   701 :  6.0116264e-34 -1.8152425e-33  6.0508445e-34
   702 : -4.1448841e-24  8.0699191e-24  6.9297226e-25
   703 :  1.9406417e-01  1.9712237e-01  1.3779397e-01
   704 :  1.9901554e-13 -1.5683455e-14 -1.7742134e-13
   705 :  3.1449749e-28 -1.4410660e-27  5.7549140e-28
   706 :  2.5275438e-01 -1.5663498e-03  2.4581659e-01
   707 : -1.3156299e-07 -1.6982868e-07  1.3261965e-07
   708 :  7.7645569e-09 -9.6703657e-10 -2.7612669e-09
   709 : -6.7610925e-16  1.1866417e-15 -2.0386708e-15
   710 : -1.0509862e-19  5.5307463e-21  1.1423617e-19
   711 :  2.5348541e-14 -9.7367216e-15  4.9716724e-15
   712 :  7.2871848e-07  1.3156800e-06 -4.3887872e-07
   713 :  8.5912735e-14  3.6857090e-13 -9.2480743e-13
   714 :  5.1903492e-02  1.5741899e-01  4.3692892e-03
   715 :  2.3383557e-11 -6.1038380e-12 -5.8030840e-12
   716 :  2.3164575e-31 -3.0927529e-30  6.1245839e-30
   717 : -2.0329978e-09  1.0420575e-08  1.3124140e-08
   718 : -2.4866525e-14 -1.4980081e-14  5.6936554e-14
   719 : -4.6733277e-08 -7.0127410e-08  5.0048593e-08
   720 :  1.3532602e-01  1.7670519e-01  2.4626269e-01
   721 :  7.0812304e-05  3.0596871e-07  9.6879614e-05
   722 : -2.0928305e-26 -2.0668921e-26  1.8012803e-26
   723 :  2.9864411e-25 -1.0984612e-24  5.3513473e-25
   724 : -1.5195139e-25 -2.3728636e-25  2.0749130e-25
   725 : -3.2734937e-07  3.3464245e-06  2.7451548e-06
   726 : -2.7759698e-17  4.6158312e-18  1.0410819e-17
   727 :  4.6348769e-06 -1.0147480e-06  3.2796077e-06
   728 :  9.4165188e-10  1.6992062e-08  1.1758426e-08
   729 : -1.9371296e-11  6.0575861e-11 -4.6003936e-13
   730 : -9.9458924e-13  5.6631059e-13 -9.8288047e-13
   731 :  1.8124972e-24 -4.7555487e-24  1.4659412e-24
   732 :  1.6239847e-21 -2.7868097e-22 -2.1473500e-22
   733 : -4.0566723e-13 -5.2996561e-13  2.4186269e-13
   734 :  1.6695217e-03 -3.9121059e-03 -9.5312543e-03
   735 : -2.8232398e-13 -6.4019499e-13  2.2596340e-13
   736 : -7.7881934e-04 -1.6685555e-03  9.8651498e-05
   737 :  8.3372567e-17  9.3734493e-17 -3.1986556e-16
   738 :  2.7102413e-07 -2.2403555e-07  2.2235190e-07
   739 :  1.5117093e-01  1.0452398e-01  1.7484181e-01
   740 : -6.5387557e-12  2.4305964e-11 -5.1498892e-12
   741 : -1.3652498e-05  1.2792497e-04 -4.7644549e-05
   742 :  5.4148942e-14  1.4199123e-13 -2.8717369e-13
   743 : -2.5485436e-12 -2.5192220e-12  1.1411227e-11
   744 : -1.0386138e-01  1.0298420e-01 -2.9019156e-02
   745 : -2.8265236e-27 -7.4713469e-27  1.5213379e-26
   746 :  6.3540949e-22 -8.9920984e-22 -5.9262785e-22
   747 :  6.6751285e-17  1.1017784e-16 -2.6345113e-16
   748 : -2.6250898e-12 -2.9630363e-12  1.2970850e-11
   749 :  3.5042644e-08 -6.6846930e-08  2.8490184e-08
   750 :  1.1148254e-29  2.4452338e-28 -3.1125339e-28
   751 : -1.3114836e-01 -2.1297843e-01 -2.1349833e-01
   752 :  1.8598196e-13  2.5211220e-14 -4.7470033e-13
   753 :  1.1709961e-08 -2.0560790e-08  1.0333222e-08
   754 :  3.6202621e-22  4.7332775e-23 -8.0949214e-22
   755 :  1.4681040e-01 -6.9813696e-02  8.5658315e-02
   756 :  5.5926627e-16  5.2096388e-16 -1.8385709e-15
   757 : -7.8683473e-41  1.9126712e-41  2.8898837e-41
   758 : -7.8595621e-03 -1.2659774e-02  6.0516302e-03
   759 : -1.6928790e-12  1.1586120e-12 -1.4923601e-12
   760 : -8.4818508e-19  2.0855770e-18 -2.5732411e-19
   761 :  6.0103752e-13 -5.1714096e-12  8.0411125e-13
   762 : -4.8280741e-03  2.5824531e-03  1.1068741e-04
   763 : -3.2471468e-31  1.0091387e-30 -3.3918842e-31
   764 : -2.9060335e-32 -8.8468126e-32  5.8103658e-32
   765 : -1.0254388e-02 -1.5111884e-01 -2.2473392e-01
   766 : -1.1764265e-15  2.5538700e-15  1.3667767e-16
   767 :  4.9783091e-04  1.4334214e-03 -2.4315338e-03
   768 : -7.2271170e-28 -1.8255289e-27  4.5816919e-27
   769 :  1.1740378e-01  6.0480657e-02 -8.1305501e-02
   770 :  2.7418446e-11 -1.6988993e-11  5.6675342e-12
   771 : -7.6169161e-08  1.3745841e-07 -5.1813040e-08
   772 : -2.7600698e-05  1.8198618e-05 -3.2701677e-05
   773 :  5.3855182e-15 -1.0597080e-15 -1.0295611e-14
   774 : -3.7693215e-01 -1.3520491e-01 -1.6937769e-01
   775 : -3.1887213e-02  2.7502255e-02  9.9309970e-02
   776 : -1.2139203e-13  2.0373175e-13  3.7796362e-14
   777 :  5.3328097e-13 -3.6623143e-12 -3.8332549e-12
   778 : -2.1309802e-12  8.3844049e-12 -1.7802304e-12
   779 : -7.7531383e-24 -2.4454143e-23  1.5660192e-23
   780 :  1.6381589e-04  3.6337096e-04  9.6683971e-05
   781 : -3.0021021e-27  2.8505462e-27 -3.0683966e-27
   782 :  1.6684103e-41  1.1287350e-41 -3.7068569e-41
   783 : -8.2509641e-13 -1.0626102e-12  6.1114823e-12
   784 : -1.6690908e-13 -1.2839210e-12  6.4328736e-13
   785 :  2.5294075e-27 -5.9852698e-27  8.5758295e-28
   786 : -1.6574179e-01 -3.5399179e-02 -4.2190344e-01
   787 :  9.0965844e-02 -7.4373557e-02 -1.6040827e-01
   788 : -1.8080806e-26  1.6603657e-26 -1.9577158e-26
   789 :  1.0831720e-24 -1.2100626e-25 -1.2551885e-24
   790 :  4.3606982e-10 -6.7174760e-10 -1.0787731e-09
   791 : -5.8833008e-09  9.7259134e-09 -1.0755901e-09
   792 : -2.7395851e-05  1.0505813e-05  5.0321988e-06
   793 : -6.6502459e-06  1.8791273e-06  6.0900320e-06
   794 : -1.4584435e-12  2.6400103e-12  1.3827944e-11
   795 : -3.1657454e-05 -7.3291614e-05  3.3417363e-05
   796 :  7.2931032e-07 -1.2125817e-06  2.3547560e-06
   797 :  1.1016932e-27  9.7045893e-28 -1.5434102e-27
   798 : -1.1383164e-09 -4.6294771e-11 -1.5413751e-09
   799 :  1.2381480e-15 -1.8297550e-15 -1.0705037e-15
   800 :  6.1365841e-02 -2.2277758e-02 -9.5794871e-02
   801 :  6.3439824e-25  5.9961220e-26 -1.3030522e-24
   802 :  2.6127348e-13 -8.1163638e-13 -3.2718919e-13
   803 :  5.3064807e-19  7.1975027e-19 -5.4893615e-19
   804 : -1.4665803e-02 -2.2330944e-01 -9.7789221e-02
   805 :  6.1232056e-13 -3.4428834e-12  4.3331115e-13
   806 :  1.8077447e-23 -7.7146080e-24  1.8668714e-24
   807 :  3.6366806e-27  5.7191987e-27 -4.3487293e-27
   808 : -1.4612336e-01 -5.5659525e-02 -2.1115394e-01
   809 : -1.1442646e-17  1.2981050e-17  1.3740065e-17
   810 :  3.2442961e-26 -1.9078569e-26  8.1641326e-27
   811 :  2.1248572e-42  2.9400752e-43 -3.1720209e-42
   812 : -5.2315285e-15 -9.3964085e-15  3.0478356e-14
   813 :  6.7300751e-13 -2.1123857e-12  1.0224354e-13
   814 :  1.7369785e-38  2.0457077e-39 -2.1477791e-38
   815 : -6.5930577e-44  4.8889127e-43  1.9887395e-43
   816 : -5.7821734e-36  1.0009445e-36  2.3743514e-36
   817 : -1.1024061e-37 -1.0919787e-37  3.3094464e-37
   818 :  1.7839310e-40 -8.6049114e-40  4.9445053e-40
   819 : -2.1077708e-13  2.0941664e-13 -2.1761744e-13
   820 : -8.8144942e-40  2.4161506e-39 -5.0409123e-40
   821 :  2.2078778e-06  1.0403161e-05 -5.6478908e-06
   822 : -4.3323931e-11 -6.8963432e-11  1.7556929e-10
   823 : -2.8125267e-20  6.5568035e-20 -7.6042019e-21
   824 :  5.1196559e-20 -3.6802051e-20 -7.4898066e-20
   825 : -5.3527359e-31 -2.0044237e-31  1.2836253e-30
   826 :  9.3188447e-08 -2.6514060e-07  1.2612306e-07
   827 :  1.4208821e-22  7.0277077e-23 -1.0502745e-22
   828 :  2.4199959e-17 -4.8212440e-17  5.3885044e-18
   829 : -4.2615553e-10 -4.7411839e-10  3.6870033e-10
   830 :  1.0997733e-03  1.5352216e-01 -6.7569540e-02
   831 :  6.0692110e-02 -6.3601930e-02  1.7358836e-01
   832 : -6.0790357e-14  9.6089269e-14  3.8730259e-14
   833 :  4.2969707e-02  6.8488121e-02 -4.5442516e-02
   834 :  2.6829720e-36 -2.6055069e-36  2.5951902e-36
   835 : -3.7898845e-42  5.9908188e-41 -1.1861126e-40
   836 : -2.1043392e-12  1.4968799e-11 -5.9710767e-12
   837 :  8.8812839e-25 -3.6595152e-24  7.3623908e-24
   838 : -1.3672106e-09 -3.2721204e-09  1.4501822e-08
   839 :  3.2030061e-18  1.4078366e-19 -6.6188980e-18
   840 :  7.7881694e-23  2.0726422e-23 -1.2326926e-22
   841 : -3.7410230e-20  1.3152967e-20  1.0851540e-20
   842 :  1.1067940e-16 -8.0515562e-16  3.2342246e-16
   843 :  1.5942346e-22 -4.6702611e-22  1.4010533e-22
   844 : -1.6330390e-14 -2.1623987e-14  6.1404605e-14
   845 :  1.7512843e-30  5.3089163e-31 -2.3992301e-30
   846 : -8.8902107e-12  1.0968839e-11 -2.1427771e-12
   847 : -7.0169013e-16  8.0464234e-16 -9.6002855e-16
   848 :  1.2049379e-45 -7.4002794e-45  3.0824227e-45
   849 :  2.2717372e-19 -8.4536155e-19 -1.8073980e-19
   850 : -1.5130849e-17  1.5799641e-17 -2.2279547e-17
   851 : -1.7041832e-19  6.7213125e-19 -3.1007727e-19
   852 : -2.9946648e-33  1.3962108e-32 -5.7824215e-33
   853 : -1.2998087e-07  1.0186205e-07 -8.5521923e-08
   854 : -1.2682402e-46 -6.4571849e-46  1.2435794e-45
   855 :  2.5878479e-06 -6.2015474e-07 -9.5390157e-07
   856 :  1.1129009e-08 -6.3253993e-09  7.4599523e-09
   857 :  4.5694390e-06 -5.4892678e-07  3.5625373e-06
   858 : -1.1024518e-09 -6.9836573e-11  3.7797441e-10
   859 :  2.3780892e-33  1.6758135e-32 -2.1903032e-32
   860 :  7.2848896e-11  6.0232487e-11 -3.5592428e-11
   861 : -4.2554561e-11  4.4352093e-11 -6.0199655e-11
   862 : -1.8572481e-11  3.3094634e-12  1.1730086e-11
   863 :  4.9801353e-09  2.0777302e-08 -1.6017939e-08
   864 : -2.0036535e-07  1.2038354e-07 -3.6980089e-07
   865 :  3.7467912e-05  1.8712576e-05 -8.5674926e-05
   866 :  4.0430892e-01  1.9360161e-01  2.0760340e-01
   867 : -1.3734475e-04  5.8876079e-04  2.4949762e-05
   868 :  6.3450201e-14  7.5337776e-15 -1.6389198e-13
   869 : -2.4704552e-14 -2.8717734e-14  2.2000133e-14
   870 : -3.1770249e-15  8.5832301e-15 -2.4657956e-15
   871 : -3.3391047e-07 -4.2268750e-07  1.0141820e-06
   872 :  8.0327083e-07 -4.1073385e-07 -2.1143165e-07
   873 :  3.9744450e-02  1.3161393e-01  1.6287190e-01
   874 :  1.5731187e-01  1.3794321e-01  3.2930952e-02
   875 : -9.3597189e-21  6.5428717e-21 -4.5530202e-21
   876 : -7.4927518e-20  1.8149966e-19 -1.6208703e-20
   877 : -8.7094399e-39  1.2827835e-38 -1.7003407e-38
   878 : -6.8638605e-36  1.5180234e-35 -3.0784839e-36
   879 :  1.8548269e-22 -2.7099698e-22  3.6637572e-22
   880 :  1.7199687e-20 -2.7953977e-20  5.0969949e-21
   881 :  3.3069061e-38 -8.7639636e-39 -1.5497759e-38
   882 : -3.3481790e-36  2.2828827e-36  4.4577425e-36
   883 : -8.0513293e-23  4.3605654e-23 -9.0008727e-24
   884 : -1.8661047e-22  2.4798529e-21 -1.0538311e-21
   885 : -2.7201315e-10  3.6319036e-10  2.5601362e-10
   886 :  5.1295970e-11 -4.8909279e-12 -3.5427497e-11
   887 :  1.9708838e-10  1.1193911e-10 -3.7852889e-10
   888 : -8.2265585e-10 -1.3891819e-09  5.3237050e-10
   889 :  2.8982760e-04 -4.0587783e-03  1.2389072e-03
   890 :  6.8472985e-04 -5.7420204e-05  6.0192906e-04
   891 : -6.2244729e-21  7.4436197e-21 -8.9053055e-21
   892 : -3.5238139e-19  1.0707487e-18 -3.4977450e-19
   893 :  3.6233753e-11 -1.1479107e-11 -1.1932030e-11
   894 : -1.0239584e-10  7.3996235e-11  1.8057873e-10
   895 : -8.2549804e-04 -1.1427601e-03  1.1422324e-03
   896 :  4.6201671e-04 -2.2174061e-04  1.3947007e-04
   897 : -1.0424107e-22  4.0531387e-23  1.7858806e-23
   898 :  1.0581472e-21  5.6149651e-22 -2.7306784e-21
   899 : -2.5810230e-04  4.3759947e-04  5.1705800e-04
   900 :  4.3004334e-04 -6.2773646e-05 -1.7010281e-04
   901 :  1.3535445e-13 -3.3286908e-14 -7.1251049e-14
   902 : -6.9150573e-13 -2.4784809e-12  1.9146568e-12
   903 : -4.6041478e-07  1.4029438e-06 -2.1322070e-07
   904 : -4.9228268e-08  7.5094841e-08 -1.9966943e-07
   905 : -2.0833835e-07 -3.4149098e-07  1.0124729e-07
   906 : -3.1772467e-05  7.1387439e-05 -7.0411866e-05
   907 : -2.8606182e-05  1.3366434e-05 -2.7854538e-06
   908 : -6.0274332e-09  3.0777734e-09  4.2625608e-10
   909 : -2.4418255e-09  1.1391172e-07 -5.3585107e-08
   910 : -3.5154305e-09 -6.4773699e-08  3.6855604e-08
   911 :  1.3800050e-08 -3.6732838e-09 -4.5066947e-10
