Number of elements 912
     0 :  1.8421379e-15  2.3899763e-16 -4.7507402e-15
     1 : -8.3358495e-09  1.9941585e-08 -1.2911615e-09
     2 : -3.4743861e-01  1.7442458e-02 -2.3099997e-01
     3 :  3.3408672e-11 -3.5969883e-11 -4.0403329e-11
     4 : -9.7548490e-03 -1.4800890e-02 -1.6027551e-03
     5 : -1.2750165e-01 -3.4741273e-02 -1.5728606e-01
     6 : -2.5085085e-24 -7.1399377e-24  1.2566293e-23
     7 :  1.8584337e-08 -9.3423046e-08  4.6832145e-08
     8 :  2.7752519e-07  5.2983417e-08 -1.9361895e-07
     9 :  3.4098581e-22  1.0580591e-21 -1.7432671e-21
    10 :  4.1463448e-08  2.9037951e-07 -5.1359090e-07
    11 :  1.8185430e-25 -1.6035793e-24  1.1239519e-24
    12 : -1.6013404e-01 -1.6780191e-01 -2.5232831e-01
    13 : -1.2032080e-05  1.9470065e-05 -3.0773523e-05
    14 : -3.9006244e-12  5.2082255e-13  2.8227735e-12
    15 :  5.1946825e-06 -7.9707984e-06  9.6669470e-07
    16 : -1.0841540e-25  2.9178013e-26  2.1148668e-25
    17 :  8.6430417e-18 -4.0976928e-18 -2.0075230e-17
    18 : -3.9162589e-07  1.5344792e-06 -1.0666466e-07
    19 : -4.5230540e-30  3.7745324e-30  4.5015213e-30
    20 : -1.1046571e-17  3.0395106e-17 -9.8215042e-18
    21 : -1.1394543e-04 -7.1000801e-05  2.6127571e-04
    22 : -5.9253273e-05 -5.4329795e-05  2.2211320e-05
    23 : -7.6478729e-28  5.7156146e-28 -2.2228939e-28
    24 :  1.7775271e-08 -5.0236169e-08 -3.7114696e-09
    25 :  3.0387562e-29 -5.9453232e-29  1.2384045e-29
    26 :  3.0118540e-08  8.4626866e-09  8.1662201e-10
    27 :  4.5507794e-05 -6.4982196e-05 -4.0711063e-05
    28 : -2.5842601e-05 -6.8709616e-06  6.0387817e-06
    29 : -2.0298854e-09 -5.8653296e-09  1.0666168e-08
    30 : -3.5463244e-07  8.3857733e-07  4.4971909e-08
    31 : -8.8930575e-12  4.3664122e-11 -1.8578420e-11
    32 :  7.2470097e-24 -1.7290581e-24 -6.7296161e-24
    33 :  2.1911619e-04 -2.7378296e-04  2.5529716e-04
    34 :  2.3730485e-31 -6.2507927e-31  8.4861964e-32
    35 :  2.7877432e-11  3.3668398e-11 -1.3071050e-10
    36 : -7.2227704e-02 -1.7289588e-02 -8.5276115e-03
    37 : -3.7871463e-03 -3.8995902e-03  2.6386859e-03
    38 : -5.2198843e-05  1.2448408e-04 -3.4291182e-05
    39 : -2.4492049e-09  6.1976936e-09 -2.1502498e-09
    40 :  4.8061231e-10 -4.9231614e-09  1.1871911e-09
    41 :  2.5252556e-05 -5.6051616e-05  7.8124962e-07
    42 :  2.2819478e-29 -8.6089358e-29  5.5284660e-29
    43 :  2.7678764e-16 -4.2831607e-16 -2.0109575e-16
    44 :  6.5388023e-04  1.5593627e-03 -2.3494965e-03
    45 : -9.5022067e-13  1.2098744e-13  7.5705142e-13
    46 :  7.2346317e-14  5.2544224e-14 -1.0146486e-13
    47 : -9.0549252e-23  4.6259963e-23 -2.1087748e-23
    48 : -9.6322180e-26 -7.4838630e-25  2.7053804e-25
    49 :  1.1549524e-06 -4.4159723e-06  1.7153320e-06
    50 :  4.4859425e-04 -5.2292507e-05  1.5104141e-04
    51 :  1.5244073e-02  9.7693729e-02  1.0690519e-01
    52 :  8.2469793e-07 -3.2822613e-06  7.3372834e-07
    53 : -5.6268371e-24  6.0312006e-24 -7.0451711e-24
    54 :  9.3637810e-05 -1.5488933e-05  1.1427544e-04
    55 : -1.4362428e-05 -4.5232704e-06  1.2443908e-04
    56 : -6.4343634e-03 -1.3539129e-01 -2.8966404e-02
    57 :  7.2115714e-06  3.3488037e-06 -8.2998074e-06
    58 : -6.1008109e-02  1.6258051e-01  1.1437242e-01
    59 : -7.7807191e-07 -3.2947730e-07  9.0657025e-08
    60 : -2.4228588e-04  2.0609665e-05  5.1914322e-04
    61 :  4.7304431e-02 -2.8047882e-02  1.1938436e-01
    62 :  8.5562453e-09  4.6921918e-08 -1.2428885e-08
    63 : -1.1736271e-03 -5.0245771e-04  7.6816903e-04
    64 : -1.9780867e-09 -5.9966052e-08  7.7992107e-08
    65 : -5.0716222e-10 -1.2079589e-09  2.7534895e-10
    66 :  4.7342143e-11 -2.6924487e-10  1.0382852e-10
    67 :  1.8862179e-26 -2.0269743e-25  2.0665038e-25
    68 : -1.8473366e-24  4.6641075e-24 -5.3673638e-25
    69 :  4.6729914e-27  9.8027637e-26 -7.0096479e-26
    70 : -1.2600244e-13 -2.4944641e-14  2.8797123e-13
    71 :  2.0984092e-03 -3.3127386e-03 -3.3287090e-03
    72 :  1.2402112e-26 -4.0220141e-26  1.3130001e-26
    73 :  3.7455699e-03 -6.0135055e-03 -6.8030678e-03
    74 : -2.9195224e-19 -1.0417568e-18  7.1013585e-19
    75 : -6.5398996e-19 -9.1406847e-19  7.2712603e-19
    76 : -6.1067070e-27  2.2265859e-26 -7.2780955e-27
    77 :  1.4745158e-19 -3.8142753e-19  2.7683649e-20
    78 :  1.8337588e-22 -6.6755885e-22  1.7120383e-22
    79 : -3.2243545e-16  2.6396256e-16 -3.3476427e-16
    80 :  5.0707287e-36  9.9594961e-36 -8.2865399e-36
    81 : -1.3818227e-23 -5.9156693e-22  2.9838687e-22
    82 : -7.4749239e-01 -2.7623580e-01 -8.5207166e-01
    83 : -1.5353968e-30  2.0627677e-30  1.3832910e-30
    84 : -8.0883644e-29  2.0625071e-28 -4.7632171e-29
    85 : -2.2276889e-01 -1.2654039e-01  2.1428561e-01
    86 :  1.8968416e-17  7.7180754e-18 -3.7076062e-17
    87 :  3.2628468e-16 -4.7497819e-16 -2.7497210e-16
    88 :  2.2208554e-10  1.4560739e-10 -1.5450639e-10
    89 :  7.1718706e-03 -5.4461470e-03 -8.3884434e-03
    90 : -4.8444258e-28 -1.6675336e-27  1.0294880e-27
    91 : -8.3684280e-02 -8.8293178e-03 -1.1990923e-02
    92 : -4.8416936e-13  7.3972356e-13 -2.7476504e-13
    93 : -1.2963525e-34  3.1067028e-35  4.5662873e-35
    94 :  4.1247813e-15 -1.3575171e-15 -1.4939593e-15
    95 : -2.6083068e-25  3.2028244e-27  2.7503482e-25
    96 :  1.8089059e-12 -1.3971664e-11  5.7470676e-11
    97 : -3.2221868e-13 -2.8826061e-12  3.5059879e-12
    98 : -3.2947271e-01 -5.0773764e-02 -1.0149398e-01
    99 :  9.1385751e-23  3.3532482e-22 -1.9752483e-22
   100 :  1.6884254e-24  4.6491650e-24 -1.0090180e-23
   101 : -5.7255598e-10 -2.2172528e-10  3.0448466e-10
   102 :  2.1210158e-06 -4.1943009e-07  5.4386415e-07
   103 :  1.7138707e-33  2.2730174e-32 -2.8218397e-32
   104 :  1.2900615e-13  2.7305258e-14 -4.9776894e-14
   105 :  1.1897143e-07 -1.2183896e-07 -1.1965921e-07
   106 : -1.7795481e-09 -1.2524990e-09  5.3697996e-09
   107 :  2.8127480e-09 -7.0139209e-09 -1.3730233e-09
   108 :  5.1091817e-09  1.8375176e-08 -8.5403738e-08
   109 :  1.1852817e-05 -2.4070154e-06  3.3351947e-06
   110 :  1.5990450e-03 -3.8845716e-03  1.4015088e-03
   111 : -1.8270883e-08  1.3004326e-08  4.8460989e-09
   112 : -3.1083620e-22  2.1192528e-21 -1.3982301e-21
   113 :  4.8987921e-02  7.2819443e-02  7.8860666e-02
   114 : -2.8509530e-13 -4.0879353e-13  1.0039912e-12
   115 :  7.4034617e-06  1.2893197e-06  3.5091922e-06
   116 : -4.2178282e-03 -7.0702050e-04  1.5898668e-03
   117 : -9.0050591e-02 -1.0961817e-01 -5.4872701e-03
   118 : -7.0157242e-01 -9.3935812e-02 -2.2823117e-01
   119 : -5.9457554e-26  1.0936552e-26  5.1366331e-26
   120 :  1.3117599e-12  2.0664832e-13 -2.1424185e-12
   121 :  8.1082619e-20  4.7020039e-19 -4.4843081e-19
   122 : -1.3845408e-05 -1.6318611e-05  9.9751612e-06
   123 : -1.1642758e-31 -2.6035106e-31  4.1591099e-31
   124 : -1.8906848e-23 -6.4433241e-24  1.1224148e-23
   125 : -1.7058329e-34  4.9974699e-34 -1.5914491e-34
   126 : -1.2059959e-18  3.6281523e-17 -3.4069045e-17
   127 :  2.7294559e-19 -1.2139697e-18  5.6455165e-19
   128 :  6.6216386e-06 -2.2233827e-06 -1.0614877e-05
   129 : -1.6428733e-15 -1.8198220e-15  6.5774882e-15
   130 :  5.8871095e-02  1.2141318e-01  7.8037888e-02
   131 :  5.1877618e-04 -1.5906040e-04  2.1945237e-05
   132 :  8.8565398e-07 -1.5172241e-05 -1.1692712e-05
   133 : -3.8049650e-03  1.9125451e-03 -1.1485372e-03
   134 : -1.2292356e-05  5.0793736e-06  8.9599488e-06
   135 :  1.5461309e-07 -8.1866832e-08 -4.6499108e-07
   136 : -2.0985078e-09  4.8354864e-09 -8.8426769e-10
   137 : -1.0416586e-06  1.0664134e-07  2.3434118e-06
   138 : -1.9721218e-09 -1.0616119e-07  5.4584247e-08
   139 :  2.9383882e-08 -4.8228923e-08  1.1242587e-08
   140 :  9.0177485e-21 -7.5677346e-21 -4.6617406e-22
   141 :  1.2322039e-19 -1.7983119e-19 -1.1130081e-19
   142 :  5.8683147e-08 -1.1512875e-08  4.1244692e-08
   143 :  5.4165285e-27 -5.2481810e-27 -1.3613687e-26
   144 : -4.6202956e-10  2.5719758e-09 -1.5215983e-09
   145 : -2.5702396e-11  7.5662160e-11 -2.0256671e-11
   146 : -6.3013143e-15  3.6230839e-14 -6.9890258e-15
   147 : -1.1184005e-25 -2.9952686e-26  5.8749377e-26
   148 :  4.9032363e-15 -5.8870837e-15 -3.9938835e-15
   149 : -2.3654873e-02 -2.3997591e-02 -2.6464770e-02
   150 : -3.5119160e-11  9.2155257e-11 -2.1548708e-11
   151 : -7.8652550e-19 -1.5873086e-18  3.2967223e-18
   152 : -2.0463473e-16 -1.1990322e-15  5.1880890e-16
   153 : -2.4098971e-01 -4.3219642e-02 -1.3813084e-01
   154 : -6.4682686e-36 -2.2423288e-35  1.9648408e-35
   155 : -5.4315812e-26  7.1318886e-26  2.5290263e-26
   156 : -6.4740554e-28 -1.3733007e-28  3.3561395e-28
   157 : -1.6675125e-12  3.9820996e-12 -5.0157067e-13
   158 : -5.5053623e-08  1.1466394e-07 -5.6237327e-08
   159 :  1.7301959e-10  2.9823356e-10 -2.2106749e-10
   160 : -1.1896186e-33  2.4449349e-34  4.5522734e-34
   161 : -4.9795872e-32  3.0185489e-32 -1.1123570e-32
   162 :  5.0067047e-02 -4.6664544e-02 -3.6014538e-02
   163 : -3.2891123e-05  1.8296230e-05 -1.9829403e-05
   164 : -1.5560862e-17  1.0948445e-17  2.6906030e-17
   165 :  2.0165808e-09 -6.0480352e-09  1.5501615e-09
   166 :  8.2482588e-28 -6.0706624e-29 -1.9202415e-27
   167 :  1.4083567e-07 -5.0754443e-08 -7.1997425e-08
   168 : -3.8180441e-05  5.3710076e-05 -6.8554277e-06
   169 : -9.2746407e-01 -2.9730353e-01 -3.9570290e-01
   170 :  1.9926897e-24  4.1922815e-26 -2.2089353e-24
   171 :  1.9912391e-25  4.2549045e-24 -8.8476409e-24
   172 : -1.2788162e-04  1.3283201e-04 -3.5928914e-05
   173 :  4.4617057e-06 -3.1526317e-07  4.2138209e-07
   174 :  2.2743337e-09  8.0534277e-09  3.0133359e-09
   175 : -1.7867738e-13  6.2196199e-14 -4.4976021e-15
   176 : -2.1807893e-22  1.3156135e-22  3.6370512e-22
   177 : -6.4331803e-09  1.7240484e-08 -1.2287281e-09
   178 : -9.4524642e-01 -1.5231310e-01 -2.8453268e-01
   179 :  4.2528355e-08  1.3374887e-07 -1.9653335e-07
   180 :  3.1887686e-26 -1.4372492e-27 -6.6941878e-26
   181 : -9.7364863e-06 -5.5952035e-05  1.1464077e-06
   182 : -2.5943915e-15  3.4470339e-16  1.6513224e-15
   183 :  1.8466425e-03  1.7990310e-04 -6.8897356e-04
   184 :  2.0963162e-34  3.4262245e-33 -1.7106706e-33
   185 :  1.1628127e-18 -1.7487366e-18  2.0504918e-19
   186 :  2.0758323e-12  1.2488470e-12 -5.5140598e-12
   187 :  1.3971115e-07 -3.1098252e-07 -1.2978451e-07
   188 : -2.2959434e-01 -1.1466965e-01 -6.6612611e-01
   189 : -1.0094026e-06  5.6891375e-07  1.7159780e-06
   190 :  4.2891888e-09  3.5256160e-09 -1.8478859e-09
   191 :  1.9778328e-31 -1.4841071e-31 -3.0336748e-31
   192 :  4.7887309e-05  7.8454635e-04 -3.3108791e-04
   193 :  1.2102527e-01 -6.8366821e-02  4.9044233e-02
   194 : -4.1075082e-01 -1.2067917e-01 -3.2073201e-01
   195 : -1.9570444e-13 -6.6489132e-14  1.3150686e-13
   196 : -9.0184810e-27  1.7746718e-26  2.7305755e-27
   197 : -2.0835659e-26  3.5179681e-26  8.0644202e-27
   198 :  6.6712286e-11 -2.0009379e-11 -2.0111622e-11
   199 :  1.4022432e-01  1.2500924e-01  7.7148286e-02
   200 :  5.9265992e-24 -2.2495712e-23  1.4078483e-23
   201 : -4.7276617e-05 -1.0676954e-04  2.2630265e-04
   202 : -3.0723229e-13  3.1659892e-14  6.5041575e-14
   203 : -4.3237972e-29  3.1129961e-29  5.9039056e-30
   204 :  7.0665656e-14 -1.1969491e-12  8.8279689e-13
   205 :  2.3085955e-04  9.1469297e-05 -1.2255272e-04
   206 : -3.3571321e-32 -1.2436729e-29  2.5598871e-29
   207 : -6.9811154e-27  3.3071318e-27 -6.6451074e-28
   208 :  7.3708093e-20  6.7585212e-20 -3.0205598e-19
   209 : -2.3117163e-01 -1.3876255e-01 -5.8987574e-02
   210 : -1.2194917e-13  1.7689638e-13  1.0249286e-13
   211 :  2.1014654e-29 -1.0044518e-28  2.0923332e-28
   212 : -8.5406215e-08  2.8011548e-07 -9.6032530e-08
   213 : -2.8935911e-26 -3.8037590e-26  9.7180423e-26
   214 : -1.0900269e-02  3.6751256e-03 -3.7080299e-02
   215 : -2.8154145e-01 -2.4953617e-01 -8.7156150e-02
   216 :  2.0504302e-07 -2.1211054e-07 -2.9452583e-07
   217 :  9.9711204e-35 -1.3849310e-34  2.2846519e-35
   218 : -7.3420729e-21  9.7519783e-21  7.2495996e-21
   219 :  3.3097065e-05 -4.2881381e-06 -5.9940569e-05
   220 :  1.6183864e-17 -1.0424817e-17  1.2645187e-17
   221 : -5.3364165e-23 -7.4809417e-23  1.7033617e-22
   222 :  5.7707756e-02 -1.5420226e-02  6.3555268e-02
   223 : -1.6395722e-03 -8.0430197e-03 -1.0274657e-03
   224 : -3.5099058e-11  1.3270550e-10 -7.2769479e-11
   225 : -1.9770512e-17  2.2116598e-17  3.3176327e-17
   226 :  4.9259653e-24 -3.7993597e-24 -4.9098819e-25
   227 : -5.4652382e-14 -2.9202273e-14  1.2771827e-13
   228 : -1.2092473e-10  2.3130782e-10  7.3271217e-11
   229 : -9.0475796e-15  2.7476480e-15  2.2413236e-15
   230 :  1.5773636e-23  1.5873844e-23 -1.3508579e-23
   231 : -4.7743793e-24  1.8778617e-23 -8.2060362e-24
   232 : -1.2263510e-32 -1.0923643e-32  1.0919076e-32
   233 : -8.5807748e-23 -7.6187641e-23  2.6818426e-22
   234 :  3.1833964e-02  8.8338956e-02  4.0128029e-02
   235 :  1.5020173e-03  9.3570615e-04 -2.5638084e-03
   236 : -1.0299344e-21 -4.6689642e-22  2.6974726e-21
   237 :  1.4906813e-19 -1.1389416e-18  1.2558865e-18
   238 : -1.8990091e-32  1.9660063e-31 -7.9521830e-32
   239 :  9.3060572e-23 -1.7917158e-22  2.7860314e-22
   240 : -6.1015011e-28  3.3104031e-27 -1.8162847e-27
   241 : -2.6663562e-06  1.1112428e-06  4.4256136e-06
   242 :  3.5886700e-06  4.4196719e-06 -1.2914692e-05
   243 :  6.7563449e-02  1.2619383e-03  4.4426479e-02
   244 : -2.2059485e-03  1.9506778e-03 -4.4231423e-03
   245 :  1.9389697e-22 -7.2457598e-22  7.2762138e-22
   246 :  1.0152567e-06  7.3231030e-07 -1.7536127e-07
   247 :  1.9996602e-02 -1.9646705e-02  1.7943440e-02
   248 :  3.4690272e-33 -6.8037016e-33 -4.1835600e-34
   249 :  1.7849528e-16  2.7987301e-17 -4.5990104e-16
   250 :  5.0436984e-06 -1.7962312e-06  2.2663732e-06
   251 : -4.8233001e-11  8.7331432e-11  4.5493740e-11
   252 :  5.3152739e-24 -2.1388156e-25 -3.1951774e-24
   253 :  3.5407241e-29 -2.9353623e-29  3.0194589e-29
   254 :  1.0209505e-01  8.0540056e-02  5.2858233e-02
   255 :  2.4922684e-12 -9.8435304e-13 -1.3426057e-14
   256 :  3.9025575e-06  4.9270784e-06 -3.5143970e-06
   257 : -1.0036908e-03  2.1493501e-03 -5.3269703e-03
   258 :  1.2121905e-13  4.7678909e-13 -1.3129677e-12
   259 :  3.7314446e-19 -8.7835033e-19  1.7587869e-18
   260 :  3.4764022e-06  8.3444981e-06 -1.3041967e-05
   261 :  1.8704673e-14  2.7546032e-13 -9.6807148e-13
   262 : -4.8613751e-22 -5.0730685e-22  1.0921295e-21
   263 : -4.0277938e-25  1.7860746e-25  7.9985285e-25
   264 :  1.0444948e-11 -6.7757384e-12  4.6094431e-12
   265 :  2.8799077e-06  9.9635697e-06 -1.8536015e-05
   266 : -5.1385349e-16 -7.7154354e-16  5.2596928e-16
   267 : -3.8218404e-15  4.9866230e-15 -5.3369030e-16
   268 :  6.3508611e-26  3.6210377e-25 -8.2562253e-25
   269 :  7.9768282e-03 -7.3868860e-03 -1.5192977e-02
   270 :  3.2502446e-14 -8.3631823e-14  1.3288205e-14
   271 : -7.5423926e-05  3.2840052e-05 -7.5897181e-05
   272 :  1.9012451e-14 -1.2820809e-14  1.4692347e-14
   273 :  1.4637078e-24 -1.2997173e-24 -1.8582912e-24
   274 : -1.8433866e-07  3.7500982e-07  2.3380600e-06
   275 :  2.6315694e-20  4.5809784e-20 -1.2119679e-19
   276 : -4.8232749e-05  2.1031111e-04  4.1814364e-05
   277 : -3.3963116e-22  7.1304912e-22  5.8863741e-23
   278 :  1.0368453e-06 -5.5266657e-08 -2.4882585e-06
   279 :  1.5191406e-11 -4.0906824e-12 -5.3846535e-12
   280 : -2.6671974e-01 -1.5437609e-01 -5.5231823e-02
   281 : -2.2729302e-11  4.0198154e-11  1.2733266e-11
   282 :  2.5280955e-17 -2.2932530e-16  5.5254131e-16
   283 :  2.6198050e-20 -3.0352126e-20 -2.1892865e-20
   284 :  1.2934511e-21  2.1594036e-21  4.5288729e-21
   285 :  7.9372608e-02  8.9201508e-02  1.2513808e-01
   286 : -1.2689270e-06 -5.5003061e-07  3.0352023e-06
   287 :  1.8854207e-08  2.3231955e-08 -1.7314594e-08
   288 : -6.7119499e-02 -1.2936412e-02 -1.8569499e-02
   289 :  2.2292566e-09 -2.5450140e-09  4.9312733e-09
   290 :  4.5495343e-02 -1.1527923e-02  1.1077203e-01
   291 : -7.6412628e-12  1.1521242e-11 -1.6326885e-12
   292 : -9.3726572e-03 -5.9874331e-03  2.0003610e-02
   293 :  1.1626300e-19 -8.3156480e-20 -1.8068908e-19
   294 :  1.0885812e-08  6.7047483e-08 -2.6349902e-07
   295 : -5.3013522e-28 -8.3593962e-28  6.1186500e-28
   296 :  2.3183292e-06  3.0716270e-04  6.3857318e-05
   297 : -1.0236808e-10  3.5814278e-10 -3.3395034e-10
   298 :  9.9745597e-12  1.9175084e-10 -1.0442400e-10
   299 : -4.5356081e-31  4.2112534e-31  1.0052606e-31
   300 :  1.9420463e-04 -6.8538434e-05 -7.3080638e-05
   301 : -7.7923052e-12  6.1069818e-13  2.3391394e-12
   302 : -4.4346611e-07  1.3674342e-06 -1.7260698e-07
   303 : -4.1621501e-08 -2.8870934e-08  3.0882483e-08
   304 : -1.0666447e-07  1.0030569e-07 -2.8722014e-07
   305 : -5.1977227e-14 -3.8543599e-13  1.5043946e-13
   306 : -5.8438234e-03 -5.3101871e-03  2.4596013e-03
   307 :  9.6334895e-08  4.4991008e-08 -2.4297772e-07
   308 :  2.4135098e-11 -1.6386400e-11  2.6515551e-11
   309 : -2.3892869e-31  1.5789704e-29 -7.4280202e-30
   310 :  6.5814043e-10  3.4942695e-09 -5.2598266e-09
   311 :  2.4116336e-07 -5.3693858e-07 -5.0405085e-07
   312 : -6.9453536e-27 -3.1735523e-28  6.5717433e-28
   313 : -2.9813516e-19  7.1700916e-19 -1.1794994e-19
   314 : -8.3957431e-30 -1.5385016e-30  1.1174103e-29
   315 :  4.8811336e-24  1.0104956e-22 -5.2014260e-23
   316 : -7.8299522e-03 -4.0729107e-03  1.8853385e-03
   317 : -1.2177065e-30  2.2526763e-31  2.3625810e-30
   318 :  4.7856947e-05  1.6916533e-04 -1.7988343e-05
   319 :  6.8128626e-05 -8.9542453e-05 -1.2744369e-04
   320 : -1.0358528e+00 -3.7909845e-01 -2.2945880e-01
   321 :  3.8650521e-03 -5.1795358e-03 -1.2641069e-02
   322 : -3.0161450e-29  7.3547392e-29 -1.1898126e-29
   323 :  1.9604117e-32 -3.6951479e-32  8.9994000e-33
   324 :  1.0494254e-21 -2.6628716e-21  7.2507599e-22
   325 :  9.3891892e-19 -2.3131395e-18  4.8421759e-18
   326 :  1.6306135e-01  1.4334638e-01  1.3965544e-01
   327 : -1.0170174e+00 -3.7086627e-01 -1.2094173e+00
   328 :  2.3196631e-06  1.1623393e-06  2.3687104e-07
   329 : -5.7939476e-22 -2.3235478e-20  1.1608940e-20
   330 :  2.3904856e-33 -1.0634634e-31  1.0070381e-31
   331 :  8.4673732e-14 -5.3341547e-14 -1.8139052e-13
   332 : -1.2462553e-08  5.2307750e-08 -2.5705471e-08
   333 :  1.0017986e-18 -5.9303695e-19  5.0247441e-19
   334 : -1.5644612e-05  1.0779761e-04 -1.3631113e-04
   335 :  5.2545709e-08 -9.5494578e-08 -1.8481294e-07
   336 : -8.8284204e-07  1.6521887e-06  6.2065065e-07
   337 : -6.4792635e-29 -2.2970501e-28  3.7754884e-28
   338 :  5.0232010e-06  2.6344954e-06 -2.4803703e-06
   339 :  1.9951559e-20 -2.0789554e-20 -2.6604338e-20
   340 : -3.1900420e-05  2.0130147e-05 -6.8197937e-06
   341 : -3.7948968e-27  3.8346045e-27 -1.6551581e-29
   342 :  1.8446912e-23 -5.3655469e-23  1.2947318e-23
   343 :  7.9457311e-12 -1.4759811e-11  2.8228823e-12
   344 :  1.3224571e-04  3.2335552e-04  1.2474411e-05
   345 :  1.9578519e-02  1.3078754e-01  9.1960172e-02
   346 :  7.0246868e-23  6.5104829e-23 -6.2916379e-23
   347 : -7.9313476e-05  3.3167860e-05 -1.1112452e-04
   348 : -7.9097844e-13 -1.2563178e-11  6.4361815e-12
   349 : -2.9957102e-12  1.2842284e-12 -3.2295144e-13
   350 :  1.4914752e-05 -3.1792533e-05 -7.9768470e-05
   351 : -9.3787777e-19 -1.7903537e-18  1.6055763e-18
   352 :  1.2558321e-04 -1.6985475e-05 -1.1622566e-04
   353 : -1.9299602e-07 -4.8392552e-07  1.6736718e-07
   354 :  7.5015150e-02  5.7420609e-03  9.0056044e-02
   355 : -9.7072481e-02  1.1675499e-02 -5.5534691e-02
   356 :  3.6322031e-28  2.6297991e-28 -9.3662726e-28
   357 :  5.3692685e-04  2.6896529e-04 -7.1238824e-04
   358 :  8.7612791e-14 -4.4087599e-13  1.7583580e-13
   359 : -2.1158659e-34  5.8257038e-34 -1.8787078e-34
   360 : -7.0545665e-05  2.6445564e-05 -1.3685541e-05
   361 : -9.7147536e-17 -9.3952746e-17  7.8038570e-17
   362 : -5.8610888e-12  4.1281084e-12 -1.0210142e-11
   363 :  1.2815455e-14 -1.1084155e-15 -1.0749228e-14
   364 :  7.4578246e-16  7.8580583e-16 -5.5403417e-16
   365 :  4.2630364e-12 -1.0840807e-12 -3.9269149e-12
   366 :  5.3635406e-26  6.7139505e-25 -7.6071813e-25
   367 :  1.9062016e-10  3.4849379e-10 -3.0080588e-10
   368 :  3.5890886e-06 -8.6015419e-06 -9.8067044e-06
   369 :  2.4244841e-12 -2.3252011e-12 -6.8802183e-12
   370 :  8.2835441e-15 -1.6971267e-14 -9.3441034e-16
   371 :  4.1099162e-26  3.2232377e-27 -4.7117885e-26
   372 : -2.5637721e-11  3.3170850e-11  2.2124920e-11
   373 :  1.2939880e-07  8.9080731e-08 -4.9640138e-07
   374 :  9.6236410e-02  4.2110579e-02  5.1380722e-02
   375 :  1.6758433e-18  4.8488830e-18 -2.6724628e-18
   376 : -2.9613350e-29 -8.7665494e-29  1.4774421e-28
   377 : -1.5571309e-10 -3.1664446e-10  1.4805375e-10
   378 : -6.9250478e-15  4.0976171e-14 -1.8456887e-14
   379 :  1.3603587e-31 -3.8585670e-31  1.2033838e-31
   380 :  3.4557620e-03 -4.9396190e-03 -1.8100189e-03
   381 : -3.5671636e-13  7.8635186e-14  1.1935245e-13
   382 : -1.4501840e-19  6.7434561e-19 -4.2882445e-19
   383 :  6.8610062e-04  9.4682480e-04 -4.9154962e-04
   384 :  1.0349663e-17 -7.2639768e-17  3.4213560e-17
   385 : -1.2787599e-06  2.5448799e-06  3.6968656e-07
   386 : -7.7279683e-03  1.8281123e-03 -9.5806670e-04
   387 :  2.0261179e-20 -9.1618531e-21 -3.5573758e-20
   388 : -1.4085401e-02  1.8463282e-02  1.5260793e-01
   389 : -1.4393756e-16  1.1077817e-16  1.7138664e-16
   390 :  2.3635976e-06 -1.9283985e-06  1.3531382e-07
   391 : -6.4071046e-14 -1.0513870e-13  7.8744215e-14
   392 :  1.0693772e-03 -3.3600993e-04 -1.4409882e-04
   393 :  5.3001306e-04  8.5548449e-04 -8.4836326e-04
   394 : -1.8911628e-17  1.1660220e-16 -6.8939535e-17
   395 : -4.5265249e-10  2.1642132e-10 -8.7100493e-11
   396 : -1.1377290e-31  1.1404584e-31 -1.3181353e-31
   397 :  1.3508340e-04  3.3157718e-05 -6.2703428e-05
   398 :  1.8556441e-08 -7.9401219e-08  3.7646152e-08
   399 :  1.1396464e-03 -5.3660254e-03  2.3067878e-03
   400 :  7.1788055e-09 -2.0836973e-08  5.2215739e-08
   401 :  4.7261440e-08 -2.4313102e-07 -2.0557030e-07
   402 :  1.6735877e-16  5.8986715e-17 -1.4591166e-16
   403 : -3.4885255e-15  1.4305504e-14 -5.5340992e-15
   404 : -5.0535784e-26  9.1579505e-27  1.3181554e-25
   405 :  1.5270051e-09 -5.5643146e-10 -6.3236747e-10
   406 : -6.6378551e-05 -1.7812055e-05  1.7052045e-05
   407 : -1.5118823e-03  1.5650367e-03 -3.9341812e-06
   408 : -4.1318252e-03 -5.2984974e-03 -3.8166877e-04
   409 :  8.2411934e-09  1.8471343e-09 -4.0983888e-09
   410 : -9.6961086e-02 -1.9845849e-01 -1.8202942e-02
   411 : -4.5064298e-09  1.5650346e-08 -4.2204808e-09
   412 : -6.0758434e-09 -1.6442675e-07 -6.3253701e-08
   413 :  1.7990705e-28 -8.5288972e-29 -2.1848360e-28
   414 : -1.9785578e-02  1.3567856e-01 -4.7744643e-02
   415 : -9.7591705e-09  2.5886611e-08  1.1877248e-08
   416 :  1.9859341e-20  3.2660021e-20 -9.3808182e-20
   417 :  9.6021465e-06 -5.4608911e-05  7.4427579e-05
   418 : -1.7623464e-03 -7.6505608e-03 -7.4876401e-03
   419 :  9.4542529e-26 -1.6445025e-25  2.6944790e-26
   420 : -5.8702996e-24  2.6159923e-23 -1.3959640e-23
   421 :  3.2338908e-22 -2.8326534e-21  2.2684428e-21
   422 :  7.7068348e-12 -6.5694717e-12  6.9470873e-12
   423 :  3.0792055e-11  3.7934953e-09 -3.5243303e-09
   424 : -7.8034815e-17  7.5221235e-17 -3.9585579e-18
   425 : -7.6568651e-22  2.5346481e-20 -1.0276213e-20
   426 :  2.0471122e-14  5.7245350e-15 -9.2035673e-15
   427 :  7.9587934e-16  1.1528975e-15 -3.4621435e-15
   428 :  2.8376942e-16 -6.8735605e-16  4.1980397e-17
   429 :  8.3144202e-09  1.3360712e-08  2.2451673e-08
   430 : -6.9445044e-07  1.4311053e-08  1.0344262e-06
   431 :  1.4154349e-09 -2.3765129e-09 -1.3594128e-09
   432 :  2.1990881e-12 -1.8088268e-11  2.6917399e-11
   433 : -7.0295657e-28  5.0113191e-28  9.5561990e-28
   434 :  2.6760943e-02 -9.8256691e-03 -8.3058071e-03
   435 : -1.1529074e-09  1.6598495e-10  1.2443253e-09
   436 : -1.8889803e-19  7.9975000e-18 -9.9806436e-18
   437 :  2.2657981e-05 -1.0696536e-05 -1.9232812e-05
   438 : -5.7143919e-07  1.6373148e-06  8.7660902e-06
   439 :  3.7314027e-04  3.8732413e-04  5.5880858e-04
   440 :  9.2734046e-22 -3.1673383e-21  9.5225907e-22
   441 : -2.7064756e-30 -9.5165797e-31  4.8880446e-30
   442 : -5.4545495e-05 -5.7481369e-05  1.5177549e-04
   443 : -1.2349581e-11  1.5326388e-11 -4.0072360e-12
   444 : -6.2213104e-06 -2.4259690e-05 -1.5512884e-06
   445 :  1.9178904e-13 -5.4325405e-14 -1.7677599e-14
   446 :  4.8184783e-02  8.1684915e-02  6.3971911e-02
   447 : -2.6135682e-14  1.7544854e-14 -2.9635999e-14
   448 :  6.0939578e-09 -8.6014043e-08  1.8085034e-08
   449 :  1.3895260e-27 -7.4971665e-28 -2.1868287e-27
   450 : -3.0786937e-30 -2.7530876e-30  9.3705220e-30
   451 :  1.2119719e-01  7.3214015e-02  5.7226220e-02
   452 : -9.0474665e-02 -9.1849052e-03 -9.5364459e-03
   453 :  8.2969084e-02  1.1606664e-01  8.2556872e-02
   454 : -1.7856100e-02 -3.9184087e-02  2.1165408e-02
   455 :  5.0212752e-16 -7.6055492e-16  8.5528792e-16
   456 :  5.8779574e-08 -2.5402303e-08  1.9147885e-08
   457 :  8.1572615e-31  1.2311144e-30 -2.7541487e-30
   458 : -3.2989508e-14 -2.7973856e-14  1.5284431e-13
   459 : -7.0596970e-09 -4.6603033e-09  2.2052517e-08
   460 :  8.7225867e-09 -9.5415970e-08  7.8787526e-08
   461 :  2.8273192e-14 -3.5443299e-14 -4.5007905e-14
   462 : -1.3859135e-11  3.1963230e-11 -6.5738813e-12
   463 :  4.0310261e-21  1.1949781e-21 -7.8318940e-21
   464 : -1.9433687e-06 -3.7480597e-05  2.1200200e-05
   465 :  1.7337283e-08 -7.3039587e-09  4.5153891e-09
   466 : -2.7043990e-05  1.0304803e-03  1.8078450e-04
   467 : -1.4929635e-23 -3.6404490e-24  1.9215152e-23
   468 :  6.2969316e-20  9.9855350e-20 -5.8191750e-20
   469 :  5.9559372e-31 -7.0593592e-31 -6.1445058e-31
   470 : -1.9263330e-29  5.5082894e-30  6.4698529e-30
   471 :  4.9004696e-18  6.6424036e-18 -1.1283612e-17
   472 :  3.3200809e-23  4.4571315e-21 -5.1255484e-21
   473 : -8.0259187e-07  8.7905277e-07  1.6552513e-06
   474 :  7.4032302e-26  7.1662927e-25 -9.8840942e-25
   475 : -3.3368903e-17  5.3799509e-17 -1.4062075e-16
   476 :  1.1076078e-16 -7.3852162e-17 -1.5681782e-17
   477 : -1.7968284e-32  1.9428310e-32 -2.8258708e-32
   478 : -2.9797421e-08  5.7481649e-08  3.6721743e-08
   479 : -1.7204214e-33  7.0280092e-33 -3.6091367e-33
   480 : -9.3448359e-03 -7.7723416e-03  4.9781544e-02
   481 : -1.9045639e-17 -9.8676953e-16  3.4790600e-15
   482 :  2.7037127e-24 -1.3202303e-23  5.0249028e-24
   483 : -3.8185306e-03 -5.6492933e-03 -1.5788143e-03
   484 :  7.8135863e-09 -9.0818692e-09 -1.9018692e-09
   485 :  7.4466750e-09 -3.5287612e-09 -1.1307906e-08
   486 : -1.0138982e-01 -6.2977156e-02 -3.4382810e-05
   487 : -1.1650570e-07 -8.0206413e-08  2.2467184e-07
   488 :  6.4936283e-02  1.9732506e-02  2.5342890e-03
   489 :  7.9651109e-26  6.1841478e-26 -2.2912311e-25
   490 :  4.6113783e-22  1.5108942e-22 -2.8275194e-22
   491 :  5.6099047e-23  1.2361902e-22 -8.5242779e-23
   492 :  4.6113713e-07 -2.6125469e-07 -5.6867480e-07
   493 :  5.3137746e-05  2.1308845e-04  1.9406121e-04
   494 :  3.5509443e-03 -3.4164036e-03 -2.9267174e-03
   495 :  5.4582938e-11  2.0850604e-10 -2.0952321e-10
   496 :  5.2595111e-20 -2.2822656e-19  1.2231315e-19
   497 :  2.1273727e-30  3.9727683e-29 -1.8274907e-29
   498 : -3.1907166e-27  3.3552696e-27 -4.5298784e-27
   499 : -9.3369879e-03  3.1191323e-02  1.5904428e-02
   500 :  6.7114472e-32  8.0034067e-31 -8.7375233e-31
   501 :  7.4201758e-34 -3.5387865e-32  2.6554817e-32
   502 :  2.0419884e-05 -5.3570851e-05  1.4813141e-05
   503 : -1.0846242e-05 -1.4976784e-05 -4.2697986e-06
   504 : -5.1053462e-09  1.2334987e-08 -4.6790271e-09
   505 :  2.9466373e-02 -1.4173758e-02 -1.0475861e-02
   506 :  3.3045169e-21 -8.9440024e-21  1.4575967e-21
   507 : -1.9884277e-19 -1.5096181e-19  4.6846439e-19
   508 : -1.7430847e-19  5.1363168e-19 -1.5712108e-19
   509 : -3.9951452e-07  1.3592349e-07 -1.4205048e-07
   510 : -5.9919325e-20  1.5429365e-19 -3.2419976e-19
   511 :  1.5499535e-14 -6.0626957e-15 -2.8254931e-14
   512 : -7.5450089e-16  3.0756236e-14 -1.2170204e-14
   513 :  2.6367260e-10  2.6017302e-10 -8.6034792e-10
   514 :  1.0711236e-09 -3.6566186e-09 -1.6530936e-09
   515 :  2.5252882e-04 -1.6781876e-04  4.4624528e-04
   516 : -2.4944808e-20 -5.5947897e-20  3.8982243e-20
   517 :  3.9860196e-04 -6.6897678e-06  1.4933008e-04
   518 :  1.0443693e-10 -3.9116055e-10  6.6817634e-10
   519 : -3.1633329e-14 -3.4271991e-14  1.0290622e-13
   520 :  9.5505257e-11  3.6033516e-11 -1.9068746e-10
   521 : -3.3278712e-05 -6.8149944e-06 -1.0078356e-05
   522 :  7.9767707e-02  3.6882209e-02  1.6809923e-02
   523 : -8.2064783e-04  4.8183370e-04 -3.0790532e-04
   524 : -1.7226120e-10  2.7235762e-10 -3.6283549e-11
   525 : -2.3865054e-09  2.1740122e-09 -7.6652775e-09
   526 : -1.3849185e-15 -3.2154152e-15  6.4859487e-15
   527 : -2.1196916e-26 -1.4491546e-24  2.0071130e-24
   528 :  2.4238166e-01 -1.0914243e-01  8.0183943e-02
   529 : -2.9805413e-07 -6.7882385e-08 -1.8859087e-07
   530 :  4.4687754e-03 -1.4127818e-02 -3.5048512e-03
   531 :  2.1412235e-07  4.5367905e-06 -1.7547852e-06
   532 :  5.7380063e-16 -2.9231814e-14  2.6405473e-14
   533 :  1.5059737e-34 -1.1685778e-34  9.6726952e-35
   534 : -1.6752114e-35 -1.2450264e-34  3.0009097e-34
   535 :  9.6719163e-24 -7.6336913e-24 -1.0886825e-23
   536 :  3.5546157e-04  1.9366979e-05  4.9550087e-04
   537 : -3.2068805e-06 -8.9645292e-07  3.4902504e-06
   538 :  5.2757028e-08 -2.0523618e-08  3.0885586e-08
   539 : -2.7810006e-24  9.6372157e-24 -3.2287397e-24
   540 : -1.7149607e-21  1.9172751e-22  2.8636472e-21
   541 :  3.2719988e-20 -2.1045900e-20 -4.8168677e-20
   542 : -3.7252415e-12 -7.7499794e-11  5.7810630e-11
   543 : -1.3777846e-25 -1.6991947e-25  1.4637779e-25
   544 :  4.8151906e-10 -9.6336916e-10 -2.1636509e-10
   545 : -4.5831931e-18  1.3465737e-18  9.0743713e-18
   546 :  1.5004874e-02  3.0039521e-02 -9.7253762e-03
   547 :  8.4908492e-24 -2.0172001e-23  2.6339433e-24
   548 :  2.2580019e-05 -2.7311836e-04  9.7110268e-04
   549 : -7.8758381e-20  5.2694114e-20 -6.1715216e-20
   550 :  7.3555256e-08 -8.5343321e-07  1.8981985e-07
   551 :  1.2244812e-03  5.2033319e-04 -3.2309461e-03
   552 : -1.4677326e-05 -4.0506300e-05 -4.1057649e-06
   553 :  4.3731875e-06 -1.2863205e-06 -3.1420453e-07
   554 : -4.3019817e-19  1.5455661e-18 -5.1820250e-19
   555 :  2.8284957e-11 -1.1830064e-10 -1.2136422e-11
   556 : -2.2693221e-20 -8.4049592e-21  1.4465511e-20
   557 : -1.3436010e-01 -6.4264227e-02 -7.2838462e-02
   558 : -1.1111052e-06  2.5059317e-06  2.8637675e-07
   559 : -5.5603979e-06  1.6019388e-04 -7.0409746e-05
   560 : -6.8843734e-07 -5.6155777e-07  2.6985943e-07
   561 :  7.3109169e-02  2.4090289e-02  1.1890862e-01
   562 :  1.1606707e-15 -5.3496772e-15  1.9069191e-15
   563 :  1.1421400e-30  3.1920108e-30 -8.5631439e-30
   564 : -3.7556541e-03  5.8736124e-04 -1.0977693e-03
   565 : -8.3903895e-03 -1.7385479e-03 -6.8335855e-03
   566 : -9.2422612e-22  4.4364052e-22  1.1876959e-21
   567 : -7.4049855e-13 -6.6682637e-12  6.9115569e-12
   568 :  1.7272770e-04  5.0170812e-05 -4.9029992e-04
   569 : -4.2225053e-04  4.0889319e-04  4.5109483e-04
   570 : -2.8423966e-18  5.2905498e-18  1.6278886e-18
   571 :  1.0389470e-11  1.0076322e-11 -7.6232904e-12
   572 :  2.5330692e-32 -2.8940993e-31  1.2737665e-31
   573 :  7.5756070e-08  9.6813421e-08 -3.0846206e-07
   574 : -5.7350154e-07  2.6065579e-07 -6.0586629e-07
   575 : -4.6242369e-02 -2.0717462e-02  3.8953941e-02
   576 : -2.9986546e-09  7.7151632e-10  8.4343576e-09
   577 : -6.7434919e-02 -7.0549497e-02 -5.9934429e-03
   578 : -2.1065294e-34  3.3965618e-34  2.9647763e-36
   579 :  7.0330443e-02  1.0647875e-01  1.9568760e-02
   580 : -7.3442376e-03  1.5883143e-02  9.2620210e-02
   581 : -1.9004404e-18  1.7336537e-18  3.4575021e-18
   582 :  5.1418745e-33  6.0358974e-33 -5.2744099e-33
   583 : -1.6119065e-17  5.5642435e-17 -2.1760930e-17
   584 : -1.0680511e-26  1.9381853e-26  2.4395666e-27
   585 :  1.6736390e-03  6.5147877e-04 -2.3514182e-04
   586 : -6.5524804e-24 -2.7583413e-23  3.2164093e-23
   587 :  8.3013898e-16  6.0798854e-17 -1.8878155e-15
   588 : -2.2844510e-21  9.6742824e-22  5.3975369e-22
   589 : -7.9774329e-05  5.5647608e-05  2.2482656e-05
   590 : -5.8737417e-05 -6.6002355e-05  6.6132729e-05
   591 :  8.9768787e-30 -1.3601492e-29 -4.6890502e-30
   592 :  3.2382344e-20  5.9856542e-20 -1.6340268e-19
   593 :  6.3914192e-15 -1.8504778e-14  3.7359375e-14
   594 : -2.0612870e-16 -7.3783872e-17  1.5975307e-16
   595 : -3.8154217e-08  8.6180354e-09  2.3501008e-08
   596 : -1.1988160e-08  5.1050118e-08 -4.3675845e-09
   597 : -1.4079048e-12 -1.1326178e-12  3.8016511e-12
   598 :  1.7909114e-15  3.5784100e-15 -2.4638681e-15
   599 :  1.1386972e-01  5.3733526e-02  1.1824598e-01
   600 :  1.5808556e-09 -1.5185498e-09 -2.9424916e-09
   601 :  1.1062254e-01  1.6680943e-02  5.0539214e-02
   602 :  5.1642303e-23  3.5250659e-23 -4.3358606e-23
   603 :  7.8376073e-26  3.2303714e-25 -4.0111580e-25
   604 :  8.5422322e-18 -1.0973121e-17  1.3855402e-17
   605 :  8.0865632e-14 -2.9468671e-13  8.3894374e-14
   606 : -1.8516853e-02  5.2390421e-03  4.0455677e-02
   607 :  8.3517161e-10 -1.2654671e-09 -9.5656900e-10
   608 :  3.3760590e-21 -5.9006391e-20  2.3650150e-20
   609 :  6.0968379e-18 -5.8222632e-17  2.5711093e-17
   610 :  2.1052574e-25  6.2206398e-25 -1.5292318e-24
   611 :  1.1244476e-01  4.7424397e-02  1.4600062e-02
   612 :  5.0971063e-10 -1.3248039e-09  4.7961914e-10
   613 : -9.0380828e-14  5.0042376e-13  1.1144746e-13
   614 : -1.3966318e-04  8.4056519e-05  2.1201618e-04
   615 :  7.5530863e-12 -1.3896198e-11 -5.5739269e-12
   616 : -5.4694265e-27  8.4632371e-27  2.9127576e-27
   617 : -3.4480372e-13  3.9714087e-13  1.2305388e-13
   618 :  5.5236458e-16  4.2580731e-16 -4.6731712e-16
   619 : -4.4669146e-21  5.9282340e-21  3.3098948e-21
   620 :  3.5921809e-14 -5.0381101e-14  9.4371381e-14
   621 : -1.2411510e-10  1.8679464e-10  2.1662623e-10
   622 : -1.9400802e-03 -8.4632933e-03 -6.5915639e-04
   623 :  4.7790861e-06 -2.0207879e-06  1.4984607e-06
   624 : -6.1247141e-12  5.6273617e-11 -2.3312122e-11
   625 :  4.2639714e-12 -1.1167565e-11  3.1953439e-12
   626 : -1.5797839e-34  6.4246974e-34 -2.5366866e-34
   627 : -8.0808303e-23  2.9524786e-22 -1.3308310e-22
   628 : -3.0188801e-16  4.0398904e-16 -4.1288876e-17
   629 :  9.3405212e-07 -3.4720374e-07  1.5377862e-06
   630 :  2.6394900e-04  9.6411378e-05  1.2159373e-03
   631 : -9.3266277e-14  4.4849121e-13 -3.1671672e-14
   632 :  5.3827549e-26 -1.0633747e-25 -6.2983750e-27
   633 :  4.7473629e-06  3.3337158e-07 -1.4135659e-06
   634 : -8.8165975e-10 -1.0069653e-09 -1.4705217e-09
   635 : -5.3423674e-05  1.0277156e-05  1.4688330e-05
   636 :  3.5287673e-05  4.1754945e-06 -3.3465399e-05
   637 : -1.1788364e-03  8.4424103e-04 -2.5639536e-04
   638 : -1.1633203e-02  1.0243862e-02  1.3180119e-02
   639 :  4.4775009e-06 -8.2150409e-05 -3.2488329e-05
   640 : -2.4149434e-02 -4.1679994e-02  9.9025508e-03
   641 :  8.8480684e-21 -2.1258542e-20  1.9692096e-21
   642 : -6.1761259e-07  6.0226306e-07  8.0507415e-07
   643 : -1.1870030e-05  4.0864801e-06 -1.2723050e-05
   644 : -8.1674171e-06  9.9847277e-06 -8.2589680e-06
   645 : -2.3287395e-09  7.0378935e-09 -2.1974302e-10
   646 :  1.1468613e-10  2.4890968e-10 -4.8474703e-10
   647 :  1.3676876e-01  1.2233484e-01  9.2479528e-03
   648 :  3.1272534e-10 -8.1359999e-10  2.6027843e-10
   649 :  3.4263361e-05  1.0134040e-05  2.2399303e-04
   650 :  8.4711563e-12  1.0676877e-11 -3.1007902e-11
   651 : -1.5689912e-02  1.3429354e-02  1.0999542e-01
   652 :  3.3374594e-10 -1.3664069e-10  1.3225278e-10
   653 :  3.4846516e-03 -7.5401458e-04 -9.8499777e-03
   654 : -5.9509162e-17  3.5132555e-18  4.0049075e-17
   655 :  1.7559893e-10  2.0181435e-11 -1.6562519e-10
   656 :  7.0505241e-02  1.2465222e-01 -2.9728991e-02
   657 : -3.0649385e-04  7.6275213e-04 -7.1228023e-05
   658 : -1.3532625e-09  1.2954315e-09 -2.2021006e-09
   659 :  6.2701727e-08 -1.2431574e-07  2.3951312e-08
   660 : -4.2880213e-03 -1.6496447e-03 -1.3150520e-03
   661 :  1.0247647e-01  7.4520917e-02 -5.6131288e-02
   662 : -1.2283051e-16  3.7830232e-17  1.1767138e-16
   663 :  1.8272040e-04 -1.5297196e-04  6.5704089e-04
   664 : -9.8291954e-03 -5.7369408e-03  1.0303965e-02
   665 : -4.8852994e-03 -6.1900354e-05 -7.3635932e-04
   666 : -1.0819836e-27  1.2184617e-27  1.0207700e-27
   667 :  2.6025685e-18 -8.2929764e-19 -7.6780794e-19
   668 : -5.4399319e-06 -8.2960836e-06 -1.2000567e-05
   669 :  1.4493716e-34  2.3837836e-33 -2.6568587e-33
   670 :  5.7238766e-04  4.0004685e-04 -2.4398846e-04
   671 : -3.9941702e-02 -4.1399371e-02 -7.5545512e-02
   672 : -1.0257403e-03  1.1060590e-04 -5.8773361e-05
   673 :  5.5848736e-15 -8.8598568e-15 -8.8118458e-15
   674 : -1.0288517e-11  5.2884125e-12  1.7118546e-11
   675 :  1.8408057e-13  2.6741093e-14 -3.4158122e-13
   676 : -9.6162492e-11  5.1330522e-09 -5.3015528e-09
   677 :  3.7506133e-11  9.7429125e-11  1.8311444e-10
   678 :  2.6290983e-05  2.3770539e-05  2.8435880e-04
   679 :  6.2343817e-08 -2.8218412e-07 -1.3870335e-07
   680 :  1.5145716e-07 -4.1296173e-07 -3.1571433e-07
   681 : -5.9842709e-20 -1.9676966e-19  5.8807081e-19
   682 :  1.1650795e-19  3.8649235e-20 -2.5326631e-19
   683 :  9.5451215e-18 -3.2446768e-17  5.2178562e-18
   684 : -6.7869611e-23  9.6555421e-23 -1.1047880e-22
   685 : -1.2170422e-08  4.2786495e-08  1.2557767e-08
   686 :  2.6612140e-13 -5.3599015e-13  2.8302927e-13
   687 : -7.5330430e-22 -1.3130208e-21  3.6963447e-21
   688 :  6.5883343e-14 -7.8217428e-14 -1.3942722e-13
   689 :  2.7831674e-02  1.2061631e-02 -1.4863163e-02
   690 :  3.0777534e-09 -1.3859199e-10 -6.1255372e-10
   691 :  2.8096470e-09 -3.7127530e-10  9.5611196e-09
   692 : -8.6434672e-10  6.3655991e-10 -6.7612268e-11
   693 : -1.8378259e-33  2.5140248e-33  1.5978365e-33
   694 : -2.0309843e-22  3.0411238e-22  1.5625505e-22
   695 : -9.8919582e-03  2.9412592e-02  3.1554232e-03
   696 :  1.2811450e-05 -7.4480053e-06 -3.2795970e-05
   697 :  1.2552660e-09 -1.6279343e-10 -2.2637806e-09
   698 : -8.0643528e-03  2.9133251e-03 -6.6069605e-03
   699 : -1.0776763e-15  3.7047210e-15 -7.5173851e-15
   700 : -2.7008060e-28 -4.3224451e-28  1.1595296e-27
   701 :  1.9827000e-26 -6.8097555e-26  2.3784905e-26
   702 : -4.2728086e-18  1.1155910e-17 -9.8873728e-19
   703 : -1.3060646e-01 -1.0816793e-01 -6.7312173e-02
   704 :  1.6337569e-10 -1.6045313e-10  2.9996028e-10
   705 :  3.2496523e-22 -1.0696470e-20  4.9482301e-21
   706 : -4.5772157e-02  1.2414582e-01 -1.5430152e-01
   707 : -9.7844092e-07  7.9843416e-07  5.1841086e-06
   708 :  3.0538727e-07 -8.8355347e-07 -2.4044362e-07
   709 : -2.9698978e-12  3.5723067e-12 -4.6248093e-12
   710 :  9.9077413e-16  9.7238874e-16 -6.2981432e-15
   711 :  4.0484077e-11 -1.7572156e-11 -6.0875484e-12
   712 :  3.2184251e-05  1.3467426e-04 -4.9236122e-05
   713 :  2.6042799e-10  5.5156626e-10 -1.1215304e-09
   714 :  4.4634197e-03 -6.7273822e-03  5.4212379e-02
   715 :  1.9302146e-08 -5.3097749e-09 -5.8247893e-09
   716 :  1.7898647e-23 -1.5432899e-22  3.1873360e-22
   717 : -1.5184921e-06  6.0754006e-06  6.5867255e-07
   718 : -1.0137628e-10 -5.9710794e-11  2.5482207e-10
   719 :  4.3681179e-06 -5.1620422e-07  2.9223712e-06
   720 : -3.8243400e-02 -4.0360258e-02 -7.1160691e-02
   721 : -2.7695574e-03 -3.1788147e-03 -1.2424894e-03
   722 :  1.0091626e-20 -5.7412105e-20  1.9373650e-20
   723 : -4.2022168e-20  2.7189276e-19 -1.7161249e-19
   724 : -2.6657673e-19  5.4980625e-19 -1.2650587e-19
   725 : -9.7725539e-05  2.4304666e-04  5.0694655e-04
   726 :  1.4351181e-13  3.6161074e-14 -7.3274069e-14
   727 :  6.0503597e-04 -1.5987791e-04  5.5054521e-04
   728 : -2.1676209e-06  5.6824170e-06  6.4825331e-06
   729 :  3.8987606e-09  5.8359974e-08 -1.2701307e-08
   730 : -1.1318044e-09  7.6594514e-10 -1.1229213e-09
   731 :  1.4964792e-19 -1.0030755e-19 -2.0773230e-20
   732 : -4.6051906e-17  8.1717218e-18 -1.1485449e-17
   733 : -1.1698346e-09 -1.9684592e-09  8.4991808e-10
   734 :  2.1411864e-01  1.4151600e-01  2.8824616e-01
   735 : -7.0352707e-10 -6.9914707e-10  1.3600354e-10
   736 :  1.1298729e-01  1.6636521e-02  1.3655427e-02
   737 :  2.2008855e-13  1.2041853e-13 -3.1865375e-14
   738 :  4.3156432e-06 -1.8572288e-05  3.0737941e-06
   739 : -5.0060690e-02 -2.2904451e-02  4.7021547e-02
   740 : -7.5822487e-09  2.6468965e-08 -6.9030111e-09
   741 : -1.3781366e-03 -3.6244320e-03  2.4126585e-04
   742 :  1.0149392e-11  1.6036946e-10 -1.4673712e-10
   743 : -8.0654382e-09 -6.8136057e-09  2.8491349e-08
   744 : -2.1234771e-01 -1.1711761e-01  1.7895347e-02
   745 :  2.5137313e-20 -4.6074384e-20 -2.0492938e-20
   746 :  7.4782993e-17  5.8728124e-17 -2.6115878e-16
   747 :  5.5426119e-13 -1.6932452e-12  3.1354409e-12
   748 : -2.6866070e-09 -3.3151092e-09  1.2323780e-08
   749 :  8.8539275e-07  4.0793335e-06  9.2628765e-06
   750 :  5.7831568e-22  4.7394214e-21 -8.1226291e-21
   751 :  7.9145722e-02 -3.4884914e-03 -1.6201313e-02
   752 :  5.1888347e-10 -3.8966247e-10 -7.6669873e-10
   753 : -3.6463850e-07  6.2812960e-06 -3.1513485e-07
   754 : -1.5213291e-17 -3.8763738e-18  3.6905875e-17
   755 : -6.2181931e-02 -1.2677482e-02 -1.0840593e-01
   756 :  2.7828370e-12 -2.9013476e-12 -3.3498210e-12
   757 : -9.2841722e-33  2.7620875e-33  2.8384241e-33
   758 :  1.6847634e-01  1.5020977e-01 -6.6960456e-02
   759 : -1.5062266e-09  1.2094793e-09 -1.4808846e-09
   760 :  7.8838552e-15 -2.6337104e-14  7.3562240e-15
   761 : -1.6395387e-10 -6.4622911e-09  2.6452880e-09
   762 :  1.1736500e-01 -3.2219825e-02  4.1530376e-04
   763 : -3.3515752e-24  9.4791543e-24 -2.9851916e-24
   764 : -2.6281829e-25 -1.1242184e-24  6.7338866e-25
   765 :  5.8851003e-02  7.8951637e-02  9.1767429e-03
   766 : -5.8195944e-12  1.1565605e-11 -5.2325086e-12
   767 : -1.6990208e-02 -2.0800234e-02  5.3019852e-02
   768 :  2.1168377e-22  6.4195045e-22 -1.3615606e-21
   769 : -5.8378872e-02 -4.2724312e-03 -8.2020847e-03
   770 :  1.6827764e-08 -1.0936959e-08 -5.4776697e-09
   771 : -7.2196503e-06 -9.4762176e-06 -1.4153968e-05
   772 :  8.8203727e-04  2.5773753e-04  1.3012319e-04
   773 : -5.1073126e-11  1.1373118e-10  2.7915579e-12
   774 : -2.6808589e-01 -2.4836228e-02 -5.8967319e-03
   775 :  3.0828492e-01  6.4148332e-02  5.7114517e-02
   776 :  4.7483877e-11 -2.9557450e-10  2.0373642e-10
   777 :  3.0438116e-10 -4.3425616e-09 -5.2430590e-09
   778 : -6.5236446e-09  2.4786436e-08 -5.2941848e-09
   779 : -2.4224880e-18  4.4696922e-18 -9.7920920e-19
   780 : -3.5700039e-03 -2.3901421e-03 -7.4231782e-03
   781 : -1.9825370e-20  1.7127926e-20 -2.1232579e-20
   782 :  4.7004485e-33  8.2222878e-34 -5.1343536e-33
   783 : -4.2417420e-10 -6.9658390e-10  3.9535538e-09
   784 :  4.4403600e-11 -2.4408845e-10  2.0900308e-10
   785 :  3.5644576e-20 -8.6600857e-20  1.1371284e-20
   786 : -2.4981340e-01  5.6968693e-02 -3.3496893e-01
   787 :  3.2148558e-04  4.1177860e-02  8.8238219e-02
   788 : -1.1644069e-20  5.4739572e-21  2.5002926e-21
   789 : -1.4198278e-19  2.0117985e-19 -5.5234206e-20
   790 :  1.7883419e-07 -6.4184916e-08 -5.0838469e-07
   791 :  2.5373272e-06 -3.3862770e-07 -4.8337379e-07
   792 :  3.7504847e-04  1.3971515e-04  3.8974083e-04
   793 :  7.2238684e-04 -1.7503209e-04  1.3270619e-04
   794 : -1.5745359e-08  1.0306490e-08  4.3832804e-08
   795 : -5.7705230e-04 -7.6062668e-04  1.3137087e-03
   796 : -8.9601539e-05 -3.5330841e-05 -1.2567615e-05
   797 : -6.2741485e-22  1.7037575e-21 -3.1447483e-21
   798 : -1.0046030e-06 -8.5054394e-07  3.0833830e-09
   799 : -1.9501700e-14  9.3802353e-12 -7.9777719e-12
   800 : -5.6069203e-03  6.0858965e-02 -1.9279151e-03
   801 : -1.5674659e-19 -2.1659362e-19  5.0923471e-19
   802 :  2.2406753e-11 -6.8266924e-10 -3.6585066e-10
   803 : -7.0394968e-15 -4.2185527e-15  3.8417798e-15
   804 :  6.6410444e-02 -9.5771213e-04 -1.3130666e-02
   805 :  1.0216116e-09 -4.8130947e-09  4.0060324e-10
   806 : -2.3710598e-18  6.6200920e-19 -9.0696423e-19
   807 : -8.0476888e-22 -1.5371843e-21  1.0290915e-21
   808 : -1.9439096e-01 -2.2641870e-03 -1.4259046e-02
   809 : -2.0739355e-14  5.6680328e-14 -7.4609296e-14
   810 : -8.2580020e-21 -1.7273772e-20  5.0574401e-20
   811 :  6.2615695e-34 -1.2539936e-33  1.7375473e-33
   812 : -1.8832075e-11 -1.9083572e-11  5.5769761e-11
   813 :  1.1580857e-09 -2.7438523e-09  2.5110267e-10
   814 :  5.3729537e-30  1.5467262e-31 -5.6869861e-30
   815 :  7.1460267e-34  5.1102738e-34  3.1147451e-34
   816 : -5.7970025e-28  1.4580110e-28  2.1243183e-28
   817 : -5.0679116e-30 -5.2190996e-30  1.5521965e-29
   818 :  1.3003687e-31 -6.7843635e-31  4.0754374e-31
   819 : -5.9448253e-11  1.6785744e-10 -2.7942917e-10
   820 : -6.7366469e-31  1.8659944e-30 -3.8441083e-31
   821 :  2.3778888e-04  5.1074876e-04 -3.6504493e-04
   822 : -2.8955393e-08  1.1350184e-07 -5.1040918e-08
   823 :  3.8858944e-15 -9.7765013e-15  1.3491965e-15
   824 : -1.6330954e-16 -8.7487023e-16  1.7969423e-15
   825 :  5.6552822e-25 -3.3173557e-25 -7.7501598e-25
   826 : -2.1593028e-05  1.8197038e-05  2.1944232e-05
   827 : -4.8028594e-18 -3.5416853e-18  4.1203958e-18
   828 : -4.5294509e-13  1.4164006e-12 -4.0391121e-13
   829 : -2.2765601e-07 -1.8151550e-07  1.6141285e-07
   830 :  2.8088295e-01  1.1343532e-01  3.7900834e-01
   831 :  1.8511062e-01  3.8124287e-01  1.5628714e-01
   832 : -7.8151069e-11  1.3037464e-10  6.6352915e-11
   833 :  1.7314481e-01  6.3106634e-02  1.9761796e-01
   834 :  2.8958837e-28 -2.5680463e-28  2.4128870e-28
   835 : -7.9769736e-33  4.3912983e-32 -8.4877289e-32
   836 : -2.7134449e-09  1.2193059e-08 -4.5884668e-09
   837 :  1.3064429e-18 -2.2958192e-19 -5.2333272e-19
   838 : -1.0998500e-06 -9.9321607e-07  3.2572192e-06
   839 : -3.9124382e-14  8.1260332e-15  7.1742121e-14
   840 : -2.1908602e-17 -8.8019330e-18  4.2496217e-17
   841 :  7.0933501e-16 -2.3915375e-16 -2.2639355e-16
   842 : -1.6655532e-12 -4.4554632e-12  2.5984572e-12
   843 : -7.8814247e-17  3.5238189e-17  1.3422907e-16
   844 : -2.4652454e-11 -3.1696538e-11  9.8991326e-11
   845 :  3.4100402e-23 -4.8495129e-23  7.3092285e-23
   846 : -2.3673548e-08  3.6266203e-08 -6.6620828e-09
   847 :  4.4355287e-13  1.0469603e-12 -2.5403042e-12
   848 :  3.4988022e-36 -9.9476482e-38 -1.6992760e-36
   849 :  1.5716637e-16  1.4245525e-14 -2.1864255e-15
   850 :  2.9204908e-13 -2.3624362e-13  5.2875899e-13
   851 :  3.6339171e-15  3.3790924e-15 -1.2015593e-14
   852 : -8.1552027e-27  4.3191800e-26 -1.6919919e-26
   853 :  3.2253138e-06  9.8396405e-06 -2.1028091e-05
   854 : -8.3303191e-37 -3.6488851e-36  8.4584562e-36
   855 :  5.5920253e-05 -3.4790588e-06 -1.0829202e-04
   856 :  1.3359005e-06 -7.4203662e-07 -2.2720197e-07
   857 :  2.6588370e-04 -3.0797989e-04  6.4706594e-04
   858 : -4.5943312e-07  7.4202831e-08  1.5501399e-07
   859 : -2.3552889e-25  4.0335781e-25  1.3232520e-25
   860 :  3.9692075e-08  4.9731258e-08 -3.3288997e-08
   861 :  4.2666021e-08 -2.6025002e-08  3.4340074e-08
   862 :  1.6069626e-08 -5.9037468e-09 -5.2550699e-09
   863 :  5.3590945e-06  3.6117379e-06 -9.2565407e-06
   864 : -5.6035528e-05  7.3375746e-06 -7.7507888e-05
   865 : -7.0032003e-03  3.6067736e-03 -4.9165586e-03
   866 : -1.6440709e-01 -1.0184830e-01 -1.4582103e-01
   867 : -4.9194579e-03 -1.3998020e-02 -3.7987347e-03
   868 : -6.2782771e-11  2.2282216e-12  1.3819939e-10
   869 : -1.8521431e-11  1.2926018e-10 -2.1916740e-11
   870 : -1.9734903e-12 -2.4800700e-11  9.1495741e-12
   871 :  1.5561290e-05  3.4833830e-07 -6.2472115e-05
   872 : -6.5500561e-05 -1.2463840e-05  1.2695457e-05
   873 :  8.2143981e-02 -2.1473166e-02 -3.1355825e-02
   874 : -2.1559464e-02 -2.5251504e-03  8.5529204e-02
   875 :  2.0001813e-15 -4.3659530e-16 -5.4113207e-16
   876 : -4.9470394e-15  2.5207368e-16  1.1587905e-14
   877 : -2.7020433e-30  3.8225691e-30 -4.9912076e-30
   878 : -6.9716455e-28  1.5811882e-27 -3.3744357e-28
   879 : -1.0045828e-17  1.9681552e-17 -3.0403192e-17
   880 : -7.9012645e-16  7.8996023e-16  1.7886601e-17
   881 :  1.2052470e-29 -3.7108879e-30 -4.5568187e-30
   882 : -3.6902156e-28  2.0019552e-28  5.4942355e-28
   883 :  1.2752958e-17 -7.3717875e-18  2.7401671e-18
   884 :  3.3665700e-17 -2.4394768e-16  9.1659082e-17
   885 :  9.0478496e-08 -1.8197436e-07 -4.9486497e-08
   886 : -3.2477630e-08  5.3003888e-10  2.4316935e-08
   887 :  9.3850031e-08  6.4942562e-08 -1.2198367e-07
   888 : -3.1537755e-07 -6.1190237e-07  2.5894092e-07
   889 :  2.2655797e-02  6.0941026e-02 -7.5480777e-03
   890 : -3.2753285e-03 -9.4464019e-03  1.0150656e-02
   891 :  7.1890532e-16 -9.7452240e-16  1.3027288e-15
   892 :  1.9598921e-14 -5.9665583e-14  1.7113088e-14
   893 :  1.7775513e-08 -5.3795614e-09 -7.3902350e-09
   894 : -5.2042838e-08  4.6995340e-08  8.8161030e-08
   895 :  1.9851489e-02  3.1125377e-02 -3.5423518e-03
   896 : -1.0161056e-02 -2.1921950e-03  9.7220520e-03
   897 : -2.9759530e-17  3.2032775e-18  2.0631183e-17
   898 :  1.9936849e-16 -2.3416373e-16 -2.6087868e-16
   899 : -7.4086557e-03  1.5542128e-03  9.7572932e-03
   900 :  4.8993274e-03 -4.2040091e-03 -4.7138294e-03
   901 :  1.5105535e-10  7.7033010e-11 -3.6400986e-10
   902 : -2.0144049e-09 -9.9338552e-10  2.8114824e-09
   903 : -3.6719073e-05 -8.1820690e-05  2.6897416e-05
   904 :  8.2751937e-06  4.1861421e-06 -2.6268505e-06
   905 : -3.6443167e-05 -6.8887263e-05  3.5006951e-06
   906 :  1.5654673e-03 -4.4678152e-03 -1.0325547e-03
   907 :  3.7677301e-04 -1.6370162e-04  7.0589487e-04
   908 :  1.5045472e-07 -2.9871147e-07  9.7914088e-07
   909 :  2.5586849e-06  9.4149673e-07 -2.0604686e-06
   910 :  1.2124430e-06 -2.0388242e-05  3.6281850e-06
   911 :  4.8511100e-06  2.1724579e-07  1.5026318e-06
