Number of elements 912
     0 : -6.6386444e-26  3.0631414e-28  1.3625030e-25
     1 : -1.4705740e-14  3.6344013e-14 -6.1303224e-15
     2 :  8.9594952e-02 -2.6067421e-01  9.3807686e-03
     3 :  5.9402355e-18 -1.5267796e-18 -1.0742619e-17
     4 :  1.9393790e-01  1.2133926e-01  1.7417679e-01
     5 : -3.8902211e-02 -3.5096590e-03  1.1626832e-01
     6 :  6.8936180e-39  1.7020412e-38 -3.0989328e-38
     7 :  5.5829483e-14 -6.0462148e-13  3.3834395e-13
     8 :  2.6540414e-12  2.7931522e-12 -2.4830738e-12
     9 :  4.9135206e-36 -3.2422871e-35  2.1662810e-35
    10 :  1.1780181e-12  7.0806893e-14 -2.6116080e-12
    11 : -3.1329135e-39  5.8188472e-39  6.8460169e-40
    12 : -1.3833308e-01  2.3624513e-01  2.0122137e-01
    13 : -9.5817640e-10  1.1778941e-09 -1.6916263e-09
    14 :  2.7587628e-20 -6.0158003e-20  1.1060992e-20
    15 :  1.5992065e-12  1.8945650e-11 -1.0703930e-11
    16 :  4.4264292e-41 -8.9808757e-41 -2.7250395e-42
    17 : -2.8644438e-29  7.0664116e-29 -7.5320299e-30
    18 :  9.5532416e-12 -3.7374314e-11  9.9117358e-12
    19 :  2.8372618e-48 -4.0642563e-48 -2.2313317e-48
    20 :  2.2840286e-29 -3.4451603e-29 -6.5723851e-30
    21 :  4.0329100e-10  8.1687008e-09 -6.9633316e-09
    22 : -9.1475240e-10 -3.1288615e-09  1.5863637e-09
    23 :  1.6129397e-44 -1.3748391e-44  1.3665071e-44
    24 :  1.8788081e-14  9.1267543e-16 -4.9125061e-14
    25 : -7.8541427e-47 -8.8898906e-47  7.8067140e-47
    26 :  1.6973663e-13  3.7797449e-13 -2.3635473e-13
    27 : -1.4618780e-09  6.0833965e-09 -8.8171247e-10
    28 :  3.0697787e-10 -2.7970742e-09  1.3012429e-09
    29 : -3.6648810e-16 -1.8738768e-15  2.7362654e-15
    30 :  2.9948185e-12 -2.9165041e-12 -3.3827623e-12
    31 :  6.2539783e-19 -3.0598665e-19 -9.9268120e-19
    32 :  1.7292934e-38  2.2177844e-38 -5.9462058e-38
    33 : -2.2271228e-07  3.9301137e-07  2.2794386e-07
    34 :  9.0595549e-49 -5.0667645e-49 -1.3160014e-48
    35 : -7.6844629e-19  9.1023823e-20  1.4856931e-18
    36 : -2.8192299e-02 -4.9437390e-03  1.9158100e-01
    37 : -1.1456953e-05 -4.8870111e-06  6.2226960e-06
    38 :  1.2296860e-10 -2.4547910e-09  3.1914425e-10
    39 :  2.9701544e-15  9.3363861e-15 -1.6325874e-14
    40 :  2.4844486e-16 -6.6919959e-16  1.4927386e-16
    41 : -6.3938565e-09  1.2192588e-08  2.2676443e-09
    42 : -2.8962119e-46  5.1084670e-46 -6.7918934e-47
    43 : -3.0291491e-27  5.9878344e-27  1.0894597e-28
    44 : -2.8023594e-07  1.3892593e-06 -8.9765336e-07
    45 :  9.4628271e-22  1.7139831e-21 -4.5589211e-21
    46 : -2.1470704e-22  1.4447597e-22 -8.9877036e-23
    47 :  8.4085746e-38  4.8707470e-37 -1.0811386e-36
    48 :  2.2795471e-41  8.0516948e-40 -3.3252799e-40
    49 :  2.4603440e-11 -9.7312435e-11  4.3106549e-11
    50 :  4.6638270e-08  6.7980933e-07 -2.5808469e-07
    51 : -8.7531377e-03  2.2526770e-03  8.0572637e-04
    52 : -1.5078409e-11  4.5840566e-11 -9.3828046e-12
    53 :  2.4822462e-38 -1.7308154e-38  8.0647136e-39
    54 : -5.9686408e-09  8.0810862e-09 -1.9664421e-08
    55 :  2.7244195e-09  1.5499624e-09 -1.0999474e-08
    56 :  3.6356043e-02  1.2006214e-01 -1.0563734e-02
    57 : -1.4127965e-10 -4.8761977e-10  1.1832126e-09
    58 : -8.1500820e-05  2.6122999e-04 -8.8918158e-05
    59 : -7.5613060e-12 -1.5386796e-11  9.3504902e-12
    60 : -5.7501364e-08  5.7732848e-08  8.4220261e-08
    61 :  7.5612164e-04 -4.9809962e-04  4.6646279e-04
    62 :  4.9137562e-14  2.8784313e-15 -2.3368216e-14
    63 :  9.1323495e-07  3.7806514e-07 -4.2962520e-07
    64 : -3.9136356e-13  2.7957741e-13  5.3456023e-13
    65 : -1.9854978e-16  2.7466956e-16 -4.7814915e-17
    66 : -1.1217448e-18  2.5388491e-18 -4.4904463e-20
    67 : -3.0351189e-40  1.1486625e-41  6.1134290e-40
    68 :  3.4915743e-40 -4.2412663e-40 -2.8721165e-40
    69 : -3.3561740e-40  2.5862139e-40  4.2411387e-40
    70 : -1.0092596e-21 -9.6657464e-22  3.0481916e-21
    71 : -1.1092762e-07 -1.9568027e-07  1.6695006e-07
    72 : -5.4644874e-43  3.1934602e-42 -2.0664468e-42
    73 : -3.7221759e-06  3.4863365e-06  1.0726181e-05
    74 :  4.5016579e-31  1.2462505e-30 -8.4006233e-31
    75 :  6.9556317e-31  5.3397330e-31 -5.8917523e-31
    76 :  8.8253134e-43  8.9808144e-44 -4.4845542e-43
    77 : -2.1976501e-33  7.5185808e-33 -3.0741154e-33
    78 : -3.5944614e-36  8.8520646e-36 -9.1174170e-37
    79 :  4.2084156e-27 -4.2052898e-27  4.6359686e-27
    80 :  9.6551404e-58  3.2150510e-55 -1.8850591e-55
    81 :  5.6055375e-37  2.4920837e-36 -1.5195328e-36
    82 :  5.9437662e-01  2.5812993e-01  7.7264002e-01
    83 : -7.3516475e-51 -9.9920671e-49  1.0104426e-48
    84 :  1.2914766e-46 -6.8334577e-46  3.1588996e-46
    85 : -1.3964008e-02  5.4709459e-02 -2.9251325e-02
    86 : -4.9926472e-29 -4.6242614e-29  1.4605447e-28
    87 : -5.0264785e-27  8.6666152e-27  1.6477505e-27
    88 :  1.6171672e-17  1.2225066e-17 -1.3634874e-17
    89 :  9.8821031e-05 -1.6278517e-05 -4.5810151e-05
    90 : -9.5729296e-44 -3.1123737e-43  2.0231939e-43
    91 :  2.0926247e-01  3.1717180e-02  1.2507621e-01
    92 :  5.7407257e-22 -7.2403100e-22  1.0130319e-22
    93 : -1.3926627e-54  1.5925077e-55  8.5281810e-55
    94 : -3.6642026e-25  1.6649690e-26  2.8584178e-25
    95 :  3.5648622e-40 -9.2816599e-41 -1.6950670e-40
    96 : -7.4753508e-19  1.6204926e-18 -2.3886846e-18
    97 : -6.2480519e-20 -1.7318996e-20  1.4033635e-19
    98 :  5.7775749e-01 -8.2902234e-02  1.5956613e-01
    99 : -6.0246119e-37 -3.6141795e-36  2.1298157e-36
   100 : -1.0734074e-38  8.7462514e-39  5.8573997e-39
   101 :  3.2266397e-17 -2.3338584e-17 -4.0270268e-18
   102 : -1.4650575e-11 -1.3963085e-10  6.6525170e-11
   103 :  2.3084333e-50 -2.3754483e-50 -2.3113663e-50
   104 : -1.2199876e-22  2.4879361e-23  4.4157962e-23
   105 : -1.0112161e-11  2.0120096e-12  6.3285268e-12
   106 :  2.4452303e-15 -1.5823610e-15 -3.9521865e-15
   107 :  2.3617053e-16 -5.8516079e-15 -2.0436501e-15
   108 :  2.8220419e-14  3.4756617e-14 -1.0565988e-13
   109 :  5.6712939e-11  1.3235853e-10 -4.6751124e-10
   110 : -1.0292342e-06  4.5328947e-06 -1.1111395e-06
   111 : -4.5085502e-14  1.2489498e-14  1.2850599e-14
   112 : -1.9693737e-35 -2.9611775e-35  7.2371915e-35
   113 : -7.9459777e-03  1.1957635e-03  1.3249357e-03
   114 : -6.1688903e-21  3.9832712e-21  5.9088105e-21
   115 :  5.6912741e-10  1.7858623e-09 -1.0074456e-09
   116 : -3.8443316e-06  4.3862705e-06 -4.4067140e-07
   117 :  2.0979838e-01  1.2315623e-01  2.7086739e-02
   118 :  7.7761386e-01  1.9580961e-01  5.3493897e-02
   119 : -9.4125014e-42 -2.5758559e-42  1.4689107e-41
   120 : -3.0934519e-21 -1.3503475e-20  3.1088575e-20
   121 :  1.2489419e-32 -3.6625103e-31  2.6735437e-31
   122 : -1.4672203e-10  7.5406159e-10 -5.4337252e-10
   123 : -7.8419645e-51  4.9120815e-50 -4.9277339e-50
   124 :  2.4262659e-37 -1.8766609e-37 -2.6241486e-38
   125 :  3.6337105e-53 -1.1416256e-52  4.1546385e-53
   126 :  4.4083956e-29 -8.9139969e-29 -4.3616458e-30
   127 : -1.0600015e-30  1.2099436e-30  9.9215828e-31
   128 : -1.5656696e-10 -4.3416756e-11  3.6763409e-10
   129 :  8.0337864e-26  1.0490953e-25 -2.9430277e-25
   130 :  2.3152303e-03  1.1493933e-03 -3.0906538e-03
   131 :  1.2607955e-08 -2.0950985e-08  1.6080377e-08
   132 :  2.8751072e-09 -9.8548708e-09  2.7149272e-09
   133 :  2.4407201e-06 -5.0640635e-06  1.0626662e-07
   134 : -2.1244759e-10  1.1836768e-10 -1.1944884e-10
   135 :  5.0031320e-12  6.6913712e-12 -1.6094697e-11
   136 :  9.4391800e-16  4.4280592e-16 -7.2203638e-16
   137 : -1.4001033e-12  1.2419058e-11 -9.7730939e-12
   138 :  7.8920679e-14  2.0716602e-13 -2.3013139e-13
   139 :  1.6797696e-13 -3.0317791e-13  6.9215335e-14
   140 : -1.3132146e-33  1.9650230e-33 -3.2031409e-34
   141 : -8.1668878e-32  7.3681787e-32  9.5145188e-32
   142 :  3.3816089e-14 -1.6402758e-13  2.6931226e-13
   143 :  8.6473521e-43  3.8693718e-42 -6.9105077e-42
   144 :  1.2764334e-15  1.2253002e-15 -1.1312253e-15
   145 : -2.0430789e-19  2.8347684e-18 -1.2411413e-18
   146 :  1.1254473e-23 -1.6769682e-23 -6.8329527e-24
   147 :  3.1567994e-41 -1.7320001e-41 -6.1263740e-42
   148 :  2.2043794e-23 -2.3187888e-23 -2.1278199e-23
   149 :  2.3413913e-01  1.1873864e-02  1.5129245e-01
   150 :  4.4798850e-21  2.2801289e-18 -2.2843798e-18
   151 :  2.9039062e-30  2.7156910e-30 -8.7121917e-30
   152 :  1.0011655e-25  3.1979344e-26 -6.2353409e-26
   153 :  6.0176136e-01  1.4820956e-01  2.5187023e-01
   154 : -1.2997566e-54  8.2702483e-55  1.7639659e-54
   155 :  6.0951324e-42 -5.2418912e-42 -8.5924848e-42
   156 :  4.5978340e-44 -6.1233400e-44  7.7295181e-45
   157 : -4.5101916e-21 -4.6845681e-21  1.4008220e-20
   158 :  5.3006521e-13 -7.5645851e-13  2.2369965e-13
   159 :  3.6776398e-17  1.3488294e-16 -8.4336963e-17
   160 : -8.3792758e-53  1.6988396e-53  3.3216901e-53
   161 :  4.4630490e-52  3.6486205e-50 -7.3855466e-50
   162 : -3.2644671e-02  1.2040318e-01  2.3594557e-02
   163 : -1.8007203e-09 -1.0638158e-09  4.4007021e-09
   164 :  1.3767627e-28 -9.1012485e-30 -2.7663738e-28
   165 :  5.3824494e-16 -8.1077997e-15  7.0315298e-15
   166 :  5.7794416e-44 -3.5187731e-45 -1.1462218e-43
   167 :  8.3070567e-13 -4.4538861e-13  1.4329903e-13
   168 :  1.4104855e-08 -4.2681509e-08  1.0303425e-08
   169 :  9.3551656e-01 -2.4290376e-02  2.7085995e-01
   170 :  2.1223792e-40 -1.4061742e-39  2.6964383e-39
   171 :  4.8139599e-40 -1.8038989e-39  3.1412578e-39
   172 : -3.7573561e-08  4.5453667e-08  4.7498564e-08
   173 : -1.0752809e-10 -2.4926420e-10  7.1794894e-10
   174 :  2.0570397e-14 -4.6305888e-14  1.5824322e-15
   175 :  7.0056873e-23 -5.3402523e-23  5.0535340e-23
   176 :  2.4614322e-36 -2.2642858e-36 -2.8183547e-36
   177 : -1.1917501e-14  1.0451497e-13 -7.6705562e-14
   178 :  1.0011996e+00  2.6764599e-01  7.6525495e-01
   179 : -2.0606507e-13  8.3442211e-13 -6.3338542e-13
   180 : -6.2390690e-42  1.4141177e-42  1.1287515e-41
   181 :  1.3200000e-08 -3.2471204e-09 -2.9452800e-08
   182 :  3.8693962e-25 -2.3747287e-26 -3.4114598e-25
   183 :  2.0065442e-06  1.1830926e-07 -2.3065625e-06
   184 :  6.3770419e-55  1.0501233e-53 -5.5108771e-54
   185 : -4.8111743e-30  2.2858768e-30  1.2239464e-30
   186 : -1.6611006e-20 -1.9251889e-20  5.7212123e-20
   187 :  1.3188096e-12 -5.8125027e-12  3.0390683e-12
   188 :  5.6023317e-01  4.5455951e-01  7.0743042e-01
   189 :  1.9821579e-13  6.8910329e-13 -1.0489480e-12
   190 :  7.0699737e-16 -2.9600876e-15  1.0642930e-15
   191 :  1.3431092e-50 -1.0534338e-50 -1.7020117e-50
   192 :  7.9562548e-08 -5.1000467e-08 -1.7204934e-07
   193 : -1.8146757e-02  8.9216268e-02 -1.7948963e-02
   194 :  5.3411282e-01  2.9925563e-01  2.4165879e-02
   195 : -1.3966252e-21 -3.9440394e-22  8.8519725e-22
   196 :  2.7024724e-42 -2.7824035e-42 -2.7745294e-42
   197 :  6.8053887e-43 -1.0755221e-42 -2.9476996e-43
   198 : -5.2547830e-18 -2.7002373e-19  5.9016127e-18
   199 :  1.1280749e-03 -2.4708648e-03  8.8026713e-04
   200 :  2.1218963e-38  4.1012801e-38 -8.9352900e-38
   201 :  8.2428058e-09 -1.5421804e-09 -4.1846764e-09
   202 :  1.4848156e-22 -7.9961062e-22 -7.8388156e-22
   203 :  9.0965746e-46  4.2635027e-46 -6.5040369e-46
   204 :  6.3558390e-22  2.9698944e-23 -7.1303007e-22
   205 :  5.6821269e-09 -3.7890113e-08  1.6077484e-08
   206 : -1.5673369e-45  6.7024929e-46 -1.5716041e-47
   207 : -2.1420188e-43  1.4217931e-43 -7.7028836e-44
   208 : -7.0649751e-32  3.9129414e-32  8.5307528e-32
   209 :  4.2098695e-01  2.2846523e-01  2.9912699e-01
   210 :  2.6146339e-23 -4.0218649e-23 -1.2983422e-23
   211 :  5.9569285e-45 -2.1528882e-45 -1.5032340e-45
   212 : -8.4889118e-13  5.9991399e-13  1.8245817e-13
   213 :  1.6956306e-42 -7.2621726e-42  6.9862715e-42
   214 :  2.1601199e-01  2.8215219e-01  4.7561384e-03
   215 :  6.6381305e-01  4.1474739e-02 -1.9095429e-01
   216 :  4.5116449e-12 -4.3732378e-12 -5.1443302e-12
   217 :  1.6881748e-53  8.7078023e-53 -5.1301221e-53
   218 :  4.1248585e-34  5.3253352e-34 -1.3843168e-33
   219 :  2.5845300e-10 -2.7298125e-09  3.8639260e-09
   220 :  4.5837063e-30  5.3391598e-29 -1.1685813e-28
   221 :  1.0115107e-36  3.9416027e-37 -2.4376705e-36
   222 :  6.3393451e-04 -2.4921653e-04  5.4422150e-04
   223 :  1.3375001e-06 -1.3683515e-05  7.2720185e-06
   224 :  2.7311492e-17  2.3804185e-18 -5.9025174e-17
   225 :  1.4829089e-28 -2.5317200e-28 -4.3733939e-29
   226 : -4.0001141e-38  2.1960098e-38  1.2994067e-38
   227 : -6.2425048e-23  2.4005294e-22 -4.4250216e-22
   228 : -2.4997741e-18  4.9128531e-18  4.5834050e-19
   229 :  1.9524566e-24  1.5180003e-24 -1.6610685e-24
   230 : -6.5660679e-38 -2.9395168e-38  4.5924400e-38
   231 :  3.3309672e-39 -5.8977041e-38  5.2079365e-38
   232 :  1.1797834e-50  1.3726672e-50 -1.2607164e-50
   233 :  1.4628408e-36 -1.5113385e-36 -1.2632627e-36
   234 : -1.2276616e-02  7.0321955e-03 -9.0105610e-03
   235 : -2.1848133e-08  1.7266645e-08 -1.5689556e-08
   236 : -9.6415145e-35  2.1947558e-34 -1.9228075e-35
   237 : -7.2327451e-32  9.6687188e-32  3.7315682e-32
   238 :  2.5527788e-48  3.2400420e-49 -1.4334265e-48
   239 : -1.0128800e-37  3.8916452e-36 -7.8064972e-36
   240 :  2.6781027e-43 -1.3317138e-43 -4.1508341e-43
   241 :  1.3621501e-10 -1.1860934e-09  3.8095105e-10
   242 : -2.3946317e-10 -1.1873408e-10  4.8105130e-10
   243 :  4.2266380e-05 -7.0447406e-05  7.3590055e-05
   244 : -1.8088921e-07 -3.2031514e-07  1.0095000e-06
   245 :  1.8058504e-35  7.2673249e-36 -4.1046102e-35
   246 : -3.8956802e-11  2.2008276e-11  6.4840282e-12
   247 :  3.0504226e-04 -2.2274593e-04  2.6891988e-04
   248 :  3.6569243e-53  2.3735277e-53 -9.7663723e-53
   249 : -8.1638307e-27  1.3941563e-27  1.5669092e-26
   250 :  2.1788403e-10 -4.6232415e-11 -1.0002649e-10
   251 : -2.5748336e-19  6.7989402e-19 -6.7284501e-20
   252 : -1.5235590e-38  2.8892165e-38 -3.9677404e-39
   253 :  3.1280534e-47 -3.7678782e-47  4.5798497e-47
   254 : -1.4265835e-03  3.5711006e-04  4.9920776e-04
   255 : -6.5216131e-21  6.9421007e-22  1.8281141e-21
   256 :  9.3160687e-12  7.0410047e-11 -3.5961471e-11
   257 :  7.5602097e-07 -5.9584530e-07  1.1995254e-06
   258 : -2.9485113e-22 -8.0962957e-22  1.8648988e-21
   259 :  2.2404516e-31  9.8112814e-31 -2.2745084e-30
   260 :  6.9836323e-11  1.7533620e-10 -3.1193299e-10
   261 : -6.6593081e-22 -1.2270550e-21  4.3761947e-21
   262 :  2.4583731e-35 -5.5125070e-35  2.6163392e-35
   263 : -3.8565606e-40  4.1548199e-40  3.7797327e-40
   264 : -7.7451245e-21 -3.8762633e-21  1.5947702e-20
   265 :  1.0988646e-09 -6.2267942e-10  4.7797445e-10
   266 :  7.9118616e-27  2.2300780e-26 -1.4469766e-26
   267 :  3.9151686e-25 -2.3366226e-25 -7.2075211e-26
   268 :  7.4187117e-41 -2.0990573e-40  3.5075127e-40
   269 :  1.2082435e-04 -2.7796959e-05 -6.1503159e-05
   270 : -5.5152731e-24  4.1234555e-23 -2.7558549e-23
   271 : -4.3455310e-09 -4.0205257e-10  5.7924924e-09
   272 : -9.2597380e-24  9.6401872e-24 -1.0994483e-23
   273 : -9.3474385e-40 -1.4855997e-39  3.3913890e-39
   274 : -1.5301111e-11 -5.3403102e-11  1.1044802e-10
   275 : -4.6567001e-33 -1.4915228e-32  2.5074707e-32
   276 :  1.6558967e-07 -2.8175873e-08  1.4154751e-08
   277 :  1.9281445e-35 -2.5468111e-35 -1.4148852e-35
   278 :  1.2041305e-11  1.4055329e-12 -2.9485874e-11
   279 :  3.6346868e-19 -7.5990359e-20 -1.4057419e-19
   280 :  2.2709827e-02  2.6883752e-01  7.7573453e-02
   281 : -1.8461376e-19  2.6579844e-19  1.2597888e-19
   282 : -1.0357728e-27  4.3545980e-27 -8.0972832e-27
   283 :  1.0854123e-32 -5.3411300e-32  3.1445109e-32
   284 :  2.2252481e-35 -2.9568800e-34 -1.9182486e-34
   285 : -6.3180530e-03 -1.7053978e-03  3.8502233e-03
   286 : -1.2018680e-11  1.8738672e-11  1.0042396e-11
   287 :  1.0928580e-14  1.5190868e-16 -5.0204770e-15
   288 :  1.8938217e-01  1.2363453e-01  1.8801240e-01
   289 : -9.5321229e-16 -4.9779452e-16  2.0589736e-15
   290 : -1.2954977e-02 -2.5475880e-03 -4.2989145e-03
   291 : -1.5086223e-19  1.9999544e-19 -2.2738305e-20
   292 :  1.3843146e-05 -9.2315561e-06 -1.9746345e-05
   293 : -3.7881906e-31  1.7830539e-31  5.9066740e-31
   294 :  1.5696034e-13  9.5783079e-13 -2.1769150e-12
   295 :  1.3818235e-44 -5.3623984e-45 -4.0901302e-45
   296 :  1.6419196e-08 -1.4197106e-07  1.1924345e-07
   297 : -5.0555592e-17  1.2033511e-16 -9.4505150e-18
   298 :  3.5187250e-18  6.1671139e-18 -5.3608436e-18
   299 : -1.6850797e-48 -9.9726795e-49  4.2414278e-48
   300 : -4.4732490e-08 -3.0050241e-08  2.6016274e-08
   301 : -2.0006750e-20 -6.6709650e-21  1.2367591e-20
   302 :  1.2357796e-11 -4.2244344e-11  1.3269475e-11
   303 :  8.7140527e-14 -8.1852523e-14 -2.0922514e-15
   304 :  1.6208470e-13 -4.8464419e-13  7.2523493e-13
   305 :  6.8339367e-22 -9.9365849e-23 -2.6920426e-22
   306 :  4.1726452e-06  3.5516182e-06 -1.4772595e-06
   307 :  5.8918213e-13 -2.1160300e-13 -2.7694626e-13
   308 : -4.8115920e-19  1.1839153e-18 -2.1499336e-18
   309 :  4.0097405e-48  3.8468317e-47 -2.1086365e-47
   310 :  1.8868901e-15 -5.5210197e-16 -3.5395549e-15
   311 :  1.1905192e-11  1.7365816e-12 -2.8163397e-11
   312 :  5.3879337e-43  5.2634704e-43 -1.5717228e-42
   313 :  1.4140736e-31 -4.7070395e-31  1.3690326e-31
   314 : -5.5251786e-48 -1.2169963e-46  2.4979060e-46
   315 : -5.1599585e-37 -2.4472732e-36  1.4449500e-36
   316 : -2.2732007e-05 -1.3933637e-05  1.1554888e-05
   317 :  1.0574813e-48 -6.1521802e-48  3.9098885e-48
   318 : -9.2178072e-09 -2.3343879e-08  9.8756204e-09
   319 :  3.5833029e-09  6.8636835e-09 -1.4448720e-08
   320 :  1.0269680e+00  2.8522735e-01  1.0621466e-01
   321 :  1.2677916e-05 -1.3032906e-05 -2.4581448e-05
   322 :  1.3692934e-46 -3.5102657e-46  7.6077010e-47
   323 :  2.8009684e-52 -3.7980700e-52  4.8528400e-53
   324 : -1.9073526e-35  1.0514396e-34 -4.0743540e-35
   325 :  1.2411651e-30  5.1296960e-31 -2.3014881e-30
   326 : -4.0810686e-04  7.5644047e-04  5.8028114e-04
   327 :  7.2131845e-01  6.0308090e-01  7.7343973e-01
   328 :  1.3946988e-10  6.5259604e-11 -1.1640459e-10
   329 :  1.0516014e-33 -1.8147225e-33  3.8429359e-34
   330 : -1.2749222e-50  4.2694510e-51  2.1230312e-50
   331 : -5.5376999e-23  6.8351603e-23  4.7378397e-23
   332 : -4.5630784e-13 -4.3219107e-13  4.2546617e-13
   333 : -6.2162341e-31  5.9633745e-31 -6.2695673e-31
   334 :  5.1288188e-09 -4.9707459e-08  3.4767781e-08
   335 : -2.1265224e-12  4.0613980e-12  5.5795446e-13
   336 :  2.0987823e-11 -2.3239580e-11 -2.1576324e-11
   337 : -1.2968613e-46 -2.5381888e-45  2.8954669e-45
   338 :  1.6063841e-10 -2.9431739e-10  6.5571817e-11
   339 : -2.2629486e-33  3.0535328e-33  1.6627974e-33
   340 : -5.1036753e-10  6.2372993e-10  3.2686811e-09
   341 :  8.9965154e-44 -8.1452237e-44 -4.0794781e-45
   342 : -2.8977192e-37  1.9402640e-37  3.9886403e-37
   343 : -5.0994597e-19  2.8334901e-19  1.0918104e-19
   344 : -4.3329019e-08 -6.0648592e-09  4.6290846e-09
   345 : -8.8637972e-03  2.6593975e-03  1.3367137e-03
   346 : -5.1152451e-37 -9.8353569e-37  7.2631855e-37
   347 : -2.0699825e-09  8.1486372e-10 -5.4326251e-10
   348 :  4.1262107e-19 -1.2974221e-18  4.3884780e-19
   349 :  1.0254816e-20 -7.3433062e-21  5.1273883e-21
   350 :  1.4057144e-08  1.4224177e-08 -5.1536413e-08
   351 : -1.1253552e-29  2.5142142e-29 -6.8689575e-30
   352 : -7.6908059e-08  1.0546464e-08  5.2435688e-08
   353 :  6.0643494e-13 -2.5485172e-13 -1.7903876e-13
   354 :  2.8335245e-01  3.3107077e-01  3.3025583e-01
   355 :  2.2520960e-01  1.4337210e-01  1.0407555e-01
   356 :  1.2893741e-45  2.5061407e-45 -5.2645089e-45
   357 :  3.4810571e-08  7.7287597e-08 -2.1528284e-07
   358 : -6.7753568e-22  8.5578786e-22  5.6540168e-22
   359 :  4.3308045e-53 -1.4649180e-52  5.1536233e-53
   360 : -5.8363291e-09  1.9853333e-10  5.9315180e-09
   361 :  3.0301226e-28  1.7549352e-27 -9.9097003e-28
   362 :  5.0173350e-20 -1.4473603e-19  2.6949226e-19
   363 : -1.6788467e-24 -2.8116455e-25  2.2605882e-24
   364 : -7.7884780e-26  7.1779787e-26  2.3969431e-27
   365 :  2.6110310e-20 -1.9192435e-20 -2.7377700e-20
   366 :  4.9578196e-41 -6.6974775e-40  5.6358084e-40
   367 :  5.0030091e-16 -3.8337845e-16  6.4243395e-16
   368 :  1.0184148e-10  6.1020171e-11 -2.2570451e-10
   369 :  8.1792701e-22 -2.2596679e-20  2.7886726e-20
   370 : -4.3137185e-26  2.9292000e-25 -2.0963969e-25
   371 : -5.9176692e-42  6.9236531e-42 -8.0979326e-42
   372 :  7.9563079e-20 -9.2458673e-20 -6.8063274e-20
   373 :  4.6217513e-13  3.2529877e-13 -1.2497804e-12
   374 : -4.5855961e-03  1.1849447e-03  1.2736900e-03
   375 : -6.1239431e-30 -7.6988276e-30  6.6011218e-30
   376 :  1.4172676e-46 -2.2796262e-45  1.9784966e-45
   377 : -1.0782141e-17  1.2759047e-17 -1.0429237e-18
   378 :  2.6708528e-25 -8.2987336e-25  2.4915725e-25
   379 : -1.4744737e-49  4.0910183e-49 -1.1607957e-49
   380 : -8.2216435e-06  5.9799805e-07  1.9179936e-06
   381 :  9.8786175e-22 -2.9668653e-22 -3.3011730e-22
   382 :  7.6458118e-31 -9.2045980e-31 -6.2793360e-31
   383 : -3.2046119e-07 -3.8576020e-07  2.5047819e-07
   384 : -1.8635676e-28  5.7371095e-28 -2.1136432e-28
   385 : -9.9567116e-12  1.7893717e-11  4.1000446e-12
   386 : -1.7250422e-05  5.6763535e-06  3.5634578e-06
   387 : -1.7538806e-33 -1.0899355e-33  4.6831446e-33
   388 :  5.8835956e-03 -5.2224712e-03 -4.0276528e-03
   389 : -1.2810479e-27  3.1174865e-27 -3.3014309e-28
   390 :  1.0942178e-10 -1.9683953e-10 -6.2618401e-11
   391 : -3.2194675e-23  3.1298636e-22 -1.3876587e-22
   392 :  3.0205482e-07 -1.4438885e-07  7.8551482e-08
   393 :  2.3956035e-07  2.3044497e-06 -2.6661883e-06
   394 :  5.8219323e-28 -7.8777762e-28 -4.2068459e-28
   395 :  7.2901916e-17 -9.4828301e-18 -5.2941609e-17
   396 : -2.1789218e-50  4.9668635e-49 -9.8246676e-49
   397 :  1.3464805e-07 -8.9530922e-07  1.4454439e-07
   398 :  6.3654447e-14 -2.1328344e-13  6.7393159e-14
   399 : -2.2079678e-07  5.5230269e-06 -2.6806926e-06
   400 : -8.7052109e-15 -2.9165922e-14  7.4324588e-14
   401 :  3.6407337e-12 -5.7991936e-12 -2.7243471e-12
   402 :  1.0669669e-26 -5.3162996e-27 -2.6690910e-28
   403 :  1.5249976e-25 -1.0558725e-24  7.3760056e-25
   404 :  9.0810239e-42 -1.5478672e-41 -8.3516091e-42
   405 :  2.3115379e-18  1.5292143e-16 -1.3032389e-16
   406 : -1.3700941e-08  1.8901158e-09  4.3066199e-09
   407 : -5.6982859e-06  2.6720521e-06 -9.1845532e-07
   408 :  3.1190365e-05 -2.8226307e-05 -1.9887973e-06
   409 :  4.1507371e-15  4.4110525e-15 -4.0078466e-15
   410 : -3.3968002e-02 -2.8565883e-02 -6.5506048e-02
   411 : -2.3430825e-15  6.5386677e-15 -1.4985797e-15
   412 : -2.4562297e-12  1.5301673e-12  4.3064935e-12
   413 :  1.8784742e-45  4.6016036e-45 -9.1872809e-45
   414 : -1.3446428e-02  5.1990109e-03 -1.1575815e-02
   415 :  5.8015336e-15 -2.0346285e-14  8.0581568e-15
   416 :  3.7221018e-33 -1.5359766e-32  2.8018082e-32
   417 : -1.6037070e-09  1.3878067e-08 -3.4596951e-08
   418 :  4.4507747e-06 -5.6024452e-07 -2.0139961e-05
   419 : -4.9389755e-42  2.8762090e-41 -1.1518320e-41
   420 : -2.1795745e-38 -1.7756764e-39  4.5770322e-38
   421 : -5.2727797e-35  2.5472371e-34 -1.4238180e-34
   422 : -4.5816364e-20  2.3625652e-20  6.3770611e-21
   423 : -2.7519788e-16  1.0299215e-15 -3.2690750e-16
   424 :  2.2902548e-28 -6.0190329e-28  1.8254808e-28
   425 :  1.0447257e-34 -5.3903623e-34  2.0899327e-34
   426 : -9.9728700e-24  3.7300305e-24  2.9807731e-24
   427 :  3.0173231e-27 -5.7460657e-27  4.3044670e-27
   428 : -9.9540157e-27  1.9610150e-26  1.1289277e-27
   429 :  8.3762900e-13  3.7241498e-13 -5.0029723e-13
   430 :  1.3352130e-11 -1.8281386e-11 -1.1637399e-11
   431 :  9.6565504e-17 -1.8558964e-16 -2.5066527e-17
   432 :  1.4003075e-19 -2.0299472e-19  2.9062043e-19
   433 : -7.7077820e-45  3.7480500e-44 -2.2149447e-44
   434 :  2.3279871e-04 -4.7475508e-05 -7.0216012e-05
   435 :  5.3349747e-15 -2.8909259e-15  6.8103343e-16
   436 : -1.6216042e-29 -2.6524168e-29  7.0193141e-29
   437 :  3.6489244e-09 -4.8677358e-09  6.8721284e-09
   438 :  6.9341008e-10 -6.2573160e-10  9.3371736e-10
   439 : -3.6094370e-07  3.3952475e-07 -3.4909985e-07
   440 : -7.5713440e-36 -7.0736034e-37  1.0141563e-35
   441 : -6.9923519e-49 -3.9588545e-49  1.4222711e-48
   442 :  9.9563958e-09 -4.8517891e-11 -5.7515247e-09
   443 : -5.4247327e-19  9.0350287e-19  2.3673446e-19
   444 : -1.2734555e-09  3.7431710e-10  1.6969322e-10
   445 :  2.9272679e-23 -5.2956524e-24 -3.1152781e-23
   446 : -6.3333396e-03 -6.9743016e-03  3.9387100e-03
   447 : -7.4245848e-24 -7.7834383e-24  2.7084690e-23
   448 : -2.4567598e-14 -7.3125951e-14  3.8401326e-14
   449 :  4.1411162e-44 -1.4747575e-43  6.4046545e-44
   450 : -5.3281944e-47  7.8898593e-47  2.8768388e-47
   451 :  5.3980300e-04  7.6212673e-04  4.5417419e-05
   452 :  2.0989829e-01  1.5973026e-01  1.4508505e-01
   453 : -3.8151540e-03  3.9787822e-04  1.6858378e-03
   454 :  1.5340142e-01 -3.4445680e-02  2.7898460e-01
   455 : -3.4935915e-27 -4.6945378e-27 -2.4863023e-26
   456 :  8.4674111e-14 -3.1222977e-14 -1.6305561e-14
   457 :  2.3176090e-49  5.9485461e-49 -9.8478454e-49
   458 :  1.8053492e-23  1.1173611e-22 -1.6910692e-22
   459 :  1.4861971e-15 -1.1331385e-15 -2.5201508e-15
   460 :  1.8913080e-13 -4.4606117e-13 -1.1113863e-14
   461 : -3.6891750e-24  1.9369340e-24  5.7315851e-24
   462 : -6.3374451e-20  1.8981527e-19 -5.9568117e-20
   463 : -1.1462656e-34 -1.0866407e-34  2.9921261e-34
   464 :  2.0510720e-09  6.0484652e-09 -3.3706150e-09
   465 :  7.1517689e-14 -2.1797470e-14 -2.6201641e-14
   466 : -1.4603961e-06  5.7362855e-07  3.5534916e-07
   467 :  4.9894145e-37 -2.7810805e-37  7.9484971e-38
   468 : -3.7343437e-32  3.5382098e-32  1.2144119e-33
   469 : -8.5823041e-49  5.2389699e-49  9.1054955e-49
   470 :  3.4851379e-46 -3.9149504e-46  1.9874342e-47
   471 : -9.3429115e-29  3.0006772e-29  3.9889948e-29
   472 :  4.8247989e-34 -8.6567795e-34 -1.3583405e-34
   473 :  9.0184959e-12  2.1640922e-11 -4.2483452e-11
   474 : -3.6050615e-40 -4.9925342e-41  7.8581853e-40
   475 : -8.0220443e-29 -2.7829792e-28  6.8161780e-28
   476 : -3.0499740e-27 -5.1930229e-28  1.7028022e-27
   477 :  7.9175212e-53 -5.4748656e-52  1.0466764e-51
   478 :  4.1031135e-15  1.2416963e-14 -2.3182363e-14
   479 : -3.6313328e-51  7.2129601e-51  7.0395796e-53
   480 : -1.0084200e-04 -4.1337000e-05  3.0383337e-04
   481 : -1.3656958e-26  3.7497883e-26 -7.7363965e-26
   482 : -3.4975817e-39  1.1444107e-38 -3.9355848e-39
   483 :  1.0872148e-06  1.6140229e-06  1.4508766e-06
   484 : -5.7221452e-16 -4.3163332e-15  2.0108781e-15
   485 : -2.2355573e-14  1.8537898e-14  2.7969724e-14
   486 :  2.0293439e-01 -1.7523471e-02  1.4434620e-01
   487 :  7.2332631e-13  3.5829043e-13 -1.1904626e-12
   488 :  3.1873087e-05 -4.8777011e-05 -2.3034051e-05
   489 : -2.0591313e-41 -7.5376374e-42  4.9260487e-41
   490 :  7.6399557e-38 -7.1818375e-36  3.5110428e-36
   491 : -7.2227867e-38  8.9011925e-38 -8.7409315e-39
   492 : -8.7662604e-12  2.5029084e-11 -4.6092459e-11
   493 : -4.7621733e-08  1.2220087e-07 -4.1551586e-08
   494 :  2.9588298e-06  2.0232687e-06 -4.9120577e-06
   495 :  1.3451296e-18  5.6902957e-18 -6.2190075e-18
   496 : -2.9853584e-32  2.0714061e-32  3.9438485e-32
   497 :  7.3800275e-48  5.9029834e-47 -3.2441950e-47
   498 :  7.7751323e-45  5.8047933e-44 -1.2752356e-43
   499 : -4.9618688e-05  4.9971940e-05 -6.0794298e-05
   500 : -3.9378137e-48  1.6782166e-48  6.3603893e-48
   501 :  1.6921978e-53 -5.1349972e-52  3.8887882e-52
   502 : -5.4926799e-12 -1.5114518e-09  7.9629126e-10
   503 :  2.4061175e-11  1.4957801e-09 -5.3787855e-10
   504 : -4.0032934e-16  3.4761443e-15 -1.4982141e-15
   505 :  2.0410675e-04 -9.6060662e-05 -2.4405763e-05
   506 : -1.5539790e-34  5.8545580e-34 -2.6892475e-34
   507 : -3.0560024e-33  3.9819085e-32 -5.2428649e-32
   508 :  1.2097192e-31 -1.7179830e-31  2.4225274e-32
   509 :  1.4766785e-12  3.5814564e-13 -2.2400162e-12
   510 : -6.7712432e-32  6.7052649e-32  1.7135617e-31
   511 :  5.7136531e-24 -2.1827052e-24 -2.2815132e-24
   512 : -5.1415692e-25 -7.4362428e-24  3.8077651e-24
   513 : -3.5492658e-18 -2.0946271e-18  9.3971512e-18
   514 :  3.2411833e-16 -2.2385836e-15  7.3800048e-16
   515 : -1.8450760e-07 -3.2094400e-08  2.9675041e-07
   516 :  7.0224913e-33  1.8156887e-32 -1.2442196e-32
   517 : -3.1581970e-07  9.6695575e-08 -5.1863962e-08
   518 : -5.9268992e-16  2.4026609e-17  5.2859623e-16
   519 : -1.3185247e-23  1.1303980e-23  1.6002422e-23
   520 : -6.2559557e-20  2.2474445e-19  1.6659135e-18
   521 :  8.0729337e-09 -5.6582113e-09  2.0613395e-09
   522 :  2.7763811e-01  3.1073782e-01  2.6486227e-02
   523 : -3.6277020e-06 -5.3996960e-07  1.7240902e-06
   524 : -6.4304432e-18  1.8002587e-18  2.0821718e-18
   525 : -1.8669449e-15  2.4685581e-15 -4.0018047e-15
   526 :  4.4812230e-26  2.7783035e-25 -3.1014482e-25
   527 : -3.8985900e-40  1.4429913e-39 -1.2069744e-39
   528 : -2.2848685e-02  5.0165650e-02  6.0680573e-04
   529 :  1.2246176e-12 -9.0911159e-12  5.6909055e-12
   530 :  6.1992708e-06 -1.3916568e-05  2.1417301e-06
   531 : -8.0438234e-11  8.3947350e-12  2.8937788e-11
   532 : -1.2135632e-24  9.3695411e-24 -6.7985336e-24
   533 :  2.2339280e-53 -2.8157508e-53  3.4499876e-53
   534 : -8.5157701e-54 -2.3923816e-53  5.5082967e-53
   535 : -5.7783545e-39 -1.7470703e-38  2.7025837e-38
   536 : -9.4266335e-07  2.5137816e-07  2.7952275e-07
   537 : -1.1881231e-10 -1.8122371e-10  9.0717803e-11
   538 :  2.8938022e-14 -5.4973976e-14  9.5587950e-14
   539 :  1.2828189e-39 -3.8199770e-39  9.7419584e-40
   540 :  5.6768360e-35  6.9797229e-35 -1.5448663e-34
   541 : -2.8006592e-33  1.4396940e-32 -1.0770532e-32
   542 : -3.3925072e-18 -2.1308506e-18  2.2227998e-18
   543 :  1.4490466e-41  1.3485394e-41 -1.3933864e-41
   544 :  5.8153256e-17 -1.0744417e-16 -2.1763818e-17
   545 :  7.8065566e-30  2.0436811e-30 -1.8110543e-29
   546 :  2.4694935e-06  1.2345917e-06 -1.3497326e-05
   547 : -1.3103142e-38  2.3038763e-38  3.3095093e-39
   548 :  2.4422537e-08  1.3412673e-09 -4.1486151e-08
   549 : -2.7158106e-32 -5.8379409e-32  1.5049231e-31
   550 :  1.7335446e-12 -5.1372450e-12  1.1837094e-12
   551 : -1.5432762e-07 -2.0354949e-07  7.7763357e-07
   552 : -2.4120990e-09  9.9053539e-09 -2.0809368e-09
   553 :  2.8523100e-10 -6.7512054e-11 -1.1381879e-10
   554 :  4.1075919e-31 -1.5322891e-30  5.4811577e-31
   555 : -3.0082696e-18  4.6713747e-18  2.0389404e-18
   556 :  3.5080387e-33  3.7608483e-33 -3.5188935e-33
   557 :  2.3825647e-01  1.7067809e-01  2.3283991e-01
   558 :  2.5191427e-12 -9.0493913e-12  1.8932991e-12
   559 : -2.5446905e-08 -2.6858499e-08  4.6377686e-08
   560 : -1.1578591e-11  2.4642154e-12  4.0645375e-12
   561 : -7.9129104e-03  9.6646063e-04 -9.5269518e-05
   562 :  1.7920268e-25 -7.5279226e-26 -4.9724093e-26
   563 :  1.4624438e-46 -6.0736392e-47 -2.2148398e-47
   564 :  1.2541732e-06 -4.0179715e-07  8.7816717e-07
   565 : -4.4380193e-05  1.5896993e-05 -2.0103848e-05
   566 :  1.2649502e-35 -6.2621196e-35  6.8350154e-35
   567 :  2.5428614e-19 -1.8401402e-18  1.2713606e-18
   568 : -4.7503136e-09 -5.0609948e-08  1.5487665e-07
   569 :  3.4238257e-07 -2.2077066e-07 -9.5164562e-08
   570 :  3.3019326e-30 -5.7076340e-30 -1.2408094e-30
   571 : -1.9799133e-19  1.1958277e-19  3.8385465e-20
   572 :  1.2920592e-51 -2.0655892e-50  9.6260942e-51
   573 : -1.6080489e-13  9.8005833e-14  2.8466833e-13
   574 : -3.7521959e-12  7.5506440e-12 -1.3236485e-11
   575 : -4.7593938e-02  2.5897965e-01  3.2475891e-01
   576 : -5.3737452e-16 -2.8877480e-15  4.2719594e-15
   577 :  1.9391518e-01  1.9701633e-01  1.6272951e-01
   578 :  4.6804873e-56 -2.4119880e-55  7.9173246e-56
   579 :  3.3865316e-04  2.7918648e-04 -2.1518687e-04
   580 :  6.0429625e-02  1.7334454e-02 -2.0002399e-02
   581 :  8.2802086e-31  1.3939565e-30 -3.1559053e-30
   582 :  3.9191606e-51 -1.8018542e-50  6.9397316e-51
   583 :  5.8593099e-29 -2.1240144e-28  9.0525091e-29
   584 :  8.8608540e-43 -1.9931655e-42  2.1605502e-43
   585 :  2.1484764e-07 -4.1447998e-07  1.0042873e-07
   586 :  4.1899666e-37  6.4147823e-37 -1.5286042e-36
   587 : -5.5966566e-26 -2.0187512e-26  1.3045760e-25
   588 :  9.5480191e-35 -1.0465563e-34  4.2864993e-36
   589 :  5.1162661e-08 -1.9887341e-08 -9.8030591e-08
   590 : -8.7267340e-09 -9.7733397e-09  2.7111773e-08
   591 : -4.3015353e-47  6.9715571e-47  1.6611054e-47
   592 :  2.3974642e-31 -1.3368759e-31  3.1546330e-32
   593 :  1.7647489e-23 -3.3370300e-24 -1.0302085e-23
   594 :  1.1413344e-26 -4.8315561e-27 -3.1663488e-27
   595 :  1.9068692e-13 -9.5947860e-15 -1.5886934e-13
   596 :  1.1653610e-15 -3.9959227e-15  1.0116352e-15
   597 : -4.9263888e-21 -1.6870543e-21  7.9230728e-21
   598 : -1.3081290e-25 -9.8714574e-25  5.5125480e-25
   599 :  8.1246694e-04 -2.7939187e-04  9.4030072e-04
   600 : -5.7239063e-17 -1.3146506e-17  1.3231800e-16
   601 : -1.8011641e-03  4.3600724e-04  1.2165149e-03
   602 : -3.3266457e-37 -2.3981005e-36  1.3244454e-36
   603 : -1.6395823e-41 -5.1292072e-41  4.9101985e-41
   604 :  5.0488244e-30  2.7556099e-30 -1.0589915e-29
   605 : -1.0540703e-22  1.8917253e-22  3.1925565e-23
   606 :  1.2982409e-01  2.6975338e-02  3.0034125e-01
   607 :  4.2386731e-17 -2.9158318e-17 -6.3033114e-17
   608 :  1.7903820e-33  9.2161517e-33 -5.2790424e-33
   609 :  5.7366281e-29  8.0017523e-29 -9.4278773e-29
   610 : -5.1260380e-41 -9.9951701e-41  2.5284011e-40
   611 : -2.8261006e-04  9.1910045e-05  1.6404138e-04
   612 :  6.2664995e-17 -2.3885700e-16  1.1373616e-16
   613 :  7.7930602e-22  3.6021595e-22 -1.9737583e-21
   614 : -5.3310783e-09  8.7624136e-09  3.0907165e-09
   615 : -8.5918022e-21 -1.2382950e-19  1.4069658e-19
   616 :  1.5707685e-43 -1.3720942e-43 -1.7961892e-43
   617 : -6.9503415e-22  3.2834024e-22  1.7131910e-22
   618 : -1.4460813e-26  2.8100216e-27  5.7323845e-27
   619 : -2.2783735e-35 -6.8681675e-34  7.3449270e-34
   620 : -1.9641522e-23  2.5165032e-23 -3.3321878e-23
   621 : -8.1485910e-18 -2.4476035e-17  4.1192523e-17
   622 :  1.3291583e-05 -3.4571155e-05 -1.1060854e-05
   623 :  1.9257128e-10 -2.8178352e-11 -1.0683318e-10
   624 :  8.6804450e-20  1.8820155e-19 -1.1593119e-19
   625 : -8.9936839e-20  1.5286774e-19 -3.1661803e-20
   626 : -1.0786450e-55  4.2022421e-55 -1.5849322e-55
   627 :  3.4657916e-36 -6.6091669e-36 -3.4351598e-37
   628 :  1.1856335e-26 -2.3460962e-26  5.7199436e-27
   629 : -1.1669198e-10  3.6048720e-10 -8.0582445e-11
   630 :  2.8881277e-07 -1.1512200e-07 -2.1998953e-07
   631 :  5.7187874e-23 -2.4896586e-22  7.5498973e-23
   632 : -1.0750182e-41  2.3598329e-41 -1.9525270e-42
   633 :  1.0008401e-10 -6.3645189e-11 -8.2192476e-12
   634 : -1.7162084e-15 -3.3103339e-15  1.0217592e-14
   635 : -4.0631770e-09  8.8303082e-10  8.5063764e-10
   636 : -4.1520709e-09  3.1007610e-09  1.8231441e-09
   637 :  1.0774621e-06 -7.9090605e-07  1.3375415e-06
   638 : -7.6887411e-06 -2.8775998e-05  1.7771292e-05
   639 :  3.3058333e-08  2.9545849e-08 -2.3424256e-08
   640 :  2.3431107e-01 -2.0961087e-02  3.2262270e-01
   641 :  4.6068143e-34  3.6372687e-34 -1.2934447e-33
   642 :  8.2105635e-12 -6.7121316e-12 -1.0640125e-11
   643 : -1.3259965e-10 -8.7666129e-10  2.3236190e-09
   644 : -3.3150543e-10 -3.9359074e-10  8.5613966e-10
   645 : -1.4236641e-16  1.4967703e-15 -9.0484476e-16
   646 :  2.9291236e-18  4.9211175e-18 -1.1353315e-17
   647 :  1.9120846e-03 -9.6601889e-05 -5.1645520e-03
   648 :  8.7406900e-18 -5.0479118e-18 -2.9416842e-18
   649 : -2.5838442e-08  1.3260962e-07 -1.3035977e-08
   650 :  3.0171598e-19  3.5843797e-19 -1.0436047e-18
   651 : -1.1887840e-05 -7.5491263e-05  1.2079728e-04
   652 :  4.0833383e-17  6.7810105e-17 -4.1275506e-17
   653 : -3.1355557e-06  1.0092229e-06  1.1672909e-05
   654 :  1.7745985e-28  1.3802263e-30 -1.6279683e-28
   655 :  6.0671893e-18  1.6623798e-18 -1.0098394e-17
   656 :  6.5348144e-04  7.9584139e-04 -4.9564871e-04
   657 :  6.1346677e-08 -1.2724886e-07 -1.2578703e-08
   658 :  2.0273313e-17  3.7199250e-17 -1.0564168e-16
   659 :  5.1177160e-13 -2.9166933e-13 -9.6091248e-14
   660 :  1.5166404e-06  7.5293648e-06 -1.8354896e-05
   661 : -4.1982735e-02 -1.0311804e-03  1.2874387e-01
   662 :  7.4306012e-28  1.0680386e-29 -1.0626661e-27
   663 :  1.0944908e-07 -2.1822401e-07  5.7117784e-07
   664 : -2.5483297e-06  8.5999024e-06 -1.5761361e-05
   665 :  1.9931821e-05 -5.7292180e-06 -2.7149187e-06
   666 :  6.0887934e-44 -4.4329940e-44 -7.8792992e-44
   667 :  8.0488999e-31 -1.0697466e-30  1.6109964e-30
   668 : -3.0567482e-10 -4.3535958e-10  1.7479657e-09
   669 :  9.5119721e-54 -1.8004959e-53 -4.9704122e-56
   670 :  2.7057364e-08  2.5952630e-07 -1.1298304e-07
   671 : -1.0646674e-02 -3.3692424e-02  1.4123769e-01
   672 :  1.7393635e-07 -1.4272157e-07  6.8592872e-07
   673 : -1.2330601e-24 -1.8436749e-25  2.5060840e-24
   674 :  1.9275606e-20 -2.7461867e-20 -1.2475555e-20
   675 :  3.8601965e-22 -2.2955949e-22  9.7662612e-23
   676 : -2.7092449e-15  7.7981073e-15 -1.7075505e-15
   677 : -1.5057355e-16  1.7208030e-16 -2.3288474e-16
   678 : -5.4840432e-10 -3.5504720e-09 -3.7499939e-09
   679 : -8.4003181e-14  1.7445912e-13  1.3443992e-14
   680 :  3.2448525e-12 -1.6353041e-12 -5.9583894e-12
   681 : -4.6594289e-31  4.8517061e-31 -5.5478318e-31
   682 : -6.2402617e-32  2.2807174e-32  1.1879192e-34
   683 :  1.2058487e-28 -4.6250860e-29 -2.0969938e-28
   684 : -8.4545461e-37 -1.6855636e-37  5.6055669e-37
   685 : -3.2918538e-14  7.8454175e-14 -6.4049835e-16
   686 : -5.6197896e-21  1.7475456e-21  1.7266292e-21
   687 : -5.8416356e-36  5.2775732e-36 -5.1559720e-36
   688 : -1.3882139e-22  2.1044086e-22  7.0822906e-23
   689 :  3.5151804e-04  8.1143222e-05 -1.6121495e-04
   690 : -1.5532752e-15 -1.3089384e-15  1.2517784e-15
   691 :  7.2376052e-15 -5.2506677e-15  7.1079584e-15
   692 : -9.3204413e-17  3.5913698e-16 -4.2200215e-16
   693 : -4.9856216e-54  7.2058624e-54  2.9790965e-54
   694 :  4.8341908e-36 -4.5544569e-36 -5.4594645e-36
   695 :  1.3716301e-06 -5.6299395e-06 -7.3904877e-06
   696 : -1.6828660e-09 -7.3724719e-10  4.8922139e-09
   697 :  7.8408049e-17  1.0334695e-16 -2.7730673e-16
   698 : -3.3174895e-06 -3.0794761e-05  8.9264823e-06
   699 :  3.4050456e-26 -2.4213681e-25  4.2792372e-25
   700 :  4.2847829e-45  1.1121105e-44 -2.6697681e-44
   701 : -1.2116114e-42  7.3690120e-42 -3.0650798e-42
   702 :  9.4118803e-31 -2.5097545e-30  5.9339889e-31
   703 :  1.9791116e-01  1.2304615e-01  1.9990593e-01
   704 :  6.0215536e-18 -7.8291364e-18  1.0552468e-17
   705 :  7.0777391e-36  4.8575329e-34 -2.3633778e-34
   706 : -1.6058424e-02  4.7989049e-03 -9.2170958e-03
   707 :  1.8473620e-09  2.8790184e-09 -2.0181193e-09
   708 : -2.4355282e-11 -1.2164063e-11  1.4241819e-11
   709 : -6.0542861e-21  1.1980602e-20 -1.9086565e-20
   710 : -4.7159856e-25 -1.1060876e-25  7.6754206e-25
   711 :  5.5602311e-19 -2.7411936e-19  8.8807240e-20
   712 : -5.9019860e-09 -3.5372200e-09  2.8519683e-09
   713 :  3.5702201e-18  3.3488666e-17 -6.1629777e-17
   714 :  1.5682374e-01  1.7962640e-01  2.3309822e-01
   715 :  8.7239982e-15 -3.2509697e-15 -1.4462405e-15
   716 :  7.3130993e-38  2.1862314e-37 -5.1794430e-37
   717 : -3.3117557e-11  1.6969034e-10 -8.4148411e-11
   718 :  1.2582395e-18 -2.2947088e-18  3.5812050e-18
   719 :  5.9336157e-10  6.3570678e-10 -4.8291033e-10
   720 : -3.2481171e-02  2.6243716e-03  1.2943147e-01
   721 : -1.2943490e-06  1.0496920e-06 -3.1658378e-06
   722 : -2.8975821e-33 -5.8993579e-34  1.6051497e-33
   723 :  4.6768017e-32 -5.9940553e-32 -6.7275502e-33
   724 :  1.2947460e-32 -1.4004389e-31  6.7916925e-32
   725 :  4.1221346e-08 -2.8765656e-08 -1.0782690e-07
   726 : -1.4368321e-22  2.9536901e-23  5.4520338e-23
   727 : -3.3797969e-08  3.7649463e-08 -9.3906949e-08
   728 : -1.1271201e-10  1.2853557e-10  1.8851953e-10
   729 :  5.7837691e-15 -1.3583223e-14  6.4229177e-16
   730 : -8.9091242e-17  8.4054093e-17 -1.1273943e-16
   731 : -2.0206188e-31 -3.1062542e-31  2.5420117e-31
   732 :  3.9522045e-28 -9.8158004e-29 -4.0766203e-29
   733 : -9.5071142e-17  1.4059300e-17  3.2229212e-17
   734 : -4.2459491e-04  6.2916272e-04  1.6907257e-04
   735 : -7.1639789e-18 -1.9148204e-16  8.6857156e-17
   736 : -3.5003764e-04  2.0338412e-04 -3.2057974e-05
   737 :  3.5280787e-22  4.1281167e-22 -1.2536001e-21
   738 :  1.8987421e-09 -2.5798159e-10  7.3867892e-10
   739 :  1.0210317e-01  1.5837965e-01 -2.3960969e-03
   740 : -4.7903102e-15  1.5300337e-14 -4.6392206e-15
   741 :  1.0061038e-06 -3.0301927e-06  1.0684160e-06
   742 :  4.3464710e-18  9.3654721e-18 -1.8935045e-17
   743 :  4.4359055e-16 -1.1374751e-15  2.5903772e-15
   744 : -1.9042117e-02  1.5527967e-01  5.5207082e-02
   745 : -1.6973305e-33  9.4535017e-34  2.7257806e-33
   746 :  6.1554580e-28 -2.6806080e-27  1.3260036e-27
   747 : -3.3283085e-23  4.5067763e-21 -9.7755753e-21
   748 : -5.3382712e-16 -8.1878647e-16  2.5190059e-15
   749 : -4.7400620e-10  1.1326836e-09  1.3562817e-10
   750 :  1.4108353e-35 -3.2581017e-35  5.1491377e-36
   751 :  2.3790794e-01  5.8686547e-03 -8.0023508e-02
   752 :  8.7891274e-17 -8.0370469e-17 -1.1192197e-16
   753 : -1.6538075e-10  5.6210393e-10 -1.6387260e-10
   754 :  1.8152520e-28  2.4506566e-29 -3.9422042e-28
   755 :  2.1619997e-01  5.2089061e-02  1.6740574e-01
   756 :  8.6943433e-21  3.4077237e-21 -2.1848991e-20
   757 : -5.5711878e-51  1.4721701e-51  2.0200836e-51
   758 :  4.0275534e-04  6.9327122e-04 -3.8095478e-04
   759 : -3.1255457e-16  2.0897649e-16 -1.5843844e-16
   760 : -1.8008545e-24  3.1901554e-24  5.6103036e-25
   761 :  2.8015160e-15 -5.4755378e-15 -1.0841659e-15
   762 :  2.2252947e-04 -1.2160459e-04 -9.6418937e-06
   763 :  2.4966392e-40  8.7575922e-40 -5.5960433e-40
   764 : -7.9375274e-41  5.7247584e-40 -2.4603508e-40
   765 :  2.2608914e-01  2.4094850e-01 -3.4273370e-02
   766 : -1.9665145e-19  4.7168117e-19 -6.9361508e-20
   767 : -6.7598313e-06 -6.7497502e-05  7.1550494e-05
   768 : -6.7822838e-35  1.9231622e-35  2.6636519e-35
   769 :  2.1684291e-01  1.6180293e-01  1.2254948e-01
   770 : -2.8071307e-15  4.5406695e-15 -1.4926564e-14
   771 : -3.3233462e-10  1.7469348e-09 -4.4761063e-10
   772 :  1.5237389e-06 -8.3806288e-07  1.2041744e-06
   773 : -2.2510140e-18  5.5904583e-18 -9.0971075e-19
   774 : -6.2845669e-02 -1.1336902e-01 -5.9534696e-02
   775 :  9.2992289e-04  1.2566402e-03 -4.0453351e-03
   776 :  1.1082023e-17  5.9628933e-17 -7.7461378e-17
   777 :  1.1332010e-15 -1.4610712e-15 -1.6696869e-15
   778 : -1.4747765e-15  4.7194426e-16  3.2023137e-16
   779 : -1.1648158e-29 -4.8048966e-30  8.1335875e-30
   780 : -6.3423447e-06 -1.4161209e-05  6.8619266e-07
   781 :  9.9464418e-35 -5.3222954e-34  1.0117886e-33
   782 :  2.8555670e-51  3.4208866e-51 -9.6721380e-51
   783 : -4.2651255e-16 -1.6900871e-15  3.2193269e-15
   784 : -1.2830508e-17 -2.9990961e-17  2.0547375e-17
   785 : -2.0437970e-34  4.3951039e-34 -2.5515581e-35
   786 : -5.1129543e-02 -2.0739715e-01 -3.0041732e-03
   787 :  2.9403590e-01  3.2847135e-01  3.5527459e-01
   788 : -1.5401112e-33  2.0243977e-33 -2.7900500e-33
   789 :  1.4086212e-31 -2.3012097e-32 -1.2092025e-31
   790 : -1.2111233e-13  2.0849843e-12 -1.6432063e-12
   791 :  1.2129408e-10 -1.3468976e-10  1.0787138e-11
   792 :  9.5953306e-07 -3.9091226e-07 -1.0188241e-07
   793 :  4.3693718e-07 -8.6785461e-08 -1.8533096e-07
   794 : -1.7936187e-14  3.7959654e-14  5.4007442e-15
   795 :  5.5584808e-07  3.0994320e-06 -1.2680452e-06
   796 : -2.9460538e-08  2.8816907e-08 -5.6257698e-08
   797 :  7.1184622e-35  9.0463468e-35 -8.6256959e-35
   798 : -1.9756029e-11 -3.7960081e-11  2.5360524e-11
   799 :  2.6070324e-20 -1.8474318e-19  1.2129974e-19
   800 :  1.6094795e-01  2.1988396e-01  1.3409507e-01
   801 :  3.1819783e-32  5.3043454e-33 -6.7537464e-32
   802 :  1.8639082e-16 -3.6795269e-16 -6.0153205e-17
   803 :  1.2565718e-24  1.7942513e-24 -1.4438949e-24
   804 :  2.4311470e-01  1.0806596e-02  1.1155615e-01
   805 :  3.3689702e-16 -1.1229550e-15  2.8777895e-16
   806 :  2.0519895e-30 -1.1112504e-30  3.9657656e-31
   807 :  1.5730045e-34 -3.6561778e-36 -7.5109898e-35
   808 : -6.4179704e-02  1.3648054e-01 -2.2157301e-02
   809 : -3.1896435e-23  3.6734078e-23  3.0846582e-23
   810 :  1.8217915e-33 -1.0389981e-33  3.1362463e-34
   811 :  3.7970396e-52  7.9389922e-53 -6.1518146e-52
   812 : -1.1260796e-19 -1.9395385e-19  5.4082295e-19
   813 :  9.1881226e-17 -3.0940099e-16  1.1666533e-16
   814 : -2.6110248e-47  1.8521642e-48  2.2398587e-47
   815 :  8.3245677e-53 -2.4767122e-52  4.3269153e-53
   816 :  3.5078103e-45 -1.0393799e-45 -1.2295184e-45
   817 : -1.3510603e-46 -1.3539210e-46  4.0632368e-46
   818 : -2.7062766e-50  1.5847964e-49 -1.0347559e-49
   819 : -8.1314477e-17  1.1144865e-16 -1.4315727e-16
   820 :  7.0390675e-49 -1.9197594e-48  3.8432826e-49
   821 : -5.9194535e-08 -3.6301466e-07  1.9826457e-07
   822 : -4.7797051e-13  1.2161958e-12 -2.4079910e-13
   823 : -8.6240966e-26  2.2199842e-25 -4.7423319e-26
   824 :  3.3622286e-26 -3.0695820e-26 -3.8815700e-26
   825 : -7.1631847e-39 -2.4550157e-39  1.6856619e-38
   826 : -2.2485330e-09  2.1028413e-09 -7.6506168e-10
   827 :  6.3469377e-29  3.7953639e-29 -5.0477171e-29
   828 :  3.3195954e-22 -3.5909931e-22 -1.0549636e-22
   829 :  1.1092361e-12  2.0880028e-12 -1.5007551e-12
   830 : -2.5679806e-03 -7.3580072e-03  5.0311540e-03
   831 : -9.1486168e-03  6.5894617e-03 -9.3516184e-03
   832 : -1.1342356e-17 -3.0276262e-18  2.7700711e-17
   833 : -4.3792043e-03 -7.6863990e-03  5.3532759e-03
   834 : -6.8714559e-45  5.2697207e-45 -3.7301324e-45
   835 :  1.4067707e-50 -4.1798716e-50  7.0448733e-50
   836 : -6.6074659e-15  1.5516117e-14 -4.3104762e-15
   837 : -7.3084669e-31 -1.4672427e-30  3.8183652e-30
   838 : -2.1835653e-11  2.8312586e-12  2.4002109e-11
   839 : -1.5698564e-25  7.6493708e-24 -7.1961883e-24
   840 :  6.9224849e-29  6.3608426e-29 -1.9909625e-28
   841 : -1.7940781e-26  1.1727572e-26 -5.5748823e-27
   842 :  3.8029277e-21 -6.9003727e-21  1.3942836e-21
   843 :  4.3285095e-28 -2.2216112e-28 -6.5525779e-28
   844 : -7.6021620e-19 -4.4653094e-18  9.8464186e-18
   845 : -3.3780465e-38  2.2449505e-37 -4.0964612e-37
   846 :  6.0000572e-16 -7.4185968e-15  2.7391603e-15
   847 : -2.0105466e-20  3.8272906e-20 -5.7329249e-20
   848 :  9.2982788e-56 -6.4039483e-55  2.7349540e-55
   849 :  3.0368656e-25 -9.3390167e-25 -2.1416512e-25
   850 : -1.5370858e-23  4.6994013e-22 -9.6079798e-22
   851 : -6.7630889e-25 -2.2667249e-24  3.6577155e-24
   852 : -1.7634846e-41  8.0656975e-41 -3.2470659e-41
   853 :  1.7759731e-09 -9.3065545e-10 -3.1848749e-11
   854 :  3.7066395e-56  1.8862584e-55 -4.2765731e-55
   855 : -2.1186071e-08  1.0136247e-08 -2.3207282e-09
   856 : -3.6637403e-11  3.6301999e-11 -5.4582304e-11
   857 : -4.0417856e-08 -5.4347884e-08  1.5114072e-07
   858 : -1.0493259e-12  1.2839239e-12 -8.4597880e-14
   859 :  3.5825566e-41  9.5161212e-41 -1.6912923e-40
   860 :  8.1790854e-15  1.1544680e-13 -5.4574220e-14
   861 :  3.9598451e-14 -3.1926806e-14  3.0796183e-14
   862 :  1.2234315e-15 -2.3153263e-16 -1.9628526e-15
   863 :  3.3326844e-11 -9.6732247e-11 -1.0294922e-11
   864 :  2.0578351e-10 -9.4123474e-10  2.9079654e-09
   865 : -2.2949134e-08 -5.7494778e-07  1.1424887e-06
   866 : -6.1310076e-02  1.2831623e-01  1.8109198e-01
   867 :  5.3166916e-06 -3.3060181e-05 -1.6769122e-05
   868 : -5.6433056e-18 -5.4276910e-17  6.6573056e-17
   869 : -1.1363893e-17 -4.3875612e-18  7.4482485e-18
   870 : -3.4758029e-20 -2.2381554e-19  1.2163285e-19
   871 :  8.5705438e-09  7.8135958e-09 -2.6991942e-08
   872 : -1.9966421e-08  7.2940479e-09  4.5159417e-09
   873 : -1.5702099e-02 -2.3350607e-03  8.4090846e-02
   874 :  1.1332465e-01  7.0918002e-02 -4.0233098e-02
   875 : -9.2699084e-26  3.7667705e-26  1.1897644e-27
   876 :  1.6908324e-25  1.5819061e-24 -1.9199479e-24
   877 :  3.8080339e-48 -4.7748940e-48  5.7543124e-48
   878 :  3.9523934e-45 -1.0212650e-44  2.6838730e-45
   879 :  4.4329719e-29 -4.8004768e-29  5.2364432e-29
   880 :  5.4177151e-27 -1.3112157e-26  3.7884148e-27
   881 : -6.7913870e-47  2.4002166e-47  1.9809547e-47
   882 :  8.5600397e-45 -2.4260926e-45 -1.4733174e-44
   883 : -5.4135918e-29  3.1575095e-29 -9.7542039e-30
   884 : -5.2820693e-28  3.7005358e-27 -1.5373531e-27
   885 :  2.2742602e-13 -6.0485399e-13  9.3666191e-14
   886 :  1.0760197e-14 -1.4056427e-14  2.3746867e-14
   887 : -5.1064598e-14  1.7700231e-13  1.9913404e-13
   888 : -1.8227984e-13 -2.8017225e-12  1.1533742e-12
   889 : -4.5560994e-06  3.7750644e-04 -6.7597651e-05
   890 : -3.2998552e-05  1.2397134e-06 -2.1345230e-05
   891 : -2.9808420e-27  2.0168203e-26 -3.7555334e-26
   892 : -5.6588830e-24  1.0988596e-23  4.5935827e-25
   893 :  7.5113048e-15 -2.0963500e-15 -3.2833430e-15
   894 : -1.1054397e-13  9.2831345e-14  1.4076836e-13
   895 :  4.0546275e-05  3.5148310e-05 -8.0495814e-05
   896 : -2.4026174e-06  6.9430913e-06 -1.1798816e-05
   897 :  4.6265634e-29  4.4649643e-29 -1.3633592e-28
   898 : -5.1963696e-27  8.4267151e-27  2.5228726e-27
   899 :  7.1398382e-06 -1.3152160e-06 -1.0750186e-05
   900 : -2.7186643e-06  1.5148750e-06  1.2783635e-06
   901 :  1.1601566e-18  2.0963545e-17 -4.5155309e-17
   902 : -1.5325382e-15  3.0917078e-15  3.1576678e-16
   903 : -2.9139936e-09  5.1609195e-09 -7.2874382e-10
   904 : -1.6042855e-10  2.4556002e-10 -3.1323275e-10
   905 :  1.3656878e-10  2.9992014e-09 -9.3877566e-10
   906 :  1.1440191e-06 -4.5510767e-06  2.6512633e-06
   907 :  7.2501838e-07 -3.2341527e-07  4.3619196e-08
   908 :  1.1224944e-10 -5.4293594e-11  4.8189365e-12
   909 : -1.3953156e-10 -2.4567242e-09  1.2496723e-09
   910 :  7.9872074e-11 -2.7367181e-12 -1.8878509e-10
   911 : -3.0671523e-11  8.1736843e-12  9.8245453e-12
