Number of elements 912
     0 :  8.2153974e-18 -2.7238087e-18 -1.4863549e-17
     1 :  2.2352559e-10 -5.3070519e-10  4.7821787e-11
     2 :  8.4668617e-02  6.5494691e-02 -6.6384330e-02
     3 : -5.4857926e-13  4.1214152e-13  7.7027978e-13
     4 : -2.4013567e-02  8.3003005e-02  1.2457595e-02
     5 :  4.4046761e-01  1.9433649e-01  5.3840989e-02
     6 : -1.4094173e-28 -7.0266871e-28  9.9628703e-28
     7 : -6.8015777e-10  3.2376146e-09 -1.5738357e-09
     8 : -1.5410930e-08 -1.0218460e-08  1.1378711e-08
     9 :  8.5808004e-26  1.1805624e-25 -2.9818581e-25
    10 : -1.1366348e-09 -1.7248230e-08  2.1760946e-08
    11 : -1.3728613e-28  9.1498832e-29  2.0907011e-28
    12 :  3.3790398e-01  9.6483952e-02 -6.4371889e-03
    13 :  1.7661041e-06 -1.3416476e-06  1.6221420e-06
    14 :  4.1033805e-15  2.0700489e-14 -9.1566094e-15
    15 :  4.3012346e-08 -1.5941659e-07 -2.1284891e-07
    16 : -5.0491652e-30 -9.2422858e-30  1.9227105e-29
    17 :  8.3682308e-21  7.6151664e-21 -2.6519372e-20
    18 :  3.6393420e-08 -1.2460709e-07  2.3873927e-08
    19 : -4.7927193e-35  1.5277081e-35  5.4058775e-35
    20 : -1.3563531e-20  4.8847294e-20 -2.4913297e-20
    21 :  3.5916386e-06  6.8709122e-06 -6.2449665e-06
    22 : -1.4699195e-06  1.6179978e-06  9.9181671e-07
    23 : -1.6649761e-32  5.2286939e-33  1.8444319e-32
    24 : -4.0645692e-10  6.9948628e-10  8.8493172e-10
    25 :  4.3213596e-34 -1.2433470e-33  3.4104614e-34
    26 : -1.1120629e-09 -6.0660238e-10  3.1328051e-10
    27 : -2.3981340e-06  2.7091614e-06  2.1622174e-06
    28 :  1.2618807e-06  1.2942479e-06 -7.1628821e-07
    29 :  4.9531132e-11  1.5531016e-10 -2.8205148e-10
    30 :  1.2033800e-08 -3.2742313e-08  4.2163928e-09
    31 :  1.7058345e-14 -1.7456842e-13  1.1037466e-13
    32 :  2.1481297e-27  1.9886655e-27 -6.1991119e-27
    33 : -3.3351546e-05  6.3410936e-05 -1.0723814e-05
    34 :  7.1711836e-36 -7.0534621e-36 -7.8400121e-36
    35 :  1.4923323e-13 -4.0236292e-13  2.6134489e-13
    36 : -1.1900717e-01 -5.6161391e-02 -5.0926721e-02
    37 :  1.3434123e-03  6.0457843e-04 -4.0026186e-04
    38 :  8.2324498e-07 -3.8869789e-08 -4.7811829e-07
    39 :  4.8379172e-11 -1.7645626e-10  1.0374225e-10
    40 : -2.3084267e-11  7.6951886e-11 -2.0769062e-11
    41 : -1.7477034e-06  3.5497432e-06  2.8847034e-08
    42 : -3.5169897e-34 -8.1246725e-34  1.1892304e-33
    43 :  1.0801604e-18 -1.4665387e-18 -8.2813892e-19
    44 : -8.4698722e-05 -2.4760059e-04  4.5034731e-04
    45 : -7.9022426e-15  4.9821467e-16  6.9313403e-15
    46 :  3.3786867e-15 -2.3919064e-15  2.1239135e-15
    47 : -8.7953281e-27  2.2067845e-26 -3.8939882e-26
    48 : -6.8023076e-30 -3.4698335e-29  1.3939615e-29
    49 : -4.9642690e-08  2.5814145e-07 -1.2165014e-07
    50 : -3.7618537e-05  5.3946617e-05 -2.8527635e-05
    51 :  1.6340456e-01 -2.1750738e-02  4.2617840e-02
    52 : -1.1397617e-08  7.9613551e-08 -2.0346421e-08
    53 :  5.4091422e-28  6.5289428e-29 -7.2767752e-28
    54 : -4.1977046e-06  1.4755149e-06 -6.0377523e-06
    55 :  1.6870468e-06  6.5501267e-07 -7.3980914e-06
    56 :  1.1203306e-01  1.7070991e-01  2.2612755e-01
    57 : -2.2526862e-07  1.8852719e-08 -8.7700232e-08
    58 : -1.3042404e-02  3.5539585e-02 -1.1946223e-02
    59 :  3.7477040e-08  2.3209020e-08 -1.3104531e-08
    60 :  2.9853616e-05 -2.7775224e-05 -5.8266725e-05
    61 : -2.0974517e-02  2.0489962e-03 -8.2578409e-03
    62 :  1.3305379e-10 -1.2764522e-09  2.5838825e-10
    63 :  1.9154839e-04  1.1343345e-04 -1.0945766e-04
    64 :  1.0577043e-09  6.8505818e-10 -3.2099342e-09
    65 :  1.5031003e-11 -2.6817288e-11  8.3342513e-12
    66 : -1.7532185e-13  1.2572375e-12 -5.2723745e-13
    67 : -8.3602446e-29  1.3604570e-29  1.6817717e-28
    68 : -4.0904624e-28  9.6602455e-28 -9.6912665e-29
    69 : -1.0789806e-28  1.0033770e-28  1.2763584e-28
    70 :  5.3300578e-16  3.0691908e-16 -1.3609253e-15
    71 : -2.3324717e-04  2.6840696e-04  2.6249237e-04
    72 :  1.3948357e-30 -4.2198184e-30  1.2971098e-30
    73 : -5.7884310e-04  8.4448467e-04  1.1579217e-03
    74 :  2.0119382e-21  3.6436263e-21 -2.7296591e-21
    75 : -1.3721918e-22 -7.6317497e-23  1.0923984e-22
    76 : -6.1552046e-32  1.1983823e-30 -5.0888279e-31
    77 :  5.3953471e-23 -1.2822331e-22  1.0572994e-23
    78 :  2.4370738e-26 -8.3701854e-26  2.6930339e-26
    79 :  1.8733126e-19 -1.7212622e-19  2.4416130e-19
    80 :  8.2107626e-41  1.6532147e-40 -1.3292341e-40
    81 :  5.8407638e-26  2.0192710e-25 -1.2785261e-25
    82 : -1.4120790e-01 -1.1004029e-01 -2.0991036e-01
    83 : -1.7491304e-35  1.8296890e-35  1.9140602e-35
    84 : -4.5473796e-33  1.1097829e-32 -2.2994125e-33
    85 :  3.2987610e-01  1.8645219e-01  2.8441270e-01
    86 :  2.9667199e-20  5.2370324e-21 -4.1328626e-20
    87 :  1.0150310e-18 -1.0781242e-18 -1.0912064e-18
    88 : -2.6640278e-12 -1.8835717e-12  2.1012727e-12
    89 : -6.1398583e-03  5.9976873e-04  2.6426038e-03
    90 : -1.0427894e-31 -3.5067031e-31  2.2334438e-31
    91 :  9.1885101e-02  1.3959856e-01  6.8129278e-02
    92 :  2.7233379e-15 -4.4820746e-15  1.4959823e-15
    93 : -2.0125418e-39  4.4957743e-40  8.0199319e-40
    94 :  1.5674844e-17 -1.0982118e-17 -1.0369207e-18
    95 :  2.9429393e-29 -1.5434652e-29  3.2291007e-30
    96 :  5.3709942e-13 -6.6407734e-13  8.7199906e-13
    97 :  7.1195201e-15  1.8459936e-14 -3.2376119e-14
    98 : -3.5819745e-01 -1.4666378e-01  3.1497014e-02
    99 :  2.2113515e-26  4.7810883e-26 -3.2731004e-26
   100 : -7.8735246e-28  1.1252410e-27 -1.9736351e-28
   101 :  1.4643181e-12  1.5595794e-12 -1.1391736e-12
   102 : -1.2748433e-07 -2.0886042e-07  1.0546488e-07
   103 :  4.2704506e-37 -3.0671118e-37 -5.9356022e-37
   104 :  5.0317007e-16  1.7441616e-16 -3.1067260e-16
   105 : -5.8072372e-09  2.5821727e-09  2.9735840e-09
   106 : -1.6345249e-11  1.0314868e-10 -8.4539383e-11
   107 : -4.6790826e-11  1.1180966e-10  5.5655565e-11
   108 : -3.0107703e-10 -7.1206846e-10  2.4453711e-09
   109 : -4.8099399e-07  9.2326676e-08  1.0671350e-07
   110 : -2.0561849e-04  5.8808977e-04 -1.7149135e-04
   111 :  1.6285038e-09 -4.5170886e-10 -4.1611285e-10
   112 : -3.3820735e-25  2.5079939e-25  5.1190850e-25
   113 :  1.5153024e-01 -1.6162877e-02 -1.3091703e-02
   114 : -2.6516262e-15  1.0575370e-15 -1.6711356e-15
   115 : -5.1501679e-07 -7.0305860e-07  1.6388695e-07
   116 :  1.8160096e-04  3.2181198e-04 -1.7286548e-04
   117 :  1.0176770e-01  1.8242998e-01  1.3372248e-01
   118 : -2.4666098e-01 -7.1078510e-02  4.7799756e-02
   119 : -8.1940675e-30 -1.9960500e-30  1.2487903e-29
   120 : -6.3250466e-14  3.7315971e-14 -1.9403642e-14
   121 :  1.2888439e-22 -3.8146961e-23 -1.3718181e-22
   122 :  1.4865166e-07  1.2612125e-06 -7.1302757e-07
   123 : -1.0567835e-36 -1.4440373e-36  2.7911123e-36
   124 :  6.1097497e-28 -5.7311579e-27  2.4043200e-27
   125 : -1.8046728e-39  5.1291864e-39 -1.5216477e-39
   126 : -2.9530937e-21  6.2733792e-20 -5.0807113e-20
   127 : -1.7868902e-22 -3.4126323e-22  7.5629896e-22
   128 : -1.3069917e-07 -2.2896289e-07  4.4570903e-07
   129 :  7.0779975e-19  1.1538054e-18 -3.4740252e-18
   130 : -3.5285220e-02  1.3318896e-02  1.3436778e-01
   131 :  1.7498663e-05  2.5164447e-06 -2.2444738e-05
   132 : -2.1518345e-07  5.4619950e-07  7.3261902e-07
   133 :  6.3399886e-04 -1.5976304e-03  2.8545230e-04
   134 :  1.2437460e-06 -5.2298975e-07 -2.4482385e-07
   135 : -9.9131363e-09  2.8092694e-09  2.4808423e-08
   136 : -1.2734177e-11 -4.4865972e-12  1.2938810e-11
   137 :  4.8845271e-08 -3.6844505e-08 -8.4099084e-08
   138 :  5.7247214e-11  2.1641080e-09 -1.7561486e-09
   139 : -9.6602492e-10  1.4269335e-09 -2.7108513e-10
   140 :  1.7203050e-24  2.3216748e-24 -1.8266780e-24
   141 :  3.4041900e-23 -9.5007067e-23  1.8363183e-23
   142 : -1.6607604e-09  1.0603467e-09 -2.0101271e-09
   143 : -7.3479874e-32  4.1791009e-30 -5.6411420e-30
   144 : -8.5100634e-11 -1.0994851e-10  7.6659830e-11
   145 :  3.5385003e-13 -1.0641386e-12  2.9853224e-13
   146 : -5.0287602e-16  4.1741280e-16  7.0365499e-16
   147 : -1.4144186e-30 -3.5997207e-30  2.3504493e-30
   148 : -1.0783474e-17  2.4364307e-17 -3.5989000e-18
   149 : -7.4623826e-02  1.0633579e-01  6.6887485e-02
   150 :  8.0726707e-14 -8.6327463e-13  7.3207740e-13
   151 :  4.6533303e-22 -1.7287389e-21  5.9284925e-22
   152 :  1.5619199e-18 -1.7948919e-18  1.3437289e-19
   153 : -1.0378709e-01  4.4948270e-02 -1.2440452e-01
   154 : -2.7000369e-40  9.0290705e-41  3.3789790e-40
   155 : -7.8285315e-31  3.7318688e-31 -4.2082658e-31
   156 :  2.0091694e-32 -6.9354746e-32  2.3478382e-32
   157 :  6.4742510e-15 -1.5692687e-14  2.3087505e-15
   158 :  1.5763163e-09 -3.4337090e-09  1.9248468e-09
   159 : -2.7027312e-12 -6.2791734e-12  4.2995879e-12
   160 : -3.9883126e-38  8.7081798e-39  1.5323139e-38
   161 : -4.8827149e-37  1.0057477e-36 -1.5562237e-36
   162 :  1.3972712e-01  8.3378030e-02  1.0589655e-01
   163 :  2.2237969e-06 -1.5676294e-06  2.1136168e-06
   164 : -2.5394335e-20  4.1836847e-20  1.5325987e-20
   165 : -3.8707302e-11  1.6443510e-10 -8.1884520e-11
   166 :  1.5228039e-31 -3.5005414e-32 -2.9217540e-31
   167 : -9.1249998e-09  4.0577329e-09 -4.9902194e-10
   168 :  2.5800788e-06 -4.6863897e-06  9.8873044e-07
   169 : -2.9218952e-01  1.8489990e-01  1.2972490e-01
   170 :  1.7597226e-28 -4.2595834e-29 -8.7693645e-29
   171 :  4.4784991e-31  2.4789738e-28 -5.0061625e-28
   172 :  2.0080320e-05 -3.3995180e-05 -1.7613456e-05
   173 : -3.0091231e-07 -3.1281836e-09  1.3894851e-07
   174 : -3.9247467e-10  4.1199438e-10  3.9200885e-10
   175 : -6.9048602e-16  1.8698372e-16  2.1782250e-17
   176 : -5.7198074e-27 -1.3231642e-26  2.4719113e-26
   177 :  4.2067826e-10 -1.5732415e-09  3.8316918e-10
   178 : -7.8545753e-01 -3.0042494e-01 -6.4421525e-01
   179 : -1.1968265e-09 -4.9048127e-09  6.7993230e-09
   180 :  9.3093260e-31  5.5378103e-32 -1.9813184e-30
   181 :  7.3303323e-07  4.7622611e-06 -1.8079253e-06
   182 : -9.0228166e-18  6.7829595e-18 -6.5841160e-18
   183 : -1.9277304e-04 -4.8805517e-05  2.4496978e-04
   184 :  1.1216194e-39  1.5671920e-38 -8.1113494e-39
   185 : -2.4079490e-21 -3.5876134e-22  1.2540233e-21
   186 :  3.9291214e-14  3.7120648e-15 -4.7307213e-14
   187 : -5.9542348e-09  1.2494437e-08  4.5373984e-09
   188 : -2.1263074e-01 -1.6811932e-01 -2.4068297e-01
   189 :  4.7498443e-09  4.2421763e-08 -5.0995036e-08
   190 : -6.2528636e-11  8.9664472e-11 -2.5859979e-11
   191 :  2.3483430e-36 -1.9503742e-36 -3.1309184e-36
   192 :  2.3679987e-05 -5.3916639e-05 -4.0158245e-05
   193 :  2.2716195e-01  8.6741663e-02  1.1832998e-01
   194 : -2.8313457e-01 -5.2891596e-02  2.3674532e-01
   195 :  2.3243625e-16 -3.4869364e-17 -1.3400410e-16
   196 :  4.4829101e-31 -2.2149566e-32 -9.4512200e-31
   197 : -2.6581735e-30  4.4895237e-30  9.2178025e-31
   198 :  2.7120546e-12 -5.7459734e-13 -1.3497373e-12
   199 : -2.2803821e-02  1.2179398e-01 -2.2236099e-02
   200 :  3.0166250e-27 -9.1119575e-27  4.3842070e-27
   201 :  5.8168361e-06  1.4245262e-06 -5.3527448e-06
   202 : -2.8747719e-15  1.0166877e-15  3.8953447e-16
   203 :  1.4102413e-33  1.9551129e-33 -1.5536620e-33
   204 : -5.6779294e-16  1.3046416e-14 -1.0017472e-14
   205 : -1.6893655e-05 -8.0096493e-06  1.0360865e-05
   206 : -4.5093967e-33  1.5206172e-33  7.4332871e-34
   207 : -5.5387845e-31  3.4556947e-31 -1.9091228e-31
   208 : -6.2195740e-23  1.0412213e-22 -1.3231428e-23
   209 : -4.6666307e-02  1.7075175e-01  1.9374765e-02
   210 :  5.4117667e-16 -7.1063957e-16 -4.6310374e-16
   211 :  5.3889471e-33 -3.7190274e-33  2.7629218e-33
   212 :  4.5307357e-09 -1.6867948e-08  4.1175009e-09
   213 :  2.0882102e-31 -6.1647271e-30  7.7950586e-30
   214 : -7.6100051e-02 -1.0086396e-01  1.2442443e-01
   215 : -5.1864329e-01 -1.4881558e-01 -1.3806331e-02
   216 : -8.8167502e-09  1.0120162e-08  1.0604956e-08
   217 :  1.1552810e-39  4.2022625e-39 -2.5577344e-39
   218 : -1.0552254e-24  5.5218486e-24 -3.2737423e-24
   219 : -1.3684972e-06  7.0997256e-07  1.5594286e-06
   220 :  1.6640130e-20 -2.7967393e-21 -8.4866081e-21
   221 :  9.3376784e-27 -1.3706450e-26 -7.9154680e-27
   222 : -8.9060903e-03 -2.1630809e-03 -8.8924455e-03
   223 :  1.7506258e-04  6.5609394e-04  2.8179392e-04
   224 : -1.9138206e-13 -1.6597310e-12  2.2329876e-12
   225 : -2.0999869e-21 -3.3918734e-20  3.9928976e-20
   226 : -4.7442942e-27  2.0488004e-27  1.6742631e-27
   227 : -6.0585234e-15  1.3077167e-15  2.4310504e-15
   228 :  9.7863288e-13 -1.6066569e-12 -3.2251599e-13
   229 : -2.5663585e-17  1.6397674e-17  4.0773317e-18
   230 :  1.2392764e-27  1.4354032e-27 -1.2221896e-27
   231 : -5.2347940e-28  1.7072798e-27 -5.9941300e-28
   232 : -2.1960924e-37 -1.8359841e-37  1.9483358e-37
   233 :  2.9228337e-27 -3.4624001e-26  3.3150401e-26
   234 :  1.5018886e-01 -5.1887492e-02  1.5675312e-01
   235 : -6.5018814e-05 -7.6294306e-05  1.7983929e-04
   236 : -8.1174652e-25  1.0080860e-24  7.6640787e-25
   237 :  1.0506336e-22 -6.1558520e-22  5.3543583e-22
   238 :  1.0888500e-34  1.5817575e-35 -6.1604223e-35
   239 :  1.9891746e-26 -2.2502041e-26  2.4657202e-26
   240 :  6.0414481e-32  6.4755160e-32 -1.9137294e-31
   241 :  2.9569085e-07  4.4300481e-07 -3.0284794e-07
   242 : -3.1907796e-07 -1.9429226e-07  7.0589096e-07
   243 : -5.2330530e-03 -1.8580448e-03 -7.5626646e-03
   244 :  1.2872557e-04 -2.1551458e-04  4.5697239e-04
   245 :  2.3878159e-25 -7.2208214e-26 -3.2718248e-25
   246 : -1.1396991e-07  2.5532227e-08  2.4759810e-08
   247 : -8.6817022e-03  5.2034314e-03 -1.1720300e-02
   248 :  1.5967103e-38 -2.8012606e-38 -4.6750651e-39
   249 :  1.0890163e-19  5.0177469e-19 -7.2179575e-19
   250 : -2.8233521e-07  1.1416779e-07 -1.1235425e-07
   251 :  1.5639567e-13 -3.0573308e-13  1.1425512e-15
   252 : -1.2932473e-27  2.5420301e-27 -1.7916912e-28
   253 :  7.5785810e-34 -8.1151057e-34  9.7725545e-34
   254 :  7.3939711e-02 -2.5296893e-03 -1.8365246e-02
   255 :  1.5482542e-14  1.8005821e-15 -6.0830095e-15
   256 : -1.6343247e-07 -2.0417419e-07  1.3946890e-07
   257 :  1.0441949e-04 -2.6795798e-04  5.6927402e-04
   258 : -6.7124320e-16  1.6454146e-15 -2.6955630e-15
   259 :  4.1395867e-22 -6.6844918e-22  1.0610995e-21
   260 : -2.5584916e-07 -1.4779932e-07  6.3895521e-07
   261 : -4.2146889e-15 -3.4994629e-15  1.6708871e-14
   262 :  1.0228083e-25 -6.1996683e-25  4.6878218e-25
   263 : -1.1600222e-28  1.1919936e-28  1.3436138e-28
   264 : -1.1112862e-13  1.1168204e-13 -1.4368435e-13
   265 : -9.1712484e-08 -9.3693683e-07  2.0533059e-06
   266 : -5.1114725e-20  5.0129992e-19 -1.8648544e-19
   267 : -3.4730781e-17  6.5464040e-17 -1.4810716e-17
   268 :  1.8453773e-29  7.2073426e-29 -1.6629557e-28
   269 : -9.4727772e-03  3.2834913e-03  1.7707407e-03
   270 : -8.4670539e-17  2.4091619e-16 -5.5000417e-17
   271 :  6.8038417e-06 -8.3995137e-07 -2.2685375e-06
   272 :  1.8209108e-16 -6.0712390e-17 -4.0951317e-17
   273 :  8.8033278e-28 -8.3630905e-28 -9.7357254e-28
   274 :  1.6490192e-08  1.9248799e-08 -1.4063958e-07
   275 :  1.7681554e-23  1.4906499e-23 -5.6708850e-23
   276 :  2.2635243e-05 -6.8326893e-06 -2.5188043e-06
   277 :  2.3663532e-26  5.5828633e-26 -1.0623727e-25
   278 : -5.0156088e-08 -1.5463255e-08  1.5391558e-07
   279 : -7.4351949e-14  1.7021907e-14  2.9255368e-14
   280 :  2.1771025e-01  1.5389022e-02  1.9103586e-01
   281 :  3.5174481e-13 -5.5893367e-13 -2.8029624e-13
   282 :  4.0641969e-20  1.0208613e-18 -2.4794333e-18
   283 : -5.1127341e-23  3.7962352e-23  6.5583737e-23
   284 :  5.6469022e-25  3.0092359e-25  1.1699697e-24
   285 :  1.1367413e-01  5.8037052e-02 -1.8171769e-02
   286 :  4.7423360e-08  8.5376064e-09 -1.1823379e-07
   287 : -3.5120632e-10 -2.5147013e-10  3.0745647e-10
   288 :  8.7521021e-02  7.7547287e-02 -1.0832462e-02
   289 : -2.5987825e-12  6.4245290e-11 -1.8289674e-10
   290 :  1.0334502e-01  1.4244781e-01  6.7187138e-02
   291 :  4.6578284e-14 -5.6577946e-14  5.3607239e-15
   292 :  1.6718701e-03  5.3341149e-04 -4.6559988e-03
   293 : -5.0397380e-22  2.0663325e-22  8.2092489e-22
   294 :  4.3974874e-10 -4.3139722e-09  1.1571686e-08
   295 : -5.7518430e-33 -3.0935921e-32  1.7291438e-32
   296 :  2.1429416e-07 -3.6680086e-05  2.4177008e-05
   297 :  8.3774543e-12 -2.7229898e-11  6.7154013e-12
   298 : -6.0561419e-13 -2.9176262e-12  1.7422074e-12
   299 : -1.5012496e-35 -2.6651315e-36  2.8809210e-35
   300 : -2.8498724e-05  4.1378121e-06  9.4975946e-06
   301 :  1.0261008e-14  2.9830357e-14 -1.6677228e-14
   302 :  2.9252820e-08 -1.0693026e-07  3.4523427e-08
   303 :  8.1790788e-10  9.2787618e-10 -8.0632478e-10
   304 :  4.6495038e-09 -1.5669256e-09  4.7337739e-09
   305 : -1.1480804e-14  6.9578411e-15  1.9515176e-15
   306 :  8.5212806e-04  6.0614288e-04 -3.4739820e-04
   307 : -4.6052113e-09 -5.3193403e-10  6.5372146e-09
   308 : -6.6196498e-13 -1.7135619e-13  1.1392745e-12
   309 :  5.8395909e-36  6.5508653e-34 -3.2319619e-34
   310 : -2.1106835e-11 -5.4647964e-11  1.0836121e-10
   311 : -2.0593377e-08  1.6119152e-08  4.4183684e-08
   312 : -2.9130201e-31  3.4862360e-31 -5.7072089e-31
   313 :  1.2160544e-22 -5.1510117e-22  1.8226345e-22
   314 : -4.4325386e-34 -1.9409130e-34  7.9548911e-34
   315 : -1.8927573e-26 -8.0705728e-26  4.5854547e-26
   316 :  5.2271227e-04  5.7194022e-04 -2.4136598e-05
   317 : -1.3581565e-35 -3.9294821e-35  6.5311226e-35
   318 : -3.5154779e-06 -1.3240770e-05  3.1342527e-06
   319 : -3.5178409e-06  3.4837507e-06  7.0604422e-06
   320 : -7.8254564e-01  1.9520934e-01 -2.8077074e-02
   321 : -4.1561351e-04  8.7144986e-04  1.7553594e-03
   322 : -1.0325874e-33  2.4687340e-33 -3.7762264e-34
   323 :  1.4588474e-37 -2.2346821e-37  4.1056520e-38
   324 : -3.5673232e-25  1.0231673e-24 -2.6752313e-25
   325 :  6.2794064e-22 -2.1996981e-21  4.2941314e-21
   326 : -2.5038602e-02  9.6739008e-02  1.1686917e-01
   327 : -1.6623759e-01 -2.2875244e-01 -5.0602528e-01
   328 : -2.9134134e-08 -8.6096333e-08  1.0754186e-08
   329 :  2.8515423e-24 -6.0030525e-23  2.8375062e-23
   330 : -1.0128405e-37 -6.8826895e-37  8.8297458e-37
   331 :  1.5557614e-16 -5.2328267e-16  1.6419430e-16
   332 :  1.7669620e-09 -9.2236122e-11 -5.8911597e-10
   333 :  7.9915951e-22 -4.8034217e-22  2.9319105e-22
   334 :  5.8130106e-07 -8.6302693e-06  1.0394909e-05
   335 : -9.0278681e-09  1.7468324e-08  3.4708576e-09
   336 :  4.3901892e-08 -5.6502782e-08 -4.0898654e-08
   337 :  1.7260194e-34 -1.9397819e-32  2.0664923e-32
   338 : -2.5053181e-07 -2.1220093e-08  9.8197621e-08
   339 :  4.5472538e-24 -2.2355962e-24 -7.6043127e-24
   340 :  1.0451054e-06  4.9733416e-08  1.7203047e-06
   341 : -6.9147054e-32  5.2882835e-32  1.0541065e-32
   342 : -6.3351869e-27 -3.5622872e-28  1.3959971e-26
   343 :  1.8708953e-13 -9.3017074e-14 -4.3375542e-14
   344 : -1.3684939e-05 -2.9935709e-05  1.6467645e-06
   345 :  1.7202474e-01  1.7252478e-02 -2.8992868e-02
   346 : -2.5278073e-26 -2.3834872e-26  2.2335423e-26
   347 : -4.0613789e-06  2.2432535e-06  3.2471413e-06
   348 : -1.7593593e-14  1.7094123e-13 -7.5405474e-14
   349 : -4.6259372e-15  4.0472834e-15 -3.6605212e-15
   350 : -9.6285378e-06  3.3491416e-06  5.2095500e-06
   351 :  2.2333534e-20  2.0062173e-20 -1.8972782e-20
   352 : -1.3401504e-05  1.8875284e-06  1.0429625e-05
   353 :  7.4844930e-09  1.1624725e-08 -4.3430583e-09
   354 : -1.2909060e-01 -8.9922889e-02 -1.3631494e-01
   355 :  2.0329912e-02  8.3373333e-02  1.6079247e-01
   356 :  1.1268558e-32  1.7371886e-32 -4.0870481e-32
   357 : -2.2638217e-05  5.5154832e-06 -1.4423557e-05
   358 : -1.6412204e-16  1.0283325e-15 -4.8699965e-16
   359 : -2.1650436e-39  5.8245071e-39 -1.8560513e-39
   360 :  5.1112248e-06 -1.8548875e-06  2.1790080e-07
   361 : -9.8050102e-20  1.6277516e-20  3.5314966e-20
   362 : -9.9521546e-14  1.0675327e-13 -1.5713139e-13
   363 : -4.1245499e-19  2.0923736e-17 -4.7886225e-17
   364 :  7.1343071e-19  3.2624016e-18 -1.6794046e-18
   365 : -4.7919231e-14  1.8709505e-14  1.3007600e-14
   366 :  6.6796552e-30  2.8498625e-29 -4.1739354e-29
   367 : -8.8935263e-12 -5.9229795e-12  4.7134674e-12
   368 : -3.6053841e-07  1.2974287e-06  8.4403942e-08
   369 : -3.7208204e-15  8.8511697e-14 -1.0047289e-13
   370 : -2.5595735e-17  5.7769840e-17 -4.1094680e-18
   371 :  8.4364474e-30  9.5601506e-31 -1.0187361e-29
   372 :  1.4254431e-13 -1.7179799e-13 -1.3350693e-13
   373 : -4.3855742e-09 -2.8644066e-09  1.5708846e-08
   374 :  1.0407238e-01 -1.2833468e-02 -2.5070059e-02
   375 : -5.9827861e-22  3.3472088e-21 -1.2634246e-21
   376 : -1.6984234e-33 -8.5846902e-33  1.1924987e-32
   377 :  4.5181563e-12  1.9157600e-13 -1.3639558e-12
   378 :  1.1308098e-17 -9.3808387e-17  4.6462293e-17
   379 :  2.4827362e-36 -7.1684826e-36  2.2768309e-36
   380 : -1.9920492e-03  5.0695419e-04  4.6378941e-04
   381 : -7.8941200e-16  2.9795295e-15 -9.2109728e-16
   382 :  1.2455470e-21 -9.3203529e-22 -1.7326755e-21
   383 : -7.1368869e-05 -8.1194210e-05  5.5907833e-05
   384 : -1.3399590e-20 -5.5043912e-20  4.7566703e-20
   385 :  5.0627418e-08 -1.0020827e-07 -2.6442735e-08
   386 :  6.4124492e-04 -1.0532230e-04  1.8864927e-04
   387 : -6.9935615e-24  1.9808141e-24  1.3423282e-23
   388 :  1.4568142e-01  1.9666996e-01  8.1787191e-02
   389 :  2.4491369e-19 -7.2152400e-20 -3.4918087e-19
   390 :  6.8136166e-08 -1.7066815e-07 -9.8049015e-08
   391 :  2.2968068e-16  4.9764147e-16 -3.3938909e-16
   392 : -1.0884262e-04  1.8015245e-05  6.1925906e-06
   393 : -9.1003737e-05 -4.2681261e-05  2.3791156e-04
   394 : -6.7128539e-20  1.8486142e-19 -3.4265982e-20
   395 :  4.3397080e-12 -6.5372825e-12  1.1683176e-11
   396 : -3.5348978e-36  5.3967710e-36 -7.7252994e-36
   397 : -3.0887272e-05  1.1781447e-04 -7.4551335e-06
   398 : -1.1687575e-10  4.5047887e-09 -1.7618897e-09
   399 : -1.0415396e-04  8.3110996e-04 -3.5772885e-04
   400 : -1.1393997e-10  6.2120337e-10 -1.5990657e-09
   401 : -7.3001958e-09  1.6638485e-08  1.0008971e-08
   402 :  9.2684689e-19 -1.5313277e-19 -3.4199201e-19
   403 : -3.0384219e-18  3.1084457e-18  3.3622528e-18
   404 : -1.8693933e-30 -9.8746970e-31  5.8543862e-30
   405 : -1.6288526e-11 -7.9365764e-12  1.9888487e-11
   406 :  4.8012046e-06  1.5524044e-06 -1.2364673e-06
   407 :  7.0650704e-04 -3.4319600e-04  3.7561110e-04
   408 : -3.7087281e-03  1.5469977e-03  8.8771602e-04
   409 : -1.1850457e-10 -2.0524344e-10  1.3431233e-10
   410 : -1.0975829e-01 -9.6405755e-02  1.9550976e-02
   411 :  1.2878278e-10 -4.2687981e-10  9.5266454e-11
   412 : -8.8787418e-09  8.6638155e-09  1.7200541e-08
   413 :  5.5788049e-33  1.9962162e-33 -1.2582470e-32
   414 :  1.9219619e-01  3.3887923e-02  1.8257514e-01
   415 :  7.5095470e-11 -5.4074564e-10  6.6490007e-11
   416 :  1.2995651e-23  1.2193589e-23 -3.8709572e-23
   417 : -1.1156663e-06  4.7497165e-06 -7.7428175e-06
   418 :  2.7339278e-04  9.5172448e-04  3.9445807e-04
   419 :  2.0007526e-29 -2.6867282e-29  2.6859911e-30
   420 : -2.7027300e-27  1.1045767e-26 -5.5339883e-27
   421 : -6.2004058e-25  2.8828731e-24 -1.4428392e-24
   422 :  9.0514372e-15  1.5726879e-14 -8.7162039e-14
   423 :  1.6125708e-12 -2.9630036e-11  2.7180336e-11
   424 :  3.6949238e-21 -4.2295093e-20  1.7938161e-20
   425 :  2.9802070e-24 -1.2695636e-23  4.1350252e-24
   426 :  1.5697524e-16  1.5041807e-16 -1.3323686e-16
   427 : -1.4914863e-18 -2.8509680e-18  7.6847669e-18
   428 : -3.9433702e-19  4.5739517e-19  4.6798690e-19
   429 : -1.1744786e-09 -9.4525307e-10  4.1140735e-12
   430 :  2.9741711e-08  1.2407817e-10 -1.1166734e-08
   431 : -2.9999450e-11  4.4622151e-11  3.4672759e-11
   432 : -3.8596451e-13  4.1544125e-13 -5.9035440e-13
   433 : -7.1729426e-32  5.5920047e-32  9.0181954e-32
   434 : -7.6485537e-03  1.6228642e-03 -3.6848988e-04
   435 : -2.5492652e-11  2.3441298e-11 -3.1771439e-11
   436 : -5.2626193e-21  1.5912269e-21  9.4591414e-21
   437 :  1.2839223e-06 -2.1883177e-06  4.2437920e-06
   438 :  1.7595591e-07 -6.4953849e-08 -5.7414847e-07
   439 :  2.0413716e-04 -1.5513614e-04  1.5220316e-04
   440 :  7.8976556e-25 -2.8683419e-24  9.5587395e-25
   441 : -4.3930573e-35 -2.4791810e-35  9.0714761e-35
   442 :  6.5252878e-06  3.8152141e-06 -8.5327170e-06
   443 : -2.7237469e-14  1.4805176e-13  5.7173148e-14
   444 : -2.2260410e-07  1.3146137e-06 -8.8430817e-08
   445 : -1.2441447e-15  4.5453679e-16  1.0470364e-16
   446 :  1.3210570e-01  8.1253339e-02 -2.5024739e-02
   447 :  2.9193657e-16 -3.4611648e-16  5.2528896e-16
   448 :  7.0202664e-11  2.1251276e-09 -6.2444503e-10
   449 :  5.8480247e-32 -6.6933091e-32 -5.3803007e-32
   450 : -1.6911155e-34  1.5349967e-34  1.9680705e-34
   451 :  3.7921002e-02 -5.2691706e-03 -1.9515601e-02
   452 : -6.0302816e-03 -7.2757815e-02  9.6882774e-02
   453 :  9.0127676e-02  7.7188179e-02 -3.1491699e-03
   454 :  3.0425856e-02  1.5341773e-01 -1.0778334e-01
   455 : -2.0290256e-18 -9.5573678e-19  2.6162911e-18
   456 : -1.7102208e-09  7.6530143e-10 -1.9689041e-10
   457 :  1.3912742e-35  3.4759776e-35 -5.8469045e-35
   458 : -3.5731713e-17 -1.3574864e-16  9.4043835e-17
   459 :  3.2203645e-11  8.3801514e-11 -2.0760819e-10
   460 : -5.7528493e-10  3.6724364e-09 -1.2196336e-09
   461 : -2.3337255e-16  2.1045026e-16  3.5985448e-16
   462 : -9.8122934e-15 -4.2110642e-15  4.4702473e-14
   463 :  5.8559095e-25 -2.9977295e-25 -4.8665395e-25
   464 : -6.4916296e-08  1.5271076e-06 -1.0210692e-06
   465 : -1.8838890e-09  5.9473117e-10  3.8699067e-10
   466 :  3.7820920e-04 -1.0301900e-04 -1.1067980e-04
   467 : -4.3140984e-26 -8.2830408e-27  6.7972974e-26
   468 : -1.8145365e-23  9.8172028e-23 -3.1282192e-23
   469 :  1.0693979e-35 -1.4671269e-35 -1.0562867e-35
   470 :  4.2439614e-33 -5.2444515e-33  4.2689086e-34
   471 : -4.7843597e-21  1.1154473e-20 -8.2372597e-21
   472 :  1.7999144e-24 -1.9017876e-24 -2.2375650e-24
   473 :  3.8670458e-08  2.3839565e-08 -1.1715894e-07
   474 : -2.4737670e-29  4.0210748e-29  3.9723416e-30
   475 : -1.4250029e-19  1.9379040e-19 -3.2349169e-19
   476 :  3.8894792e-21 -1.8290459e-19  7.4632060e-20
   477 : -9.2187545e-38  8.5763405e-38 -1.0088424e-37
   478 :  4.9910275e-10 -9.5930391e-10 -1.7605578e-10
   479 : -8.1072391e-38  2.2764908e-37 -6.4791296e-38
   480 : -7.9954867e-04  1.7186971e-04 -9.5563912e-03
   481 : -1.7041902e-18 -5.8524886e-18  1.7461339e-17
   482 : -1.1185798e-27  3.4572981e-27 -1.1288660e-27
   483 :  4.3238849e-04  7.4561470e-04  1.3792879e-04
   484 : -4.7167329e-11  1.9297610e-10 -1.9485528e-11
   485 :  1.2455306e-13 -8.9516518e-11  6.0743445e-11
   486 : -4.4905069e-02 -1.4972963e-01 -1.3641291e-02
   487 :  2.6171913e-09  6.5424171e-10 -3.3058121e-09
   488 : -4.8100709e-03 -4.8320440e-03 -1.6611230e-03
   489 : -2.2570121e-29 -6.9866371e-30  5.3864588e-29
   490 :  4.1741802e-25  9.8005607e-26 -2.4859957e-25
   491 :  2.2216154e-26  5.5870138e-26 -3.8074077e-26
   492 : -3.2045943e-09 -1.5972519e-08  6.0524244e-08
   493 : -7.1646322e-06 -7.2782732e-06 -1.7105085e-05
   494 : -6.7185321e-04  8.9299892e-04  1.2209856e-03
   495 : -1.7841275e-12 -4.0392836e-12  7.3203751e-12
   496 : -9.8278457e-23  4.1818130e-22 -2.2284042e-22
   497 :  2.1757638e-34  1.2649187e-33 -6.8883181e-34
   498 : -4.7126471e-32  1.7636970e-31 -3.3714145e-31
   499 :  4.6108489e-04 -5.4737764e-03 -4.6153104e-03
   500 : -3.2696291e-35  2.8999842e-35  4.0612152e-35
   501 :  1.2693469e-38 -2.7241205e-37  1.9606755e-37
   502 : -9.7122807e-07  2.6142490e-06 -3.9884334e-07
   503 :  3.3194445e-07  1.5793062e-06 -2.1235827e-07
   504 :  6.9983591e-11 -1.2660655e-10  8.7411599e-11
   505 : -9.0059803e-03  1.2280874e-03  1.9432355e-03
   506 :  8.9435962e-25 -2.1090419e-24  1.7653791e-25
   507 : -1.0241405e-22 -6.9858638e-23  2.1977495e-22
   508 : -2.9370952e-23  1.9433380e-22 -8.8404822e-23
   509 :  5.2711653e-09 -4.2553163e-09  6.4807703e-09
   510 :  9.3904849e-24  4.6148260e-23  1.2891284e-22
   511 : -4.1857975e-17  7.1190994e-18  9.5801777e-17
   512 : -3.8671444e-18 -1.1813975e-17  5.2970909e-18
   513 : -1.4661400e-12 -1.7302720e-12  5.0584438e-12
   514 : -1.9186483e-11  8.4505381e-11  4.3368678e-12
   515 : -3.4439052e-05  1.8777672e-05 -1.9586451e-05
   516 :  1.9773566e-23  5.4797268e-23 -3.5786668e-23
   517 : -4.9346970e-05  8.1476940e-06 -5.7933629e-06
   518 :  8.2606431e-12  6.1913184e-12 -1.9782232e-11
   519 : -3.3648715e-17  3.2626553e-16 -2.4185763e-16
   520 : -9.6561635e-13 -1.0787958e-12  2.3863775e-12
   521 : -3.1763474e-06  1.2831327e-06  8.8569057e-07
   522 : -1.0688418e-01 -9.1300888e-02 -5.6431107e-02
   523 : -4.7710969e-04 -4.2079664e-05  2.3768527e-04
   524 :  9.9191211e-13 -1.3950259e-12  1.8275230e-13
   525 :  8.1034784e-11 -7.4159348e-11  1.9446335e-10
   526 : -2.2084905e-17 -9.8677867e-18  3.3063544e-17
   527 : -4.3692563e-30 -7.7054113e-29  1.0658874e-28
   528 :  2.6404703e-01  1.8862241e-01  1.4878871e-01
   529 :  1.0598140e-08  8.5842073e-09 -5.0973845e-09
   530 : -5.9116902e-04  2.1029449e-03  8.2572643e-04
   531 :  6.2421851e-08 -1.8794910e-07  5.9813103e-08
   532 : -1.7415667e-17  2.2584152e-16 -1.8224964e-16
   533 :  2.6017541e-39 -2.5862255e-39  2.7387229e-39
   534 : -5.6852874e-40 -2.5566916e-39  5.9089148e-39
   535 :  7.6593466e-28 -1.2873823e-27 -3.3471912e-28
   536 :  2.4009156e-04 -5.5083865e-05 -1.0019137e-04
   537 : -7.7204149e-08 -1.8691002e-07 -1.6979173e-08
   538 : -8.7658954e-10  6.6374150e-10 -1.2081144e-09
   539 : -1.5294538e-28  5.2091957e-28 -1.7810608e-28
   540 : -3.6170333e-25  7.0025605e-25  7.0894284e-27
   541 :  1.3000332e-23  1.6390480e-23 -4.6033588e-23
   542 :  1.3988197e-12  2.1183614e-12 -1.2253424e-12
   543 : -4.2180412e-30 -4.7907786e-30  3.7502684e-30
   544 : -1.1272241e-11  2.4867076e-11  5.7889429e-12
   545 :  1.7851659e-21  8.3264533e-22 -4.8365822e-21
   546 : -4.3648692e-03 -4.5889207e-03  1.2603390e-03
   547 :  6.0748472e-27 -1.5286441e-26  3.0223156e-27
   548 : -4.9214544e-05  6.8277786e-06  4.4562156e-05
   549 : -9.3737440e-23 -4.5256943e-23  1.9754447e-22
   550 : -1.0135295e-08  4.3531061e-08 -1.0331924e-08
   551 : -1.0620720e-04 -5.8699059e-05  3.0344441e-04
   552 :  3.8327443e-07  2.6709860e-06  2.6360031e-08
   553 : -2.1303949e-07  4.9699487e-08  4.5751892e-08
   554 :  3.3322740e-22 -1.4742821e-21  5.0573413e-22
   555 :  5.0493390e-13 -7.0346895e-14 -1.0279291e-12
   556 :  1.1239543e-23  1.5248091e-23 -1.1869591e-23
   557 :  1.3769432e-01  1.1939343e-01  1.1961129e-02
   558 :  5.2901675e-08 -8.9152022e-08 -4.2225040e-08
   559 : -3.6165288e-06 -8.4409420e-06  8.3404170e-06
   560 :  4.6415496e-08  1.3703381e-08 -1.9642489e-08
   561 :  7.4355510e-02  1.3098868e-01  1.0009348e-01
   562 : -4.8073337e-19  1.2022617e-17 -5.3053507e-18
   563 :  3.5375119e-34 -9.3404901e-35 -1.5755045e-34
   564 :  3.8354591e-04 -8.5088805e-05  2.3396407e-04
   565 :  1.0948337e-04  6.1284229e-04  2.6382118e-04
   566 : -6.4407091e-26 -6.7661135e-25  1.0738172e-24
   567 : -1.3910810e-13  7.5223020e-13 -3.7851710e-13
   568 : -1.3664582e-05 -5.7728104e-07  8.4255195e-05
   569 :  1.0753238e-04 -5.3478193e-05 -5.1433929e-05
   570 :  1.6976871e-21 -3.3913349e-21 -7.2607594e-22
   571 :  1.7801283e-13 -1.8508389e-13 -4.5907811e-15
   572 :  2.3671917e-37 -3.6416519e-36  1.6696885e-36
   573 : -9.6278706e-10 -2.9079246e-09  4.8888317e-09
   574 :  2.5927898e-08 -1.0744543e-08  1.7599923e-08
   575 :  1.5688732e-01 -8.9851560e-02 -1.2331789e-01
   576 :  5.2049494e-11  3.5300839e-11 -1.8359632e-10
   577 :  1.8833161e-02  1.0143017e-01 -1.3720544e-02
   578 : -4.8064944e-40  6.3742681e-40  5.1843827e-41
   579 :  1.8147076e-03  2.9774073e-02 -1.1294007e-02
   580 :  1.0125659e-01  1.1936988e-01  7.6437078e-02
   581 : -1.0520669e-21  1.8041088e-21  7.8781810e-22
   582 :  9.1310253e-38 -3.0679328e-37  1.0228063e-37
   583 :  7.7115878e-20 -2.3899428e-19  6.9552739e-20
   584 : -1.1848727e-30  2.0661662e-30  3.3175531e-31
   585 : -1.9513867e-04  2.3745618e-04 -5.0874076e-05
   586 :  1.5936198e-25 -3.0770957e-25 -2.4685503e-26
   587 : -8.8663178e-20 -1.5762997e-18  1.7247389e-18
   588 :  1.0185214e-24 -1.1322642e-24  5.0943397e-26
   589 :  3.4694800e-06 -1.7638487e-06  1.4487159e-06
   590 :  8.6103082e-06  1.8593313e-06 -1.8946161e-05
   591 :  3.0483702e-34 -4.5732808e-34 -1.5869314e-34
   592 :  6.7773055e-22  4.4910705e-22 -1.5906434e-21
   593 :  1.9909441e-16  3.3493866e-17 -2.7518571e-16
   594 :  1.7743280e-18 -1.0566809e-19 -7.4861836e-19
   595 :  4.9466297e-10 -3.5724425e-10  8.9422141e-11
   596 :  2.7090780e-10 -7.7469719e-10  1.8457682e-10
   597 :  2.6058098e-14  1.7066100e-14 -5.6030914e-14
   598 : -4.8643968e-18 -1.1980161e-17  7.8436426e-18
   599 :  4.6682200e-02 -2.2551938e-02 -1.1962111e-02
   600 : -1.1582386e-11  1.5055519e-11  1.7214222e-11
   601 :  5.4834965e-02 -1.4399867e-02 -1.2980299e-02
   602 : -1.1605260e-26 -7.9623204e-26  4.1318724e-26
   603 : -1.2011873e-29 -4.0261232e-29  1.8281288e-29
   604 : -1.4349682e-20  2.0023669e-20 -2.6532128e-20
   605 : -4.3458909e-16  2.5008995e-16  8.1743909e-16
   606 : -6.3980894e-02 -6.8022030e-02 -9.0129833e-02
   607 : -1.2651569e-11  1.8563584e-11  1.4686564e-11
   608 :  8.7517014e-24 -7.7953308e-24 -1.6062595e-25
   609 :  1.4579187e-20 -3.9623518e-20  9.4749733e-21
   610 :  5.2321618e-29  1.7843993e-28 -4.1853864e-28
   611 :  5.4836883e-02 -8.9707006e-03 -1.2117296e-02
   612 : -9.9546616e-12  2.9497516e-11 -1.1051926e-11
   613 :  3.4953731e-15 -9.9588126e-16 -8.5721778e-15
   614 :  3.4138643e-06 -1.0392984e-06 -5.2240919e-06
   615 : -1.7844424e-13  1.4006485e-13  2.5859775e-13
   616 : -5.3389484e-31  8.8908148e-31  1.9874791e-31
   617 : -2.1911819e-15 -2.0007491e-15  1.3472058e-15
   618 : -2.3530106e-18 -1.5155524e-18  1.8576222e-18
   619 : -1.0062832e-23  1.1808548e-23  8.5798772e-24
   620 : -7.1105113e-17 -1.6484857e-17  9.4605324e-17
   621 :  2.6327308e-12 -2.8602463e-12 -4.5741289e-12
   622 :  8.9196334e-04  1.1407782e-03 -2.8410096e-03
   623 : -2.1742578e-07  1.3469732e-07 -1.4033658e-07
   624 :  1.7659601e-14 -1.3583538e-13  7.1612082e-14
   625 : -3.6684422e-14  2.6424491e-13 -1.1046975e-13
   626 : -4.7065701e-40  1.8456914e-39 -7.0573312e-40
   627 : -5.3574557e-26  2.2285508e-25 -1.1591627e-25
   628 :  1.7056249e-18 -2.1025168e-18  1.8214516e-19
   629 : -1.3843762e-08 -2.9564639e-08 -6.6015512e-08
   630 : -2.4187510e-05  1.5865750e-05 -1.1083701e-04
   631 :  1.2684469e-15 -5.3684446e-15  9.7394630e-16
   632 :  1.7300272e-30 -3.2458410e-30 -3.0985940e-31
   633 : -2.4154620e-07  2.6654233e-08  6.9758885e-08
   634 :  1.5242090e-10  1.1547794e-10 -4.5478262e-10
   635 :  3.8030993e-06 -6.7751294e-07 -9.1630628e-07
   636 : -1.8636550e-06  1.3095168e-06  1.9222282e-06
   637 :  2.1674846e-04 -1.2755799e-04  7.9703046e-05
   638 :  2.1917538e-03 -3.9865297e-03 -3.9910803e-03
   639 : -8.4348083e-06 -4.9666323e-08  4.0910293e-06
   640 : -9.1731014e-02  1.2946471e-01 -1.1510769e-01
   641 :  2.1921981e-23 -4.7171709e-23  1.9272062e-24
   642 :  1.9743595e-08 -1.4849956e-08 -2.6054665e-08
   643 :  3.2001395e-07 -3.9744166e-07  7.9975323e-07
   644 : -6.3044772e-08 -5.6372474e-07  8.6271653e-07
   645 :  3.6175201e-11 -1.3375913e-10  3.7207170e-11
   646 : -2.3553049e-12 -3.5614860e-12  7.6812784e-12
   647 :  1.9478352e-01  5.3106379e-02  2.1227442e-01
   648 : -2.1872818e-12  2.6238253e-12 -5.3885363e-13
   649 : -8.6208098e-06  3.7235719e-05 -1.5908106e-05
   650 : -4.1378875e-14 -6.2990847e-14  1.6721344e-13
   651 : -4.2476115e-03 -6.5301985e-03  1.8940718e-02
   652 : -4.4762606e-12 -4.6990338e-12  1.5829892e-12
   653 : -5.2761107e-04  2.4143485e-04  1.6392734e-03
   654 :  3.1260876e-20  1.3558367e-22 -2.6019975e-20
   655 : -1.3621913e-12  1.2890416e-13  5.3062042e-13
   656 : -1.4095331e-02 -8.1621775e-03 -2.4923053e-04
   657 :  2.2164162e-05 -4.6804338e-05  8.5750758e-06
   658 :  4.1114593e-12 -8.9524509e-12  1.6049747e-11
   659 : -3.3626416e-09  3.6728629e-09 -1.6536169e-10
   660 :  8.7336943e-04  4.5029003e-04 -1.8444884e-03
   661 :  2.4115645e-01  1.6549618e-01  4.2989245e-02
   662 :  3.9416381e-19 -2.4956714e-19 -4.6156724e-20
   663 : -2.9314202e-05  1.0767232e-05 -5.5995638e-05
   664 : -6.6181740e-04  1.3317907e-03 -3.1607102e-03
   665 : -3.6980332e-03  9.3928124e-04  7.3339870e-04
   666 :  2.2193677e-31 -1.5548208e-31 -3.0370526e-31
   667 :  2.1249843e-21 -9.0852075e-22  1.0440928e-22
   668 : -8.7943087e-08 -8.1977539e-09  1.6599691e-06
   669 :  1.1571540e-39  6.2723123e-39 -8.6511085e-39
   670 :  3.4184365e-05 -7.0162239e-05  3.7257380e-06
   671 :  1.2960115e-01  1.8355176e-01 -3.5956221e-02
   672 :  1.4577345e-04 -7.7358633e-06  5.8274514e-05
   673 : -6.1289143e-17  2.6145967e-17  1.1419284e-16
   674 :  4.4640118e-14 -2.2654444e-14 -7.4692947e-14
   675 :  6.3196290e-16 -9.2104938e-16  2.0202596e-15
   676 :  5.4066231e-11 -2.4265509e-10  7.6085420e-11
   677 :  2.7581847e-11 -1.8669766e-11  1.8608998e-11
   678 : -6.6258415e-07 -7.6042982e-07 -2.4040588e-05
   679 : -6.0868529e-09  1.5954297e-08  5.6828946e-10
   680 : -1.0731640e-08  1.5571321e-08  1.9247293e-08
   681 : -4.1113583e-22  1.9272897e-22 -1.8676120e-23
   682 : -4.2663685e-23  6.2343203e-23 -1.1421495e-22
   683 :  3.2931230e-20 -5.1242535e-20 -2.8634342e-20
   684 : -8.1758024e-26  4.9266008e-26  3.2430079e-26
   685 :  4.8928291e-10 -1.3539978e-09 -2.0124122e-10
   686 : -7.1394040e-15  3.8560276e-15  8.4361801e-17
   687 : -1.2399362e-25  7.9062325e-26 -1.1538766e-25
   688 : -8.1703332e-16  1.1733159e-15  8.4603220e-16
   689 : -1.0413350e-02 -6.8610714e-03  2.2123217e-03
   690 :  3.8469237e-11  7.1129125e-11 -4.0004630e-11
   691 : -2.0494745e-10  8.9985242e-11 -2.8686522e-10
   692 :  1.1759143e-11 -1.9145057e-11  1.3359939e-11
   693 : -7.8671526e-39  1.1210914e-38  5.6140518e-39
   694 : -2.8566679e-26  4.7796251e-26  1.2499271e-26
   695 :  1.5896695e-03 -5.3813236e-03 -8.9698793e-04
   696 : -7.9313652e-07  1.8446889e-07  1.7048227e-06
   697 : -1.1259952e-11 -8.7151277e-12  2.8229447e-11
   698 :  1.0975073e-03 -1.7098865e-03  8.9130398e-04
   699 :  5.1638996e-18 -2.0636243e-17  4.0170442e-17
   700 : -1.6834334e-32 -2.5630200e-32  6.8845053e-32
   701 :  2.1737940e-30 -7.2538364e-30  2.5221376e-30
   702 : -4.0826973e-21  9.3534616e-21 -5.3290331e-22
   703 :  1.4725019e-01  1.8956708e-01  9.8647102e-02
   704 : -8.3217943e-14  2.4390893e-12 -6.4376199e-12
   705 :  3.1970718e-25 -2.7185266e-24  1.1931929e-24
   706 :  4.1071862e-01  2.4511139e-01  1.6862414e-01
   707 : -7.5450568e-08 -4.0878103e-08 -2.2577832e-07
   708 : -5.4171478e-09  4.6310940e-08 -2.4104251e-10
   709 :  3.9479780e-15 -4.4910656e-15 -2.3135505e-15
   710 : -1.3759819e-17  5.7464485e-18  1.5982817e-18
   711 : -5.4840796e-14  7.3421367e-14  7.2040436e-14
   712 : -3.4501485e-06 -6.4922604e-06  4.1877870e-06
   713 : -1.8427605e-12 -6.1521187e-12  9.5678811e-12
   714 : -3.3408366e-02  1.5504587e-02 -1.2651252e-01
   715 : -3.6396176e-10  1.1322883e-10  1.0021784e-10
   716 :  9.8663088e-28 -1.5074538e-26  3.0653302e-26
   717 :  9.3376435e-08 -3.3710714e-07 -1.2357921e-08
   718 : -3.2724999e-13  5.9740108e-13 -1.0972141e-12
   719 : -3.3832158e-07 -7.0768051e-08 -4.7503945e-08
   720 :  1.8320703e-01  1.1620788e-01 -4.7521285e-02
   721 :  1.6654429e-04  5.3391170e-04  2.9282833e-05
   722 : -9.2115493e-24 -1.9615739e-23  1.1984834e-23
   723 :  9.4660658e-23 -5.2719262e-22  3.1457342e-22
   724 : -1.2294511e-22  4.2868888e-23  4.5547553e-23
   725 :  1.6359656e-05 -2.2273418e-05 -4.8566904e-05
   726 : -1.2337545e-15 -2.5152508e-17  5.2716380e-16
   727 : -3.3904263e-05  2.1131159e-05 -4.8637801e-05
   728 :  1.4544503e-07 -2.8909373e-07 -3.6713959e-07
   729 :  8.6896083e-10 -2.1072032e-09 -3.1114790e-10
   730 :  1.0611293e-11 -1.0559153e-11  1.2832460e-11
   731 :  9.5600335e-22 -1.9227670e-21  4.8432851e-22
   732 :  2.7212646e-19 -8.7632285e-20  2.4309085e-20
   733 :  1.0024740e-11  1.0840014e-11 -7.7347278e-12
   734 : -4.8650240e-02  1.2602487e-01 -4.0612186e-03
   735 :  4.9989167e-12  2.5516843e-11 -1.0360373e-11
   736 :  4.4525741e-02 -7.8010917e-03 -8.9148112e-03
   737 :  1.0241501e-15  1.4664091e-15 -7.0768334e-15
   738 :  8.1312856e-07  5.8326435e-07  5.9809697e-07
   739 :  1.5237915e-01  7.0645985e-02  1.6631121e-01
   740 :  1.7061929e-10 -5.7374264e-10  1.6942472e-10
   741 :  2.2596376e-04  2.4837796e-04  3.2348242e-05
   742 : -5.1788495e-14 -1.0477228e-12  7.1499919e-13
   743 :  6.3525017e-11  8.3388129e-11 -2.9339598e-10
   744 : -3.5308776e-02 -9.7393332e-02  7.2848631e-02
   745 :  3.4889420e-24 -1.1478134e-23  4.1487457e-24
   746 :  1.3133459e-19 -4.7303125e-20 -2.7889824e-19
   747 :  6.5797284e-15 -1.2204031e-15  1.9281464e-15
   748 :  3.9556844e-11  5.5833742e-11 -1.7744881e-10
   749 :  1.2193928e-07 -6.0000595e-07 -5.3297009e-07
   750 :  4.8436728e-26  7.6009466e-25 -1.0689111e-24
   751 : -1.1255263e-01 -3.4033212e-02 -1.4403867e-02
   752 : -1.1704513e-11  1.1527254e-11  1.6792794e-11
   753 :  1.4567302e-07 -6.8261973e-07  1.4382529e-07
   754 :  6.7477314e-20  5.2578519e-21 -1.5350350e-19
   755 :  4.1044372e-03 -8.0390823e-03 -1.0326446e-01
   756 : -8.8554570e-15  2.0873389e-14 -5.0346102e-15
   757 : -8.2532921e-37  1.8656272e-37  3.0580652e-37
   758 :  2.2795351e-02 -1.4561373e-02 -1.1842352e-02
   759 :  2.0813685e-11 -1.6587578e-11  1.4752012e-11
   760 : -5.6369828e-17  1.6568226e-16 -3.8099470e-17
   761 : -5.0058316e-11  1.7858245e-10 -1.0306460e-11
   762 :  2.8633752e-03 -1.3399591e-03 -2.3553750e-03
   763 : -7.2766009e-28  2.1453320e-27 -6.9965905e-28
   764 : -5.9190047e-29 -2.2886180e-28  1.4178596e-28
   765 : -1.1624912e-01 -1.1941460e-01 -3.7458887e-02
   766 :  2.2080845e-13 -5.4927643e-13  7.6658544e-14
   767 :  3.6303936e-03 -1.3026857e-03 -1.1815126e-02
   768 : -1.8155489e-25 -1.5851405e-24  3.6659021e-24
   769 :  1.0696397e-02 -1.0522884e-02 -5.2042758e-02
   770 : -2.2247400e-10  1.6277974e-10  2.4574877e-10
   771 : -1.1768610e-07  1.6877777e-06  5.6134309e-08
   772 : -6.6552488e-05 -3.7482794e-05  1.4302202e-05
   773 :  9.3336674e-13 -2.7415017e-12  6.1830115e-13
   774 :  5.5984905e-02  4.5613311e-02 -7.6099084e-03
   775 : -1.3812881e-02  2.5127255e-01  2.8396289e-01
   776 : -4.4662009e-12 -1.8859840e-12  1.0777553e-11
   777 : -4.2739998e-11  8.6631260e-11  1.0836617e-10
   778 :  7.6192554e-11 -1.7529299e-10  4.4466167e-11
   779 :  2.3328885e-21 -8.8345339e-21  3.0953190e-21
   780 :  4.1950169e-05 -5.1348949e-04  8.9571076e-04
   781 : -5.4527593e-24  5.0953054e-24 -5.8225189e-24
   782 :  1.1857974e-37  6.7815528e-38 -2.1825353e-37
   783 :  2.8566532e-11  6.5266417e-11 -1.8305359e-10
   784 : -9.1135785e-13 -7.0754588e-12  2.0301236e-12
   785 :  7.1161075e-24 -1.7025693e-23  2.4374196e-24
   786 :  1.8872285e-02  1.6295401e-01  3.8275065e-02
   787 : -8.5165600e-02 -1.0061204e-01 -1.2630022e-01
   788 : -1.1719614e-23  8.6366381e-24 -8.4881923e-24
   789 :  2.0105814e-22  1.3998582e-22 -5.1879593e-22
   790 : -6.6130611e-09 -1.3655602e-09  1.8737555e-08
   791 : -1.3754886e-07  4.2686376e-08  2.5228575e-08
   792 : -2.1667576e-05 -1.5149269e-05 -2.5919546e-05
   793 : -6.6483806e-05  1.4735540e-05 -1.1908499e-05
   794 :  2.8192046e-10 -4.5799855e-10 -4.6752839e-10
   795 :  5.2910145e-05  1.2654320e-04 -1.3511879e-04
   796 :  7.3094573e-06  1.9532409e-06  2.1582466e-06
   797 :  4.4030422e-25  7.9286353e-25 -1.4379791e-24
   798 :  7.0023698e-08  1.0013823e-07 -4.8622129e-08
   799 :  6.3749153e-14  3.3625122e-14 -1.8286130e-13
   800 : -1.8010106e-02 -1.1774016e-01 -3.7518276e-02
   801 :  2.3726816e-22 -7.0936578e-23 -4.1362289e-22
   802 : -1.4121327e-11  3.4829813e-11  9.9446163e-12
   803 :  4.3561966e-17  3.8137556e-17 -3.1647141e-17
   804 : -1.1922825e-01 -3.1512991e-02 -2.2118351e-02
   805 : -2.2714976e-11  8.4406254e-11 -1.6324497e-11
   806 :  3.9309351e-21 -6.7450077e-22 -1.0756807e-21
   807 :  2.2443002e-24  4.8609884e-24 -3.1776964e-24
   808 :  6.9147845e-03 -5.2937846e-03  1.7062308e-02
   809 : -2.8667417e-16  2.1924303e-16  6.9507638e-16
   810 :  1.1683006e-23 -1.4068420e-23  1.9023484e-23
   811 :  2.1809027e-38 -2.9173519e-40 -2.6223179e-38
   812 :  8.8496254e-14  6.8853782e-14 -1.1199951e-13
   813 : -1.3730130e-11  3.5034974e-11 -1.2192316e-11
   814 :  1.6961079e-34  9.2659025e-36 -1.8825928e-34
   815 :  1.9171367e-39  8.8798324e-39  2.7796489e-39
   816 : -3.6284198e-32  7.4094623e-33  1.4288261e-32
   817 : -4.7189447e-34 -4.6780269e-34  1.4193687e-33
   818 :  2.3772369e-36 -1.2049944e-35  7.1350525e-36
   819 :  1.1669142e-12 -3.2051167e-12  5.2929539e-12
   820 : -1.2689697e-35  3.4887399e-35 -7.1938480e-36
   821 : -1.8487110e-05 -5.8452670e-05  3.7452889e-05
   822 :  1.7402981e-09 -5.4602776e-09  1.8205864e-09
   823 :  3.7482665e-18 -1.0608628e-17  2.9348287e-18
   824 :  3.0647819e-18  1.1725251e-18 -8.8527083e-18
   825 : -6.9899952e-28 -2.9052706e-28  1.7135631e-27
   826 :  4.3245070e-07 -2.2186739e-07 -7.7910931e-07
   827 :  3.2535101e-20  1.0130594e-20 -2.0944367e-20
   828 :  1.8673403e-15 -5.7954253e-15  1.6245366e-15
   829 :  8.0533539e-09  1.0799413e-08 -8.2937393e-09
   830 :  1.5424784e-01  2.2509082e-01 -3.3273343e-02
   831 :  2.4640604e-01  3.6769445e-03  2.1853959e-01
   832 :  1.2382262e-12 -1.4147337e-12 -1.3220397e-12
   833 :  1.6104950e-01  1.5661075e-01 -4.1178618e-02
   834 :  1.6726391e-32 -1.5285053e-32  1.4417959e-32
   835 : -1.2537996e-37  8.3019065e-37 -1.5889777e-36
   836 :  8.2391549e-11 -2.9052345e-10  1.0093924e-10
   837 :  9.2350982e-22 -1.0793306e-21  1.6899227e-21
   838 :  6.2351643e-08  2.8838062e-08 -1.3127112e-07
   839 :  3.4793775e-16 -9.9668107e-17 -6.1712887e-16
   840 : -6.6102755e-22 -1.0050255e-20  2.1293392e-20
   841 : -5.9804944e-18  1.8156935e-18  2.2850518e-18
   842 :  4.1908222e-15  3.8871828e-15 -3.6912008e-15
   843 : -6.0270000e-20 -8.0507016e-20  2.0570999e-19
   844 :  2.5966120e-13  4.6617645e-13 -1.2301996e-12
   845 :  4.3277696e-27 -3.7785762e-27  4.1740938e-27
   846 :  2.4435931e-10 -1.9206395e-10  2.0182654e-11
   847 :  1.3111063e-15 -7.0754609e-15  1.2504446e-14
   848 :  2.0923522e-41 -9.8279718e-41  3.8343571e-41
   849 :  9.3698239e-18 -8.4935179e-17 -1.9561394e-18
   850 : -1.5345667e-16 -4.3097912e-15  9.4587154e-15
   851 : -3.6834219e-18  1.5912115e-16 -1.5081582e-16
   852 : -6.0334381e-30  2.8482249e-29 -1.1978985e-29
   853 : -2.7803652e-07 -6.3920185e-07  1.3684478e-06
   854 : -4.8084653e-42 -2.3614203e-41  5.0544833e-41
   855 : -1.0448375e-05  4.9559776e-08  1.2505944e-05
   856 : -7.6528730e-08  3.9281224e-08  8.4344465e-09
   857 : -3.6240297e-05  4.0745841e-05 -9.2533459e-05
   858 :  1.5361430e-08 -5.5028761e-09 -4.5376503e-09
   859 : -3.4492328e-30  4.2188991e-29 -3.5036391e-29
   860 : -8.4805855e-10 -1.7931031e-09  1.0699881e-09
   861 : -1.2413777e-09  7.9911481e-10 -1.0471217e-09
   862 : -4.3318934e-10  1.5630128e-10  1.1037209e-10
   863 :  1.1358615e-07 -3.7650578e-07 -1.9191804e-07
   864 :  1.1407405e-06 -1.7585331e-06  4.4152445e-06
   865 :  1.0147973e-04 -2.5209250e-04  5.4548740e-04
   866 :  2.5625909e-01  2.2014045e-01  1.4694953e-01
   867 :  1.2321401e-03  1.7138483e-03  1.6598739e-03
   868 :  3.3505732e-12  8.5852637e-12 -1.7553388e-11
   869 :  2.0483434e-12  9.6749605e-13 -1.3744291e-12
   870 : -3.1165228e-14  3.6142463e-13 -1.2860671e-13
   871 : -1.6747389e-06 -1.2531643e-06  6.5365286e-06
   872 :  6.4499499e-06 -1.1417112e-07 -1.3731777e-06
   873 :  8.6834482e-02  1.3637639e-01  7.8710719e-02
   874 :  7.1505513e-02  9.6089703e-02  9.4770897e-02
   875 :  1.0729316e-18  2.0991128e-19 -9.5713296e-19
   876 : -1.3100549e-17  8.8720130e-18  2.0725334e-17
   877 : -8.5883670e-35  1.2273486e-34 -1.6041788e-34
   878 : -4.3022286e-32  9.7221226e-32 -2.0560153e-32
   879 :  3.4079871e-20 -6.9251157e-20  1.0883364e-19
   880 :  3.1382703e-18 -3.7034300e-18  2.2134597e-19
   881 :  3.6352160e-34 -1.0871427e-34 -1.4497419e-34
   882 : -2.1037671e-32  1.2154546e-32  3.0299755e-32
   883 : -1.3440757e-20  6.7363776e-21 -6.2970977e-22
   884 :  8.8073353e-22  2.4839358e-19 -1.0550899e-19
   885 : -2.6333041e-09  8.2181449e-09 -6.4842757e-10
   886 :  2.1904112e-10  1.9315390e-10 -8.0596104e-10
   887 : -1.7464590e-09 -2.3170337e-09  6.9509707e-10
   888 :  6.7997628e-09  2.3121834e-08 -9.6496460e-09
   889 : -5.9124051e-03 -9.6123779e-03 -8.1245578e-04
   890 : -8.1554889e-04  1.5476880e-03 -3.4834711e-03
   891 : -4.4864556e-19 -7.2718861e-19  1.9025965e-18
   892 :  1.2974775e-16 -2.3697024e-16 -3.0916406e-17
   893 : -3.2693504e-10  9.1824660e-11  1.5667659e-10
   894 :  2.1491053e-09 -1.8677246e-09 -3.0370170e-09
   895 : -3.5822986e-03 -6.4592132e-03 -1.6890569e-03
   896 :  1.5566582e-03  6.6082335e-04 -3.1496129e-03
   897 : -4.5240722e-20  1.0362199e-20  2.1822425e-20
   898 :  4.6424881e-19 -2.1614736e-19 -8.0006964e-19
   899 :  1.2671443e-03 -4.8669530e-04 -2.2342348e-03
   900 : -1.3654187e-03  5.2121832e-04  6.9233935e-04
   901 : -2.0250819e-12 -6.7077487e-13  3.6761047e-12
   902 :  5.5749218e-11 -4.6755979e-12 -5.4427596e-11
   903 :  4.1485790e-06 -6.0613171e-07 -8.7312003e-07
   904 : -2.2742873e-07 -4.4583094e-07  7.5841204e-07
   905 :  1.8501059e-06  4.2289914e-06 -1.5401494e-06
   906 : -2.4567877e-04  8.0369260e-04  3.4216501e-04
   907 :  3.3344443e-05  3.3152119e-06 -9.6981196e-05
   908 : -8.2008306e-09  1.3879177e-08 -3.7513276e-08
   909 : -1.3667775e-07 -2.0943530e-07  1.8515339e-07
   910 : -2.3041247e-09  5.5506930e-07 -5.6595851e-07
   911 : -2.1142682e-07  9.5076915e-08 -2.6814054e-08
