Number of elements 912
     0 : -4.0297117e-23 -2.2289897e-23  1.0757790e-22
     1 : -8.0358073e-13  2.1094391e-12 -4.2362298e-13
     2 : -5.7333257e-01 -2.0733324e-01 -3.2696843e-01
     3 :  9.1579260e-16 -4.7630511e-16 -1.4480779e-15
     4 :  1.5819509e-01  1.4542577e-01  1.7105120e-01
     5 :  7.8114905e-02  9.6688012e-02  2.3493203e-01
     6 :  4.1767107e-35  8.3331746e-35 -1.6869418e-34
     7 :  3.8994875e-12 -2.6506588e-11  1.4043882e-11
     8 :  5.4327569e-11  1.9055327e-10 -1.0459260e-10
     9 :  3.8085758e-32 -1.5275402e-31  6.8702098e-32
    10 :  5.6488975e-12  3.3626307e-11 -4.7319861e-11
    11 : -4.5116418e-35  7.4174669e-35  2.1010284e-35
    12 :  3.1187389e-02  3.6381410e-01  5.4406892e-01
    13 : -4.3920959e-08  2.4469791e-08 -2.0631747e-08
    14 :  8.3127694e-18 -1.8071342e-17  3.0465637e-18
    15 : -1.0832259e-09  2.1374985e-09  9.4922348e-10
    16 :  5.8210902e-37 -1.8308733e-36  5.6301867e-37
    17 : -3.0549095e-26  1.3901474e-25 -6.5085230e-26
    18 : -2.1388053e-10  6.9050247e-10 -2.0336117e-10
    19 :  1.2616165e-43 -3.1221396e-43 -6.2371382e-44
    20 :  4.4671594e-26 -2.4111426e-26 -6.0680939e-26
    21 :  4.5442007e-08 -5.1980326e-08 -9.0456303e-08
    22 :  1.1814975e-07  1.1665682e-08 -5.4922959e-08
    23 :  4.5576995e-40 -4.8786235e-40  7.2198596e-40
    24 : -2.2909573e-13  2.2792946e-12 -2.2064351e-12
    25 : -2.6768274e-42 -9.2878038e-42  5.3844615e-42
    26 :  7.0532142e-12  6.0410261e-12 -4.7956000e-12
    27 :  1.6119791e-08  8.9822837e-09 -2.2123831e-08
    28 :  7.3076947e-09 -8.0591904e-08  3.2660469e-08
    29 : -4.5114117e-14 -9.4754380e-14  2.0687905e-13
    30 :  1.7571817e-12  6.3472687e-11 -6.9663564e-11
    31 :  1.1764441e-16 -6.6826202e-17 -1.8289654e-16
    32 :  3.6699132e-34  4.5926473e-34 -1.2462940e-33
    33 : -1.6203958e-07  2.5604168e-07  2.4411343e-06
    34 :  8.6995277e-44 -4.9430884e-44 -1.2633613e-43
    35 : -1.5375608e-16 -3.8289018e-17  3.8485487e-16
    36 : -2.3971037e-03 -1.1092064e-01  1.7190931e-01
    37 : -7.5569337e-05 -3.7659854e-05  2.9122321e-05
    38 :  1.4293499e-08 -5.8019294e-08  1.6185948e-08
    39 : -1.0219513e-13  7.6029100e-13 -5.5194746e-13
    40 :  3.7984729e-14 -1.2554524e-13  2.8189302e-14
    41 : -3.6442554e-10 -6.0176365e-10  1.5734394e-08
    42 : -1.7921844e-41  2.4681709e-41  1.5150892e-42
    43 :  1.7153662e-24 -1.8063241e-24 -1.7215400e-24
    44 :  3.3909947e-06  1.2937661e-05 -2.1330496e-05
    45 : -1.6271183e-19  5.1332236e-19 -9.4167229e-19
    46 : -7.4705955e-20  3.2111545e-20  3.9137260e-21
    47 :  6.4207900e-34  7.0311213e-33 -1.5211791e-32
    48 :  9.5028385e-38  8.2206427e-36 -3.4216228e-36
    49 :  1.6046140e-11 -1.9589615e-09  1.8610238e-09
    50 :  8.7423592e-07  1.0843212e-06 -2.0933591e-07
    51 :  1.7217533e-02 -7.0380347e-03 -1.1401471e-02
    52 : -2.2251473e-10  5.0764681e-10 -8.8096627e-11
    53 :  3.2530669e-34 -1.9596337e-34  4.7212854e-35
    54 :  7.1211008e-08 -5.6518755e-08  5.4230011e-08
    55 : -3.0374953e-08  3.1445707e-09  3.2549181e-08
    56 :  1.3188270e-01  2.0845048e-01  1.0425288e-01
    57 :  1.6225835e-10 -4.8660148e-09  1.2072283e-08
    58 :  5.3098228e-04 -1.4829732e-03  4.6593489e-04
    59 : -3.5237197e-10 -3.4450452e-10  2.3982578e-10
    60 : -1.0109583e-06  1.0878927e-06  1.7589573e-06
    61 :  1.7345163e-03 -4.3826605e-04  9.2050662e-04
    62 : -1.8010892e-12 -2.6781926e-12  2.0814215e-12
    63 : -4.9439146e-06 -3.7272871e-06  3.6363806e-06
    64 : -1.3221066e-11  5.5601900e-12  2.2890668e-11
    65 : -1.5366871e-14  2.8614197e-14 -6.2531382e-15
    66 : -2.2066748e-16  5.5203174e-16 -4.0280350e-17
    67 : -9.4338979e-36  9.2309671e-37  1.8695542e-35
    68 : -2.0664850e-35  5.1866424e-35 -9.3013472e-36
    69 : -1.1089287e-35  9.1035946e-36  1.3653353e-35
    70 : -5.2339929e-19 -1.8026830e-19  1.2731638e-18
    71 : -4.3596232e-06  1.0158089e-05  3.2324538e-06
    72 :  2.8163729e-38 -4.5346089e-38 -1.1581445e-38
    73 :  4.3373154e-05 -4.6606808e-05 -5.5903365e-05
    74 :  3.4257157e-27  8.4984263e-27 -5.8882132e-27
    75 :  2.1250840e-27  2.0067771e-27 -1.9463783e-27
    76 :  2.1118936e-38  2.0635715e-38 -1.8997929e-38
    77 : -4.5025753e-30  1.4191982e-29 -4.7739353e-30
    78 : -1.5441675e-32  3.8227435e-32 -1.9569910e-33
    79 :  7.0542590e-24 -7.0256758e-24  8.1258740e-24
    80 :  3.8876545e-50  1.7020520e-49 -1.2099182e-49
    81 :  1.6852016e-32  7.2949319e-32 -4.4587032e-32
    82 :  8.9169664e-01 -2.1025865e-01  9.7748223e-01
    83 : -3.0871885e-44 -4.9132498e-44  1.1242583e-43
    84 : -3.5590070e-41  6.3940370e-41 -2.6570922e-42
    85 :  1.1597822e-01  1.8338931e-01 -8.2998589e-02
    86 :  1.6181152e-26 -2.4715670e-26  3.7446488e-26
    87 :  1.8254453e-24 -2.1922233e-25 -3.4976015e-24
    88 :  3.3167536e-15  2.4854940e-15 -2.7124065e-15
    89 :  4.1862179e-04 -6.1596004e-05 -1.5921939e-04
    90 : -4.8049279e-39 -1.5791501e-38  1.0209106e-38
    91 :  1.7748541e-01  1.3640260e-01  1.4534162e-01
    92 :  2.0714633e-19 -4.0699741e-19  1.1316731e-19
    93 : -1.2670143e-48  2.4789136e-49  5.8301412e-49
    94 : -5.1323156e-23 -1.1916303e-22  1.5936093e-22
    95 :  7.1219929e-36 -2.1305707e-36 -2.7971543e-36
    96 : -8.7640859e-17  2.2179007e-16 -3.4006978e-16
    97 : -9.9063908e-18 -1.5062166e-17  3.4518999e-17
    98 :  3.4654631e-01 -7.8257424e-02  1.0698353e-01
    99 :  6.0105576e-35 -1.1651249e-32  6.1857006e-33
   100 : -2.1083781e-34  1.8514574e-34  1.0218038e-34
   101 :  4.4065644e-15 -2.5804039e-15 -8.1076944e-16
   102 :  1.2788227e-09  4.4070495e-09 -2.5738118e-09
   103 :  3.3105881e-45 -3.3357902e-45 -3.4398369e-45
   104 : -3.8738868e-20  1.5269891e-20  9.2301638e-21
   105 : -1.6759143e-12  3.5042245e-12  4.0176577e-11
   106 :  2.2242630e-13  2.9640837e-15 -4.7875100e-13
   107 :  1.4872419e-13 -8.1034534e-13 -6.0686559e-14
   108 :  1.7232631e-12  2.5359400e-12 -8.1058621e-12
   109 :  1.5234221e-09  1.4029558e-09 -8.1319462e-09
   110 :  7.9074662e-06 -1.3637928e-05  4.5319699e-06
   111 : -1.7086133e-12  1.4334898e-13  5.9522141e-13
   112 : -2.0893112e-31 -1.7036615e-31  6.2521324e-31
   113 :  2.3977433e-04 -2.4986264e-03 -1.2480587e-03
   114 : -1.9412714e-18  6.6951833e-19  1.6469967e-18
   115 :  1.0570683e-08  2.7741299e-08 -1.3476496e-08
   116 : -3.2022142e-06 -5.3648487e-06  4.6751368e-06
   117 :  1.8004663e-01  1.9476749e-01  1.3241426e-01
   118 :  8.7693673e-01 -1.9158210e-03 -2.2255082e-01
   119 : -4.2671484e-37 -1.2258142e-37  6.7533018e-37
   120 : -7.4976705e-18  1.5344778e-18  4.3374286e-18
   121 :  1.5171931e-28 -9.7905643e-28  5.6020832e-28
   122 :  9.6043729e-09  1.7079580e-10 -3.9971648e-09
   123 : -1.9301068e-45  4.3648557e-45 -3.0676948e-45
   124 :  2.0153873e-33 -2.1808380e-33  8.7766751e-35
   125 :  1.7346525e-48 -6.4259596e-48  2.9669328e-48
   126 :  1.0394554e-26  1.2106116e-26 -2.4677198e-26
   127 : -2.7779241e-27  2.8232296e-27  3.0609828e-27
   128 : -1.6657083e-09  2.8060732e-09  8.7653205e-10
   129 :  8.9038195e-23  1.2255489e-22 -3.4050667e-22
   130 :  1.8985615e-03 -1.2639454e-03 -1.2812906e-02
   131 : -1.5387530e-06  1.1353944e-07  8.4602195e-07
   132 :  2.2200360e-08 -5.8533602e-08  5.7384178e-09
   133 : -3.3865082e-05  8.2997807e-05 -1.4885514e-05
   134 : -2.2311072e-08  9.8424235e-09 -2.7043824e-09
   135 :  1.3855718e-10  8.0098483e-11 -3.8184050e-10
   136 :  8.2921863e-14  1.5993460e-14 -5.1227514e-14
   137 : -3.0152180e-10  8.7385192e-10 -2.5094176e-10
   138 :  2.1063160e-12 -1.3136803e-13 -7.4372809e-13
   139 :  7.6570487e-12 -1.3490503e-11  3.0447462e-12
   140 : -4.1119937e-30  8.4507529e-30 -2.0909156e-30
   141 : -1.7711592e-28  1.0869931e-28  2.6250896e-28
   142 :  5.9455557e-12 -6.7375522e-12  9.7188369e-12
   143 :  2.2673436e-38  2.0094267e-37 -3.1699912e-37
   144 :  8.3455056e-14  4.4063418e-14 -5.2802021e-14
   145 :  2.1703394e-17  2.6617103e-16 -1.3029539e-16
   146 : -6.4884726e-21  4.3372855e-21  9.0854354e-21
   147 :  5.7106274e-37 -3.9022088e-37 -6.6140416e-38
   148 :  1.2521618e-20 -9.3066790e-21 -1.6082178e-20
   149 :  1.6451777e-01  1.0016383e-01  1.6337723e-01
   150 : -1.2849999e-16  3.6553508e-16 -9.3568667e-17
   151 :  6.0606323e-27  1.7552683e-27 -1.4555470e-26
   152 :  9.7657378e-23  1.1694645e-23 -5.0096989e-23
   153 :  6.1599842e-01  2.3663156e-02  4.9675102e-02
   154 : -4.3628741e-49  2.6375217e-49  5.8166085e-49
   155 :  1.3735484e-37 -1.4235267e-37 -2.0731527e-37
   156 :  1.8860934e-39 -2.8943356e-39  5.0459009e-40
   157 : -1.1843214e-18 -1.5456608e-18  4.0497524e-18
   158 :  5.2986517e-12 -1.4867710e-12 -2.3827452e-12
   159 :  4.6863667e-15  1.4189105e-14 -9.1551271e-15
   160 : -5.2018245e-47  1.0722766e-47  2.0473458e-47
   161 : -5.2989067e-46  5.6118217e-45 -1.0795497e-44
   162 :  9.3194806e-03  1.9142714e-01  9.3892215e-02
   163 : -4.4341806e-08  2.9735037e-08 -2.8247659e-08
   164 :  7.7345893e-26  1.2655346e-25 -2.8932157e-25
   165 :  6.7137656e-14 -5.4323778e-13  4.0480007e-13
   166 :  4.0959659e-39 -5.1491961e-40 -7.9559131e-39
   167 :  1.4699690e-11 -1.5199062e-11  2.0623187e-11
   168 :  3.6135843e-08 -1.4313263e-07  2.5589345e-08
   169 :  1.0724232e+00 -3.9304755e-01 -4.6039309e-01
   170 :  9.5602122e-36 -1.8531388e-35  2.9306384e-35
   171 :  3.5455880e-36 -1.6063709e-35  2.8798208e-35
   172 : -6.6755673e-07  1.1175524e-06  8.4410988e-07
   173 :  3.4708256e-09 -1.1494360e-09  3.3555961e-10
   174 :  1.2315388e-12 -2.5008873e-12 -2.8830451e-13
   175 :  1.1030354e-20 -1.6190825e-20  2.1624029e-20
   176 :  1.8677742e-32 -1.9487500e-32 -1.9738113e-32
   177 :  1.3838276e-12  3.0595577e-12 -5.9685476e-12
   178 :  1.2741576e+00 -3.1387177e-01  6.0508073e-01
   179 :  8.5269902e-12  1.4709008e-11 -3.8182902e-11
   180 : -9.5367881e-38  2.4654878e-38  1.7158849e-37
   181 :  5.3454112e-08 -1.1701302e-07 -7.4245060e-08
   182 :  1.1342687e-22  8.0515720e-23 -2.8829036e-22
   183 :  8.6986576e-06  7.2772821e-07 -1.0484360e-05
   184 :  4.9949017e-49  7.7828121e-48 -4.0741160e-48
   185 : -1.4080058e-26  5.8695574e-27  3.9173566e-27
   186 : -3.1349274e-18 -4.4239036e-18  1.2743600e-17
   187 :  4.7549311e-11 -1.1599029e-10  1.9217085e-12
   188 :  8.2672260e-01 -2.5485555e-03  9.7585204e-01
   189 :  4.1432720e-11 -1.5074717e-10  6.4958860e-11
   190 : -3.6139075e-14 -2.3165327e-13  1.1705794e-13
   191 :  4.4552410e-45 -3.5875796e-45 -5.6740682e-45
   192 : -8.8830287e-07 -6.2202031e-08  2.1760965e-06
   193 :  9.2910263e-04  1.9210246e-01  4.1408138e-03
   194 :  4.8178942e-01  1.4698385e-01  3.2283599e-01
   195 : -7.3953560e-19 -2.2135167e-19  4.7151402e-19
   196 :  7.5730289e-38 -7.1341996e-38 -8.6458635e-38
   197 : -3.2027345e-38  5.6334933e-38  8.1587443e-39
   198 : -1.8248405e-16 -1.7929074e-16  5.8725147e-16
   199 :  2.3455840e-03 -9.6033975e-03  2.3698659e-03
   200 :  6.3509964e-34 -7.7403417e-34 -3.9126760e-34
   201 : -5.1376539e-08  6.7482931e-08 -1.0081747e-07
   202 : -5.6933090e-19 -1.7282122e-19 -2.6724725e-19
   203 :  5.6560181e-41  3.2395020e-41 -4.2736299e-41
   204 :  3.7044747e-19  5.5423025e-19 -9.5602240e-19
   205 :  1.8068744e-07 -2.1118200e-07 -1.2067471e-09
   206 : -1.0734475e-40  4.3751687e-41  2.9016929e-42
   207 : -1.4540974e-38  9.6053356e-39 -5.3770487e-39
   208 : -2.8833087e-28  1.8232994e-28  3.2714623e-28
   209 :  5.5285295e-01  2.6428486e-01  5.8720279e-02
   210 :  2.2151479e-20 -2.6625811e-20 -1.9031586e-20
   211 :  2.6453337e-40 -1.0253350e-40 -4.8938870e-41
   212 : -2.7772170e-11  3.1528134e-11  2.5283056e-13
   213 :  6.6743534e-38 -3.2874685e-37  3.2937141e-37
   214 :  1.5304577e-01  2.1647062e-01  1.1469198e-01
   215 :  3.5706201e-01 -1.9972387e-01 -7.0226280e-02
   216 :  1.1476415e-10 -1.1987548e-10 -1.3324304e-10
   217 :  3.6394407e-48  1.8665491e-47 -1.0929640e-47
   218 :  2.1185896e-30  3.8793059e-30 -8.3293126e-30
   219 :  2.7839380e-09 -2.9253537e-08  4.1289542e-08
   220 :  4.7838685e-26  8.0515518e-26 -2.1965395e-25
   221 :  9.2559131e-33  1.3062191e-33 -2.0240683e-32
   222 : -4.2795491e-04  7.1284926e-04 -3.4873173e-05
   223 :  4.6132246e-06 -3.7269726e-05 -9.6684345e-06
   224 :  1.9960067e-15  1.8200224e-15 -6.1279857e-15
   225 :  2.6092632e-25 -4.8929062e-25 -5.0418655e-26
   226 : -9.1921843e-34  4.6681114e-34  3.0901070e-34
   227 : -2.8156638e-19  1.3449436e-19 -1.4647997e-20
   228 : -9.4425565e-16  1.9161382e-15  2.2537292e-16
   229 :  8.1212651e-22  1.1329209e-21 -9.1109322e-22
   230 : -4.3179623e-34 -1.5526537e-34  2.7798708e-34
   231 : -8.3430771e-36 -3.4729708e-34  3.6296516e-34
   232 :  2.8203890e-46  5.6591884e-46 -4.1474908e-46
   233 :  1.1462172e-32 -1.6335620e-32 -5.0966988e-33
   234 :  8.3869860e-03 -5.6609163e-03 -1.1200969e-02
   235 : -3.4158281e-07 -1.7776902e-06  3.8701600e-06
   236 : -7.2776224e-31  1.4140929e-30  1.2200354e-31
   237 : -5.7865250e-29  9.9669760e-29 -3.9060870e-29
   238 :  6.5966874e-43  8.7199790e-44 -3.7142174e-43
   239 :  2.6459343e-33  1.8757476e-32 -4.1403608e-32
   240 :  7.8262745e-39 -3.0192655e-39 -1.3175801e-38
   241 : -2.9029004e-09 -2.1222788e-08  7.2448614e-09
   242 :  8.0309656e-10 -1.8111255e-10 -2.9653300e-10
   243 :  8.8026215e-04 -2.1234736e-04  6.1844206e-04
   244 :  7.3273304e-06  8.8754194e-07 -7.3202240e-06
   245 :  1.6956201e-31  5.2296118e-32 -3.6669826e-31
   246 :  8.0829883e-10 -3.5433876e-10 -1.8955324e-10
   247 :  5.6689319e-04 -3.0539490e-04  7.1579417e-04
   248 :  1.2667812e-47 -6.5659156e-48 -1.9100440e-47
   249 : -6.2649246e-24  4.5723004e-24  8.8808121e-24
   250 :  3.9702813e-09 -1.4772189e-09  3.1457596e-10
   251 : -1.2315580e-16  2.8273047e-16  3.7513968e-17
   252 : -3.1930926e-34  5.8580069e-34 -5.9234433e-35
   253 :  4.7607568e-42 -5.6346319e-42  6.8943818e-42
   254 : -6.5303816e-03  1.5950540e-03  1.4322352e-03
   255 : -1.8853790e-18  4.2910905e-19  3.4268715e-19
   256 :  4.6320556e-10  3.9335171e-10 -3.4565061e-10
   257 : -1.9823259e-06  9.2368351e-06 -1.1700001e-05
   258 : -1.1744681e-19 -2.9750089e-19  6.9816593e-19
   259 :  8.9180008e-28  8.1703776e-28 -2.6732846e-27
   260 :  2.7390534e-09 -4.2561686e-09 -1.9464519e-09
   261 : -6.7189562e-19 -5.3529338e-19  2.9878332e-18
   262 :  1.9642483e-31 -5.0023792e-31  2.6322477e-31
   263 : -1.1864593e-35  1.2865567e-35  1.1898589e-35
   264 : -9.2850530e-18  1.0164956e-17 -1.1951147e-17
   265 :  5.2690747e-09  1.3191955e-08 -3.5605703e-08
   266 :  1.0649883e-23  2.8764385e-23 -1.8454421e-23
   267 : -1.4981180e-22  3.2447020e-22 -8.4181028e-23
   268 :  2.3941943e-36  1.1900632e-36 -4.7570211e-36
   269 :  7.1767459e-04 -2.0513294e-04 -2.0205328e-04
   270 : -4.0602101e-21  2.8517908e-20 -1.8495539e-20
   271 : -1.4765737e-07 -5.2693574e-09  1.7917009e-07
   272 :  5.4890824e-22  2.3952545e-21 -5.7034023e-21
   273 :  6.2315836e-35 -9.9540315e-35 -2.6183329e-35
   274 : -2.3535219e-10 -8.1228739e-10  1.9547988e-09
   275 :  4.8780004e-31 -2.0580155e-29  2.0712527e-29
   276 : -5.4511338e-07  5.3454892e-07  5.3947766e-08
   277 :  1.1061030e-31 -1.2748917e-31 -1.0264126e-31
   278 :  2.9087200e-11  2.7924652e-10 -5.0650592e-10
   279 :  1.2166361e-16 -2.3601180e-17 -4.7295796e-17
   280 :  2.2976238e-01  1.9335443e-01  1.5487510e-01
   281 : -1.0045878e-17  5.7130962e-18  1.5815593e-17
   282 : -2.9625705e-24  1.3218226e-23 -2.5461306e-23
   283 :  2.1106191e-29 -2.0853810e-28  1.6490851e-28
   284 :  2.9224369e-31 -1.0787497e-30 -2.1293956e-31
   285 : -8.5733202e-03 -1.3664736e-02  2.6065684e-03
   286 : -2.5318568e-10  3.7071527e-10  3.0871675e-10
   287 :  1.4460230e-12  9.3219345e-13 -9.8847339e-13
   288 :  1.5726672e-01  1.5022569e-01  1.5351861e-01
   289 : -8.0536077e-14  1.1529398e-14  5.6147671e-14
   290 :  7.1466137e-03  4.8524813e-02 -2.2345315e-02
   291 : -4.9577629e-17  6.8743932e-17 -8.5873908e-18
   292 : -1.5894915e-04 -7.8530905e-05  3.1706315e-04
   293 : -1.8900714e-27  8.8140037e-28  2.9635430e-27
   294 : -6.7183633e-12  4.2656925e-11 -8.8096384e-11
   295 :  4.6975701e-40 -4.3681015e-40 -1.2780230e-41
   296 : -7.5928773e-09  4.8834723e-07 -3.8578869e-07
   297 : -3.6812111e-15  7.5596413e-15  1.1257693e-15
   298 :  8.5742400e-16  5.4675334e-16 -7.1712530e-16
   299 : -1.6777053e-43 -9.1692555e-44  4.1198371e-43
   300 :  7.6576724e-07 -2.3780944e-07 -2.2739394e-07
   301 : -1.3468240e-17  1.1642756e-18  5.4260205e-18
   302 : -1.1352362e-10  3.5433992e-10 -1.1308318e-10
   303 :  8.4229318e-13 -3.6744702e-12  1.3756696e-12
   304 : -1.3644421e-11 -3.2818158e-11  8.3535704e-11
   305 : -3.3993108e-19  2.3818729e-19  5.1126501e-20
   306 : -4.1640776e-05 -1.1897154e-05  2.0956365e-05
   307 :  2.8352747e-11 -3.7091681e-12 -2.9424517e-11
   308 : -2.4227538e-16  1.3801200e-16 -7.7161504e-17
   309 :  3.2530568e-43  5.2314280e-42 -2.7488038e-42
   310 :  1.0010456e-13  3.2531924e-14 -2.6329963e-13
   311 :  2.9169316e-10 -3.3638037e-11 -6.7854834e-10
   312 :  8.4266099e-39  2.0614438e-38 -5.0159845e-38
   313 :  6.1080425e-28 -2.0261384e-27  5.8707512e-28
   314 : -5.1791183e-42 -9.3795318e-42  2.3868565e-41
   315 : -7.6681892e-33 -3.5730836e-32  2.0890202e-32
   316 : -2.0126545e-05 -2.6516193e-05 -2.5424452e-06
   317 :  5.1985289e-44 -5.9105685e-43  4.7017419e-43
   318 : -1.3381714e-07  1.8966527e-07 -4.5413996e-08
   319 :  3.4421135e-08  2.0798113e-08 -9.8739630e-08
   320 :  1.2992914e+00 -5.1043502e-01 -4.1545537e-01
   321 :  2.4492907e-05 -3.1013420e-05 -9.5947840e-05
   322 :  2.1251656e-43 -1.9696809e-42  1.5412253e-42
   323 :  1.4072980e-46 -1.9657874e-46  2.8308269e-47
   324 : -2.4143512e-31  9.9958696e-31 -3.4800455e-31
   325 :  9.2086556e-28 -2.7676479e-28 -3.6421846e-28
   326 :  3.9416037e-03 -7.9117712e-03 -2.0590436e-03
   327 :  1.1379042e+00 -2.7084805e-01  1.2816062e+00
   328 :  6.0501423e-10  2.0054101e-09 -1.5612678e-09
   329 :  6.9704502e-30 -4.5674809e-29  1.9316089e-29
   330 : -1.5709972e-45 -5.5791613e-47  3.1924467e-45
   331 : -2.5900027e-20  2.3439351e-20  3.1926732e-20
   332 : -1.5876047e-11 -1.1906055e-11  1.2764863e-11
   333 : -6.5371947e-29  2.4041662e-28 -4.6631760e-28
   334 :  3.0187468e-08 -9.8704745e-08 -2.0524842e-08
   335 :  1.6607921e-11 -3.9598154e-11  1.3054014e-11
   336 : -2.2018580e-11 -7.9687968e-11  8.8074498e-11
   337 : -4.9251910e-42 -2.6508624e-40  2.9028943e-40
   338 :  3.3492336e-09 -3.2229875e-09  6.3542171e-11
   339 : -6.5754331e-30  1.0563729e-29  3.5096346e-30
   340 :  3.7517813e-08 -9.8433624e-08 -2.2261779e-08
   341 :  2.0598304e-39 -2.1091306e-39  5.4991701e-41
   342 : -3.7674647e-33  2.3313265e-33  5.4658495e-33
   343 : -1.0472860e-16  6.1555739e-17  2.0329069e-17
   344 : -1.3392275e-07  1.2453245e-06 -3.1707770e-07
   345 :  2.5811042e-03 -3.9350405e-03 -2.1860231e-03
   346 : -8.8145025e-33 -1.3070922e-32  1.0478687e-32
   347 :  2.4966845e-07 -1.2637035e-07  5.3230713e-08
   348 :  4.3543507e-17 -2.4240173e-16  9.7539157e-17
   349 :  3.4277057e-18 -2.3289830e-18  1.5793731e-18
   350 :  3.8481280e-07 -3.7298316e-08 -2.8206995e-07
   351 :  4.6396871e-26  1.1369339e-25 -7.6858950e-26
   352 :  7.4290053e-08  5.7449219e-08 -2.2142213e-07
   353 : -2.3295580e-11  1.0689063e-10 -3.6971393e-11
   354 :  1.0159738e-01  2.9566811e-01 -8.8774623e-03
   355 :  1.2652242e-01  1.3860019e-01  1.6752074e-01
   356 :  1.3212988e-40  2.5115047e-40 -5.3436920e-40
   357 : -7.6347289e-07 -1.0405503e-06  3.0084942e-06
   358 : -2.9826901e-19  3.9002076e-19  2.5292055e-19
   359 :  2.1469198e-48 -9.4559578e-48  3.6197014e-48
   360 : -1.1586906e-07  2.9537212e-08  4.2308426e-08
   361 : -6.5019154e-26  2.1702065e-24 -9.9806074e-25
   362 : -1.5786753e-18 -1.6448923e-17  4.1651299e-17
   363 : -1.2844723e-21  4.5095074e-23  1.1814084e-21
   364 : -6.0611640e-23  8.4762961e-23 -1.1773349e-23
   365 :  4.4270287e-18 -2.1284451e-18 -9.8676519e-18
   366 :  7.9108864e-37 -6.9591794e-36  5.2565806e-36
   367 :  7.1896111e-15 -2.9196456e-14  9.6666727e-14
   368 :  8.6616726e-09 -4.3799374e-08  1.7577943e-08
   369 : -1.7963493e-18 -7.3698781e-18  1.4202852e-17
   370 : -3.4691863e-22  1.1350160e-21 -4.4033025e-22
   371 :  2.1071801e-37  2.2119748e-37 -6.5648299e-37
   372 :  2.0221387e-17 -1.4692262e-17 -2.5445382e-17
   373 :  7.7635413e-12 -3.1105315e-12 -1.0075893e-13
   374 : -3.7247929e-03 -8.3675336e-05  7.7419887e-04
   375 : -1.1854983e-26 -8.5381217e-27  9.4721619e-27
   376 : -4.9030952e-42 -1.7680447e-40  1.8494561e-40
   377 : -8.5800895e-16  2.3794771e-15 -6.7339992e-16
   378 : -8.0989961e-23 -5.6518789e-22  4.1331011e-22
   379 : -4.0869160e-45  1.0120964e-44 -2.0460010e-45
   380 :  9.8684193e-05 -4.4887109e-05 -2.0323742e-05
   381 :  2.5068010e-19  7.0885859e-20 -1.5023787e-19
   382 :  6.6660741e-27 -9.7382206e-27 -3.8289947e-27
   383 :  9.9570133e-07  6.9012716e-07 -1.0558518e-06
   384 : -2.7245283e-25  5.4641325e-25 -1.0998855e-25
   385 : -4.0541300e-11 -5.7632924e-11  1.5220943e-10
   386 : -3.2976944e-05  6.6822051e-06 -3.8227634e-06
   387 : -1.2767616e-29 -3.1869970e-30  2.9726953e-29
   388 :  1.0250964e-01  5.3722136e-02 -3.9667855e-02
   389 : -1.6120246e-24  5.5863512e-24 -1.6113552e-24
   390 : -1.9519875e-09  3.3977073e-09  7.6132770e-10
   391 : -1.3994704e-20  1.4130699e-19 -6.2429257e-20
   392 :  3.0697851e-06 -3.9716860e-07  3.1161468e-08
   393 :  4.0873807e-06  3.1201074e-06 -1.3392349e-05
   394 :  4.2986008e-25 -5.8557861e-25 -3.2130329e-25
   395 :  1.1125208e-14 -5.6580557e-15  1.0476109e-15
   396 : -2.1029149e-44  7.3718809e-44 -1.2906807e-43
   397 :  1.2573669e-06 -6.5991425e-06  6.6544135e-07
   398 :  5.3836080e-13 -7.5070565e-12  2.9461400e-12
   399 :  5.3312529e-06 -2.6425518e-05  1.3099277e-05
   400 :  9.9715001e-13 -1.6020965e-12  2.9537451e-12
   401 :  9.1815216e-11 -1.6648741e-10 -7.6731943e-11
   402 :  1.6593676e-23 -6.8109408e-24 -1.8903972e-24
   403 :  1.4253983e-22 -9.2788493e-22  6.2174008e-22
   404 :  1.2297489e-37 -2.9671488e-37 -3.6731147e-38
   405 : -8.0237184e-15  1.7106030e-14 -7.1272342e-15
   406 : -1.5013584e-07 -2.1094953e-08  4.5743969e-08
   407 : -4.1530476e-05  1.8853042e-05 -1.8045179e-05
   408 :  2.2884596e-04 -1.0320079e-04 -4.7918096e-05
   409 :  1.4609989e-13  2.7516710e-13 -1.8876613e-13
   410 :  2.7536959e-02 -2.8570609e-01 -1.5785920e-01
   411 : -1.2588864e-13  4.5374762e-13 -1.7199019e-13
   412 :  3.1507209e-11 -2.4603911e-11 -4.0556912e-11
   413 :  1.0438419e-40  1.9421463e-40 -4.3323865e-40
   414 : -1.0292173e-02 -2.1186328e-02  3.1465439e-02
   415 :  1.6401415e-12 -2.4555008e-12 -1.1889146e-12
   416 :  1.7045713e-29 -2.9746364e-29  4.5829503e-29
   417 :  1.1845628e-08 -2.2498623e-08 -1.3563131e-08
   418 :  1.4920189e-06 -3.8522072e-05 -2.7289157e-05
   419 :  6.4730785e-37 -1.6250351e-37 -2.4193778e-37
   420 : -5.7792667e-34  1.4309403e-33 -2.6238430e-34
   421 : -5.2480135e-31  2.5305439e-30 -1.3808737e-30
   422 : -1.4212594e-17  9.0148230e-18 -2.7340312e-18
   423 : -3.4586602e-14  2.2662469e-13 -1.1626197e-13
   424 :  4.8846686e-25 -1.1409984e-24  3.1918462e-25
   425 :  2.0199362e-30 -1.0368114e-29  3.9279610e-30
   426 : -6.8218325e-22  4.9726768e-21 -2.0170941e-21
   427 : -1.4981015e-25 -2.6512896e-23  4.6917746e-23
   428 : -1.2896608e-23  2.5295544e-23  2.1415826e-24
   429 :  1.4024341e-11  5.9160906e-12 -6.7516732e-12
   430 :  1.5206808e-10 -2.7257326e-10 -1.5047116e-10
   431 : -2.1778363e-15  4.1500896e-15 -2.4994827e-16
   432 :  5.9569805e-17 -4.2279847e-17  3.6136027e-17
   433 : -1.8805401e-39  2.7430902e-39  1.0400054e-39
   434 :  3.2639785e-04 -5.1717725e-05  8.9155506e-05
   435 :  2.8233230e-13 -1.6895076e-13  8.1307778e-14
   436 : -3.9682881e-26 -4.0219158e-26  1.3970724e-25
   437 : -3.9731809e-08  4.6061065e-08 -5.4049751e-08
   438 :  5.9705618e-10 -3.9806689e-09  1.4412359e-08
   439 : -1.1618990e-05  7.3382899e-06 -7.9362443e-06
   440 :  1.6813498e-31 -8.1206641e-31  3.4505831e-31
   441 : -1.5543932e-43 -9.0855081e-44  3.2104865e-43
   442 : -7.8957007e-08  3.9899588e-08 -9.3594268e-08
   443 : -2.1884347e-16  3.8345010e-16  9.2170720e-17
   444 : -4.2680970e-09  2.3809556e-09 -1.8448911e-10
   445 : -4.6935331e-20  2.0890500e-20 -1.2130509e-20
   446 :  9.0015229e-03 -4.5690058e-03 -6.4046015e-03
   447 :  6.5645727e-21 -2.3982034e-20  4.6277520e-20
   448 : -1.1451908e-12 -5.9230361e-12  2.3720722e-12
   449 :  1.7138624e-39 -4.6404389e-39  1.1686216e-39
   450 : -3.6130519e-42  5.1140902e-42  2.2274847e-42
   451 : -5.6319729e-03 -1.1510317e-03  2.4958170e-03
   452 :  1.1405359e-01  9.1354971e-02  1.5252950e-01
   453 : -6.6432416e-03 -5.7461386e-03  1.1003296e-03
   454 :  1.7953592e-01  6.8118039e-02  2.2746689e-01
   455 : -2.8841523e-23 -1.5439845e-24 -1.0216007e-23
   456 :  6.6091160e-12 -2.7171738e-12 -1.3443670e-13
   457 :  5.2817949e-44  1.2867181e-43 -2.1780720e-43
   458 :  5.9011807e-21  5.6331915e-20 -8.2590882e-20
   459 :  1.7349956e-13 -1.3368512e-13 -2.8026007e-13
   460 :  7.2995736e-12 -2.1119583e-11  8.8025381e-13
   461 : -8.8024421e-21  5.2472976e-21  1.3489564e-20
   462 : -2.8622515e-17  7.7978610e-17 -1.8140655e-17
   463 : -4.9354296e-31 -6.4934396e-31  1.5262358e-30
   464 :  1.5940675e-08  2.9351411e-08 -1.3126853e-08
   465 :  2.2121009e-12 -2.9227819e-13 -1.7357031e-12
   466 : -1.8661193e-05  5.1590661e-06  4.6389382e-06
   467 : -2.3102135e-33 -4.8123086e-33  1.2959713e-32
   468 : -1.4555562e-28  1.7320094e-28 -1.0421927e-29
   469 : -3.3262040e-44 -6.1107837e-45  3.9262138e-44
   470 :  5.7776712e-41 -6.6419199e-41  3.9102958e-42
   471 : -1.6269720e-25  6.8518357e-26  5.6157289e-26
   472 :  2.9885986e-30 -5.0898220e-30 -1.2393159e-30
   473 :  8.6028738e-11 -4.3032270e-10  1.7799853e-10
   474 : -6.6996290e-36  4.3846834e-37  1.3155890e-35
   475 : -6.0169077e-25  3.5354620e-26  5.5784541e-25
   476 : -3.7381818e-24 -1.3851895e-24  2.3853069e-24
   477 : -3.1420998e-47 -5.0818256e-47  1.3553610e-46
   478 : -1.3084586e-13  1.3251802e-12 -1.2136813e-12
   479 : -6.9889166e-46  1.5618288e-45 -1.5900695e-46
   480 :  1.9289079e-04 -5.2021743e-05  4.0916533e-04
   481 : -3.0325088e-23  2.0260170e-23 -9.1715892e-24
   482 : -1.5984583e-34  5.1981049e-34 -1.7733081e-34
   483 :  2.0311585e-05 -3.3120206e-05 -5.2845082e-05
   484 :  2.7208444e-13 -5.4094105e-13  8.0551551e-14
   485 : -8.9262595e-13  1.0087467e-12  9.0800804e-13
   486 :  1.0685962e-01  2.9904377e-03  1.3531708e-01
   487 :  6.9755557e-12  1.1715650e-11 -2.4220440e-11
   488 :  7.3752953e-04  1.2615503e-04 -1.9710839e-04
   489 : -1.4499971e-36 -5.1625134e-37  3.4681025e-36
   490 :  1.1801526e-31 -2.2623645e-32 -4.6953710e-32
   491 :  2.1135925e-33  8.4311515e-33 -5.2185393e-33
   492 : -5.4052670e-11  4.0585028e-10 -9.2670548e-10
   493 : -3.5810278e-07  1.1142502e-06  6.2664429e-07
   494 :  3.9375734e-05 -3.0603899e-05 -6.7719527e-05
   495 :  5.7495949e-16  2.4274565e-16 -1.0756527e-15
   496 : -2.3503268e-28  4.6178662e-28  1.1187355e-29
   497 :  1.3221239e-42  8.8968191e-42 -4.9318337e-42
   498 :  2.4541519e-40  4.0270297e-39 -8.6683547e-39
   499 : -2.1718544e-04  5.4901054e-04  4.1937215e-04
   500 : -4.0447197e-43  2.1055658e-43  6.2347537e-43
   501 :  9.8192988e-48 -2.5770337e-46  1.9183197e-46
   502 :  5.0645201e-09 -1.5670601e-08 -3.1096307e-09
   503 :  1.1520516e-08 -2.3916475e-08  7.1494846e-09
   504 :  1.2028194e-13 -9.2045195e-14  4.2631935e-14
   505 :  3.9552649e-04 -1.0597150e-04 -4.0851531e-05
   506 : -3.0213995e-31  1.5291612e-30 -9.1343803e-31
   507 : -1.4642047e-29  3.9564868e-29 -3.8148506e-29
   508 :  2.8350621e-28 -3.0794432e-28 -2.2745696e-31
   509 :  3.2455146e-11  1.4138561e-11 -6.5776231e-11
   510 : -1.7699537e-28  2.2518263e-28  7.0256340e-28
   511 :  3.7422158e-21 -1.7545924e-21 -4.3733962e-23
   512 : -5.4613529e-22 -5.5672588e-21  2.8580886e-21
   513 : -8.8334099e-16 -2.2307823e-16  2.0770868e-15
   514 :  2.3800718e-14 -1.7414304e-13  1.1598172e-14
   515 :  4.8037119e-07 -8.8351253e-07  1.4018082e-06
   516 :  4.2959870e-29  1.1446666e-28 -7.7318333e-29
   517 :  1.8757641e-06 -1.0301067e-06  7.1339548e-07
   518 : -4.2943050e-14 -7.6466297e-15  5.6121861e-14
   519 : -1.8411160e-20  2.3345135e-20  1.5452945e-20
   520 : -1.9295773e-16 -2.3699486e-16  7.1635107e-16
   521 :  1.6957885e-07 -6.4002363e-08 -2.2079637e-09
   522 : -4.9434512e-02  1.5370159e-01 -1.7681876e-01
   523 :  1.4534928e-05  7.2895392e-06 -1.0784265e-05
   524 : -1.6961238e-15  1.0311909e-15  2.6192881e-16
   525 :  6.6362183e-14  7.7981833e-14 -3.0555900e-13
   526 : -1.8543873e-22 -7.9919692e-25  2.4917066e-22
   527 : -4.3148105e-36  1.3980106e-35 -1.1097868e-35
   528 : -6.5014931e-02  1.6579324e-01  8.7499341e-02
   529 : -4.1820987e-11 -2.0912777e-10  2.7818367e-10
   530 :  4.3149378e-05 -1.1923544e-04 -2.8590988e-05
   531 : -1.7784924e-09  1.5557558e-09  6.8464314e-11
   532 : -1.6830567e-21  1.3269163e-20 -9.5798023e-21
   533 :  8.0688743e-48 -8.7892142e-48  9.7693208e-48
   534 : -2.4274813e-48 -8.0927636e-48  1.8545066e-47
   535 : -1.9197331e-35 -2.8003160e-34  2.7919116e-34
   536 : -1.2891283e-05  2.8162177e-06  3.9722406e-06
   537 :  4.0315182e-09  2.1274256e-09 -2.3494389e-09
   538 :  1.9795489e-13 -2.7517468e-12  6.7562952e-12
   539 :  1.1331220e-35 -3.4457574e-35  9.2148544e-36
   540 :  2.1035876e-31  5.4224017e-31 -8.2429901e-31
   541 : -1.9612623e-30  5.9355561e-29 -6.3418192e-29
   542 : -3.4851021e-16 -9.9781506e-17  1.1942884e-16
   543 :  2.1286058e-37  2.1672586e-37 -2.2656664e-37
   544 :  5.6193433e-15 -1.0262992e-14 -3.2470305e-15
   545 :  2.2568198e-26  4.6122830e-27 -5.1785174e-26
   546 :  3.6041666e-04  2.9008979e-04 -1.6600871e-04
   547 :  3.4229812e-34 -1.0238101e-33  3.3806492e-34
   548 :  2.0675445e-06  1.4910511e-07 -3.5820175e-06
   549 : -1.5450790e-28 -2.3255765e-28  6.5790883e-28
   550 :  9.0247350e-11 -3.2111935e-10  7.6692723e-11
   551 :  4.8802873e-07  2.3963864e-06 -4.7990987e-06
   552 : -7.6568187e-09 -1.7709051e-08  1.4720227e-08
   553 :  4.4997840e-09 -9.8749006e-10 -1.5953225e-09
   554 :  1.6614243e-27 -6.4962879e-27  2.3216024e-27
   555 : -3.9202508e-16  7.7769238e-16  1.6413803e-16
   556 :  2.2649605e-29  2.4085464e-29 -2.2254141e-29
   557 :  2.4610880e-01  1.5716395e-01  1.1704560e-01
   558 : -3.7327211e-10 -1.3711019e-10  8.8359893e-10
   559 :  7.2719054e-08  1.6128227e-07 -2.1682301e-07
   560 : -4.7883493e-10 -6.9355935e-12  1.8982126e-10
   561 :  2.8600807e-03  6.4793948e-02 -1.2404358e-02
   562 :  2.1348319e-22 -8.7458557e-24 -9.7118436e-23
   563 :  9.5571496e-42 -3.8306450e-42 -1.6479718e-42
   564 : -1.5634067e-05  8.0654135e-06 -7.7786191e-06
   565 :  1.2579138e-05 -3.3130621e-05 -2.3834612e-05
   566 :  9.9657477e-32 -5.8685089e-31  6.6536823e-31
   567 : -2.4249409e-18 -2.9468580e-16  2.8626506e-16
   568 :  3.4689667e-07  1.0066145e-07 -1.2238899e-06
   569 : -1.3801386e-06  2.8598087e-06  1.1860856e-08
   570 :  1.2076770e-26 -2.1551079e-26 -4.5611519e-27
   571 : -3.5986705e-17  1.1429072e-17  1.1602585e-17
   572 :  4.5389964e-46 -6.8439814e-45  3.1668065e-45
   573 : -5.0926712e-12  6.2991893e-12  7.6459431e-12
   574 : -1.9492804e-10  5.2969918e-11  4.0524018e-11
   575 :  7.3558559e-02  3.1874554e-01  2.2327658e-01
   576 : -6.9563932e-14 -2.2724729e-13  4.2475739e-13
   577 :  1.1106805e-01  1.7077701e-01  1.4544717e-01
   578 : -5.2137744e-50 -9.3405564e-51  3.8540925e-50
   579 :  7.1417490e-04 -1.1344798e-03  6.1958597e-04
   580 :  1.2937329e-01  9.3394296e-02 -1.5917148e-02
   581 :  5.3576161e-28  5.5421844e-27 -6.6903635e-27
   582 :  5.6112705e-46 -2.5875001e-45  9.8906498e-46
   583 :  2.8843831e-25 -1.0178799e-24  4.1073042e-25
   584 : -1.4414304e-38  1.3602337e-38  1.5444369e-38
   585 :  6.2074794e-06 -1.3306779e-05  2.8977107e-06
   586 :  3.6589002e-32 -5.3208351e-32 -2.2022998e-32
   587 : -5.5691379e-23 -4.2511719e-23  1.5112282e-22
   588 :  9.3340329e-31 -9.8496087e-31  2.3188758e-32
   589 :  1.7181213e-07 -7.5418052e-08 -4.5637085e-07
   590 : -2.5065805e-07 -2.1469123e-08  6.5440655e-07
   591 : -2.0639034e-43  5.9197290e-43 -1.7546198e-43
   592 :  1.6417767e-27  2.1532191e-28 -2.0628952e-27
   593 :  2.7202454e-20 -4.6155410e-21 -1.6457761e-20
   594 :  3.9389785e-23 -2.2824683e-23 -7.8120355e-24
   595 :  4.4719856e-12  8.4202151e-13 -5.4928356e-12
   596 : -3.2489798e-14 -3.2647611e-14  1.5151579e-14
   597 : -8.3451795e-19  2.8695710e-19  5.3336785e-19
   598 : -1.4058916e-22 -1.0142540e-21  5.6484506e-22
   599 : -7.9989214e-03  3.1646925e-03  1.8200159e-03
   600 : -5.9741278e-15 -7.6254255e-15  1.9911813e-14
   601 : -5.7713531e-03  1.9562017e-03 -7.0837768e-04
   602 : -5.2222841e-33 -3.3701370e-32  1.8586652e-32
   603 : -9.0497022e-37 -3.0934273e-36  2.1985684e-36
   604 : -1.1031937e-26  4.8700267e-26 -8.7223024e-26
   605 : -5.8720614e-20  9.7056385e-20  2.9405935e-20
   606 :  1.2328674e-01 -1.1165184e-01  1.4602391e-01
   607 : -3.5558368e-15  6.8610487e-15  4.6843218e-16
   608 :  1.0656415e-29  3.0804142e-29 -1.9431069e-29
   609 :  1.3094881e-25  5.0046031e-26 -1.3675395e-25
   610 :  1.0155064e-36  5.4982565e-36 -1.2144701e-35
   611 : -5.2009929e-03  7.5976855e-04  1.2902531e-03
   612 :  1.3064678e-14 -3.2539768e-14  4.8702587e-15
   613 :  8.2475252e-19  3.4593253e-19 -2.0951551e-18
   614 :  1.0243568e-07 -1.4556080e-07 -7.1563555e-08
   615 : -3.8634014e-17 -3.9798328e-17  1.1891964e-16
   616 : -4.0659915e-39  1.1847057e-38 -3.6950816e-39
   617 : -7.7971547e-19  1.7158079e-19  2.7159775e-19
   618 : -3.5980867e-23 -3.5501740e-24  1.9374116e-23
   619 : -6.2176484e-30  4.0153034e-30  8.5057961e-30
   620 : -1.1423867e-20  1.4062155e-20 -1.9016352e-20
   621 :  9.5263981e-16 -3.4275106e-15  1.2523792e-15
   622 : -5.3670339e-05 -1.0376647e-04  2.0974553e-04
   623 :  2.4719038e-09 -1.6924603e-09  1.6374754e-09
   624 :  2.0238840e-17  1.3808968e-16 -6.3636993e-17
   625 : -2.9324696e-17  1.0836420e-16 -3.9384522e-17
   626 : -1.2045362e-49  4.6940824e-49 -1.7767704e-49
   627 :  9.2899103e-33  1.5402558e-32 -3.4243244e-32
   628 :  2.6443321e-23 -5.0331727e-23  1.1680282e-23
   629 : -9.5752562e-10  3.3125552e-09 -3.5487220e-10
   630 :  1.0376415e-06 -1.0207594e-06  1.8932488e-06
   631 :  1.0113441e-19 -4.2009676e-19  1.1544148e-19
   632 : -1.5830046e-37  3.5565855e-37 -3.5816467e-38
   633 :  2.5683142e-09 -9.4283970e-10 -5.4700335e-10
   634 :  2.5465416e-14 -1.9178767e-13  5.5307506e-13
   635 : -8.2060445e-08  1.6486625e-08  1.6658939e-08
   636 : -9.7099588e-08 -9.4229568e-08  5.5534158e-08
   637 : -7.3076234e-06  3.6424474e-06  1.0416260e-06
   638 : -2.1501133e-04  2.6090858e-04  3.4419764e-04
   639 :  3.7286701e-07  2.2189738e-07 -1.7699005e-07
   640 :  3.2258875e-01  8.7064477e-02  2.4826103e-01
   641 :  1.5673386e-29 -2.7074104e-29 -4.7148472e-30
   642 :  6.4017579e-11 -7.6979433e-11 -7.6272148e-11
   643 : -2.1954686e-09 -7.2313330e-10  5.8283057e-09
   644 :  4.2077522e-09  1.6388652e-09 -6.9112298e-09
   645 : -4.0146718e-14  2.3172994e-13 -1.0120247e-13
   646 :  1.9258211e-16 -1.5928778e-16 -2.6450790e-16
   647 : -6.7591578e-03 -1.3873073e-02  2.9804023e-02
   648 :  2.1952809e-15 -2.7857916e-15 -1.5156393e-17
   649 :  1.3985143e-07 -1.1413571e-07 -1.4028283e-07
   650 :  2.3673174e-17  6.3474904e-17 -1.5777293e-16
   651 :  6.0117955e-05  1.1165811e-04 -2.9876265e-04
   652 :  3.3226699e-15  2.1089313e-15 -3.3122803e-16
   653 :  4.4926670e-05  2.7237140e-06 -1.0548352e-04
   654 :  4.5014514e-25  5.1559346e-27 -4.0934808e-25
   655 :  1.9266117e-15  6.5207104e-16 -3.5697149e-15
   656 :  3.7032427e-06  3.7181452e-04  3.2791500e-04
   657 : -1.3725942e-07  1.3089804e-07 -1.5023968e-07
   658 :  7.7243004e-17  7.1843176e-15 -1.7870918e-14
   659 :  2.1639925e-11 -1.4493637e-11 -2.8115644e-12
   660 : -6.0581879e-05 -4.1513435e-06  9.0564093e-05
   661 : -1.5960768e-02  1.0638820e-01  2.0804188e-01
   662 :  3.9515781e-24 -7.9050881e-26 -5.4660669e-24
   663 :  1.2361401e-06 -7.2755416e-07  2.6558846e-06
   664 : -3.1151146e-06 -1.8486079e-05 -3.1790733e-05
   665 :  2.4479560e-04 -6.6430744e-05 -3.5157814e-05
   666 :  6.5693178e-39 -4.7410414e-39 -8.6056168e-39
   667 :  4.5293539e-27 -3.6121746e-27  3.9000617e-27
   668 :  5.4232175e-09  1.2706530e-08 -2.9108279e-08
   669 :  2.6425127e-48 -3.0710963e-48 -2.0395312e-48
   670 : -1.9780407e-06  2.9984795e-06 -2.3360542e-07
   671 :  8.1752916e-02 -5.0671105e-03  3.0768363e-01
   672 : -4.1188313e-06  8.0505258e-07  6.2887092e-07
   673 : -2.7797160e-21 -2.9117203e-22  5.7292920e-21
   674 :  6.2184513e-18 -8.2518209e-18 -4.8367269e-18
   675 :  3.9461414e-19 -2.3709445e-19  1.2309536e-19
   676 : -2.2775278e-13  7.4861112e-13 -1.7966668e-13
   677 : -2.0879838e-15  8.8117397e-15 -2.0032081e-14
   678 : -1.6708098e-07 -1.1205577e-07  7.6448929e-07
   679 :  7.4515524e-12 -1.7947729e-11  1.5984872e-12
   680 :  1.0322283e-10 -9.5459099e-11 -1.7723141e-10
   681 : -1.5976226e-27  1.3799304e-27 -1.3681107e-27
   682 : -2.4608140e-28  1.0846439e-28 -6.5812921e-29
   683 :  2.7818185e-25 -1.9121093e-25 -4.1689746e-25
   684 : -2.3988795e-32  7.2609504e-33  1.1211852e-32
   685 : -2.0454323e-12  5.2707523e-12  1.8519488e-13
   686 : -3.4894055e-18  1.0282139e-18  1.0265747e-18
   687 : -7.8495637e-32  1.1477577e-31 -1.6673308e-31
   688 : -1.3111882e-19  1.9863065e-19  6.6942094e-20
   689 :  5.8277175e-04  6.6861133e-04 -1.9115581e-04
   690 : -1.4240694e-13 -5.4724623e-14  8.2248567e-14
   691 :  6.7012631e-13 -4.1144826e-13  7.3478852e-13
   692 : -1.5292107e-14  4.5615528e-14 -5.0136488e-14
   693 : -3.7840552e-48  5.4452005e-48  2.3734588e-48
   694 :  2.1028129e-32 -1.7043120e-32 -2.7556056e-32
   695 : -9.9205655e-05  2.7509694e-04 -7.6922376e-05
   696 : -3.3930210e-09  4.7905664e-09  9.6495305e-09
   697 :  2.5051065e-14  2.4021830e-15 -5.9502061e-14
   698 : -1.1549976e-04  7.3855990e-05 -2.2379862e-05
   699 :  7.2973470e-23 -5.0449091e-22  9.1812396e-22
   700 : -8.9638611e-41  2.8251158e-41  2.8847291e-41
   701 :  3.4891687e-38 -3.9683374e-38  2.6414280e-39
   702 :  4.8301822e-28 -3.0568938e-27  2.1109026e-27
   703 :  2.2048013e-01  1.9533889e-01  1.5673231e-01
   704 :  2.6562002e-15 -1.6180891e-15  8.0051830e-16
   705 :  1.1126098e-31  8.4327957e-31 -4.4327011e-31
   706 :  1.6716797e-02 -3.8982752e-02  8.4317492e-02
   707 :  1.5143569e-08  2.0383166e-08 -1.1914158e-08
   708 : -1.5369651e-10 -4.3760765e-10  1.7511059e-10
   709 : -5.1760062e-18  9.6622856e-18 -1.5738107e-17
   710 : -4.1506503e-22 -7.0072478e-23  6.4384449e-22
   711 :  2.8074862e-16 -1.2589091e-16  4.6819288e-17
   712 :  1.2154584e-08 -7.2781039e-08 -2.9074790e-09
   713 :  1.4512374e-15  8.8924272e-15 -1.8112652e-14
   714 :  1.4815800e-01  1.7580424e-01  1.6367492e-01
   715 :  1.0692500e-12 -3.4930913e-13 -2.2842570e-13
   716 :  3.1871559e-34  1.2125710e-33 -2.8169795e-33
   717 : -1.2711886e-09  4.8984005e-09 -8.0444114e-10
   718 :  1.0915424e-16 -4.7889979e-16  9.2495291e-16
   719 :  8.0483494e-09  5.5267336e-09 -3.9298713e-09
   720 : -7.7241098e-03  9.0457516e-02  3.0617189e-01
   721 : -1.1655519e-05 -1.1449912e-05 -1.0009931e-06
   722 : -1.7640505e-29 -8.7079746e-30  1.1774827e-29
   723 :  2.8958377e-28 -7.0856376e-28  2.3079602e-28
   724 : -4.0389142e-29 -4.7023265e-28  2.7182259e-28
   725 : -3.8423268e-07 -1.6014550e-08  8.3158298e-07
   726 : -1.3965066e-19  2.7784007e-20  5.2121314e-20
   727 : -6.1635777e-08 -3.0885134e-07  6.6377496e-07
   728 : -2.6743368e-09  3.8667453e-09  5.6076128e-09
   729 : -6.1132646e-13  1.0064183e-12  3.0456966e-13
   730 : -2.1977017e-14  1.7440193e-14 -2.5138454e-14
   731 :  6.3663137e-28 -3.6421110e-27  1.4928372e-27
   732 :  2.1422050e-24 -3.7928146e-25 -3.4981907e-25
   733 : -1.5593342e-14 -7.4496262e-15  8.0091954e-15
   734 :  2.2828166e-03 -3.6536615e-03  8.7893120e-04
   735 : -3.7820576e-15 -3.5682938e-14  1.5438658e-14
   736 : -4.3273308e-03  8.8875536e-04  8.3202636e-04
   737 :  4.3769262e-19  4.9866830e-19 -1.5853929e-18
   738 : -5.5664045e-08  2.9691787e-08 -4.1492463e-08
   739 :  1.7102376e-01  1.6237778e-01  1.2183285e-01
   740 : -4.7669369e-13  1.5869393e-12 -4.5047450e-13
   741 : -6.4330090e-06 -1.1261596e-05  3.8730974e-06
   742 :  1.0588300e-15  2.6285837e-15 -5.1381944e-15
   743 : -2.2603188e-16 -1.2255156e-13  3.6939674e-13
   744 : -1.4332899e-01  5.0153705e-02  6.0367040e-02
   745 : -7.1632297e-30  1.0993767e-30  1.5252327e-29
   746 :  1.3194404e-24 -3.3587194e-24  3.7690006e-25
   747 :  2.3210924e-19  1.4697553e-18 -3.3725334e-18
   748 : -8.9376379e-14 -1.2244201e-13  4.2307113e-13
   749 : -6.9023942e-09  1.8132369e-08  6.9385297e-09
   750 :  3.8738909e-32 -1.0406531e-31  3.4123773e-32
   751 : -2.6851707e-02 -2.2408866e-01 -2.0668391e-01
   752 :  1.1554042e-14 -7.8706342e-15 -1.8293177e-14
   753 : -3.6493570e-09  1.3864826e-08 -3.8195571e-09
   754 :  5.9322154e-25  8.0146474e-26 -1.3038701e-24
   755 :  1.2444948e-01  2.3841368e-02  4.6809963e-02
   756 :  5.6262485e-18  2.9538697e-18 -1.5328035e-17
   757 : -2.2510821e-45  5.7698830e-46  8.1952133e-46
   758 : -3.1429692e-03 -4.7271294e-04  1.8242741e-03
   759 : -5.3380346e-14  3.6878901e-14 -3.5325371e-14
   760 : -2.7751504e-21  5.8347370e-21  3.6822131e-23
   761 :  2.1676447e-13 -5.1059013e-13 -6.4940291e-14
   762 : -5.4608569e-04  1.6397299e-04  2.0101094e-04
   763 : -4.1462562e-35  1.4900014e-34 -5.3429207e-35
   764 : -4.8995107e-36 -5.3607573e-36  5.0773840e-36
   765 :  1.5077793e-01 -4.6603901e-02 -1.5104816e-01
   766 : -5.1161356e-17  1.2112954e-16 -1.4345017e-17
   767 : -1.7968109e-04  1.4279741e-04  3.4274493e-04
   768 : -5.8399286e-31 -5.1822532e-31  1.6465297e-30
   769 :  1.2141877e-01  1.5221656e-01  3.7560258e-02
   770 :  5.0882337e-13 -2.2294839e-13 -8.2062190e-13
   771 :  1.3689056e-08 -4.3070925e-08  8.7893233e-09
   772 :  4.4965097e-06 -8.5581593e-08  1.7228054e-06
   773 : -2.9625642e-16  8.7947556e-16 -2.4923059e-16
   774 : -6.0060489e-01 -1.5299691e-01 -2.2102269e-01
   775 :  3.0329937e-03 -1.5183380e-02 -6.1028967e-03
   776 : -3.7787710e-16  6.7889817e-15 -5.7856861e-15
   777 :  1.1667682e-13 -1.9451478e-13 -2.2217026e-13
   778 : -1.5286219e-13  1.8292142e-13 -2.1387331e-14
   779 : -2.9419100e-26 -2.3404992e-26  2.5945010e-26
   780 :  1.2398485e-05  1.0523404e-05 -3.7193124e-05
   781 :  2.5374722e-32 -8.4532889e-31  1.8086810e-30
   782 :  7.1789519e-46  5.9545677e-46 -1.8721256e-45
   783 : -5.8597082e-14 -1.8847947e-13  4.1970603e-13
   784 : -3.2355685e-15 -1.5282767e-14  8.6402282e-15
   785 : -7.0875123e-31  1.5820834e-30 -1.3457593e-31
   786 : -2.0766500e-01 -8.3527906e-02 -5.9405700e-01
   787 :  3.0493535e-01  1.4887687e-01 -3.4595171e-03
   788 : -1.1673414e-29  1.2937287e-29 -1.6791799e-29
   789 :  1.0555052e-27 -1.7988234e-28 -1.0020207e-27
   790 :  2.8690843e-11  3.7434330e-11 -1.1270211e-10
   791 :  2.3241748e-09 -1.7952457e-09 -9.2105432e-11
   792 :  2.8337114e-06 -5.5539622e-07  1.0813543e-07
   793 :  2.9445013e-06 -6.6591729e-07 -2.7090583e-07
   794 : -1.1064411e-12  2.3588522e-12  7.1698100e-13
   795 :  1.8658632e-06  6.1666221e-07  1.4036008e-06
   796 : -2.8956182e-07  1.0657033e-07 -3.0275897e-07
   797 :  6.9258155e-31  6.7883445e-31 -8.3432514e-31
   798 : -7.8316872e-10 -1.4035085e-09  8.4966442e-10
   799 :  9.8867561e-18 -3.9037811e-17  1.5447199e-17
   800 :  1.5729683e-01  1.4353572e-01  4.7128544e-02
   801 :  3.9485297e-28  6.3813588e-29 -8.3081055e-28
   802 :  2.8417181e-14 -6.0461741e-14 -1.2055184e-14
   803 :  1.8171984e-21  2.5993453e-21 -2.0290390e-21
   804 :  1.5425786e-01 -1.2785306e-01  3.6787268e-02
   805 :  4.3287783e-14 -1.6302451e-13  3.6342106e-14
   806 :  1.6588314e-26 -8.3027710e-27  2.8331123e-27
   807 :  1.9493062e-30  1.8486774e-30 -1.8123017e-30
   808 : -1.8075841e-01  7.3366407e-02 -1.4460455e-01
   809 : -4.7630937e-20  5.4851189e-20  4.9732051e-20
   810 :  2.0937798e-29 -1.1382227e-29  2.8209581e-30
   811 :  8.1662424e-47  1.5886577e-47 -1.3034251e-46
   812 : -6.3214931e-17 -1.0739409e-16  3.1732310e-16
   813 :  1.9766440e-14 -6.2810665e-14  1.7303519e-14
   814 : -2.9726337e-43  1.7342973e-43 -5.0575870e-44
   815 :  1.5706959e-48 -9.8851292e-48  7.5282646e-48
   816 : -1.7635845e-40  1.1243324e-41  8.2229468e-41
   817 : -1.0331265e-41 -1.0274584e-41  3.1020062e-41
   818 :  2.2307311e-45 -7.9936496e-45  3.4624558e-45
   819 : -8.8304936e-15  1.1111134e-14 -1.3651741e-14
   820 :  1.5910966e-44 -4.3399829e-44  8.0778226e-45
   821 :  2.8553711e-07  4.7014499e-07 -4.2686206e-07
   822 : -1.7311071e-11  4.0009428e-11 -4.0157732e-12
   823 : -1.3055304e-22  3.2431948e-22 -5.8341776e-23
   824 :  1.0829589e-22 -9.2408581e-23 -1.3605980e-22
   825 : -1.5470171e-34 -5.4982481e-35  3.6687227e-34
   826 : -9.3757549e-09  2.4050663e-08 -4.1990005e-09
   827 :  2.1640803e-25  1.2146069e-25 -1.6772265e-25
   828 :  1.5259969e-19 -1.7976804e-19 -3.9954840e-20
   829 : -1.2616936e-11 -2.7825956e-11  1.9525646e-11
   830 : -2.4799147e-02  4.0090433e-02 -1.2377468e-02
   831 : -1.8101454e-02 -1.5122525e-02  4.4493690e-02
   832 : -1.7272163e-15  9.0152309e-16  2.8789517e-15
   833 : -5.1473732e-03 -3.3832787e-03 -1.7710387e-03
   834 : -1.0982822e-41 -2.8337405e-41  6.8135798e-41
   835 :  7.6715724e-46 -7.1503775e-46  6.9421515e-46
   836 : -4.0962797e-13  1.2055801e-12 -3.8114299e-13
   837 : -7.8576164e-28 -4.9340306e-27  1.1465608e-26
   838 : -7.8721449e-10 -5.4208262e-11  1.3014130e-09
   839 :  6.4654674e-21  5.1854000e-21 -1.8075704e-20
   840 :  1.8548974e-25  1.1128810e-25 -4.1650581e-25
   841 : -6.7605268e-23  2.9078085e-23  9.1327837e-24
   842 :  1.2716041e-18 -6.7259815e-18  2.5676094e-18
   843 :  7.5889800e-25 -8.0670873e-25 -7.3989560e-25
   844 : -2.5828231e-16 -8.5674829e-16  2.0173513e-15
   845 :  7.8553484e-35  1.5324847e-33 -3.0464082e-33
   846 : -3.8521166e-14 -5.5755306e-13  1.9641206e-13
   847 : -8.3748301e-18  1.3102828e-17 -1.8322594e-17
   848 :  3.0467633e-50 -2.0639141e-49  8.7746124e-50
   849 :  6.8810609e-22 -2.1180855e-21 -5.3923600e-22
   850 : -6.6034593e-20  2.7887429e-19 -5.3036688e-19
   851 : -8.1077186e-22 -7.8672175e-24  1.6978591e-21
   852 : -5.8475851e-37  2.6997847e-36 -1.1019956e-36
   853 :  1.3962623e-08  3.1780269e-09 -1.7448835e-08
   854 :  3.4025108e-51  1.7277542e-50 -4.3022660e-50
   855 :  1.8666715e-07  5.1769587e-08 -3.0489023e-07
   856 :  4.7897433e-10 -1.0543436e-10 -4.1703459e-10
   857 :  1.0096075e-06 -1.5169613e-06  3.1838909e-06
   858 : -9.1771318e-11  5.2443161e-11  1.6347510e-11
   859 :  8.7123150e-37  3.0721308e-36 -4.9021443e-36
   860 :  2.7768544e-12  8.5806606e-12 -4.5716341e-12
   861 :  1.3799986e-12 -7.1385416e-13  3.7969831e-13
   862 : -1.3672507e-13 -1.9970197e-14  9.6844577e-14
   863 : -1.2017840e-09  1.1729587e-10  2.4824290e-09
   864 :  1.4485805e-08  2.3314264e-09 -3.3551423e-09
   865 : -3.1748717e-06  3.6359890e-07  3.7708664e-06
   866 :  1.2575832e-01  1.9765543e-01  2.5924359e-01
   867 : -5.7823566e-05 -1.5339282e-04 -1.1215871e-04
   868 : -6.2291295e-17 -4.5999122e-15  4.7113896e-15
   869 : -1.4728313e-15 -7.3824908e-16  1.0086488e-15
   870 : -2.3275824e-17 -3.1756777e-18  1.1549070e-17
   871 :  7.7462377e-08  7.3893952e-08 -2.7056658e-07
   872 : -2.3240964e-07  6.1407036e-08  5.0448154e-08
   873 : -2.4899575e-05  5.6222593e-02  1.5701082e-01
   874 :  1.6517400e-01  1.2892901e-01 -2.1174955e-02
   875 : -7.0393463e-23  3.3167307e-23 -7.5870970e-24
   876 : -1.1899329e-22  1.0860928e-21 -8.2207915e-22
   877 : -1.0252509e-43  1.9777974e-43 -2.9339135e-43
   878 : -2.1549388e-40  4.2257002e-40 -6.3252117e-41
   879 :  2.3413174e-25 -2.9005141e-25  3.5266651e-25
   880 :  2.4367260e-23 -4.8314297e-23  1.1645569e-23
   881 : -1.3424910e-42  6.0674242e-43  1.2390286e-43
   882 :  1.5183632e-41  8.3140779e-41 -1.1313855e-40
   883 : -1.4807380e-25  8.3392484e-26 -2.1676468e-26
   884 : -7.3439386e-25  6.6762384e-24 -2.8202846e-24
   885 : -2.0936624e-12 -7.6187078e-12  1.0843704e-11
   886 :  1.4099289e-12 -6.0451811e-13  2.3816010e-13
   887 :  3.8514548e-12  1.2801923e-11  1.3271215e-12
   888 : -2.8708304e-11 -1.7099919e-10  6.7597763e-11
   889 :  4.6162196e-04  2.8102496e-04  4.6731131e-05
   890 :  3.9178600e-05 -8.3749109e-05  1.8838613e-04
   891 : -1.3450712e-23  3.1838477e-23 -5.0781051e-23
   892 : -4.6085449e-21  9.9664363e-21 -5.9853341e-22
   893 :  1.2955869e-12 -3.8236291e-13 -5.1457791e-13
   894 : -1.0333783e-11  8.3881486e-12  1.4288948e-11
   895 :  3.4045578e-04  6.5059457e-04 -8.7850565e-05
   896 : -2.1049898e-04  1.8766801e-05  1.6770125e-04
   897 : -5.7430973e-26  7.9215915e-26 -1.0559177e-25
   898 : -1.6640522e-24  6.0660701e-24 -2.2759483e-24
   899 :  1.1667387e-05 -8.6913664e-05 -2.8758567e-05
   900 : -4.6340631e-05 -1.0843995e-06  1.8116059e-05
   901 :  1.5880913e-15  1.0930627e-15 -4.0458931e-15
   902 : -8.8744104e-14  1.2195751e-13  6.0524731e-14
   903 : -9.3055448e-08  1.5063604e-07 -1.0420292e-08
   904 : -3.6641754e-09  9.4127542e-09 -1.8628267e-08
   905 :  1.1689291e-08 -6.1590769e-09  3.4988182e-09
   906 :  1.8257227e-05 -4.8885084e-05 -1.3539109e-05
   907 :  2.3776268e-08 -1.5149212e-06  4.6690354e-06
   908 :  1.0427859e-09 -6.0191078e-10  3.9200443e-10
   909 :  2.1865818e-09 -1.0245773e-08  3.4968046e-09
   910 : -1.1323521e-09  3.8695642e-09  2.9334553e-10
   911 : -3.2371347e-10  2.5447310e-11 -2.0001737e-10
