Number of elements 912
     0 : -1.3856660e-22 -2.9762439e-22  6.0759698e-22
     1 : -2.2033133e-12  6.0654397e-12 -1.3788532e-12
     2 : -6.1173633e-01 -1.4506812e-01 -3.5258304e-01
     3 :  3.5243318e-15 -2.1884862e-15 -5.2971095e-15
     4 :  1.4305493e-01  1.4083649e-01  1.6501111e-01
     5 :  1.9700208e-01  1.4378780e-01  2.1737002e-01
     6 :  5.6092394e-34  6.7645344e-34 -1.8287314e-33
     7 :  1.1380688e-11 -6.9833023e-11  3.6480301e-11
     8 :  8.8322787e-11  6.0859146e-10 -2.8618643e-10
     9 :  7.1756055e-31 -2.0166088e-30  4.4097088e-31
    10 : -3.6194614e-11  1.3387237e-10 -5.5396058e-11
    11 : -9.7592968e-34  1.4969951e-33  5.7510904e-34
    12 :  2.0813185e-01  3.1939404e-01  5.8543133e-01
    13 : -1.1306396e-07  4.7683487e-08 -2.7231848e-08
    14 :  4.7324763e-17 -9.8384989e-17  1.4784581e-17
    15 : -2.6273496e-09  5.0656013e-09  3.1296629e-09
    16 :  9.9860671e-36 -4.4086586e-35  2.1533404e-35
    17 : -1.8801077e-25  1.5155756e-24 -1.0079472e-24
    18 : -7.4676750e-10  2.5210996e-09 -6.3876297e-10
    19 :  1.7580588e-42 -1.0591538e-41  9.5592590e-43
    20 :  3.8125738e-25  1.8982800e-25 -9.4344595e-25
    21 :  3.2834133e-08 -2.2079792e-07 -1.3679763e-08
    22 :  3.6029405e-07  8.1801136e-08 -1.7547614e-07
    23 :  9.7470607e-39 -1.2932849e-38  2.3941099e-38
    24 : -2.7695986e-12  1.1173227e-11 -6.0330136e-12
    25 : -4.4303477e-41 -4.0402669e-40  1.9906867e-40
    26 :  1.7370734e-11  6.6501253e-14 -4.6502017e-12
    27 :  6.2737829e-08 -6.5314415e-08 -4.7487352e-08
    28 : -1.1688844e-08 -7.9920211e-08  3.4010991e-08
    29 : -1.6204950e-13 -1.3506314e-13  5.5349050e-13
    30 : -1.1005256e-10  3.2375439e-10 -8.6455436e-11
    31 :  5.6634640e-16 -3.8930839e-16 -8.2724431e-16
    32 :  8.9138600e-33  1.0923261e-32 -2.9928637e-32
    33 :  2.0411452e-06 -3.5418040e-06  3.4759148e-07
    34 :  3.4884059e-42 -2.0703421e-42 -4.9946748e-42
    35 : -7.3743521e-16 -3.6797643e-16  2.1238763e-15
    36 : -1.5738914e-02 -1.5943058e-01  1.4448296e-01
    37 : -9.1672421e-05 -4.3564512e-05  2.0142296e-05
    38 :  1.9332044e-08 -6.6669128e-08  2.7896703e-08
    39 : -7.2503716e-13  2.5477648e-12 -8.8502299e-13
    40 :  1.4346843e-13 -5.4830736e-13  1.2103553e-13
    41 :  5.7968913e-08 -1.1187599e-07  6.4753193e-09
    42 : -6.0769296e-40  6.9784298e-40  1.6890738e-40
    43 :  4.2410925e-23 -5.5553567e-23 -3.1765902e-23
    44 :  7.2318671e-06  1.5615450e-05 -3.4932770e-05
    45 : -2.2811123e-18  2.9318314e-18 -4.0768664e-18
    46 : -2.7924641e-19  1.1588776e-20  2.3665850e-19
    47 :  6.5039553e-33  1.5081315e-31 -3.2073271e-31
    48 : -1.9723437e-36  1.3640033e-34 -5.6744003e-35
    49 : -6.2259684e-10 -3.6974051e-09  4.9090788e-09
    50 :  1.1964131e-06 -4.6751550e-06  2.1048618e-06
    51 :  3.7654261e-02 -1.4941991e-02 -1.5740098e-02
    52 : -8.1182459e-11 -2.8710032e-10  1.0954072e-10
    53 :  6.6761939e-33 -3.6699228e-33  2.8142858e-34
    54 :  1.4763049e-07 -1.4096433e-07  3.0266052e-07
    55 : -7.5266742e-08 -2.8688242e-08  2.2129254e-07
    56 :  1.4577223e-01  2.0239534e-01  1.5589317e-01
    57 :  4.2718158e-09 -3.1238888e-09  7.7417704e-09
    58 :  1.3642846e-03 -3.9219924e-03  1.1128345e-03
    59 : -8.8839288e-10 -4.8483967e-10  4.0310207e-10
    60 : -1.7357840e-06  2.2639345e-06  3.2143190e-06
    61 :  5.9809415e-04  9.1806037e-04 -3.8330025e-04
    62 : -1.2669885e-11 -1.4189922e-11  1.2057279e-11
    63 : -1.4143888e-05 -9.2736796e-06  8.4015261e-06
    64 : -2.6744897e-11  2.7760430e-12  5.6568489e-11
    65 : -4.6573829e-14  1.1058066e-13 -2.6680108e-14
    66 : -1.1077240e-15  3.0261230e-15 -3.7919365e-16
    67 : -2.5662680e-34  3.0145161e-35  5.0667065e-34
    68 : -7.6780148e-34  1.8451289e-33 -2.5702930e-34
    69 : -3.0753664e-34  2.5788101e-34  3.7566385e-34
    70 : -3.2376663e-18 -6.4203865e-19  7.4487391e-18
    71 :  2.4086026e-06  4.7632939e-06 -3.0777433e-06
    72 :  1.2957298e-36 -2.9740017e-36  3.3318990e-37
    73 :  6.7432570e-05 -7.8270370e-05 -1.2166752e-04
    74 :  5.7486402e-26  1.3644506e-25 -9.5616761e-26
    75 :  2.5063421e-26  2.5364958e-26 -2.3548994e-26
    76 :  4.9881527e-37  8.3641416e-37 -6.0563774e-37
    77 :  5.6528763e-29 -1.0649153e-28 -8.5954928e-30
    78 : -1.8259364e-31  4.3366099e-31  1.3834194e-32
    79 :  7.1467518e-23 -7.0855976e-23  8.3559204e-23
    80 :  3.4586735e-48  1.1712744e-47 -8.6865206e-48
    81 :  4.2246052e-31  1.8098266e-30 -1.1070535e-30
    82 :  8.8548206e-01 -3.0439607e-01  9.3141602e-01
    83 : -2.0164734e-42 -8.1127201e-43  4.9779756e-42
    84 : -1.8685721e-39  3.8292495e-39 -4.5794215e-40
    85 :  1.9830360e-01  2.2073968e-01 -7.3397002e-02
    86 :  6.4337776e-25 -8.9010229e-26 -4.3571867e-25
    87 :  4.6500009e-23 -3.7670690e-23 -5.8308952e-23
    88 :  1.4964697e-14  1.1116371e-14 -1.2004026e-14
    89 :  4.0754940e-04 -3.0602800e-05 -1.0823166e-04
    90 : -1.5363472e-37 -5.0691159e-37  3.2699242e-37
    91 :  1.6270194e-01  1.5308982e-01  1.3713017e-01
    92 :  1.3825364e-18 -3.0207084e-18  9.4180248e-19
    93 : -9.9194116e-47  2.0472982e-47  4.3529421e-47
    94 :  4.1376693e-22 -1.4585545e-21  1.1097913e-21
    95 :  1.6902848e-34 -5.4057246e-35 -5.8835414e-35
    96 : -2.4932549e-16  8.4096001e-16 -1.3655679e-15
    97 : -3.7293372e-17 -8.9993978e-17  1.6327746e-16
    98 :  2.2166855e-01 -5.2575421e-02  1.0713773e-01
    99 :  4.2492413e-32 -8.5336294e-32  3.0600563e-32
   100 : -4.9261041e-33  4.5094916e-33  2.1679355e-33
   101 :  2.0395679e-14 -9.1207768e-15 -5.0126329e-15
   102 :  3.1151222e-09  9.6204945e-09 -5.3349897e-09
   103 :  1.4951468e-43 -1.4773213e-43 -1.5937942e-43
   104 : -1.9943563e-19  1.1452813e-19  2.5479607e-20
   105 :  4.4450979e-10 -8.0468968e-11 -9.8033919e-11
   106 :  8.6553015e-13  1.9346127e-13 -2.0031162e-12
   107 :  7.3613832e-13 -3.4807316e-12  4.8686787e-14
   108 :  4.6822290e-12  7.4964982e-12 -2.5256217e-11
   109 :  3.3745362e-09  2.1584002e-09 -1.6750640e-08
   110 :  1.7332782e-05 -4.7791762e-05  1.2826281e-05
   111 : -3.5314828e-12 -6.6228952e-13  1.6160663e-12
   112 : -4.0428895e-30 -2.2359202e-30  1.1066994e-29
   113 :  1.3626924e-02 -5.0205552e-03 -4.8699740e-03
   114 : -1.1570196e-17  3.1068194e-18  8.3076060e-18
   115 :  1.8031314e-08  3.7327471e-08 -1.4700134e-08
   116 :  1.6317670e-05 -3.7363784e-05  9.7713453e-06
   117 :  1.6271325e-01  1.9394280e-01  1.5089315e-01
   118 :  7.8645096e-01  5.6758310e-02 -2.0482080e-01
   119 : -1.3211844e-35 -3.8178374e-36  2.0956947e-35
   120 : -5.7591845e-17  1.9525531e-17  1.6739968e-17
   121 :  2.6937045e-27 -1.1730099e-26  5.5735613e-27
   122 :  1.3611864e-08 -2.3786797e-08  8.4278222e-09
   123 : -1.1244651e-43  1.3025084e-43 -3.2827648e-44
   124 :  3.4924076e-32 -4.4830032e-32  4.9226554e-33
   125 : -9.7965700e-48 -3.3819779e-47  5.3848951e-47
   126 : -7.9143524e-26  1.0406558e-24 -6.9257499e-25
   127 : -3.2954341e-26  3.0316329e-26  4.0108272e-26
   128 :  1.8245522e-10  6.9205597e-09 -6.6236119e-09
   129 :  7.8238796e-22  1.0931198e-21 -3.0415855e-21
   130 : -2.3338307e-03 -5.2364083e-03 -9.8517585e-03
   131 : -4.0768705e-06  5.0980393e-07  1.9233442e-06
   132 :  1.0487681e-08  4.5166905e-09 -2.5568063e-08
   133 : -5.8601468e-05  1.6628044e-04 -2.6480525e-05
   134 : -6.5261455e-08  2.8571822e-08 -9.1776248e-09
   135 :  2.7384830e-10  7.7253113e-11 -7.2285308e-10
   136 :  3.2474064e-13 -1.9899662e-14 -1.5833312e-13
   137 : -9.8005939e-10  2.8043067e-09 -7.6575508e-10
   138 :  2.7735556e-12 -1.3667684e-11  1.0652587e-11
   139 :  2.0559341e-11 -3.6928438e-11  8.5972452e-12
   140 : -4.7200523e-29  1.2127970e-28 -3.5389727e-29
   141 : -1.8228902e-27  6.3244338e-28  3.2052144e-27
   142 :  2.2191821e-11 -1.4148714e-11  1.7366588e-11
   143 :  5.2240128e-37  6.4672796e-36 -9.8121039e-36
   144 :  2.5437022e-13  3.0175723e-14 -1.0624826e-13
   145 :  3.1028146e-16  4.4374771e-16 -3.3049753e-16
   146 : -8.8566900e-20  6.8307487e-20  1.1759899e-19
   147 :  1.2317361e-35 -9.9820393e-36 -6.0056906e-37
   148 :  8.2801569e-20 -5.2057363e-20 -1.1628520e-19
   149 :  1.3901802e-01  1.3275160e-01  1.5131442e-01
   150 : -9.8082818e-16  1.4717454e-15  6.2416063e-16
   151 :  6.8784771e-26 -2.4105523e-27 -1.4457496e-25
   152 :  8.4338613e-22  2.3527896e-23 -3.9160006e-22
   153 :  4.8893386e-01  6.0935080e-02  9.4500330e-02
   154 : -2.6275744e-47  1.5228397e-47  3.4679822e-47
   155 :  3.1261585e-36 -3.5679411e-36 -5.0287318e-36
   156 :  5.5886498e-38 -9.2524828e-38  1.8217808e-38
   157 : -5.3371951e-18 -1.0907708e-17  2.2412795e-17
   158 : -5.6823896e-12  2.6645862e-11 -1.9045668e-11
   159 :  1.8368177e-14  4.8133561e-14 -3.1996843e-14
   160 : -3.5589207e-45  7.4010381e-46  1.3957983e-45
   161 : -3.8542883e-44  2.6363193e-43 -4.9415382e-43
   162 :  3.8816210e-02  1.9075718e-01  1.1764972e-01
   163 : -7.5704143e-08  7.0755467e-08 -1.0875369e-07
   164 :  1.8371685e-25  1.9848218e-24 -2.3647544e-24
   165 :  2.5829912e-13 -1.5330779e-12  9.8931451e-13
   166 :  1.4622705e-37 -2.1540452e-38 -2.8242140e-37
   167 :  1.2244919e-11 -3.7693440e-11  7.9038258e-11
   168 : -8.1010384e-08  1.4403878e-07 -4.2134165e-08
   169 :  9.6177097e-01 -3.8922766e-01 -6.0699544e-01
   170 :  2.9733275e-34 -3.8418514e-34  5.1196998e-34
   171 :  4.9795911e-35 -1.9061335e-34  3.3500793e-34
   172 : -1.2783979e-06  2.3945800e-06  1.7854508e-06
   173 :  1.0222640e-08  1.1548999e-09 -1.1123955e-08
   174 :  4.2646338e-12 -7.9281936e-12 -1.9165940e-12
   175 :  3.9479910e-21 -8.2310051e-20  1.3883505e-19
   176 :  3.0508152e-31 -3.4632800e-31 -2.9953791e-31
   177 :  6.7624197e-12  5.9794902e-12 -2.0692850e-11
   178 :  1.1565794e+00 -4.4722745e-01  4.2658010e-01
   179 :  4.7648469e-11  1.4670844e-12 -1.1467649e-10
   180 : -1.7826714e-36  5.4968190e-37  3.1425829e-36
   181 : -3.4571242e-08 -2.1019912e-07  1.6197610e-07
   182 :  3.1055614e-22  9.9471104e-22 -2.4782837e-21
   183 :  6.9165610e-06  2.8838066e-06 -1.4349604e-05
   184 :  3.9293362e-47  5.9808401e-46 -3.1274298e-46
   185 : -1.7706046e-25  6.6126052e-26  5.2566534e-26
   186 : -1.1033992e-17 -2.2577419e-17  6.0755647e-17
   187 :  1.0605283e-10 -1.7684901e-10 -1.0090154e-10
   188 :  6.9171307e-01 -3.4802227e-02  8.7608593e-01
   189 :  9.8537826e-11 -5.5408562e-10  3.4419455e-10
   190 : -3.0219833e-13 -8.2338853e-13  4.7234868e-13
   191 :  2.6360844e-43 -2.1411981e-43 -3.3699543e-43
   192 : -2.0129831e-06  1.0362460e-06  4.5647558e-06
   193 :  3.2910401e-02  2.0020601e-01  2.7842430e-02
   194 :  3.8367899e-01  8.5919725e-02  4.1073777e-01
   195 : -4.8256850e-18 -1.4828139e-18  3.0839454e-18
   196 :  1.9871100e-36 -1.7628386e-36 -2.4005575e-36
   197 : -1.7239393e-36  2.9670546e-36  5.1115336e-37
   198 :  5.5457491e-16 -1.1019288e-15  1.9469728e-15
   199 : -3.5030892e-04 -4.5374321e-03 -5.4167887e-05
   200 :  1.5903735e-32 -2.7747801e-32 -2.3516477e-34
   201 : -2.1363501e-07  1.0282547e-07 -5.5623038e-08
   202 : -5.6413096e-18 -3.9856753e-19 -1.3106466e-18
   203 :  1.9298199e-39  1.2222380e-39 -1.5058469e-39
   204 :  2.4229670e-18  5.8752584e-18 -8.4059606e-18
   205 :  4.1545387e-07  2.2893830e-07 -3.0676577e-07
   206 : -3.8538202e-39  1.5352233e-39  1.7226305e-40
   207 : -5.1400200e-37  3.3812684e-37 -1.9089864e-37
   208 : -3.9925335e-27  2.7488523e-27  4.2721267e-27
   209 :  4.7889469e-01  2.3081118e-01  4.2851330e-02
   210 :  1.9661525e-19 -2.2146760e-19 -1.8588966e-19
   211 :  8.2161806e-39 -3.3728897e-39 -1.0775024e-39
   212 : -7.1173543e-11  1.0555252e-10 -1.1570757e-11
   213 :  1.9038835e-36 -1.0169473e-35  1.0424710e-35
   214 :  1.2230758e-01  1.5487995e-01  1.5559625e-01
   215 :  2.0535533e-01 -2.1553751e-01 -1.6615320e-02
   216 :  2.2914532e-10 -2.4399989e-10 -2.7920571e-10
   217 :  1.8982385e-46  9.5540988e-46 -5.5939515e-46
   218 :  2.9329163e-29  6.8704467e-29 -1.3083056e-28
   219 :  1.8118877e-09 -4.9515442e-08  7.0411401e-08
   220 :  7.2667452e-25  7.5406193e-25 -2.3362782e-24
   221 :  1.6985865e-31  1.3233243e-33 -3.5157028e-31
   222 : -1.7474739e-03  1.5116506e-03 -1.3426642e-03
   223 : -6.4596209e-06 -4.7705809e-06 -4.2390367e-05
   224 :  4.6075378e-15  8.9990944e-15 -1.9452579e-14
   225 :  2.6289651e-24 -5.3208085e-24 -1.8041011e-25
   226 : -2.2619552e-32  1.1182106e-32  7.6756730e-33
   227 : -2.5406895e-18  9.9016065e-19  3.0194716e-19
   228 : -5.2625226e-15  1.0905597e-14  1.4024923e-15
   229 :  4.2901861e-21  9.0685919e-21 -6.1974200e-21
   230 : -5.9808044e-33 -1.2983421e-33  3.4043280e-33
   231 : -6.6790104e-34 -4.0638277e-33  5.4129723e-33
   232 : -7.1695951e-45  5.5858023e-45  8.6973263e-46
   233 :  1.9293807e-31 -3.2130135e-31 -3.4727947e-32
   234 :  3.0125072e-02 -1.9656967e-02  2.9520006e-03
   235 :  7.0096327e-07 -2.9965929e-07  2.7102017e-07
   236 : -1.2699940e-29  2.3145271e-29  3.8270032e-30
   237 :  2.4348807e-28 -1.2285957e-27  1.9481022e-28
   238 :  3.3870806e-41  4.5253452e-42 -1.9078182e-41
   239 :  7.5586540e-32  2.4277376e-31 -5.8398653e-31
   240 :  2.0946079e-37 -6.2566689e-38 -3.7264405e-37
   241 : -1.3503990e-08 -4.3873373e-08  1.5371050e-08
   242 :  6.9183274e-09  2.7085651e-09 -1.2134739e-08
   243 :  5.9645435e-04  1.9047110e-04  4.7845108e-04
   244 :  5.5249247e-06  7.5047183e-06 -2.2323428e-05
   245 :  3.1608635e-30  7.9093420e-31 -6.6003447e-30
   246 :  2.6398722e-09 -1.1081611e-09 -5.5890627e-10
   247 :  1.7243467e-04  1.3111942e-04  3.7461970e-04
   248 :  8.5169033e-46 -7.7039075e-46 -9.5694665e-46
   249 : -4.7671347e-23  5.4598066e-23  4.9309510e-23
   250 :  6.6609117e-09 -3.1319370e-09  3.3548516e-09
   251 : -7.4444031e-16  1.6500326e-15  3.6745769e-16
   252 : -7.6041420e-33  1.3847395e-32 -1.2355257e-33
   253 :  2.1991612e-40 -2.5774401e-40  3.1575456e-40
   254 : -4.2053543e-03 -2.1386068e-04  4.3756165e-04
   255 : -9.5469127e-18  3.1727614e-18  1.0003364e-18
   256 :  1.2462926e-09 -9.1555771e-10 -4.1184161e-11
   257 : -7.4623144e-06  1.7949424e-05 -3.0990069e-05
   258 : -7.7151432e-19 -1.7148692e-18  4.1367104e-18
   259 :  1.3098142e-26  1.6604599e-27 -1.7410484e-26
   260 :  6.8490757e-09 -1.7878731e-08  1.3178248e-09
   261 : -5.6755453e-18 -3.7989229e-18  2.3242017e-17
   262 :  3.3585675e-30 -9.1786164e-30  5.0832554e-30
   263 : -3.2332927e-34  3.5043901e-34  3.2866754e-34
   264 : -7.9909222e-17  8.7694809e-17 -1.0524124e-16
   265 : -7.0555436e-09  4.6554671e-08 -1.0961826e-07
   266 :  9.8568473e-23  2.6860972e-22 -1.7017167e-22
   267 : -2.9110883e-21  5.2306762e-21 -1.1326685e-21
   268 :  6.4232047e-35  8.5334827e-35 -2.3618449e-34
   269 :  8.3579624e-04 -2.7504730e-04 -4.8339203e-05
   270 : -3.3557376e-20  2.1698074e-19 -1.3536763e-19
   271 : -3.1823742e-07 -3.9772798e-08  4.6984078e-07
   272 :  2.0640029e-20  9.4687999e-21 -4.1221812e-20
   273 :  2.1723345e-33 -2.8995167e-33 -1.4976871e-33
   274 : -2.3430175e-10 -9.0729917e-10  2.7098955e-09
   275 :  1.1129948e-28 -1.2450833e-28 -1.0410171e-28
   276 : -1.8194691e-06  5.5835975e-07  7.6828725e-08
   277 :  1.7066896e-30 -1.7792887e-30 -1.7898626e-30
   278 : -3.3449623e-10  9.6215467e-10 -7.3611157e-10
   279 :  6.7031374e-16 -1.2440012e-16 -2.6140096e-16
   280 :  3.0683042e-01  1.4958863e-01  1.6545590e-01
   281 :  6.4503767e-17 -1.6268014e-16  1.7932246e-17
   282 : -3.4459248e-23  1.6074143e-22 -3.1515448e-22
   283 :  2.6094054e-30 -2.5156813e-27  2.4925537e-27
   284 :  5.7788959e-30 -1.3494563e-29  1.5765843e-30
   285 :  1.5215001e-03 -1.4613279e-02 -4.1057248e-03
   286 : -5.4949863e-10  7.5638000e-10  8.0340636e-10
   287 :  5.7649759e-12  5.1655923e-12 -4.3447409e-12
   288 :  1.5025792e-01  1.4578883e-01  1.3938296e-01
   289 : -3.1558945e-13  1.5398250e-13 -3.7576128e-14
   290 :  2.7204119e-02  7.4627105e-02 -2.2840943e-02
   291 : -2.6935416e-16  3.8172003e-16 -4.9585004e-17
   292 : -2.2759990e-04 -4.6252102e-05  4.7920355e-04
   293 : -2.7576264e-26  1.2822385e-26  4.3322138e-26
   294 : -5.1595747e-11  1.0519809e-10 -1.9295950e-10
   295 :  1.2140116e-38 -1.7112864e-38  2.5074288e-39
   296 : -3.4233755e-08  2.0393815e-06 -2.0742262e-06
   297 : -9.7040794e-15  1.3932088e-14  1.0610476e-14
   298 :  4.3531344e-15  6.0526178e-16 -2.3487296e-15
   299 : -6.8292059e-42 -3.4944732e-42  1.6435290e-41
   300 :  1.8496264e-06 -1.4114489e-07 -6.1533754e-07
   301 : -9.2029955e-17  2.1816297e-17  3.0071068e-17
   302 : -5.3344419e-10  1.8499876e-09 -6.0690157e-10
   303 : -3.2716928e-12 -9.0273035e-12  5.8342998e-12
   304 : -6.2303174e-11 -1.1442616e-10  3.2068410e-10
   305 : -3.7964834e-18  2.4824041e-18  6.2907409e-19
   306 : -7.9277166e-05 -4.0164140e-05  3.3643863e-05
   307 :  7.3668463e-11  1.2282494e-13 -1.0692047e-10
   308 : -1.5007974e-15  5.5478177e-16  2.0308199e-16
   309 :  1.1633658e-41  2.3323989e-40 -1.2094908e-40
   310 :  2.4036626e-13  2.5674624e-13 -8.3350739e-13
   311 :  5.1751598e-10 -1.8074200e-10 -1.2045778e-09
   312 :  1.1722051e-37  6.2315270e-37 -1.4022296e-36
   313 :  8.5574304e-27 -2.8589770e-26  8.3406233e-27
   314 : -2.4199001e-40 -3.2965123e-40  8.9541977e-40
   315 : -1.6338229e-31 -7.5508635e-31  4.3958089e-31
   316 :  4.4669258e-05 -5.3748712e-06 -3.9891828e-05
   317 :  1.0183746e-42 -2.3503353e-41  2.0735219e-41
   318 :  5.4674869e-09  5.2846153e-07 -1.7226216e-07
   319 :  3.3462356e-08  1.4655611e-08 -9.6327806e-08
   320 :  1.1700531e+00 -6.7349073e-01 -4.8019726e-01
   321 : -5.8604590e-06 -2.2173405e-05 -7.2285444e-05
   322 : -1.4370262e-40  2.9719053e-40 -7.8292817e-42
   323 :  9.5146335e-45 -1.3443816e-44  2.0155372e-45
   324 : -4.8131087e-30  1.8337430e-29 -6.1193942e-30
   325 :  7.3293881e-27 -1.8301933e-26  3.1124419e-26
   326 :  4.5468996e-03 -1.1900509e-02 -4.5035897e-03
   327 :  1.1796037e+00 -5.8776478e-01  1.3323381e+00
   328 : -3.3819599e-09  5.0903244e-09 -1.4984411e-09
   329 :  1.1009887e-28 -9.3393193e-28  4.1078537e-28
   330 : -6.6051465e-44 -2.2699592e-44  1.5437841e-43
   331 : -1.6516960e-19  1.1162482e-19  2.4503393e-19
   332 : -2.9117220e-11 -1.4567475e-11  1.9001751e-11
   333 :  6.9589891e-27 -2.8469277e-27 -1.1061764e-27
   334 : -1.3514563e-08  3.4425908e-07 -3.8658172e-07
   335 :  1.1906226e-10 -2.4318675e-10  6.6073890e-13
   336 : -5.9595779e-10  5.0537301e-10  7.0543987e-10
   337 : -9.4807787e-41 -1.0758277e-38  1.1635053e-38
   338 :  5.7568758e-09 -2.2122964e-09 -1.2527566e-09
   339 : -6.9246792e-29  1.3125127e-28  1.9587337e-29
   340 :  3.1814655e-08 -1.0619056e-07 -8.0533227e-08
   341 :  4.1459027e-38 -4.7807665e-38  4.5320554e-39
   342 : -7.6715893e-32  4.4555835e-32  1.1500640e-31
   343 : -4.9343786e-16  3.0420637e-16  8.7963316e-17
   344 :  4.4606299e-07  1.4919706e-06 -3.2926350e-07
   345 :  2.0260259e-02 -1.1940991e-02 -5.9911455e-03
   346 : -1.9638910e-31 -2.6727344e-31  2.2057614e-31
   347 :  7.3810946e-07 -3.6498523e-07  1.8664930e-07
   348 :  1.1063478e-16 -1.0140577e-15  4.4006391e-16
   349 :  1.9844841e-17 -1.3059527e-17  8.5991612e-18
   350 :  8.5919852e-07 -2.1120967e-07 -1.7883716e-07
   351 :  9.1755253e-25  1.5513186e-24 -1.1749881e-24
   352 :  6.7441032e-07 -3.0483248e-08 -6.4113046e-07
   353 : -1.1662141e-10  4.8581438e-10 -1.5699843e-10
   354 :  4.7483194e-02  2.1740297e-01 -8.9514236e-02
   355 :  9.7822418e-02  1.2762986e-01  1.6505085e-01
   356 :  5.3762879e-39  1.0053936e-38 -2.1571961e-38
   357 : -8.2917315e-07 -1.9061449e-06  5.3906268e-06
   358 : -1.8843040e-18  2.5601524e-18  1.5567012e-18
   359 : -7.1770952e-48 -1.2504302e-46  6.3743371e-47
   360 : -2.1961365e-07  7.0778460e-08  1.4626983e-08
   361 : -2.8563081e-24  1.9870838e-23 -8.0266861e-24
   362 : -3.8842833e-17 -4.7315456e-17  1.6801220e-16
   363 : -1.0011497e-20  1.5276752e-21  6.6587068e-21
   364 : -4.5980135e-22  7.9872356e-22 -1.6029695e-22
   365 :  6.0774218e-18  7.3640787e-20 -5.6337920e-17
   366 :  1.9143653e-35 -1.1717278e-34  7.6288834e-35
   367 : -4.7339382e-14 -1.0597662e-13  4.3380846e-13
   368 :  1.3772276e-08 -6.7536177e-08  2.1795362e-08
   369 : -1.6057021e-17 -3.4987097e-17  8.7273758e-17
   370 : -4.4506450e-21  1.3413657e-20 -4.4565185e-21
   371 :  9.6791969e-36  5.7985788e-36 -2.1318336e-35
   372 :  1.2607323e-16 -8.1254714e-17 -1.6815648e-16
   373 : -5.1274952e-12 -3.8522503e-11  1.0611878e-10
   374 :  2.9435400e-03 -2.2726756e-03 -2.0316585e-03
   375 : -1.2979537e-25 -5.2210371e-26  8.3173354e-26
   376 : -3.9367342e-40 -6.5545980e-39  7.2790761e-39
   377 : -1.5315353e-15  1.1726284e-14 -4.3275393e-15
   378 : -1.6734142e-21 -5.4715511e-21  4.8392081e-21
   379 :  5.4147052e-44 -2.1901580e-43  1.1032369e-43
   380 :  1.9652365e-04 -5.1727560e-05 -4.2452034e-05
   381 :  1.3260321e-18  9.1931050e-19 -1.0380746e-18
   382 :  1.0666490e-25 -1.5883720e-25 -5.8862712e-26
   383 :  4.1941503e-06  4.0996740e-06 -3.4783480e-06
   384 : -2.7696021e-24  4.0457822e-24 -1.0846221e-25
   385 :  2.3356134e-10 -9.5610378e-10  4.0813706e-10
   386 :  9.3334800e-06 -1.0456938e-05 -2.2357260e-05
   387 : -2.1297170e-28 -2.9436982e-29  4.7508249e-28
   388 :  1.4320560e-01  9.5442826e-02 -4.0643706e-02
   389 : -1.0344350e-23  5.3607362e-23 -2.3465647e-23
   390 : -4.7311472e-09  8.5623334e-09  2.6843627e-09
   391 : -7.3105901e-20  9.2672868e-19 -4.1683743e-19
   392 :  5.0894314e-06  1.3952239e-07 -1.3297273e-07
   393 :  6.9364772e-06 -4.4238910e-06 -1.5816843e-05
   394 :  2.3180578e-24 -2.3157868e-24 -2.6006519e-24
   395 :  5.2072041e-14 -3.1396273e-14  1.6298638e-14
   396 : -1.1159361e-42  3.2016628e-42 -5.4233132e-42
   397 :  2.1262681e-06 -1.0141879e-05  9.1413745e-07
   398 : -3.0600555e-12 -1.6575173e-11  7.9813973e-12
   399 :  8.5873786e-06 -6.6859870e-05  3.1181125e-05
   400 :  5.6094385e-12 -4.1307316e-12  5.3241775e-12
   401 :  1.5734320e-10 -3.2581430e-10 -1.4399769e-10
   402 :  1.7027069e-22 -6.3992535e-23 -2.5410554e-23
   403 :  1.1245973e-21 -7.4595212e-21  5.0074804e-21
   404 :  1.9861067e-36 -6.8782460e-36  1.3067089e-36
   405 : -5.2324071e-14  6.8709001e-14 -1.0907502e-14
   406 : -2.0947076e-07 -8.0234628e-08  5.6265968e-08
   407 : -5.7597882e-05  2.3287489e-05 -3.2571641e-05
   408 :  3.1925150e-04 -8.5676051e-05 -7.7684393e-05
   409 :  1.6115802e-13  8.4986412e-13 -4.3880915e-13
   410 :  1.4683922e-02 -3.0617744e-01 -1.8796006e-01
   411 : -2.5008743e-13  1.2095274e-12 -6.3657279e-13
   412 :  1.5362467e-10 -1.1732122e-10 -2.4926039e-10
   413 :  3.6913084e-39  5.7906111e-39 -1.3960921e-38
   414 :  1.4371156e-02 -3.9224350e-02  6.7684116e-02
   415 :  7.3742122e-12 -1.0254694e-11 -6.4892686e-12
   416 :  2.6783741e-28 -2.6842124e-28  3.0916931e-28
   417 :  6.2086764e-08 -1.9509159e-07  3.4782005e-07
   418 : -2.2858238e-05 -6.2122596e-05  3.5376031e-05
   419 :  2.5818231e-35 -1.6726674e-35 -4.7560938e-36
   420 : -1.4244110e-32  4.2146759e-32 -1.3316797e-32
   421 : -9.7728523e-30  4.7044934e-29 -2.5428279e-29
   422 : -8.0324734e-17  5.6789151e-17 -3.3214530e-17
   423 : -1.3067041e-13  1.0937864e-12 -6.2140198e-13
   424 :  5.3046875e-24 -1.2099497e-23  3.3249656e-24
   425 :  4.3595104e-29 -2.2341288e-28  8.3766478e-29
   426 :  9.4784925e-21  4.5814809e-20 -2.5701413e-20
   427 : -3.8349574e-23 -3.4873417e-22  6.8465850e-22
   428 : -1.2247401e-22  2.3638066e-22  2.6705627e-23
   429 :  4.2737441e-12 -1.5354327e-12  2.3915386e-12
   430 : -1.4449861e-11 -2.1194050e-10 -1.9690741e-10
   431 : -4.4318248e-14  7.9450197e-14  1.5705635e-14
   432 :  3.2108061e-16 -1.5012838e-16  4.1760123e-17
   433 : -7.4100815e-38  9.3043044e-38  5.6304581e-38
   434 :  1.1838605e-05  1.5539500e-05  3.2726058e-04
   435 :  5.9481908e-13 -3.8764041e-13  2.6528676e-13
   436 : -4.7318230e-25 -3.7777266e-25  1.5356017e-24
   437 : -1.0725436e-07  1.3806979e-07 -1.9043553e-07
   438 : -1.4039643e-08  1.2424848e-09  2.1991407e-08
   439 : -2.2578247e-05  1.3319145e-05 -1.6612124e-05
   440 :  4.8258741e-30 -2.0626309e-29  8.0441868e-30
   441 : -8.0940490e-42 -4.7626375e-42  1.6788189e-41
   442 : -2.8146147e-07 -5.3497009e-09  5.1816761e-08
   443 : -1.3234827e-15  2.3738455e-15  5.5361104e-16
   444 :  2.2700112e-08 -1.2666131e-08 -3.7102094e-09
   445 : -6.0285882e-19  2.4711308e-19 -5.0858314e-20
   446 :  2.5431182e-02  3.9727215e-03 -1.5076872e-02
   447 :  1.0253954e-19 -2.5164364e-19  4.4764483e-19
   448 : -2.5848696e-12 -1.9361840e-11  6.6410299e-12
   449 :  5.5605310e-38 -1.3066470e-37  1.7724269e-38
   450 : -1.2975756e-40  1.7753904e-40  8.6781484e-41
   451 : -9.2334914e-03 -3.5295678e-03  3.2341918e-03
   452 :  9.7630866e-02  8.2745309e-02  1.4166759e-01
   453 :  1.2997649e-03 -5.9095449e-03 -4.2139906e-03
   454 :  1.7760493e-01  1.0863862e-01  1.8510971e-01
   455 : -3.3962376e-22 -2.0768652e-23 -7.4470533e-24
   456 :  2.1414324e-11 -9.0780710e-12  1.3870565e-12
   457 :  2.7412417e-42  6.6826188e-42 -1.1310315e-41
   458 :  3.2568775e-20  3.6853530e-19 -5.4286240e-19
   459 :  7.9974403e-13 -3.9744916e-13 -1.4374862e-12
   460 :  1.5031358e-11 -5.1596518e-11  4.5862829e-12
   461 : -9.5236973e-20  5.9511035e-20  1.4555087e-19
   462 : -1.9449594e-16  5.0293729e-16 -9.3010119e-17
   463 : -5.9824829e-30 -1.0326032e-29  2.1646881e-29
   464 :  4.8015888e-09 -2.1703092e-08  1.9418118e-08
   465 :  3.7212901e-12  6.2587574e-13 -5.8723416e-12
   466 : -3.2846507e-05  5.7459608e-06  8.4830856e-06
   467 : -1.1984867e-31 -1.0272925e-31  3.5451003e-31
   468 : -1.9682882e-27  2.6589727e-27 -2.7291342e-28
   469 : -2.7422491e-43 -1.3985848e-42  5.1090548e-43
   470 :  2.5601226e-39 -2.9672953e-39  1.8234536e-40
   471 : -1.6817127e-24  8.2172278e-25  4.7413132e-25
   472 :  4.8359804e-29 -7.9578813e-29 -2.3796969e-29
   473 : -2.4220896e-10 -1.2114265e-09  1.6559393e-09
   474 : -1.5373780e-34  2.7777168e-35  2.8210146e-34
   475 : -8.4486068e-24  3.5639687e-24  9.6712382e-25
   476 : -3.3855840e-23 -1.6718226e-23  2.3281318e-23
   477 : -3.2130120e-45 -6.4711398e-46  4.3976551e-45
   478 : -1.4711320e-12  5.2518223e-12 -2.3802742e-12
   479 : -3.3384010e-44  7.7271854e-44 -1.0244235e-44
   480 :  5.1209158e-04  9.8023872e-05 -1.1468137e-04
   481 : -3.2414001e-22  2.6714744e-23  3.7417370e-22
   482 : -4.6109890e-33  1.4964994e-32 -5.0885338e-33
   483 : -1.8853985e-06 -5.5392664e-05 -5.4981303e-05
   484 :  1.7017203e-12 -2.0161351e-12 -1.4714325e-14
   485 : -1.5182054e-12  2.1511569e-12  1.2404236e-12
   486 :  9.9388150e-02 -3.0190377e-03  1.2091664e-01
   487 : -1.0297549e-11  1.4340744e-11 -1.3461858e-11
   488 :  5.6417574e-04  4.2930970e-04  3.4306680e-05
   489 : -4.8337668e-35 -1.7056869e-35  1.1570096e-34
   490 :  2.9993407e-30 -6.3039741e-32 -1.4411588e-30
   491 :  7.1087194e-32  2.3531937e-31 -1.5131121e-31
   492 :  1.8950060e-10  4.5101885e-10 -1.4699629e-09
   493 :  1.6618346e-07  1.8239396e-07  1.0367078e-06
   494 :  5.2902712e-05 -7.7542148e-05 -1.0988086e-04
   495 :  2.9385298e-15 -1.1688057e-15 -3.5995199e-15
   496 : -3.8564093e-27  8.9742274e-27 -1.2192636e-27
   497 :  6.3622611e-41  4.0756074e-40 -2.2620704e-40
   498 :  3.6198796e-39  1.4420455e-37 -3.0701953e-37
   499 : -3.7587073e-05  5.1893812e-04  7.3317860e-04
   500 : -1.6555122e-41  9.3568841e-42  2.4927546e-41
   501 :  7.0287294e-46 -1.7471165e-44  1.2915004e-44
   502 :  1.3216720e-08 -1.8227298e-08 -2.4764556e-08
   503 :  9.5427825e-09 -5.8925275e-08  1.7031400e-08
   504 :  7.2836628e-13 -1.0588244e-12  4.8626355e-13
   505 :  1.6493917e-04  1.6450656e-04 -3.8008619e-05
   506 : -1.0864579e-30  1.3339034e-29 -1.1247183e-29
   507 : -4.9394496e-28 -1.0705796e-30  5.8172966e-28
   508 :  3.1040929e-27 -2.4527310e-27 -5.3557721e-28
   509 :  3.5034014e-11  3.2997760e-11 -1.1923627e-10
   510 : -1.9149173e-27  2.8781266e-27  9.6693339e-27
   511 :  2.3392789e-20 -1.2577841e-20  9.4159853e-21
   512 : -4.5749618e-21 -4.2655078e-20  2.1825719e-20
   513 : -4.9761074e-15 -1.3867005e-15  1.1914173e-14
   514 :  6.9927912e-14 -5.1545631e-13 -8.7600704e-14
   515 :  2.3163010e-06 -1.2063250e-06  1.3102816e-07
   516 :  6.7862641e-28  1.8241385e-27 -1.2258312e-27
   517 :  4.0707921e-06 -1.4861849e-06  8.3278610e-07
   518 : -1.1300285e-13 -3.5661933e-14  1.7695507e-13
   519 : -1.6106526e-19  2.2920044e-19  1.1301093e-19
   520 : -1.5340897e-15 -1.6956264e-15  4.6459240e-15
   521 :  3.9400988e-07 -1.1041389e-07 -3.4148019e-08
   522 : -1.1592515e-01  6.7501483e-02 -2.1147938e-01
   523 :  4.2746162e-05  7.9952781e-06 -2.2881554e-05
   524 : -8.6920233e-15  5.7726517e-15  1.0708149e-15
   525 :  7.1129984e-13 -1.7636927e-14 -9.0354432e-13
   526 : -2.4477283e-21 -6.0935053e-22  3.6230213e-21
   527 : -8.1545675e-35  2.1873408e-34 -1.5404633e-34
   528 : -5.2633411e-02  1.9548652e-01  1.2690407e-01
   529 : -2.6125258e-10 -3.0465613e-10  8.5845138e-10
   530 :  3.7103239e-05 -1.3867538e-04 -7.1376888e-05
   531 : -2.7904829e-09  5.2154541e-09 -8.3768411e-10
   532 : -1.5606641e-20  1.2493754e-19 -9.0183225e-20
   533 :  4.6805548e-46 -4.9423017e-46  5.3740230e-46
   534 : -1.3241657e-46 -4.6385030e-46  1.0628139e-45
   535 :  2.2884741e-34 -6.2938795e-33  4.9354954e-33
   536 : -2.4137446e-05  5.0977551e-06  6.7343406e-06
   537 :  7.6946650e-09  6.8708196e-09 -4.2640853e-09
   538 : -5.1028467e-12 -5.2801387e-12  2.0281348e-11
   539 :  1.4159668e-34 -4.2239959e-34  1.0533684e-34
   540 :  2.1777330e-30  9.7554657e-30 -1.2176879e-29
   541 :  3.8039540e-29  8.3058150e-28 -1.0215390e-27
   542 : -1.0213418e-15  3.9072956e-16 -1.3472680e-16
   543 :  3.5644903e-36  3.7847574e-36 -4.2182033e-36
   544 :  1.5944657e-14 -2.8231872e-14 -1.2742020e-14
   545 :  2.7530329e-25  5.2825372e-26 -6.3236557e-25
   546 :  4.2808650e-04  3.8001219e-04 -1.1012067e-04
   547 :  1.3354454e-32 -3.6927765e-32  1.0129071e-32
   548 :  4.7271037e-06  6.4691021e-07 -9.1869031e-06
   549 : -2.4662819e-27 -3.1919806e-27  9.4440849e-27
   550 :  2.2156044e-10 -9.0467451e-10  2.1724955e-10
   551 :  3.3380394e-06  4.7672465e-06 -1.5594419e-05
   552 :  7.6648467e-09 -1.0662476e-07  2.5009477e-08
   553 :  6.7819030e-09 -1.5086913e-09 -1.9068139e-09
   554 :  2.2798323e-26 -9.0678136e-26  3.2318992e-26
   555 : -1.5752487e-15  3.6741126e-15  2.9049330e-16
   556 :  3.6491245e-28  3.9092421e-28 -3.5726703e-28
   557 :  2.1516515e-01  1.5956317e-01  1.0939234e-01
   558 : -1.3053686e-09 -4.7646148e-10  3.1735492e-09
   559 :  3.0114842e-07  3.7333927e-07 -5.9143035e-07
   560 : -1.1223092e-09 -1.7783820e-10  4.6135466e-10
   561 :  1.6798020e-02  9.8876751e-02 -8.2052330e-03
   562 :  1.8032725e-21  4.5919697e-22 -1.0705614e-21
   563 :  3.3562297e-40 -1.3083786e-40 -6.4356264e-41
   564 : -2.9545169e-05  1.1310985e-05 -1.9143001e-05
   565 :  1.5483632e-04 -1.0280089e-04  4.5827103e-05
   566 :  1.6134360e-30 -1.0771015e-29  1.2546590e-29
   567 : -1.4360481e-16 -1.1593293e-15  1.3929828e-15
   568 :  4.7809432e-07  4.8190848e-07 -3.0558858e-06
   569 : -6.6988893e-06  5.2748326e-06  1.9720710e-06
   570 :  1.5899052e-25 -2.8747283e-25 -6.0563334e-26
   571 : -1.5087805e-16  3.6453145e-18  6.7953163e-17
   572 :  2.6946855e-44 -4.0564067e-43  1.8741185e-43
   573 : -6.3491805e-12  2.0341496e-11  1.0893764e-12
   574 : -5.1732386e-10 -1.5575367e-10  7.7352448e-10
   575 :  1.2261202e-01  2.7108005e-01  1.5977045e-01
   576 : -2.6161195e-13 -6.8811926e-13  1.4763006e-12
   577 :  1.0266458e-01  1.6706675e-01  1.2769936e-01
   578 : -6.3819624e-48  3.5578042e-48  2.6874229e-48
   579 : -7.0565442e-04 -2.5592737e-03  1.4222968e-03
   580 :  1.3917197e-01  1.1737144e-01 -2.5774610e-03
   581 : -4.1031468e-27  7.8160048e-26 -6.8423614e-26
   582 :  2.5636095e-44 -1.1646018e-43  4.4168820e-44
   583 :  4.1799374e-24 -1.4569276e-23  5.7235090e-24
   584 : -8.8847345e-37  1.2761614e-36  5.1373281e-37
   585 :  1.1024303e-05 -2.7925426e-05  6.5391719e-06
   586 :  9.6506077e-31 -1.5418241e-30 -4.4461778e-31
   587 : -4.6524862e-22 -4.4380836e-22  1.3472883e-21
   588 :  1.7298173e-29 -1.8090024e-29  3.5157211e-31
   589 : -1.1820083e-07  6.3799604e-08 -8.4072397e-08
   590 : -5.4241136e-07  7.6280011e-08  1.4361948e-06
   591 :  3.8064480e-41 -4.8596416e-41 -2.7903463e-41
   592 :  2.5905163e-26  7.2021753e-27 -4.0260104e-26
   593 :  2.5364306e-19 -4.0268863e-20 -1.5727134e-19
   594 :  4.7542592e-22 -2.8840089e-22 -8.7521252e-23
   595 :  3.2582143e-12  3.3110157e-12 -8.2883054e-12
   596 : -6.7531214e-13  1.5336613e-12 -3.0245530e-13
   597 : -8.8608240e-19  4.8151991e-18 -6.0960957e-18
   598 : -1.2824291e-21 -8.6648223e-21  4.8457086e-21
   599 : -1.2614984e-02  4.5710711e-03 -3.7676388e-04
   600 : -3.4047452e-14 -3.1024442e-14  1.0265901e-13
   601 : -4.8527584e-03  1.7767801e-03 -3.7543054e-03
   602 : -1.1259902e-31 -7.0739126e-31  3.8888086e-31
   603 : -2.9089677e-35 -1.0036805e-34  6.6996176e-35
   604 : -3.0697740e-25  8.2992139e-25 -1.3698059e-24
   605 : -4.2424472e-19  6.6829918e-19  2.5697993e-19
   606 :  1.0426569e-01 -1.6003983e-01  6.3967716e-02
   607 : -3.4274008e-14  5.2586007e-14  2.1375261e-14
   608 :  1.7627504e-28  3.7422974e-28 -2.5509796e-28
   609 :  1.5243715e-24 -4.4340295e-26 -1.2307942e-24
   610 :  5.3875370e-35  2.3305030e-34 -5.2651271e-34
   611 : -5.9190189e-03  7.1378215e-04  8.5661710e-04
   612 :  6.0375871e-14 -1.2845461e-13 -3.3999830e-15
   613 :  6.8056845e-18  2.6883357e-18 -1.7306975e-17
   614 :  1.3474762e-07 -2.3073877e-07 -7.6364278e-08
   615 : -3.3356730e-16 -1.9220895e-16  8.7968854e-16
   616 : -2.6719982e-37  5.8574525e-37 -4.7540461e-38
   617 : -6.3655534e-18  9.1878720e-19  2.3843838e-18
   618 : -4.1789874e-22 -8.6851445e-23  2.4691534e-22
   619 : -1.3663114e-28  1.1690439e-28  1.5840132e-28
   620 : -8.2842876e-20  9.7258593e-20 -1.3058419e-19
   621 :  9.0400381e-15 -1.5870415e-14 -4.6714851e-15
   622 : -1.3292361e-04 -8.7953479e-06  3.7500802e-04
   623 :  2.1899251e-09 -4.2573371e-09  8.1057343e-09
   624 :  1.0348619e-16  8.9520926e-16 -3.8917347e-16
   625 : -1.5888366e-16  7.7560647e-16 -3.0657104e-16
   626 : -1.0558560e-47  4.1154180e-47 -1.5595507e-47
   627 : -1.1528671e-32  8.6797830e-31 -8.4989299e-31
   628 :  2.9412495e-22 -5.4729781e-22  1.2330977e-22
   629 :  4.3566551e-11  1.2722730e-09  3.8926515e-10
   630 :  2.4832448e-08 -9.8409266e-07  5.1986331e-06
   631 :  9.8437243e-19 -4.0499709e-18  1.0706086e-18
   632 : -2.8534600e-36  6.6220387e-36 -8.5056865e-37
   633 :  5.1875644e-09 -1.0014588e-09 -1.4727102e-09
   634 :  3.4310738e-13 -5.4830753e-13  1.5218511e-12
   635 : -1.6054930e-07  2.8336394e-08  3.2651945e-08
   636 : -3.5798646e-08 -1.3617357e-07  9.6601752e-09
   637 : -1.8532061e-05  1.0454621e-05 -7.1814145e-06
   638 : -2.4257020e-04  4.8016638e-04  4.2630817e-04
   639 :  7.0331067e-07  3.4884097e-07 -2.7036403e-07
   640 :  2.8042428e-01  1.3684035e-01  1.6726126e-01
   641 :  3.2726761e-28 -6.1359287e-28 -5.1637950e-29
   642 : -1.3036593e-10  5.3119487e-11  1.8058221e-10
   643 :  3.1312911e-09  9.1929919e-09 -2.0968434e-08
   644 :  1.0765107e-08  1.1237378e-08 -2.6089421e-08
   645 : -1.9407705e-13  9.4833914e-13 -3.3807342e-13
   646 : -2.1884084e-16 -3.3880997e-15  3.6113305e-15
   647 : -8.4635970e-03 -1.5649626e-02  7.2109289e-02
   648 :  1.0598230e-14 -1.7038186e-14  1.4848235e-15
   649 :  5.7897562e-07 -2.2271972e-06  2.3632877e-07
   650 :  4.6370788e-18  3.2521777e-16 -6.9840060e-16
   651 :  2.1284423e-04  6.4005739e-04 -1.4626102e-03
   652 :  8.6470638e-15 -1.0946487e-14  1.1070318e-14
   653 :  6.0849950e-05 -1.0326881e-05 -1.6825065e-04
   654 :  5.2599008e-24  6.0345295e-26 -4.7483059e-24
   655 :  1.0349429e-14  3.9092859e-15 -2.0390891e-14
   656 : -1.4805440e-03 -1.9141382e-03  1.8792753e-03
   657 : -8.5039943e-07  1.5917030e-06 -2.3433231e-07
   658 : -1.0094025e-14  3.6063368e-14 -8.2287516e-14
   659 :  5.1369593e-11 -3.8146590e-11 -4.6989194e-12
   660 : -9.2310061e-05 -4.7259645e-05  2.3642945e-04
   661 :  2.9434656e-02  1.5274949e-01  1.9314786e-01
   662 :  5.5406138e-23 -2.3535203e-24 -7.4293321e-23
   663 :  2.0555097e-06 -1.6901867e-07  1.9787409e-06
   664 :  3.4206063e-05 -1.0476978e-04  1.6675158e-04
   665 :  3.9567230e-04 -9.7617855e-05 -6.3266571e-05
   666 :  2.5248110e-37 -1.8192511e-37 -3.3220294e-37
   667 :  6.9693728e-26 -4.8292300e-26  4.4224470e-26
   668 :  1.1152903e-08  1.9783429e-08 -6.9119709e-08
   669 :  1.4851129e-46 -8.9345812e-47 -2.0090290e-46
   670 : -5.2121984e-06  4.8224932e-06  5.0190400e-07
   671 :  1.2103610e-01  4.1068053e-02  3.1976896e-01
   672 : -6.1825154e-06  1.6107122e-06 -4.7351914e-06
   673 : -2.9503853e-20 -2.3687437e-21  6.1114680e-20
   674 :  4.0956194e-17 -4.8280448e-17 -3.8272176e-17
   675 :  3.1866016e-18 -1.9341630e-18  1.1097251e-18
   676 : -7.0139093e-13  2.5061150e-12 -6.1013978e-13
   677 :  1.8044142e-14  1.6857609e-14 -6.8493931e-14
   678 : -1.2415383e-07 -7.6472471e-08  1.0407933e-06
   679 :  4.1233511e-11 -1.0030260e-10  3.2585247e-12
   680 :  2.1769005e-10 -2.7657429e-10 -3.5659741e-10
   681 : -2.1376173e-26  1.7070911e-26 -1.5613414e-26
   682 : -3.3615748e-27  1.6475661e-27 -1.4047691e-27
   683 :  3.2653935e-24 -2.6473643e-24 -4.5855561e-24
   684 : -5.7536050e-31  2.1550610e-31  2.6296203e-31
   685 : -5.7447184e-12  1.5700800e-11  9.2711546e-13
   686 : -2.4666493e-17  7.1850860e-18  7.0467005e-18
   687 : -1.4839245e-30  2.5849941e-30 -4.1124676e-30
   688 : -1.0716885e-18  1.6224841e-18  5.5587189e-19
   689 : -1.3911042e-04  7.1950802e-04  2.2469869e-04
   690 : -5.4474832e-13 -1.0255795e-13  2.6589749e-13
   691 :  2.1963601e-12 -1.1780498e-12  2.5200945e-12
   692 : -6.5242671e-14  1.6934172e-13 -1.7756878e-13
   693 : -2.9250843e-46  4.2045089e-46  1.8689282e-46
   694 :  2.5343262e-31 -1.6154705e-31 -3.8488967e-31
   695 : -1.3655159e-04  4.1668254e-04  6.7396660e-06
   696 :  1.5628076e-08  8.2192259e-09 -3.5737103e-08
   697 :  1.2975510e-13 -2.6319191e-14 -2.7565363e-13
   698 : -1.2246427e-04  2.4256725e-04 -7.5395430e-05
   699 :  8.0311275e-22 -5.4204367e-21  9.9872640e-21
   700 : -6.7553511e-39 -5.9664009e-39  1.8664524e-38
   701 :  1.8087476e-36 -4.3032916e-36  1.2492184e-36
   702 : -1.7420716e-26  1.2559535e-26  2.4472415e-26
   703 :  2.0327119e-01  1.9668879e-01  1.4593949e-01
   704 :  1.5929832e-14 -6.6078759e-15 -1.9540812e-15
   705 :  2.5078555e-30  1.9692649e-30 -1.8474567e-30
   706 :  8.0578504e-02 -5.1185525e-02  1.5531579e-01
   707 :  8.2321690e-09  8.9997893e-09  4.0103204e-10
   708 :  4.4061223e-10 -1.0283467e-09  6.6866106e-11
   709 : -3.8601462e-17  7.0416840e-17 -1.1626657e-16
   710 : -3.5874157e-21 -3.8210983e-22  5.1414854e-21
   711 :  1.7970850e-15 -7.6940461e-16  3.1056933e-16
   712 :  1.4146297e-07  1.9598403e-08 -9.2207982e-08
   713 :  8.2904966e-15  4.4222027e-14 -9.5145301e-14
   714 :  1.2847942e-01  1.7607014e-01  1.1877631e-01
   715 :  4.1905658e-12 -1.2876805e-12 -9.5979548e-13
   716 :  3.9185010e-33  8.8467288e-33 -2.2447039e-32
   717 : -2.8591872e-09  1.0661735e-08  3.1862281e-11
   718 : -2.0167101e-16 -2.2169300e-15  5.0177291e-15
   719 :  9.9147810e-09  1.8552818e-09 -8.2777345e-10
   720 :  3.6344154e-02  1.3071652e-01  3.2486866e-01
   721 : -4.4307191e-06 -2.2066050e-05  1.8488267e-05
   722 : -2.8151691e-28 -1.8219964e-28  2.0494807e-28
   723 :  4.4734094e-27 -1.2886989e-26  5.1330902e-27
   724 : -1.2043161e-27 -5.7760319e-27  3.7131023e-27
   725 : -1.0389676e-06  6.3084408e-07  2.5724310e-06
   726 : -1.1616646e-18  2.2317243e-19  4.3230418e-19
   727 :  5.8007086e-07 -9.4394403e-07  2.2220640e-06
   728 : -5.0797193e-09  9.1671709e-09  1.2210394e-08
   729 : -4.2029077e-12  8.4563625e-12  1.4289862e-12
   730 : -1.1009280e-13  7.9930297e-14 -1.2032261e-13
   731 :  1.7003075e-26 -6.2361821e-26  2.2549580e-26
   732 :  3.0141351e-23 -5.0550494e-24 -4.8838609e-24
   733 : -6.5919219e-14 -4.6615386e-14  3.6289370e-14
   734 :  5.0381620e-03 -8.4770641e-03 -5.3951123e-04
   735 : -2.3214047e-14 -1.4871617e-13  6.2337571e-14
   736 : -5.5015294e-03  6.2866991e-04  1.1703544e-03
   737 :  3.7205312e-18  4.2061276e-18 -1.3666212e-17
   738 : -8.2547333e-08  2.5231343e-08 -5.8870509e-08
   739 :  1.6947802e-01  1.3775076e-01  1.5950615e-01
   740 : -1.6776106e-12  5.7129320e-12 -1.5441030e-12
   741 : -1.5024060e-05  7.0217891e-06 -4.5767056e-06
   742 :  5.3882845e-15  1.3926522e-14 -2.7185581e-14
   743 : -1.2683223e-13 -4.7188108e-13  1.6100723e-12
   744 : -1.4139807e-01  7.9143166e-02  1.2320076e-02
   745 : -8.9416685e-29 -2.0125050e-29  2.3130880e-28
   746 :  1.4940270e-23 -3.1046042e-23 -3.1409701e-24
   747 :  2.2688242e-18  8.5334387e-18 -1.9925382e-17
   748 : -3.8860180e-13 -5.0445917e-13  1.8525820e-12
   749 : -8.2793162e-09  2.5568117e-08  1.7199050e-08
   750 :  3.7831727e-31 -4.4428141e-31 -2.9208622e-31
   751 : -8.1475376e-02 -2.5078037e-01 -2.2046827e-01
   752 :  4.4655827e-14 -2.4405547e-14 -7.8331526e-14
   753 : -5.9644706e-09  2.5283120e-08 -6.4477336e-09
   754 :  7.4757226e-24  1.0095761e-24 -1.6528754e-23
   755 :  1.3337983e-01 -2.2431305e-02  7.1417316e-02
   756 :  3.8202458e-17  2.3472852e-17 -1.0910102e-16
   757 : -1.3391529e-43  3.3732539e-44  4.8897776e-44
   758 : -5.7831699e-03 -3.4675763e-03  3.8015608e-03
   759 : -2.3572740e-13  1.6383867e-13 -1.7226795e-13
   760 : -2.7159304e-20  6.0654572e-20 -2.8378301e-21
   761 :  6.3549311e-13 -1.7108158e-12 -1.3803873e-13
   762 : -1.7732679e-03  8.1985080e-04  2.9608392e-04
   763 : -1.4493795e-33  4.8194662e-33 -1.6730429e-33
   764 : -1.4796351e-34 -3.0344170e-34  2.2346132e-34
   765 :  1.0213022e-01 -1.0270388e-01 -1.8885011e-01
   766 : -2.4311454e-16  5.7041845e-16 -5.6099146e-17
   767 : -1.6775249e-04  5.1941644e-04  3.4961174e-05
   768 : -9.8398133e-30 -1.3684886e-29  3.8242436e-29
   769 :  1.1700003e-01  1.2733230e-01 -1.9473782e-02
   770 :  2.9905163e-12 -1.6934166e-12 -1.8919095e-12
   771 :  2.0526495e-08 -8.5042098e-08  1.6460361e-08
   772 :  5.4549038e-07  4.1424441e-06 -3.8729397e-06
   773 : -9.2502560e-16  3.2656017e-15 -1.2693946e-15
   774 : -5.9479015e-01 -1.4688718e-01 -2.2659089e-01
   775 : -3.7933983e-03 -1.8122240e-02  1.3556862e-02
   776 : -5.4748869e-15  2.7991529e-14 -1.6452661e-14
   777 :  3.7700236e-13 -7.5478236e-13 -8.5328657e-13
   778 : -5.4050308e-13  9.1499858e-13 -1.5917694e-13
   779 : -3.0598441e-25 -3.5693784e-25  3.2457755e-25
   780 :  4.9091545e-05  1.0023385e-04 -4.5741993e-05
   781 : -1.0242532e-29  3.0759361e-30  4.5670968e-30
   782 :  3.6655385e-44  2.7834050e-44 -8.9594901e-44
   783 : -2.2640974e-13 -6.3015555e-13  1.5835448e-12
   784 : -1.6437548e-14 -9.5320020e-14  5.1388999e-14
   785 : -8.4411306e-31  1.3294676e-30  5.9939471e-31
   786 : -2.0917067e-01 -5.7545559e-02 -6.1071192e-01
   787 :  2.3698116e-01  5.1927670e-02 -9.6271471e-02
   788 : -2.0469006e-28  2.1185944e-28 -2.6657416e-28
   789 :  1.6690308e-26 -2.7227736e-27 -1.6720025e-26
   790 :  1.0936778e-10  2.4416315e-11 -3.4573820e-10
   791 :  3.8804536e-09 -2.1083502e-09 -4.3994112e-10
   792 : -8.1954287e-07  1.4156312e-06  1.1028674e-06
   793 :  3.1501815e-06 -6.9539667e-07  8.3440324e-07
   794 : -2.9356204e-12  6.3906524e-12  2.6562750e-12
   795 : -2.1939750e-06 -1.4622232e-05  9.4804862e-06
   796 : -3.5171537e-07 -6.0339863e-08 -8.8397465e-08
   797 :  1.2617212e-29  1.1492276e-29 -1.5607976e-29
   798 : -1.8132649e-09 -3.0496508e-09  1.6939220e-09
   799 :  6.6279346e-17 -1.9333517e-16  3.6611684e-17
   800 :  1.3238856e-01  9.3071452e-02 -1.9173205e-02
   801 :  7.3635572e-27  1.0856972e-27 -1.5410042e-26
   802 :  1.0639441e-13 -2.3741004e-13 -5.4456848e-14
   803 :  1.7361257e-20  2.4648275e-20 -1.9029930e-20
   804 :  1.0117855e-01 -1.7967857e-01 -2.6554556e-02
   805 :  1.6152437e-13 -6.5593416e-13  1.3265636e-13
   806 :  2.6797544e-25 -1.2835076e-25  4.1314458e-26
   807 :  3.7687066e-29  4.5243495e-29 -3.9221124e-29
   808 : -1.8384081e-01  1.0148937e-02 -1.8851504e-01
   809 : -4.3778038e-19  5.0309505e-19  4.7567440e-19
   810 :  3.8435251e-28 -2.0940820e-28  5.5698133e-29
   811 :  4.2175204e-45  7.5875241e-46 -6.6203735e-45
   812 : -4.0420796e-16 -6.9038933e-16  2.0974201e-15
   813 :  9.2075953e-14 -2.8817689e-13  6.2878596e-14
   814 :  1.4812058e-41  6.6749078e-42 -2.8204821e-41
   815 : -7.4277263e-47  1.2925701e-46  3.7825600e-46
   816 : -1.1943527e-38  1.6001738e-39  5.1453517e-39
   817 : -3.7989524e-40 -3.7710453e-40  1.1403890e-39
   818 :  2.2292962e-43 -9.8865301e-43  5.3362586e-43
   819 : -3.4220937e-14  4.0919832e-14 -4.8791642e-14
   820 : -4.6217333e-43  1.2679737e-42 -2.9035293e-43
   821 :  9.8739716e-07  3.3080684e-06 -2.1166497e-06
   822 : -4.0936598e-11  8.4788140e-11  1.5979798e-12
   823 : -1.1955722e-21  2.9251881e-21 -4.8159558e-22
   824 :  1.2852150e-21 -1.0523176e-21 -1.6864610e-21
   825 : -3.7212918e-33 -1.3444779e-33  8.8561406e-33
   826 :  2.1733494e-09  8.9329401e-10  1.0659925e-08
   827 :  2.7848059e-24  1.5113097e-24 -2.1301060e-24
   828 :  1.0889727e-18 -1.5267293e-18 -1.3966621e-19
   829 : -8.7296176e-11 -1.4995034e-10  1.0908628e-10
   830 : -2.7437642e-02  7.9727696e-02 -3.1235800e-02
   831 : -5.2281629e-03 -3.4748402e-02  9.0522012e-02
   832 : -7.9580709e-15  7.2177862e-15  1.0198133e-14
   833 :  3.9792315e-03  1.4801212e-02 -1.5033096e-02
   834 :  4.0129496e-39 -4.6994345e-39  5.4815344e-39
   835 :  1.6869460e-44  4.1113839e-44 -1.0019775e-43
   836 : -1.1673670e-12  3.9741933e-12 -1.3352874e-12
   837 : -1.2130845e-27 -6.5627647e-26  1.4514882e-25
   838 : -1.7896845e-09 -4.3117068e-10  3.9427060e-09
   839 :  7.9904734e-20  3.1728392e-20 -1.9200403e-19
   840 :  2.1012915e-24  1.0395626e-24 -4.2815262e-24
   841 : -8.3399582e-22  3.2860062e-22  1.7234150e-22
   842 :  7.4770378e-18 -4.8706126e-17  1.9354825e-17
   843 :  7.1860670e-24 -1.0028191e-23 -4.6497499e-24
   844 : -1.4543676e-15 -3.7243517e-15  9.1339008e-15
   845 :  6.2017228e-33  2.1870266e-32 -4.7518684e-32
   846 : -5.4715122e-13 -1.1101679e-12  4.5414579e-13
   847 : -5.1357911e-17  7.3184794e-17 -9.8311035e-17
   848 :  1.8301227e-48 -1.2097224e-47  5.1167673e-48
   849 :  7.1617889e-21 -2.3036662e-20 -5.7160738e-21
   850 : -6.1126431e-19  1.7646125e-18 -3.2299834e-18
   851 : -6.9991068e-21  8.2033416e-21  6.4753055e-21
   852 : -1.6282640e-35  7.5438268e-35 -3.0955260e-35
   853 :  7.3303544e-09  2.2074680e-08 -4.5350824e-08
   854 :  3.9341391e-50  1.9376908e-49 -7.2752799e-49
   855 :  7.1156023e-07 -8.8744982e-09 -6.7955149e-07
   856 :  2.3222946e-09 -1.0854743e-09  9.4830658e-11
   857 :  2.4562364e-06 -2.5894370e-06  5.6693369e-06
   858 : -3.0140664e-10  1.1572231e-10  7.1819215e-11
   859 :  2.0596346e-35  8.6508598e-35 -1.3013276e-34
   860 :  1.2057625e-11  2.5942912e-11 -1.4332700e-11
   861 :  1.5027528e-12  5.4207111e-13 -2.1574708e-12
   862 : -1.1284940e-12  3.4936685e-14  8.3806054e-13
   863 : -3.7636374e-09  3.9057735e-09  6.4372139e-09
   864 :  1.6189478e-08  3.0279404e-08 -7.6001060e-08
   865 : -1.7184512e-06  1.0514735e-05 -1.8963972e-05
   866 :  2.4985455e-01  1.9279117e-01  2.4045724e-01
   867 : -1.2313109e-04 -8.6092971e-05 -1.3704422e-04
   868 :  1.7608919e-15 -1.4241856e-14  9.9486046e-15
   869 : -5.7451910e-15 -3.4317638e-15  4.0989144e-15
   870 : -1.7147268e-16  1.9424832e-16 -1.4969370e-17
   871 :  7.7992170e-08  6.7354634e-08 -3.0491439e-07
   872 : -2.8740753e-07  4.0004931e-08  5.8766100e-08
   873 :  1.3453071e-02  8.6573800e-02  1.6736368e-01
   874 :  1.6789746e-01  1.3709612e-01 -2.8158192e-03
   875 : -5.2843554e-22  2.7297774e-22 -9.8866914e-23
   876 : -1.7032697e-21  8.3250272e-21 -4.5860380e-21
   877 : -1.2194133e-41  1.9172886e-41 -2.6212116e-41
   878 : -1.4300519e-38  3.0409676e-38 -5.6621875e-39
   879 :  3.3273554e-24 -4.3542406e-24  5.4999619e-24
   880 :  3.2980748e-22 -6.0936530e-22  1.3500483e-22
   881 :  9.7720191e-42  3.3146655e-42 -1.6497327e-41
   882 : -4.9613533e-39  5.2942951e-39  4.6925174e-39
   883 : -1.7770922e-24  9.8733950e-25 -2.3817497e-25
   884 : -6.8010945e-24  6.9556048e-23 -2.9487687e-23
   885 : -2.2906941e-11  5.6930816e-12  4.1485910e-11
   886 :  6.1530276e-12 -1.7040782e-12 -1.2863567e-12
   887 :  2.3882056e-11  3.9236827e-11 -2.0708961e-11
   888 : -1.2498862e-10 -5.0113620e-10  1.9721655e-10
   889 :  6.9069362e-04 -5.0760829e-04  3.3168415e-04
   890 :  1.9113616e-04 -1.3866185e-04  3.9954254e-04
   891 : -1.5840954e-22  2.9729688e-22 -4.4255156e-22
   892 : -3.2565821e-20  7.4671972e-20 -8.3343837e-21
   893 :  5.5370819e-12 -1.6697106e-12 -2.0979477e-12
   894 : -3.3767817e-11  2.6936337e-11  4.8922357e-11
   895 :  2.5131753e-04  5.7024353e-04  2.3947503e-04
   896 : -1.8684956e-04 -3.8435042e-05  2.8206910e-04
   897 : -1.2763115e-24  8.9397555e-25 -5.8404123e-25
   898 :  1.0489695e-24  4.3427016e-23 -4.2720875e-23
   899 : -6.7316166e-05 -4.3153509e-05  9.2875506e-05
   900 :  1.7467223e-05 -2.3082800e-05 -1.4168791e-05
   901 :  1.0998559e-14  1.3322446e-15 -1.4621622e-14
   902 : -2.7746206e-13  1.5478793e-13  2.9157811e-13
   903 : -2.1675332e-07  3.9363373e-07 -3.3313473e-08
   904 : -1.0063173e-08  2.4802948e-08 -5.4087674e-08
   905 : -1.4348999e-09 -8.4402982e-08  3.3799850e-08
   906 :  1.9839375e-05 -5.5404045e-05 -3.5915501e-05
   907 : -5.2652554e-06  1.9422632e-07  7.0301859e-06
   908 :  9.2612997e-10 -6.6201329e-10  9.0610370e-10
   909 :  5.0163333e-09  3.2494468e-09 -4.7614292e-09
   910 : -3.9152850e-09  3.7561134e-09  8.0691827e-09
   911 :  9.8855776e-10 -6.1404836e-10 -7.3842069e-10
