Number of elements 912
     0 : -2.3189822e-31  6.3860099e-32  4.0588567e-31
     1 : -4.4523741e-18  1.0543076e-17 -1.5298904e-18
     2 :  9.1416295e-01  1.7760951e-01  6.8716373e-01
     3 :  2.7712242e-22  1.1404594e-22 -6.7938864e-22
     4 :  2.3667409e-01 -5.3269991e-03  5.4956570e-02
     5 :  1.9077849e-03  1.1096894e-03 -1.0304561e-02
     6 :  9.1483140e-46  2.1083376e-45 -3.9494606e-45
     7 : -2.9451380e-18 -2.9003309e-16  1.7669799e-16
     8 :  4.5549494e-15 -9.7123539e-16 -1.7114057e-15
     9 :  1.1126777e-42 -7.5783091e-42  5.2445502e-42
    10 :  1.8484428e-15 -3.7016064e-16 -3.4674114e-15
    11 : -1.6708470e-46  3.2702152e-46  1.3531734e-47
    12 :  2.5410702e-03 -5.1816043e-03 -2.7826293e-02
    13 :  5.1393247e-12  6.9744261e-13 -6.1793640e-12
    14 :  7.6331172e-25 -1.4857205e-24  2.4985975e-25
    15 : -1.4832792e-14  5.5982323e-14 -7.2554106e-15
    16 :  1.4575049e-48 -2.4759768e-48 -4.9812457e-49
    17 : -5.3041426e-35  1.0456294e-34  6.4706657e-36
    18 :  3.4702949e-14 -1.3340416e-13  4.3466189e-14
    19 :  6.1552535e-57 -7.6479919e-57 -4.9693842e-57
    20 :  1.2018156e-35 -3.1730228e-35  1.3103827e-35
    21 : -8.0908577e-12  4.3648547e-11 -2.1985548e-11
    22 : -4.9296604e-11 -3.5159865e-11  3.8881196e-11
    23 :  1.3102332e-52 -1.0306114e-52  8.0094030e-53
    24 :  1.9443438e-17 -1.3700571e-17 -2.9208597e-17
    25 : -3.2106934e-55 -2.7229725e-55  2.8730042e-55
    26 :  8.3167617e-17  3.0838155e-16 -1.8314002e-16
    27 : -1.5268153e-11  3.7431571e-11 -1.2457380e-13
    28 : -2.5460430e-11  8.6488328e-11 -3.0063678e-11
    29 : -2.6644210e-20 -3.7421035e-19  4.3536996e-19
    30 :  2.8723076e-15 -2.3322330e-15 -3.5111829e-15
    31 :  3.5667085e-23 -2.1644966e-23 -5.1070910e-23
    32 :  4.2940895e-46  5.4510620e-46 -1.4658137e-45
    33 :  1.0142866e-08 -5.4273270e-09 -2.2640158e-08
    34 :  1.5842873e-57 -9.9047084e-58 -2.1870452e-57
    35 : -3.9406255e-23  1.1908973e-23  6.3711897e-23
    36 :  1.6431462e-01  2.3120992e-01  1.8891841e-01
    37 : -3.1005022e-08  8.7667024e-08 -1.6766411e-08
    38 :  1.3246782e-13 -5.3710681e-12  6.3603576e-13
    39 :  2.2912578e-18  1.7636761e-18 -6.6583994e-18
    40 :  1.0841688e-20 -2.5676036e-20  5.4381816e-21
    41 : -5.5745250e-11  1.0734900e-10  9.3421118e-12
    42 : -1.0214516e-54  1.9761915e-54 -3.7414969e-55
    43 : -2.0922116e-32  4.9622337e-32 -7.8750159e-33
    44 : -2.1427591e-08 -1.1557859e-08  4.9846519e-08
    45 :  6.6156303e-26  5.9896792e-26 -1.8942276e-25
    46 : -2.1566213e-27  1.8554410e-27 -1.6514153e-27
    47 :  5.0623892e-45  2.3974900e-44 -5.3564953e-44
    48 :  8.1374751e-49  4.7011687e-47 -1.8956812e-47
    49 :  1.1627397e-13 -2.0939189e-13 -3.3869727e-14
    50 :  2.8993107e-09 -1.3671242e-08  5.5341692e-09
    51 : -4.8631969e-03  1.5533546e-03  8.8244147e-04
    52 : -1.2991001e-14  3.8472771e-14 -7.7410762e-15
    53 :  1.3773394e-45 -1.0323100e-45  5.7240529e-46
    54 : -3.3615810e-10 -2.8591569e-11  3.9127918e-10
    55 :  3.1200154e-11 -8.3948871e-11  6.3880075e-11
    56 : -9.4135915e-03 -7.7048387e-03  1.4651094e-03
    57 : -4.8880956e-13 -1.1580504e-12  2.8070977e-12
    58 :  4.2834949e-06 -1.4391708e-05  4.9028159e-06
    59 : -2.1959010e-15 -1.0881628e-14  5.9267554e-15
    60 :  2.5708938e-10  7.4799835e-11 -5.9044285e-10
    61 : -1.0086413e-05  5.5917612e-06 -1.6482670e-05
    62 :  4.8622175e-17  1.2793063e-17 -2.9449482e-17
    63 :  3.9359851e-08  2.4638020e-08 -2.7384366e-08
    64 : -1.9602108e-16  1.6629938e-16  2.3304855e-16
    65 : -3.5847431e-20  4.3086746e-20 -6.1580057e-21
    66 : -6.3829455e-23  1.4340724e-22 -6.8923967e-24
    67 : -3.6791521e-48 -1.8472669e-49  7.6361500e-48
    68 :  3.2367302e-47 -6.2313634e-47 -3.0322271e-48
    69 : -3.6526128e-48  2.5152180e-48  4.8511302e-48
    70 : -3.8280151e-27 -2.7699080e-26  3.5634174e-26
    71 :  2.2912629e-08 -3.2986337e-08 -1.9543045e-08
    72 : -1.8345982e-50  7.1483619e-50 -3.4431804e-50
    73 : -5.7184619e-07  5.3106449e-07  8.0704892e-07
    74 :  5.4390669e-38  1.6927125e-37 -1.1111810e-37
    75 :  3.5335583e-37  1.6003052e-37 -2.4992840e-37
    76 :  1.3566514e-50 -2.5045910e-51 -5.2833639e-51
    77 :  1.9094416e-40  1.2684910e-39 -1.6849086e-39
    78 : -8.5402866e-43  1.9871011e-42 -1.9166551e-43
    79 :  6.7714139e-33 -6.7520111e-33  7.0756962e-33
    80 : -9.6875386e-66  3.4965663e-65 -1.4360068e-65
    81 :  3.1585951e-45  1.5725207e-44 -9.4233931e-45
    82 :  1.5670437e-01  6.9712493e-01  4.0255208e-01
    83 :  3.0058006e-59 -1.9517674e-57  1.8883934e-57
    84 :  1.8170487e-54 -5.4608060e-54  1.6295859e-54
    85 : -1.9045904e-02 -6.5504345e-03  7.2552100e-03
    86 : -2.2947624e-34 -2.1017712e-34  6.5692225e-34
    87 : -4.9836861e-32  8.2449093e-32  1.8463845e-32
    88 :  5.6014991e-22  4.2721565e-22 -4.8416012e-22
    89 :  8.7335926e-07  7.0839342e-07 -5.7845234e-07
    90 : -5.1444362e-52 -1.6445366e-51  1.0764678e-51
    91 :  8.3745524e-02 -2.6545727e-02  8.9915068e-03
    92 :  1.1372128e-26 -9.2785607e-27 -3.7940819e-28
    93 : -3.0318238e-65 -2.6552489e-65  7.2729137e-65
    94 : -5.3520117e-30  1.2216853e-30  3.2806661e-30
    95 :  9.7880959e-48 -2.3365621e-48 -5.1021241e-48
    96 : -5.7272434e-23  1.2933299e-22 -1.9531738e-22
    97 : -2.8635328e-24  2.0795096e-24  3.6019515e-24
    98 :  5.1274983e-01  2.5461237e-01  1.5864875e-01
    99 : -1.5571912e-43 -9.4018812e-43  5.4895104e-43
   100 : -2.8813143e-46  2.2322622e-46  1.5846408e-46
   101 :  3.8563942e-21 -2.3374258e-21 -7.2837101e-22
   102 : -2.6916420e-13 -1.7380443e-12  9.6691230e-13
   103 :  1.8908729e-59 -1.9163449e-59 -1.8928420e-59
   104 : -2.6072377e-27  3.5214381e-28  1.0863436e-27
   105 : -1.7104818e-14  3.2003063e-15  1.0551095e-14
   106 :  8.3494817e-19 -1.3341147e-18 -5.6379017e-19
   107 : -2.0418231e-19 -6.6560057e-19 -5.2795662e-19
   108 :  6.9112127e-18  6.3027074e-18 -1.9927614e-17
   109 :  1.7790541e-13  4.0791996e-13 -1.1640346e-12
   110 : -5.3959835e-08  1.4335784e-07 -3.8130868e-08
   111 : -2.4945351e-17  8.5513202e-18  7.1065819e-18
   112 : -1.7991181e-42 -3.7520028e-42  7.6643178e-42
   113 : -1.5004053e-03  4.5644304e-04  3.0098059e-04
   114 : -1.0416560e-25  1.5444367e-25  3.7193580e-26
   115 :  7.3329642e-13  2.3468585e-12 -1.4412765e-12
   116 : -8.0983606e-08 -1.0379583e-07  7.4290464e-08
   117 :  7.5571726e-02 -3.4149110e-03 -2.0709311e-02
   118 :  1.8433685e-01  6.1279149e-01  6.1156513e-01
   119 : -5.9730608e-50 -1.4636445e-50  9.0673394e-50
   120 :  1.1850086e-24 -1.9014588e-24  2.6822654e-24
   121 : -6.2690538e-39 -3.0324219e-37  2.4403412e-37
   122 : -6.0027938e-12 -1.0597869e-11  6.8782118e-12
   123 : -7.1475580e-60  4.9416251e-59 -4.9788009e-59
   124 :  2.7419224e-44 -1.7544216e-44 -4.8446981e-45
   125 :  3.1257574e-62 -9.4989963e-62  3.2492517e-62
   126 :  2.2511212e-34 -3.0750279e-34 -1.6031932e-34
   127 : -8.8969380e-37  1.0037342e-36  8.1018920e-37
   128 : -3.3721441e-13 -1.2873022e-13  8.1478253e-13
   129 :  2.5520711e-31  3.1101625e-31 -8.9247989e-31
   130 : -1.8995684e-05  3.0233741e-05  7.3744992e-04
   131 :  1.6750881e-09 -4.4915525e-10 -6.4617346e-10
   132 :  1.1880719e-11 -4.6948817e-11  1.6378180e-11
   133 :  3.9626568e-07 -7.7415374e-07  1.4104720e-07
   134 :  1.6981503e-12 -5.7994656e-13 -6.0285799e-13
   135 :  3.4507849e-15  1.1966560e-14 -1.6527674e-14
   136 :  2.1971363e-19  6.9105507e-20 -1.5203059e-19
   137 :  1.2625731e-14 -5.7951998e-15 -2.0220466e-14
   138 :  3.2776041e-17  1.4306542e-16 -1.5111759e-16
   139 :  7.3170919e-17 -1.4171414e-16  3.4565935e-17
   140 : -6.1482439e-40  8.0272907e-40 -9.3614491e-41
   141 : -7.4245551e-38  7.3179781e-38  7.7890718e-38
   142 : -1.4167729e-17 -6.1273923e-17  1.1004578e-16
   143 :  8.6273344e-51  1.9305505e-50 -4.2465251e-50
   144 :  3.8122209e-19  4.1497722e-19 -3.7940283e-19
   145 : -1.5795960e-23  1.8191757e-22 -8.0859955e-23
   146 :  4.5246643e-28 -7.1455925e-28 -2.0943924e-28
   147 :  8.1877030e-49 -4.6590067e-49 -1.6204596e-49
   148 :  1.7688220e-28 -2.7726552e-28 -7.8003647e-29
   149 :  2.2065620e-01 -4.3273947e-02  3.3076257e-02
   150 :  1.0037062e-23  1.2769154e-22 -1.4777645e-22
   151 :  4.3365259e-36  5.6573804e-36 -1.4460199e-35
   152 :  4.9818742e-31  2.3032838e-31 -3.5375850e-31
   153 :  6.2522046e-03  4.0170508e-01  6.5717467e-01
   154 : -2.4273193e-64  1.5169202e-64  3.3498472e-64
   155 :  9.7554146e-50 -7.0961588e-50 -1.3490487e-49
   156 :  3.2933638e-52 -4.0510755e-52  3.8410107e-53
   157 : -9.8923722e-26 -1.8988866e-25  3.9149259e-25
   158 :  4.8072342e-16 -7.9943641e-16  2.3741224e-16
   159 :  3.8150731e-21  1.2333912e-20 -8.0110711e-21
   160 : -1.6458619e-63  3.6805629e-64  6.3750937e-64
   161 :  2.3895619e-60  2.9315856e-59 -6.1182759e-59
   162 : -8.0257179e-04  6.0258362e-03 -2.1969445e-02
   163 :  1.1714408e-11 -3.4839412e-11  6.3495900e-11
   164 :  5.3779137e-34 -1.8118137e-34 -9.1537636e-34
   165 :  1.3218712e-19 -1.6135016e-18  1.3463195e-18
   166 :  1.6614663e-52  6.7384627e-54 -3.4251459e-52
   167 :  1.0778913e-15 -4.4492405e-16 -1.4764354e-16
   168 :  9.2814709e-11 -2.8384077e-10  8.1070113e-11
   169 :  3.8405685e-01  6.3106504e-01  8.7528706e-01
   170 :  9.6606675e-48 -7.8887893e-47  1.5077849e-46
   171 :  3.6215106e-47 -9.5045104e-47  1.5427551e-46
   172 :  3.1572004e-11 -1.9746125e-10  1.1663561e-10
   173 : -1.5805750e-12 -1.1315283e-12  4.0570795e-12
   174 :  9.7185162e-18 -2.0101723e-17 -1.5808608e-19
   175 :  1.8263990e-27 -1.1905392e-27  9.2970689e-28
   176 :  2.8989010e-43 -2.5328328e-43 -3.3577814e-43
   177 : -4.2466513e-17  1.0365254e-16 -1.4802857e-17
   178 :  3.7475943e-01  8.3947397e-01  4.3482898e-01
   179 : -3.1167760e-16  6.3834261e-16 -2.0196313e-16
   180 : -1.7749004e-49  4.3444702e-50  3.1464182e-49
   181 :  9.0926850e-11  5.3061042e-11 -2.5272288e-10
   182 :  5.3600308e-30 -1.1580440e-30 -3.0161697e-30
   183 :  4.1933234e-08  1.1059502e-08 -6.6474725e-08
   184 :  2.7588782e-65  4.4964661e-64 -2.3744714e-64
   185 : -3.5790974e-36  1.6938885e-36  9.2794189e-37
   186 : -6.1241352e-25 -8.3433659e-25  2.3257432e-24
   187 :  5.9048303e-16 -6.9598766e-15  5.8868314e-15
   188 : -9.9437097e-02  7.3656548e-01  1.3449712e-01
   189 :  7.8708505e-16 -1.4255798e-15 -1.6547514e-16
   190 :  4.5586890e-19 -8.5678779e-19  1.9993043e-19
   191 :  2.4383196e-60 -1.8412877e-60 -3.0946366e-60
   192 :  1.2913449e-09 -3.6363719e-10 -2.5549286e-09
   193 : -6.9460784e-04 -6.6586548e-03  2.9710531e-03
   194 :  2.9248477e-01  2.6462294e-01 -1.4082975e-01
   195 : -1.1715830e-26 -3.1631155e-27  7.3976589e-27
   196 :  3.8584451e-50 -4.0999792e-50 -3.7238646e-50
   197 :  1.0862290e-50 -1.7786659e-50 -3.9999951e-51
   198 : -9.5492354e-22  6.2617484e-23  8.3138419e-22
   199 : -1.7468640e-04  8.3617790e-04 -3.0971455e-04
   200 : -1.9310077e-46  5.3028002e-45 -5.6534239e-45
   201 :  4.6966460e-11 -1.7432606e-11 -9.7592154e-12
   202 :  8.9286778e-27 -9.8523630e-27 -8.1978810e-27
   203 :  3.1976113e-54  1.3316142e-54 -2.2352527e-54
   204 :  3.7206610e-27 -3.4260366e-27 -2.0105656e-28
   205 :  2.7269880e-10  9.6045190e-10 -5.6432006e-10
   206 : -5.1915681e-54  2.3026277e-54 -1.8517591e-55
   207 : -6.6915841e-52  4.4289048e-52 -2.2695306e-52
   208 : -2.8322837e-38  1.5213071e-38  3.3167644e-38
   209 : -3.8447269e-03 -2.1565291e-03  3.7194095e-01
   210 :  1.1174690e-28 -2.0511641e-28 -1.9964610e-29
   211 :  4.0865137e-53 -1.5543150e-53 -9.2655610e-54
   212 : -7.3344468e-16  5.3511267e-16  1.4240467e-16
   213 :  1.1956679e-50 -4.6292559e-50  4.3563034e-50
   214 :  2.3295798e-01  1.8961608e-01 -7.3194426e-02
   215 :  5.5126803e-01  6.4288691e-01  1.7084055e-01
   216 :  4.1572275e-15 -3.6458059e-15 -4.8753596e-15
   217 :  6.9569513e-63  3.3947313e-62 -2.0324206e-62
   218 :  8.7476183e-41  1.0444290e-40 -2.8223086e-40
   219 :  2.7702163e-12 -1.4031279e-11  1.5919538e-11
   220 : -9.8995099e-36  8.8381973e-35 -1.7158608e-34
   221 :  1.0914403e-43  5.7356119e-44 -2.7647967e-43
   222 :  9.7313211e-05 -6.2649212e-05  6.9680205e-05
   223 : -2.4563239e-08 -4.2235108e-07  3.8189134e-07
   224 :  2.6032440e-21 -1.5213393e-21 -3.7796721e-21
   225 :  2.1688068e-34 -3.6905977e-34 -4.5158001e-35
   226 : -8.2350778e-46  5.1288689e-46  2.4571085e-46
   227 :  1.4450639e-26  5.1125017e-27 -2.5065813e-26
   228 : -2.9337005e-23  5.6476309e-23  4.1060928e-24
   229 :  2.3014177e-29  1.3693111e-29 -1.7947490e-29
   230 : -7.7358249e-45 -3.2067144e-45  5.3802264e-45
   231 :  3.9323321e-46 -6.8891091e-45  6.0899090e-45
   232 :  2.1888796e-59  2.3152663e-59 -2.2393566e-59
   233 :  1.6845047e-43 -1.3006412e-43 -1.8829185e-43
   234 : -3.0199969e-03  8.9739017e-04  1.1394234e-03
   235 :  1.8874505e-09  5.9759333e-09 -1.3771850e-08
   236 : -1.5511858e-41  4.2080517e-41 -1.0450178e-41
   237 : -7.8291900e-38  4.5885524e-38  1.1246952e-37
   238 :  2.9533695e-58  2.5263495e-59 -1.6006755e-58
   239 : -7.3732355e-44  8.5265252e-43 -1.6426352e-42
   240 :  3.6502616e-51 -1.7438848e-51 -5.6404546e-51
   241 :  2.1783918e-13 -2.8411076e-12  1.1154500e-12
   242 : -5.4008965e-13 -1.3690880e-13  8.1166014e-13
   243 : -1.0990289e-05  8.2033373e-06 -1.4031130e-05
   244 : -2.3422856e-08 -5.2257536e-10  2.4574827e-08
   245 :  1.9238151e-42  8.0086696e-43 -4.3249954e-42
   246 : -1.6649381e-13  8.9073690e-14  3.5404382e-14
   247 :  1.4054114e-05 -7.5698219e-06  2.4533680e-06
   248 :  1.8841236e-62  6.8641486e-63 -4.4744805e-62
   249 : -5.0455104e-32 -2.7358737e-33  1.0587010e-31
   250 :  3.9725569e-13 -1.0201941e-14 -3.6982968e-13
   251 : -7.9831619e-25  6.7034834e-24 -4.9094898e-24
   252 : -3.6406062e-46  7.3201695e-46 -1.3754253e-46
   253 :  2.3708921e-56 -2.8844555e-56  3.4633768e-56
   254 :  2.3794950e-04 -4.9457311e-05 -7.1207366e-05
   255 : -1.6098249e-25  8.7909024e-27  5.4555524e-26
   256 :  7.9526034e-15  1.9507476e-13 -9.6687426e-14
   257 :  6.0210303e-08 -7.7440365e-08  8.7460386e-08
   258 : -6.4235922e-27 -1.5134716e-26  3.5882444e-26
   259 :  2.4669181e-37  1.8634810e-36 -4.0531425e-36
   260 : -5.9288188e-14  1.5683799e-12 -1.4063754e-12
   261 : -1.5388873e-27 -1.2524753e-26  2.9107272e-26
   262 :  2.8488214e-42 -6.0286170e-42  2.8116862e-42
   263 : -4.8436826e-48  5.1279648e-48  4.6953777e-48
   264 : -1.1560440e-24 -1.3999597e-24  3.9859876e-24
   265 :  4.4670713e-12 -6.3564560e-12  9.4668838e-12
   266 :  1.8708326e-32  6.0564197e-32 -3.8793697e-32
   267 :  7.2328289e-30 -2.3802882e-30 -2.3510881e-30
   268 :  5.5708498e-49 -8.9699141e-48  1.7471111e-47
   269 : -3.2139871e-06  6.7603644e-07  1.7487829e-06
   270 : -4.4726512e-29  2.9670419e-28 -1.9014775e-28
   271 :  2.3705828e-11 -1.4521675e-11  7.7734172e-12
   272 : -3.0055678e-28  2.4402907e-28 -1.9999457e-28
   273 : -1.0904487e-46  4.4097632e-47  1.7513156e-46
   274 : -2.1844504e-14 -8.2501490e-14  1.5603045e-13
   275 : -5.3230130e-39 -1.6378535e-38  2.7466285e-38
   276 :  5.3729867e-09 -3.9831563e-09  4.2310804e-10
   277 :  4.2583323e-42 -5.8932152e-42 -2.7410565e-42
   278 :  3.5137532e-14 -1.1061705e-14 -6.0819524e-14
   279 :  6.2010014e-24 -1.3790917e-24 -2.3851218e-24
   280 : -4.8855851e-02  1.6640070e-01 -5.0238439e-05
   281 : -9.9579723e-24  1.5369421e-23  5.2289814e-24
   282 : -5.9461264e-34  2.3181768e-33 -4.1529169e-33
   283 :  2.8599547e-39 -1.3477809e-38  7.7259855e-39
   284 : -1.5635129e-42 -1.2022046e-40 -1.1131960e-40
   285 :  9.5221716e-04  1.4686784e-03 -6.7615856e-04
   286 : -2.1517061e-14  2.8917135e-14  1.7699717e-14
   287 :  8.2256819e-19 -5.8183034e-19 -1.2029207e-19
   288 :  1.2116140e-01 -4.9157679e-03  2.3255499e-01
   289 : -2.9885402e-19 -2.3053671e-19  7.8351575e-19
   290 :  2.4271118e-04 -1.0864716e-02  3.1642148e-03
   291 : -2.5895458e-24  3.3142137e-24 -3.4718102e-25
   292 :  3.6502578e-06  1.9418241e-06 -6.5689885e-06
   293 : -9.4485857e-38  4.6202419e-38  1.4525699e-37
   294 :  2.0261921e-17  3.5500380e-16 -7.5940779e-16
   295 :  1.0659367e-52 -2.5783745e-53 -3.9821727e-53
   296 :  4.2180156e-10 -3.3423202e-09  2.5357237e-09
   297 : -9.3515314e-21  2.2060346e-20 -2.5047233e-21
   298 :  1.2977524e-22  3.8972265e-22 -3.0138739e-22
   299 : -2.8466055e-57 -1.6306495e-57  7.0769768e-57
   300 : -2.0065047e-09  6.7548014e-11  8.5168557e-10
   301 : -5.9137200e-26 -1.4956463e-25  1.0062874e-25
   302 :  3.9828562e-14 -1.1780585e-13  3.1879849e-14
   303 :  3.2903436e-17 -4.2543554e-17  4.7617956e-18
   304 :  5.1563951e-16 -2.1092917e-16 -2.2566015e-16
   305 :  6.2956717e-26 -8.4204893e-27 -2.6429782e-26
   306 :  4.5182872e-07  1.2045853e-07 -2.2751401e-07
   307 :  2.2287036e-16 -1.2237949e-16 -2.3450184e-17
   308 :  4.1564393e-23  1.7898469e-22 -4.1923204e-22
   309 :  7.1228092e-57  3.8103150e-56 -2.2529975e-56
   310 :  4.1405055e-19 -3.3124372e-21 -8.5312673e-19
   311 :  1.0458304e-14  3.2583412e-15 -2.5173314e-14
   312 :  9.2589326e-51  5.6636260e-51 -2.0322094e-50
   313 :  5.0086406e-38 -1.7254644e-37  5.1780105e-38
   314 :  1.5720981e-55 -2.8211517e-55  4.0949213e-55
   315 : -2.2163689e-44 -1.0838838e-43  6.4472037e-44
   316 : -9.4642373e-07 -4.7327105e-07  5.8860808e-07
   317 :  2.3327157e-57 -1.0533721e-56  5.7580169e-57
   318 :  6.8316245e-10 -1.7242943e-10 -1.9260215e-10
   319 :  2.5969101e-11  7.3230361e-11 -1.2665209e-10
   320 :  3.7831549e-01  8.7564382e-01  7.2742341e-01
   321 :  5.4677827e-07 -7.2163681e-07 -5.7530737e-07
   322 :  5.9405645e-55 -1.4753657e-54  2.8498350e-55
   323 :  2.3420777e-62 -2.9721385e-62  2.8156482e-63
   324 : -9.5078641e-43  9.8796157e-42 -4.3480925e-42
   325 :  3.5390378e-36  9.2748397e-38 -3.7132915e-36
   326 :  3.2700576e-05 -4.5886342e-05 -4.5824608e-05
   327 :  2.4578887e-01  9.8038992e-01  2.6139198e-01
   328 :  1.9015880e-13  9.3046302e-14 -1.6255295e-13
   329 :  1.3736392e-40  6.4864647e-40 -3.9229954e-40
   330 : -1.2060863e-59  3.7795363e-60  2.0349626e-59
   331 : -7.1769222e-28  1.0037107e-27  4.6369353e-28
   332 : -1.8961118e-16 -1.6806404e-16  1.7536013e-16
   333 : -1.3605849e-36  1.3522380e-36 -1.4038862e-36
   334 :  2.0713145e-11 -3.5941447e-10  3.0603305e-10
   335 : -3.0002835e-15  6.2392043e-15 -1.0039484e-16
   336 :  4.1458564e-14 -3.4308806e-14 -5.0882774e-14
   337 : -3.8564426e-55 -3.6943242e-54  4.4884207e-54
   338 :  2.1195282e-13 -5.7455969e-13  1.7713506e-13
   339 : -1.0639398e-39  1.3631529e-39  8.0803573e-40
   340 : -6.5225941e-11  1.8586529e-10 -2.5770124e-11
   341 :  1.1914727e-51 -1.0001528e-51 -9.5589575e-53
   342 : -1.5886422e-44  1.0572656e-44  2.1561177e-44
   343 : -2.3193151e-23  1.2621212e-23  5.1909617e-24
   344 :  1.3479225e-09 -4.3451474e-09  1.1490402e-09
   345 : -1.8274469e-03  2.2612290e-04  5.6790203e-04
   346 : -1.6954201e-44 -5.0449241e-44  3.3219330e-44
   347 : -1.0510839e-10  5.7610123e-11 -2.0529731e-11
   348 :  2.2479526e-23 -3.5734059e-23  6.6549924e-24
   349 :  2.3241818e-25 -1.7287164e-25  1.2145540e-25
   350 : -4.2715373e-11  1.7162945e-10 -3.4990350e-10
   351 : -2.5625494e-35  3.3677607e-36  1.0921518e-35
   352 : -1.1887663e-09 -2.2891523e-11  1.2246543e-09
   353 :  1.3765215e-15 -1.7112461e-15  1.5332918e-16
   354 :  3.5290816e-01  2.6746819e-02  5.0273212e-01
   355 :  1.7966929e-01  3.6998706e-02 -3.3830957e-03
   356 :  1.9949819e-54  3.8762837e-54 -8.1218824e-54
   357 :  1.1597219e-09  1.1036720e-09 -3.4400410e-09
   358 : -9.2540948e-27  1.2022363e-26  6.9280386e-27
   359 :  3.6857503e-62 -1.1822671e-61  4.0684301e-62
   360 : -7.9081627e-12 -4.0072126e-12  1.7494858e-11
   361 :  1.4682426e-33  4.9998747e-33 -3.1713677e-33
   362 :  5.9063633e-24 -1.2294348e-23  1.9810692e-23
   363 : -1.0748889e-29 -3.0753362e-30  1.7025080e-29
   364 : -4.4751389e-31  3.2625167e-31  5.7628722e-32
   365 :  5.8158627e-25 -5.9605223e-25 -2.9187804e-25
   366 :  3.1757714e-48 -3.8984110e-47  3.2425079e-47
   367 :  1.3877199e-19 -8.5084390e-20  6.6917405e-20
   368 : -3.5368984e-12  2.7491735e-11 -1.6967666e-11
   369 :  1.2198192e-25 -3.4131352e-25  1.7779518e-25
   370 :  2.0957023e-31 -2.9739015e-31 -1.2560823e-31
   371 : -2.0025472e-49  7.0054834e-50  5.8798385e-50
   372 :  3.2678098e-24 -4.7147941e-24 -1.8828344e-24
   373 :  3.2187086e-16  3.3266508e-16 -1.0752143e-15
   374 : -4.9383087e-04  1.3477482e-04  4.2653004e-05
   375 : -9.5805160e-36 -1.4213473e-35  1.1629197e-35
   376 :  1.0631159e-54 -5.9022090e-54  3.7576792e-54
   377 : -1.1897572e-21  9.7322818e-22  9.4615583e-23
   378 :  1.1834073e-30 -2.6862296e-30  4.9672765e-31
   379 : -2.6996147e-58  7.6286078e-58 -2.2463242e-58
   380 : -5.3470395e-07  3.6203688e-07  5.1152465e-08
   381 :  4.1142226e-26 -2.3041108e-26 -8.8267821e-27
   382 :  1.0875845e-38  7.1177207e-38 -9.3518637e-38
   383 : -5.8979632e-09 -6.0893550e-09  5.2657969e-09
   384 : -5.3420090e-34  1.9276864e-33 -8.0895553e-34
   385 : -2.6961339e-14  5.1582626e-14  5.0381890e-15
   386 : -4.4412151e-07  1.5213360e-07  1.4193346e-07
   387 : -2.5428976e-40 -3.5147687e-40  8.6549466e-40
   388 : -2.3231768e-03  6.1415729e-04  9.0306744e-04
   389 : -1.4240580e-33  3.1711246e-33 -2.1699945e-34
   390 :  8.9577691e-13 -1.6361692e-12 -2.4396792e-13
   391 : -2.7158587e-28  4.4666167e-27 -2.0857139e-27
   392 :  3.2479305e-09 -2.6971018e-09  1.8941504e-09
   393 : -7.0355325e-09  5.6715877e-08 -3.8955930e-08
   394 :  2.1398537e-33 -2.1917444e-33 -2.1729187e-33
   395 :  1.1064191e-20  6.7292839e-21 -2.4820647e-20
   396 :  1.8021770e-58  3.9116456e-58 -9.6622192e-58
   397 :  1.7800788e-09 -1.0339055e-08  1.9912144e-09
   398 :  5.0948207e-17 -1.3710278e-16  4.0900041e-17
   399 : -2.8097419e-08  2.3838464e-07 -1.2201536e-07
   400 : -8.9307679e-18 -8.4663005e-18  2.6838344e-17
   401 :  2.9540821e-15 -4.3648240e-15 -2.0153683e-15
   402 :  2.7159664e-32 -1.5501853e-32  1.2135561e-33
   403 :  5.7902466e-31 -5.1649115e-30  3.9856587e-30
   404 :  2.5952810e-49 -4.3005715e-49 -2.4254381e-49
   405 :  7.5780361e-21  2.3790028e-20 -2.6645049e-20
   406 : -4.5689383e-11  1.6659730e-11  1.2552681e-11
   407 : -3.3291034e-08 -2.6047139e-10  3.9095517e-08
   408 : -2.6590349e-07 -4.7104012e-07  3.1884467e-07
   409 :  1.5345485e-18  1.4134750e-18 -1.4263172e-18
   410 :  1.6230480e-01  6.4321147e-01  1.7269343e-01
   411 : -4.9283729e-19  1.1816171e-18 -1.5843414e-19
   412 : -4.4948539e-15  2.9674554e-15  6.6901802e-15
   413 :  1.2840546e-53  3.1110503e-53 -6.2215071e-53
   414 :  1.7009107e-03  1.9736572e-03 -5.8390137e-03
   415 : -5.4047267e-18 -2.5701505e-18  1.3777178e-17
   416 :  2.5883130e-39 -1.4091152e-38  2.6048116e-38
   417 : -1.8909466e-11  1.7205581e-10 -3.6618896e-10
   418 :  3.3714994e-07  4.3914372e-07 -1.3680070e-06
   419 : -3.1282662e-49  6.1625441e-49 -1.4772187e-49
   420 : -4.7287455e-47 -4.1459704e-45  4.2442142e-45
   421 : -4.4534421e-42  2.1755061e-41 -1.2645552e-41
   422 : -1.1952557e-24  5.4319186e-25  3.5209879e-25
   423 : -1.6279837e-20  3.5933444e-20  3.3717660e-23
   424 :  2.5332970e-34 -8.4474624e-34  2.9137466e-34
   425 :  1.2830680e-42 -7.1493924e-42  2.8823799e-42
   426 : -2.8739485e-28  7.4329757e-31  1.4019742e-28
   427 :  4.4744310e-33  1.3886914e-34 -9.2407220e-33
   428 : -2.8195822e-32  5.3398032e-32  4.1911166e-33
   429 :  6.8854477e-16  2.9516927e-16 -4.4888973e-16
   430 :  2.2628503e-14 -2.5406621e-14 -2.4297003e-14
   431 :  1.9338663e-20 -4.0456250e-20  2.1524343e-22
   432 : -1.0420954e-24 -5.2966397e-24  1.1829408e-23
   433 :  1.3294374e-52  7.8871897e-53 -3.4594305e-52
   434 :  1.3989871e-05 -2.7051420e-06 -7.2051442e-06
   435 :  8.3514479e-19 -3.7972820e-19 -6.1531258e-20
   436 : -1.8298184e-35 -4.4258526e-35  9.9119345e-35
   437 :  2.5981600e-11 -2.8435692e-11  3.2535843e-11
   438 :  2.1883904e-12 -1.6969672e-12  1.6309094e-12
   439 :  2.3563545e-08 -1.2633524e-08  5.5002335e-09
   440 : -2.6045992e-42  6.8775074e-42 -1.4349784e-42
   441 : -2.6339103e-58 -1.4017158e-58  5.2267610e-58
   442 :  4.9981058e-11 -2.9230245e-11  2.6168714e-11
   443 : -7.9914043e-24  1.2752749e-23  3.5968475e-24
   444 : -1.2983198e-12  1.6982899e-13 -2.0555428e-13
   445 :  4.0548299e-28 -1.1843049e-28 -1.9431535e-28
   446 : -1.3859269e-03  4.3851390e-04  4.4998286e-04
   447 : -6.9413479e-29  2.4399231e-29  3.7261829e-29
   448 : -6.7899006e-18 -1.3175111e-17  8.8437570e-18
   449 :  5.5106053e-52 -2.0011841e-51  8.9527326e-52
   450 : -1.7903202e-55  2.6295282e-55  9.6889507e-56
   451 :  2.4145504e-04  2.4958250e-04 -1.4694625e-04
   452 :  2.2440485e-01  2.7197730e-01  1.5574885e-02
   453 :  5.0001657e-04  1.2262232e-05 -1.9774218e-04
   454 :  3.4203512e-02 -5.7547477e-02  1.8175163e-01
   455 :  1.2733895e-31 -9.0260844e-32 -1.2657818e-31
   456 :  1.6273349e-17 -5.1293575e-18 -5.6586486e-18
   457 :  6.9930533e-59  2.6722631e-58 -3.8132122e-58
   458 :  3.0633988e-28  1.2610034e-27 -2.0277535e-27
   459 :  3.4776451e-19  5.6009980e-20 -8.0456556e-19
   460 :  8.4252369e-17 -1.6461211e-16 -2.0739643e-17
   461 : -2.3174187e-30  9.9340449e-31  3.7236283e-30
   462 : -7.7455869e-25  2.6399817e-24 -1.0721846e-24
   463 : -2.7610054e-41 -2.3902848e-41  6.8626854e-41
   464 :  6.7625064e-12  2.3482152e-11 -1.3938755e-11
   465 :  4.7867649e-17 -1.7710234e-17 -1.1413786e-17
   466 : -2.7107505e-10 -4.3555485e-09  2.1326963e-09
   467 :  5.2018585e-44 -7.9778968e-45 -3.6119126e-44
   468 : -1.5735302e-38  1.3917683e-38  9.3634267e-40
   469 : -1.5374737e-57  1.1306652e-57  1.5796890e-57
   470 :  9.3788542e-56 -9.5248296e-56  3.6584500e-58
   471 : -1.5409918e-34  4.6409845e-35  6.5824480e-35
   472 :  1.0443280e-40 -1.8637883e-40 -2.6402221e-41
   473 : -1.1370391e-14  1.0204192e-13 -7.8357280e-14
   474 : -1.0243513e-47 -2.8650028e-48  2.3637285e-47
   475 :  3.7162861e-34 -6.1651895e-34  9.0491793e-34
   476 : -8.8660865e-33 -7.1480400e-34  4.6773895e-33
   477 :  4.1389280e-62 -2.7137865e-61  5.0925224e-61
   478 :  1.5424414e-18  1.9292676e-18 -5.3531534e-18
   479 : -1.8495686e-60  3.0879110e-60  6.1745808e-61
   480 : -1.3718725e-05 -1.6761856e-06  2.2069346e-05
   481 :  1.7618668e-32  1.0174869e-31 -3.4057116e-31
   482 : -9.7801131e-48  3.3190741e-47 -1.1655240e-47
   483 : -1.9286018e-07  1.9317045e-07  2.1015240e-07
   484 : -2.5800758e-19 -3.0900918e-19  2.6084912e-19
   485 : -6.1317085e-18  2.6798935e-18  9.8456185e-18
   486 :  2.4340032e-01  1.8109343e-01  2.1744484e-01
   487 :  6.2689543e-16  3.5229557e-17 -6.2664056e-16
   488 : -9.2907680e-06  3.5589679e-06  3.1082706e-06
   489 : -2.6399142e-50 -1.1104880e-50  6.4890731e-50
   490 : -1.0038558e-42 -9.1007510e-43  9.5174206e-43
   491 : -1.1341845e-44 -1.7129679e-44  1.4174062e-44
   492 : -1.4223549e-14  3.2458167e-14 -5.3439179e-14
   493 :  3.6054432e-09 -8.0698712e-09 -1.7938200e-09
   494 : -5.3094928e-08 -2.7765875e-08  1.3891872e-07
   495 : -1.1065701e-22  5.0731158e-22 -1.7758419e-22
   496 : -3.0784100e-39 -7.6555873e-39  1.3861506e-38
   497 :  4.0019859e-57  4.4487113e-56 -2.3976633e-56
   498 :  3.5540472e-53  1.7980783e-52 -4.0126934e-52
   499 :  9.5754035e-06 -1.7476853e-05 -1.3616605e-05
   500 : -6.3479859e-57  2.2480174e-57  1.0576456e-56
   501 :  1.5400584e-63 -4.5497204e-62  3.4714497e-62
   502 : -8.2645181e-13 -6.7166226e-12  5.1856010e-12
   503 : -1.2590756e-11  2.0296320e-11 -5.4043193e-12
   504 : -4.1625634e-19  1.6042611e-18 -6.7691579e-19
   505 :  1.4004429e-05 -4.1366008e-06 -3.6757811e-06
   506 : -7.4266597e-41  2.7137613e-40 -1.2146678e-40
   507 : -1.5547258e-38  4.4484216e-38 -4.4914916e-38
   508 :  1.0621142e-37 -1.5758192e-37  2.6243498e-38
   509 :  1.3261221e-15  1.0305952e-16 -1.5240294e-15
   510 : -3.7787075e-38  3.2302365e-38  6.5232940e-38
   511 :  2.4388891e-29 -7.7489128e-30 -1.1426154e-29
   512 : -1.4833843e-30 -4.5167831e-29  2.2833695e-29
   513 : -1.8079495e-22 -2.5117241e-22  6.1673436e-22
   514 :  6.9478943e-20 -3.6333507e-19  1.5415886e-19
   515 : -3.9665138e-09  1.5059099e-09  2.1505957e-09
   516 :  1.3476016e-39  3.3191322e-39 -2.3196433e-39
   517 : -1.5724108e-08  8.9800848e-09 -5.7254766e-09
   518 : -8.2831077e-20  2.7692605e-20  2.7366552e-20
   519 : -1.4011029e-29 -8.3200063e-30  3.6930003e-29
   520 : -6.1165645e-23  2.0327918e-22  1.0108494e-22
   521 :  2.6465574e-11 -2.5014554e-11  1.0229049e-11
   522 :  4.5693413e-01  2.2982625e-01  3.6437629e-01
   523 : -1.8711963e-07 -1.2441977e-07  1.4792306e-07
   524 : -1.7770903e-22 -9.7399690e-23  1.3262899e-22
   525 : -6.3049085e-19  6.0891615e-19 -6.8551249e-19
   526 :  1.5564532e-30  5.4744936e-30 -8.2828978e-30
   527 : -2.4385392e-47  8.5095462e-47 -6.7683570e-47
   528 :  5.6580302e-03 -6.8478695e-03 -4.7782991e-03
   529 :  4.4003971e-16 -6.1102622e-15  4.5977291e-15
   530 : -2.8988140e-08  1.8202396e-07  3.7857867e-09
   531 : -6.0729244e-14 -1.8944609e-14  3.5771675e-14
   532 : -2.4324289e-30  1.8284576e-29 -1.3283719e-29
   533 :  3.9275971e-63 -6.5537370e-63  9.2364501e-63
   534 : -2.2086198e-63 -4.8138380e-63  1.1315511e-62
   535 : -4.8600042e-46 -7.6900950e-46  1.6905384e-45
   536 : -1.8358708e-09  1.7394679e-09 -1.5906196e-09
   537 : -1.8046977e-12 -9.8987791e-13  1.2072065e-12
   538 :  1.9040783e-18 -9.1913945e-18  1.7688392e-17
   539 :  7.2062785e-47 -2.0380747e-46  4.4210333e-47
   540 :  1.4743287e-41  1.3031839e-41 -3.5448105e-41
   541 : -1.8551370e-39  5.6434141e-39 -2.8517009e-39
   542 : -3.4246746e-22 -2.0604908e-22  2.4963693e-22
   543 :  3.9146211e-49  3.2208942e-49 -3.5429629e-49
   544 :  5.6576593e-21 -1.0469651e-20 -1.4335880e-21
   545 :  5.3725986e-36  1.9862156e-36 -1.2883846e-35
   546 : -3.9134169e-06 -3.6315317e-06  2.7889253e-06
   547 : -9.6571175e-46  2.1712955e-45 -2.3645807e-46
   548 : -1.7010728e-09  1.1407162e-12  1.7778578e-09
   549 : -9.1222484e-39 -2.4289466e-38  5.9092723e-38
   550 :  3.7378842e-16 -9.6961441e-16  2.0395795e-16
   551 : -1.7135258e-09 -4.9925685e-09  1.2209096e-08
   552 : -2.2987165e-11  1.1781953e-10 -4.9621234e-11
   553 :  4.9875752e-13 -1.3337936e-13 -1.9857054e-13
   554 :  1.5736964e-37 -5.5170072e-37  1.9544511e-37
   555 : -2.9476305e-22  4.0152846e-22  2.2051929e-22
   556 :  6.3959460e-40  7.1794651e-40 -6.6785883e-40
   557 :  3.5209014e-02  1.2220614e-01  2.9895941e-01
   558 :  2.7450265e-14 -2.6679006e-14 -3.1365310e-14
   559 : -5.1396106e-10 -7.1557600e-10  1.1623268e-09
   560 : -4.1423672e-15  1.7832115e-15  1.1427713e-15
   561 :  7.0618937e-04 -1.3762013e-03  3.2511865e-04
   562 :  3.6827928e-31 -1.8537792e-31 -8.9283138e-32
   563 :  4.9740684e-55 -2.0458802e-55 -8.4024924e-56
   564 :  6.1164733e-08 -3.1417146e-08  1.8601234e-08
   565 : -2.6202756e-06  1.3176991e-06 -8.3860762e-07
   566 :  1.3364513e-42 -6.1426470e-42  6.6955099e-42
   567 :  2.1685716e-23 -9.5566440e-23  5.0567166e-23
   568 : -3.2103515e-09  2.4248035e-09  6.1099558e-09
   569 :  2.1816930e-09 -6.1378354e-09  1.2534979e-09
   570 :  1.4124722e-36 -2.3656626e-36 -5.3129401e-37
   571 : -9.8741405e-24  6.7905868e-24  1.5278654e-24
   572 :  1.4788421e-61 -3.9011355e-60  1.8712212e-60
   573 : -6.8284805e-17  3.5069951e-17  1.1085753e-16
   574 : -2.0845074e-16  1.1159654e-14 -2.3318205e-14
   575 : -4.9090108e-02  2.5623583e-02  1.9689562e-01
   576 : -3.8580297e-20 -4.0800194e-19  4.9993795e-19
   577 :  2.6323255e-01  1.3558833e-01  2.2364169e-01
   578 :  1.0490204e-65 -3.1188668e-65  8.8568573e-66
   579 : -4.1212680e-05 -1.9346184e-05  1.7925039e-05
   580 : -4.1018025e-03 -5.2934456e-03  1.4331584e-03
   581 :  9.2790149e-37  8.3711860e-37 -2.7525680e-36
   582 :  3.3591360e-60 -1.4514744e-59  5.5364534e-60
   583 :  1.4455874e-35 -5.4263050e-35  2.4522685e-35
   584 :  2.0629908e-50 -4.0655343e-50 -6.6930974e-52
   585 : -1.6669801e-09  1.5411290e-08 -6.0429447e-09
   586 : -9.2883270e-44  2.4593874e-43 -6.0058444e-44
   587 : -1.9631166e-31 -6.9356631e-34  3.9084838e-31
   588 :  8.6572244e-42 -1.0137496e-41  7.1672183e-43
   589 :  3.3416655e-10 -1.1810465e-10 -5.8996605e-10
   590 :  7.0638040e-11 -9.4241703e-11 -7.4823495e-11
   591 : -1.8221677e-55  2.8736732e-55  7.7651220e-56
   592 :  1.7887182e-38 -1.0158081e-37  1.8623397e-37
   593 :  2.3276732e-29 -4.7821203e-30 -1.3256725e-29
   594 :  3.0969909e-33  9.1706877e-34 -1.9710338e-33
   595 :  6.9345618e-17 -1.6634134e-17 -3.3005627e-17
   596 : -1.8811228e-19  5.0426122e-19 -1.3881974e-19
   597 : -1.0701116e-25 -7.1808568e-26  2.0447849e-25
   598 : -5.0586112e-31 -3.4797286e-30  1.9791481e-30
   599 :  4.8735863e-04 -1.6113975e-04 -1.3110892e-04
   600 : -1.2472927e-20  7.5734547e-21  1.8162328e-20
   601 :  2.8348051e-04 -1.2298703e-04  5.8504792e-05
   602 : -1.3090751e-44 -1.1680701e-43  6.3976145e-44
   603 : -1.3392032e-49 -2.6016914e-49  5.6229748e-49
   604 :  4.8226698e-36 -3.0066132e-36  1.2076102e-36
   605 : -1.2737951e-27  2.3618822e-27  2.4535164e-28
   606 :  2.1317953e-01  2.9965972e-01  2.5144709e-01
   607 :  1.1852460e-20 -1.1061335e-20 -1.3502603e-20
   608 :  5.9796729e-40  4.2034745e-39 -2.3517477e-39
   609 :  7.5996346e-35  1.6093276e-34 -1.5842928e-34
   610 : -1.4705109e-48 -4.1599569e-48  9.8228814e-48
   611 :  9.9196640e-05 -2.0021561e-05 -2.9405383e-05
   612 :  2.1821529e-21 -1.9381288e-20  1.5324751e-20
   613 :  1.9641195e-27  9.7955366e-28 -4.9699610e-27
   614 : -1.2509331e-10  1.7246990e-10  8.4742349e-11
   615 :  7.6402710e-25 -1.5744072e-24  2.8613596e-26
   616 :  2.0109056e-51 -2.6397528e-51 -1.3955938e-51
   617 : -5.6880296e-28  1.7608378e-27 -5.7029388e-28
   618 : -1.2931271e-32  5.7047103e-33  3.5756194e-33
   619 :  1.5610541e-40 -3.1853844e-40  5.9277277e-42
   620 : -2.0990218e-28  2.5920001e-28 -3.2194751e-28
   621 : -1.5623531e-21 -2.5600452e-21  5.7413022e-21
   622 :  1.0020211e-06  1.5816433e-06 -4.1403633e-06
   623 :  3.8850519e-13  7.2127103e-14 -4.6571196e-13
   624 :  2.4151239e-24 -2.5581992e-24  1.6496471e-25
   625 : -1.2715855e-24  6.4571030e-25  3.0974047e-25
   626 : -2.1613237e-66  8.3825787e-66 -3.1251001e-66
   627 :  4.5243656e-43 -1.1436554e-42  2.3792675e-43
   628 :  1.1167893e-32 -2.3331768e-32  6.0391402e-33
   629 : -3.1997510e-13  1.0083331e-12 -3.1498414e-13
   630 :  6.5528854e-09 -7.1345001e-11 -9.0364059e-09
   631 :  5.7704341e-29 -2.8416787e-28  9.8299035e-29
   632 : -3.0908122e-49  6.8205327e-49 -6.1959944e-50
   633 :  1.1063743e-13 -9.7985519e-14  6.6505865e-15
   634 : -1.3457087e-18 -1.2690080e-18  4.2749840e-18
   635 : -6.2337975e-12  1.0796018e-12  1.6460636e-12
   636 :  1.9912644e-10  1.7521882e-10 -1.5434627e-10
   637 :  6.0915856e-08 -3.4766323e-08  2.0644445e-08
   638 :  4.8226325e-06 -5.4791297e-06 -6.4942062e-06
   639 :  2.6553262e-10  2.2369029e-10 -2.1290845e-10
   640 :  2.4175371e-02 -3.9647421e-02  1.6384878e-01
   641 : -2.7204785e-40  8.2511229e-40 -2.7854664e-40
   642 :  6.5589498e-15 -3.9652514e-15 -9.4580839e-15
   643 :  6.9841208e-13 -6.4429667e-12  1.3755857e-11
   644 : -2.3593608e-12 -1.2430316e-12  4.3597098e-12
   645 :  1.1485592e-21  8.7140538e-20 -7.0228249e-20
   646 :  2.2897730e-22  6.1061489e-22 -1.1612785e-21
   647 : -2.4144517e-04  6.5087469e-05  4.4318766e-04
   648 :  1.9785173e-22  1.3295692e-22 -2.0364196e-22
   649 : -1.5707093e-10  7.1175005e-10  1.0671358e-10
   650 :  1.9566949e-24  2.6363488e-23 -5.5591280e-23
   651 :  5.7260637e-07  6.0310246e-06 -8.0186487e-06
   652 :  4.8832262e-21  7.5028863e-21 -5.6557430e-21
   653 : -6.5803860e-07 -1.0506675e-07  1.5998233e-06
   654 :  1.4422294e-34  2.9049414e-37 -1.3275409e-34
   655 :  1.0940616e-22  2.4309344e-23 -1.6676387e-22
   656 :  9.9741052e-05  2.9903124e-05 -5.2801042e-05
   657 :  8.2623546e-10 -1.5515257e-09 -5.9657575e-11
   658 :  2.0199221e-21  1.9826053e-21 -6.2510907e-21
   659 :  2.1348409e-16 -1.0510803e-16 -5.0720041e-17
   660 :  7.8180615e-07  1.0987588e-07 -1.3962888e-06
   661 :  4.1692353e-05 -6.0472185e-03 -5.3592372e-03
   662 :  1.0163433e-34  1.9802928e-36 -1.3365152e-34
   663 :  2.7416197e-10 -2.7082642e-09  6.3468384e-09
   664 :  1.9957956e-07 -5.5662058e-07  1.3618566e-06
   665 : -5.6652708e-07  2.5838291e-07  8.9850211e-09
   666 :  3.6378931e-53 -2.9106883e-53 -4.4868343e-53
   667 :  2.9394579e-37 -7.6245420e-37  1.3384632e-36
   668 : -3.0720979e-12 -1.2549020e-11  2.1292278e-11
   669 :  2.2810111e-63 -4.1999922e-63 -1.0822469e-64
   670 :  3.1933335e-09 -1.4895451e-10 -1.3841329e-09
   671 : -1.8120280e-02  3.8577064e-03 -6.1479464e-03
   672 :  3.4346808e-08  1.3632742e-09 -3.1588021e-08
   673 : -8.4762056e-31 -1.6108899e-31  1.7028382e-30
   674 :  6.6389341e-25 -8.0122971e-25 -5.4847462e-25
   675 :  9.9827310e-28 -5.9186414e-28  2.0876861e-28
   676 : -3.8134079e-19  9.7089764e-19 -1.6927443e-19
   677 : -5.4646469e-20  5.0417921e-20 -5.1253468e-20
   678 :  5.9837259e-10  4.0333901e-10 -1.9645188e-09
   679 :  3.9462371e-17 -1.0748430e-16  2.3121721e-17
   680 :  2.2354713e-15 -5.0068722e-16 -4.3218277e-15
   681 : -2.9000183e-37  3.6217369e-37 -4.5380299e-37
   682 : -2.5826602e-38  8.2589161e-39  3.1984193e-39
   683 :  1.6299624e-34 -2.7640558e-35 -3.0846724e-34
   684 :  5.4232099e-45 -4.2318065e-44  1.8257287e-44
   685 : -7.4810313e-18  1.7050045e-17 -8.4487995e-19
   686 : -4.1932395e-26  1.3610161e-26  1.3385930e-26
   687 : -1.5832046e-43  8.0536470e-44 -6.4493029e-45
   688 : -5.2549340e-28  7.9843652e-28  2.6902463e-28
   689 : -2.4548305e-06 -2.2742352e-05  8.8147673e-06
   690 : -3.8719894e-19 -5.0430232e-19  4.1384993e-19
   691 :  9.3312094e-19 -7.2695171e-19  7.5828460e-19
   692 : -5.1173864e-21  2.5252122e-20 -3.1232899e-20
   693 : -1.9535784e-64  2.8798207e-64  1.0653649e-64
   694 :  1.1397226e-42 -1.0812503e-42 -1.2373957e-42
   695 :  8.8030705e-07 -2.7584139e-06  1.0129369e-06
   696 : -7.4441700e-12 -8.9592666e-12  2.5611059e-11
   697 :  3.8589299e-22  7.8606194e-21 -8.9900164e-21
   698 :  2.1664911e-06 -1.9074541e-06  1.9320226e-07
   699 :  3.2754881e-32 -2.4548637e-31  4.2328628e-31
   700 :  4.7275395e-53  9.7639205e-53 -2.4316478e-52
   701 : -3.2477312e-50  1.4734044e-49 -5.7333210e-50
   702 :  5.3122822e-37 -1.1765575e-36  1.0229817e-37
   703 :  3.6428699e-02 -1.2292296e-02  1.1501176e-01
   704 :  5.0348560e-23 -1.9769625e-22  3.5846294e-22
   705 :  4.2121950e-42  2.5596748e-40 -1.2693659e-40
   706 :  1.4074667e-03 -5.6888043e-04  1.0996783e-03
   707 :  5.8892356e-12  1.0674998e-11 -7.7357942e-12
   708 : -4.0005608e-14 -8.0901956e-15  2.1366680e-14
   709 : -1.8780646e-26  3.9544679e-26 -6.2108144e-26
   710 : -2.8072705e-30 -5.3400662e-31  4.0994748e-30
   711 :  4.9615192e-24 -2.6484350e-24  7.6057947e-25
   712 : -1.2747835e-11  9.0460372e-12  6.6438840e-13
   713 :  3.9614798e-23  7.2844294e-22 -1.2365621e-21
   714 :  2.5810652e-01  5.6453768e-02  2.9244804e-01
   715 :  8.6806850e-19 -3.6609869e-19 -9.4440017e-20
   716 :  1.2140873e-44  2.0896492e-44 -5.4262153e-44
   717 : -3.3819426e-15  1.3404663e-13 -1.2828449e-13
   718 :  5.7612363e-23 -7.9282143e-23  1.0542654e-22
   719 :  1.3593280e-12  1.8030772e-12 -1.4158623e-12
   720 :  3.0427599e-03 -1.6263442e-02 -4.4891736e-03
   721 :  1.9452884e-07 -8.6486796e-09  1.4134270e-07
   722 : -6.0299224e-40 -4.6499835e-41  3.1095917e-40
   723 :  8.3112841e-39  1.6311491e-40 -9.8349122e-39
   724 :  1.0264719e-38 -6.0873154e-38  2.7172252e-38
   725 :  3.8639534e-10  6.4327341e-11 -9.7750003e-10
   726 : -5.3135466e-28  1.1401875e-28  2.0394493e-28
   727 : -2.2667838e-10  4.2189663e-10 -8.1361217e-10
   728 : -1.0937335e-13  1.2998027e-13  1.3099236e-13
   729 : -2.8826019e-18  4.6405390e-18  1.5565446e-18
   730 : -2.7140931e-21  2.9516557e-21 -3.7342502e-21
   731 : -1.7585227e-37  1.0333923e-37  3.5860415e-38
   732 :  4.6140021e-35 -3.2167763e-35  1.9741691e-35
   733 : -5.1833018e-21  6.2512165e-21 -5.0025142e-22
   734 :  2.4914311e-05 -3.3683229e-05 -1.5742942e-05
   735 :  3.2549758e-23 -6.9671022e-21  3.2650438e-21
   736 :  1.0576057e-04 -3.0128497e-05 -2.3282670e-05
   737 :  5.8188228e-28  7.0582356e-28 -2.0544314e-27
   738 :  8.9962529e-11 -6.4705818e-11  6.9675382e-11
   739 : -8.9765588e-04  1.8983007e-02 -1.8890969e-02
   740 : -5.7365028e-19  1.7565586e-18 -5.4652269e-19
   741 :  1.9197093e-08  1.3739096e-07 -1.0035179e-07
   742 :  1.3611373e-22  2.5245350e-22 -5.3585816e-22
   743 :  8.3479109e-20 -1.3517986e-19  2.3108866e-19
   744 :  5.1741482e-01  5.8755004e-01 -1.1818759e-02
   745 : -4.1093702e-40  2.7444671e-40  5.7898566e-40
   746 :  1.1119832e-33 -7.7376486e-33  5.3727229e-33
   747 : -9.4986143e-27  1.1190374e-25 -2.2699814e-25
   748 : -3.0480370e-20 -5.1146082e-20  1.4347905e-19
   749 : -6.4418145e-13  1.5579813e-12 -9.5827658e-14
   750 :  4.6670021e-42 -7.1626001e-42 -2.2639789e-42
   751 :  4.3878836e-01  3.9169418e-01  4.1043651e-01
   752 :  7.3798780e-21 -8.2923202e-21 -7.2520709e-21
   753 : -1.2953661e-13  4.0449955e-13 -1.1661835e-13
   754 :  9.0140355e-35  1.3149241e-35 -1.9485490e-34
   755 :  3.5401642e-01  7.5098785e-02  5.9583883e-01
   756 :  4.5484150e-26  1.3672885e-26 -1.0725955e-25
   757 : -2.6181736e-61  5.5781370e-62  1.0181418e-61
   758 :  7.8562567e-05 -6.3747780e-05 -1.4096750e-05
   759 : -1.7613628e-20  1.1320067e-20 -6.5188150e-21
   760 : -3.3583512e-30  5.0181812e-30  1.8439631e-30
   761 :  3.9139810e-19 -6.7150608e-19 -1.7069644e-19
   762 :  1.0115203e-05  4.7935963e-06 -6.3641402e-06
   763 :  4.7257612e-47 -1.0407677e-46  2.8367501e-47
   764 :  1.4759288e-48  2.6457368e-47 -1.3941822e-47
   765 :  2.7944671e-01  5.2058640e-01  3.9315002e-01
   766 : -4.8976612e-24  1.1879828e-23 -1.9898048e-24
   767 :  4.7553948e-06  4.1994729e-07 -1.1777831e-05
   768 : -5.9816566e-42  9.1616877e-42 -1.2669822e-41
   769 :  3.3456114e-01  1.7461961e-01  1.5276211e-01
   770 : -1.8480296e-18  2.0737647e-18 -3.3214776e-18
   771 : -1.4371947e-11  3.8043350e-11 -5.5613223e-12
   772 :  2.1717141e-08 -1.7306718e-08  2.0723427e-08
   773 : -1.2487120e-22  2.7902270e-22 -2.4324412e-23
   774 :  8.5779502e-01  2.9962359e-01  3.3408369e-01
   775 : -5.7736388e-05 -1.1652603e-04  3.9383842e-04
   776 :  3.0024611e-21  9.6002582e-21 -1.4684763e-20
   777 :  9.3163799e-20 -1.0204154e-19 -1.1409635e-19
   778 : -1.6178166e-19 -1.1819632e-19  1.2099421e-19
   779 : -6.0290787e-36 -2.1855752e-36  4.0843896e-36
   780 : -3.1824225e-07  5.2442403e-07  1.2034564e-07
   781 : -5.7025976e-41 -2.2570752e-40  5.1844138e-40
   782 :  8.5122138e-61  2.0151226e-60 -4.8971420e-60
   783 : -3.1712464e-20 -1.3244090e-19  2.3570206e-19
   784 : -3.1953278e-22 -1.2463240e-22  2.1816605e-22
   785 : -2.4248893e-41  4.2075315e-41  6.9141533e-42
   786 :  5.6494091e-01  1.1911726e-01  9.2185914e-01
   787 :  2.4278119e-02  2.5748615e-01  4.6244623e-01
   788 : -2.8583271e-40  4.2607206e-40 -5.9605832e-40
   789 :  1.2457924e-38 -1.8041065e-39 -9.5533074e-39
   790 : -6.2814110e-16  1.7658056e-15 -3.1416501e-16
   791 :  1.6939618e-13 -2.4856921e-13  4.1683762e-14
   792 :  1.0647728e-08 -4.9617369e-09 -1.4685743e-09
   793 :  2.9135330e-09 -3.6757101e-10 -1.9978676e-09
   794 : -3.7687902e-18  8.7387840e-18 -4.5568489e-19
   795 :  3.4139996e-09  7.4877850e-08 -3.4246377e-08
   796 : -9.6687826e-11  1.6138445e-10 -2.8773575e-10
   797 :  6.3995211e-42  1.1147883e-41 -8.6282155e-42
   798 : -7.4143392e-15 -1.4385078e-14  1.0285036e-14
   799 :  1.0891172e-24 -9.1807441e-24  6.6570545e-24
   800 :  2.0155199e-01  2.7323998e-01  1.3730120e-01
   801 :  9.5283832e-40  5.1425897e-41 -2.0601549e-39
   802 :  8.4598874e-21 -1.5632983e-20 -2.4162404e-21
   803 :  2.3884564e-30  3.4693877e-30 -2.8499662e-30
   804 :  2.6440963e-01  3.0347636e-01  7.8586989e-02
   805 :  2.3377672e-20 -7.1453057e-20  2.0113269e-20
   806 :  1.3597313e-37 -7.6376681e-38  2.3715201e-38
   807 :  8.7408422e-42 -1.9841130e-41  5.4183787e-42
   808 :  5.0254656e-01  2.4313435e-02  2.2614093e-01
   809 : -4.3344641e-29  4.9904287e-29  3.9193321e-29
   810 :  7.9328056e-41 -4.8683644e-41  1.9189971e-41
   811 :  1.5184868e-61  2.9173413e-62 -2.4072741e-61
   812 : -6.8450455e-25 -1.2199469e-24  3.2262575e-24
   813 :  3.1226346e-21 -1.1370257e-20  5.1117870e-21
   814 : -1.0409216e-55  2.6124388e-57  9.8861305e-56
   815 :  9.6203665e-62 -2.2984915e-61  2.4076539e-62
   816 :  2.4128864e-53 -5.5486603e-54 -9.2751228e-54
   817 : -3.4935414e-55 -3.5684777e-55  1.0564656e-54
   818 : -3.9054099e-59  2.0950516e-58 -1.3080086e-58
   819 : -1.0443958e-20  1.5451522e-20 -2.0564357e-20
   820 :  1.3289317e-57 -3.6186656e-57  7.2984971e-58
   821 : -1.1638605e-09 -6.0144150e-09  3.5069355e-09
   822 : -2.7005545e-16  7.3028812e-16 -1.8541049e-16
   823 : -1.2458801e-31  3.4681535e-31 -9.6162162e-32
   824 :  1.2231318e-32 -1.1777070e-32 -1.3071876e-32
   825 : -1.6085128e-46 -5.2277883e-47  3.7480500e-46
   826 : -4.2644823e-12 -5.9041643e-11  1.0013463e-11
   827 :  2.9869859e-35  1.9443072e-35 -2.4601043e-35
   828 :  5.5645403e-27 -7.8864599e-27 -6.2872421e-28
   829 :  1.4880583e-15  3.4671020e-15 -2.4126696e-15
   830 :  1.3846276e-03 -2.8038649e-04 -2.9138795e-04
   831 :  1.1048534e-03 -8.6916204e-05 -4.6112777e-04
   832 : -1.9516913e-21  8.9830494e-22  3.1160421e-21
   833 :  1.8156807e-04  1.9034030e-03 -7.6945367e-04
   834 : -6.0576312e-53  5.0063848e-53 -3.9835675e-53
   835 :  2.2043945e-59 -8.0993613e-59  1.4077127e-58
   836 : -1.5596579e-18  3.1307297e-18 -7.6742480e-19
   837 : -7.4393074e-37 -1.0424425e-36  2.8822136e-36
   838 : -1.0816425e-14  1.1677312e-15  1.1682193e-14
   839 : -1.6236188e-29  2.6409812e-29  6.3806320e-30
   840 :  3.4744050e-35  7.3368075e-35 -1.8274300e-34
   841 :  6.0572607e-33  7.4586514e-33 -2.0972901e-32
   842 :  5.6700433e-26  3.4007300e-26 -4.6287816e-26
   843 :  4.3333902e-34  2.0128826e-34 -1.0751569e-33
   844 : -1.2822299e-23 -1.6452090e-22  3.4480288e-22
   845 : -4.3327187e-45  2.5302425e-44 -4.5932510e-44
   846 :  6.8209106e-20 -8.4115236e-19  3.6369601e-19
   847 : -2.7384078e-25  6.4089860e-25 -1.0151622e-24
   848 :  1.8529371e-65 -1.2143841e-64  5.1468182e-65
   849 :  1.6274181e-31 -7.4098259e-31 -6.0976620e-32
   850 :  9.3971756e-28  2.8832899e-27 -6.7918589e-27
   851 : -8.4813529e-32 -2.1535870e-29  2.1711664e-29
   852 : -1.9343262e-49  8.7157572e-49 -3.4480512e-49
   853 :  7.1685474e-12 -6.5159445e-12  3.7961922e-12
   854 :  1.4736538e-65  7.3946869e-65 -1.6414277e-64
   855 : -2.9592889e-10  5.3989468e-11  1.6209876e-10
   856 : -1.6712674e-13  1.4062992e-13 -1.4291277e-13
   857 : -2.0235047e-09  1.5880843e-09 -1.6590703e-09
   858 : -9.4035162e-17  4.3565285e-16 -1.5401726e-16
   859 :  5.3725859e-49  1.2035059e-48 -2.2949066e-48
   860 : -3.4063082e-18  1.8228242e-17 -6.8961865e-18
   861 :  1.4051303e-17 -1.3279543e-17  1.3781271e-17
   862 :  4.9572573e-19  1.2962962e-19 -9.8078146e-19
   863 :  7.0085640e-14 -1.4138947e-13 -3.2008448e-14
   864 : -2.2616801e-13 -2.4911337e-12  6.7304067e-12
   865 :  1.6912704e-08  3.3064204e-08 -8.6336297e-08
   866 : -5.2717864e-03 -6.5045647e-03  4.4501270e-03
   867 : -8.1502878e-08  9.5802968e-07  4.9874906e-07
   868 : -8.4179362e-22 -8.9725734e-21  1.0742412e-20
   869 : -1.0206826e-21 -3.3777147e-22  6.6086598e-22
   870 : -4.7209391e-25 -8.2087881e-24  4.2170127e-24
   871 :  2.6444383e-11  2.1596215e-11 -7.7084969e-11
   872 : -4.6243211e-11  1.8815622e-11  1.1185682e-11
   873 : -3.6786040e-04 -7.4006102e-03  5.5086053e-04
   874 :  7.9753489e-03 -1.4969872e-03 -5.6214457e-03
   875 : -5.3549014e-31  1.9930019e-31  4.2074530e-32
   876 :  4.0596918e-30  1.4480366e-29 -2.2687013e-29
   877 :  1.0428490e-56 -1.3790344e-56  1.7167952e-56
   878 :  2.7658115e-53 -6.6971264e-53  1.5991681e-53
   879 :  7.4454664e-36 -6.7576044e-36  6.1136321e-36
   880 :  1.1968515e-33 -4.0945501e-33  1.4395587e-33
   881 : -2.5259009e-55  8.5278397e-56  8.1875750e-56
   882 :  7.5034558e-53 -2.9566170e-53 -1.2068337e-52
   883 : -3.9906011e-35  2.4283706e-35 -8.9488774e-36
   884 : -1.0042542e-33  5.4531891e-33 -2.1939011e-33
   885 :  3.8965804e-16 -8.0293382e-16 -1.5624287e-17
   886 :  2.2740190e-18 -9.2332483e-18  1.8215432e-17
   887 : -2.4561033e-17  2.9644760e-17  5.7995196e-17
   888 : -8.3219490e-17 -7.1353970e-16  3.4930851e-16
   889 : -1.2279010e-05  4.8778888e-05 -1.1975959e-05
   890 : -4.9699535e-06  2.3658401e-06 -3.2841048e-06
   891 :  1.3989164e-32  2.6675321e-32 -6.7429855e-32
   892 : -2.1700182e-29  3.5966408e-29  7.7223852e-30
   893 :  3.1975998e-19 -8.1536141e-20 -1.5647320e-19
   894 : -1.0840466e-17  9.5770658e-18  1.2694204e-17
   895 : -1.2698570e-05 -3.2302014e-05  1.2710905e-05
   896 :  6.2983084e-06 -1.6465485e-06 -2.7732194e-06
   897 :  2.3518387e-34  1.2238239e-34 -4.8031509e-34
   898 : -3.8610574e-32  5.2596454e-32  2.6527568e-32
   899 : -5.8118593e-07  5.9885248e-07  9.5113617e-07
   900 :  4.1626128e-07 -8.9908351e-08 -1.6507627e-07
   901 :  2.1013101e-21  1.3542885e-21 -4.8819497e-21
   902 : -3.7546014e-19  5.3939294e-19  1.8188900e-19
   903 :  6.3141052e-12  7.8824193e-12 -7.0573580e-12
   904 : -4.9976414e-13  1.4333709e-14  6.6072952e-13
   905 : -2.8239288e-12  5.8700352e-12 -1.1537576e-12
   906 : -1.9458705e-07  3.1590372e-07  1.6554950e-07
   907 :  1.3572589e-08  3.9164504e-09 -2.2180168e-08
   908 :  3.4828876e-13 -1.4703376e-13 -4.5209826e-14
   909 : -2.6988709e-12 -1.5400949e-11  8.9105738e-12
   910 :  1.0775051e-13 -2.7629411e-13 -1.2794424e-13
   911 : -1.1351615e-14  2.2541546e-15  6.9791112e-15
