Number of elements 912
     0 :  0.0000000e+00  0.0000000e+00  0.0000000e+00
     1 : -8.3951082e-34  1.9060862e-33 -2.2637336e-34
     2 :  9.9617352e-01  9.9267665e-01  9.8808250e-01
     3 :  3.9482662e-40  4.4096360e-40 -1.2312099e-39
     4 :  8.1552103e-03 -9.1909308e-04 -5.0323303e-03
     5 : -3.9040038e-06 -1.0842224e-05  2.6842797e-05
     6 :  0.0000000e+00  0.0000000e+00  0.0000000e+00
     7 : -1.4651990e-30 -3.2582895e-30  2.4408685e-30
     8 :  2.7761993e-26 -1.5492452e-26 -6.1103225e-27
     9 :  0.0000000e+00  0.0000000e+00  0.0000000e+00
    10 :  8.3786346e-28 -3.6076155e-28 -1.3193595e-27
    11 :  0.0000000e+00  0.0000000e+00  0.0000000e+00
    12 :  2.0843689e-04 -1.8364007e-04 -2.6481657e-04
    13 :  6.3207741e-21 -1.4108837e-21 -3.4500663e-21
    14 :  2.0245822e-45 -3.0907760e-45  3.5597414e-46
    15 : -1.4105266e-26  2.2535713e-26  5.9052133e-27
    16 :  0.0000000e+00  0.0000000e+00  0.0000000e+00
    17 :  0.0000000e+00  0.0000000e+00  0.0000000e+00
    18 :  3.8469790e-27 -1.5755578e-26  5.9150221e-27
    19 :  0.0000000e+00  0.0000000e+00  0.0000000e+00
    20 :  0.0000000e+00  0.0000000e+00  0.0000000e+00
    21 :  5.7729608e-24  1.7655592e-22 -1.8747053e-22
    22 : -4.7098597e-20 -3.1688864e-20  3.9094837e-20
    23 :  0.0000000e+00  0.0000000e+00  0.0000000e+00
    24 :  7.6418288e-31 -5.5446808e-31 -9.8177133e-31
    25 :  0.0000000e+00  0.0000000e+00  0.0000000e+00
    26 :  1.4190993e-30  8.4742623e-30 -4.9288592e-30
    27 : -3.6817427e-22  6.7629223e-22  6.8751317e-23
    28 : -9.2794017e-21  3.0648751e-20 -1.0694523e-20
    29 :  6.6601151e-37 -2.6884157e-35  2.5565333e-35
    30 : -1.1081881e-28  4.9978183e-28 -2.7804887e-28
    31 :  5.0046443e-42 -4.2378154e-42 -5.7754344e-42
    32 :  0.0000000e+00  0.0000000e+00  0.0000000e+00
    33 :  6.2078999e-16 -3.8798729e-16 -8.8505434e-16
    34 :  0.0000000e+00  0.0000000e+00  0.0000000e+00
    35 : -5.0675808e-42  1.7857291e-42  7.4516291e-42
    36 :  9.1199243e-01  9.7750105e-01  7.6439659e-03
    37 :  5.7029219e-14  5.9780705e-14 -5.7269235e-14
    38 :  5.1852267e-24 -1.4415437e-23  2.6969644e-24
    39 :  4.9883519e-33  8.5514469e-34 -1.0861669e-32
    40 :  3.5898177e-41 -7.6204877e-41  1.4286547e-41
    41 : -5.8163475e-21  1.1349216e-20  3.1694972e-22
    42 :  0.0000000e+00  0.0000000e+00  0.0000000e+00
    43 :  0.0000000e+00  0.0000000e+00  0.0000000e+00
    44 : -1.1549120e-15 -1.5168841e-15  3.3280202e-15
    45 :  4.1320265e-45  6.3492453e-45 -1.6837418e-44
    46 :  1.7147173e-48 -7.1028892e-49 -2.9367513e-49
    47 :  0.0000000e+00  0.0000000e+00  0.0000000e+00
    48 :  0.0000000e+00  0.0000000e+00  0.0000000e+00
    49 :  9.3293842e-24 -1.2197895e-23 -6.5304421e-24
    50 :  1.7565014e-16 -9.4928462e-16  3.8607316e-16
    51 : -1.6271237e-06  7.9277504e-07 -2.0581170e-08
    52 : -2.5589627e-28 -3.3129427e-28  1.9914723e-28
    53 :  0.0000000e+00  0.0000000e+00  0.0000000e+00
    54 : -1.2684838e-18 -1.6370868e-18  4.5728800e-18
    55 : -6.2203555e-21 -6.4216126e-20  1.0098417e-19
    56 :  3.3029328e-05  2.8901533e-05 -2.7317815e-05
    57 : -7.1973150e-25 -1.1767379e-24  2.9707524e-24
    58 :  6.7667462e-12 -8.4825417e-12 -5.1971681e-12
    59 :  3.1744550e-30 -4.2819133e-29  1.9730795e-29
    60 :  2.9342506e-18 -9.3664395e-19 -4.9476113e-18
    61 : -2.5187537e-09  2.0390494e-09 -1.6834392e-09
    62 :  8.7312114e-31  3.0307596e-31 -5.8674865e-31
    63 :  2.1628585e-15  1.4440220e-15 -1.7763549e-15
    64 : -5.2907013e-31  4.9150330e-31  5.6752810e-31
    65 : -2.8537907e-36  2.6782205e-36 -1.5918895e-37
    66 : -9.0382630e-42  2.0420932e-41 -2.3178578e-42
    67 :  0.0000000e+00  0.0000000e+00  0.0000000e+00
    68 :  0.0000000e+00  0.0000000e+00  0.0000000e+00
    69 :  0.0000000e+00  0.0000000e+00  0.0000000e+00
    70 :  1.0154622e-49 -3.7092896e-47  3.6892749e-47
    71 :  1.9969729e-17  1.2034126e-17 -5.2671766e-17
    72 :  0.0000000e+00  0.0000000e+00  0.0000000e+00
    73 : -7.5040910e-14  6.3933777e-14  8.8182787e-14
    74 :  0.0000000e+00  0.0000000e+00  0.0000000e+00
    75 :  0.0000000e+00  0.0000000e+00  0.0000000e+00
    76 :  0.0000000e+00  0.0000000e+00  0.0000000e+00
    77 :  0.0000000e+00  0.0000000e+00  0.0000000e+00
    78 :  0.0000000e+00  0.0000000e+00  0.0000000e+00
    79 :  0.0000000e+00  0.0000000e+00  0.0000000e+00
    80 :  0.0000000e+00  0.0000000e+00  0.0000000e+00
    81 :  0.0000000e+00  0.0000000e+00  0.0000000e+00
    82 :  4.9335275e-03  9.7999944e-01  2.4568342e-02
    83 :  0.0000000e+00  0.0000000e+00  0.0000000e+00
    84 :  0.0000000e+00  0.0000000e+00  0.0000000e+00
    85 : -6.4082081e-05 -8.3093981e-05  6.9695372e-05
    86 :  0.0000000e+00  0.0000000e+00  0.0000000e+00
    87 :  0.0000000e+00  0.0000000e+00  0.0000000e+00
    88 :  1.4745528e-42  1.1770491e-42 -1.3255505e-42
    89 : -2.8364686e-12  4.3274693e-12  1.9302228e-12
    90 :  0.0000000e+00  0.0000000e+00  0.0000000e+00
    91 : -1.1899274e-03  6.8705081e-04 -4.5048703e-04
    92 :  3.3975868e-49 -2.3276927e-49 -2.1444657e-50
    93 :  0.0000000e+00  0.0000000e+00  0.0000000e+00
    94 : -1.1687851e-52  1.8484179e-53  8.1075527e-53
    95 :  0.0000000e+00  0.0000000e+00  0.0000000e+00
    96 : -1.3181426e-40  3.7574575e-40 -6.1909362e-40
    97 : -1.8376822e-43  1.8858377e-43  1.7910010e-43
    98 :  4.6071094e-02  9.4838046e-01  1.3550154e-02
    99 :  0.0000000e+00  0.0000000e+00  0.0000000e+00
   100 :  0.0000000e+00  0.0000000e+00  0.0000000e+00
   101 :  2.1042665e-38 -8.1688838e-39 -6.4306848e-39
   102 : -5.0923310e-25 -3.6789617e-24  2.0900372e-24
   103 :  0.0000000e+00  0.0000000e+00  0.0000000e+00
   104 : -4.6561446e-48  9.9298888e-49  1.8310674e-48
   105 : -6.5245525e-27  1.0776464e-27  4.3660640e-27
   106 :  2.8602664e-32 -4.7782604e-32 -9.8485840e-33
   107 : -4.4607721e-35 -2.5414595e-35 -6.8476048e-35
   108 :  7.6819110e-34  4.0552192e-34 -1.5787564e-33
   109 :  2.6837713e-24  2.8269708e-24 -8.3847947e-24
   110 : -8.1785114e-16  1.7516792e-15 -3.9324269e-16
   111 : -6.4007434e-31  2.2237965e-31  2.0702984e-31
   112 :  0.0000000e+00  0.0000000e+00  0.0000000e+00
   113 : -5.8601061e-08  2.1438228e-08  1.7612766e-08
   114 :  4.7577482e-46  3.9255500e-46 -1.3441984e-45
   115 :  4.8997265e-26  1.3584478e-25 -9.2105172e-26
   116 :  4.7252569e-15 -8.8563953e-14  4.1477022e-14
   117 : -6.8718880e-04  1.5718724e-04  2.4238417e-04
   118 : -1.0438270e-02  6.3895851e-02  9.6646415e-01
   119 :  0.0000000e+00  0.0000000e+00  0.0000000e+00
   120 :  3.8402182e-42 -6.9846903e-42  1.0135915e-41
   121 :  0.0000000e+00  0.0000000e+00  0.0000000e+00
   122 : -1.0080953e-22 -6.9552476e-22  3.9562991e-22
   123 :  0.0000000e+00  0.0000000e+00  0.0000000e+00
   124 :  0.0000000e+00  0.0000000e+00  0.0000000e+00
   125 :  0.0000000e+00  0.0000000e+00  0.0000000e+00
   126 :  0.0000000e+00  0.0000000e+00  0.0000000e+00
   127 :  0.0000000e+00  0.0000000e+00  0.0000000e+00
   128 : -5.8116243e-25  6.9178825e-25  4.7205440e-25
   129 :  0.0000000e+00  0.0000000e+00  0.0000000e+00
   130 : -9.6362792e-08 -3.3790963e-08  2.5642158e-07
   131 :  1.6467399e-17 -3.9615926e-18 -7.4414529e-18
   132 :  6.7290250e-22 -2.7624701e-21  1.0743435e-21
   133 :  2.2034762e-13 -3.6436530e-13  7.0739833e-14
   134 :  9.2707136e-23 -3.5709731e-23 -2.1519832e-23
   135 : -8.1953737e-28  6.3511534e-27 -3.1190925e-27
   136 :  3.0258346e-35 -1.6035956e-37 -1.5812348e-35
   137 :  9.7473830e-26 -6.9676808e-26 -1.2583847e-25
   138 :  3.8604517e-32  7.6440839e-32 -7.8004510e-32
   139 :  1.7290301e-31 -3.7270770e-31  9.9925571e-32
   140 :  0.0000000e+00  0.0000000e+00  0.0000000e+00
   141 :  0.0000000e+00  0.0000000e+00  0.0000000e+00
   142 : -5.5798405e-32 -1.0036851e-31  1.9389689e-31
   143 :  0.0000000e+00  0.0000000e+00  0.0000000e+00
   144 :  6.4345569e-34  6.5747143e-34 -6.4900064e-34
   145 : -1.3445288e-42  1.9619092e-41 -9.1329868e-42
   146 :  8.2922844e-49 -1.8195493e-48  1.6072745e-49
   147 :  0.0000000e+00  0.0000000e+00  0.0000000e+00
   148 :  2.1930071e-51 -3.6189190e-51 -7.6709520e-52
   149 :  6.9206322e-03 -2.7593053e-03 -2.0947880e-03
   150 : -4.4973132e-43  1.3765270e-41 -1.2864116e-41
   151 :  0.0000000e+00  0.0000000e+00  0.0000000e+00
   152 :  0.0000000e+00  0.0000000e+00  0.0000000e+00
   153 : -3.7163103e-02  3.6147034e-02  5.2486263e-02
   154 :  0.0000000e+00  0.0000000e+00  0.0000000e+00
   155 :  0.0000000e+00  0.0000000e+00  0.0000000e+00
   156 :  0.0000000e+00  0.0000000e+00  0.0000000e+00
   157 : -1.0778937e-46 -8.1861512e-46  1.0342697e-45
   158 :  1.3618354e-29 -1.7124171e-29  1.7530316e-30
   159 :  2.4785701e-38  1.2038034e-38 -1.8409659e-38
   160 :  0.0000000e+00  0.0000000e+00  0.0000000e+00
   161 :  0.0000000e+00  0.0000000e+00  0.0000000e+00
   162 :  2.8084625e-04 -2.4806098e-04 -3.5979659e-04
   163 :  1.4660953e-20 -2.8523306e-20  4.2765865e-20
   164 :  0.0000000e+00  0.0000000e+00  0.0000000e+00
   165 :  6.3894271e-35 -1.5237291e-34  2.4464984e-35
   166 :  0.0000000e+00  0.0000000e+00  0.0000000e+00
   167 :  5.3286218e-28 -2.1167148e-28 -1.0831466e-28
   168 :  7.7730952e-21 -2.6141216e-20  9.0541404e-21
   169 :  2.0392891e-02  9.8445790e-01  9.9121401e-01
   170 :  0.0000000e+00  0.0000000e+00  0.0000000e+00
   171 :  0.0000000e+00  0.0000000e+00  0.0000000e+00
   172 :  1.2942853e-18 -2.7354678e-18  1.1516736e-19
   173 : -1.1977144e-22 -5.7201377e-23  2.3491482e-22
   174 :  3.0140724e-32 -5.2117968e-32 -8.2754476e-33
   175 :  3.0496454e-48 -2.0885105e-48  1.7808538e-48
   176 :  0.0000000e+00  0.0000000e+00  0.0000000e+00
   177 : -2.3720478e-29  4.8578377e-29 -1.0060106e-30
   178 :  1.6092188e-02  9.9416217e-01  1.7461432e-02
   179 : -1.0205774e-29  1.6323378e-29 -2.1539106e-30
   180 :  0.0000000e+00  0.0000000e+00  0.0000000e+00
   181 :  4.6656168e-20  5.5740455e-20 -1.4975797e-19
   182 :  1.2571566e-52 -2.4531858e-53 -7.6651945e-53
   183 :  3.2007577e-15  1.2416496e-15 -5.7089743e-15
   184 :  0.0000000e+00  0.0000000e+00  0.0000000e+00
   185 :  0.0000000e+00  0.0000000e+00  0.0000000e+00
   186 : -3.4420401e-44 -8.6544882e-44  2.0759951e-43
   187 : -1.3654686e-28 -2.3980101e-27  2.6775722e-27
   188 : -2.0456194e-02  3.7289544e-02  6.1590551e-03
   189 :  1.9719033e-29 -4.8539038e-29  9.2978268e-30
   190 :  1.0851508e-33 -1.6255077e-33  2.7049401e-34
   191 :  0.0000000e+00  0.0000000e+00  0.0000000e+00
   192 :  1.3077355e-19 -2.3583892e-19 -2.7245218e-20
   193 :  1.7575244e-06 -3.0546864e-05  2.2528015e-05
   194 :  9.0742887e-03  2.0479421e-02 -1.3771198e-02
   195 :  0.0000000e+00  0.0000000e+00  0.0000000e+00
   196 :  0.0000000e+00  0.0000000e+00  0.0000000e+00
   197 :  0.0000000e+00  0.0000000e+00  0.0000000e+00
   198 : -6.5032325e-38  1.9729237e-39  6.1097249e-38
   199 : -1.2291701e-08  5.3432387e-08 -2.3253916e-08
   200 :  0.0000000e+00  0.0000000e+00  0.0000000e+00
   201 :  2.8529833e-22  4.9821854e-22 -1.2842102e-21
   202 :  0.0000000e+00  0.0000000e+00  0.0000000e+00
   203 :  0.0000000e+00  0.0000000e+00  0.0000000e+00
   204 :  0.0000000e+00  0.0000000e+00  0.0000000e+00
   205 :  1.3293319e-18  4.7780436e-18 -3.0370651e-18
   206 :  0.0000000e+00  0.0000000e+00  0.0000000e+00
   207 :  0.0000000e+00  0.0000000e+00  0.0000000e+00
   208 :  0.0000000e+00  0.0000000e+00  0.0000000e+00
   209 : -4.3936954e-03 -8.6470579e-04  7.7148427e-03
   210 :  0.0000000e+00  0.0000000e+00  0.0000000e+00
   211 :  0.0000000e+00  0.0000000e+00  0.0000000e+00
   212 : -3.3049839e-29  3.2346690e-29  1.5809196e-30
   213 :  0.0000000e+00  0.0000000e+00  0.0000000e+00
   214 :  2.3361372e-02  1.4632124e-02 -1.5751541e-02
   215 :  3.6679250e-02  9.8727460e-01  9.6129515e-01
   216 :  1.8341621e-28 -1.4014652e-28 -2.2715391e-28
   217 :  0.0000000e+00  0.0000000e+00  0.0000000e+00
   218 :  0.0000000e+00  0.0000000e+00  0.0000000e+00
   219 :  6.1259864e-22 -1.3825914e-21  7.2652373e-22
   220 :  0.0000000e+00  0.0000000e+00  0.0000000e+00
   221 :  0.0000000e+00  0.0000000e+00  0.0000000e+00
   222 :  6.1178566e-10 -5.3979232e-10  4.9941956e-10
   223 : -1.5386886e-15 -9.8925177e-15  9.7740106e-15
   224 : -6.7600615e-39 -1.6360687e-38  2.9879991e-38
   225 :  0.0000000e+00  0.0000000e+00  0.0000000e+00
   226 :  0.0000000e+00  0.0000000e+00  0.0000000e+00
   227 :  1.1540740e-45  7.8820751e-46 -2.7322673e-45
   228 :  0.0000000e+00  0.0000000e+00  0.0000000e+00
   229 :  4.1346698e-52  3.3825410e-52 -3.7586054e-52
   230 :  0.0000000e+00  0.0000000e+00  0.0000000e+00
   231 :  0.0000000e+00  0.0000000e+00  0.0000000e+00
   232 :  0.0000000e+00  0.0000000e+00  0.0000000e+00
   233 :  0.0000000e+00  0.0000000e+00  0.0000000e+00
   234 : -6.7971007e-07 -1.4679718e-06  3.7262900e-06
   235 :  4.6767305e-19  7.0638990e-18 -1.4797590e-17
   236 :  0.0000000e+00  0.0000000e+00  0.0000000e+00
   237 :  0.0000000e+00  0.0000000e+00  0.0000000e+00
   238 :  0.0000000e+00  0.0000000e+00  0.0000000e+00
   239 :  0.0000000e+00  0.0000000e+00  0.0000000e+00
   240 :  0.0000000e+00  0.0000000e+00  0.0000000e+00
   241 : -1.2314578e-23 -2.0925809e-23  1.6446981e-23
   242 :  8.5769368e-26  3.0158397e-25 -6.8970659e-25
   243 :  1.8424167e-11 -3.7553035e-12 -1.0688845e-11
   244 :  9.3281374e-19 -2.8874954e-17  5.7557089e-17
   245 :  0.0000000e+00  0.0000000e+00  0.0000000e+00
   246 : -2.3280357e-26  1.1781515e-26  5.7247163e-27
   247 :  1.1076327e-10  1.1892639e-10 -3.5259907e-10
   248 :  0.0000000e+00  0.0000000e+00  0.0000000e+00
   249 :  0.0000000e+00  0.0000000e+00  0.0000000e+00
   250 :  1.7085138e-24  2.1703252e-25 -2.1450108e-24
   251 :  1.8749003e-46 -6.8578442e-47 -3.0640161e-46
   252 :  0.0000000e+00  0.0000000e+00  0.0000000e+00
   253 :  0.0000000e+00  0.0000000e+00  0.0000000e+00
   254 :  5.7231963e-10  8.8230800e-10 -6.9117657e-10
   255 : -3.6498702e-46  1.7911286e-47  1.3737438e-46
   256 : -4.4498814e-26  1.0277964e-24 -4.8996521e-25
   257 :  1.8396389e-15 -2.5073544e-15  2.5578564e-15
   258 : -1.4509608e-47 -2.2145034e-47  5.8778819e-47
   259 :  0.0000000e+00  0.0000000e+00  0.0000000e+00
   260 : -1.3922912e-23  1.3576253e-22 -1.0759015e-22
   261 :  0.0000000e+00  0.0000000e+00  0.0000000e+00
   262 :  0.0000000e+00  0.0000000e+00  0.0000000e+00
   263 :  0.0000000e+00  0.0000000e+00  0.0000000e+00
   264 : -1.2878994e-41 -2.2872098e-43  1.3332372e-41
   265 :  1.9483275e-22 -4.0857461e-22  6.2813817e-22
   266 :  0.0000000e+00  0.0000000e+00  0.0000000e+00
   267 :  1.5154229e-52  6.7424216e-53 -1.0948325e-52
   268 :  0.0000000e+00  0.0000000e+00  0.0000000e+00
   269 : -3.9284195e-11  6.8513394e-12  2.5539010e-11
   270 :  0.0000000e+00  0.0000000e+00  0.0000000e+00
   271 :  1.9896015e-20 -8.4751638e-21 -2.8673362e-21
   272 : -6.4502656e-49  5.6431593e-49 -4.8389120e-49
   273 :  0.0000000e+00  0.0000000e+00  0.0000000e+00
   274 : -7.6269200e-27 -3.8323291e-26  6.4321117e-26
   275 :  0.0000000e+00  0.0000000e+00  0.0000000e+00
   276 :  5.2429020e-17 -6.1732707e-17  5.7392320e-18
   277 :  0.0000000e+00  0.0000000e+00  0.0000000e+00
   278 :  2.4129975e-25 -9.6278357e-26 -3.7228044e-25
   279 :  1.6887248e-46 -4.0788098e-47 -6.4042189e-47
   280 : -1.1057795e-03  2.8324200e-03 -4.9225968e-04
   281 : -7.5273202e-43  1.1760538e-42  3.3056652e-43
   282 :  0.0000000e+00  0.0000000e+00  0.0000000e+00
   283 :  0.0000000e+00  0.0000000e+00  0.0000000e+00
   284 :  0.0000000e+00  0.0000000e+00  0.0000000e+00
   285 :  7.2096471e-07  5.6753665e-07 -6.1708928e-07
   286 : -1.6315908e-26  1.6414579e-26  1.6362327e-26
   287 :  1.3839122e-37 -2.2469809e-37  4.3068734e-38
   288 : -6.6125307e-03 -2.0708824e-03  1.2524120e-02
   289 : -6.4908708e-34 -3.9070199e-34  1.4323063e-33
   290 :  1.3190526e-05 -2.3884970e-05  5.2252523e-06
   291 : -6.9519996e-47  8.8571240e-47 -9.5256222e-48
   292 :  3.5663688e-12  2.5437076e-12 -6.3204273e-12
   293 :  0.0000000e+00  0.0000000e+00  0.0000000e+00
   294 : -1.0165773e-30  6.1875172e-31 -2.3046876e-31
   295 :  0.0000000e+00  0.0000000e+00  0.0000000e+00
   296 :  4.2062854e-18 -2.3104214e-17  1.4679192e-17
   297 : -8.9129947e-37  1.9385975e-36 -1.5299214e-37
   298 :  9.5066131e-42  3.9430563e-41 -2.9580143e-41
   299 :  0.0000000e+00  0.0000000e+00  0.0000000e+00
   300 : -1.3923813e-17  2.2830343e-18  5.7565823e-18
   301 :  0.0000000e+00  0.0000000e+00  0.0000000e+00
   302 :  5.2589079e-27 -1.3194479e-26  2.6310701e-27
   303 : -1.5821805e-31 -2.2314474e-31  1.9051194e-31
   304 :  2.7035904e-28 -8.0928958e-29 -1.7429282e-28
   305 :  6.6292731e-45  9.9351625e-46 -3.8091606e-45
   306 :  5.9209765e-14 -7.5812561e-15 -2.5364838e-14
   307 :  3.9917489e-31 -2.7206764e-31  3.3307121e-32
   308 :  3.2135804e-39  1.7575680e-38 -3.8429494e-38
   309 :  0.0000000e+00  0.0000000e+00  0.0000000e+00
   310 :  2.0143697e-35  1.3317810e-34 -1.7343502e-34
   311 :  4.5026040e-28  1.9811056e-28 -1.1005020e-27
   312 :  0.0000000e+00  0.0000000e+00  0.0000000e+00
   313 :  0.0000000e+00  0.0000000e+00  0.0000000e+00
   314 :  0.0000000e+00  0.0000000e+00  0.0000000e+00
   315 :  0.0000000e+00  0.0000000e+00  0.0000000e+00
   316 : -9.8903066e-14 -3.4714747e-14  6.5683928e-14
   317 :  0.0000000e+00  0.0000000e+00  0.0000000e+00
   318 :  2.9568997e-18  1.9259800e-18 -2.3936446e-18
   319 :  2.2062120e-20  5.9057827e-20 -1.0331658e-19
   320 :  2.2650499e-02  9.9355623e-01  9.8020797e-01
   321 :  3.8361766e-13 -5.5530804e-13 -2.2476745e-13
   322 :  0.0000000e+00  0.0000000e+00  0.0000000e+00
   323 :  0.0000000e+00  0.0000000e+00  0.0000000e+00
   324 :  0.0000000e+00  0.0000000e+00  0.0000000e+00
   325 :  0.0000000e+00  0.0000000e+00  0.0000000e+00
   326 : -3.0504102e-10 -3.7954094e-10  1.0424257e-09
   327 :  7.7491551e-03  9.9973918e-01  1.0465689e-02
   328 : -6.6018612e-26  1.1024963e-25 -2.3561218e-26
   329 :  0.0000000e+00  0.0000000e+00  0.0000000e+00
   330 :  0.0000000e+00  0.0000000e+00  0.0000000e+00
   331 : -1.8194814e-50  2.6049105e-50  1.0340524e-50
   332 : -3.3964073e-31  9.0357029e-32  1.2458832e-31
   333 :  0.0000000e+00  0.0000000e+00  0.0000000e+00
   334 :  1.5271801e-21 -3.9612410e-20  3.6475558e-20
   335 : -1.8576078e-29  4.2375608e-29 -5.2065941e-30
   336 :  1.5522038e-26 -1.2868093e-26 -1.8228427e-26
   337 :  0.0000000e+00  0.0000000e+00  0.0000000e+00
   338 :  1.1181076e-25 -4.1420588e-25  1.5090437e-25
   339 :  0.0000000e+00  0.0000000e+00  0.0000000e+00
   340 : -1.0417864e-20  6.1814281e-20 -4.0623275e-20
   341 :  0.0000000e+00  0.0000000e+00  0.0000000e+00
   342 :  0.0000000e+00  0.0000000e+00  0.0000000e+00
   343 : -2.1407411e-42  1.0484737e-42  5.4593185e-43
   344 :  7.7539629e-18 -1.4175044e-17  3.1488902e-18
   345 : -3.1530480e-07 -9.7239310e-08  1.9858560e-07
   346 :  0.0000000e+00  0.0000000e+00  0.0000000e+00
   347 : -7.7270613e-20  3.3441830e-20  9.9426248e-21
   348 : -3.6106067e-43  1.0487252e-41 -5.0624992e-42
   349 :  3.9753420e-46 -3.1984054e-46  2.4229998e-46
   350 : -1.8309665e-20  2.8297978e-20 -3.8898735e-20
   351 :  0.0000000e+00  0.0000000e+00  0.0000000e+00
   352 : -1.2023244e-18 -1.8881295e-19  1.5800305e-18
   353 :  3.7461830e-28 -5.3843218e-28  8.1599529e-29
   354 :  3.3654388e-02 -2.9749014e-02  4.1506011e-02
   355 :  3.8551260e-03 -5.7073808e-03  9.0135078e-04
   356 :  0.0000000e+00  0.0000000e+00  0.0000000e+00
   357 :  9.5488800e-20 -1.5426545e-19  2.1547199e-19
   358 : -2.2813249e-49  3.2249955e-49  1.3376542e-49
   359 :  0.0000000e+00  0.0000000e+00  0.0000000e+00
   360 : -1.8174421e-24 -9.0134000e-24  2.0005062e-23
   361 :  0.0000000e+00  0.0000000e+00  0.0000000e+00
   362 :  1.4555176e-41 -3.6001370e-41  5.7534874e-41
   363 :  0.0000000e+00  0.0000000e+00  0.0000000e+00
   364 :  0.0000000e+00  0.0000000e+00  0.0000000e+00
   365 : -1.0786710e-45  5.6265490e-46  1.6132513e-45
   366 :  0.0000000e+00  0.0000000e+00  0.0000000e+00
   367 :  1.3062492e-35 -8.3605218e-36  3.7677199e-36
   368 : -9.4906159e-23  7.9228381e-22 -5.2563967e-22
   369 :  2.8069508e-46 -1.2414917e-46 -4.3584575e-46
   370 :  0.0000000e+00  0.0000000e+00  0.0000000e+00
   371 :  0.0000000e+00  0.0000000e+00  0.0000000e+00
   372 :  1.0248924e-44 -1.5507725e-44 -4.9923040e-45
   373 :  7.1923917e-30  9.3163696e-30 -2.6775922e-29
   374 : -2.9402725e-08  8.9593440e-09 -2.1717504e-08
   375 :  0.0000000e+00  0.0000000e+00  0.0000000e+00
   376 :  0.0000000e+00  0.0000000e+00  0.0000000e+00
   377 : -4.8898431e-39  3.5773683e-39  6.5421542e-40
   378 :  0.0000000e+00  0.0000000e+00  0.0000000e+00
   379 :  0.0000000e+00  0.0000000e+00  0.0000000e+00
   380 : -1.2628070e-14  1.6635116e-14 -3.4930803e-15
   381 :  4.6644139e-45 -2.4547038e-45 -1.1042827e-45
   382 :  0.0000000e+00  0.0000000e+00  0.0000000e+00
   383 : -7.9607059e-18 -6.8473192e-18  7.3286554e-18
   384 :  0.0000000e+00  0.0000000e+00  0.0000000e+00
   385 : -1.7157601e-25  3.1406587e-25  3.0404912e-26
   386 : -6.0800922e-15  1.8992843e-15  2.6848910e-15
   387 :  0.0000000e+00  0.0000000e+00  0.0000000e+00
   388 :  1.6755618e-06 -9.4116305e-07 -3.7421424e-07
   389 :  0.0000000e+00  0.0000000e+00  0.0000000e+00
   390 :  1.5198259e-24 -3.0690124e-24  2.2507796e-26
   391 :  1.8815023e-51  1.2328947e-49 -6.2585484e-50
   392 :  2.8872637e-17 -2.3193705e-17  1.6448064e-17
   393 : -2.1136134e-16  6.7609515e-16 -2.4721305e-16
   394 :  0.0000000e+00  0.0000000e+00  0.0000000e+00
   395 :  2.1468324e-35  1.4054677e-35 -4.9604909e-35
   396 :  0.0000000e+00  0.0000000e+00  0.0000000e+00
   397 :  2.8310895e-17 -6.5024616e-17  3.1738547e-18
   398 :  1.6348417e-30 -3.3212983e-30  8.4077644e-31
   399 : -3.6097624e-16  2.8251658e-15 -1.5733415e-15
   400 : -1.8135809e-32 -1.0175245e-32  3.8539080e-32
   401 :  9.1585549e-29 -1.3010529e-28 -5.3854938e-29
   402 :  0.0000000e+00  0.0000000e+00  0.0000000e+00
   403 :  0.0000000e+00  0.0000000e+00  0.0000000e+00
   404 :  0.0000000e+00  0.0000000e+00  0.0000000e+00
   405 :  9.7717924e-37  2.2063189e-36 -2.6609979e-36
   406 : -4.1427314e-22  2.7043712e-22  7.1186381e-23
   407 :  1.5744563e-14 -2.3577607e-14  3.2272956e-14
   408 : -4.1520686e-12  6.0815078e-13  1.7469673e-12
   409 :  2.6629518e-33  1.8376030e-33 -2.2466050e-33
   410 :  9.3036585e-01  1.0119757e+00  9.6603876e-01
   411 : -3.8684858e-35  8.2745391e-35 -5.2623456e-36
   412 : -3.5363735e-29  2.4974784e-29  4.5978094e-29
   413 :  0.0000000e+00  0.0000000e+00  0.0000000e+00
   414 :  8.5211528e-06 -6.7997077e-07 -6.8316654e-06
   415 : -2.0819581e-31 -5.1495521e-32  4.6866223e-31
   416 :  0.0000000e+00  0.0000000e+00  0.0000000e+00
   417 : -2.2210380e-21  1.2329520e-19 -2.4665864e-19
   418 :  8.5476982e-14  1.5163625e-13 -3.2579544e-13
   419 :  0.0000000e+00  0.0000000e+00  0.0000000e+00
   420 :  0.0000000e+00  0.0000000e+00  0.0000000e+00
   421 :  0.0000000e+00  0.0000000e+00  0.0000000e+00
   422 : -3.1059006e-45  1.3969047e-45  9.6833677e-46
   423 : -8.4891342e-41  1.0905513e-40  6.0864496e-41
   424 :  0.0000000e+00  0.0000000e+00  0.0000000e+00
   425 :  0.0000000e+00  0.0000000e+00  0.0000000e+00
   426 : -6.1968449e-49  7.5813273e-50  2.7187857e-49
   427 :  0.0000000e+00  0.0000000e+00  0.0000000e+00
   428 :  0.0000000e+00  0.0000000e+00  0.0000000e+00
   429 :  1.9119537e-29  7.5662707e-30 -1.3275686e-29
   430 :  1.1818781e-26 -1.0403998e-26 -1.3393637e-26
   431 :  9.3929534e-37 -2.1185989e-36  2.3713766e-37
   432 : -5.2336766e-43 -2.8220028e-44  5.7952214e-43
   433 :  0.0000000e+00  0.0000000e+00  0.0000000e+00
   434 :  9.6126674e-12 -1.0636956e-12 -7.3393350e-12
   435 : -1.0906448e-34  8.2570465e-35 -5.6191075e-35
   436 :  0.0000000e+00  0.0000000e+00  0.0000000e+00
   437 :  9.6424516e-23  9.5089416e-23 -2.8687573e-22
   438 :  2.3878743e-24 -1.6746554e-24  9.8546039e-25
   439 :  2.5681740e-15 -1.5316304e-15  5.3224183e-16
   440 :  0.0000000e+00  0.0000000e+00  0.0000000e+00
   441 :  0.0000000e+00  0.0000000e+00  0.0000000e+00
   442 :  2.0194804e-22 -2.5777470e-22  3.1175351e-22
   443 : -2.0244963e-46  3.1569501e-46  8.8472270e-47
   444 :  1.5286959e-23  1.0609217e-23 -1.7391228e-23
   445 :  0.0000000e+00  0.0000000e+00  0.0000000e+00
   446 : -3.5425475e-07  2.3862387e-06 -9.8579911e-07
   447 :  0.0000000e+00  0.0000000e+00  0.0000000e+00
   448 : -7.9019639e-34 -9.2434451e-34  8.5308512e-34
   449 :  0.0000000e+00  0.0000000e+00  0.0000000e+00
   450 :  0.0000000e+00  0.0000000e+00  0.0000000e+00
   451 :  3.9777773e-09  1.9251585e-08 -1.0972673e-08
   452 :  2.4068376e-02  4.6191303e-02 -2.6185264e-02
   453 :  5.6018969e-09 -3.2783749e-08  1.2648238e-08
   454 : -2.9153992e-03 -6.5367964e-04  4.2316675e-03
   455 :  0.0000000e+00  0.0000000e+00  0.0000000e+00
   456 :  1.4348448e-33 -3.8984113e-34 -6.5447451e-34
   457 :  0.0000000e+00  0.0000000e+00  0.0000000e+00
   458 :  6.8272743e-51  2.4842716e-50 -3.8497265e-50
   459 :  4.0552968e-35  2.8086325e-35 -9.8028730e-35
   460 :  1.7268356e-31 -2.6916517e-31 -7.7808072e-32
   461 :  0.0000000e+00  0.0000000e+00  0.0000000e+00
   462 :  3.7821180e-48  1.8594357e-47 -2.6108737e-47
   463 :  0.0000000e+00  0.0000000e+00  0.0000000e+00
   464 :  6.0211159e-23  2.2147170e-22 -1.4006125e-22
   465 :  1.5784392e-30 -6.1759815e-31 -3.4115602e-31
   466 :  4.9065915e-16 -5.0749285e-16  9.3076330e-18
   467 :  0.0000000e+00  0.0000000e+00  0.0000000e+00
   468 :  0.0000000e+00  0.0000000e+00  0.0000000e+00
   469 :  0.0000000e+00  0.0000000e+00  0.0000000e+00
   470 :  0.0000000e+00  0.0000000e+00  0.0000000e+00
   471 :  0.0000000e+00  0.0000000e+00  0.0000000e+00
   472 :  0.0000000e+00  0.0000000e+00  0.0000000e+00
   473 : -5.2220595e-27  1.4750614e-26 -4.2763238e-27
   474 :  0.0000000e+00  0.0000000e+00  0.0000000e+00
   475 :  0.0000000e+00  0.0000000e+00  0.0000000e+00
   476 :  0.0000000e+00  0.0000000e+00  0.0000000e+00
   477 :  0.0000000e+00  0.0000000e+00  0.0000000e+00
   478 :  2.9298042e-34 -8.3245597e-36 -5.7947418e-34
   479 :  0.0000000e+00  0.0000000e+00  0.0000000e+00
   480 : -1.6945976e-11 -1.6073168e-12  2.3601232e-11
   481 :  0.0000000e+00  0.0000000e+00  0.0000000e+00
   482 :  0.0000000e+00  0.0000000e+00  0.0000000e+00
   483 : -9.0912716e-16  4.0969505e-15 -3.8028222e-15
   484 : -1.0149551e-37 -4.4803216e-38  7.3041470e-38
   485 : -5.8814230e-33  7.6998705e-34  1.1005973e-32
   486 :  4.3381984e-02  8.8865125e-01  3.7723356e-02
   487 :  1.3754586e-29 -1.8674454e-30 -1.0453202e-29
   488 :  8.4499380e-12  7.8468510e-12 -7.7364205e-12
   489 :  0.0000000e+00  0.0000000e+00  0.0000000e+00
   490 :  0.0000000e+00  0.0000000e+00  0.0000000e+00
   491 :  0.0000000e+00  0.0000000e+00  0.0000000e+00
   492 : -1.2817838e-27  2.4144322e-27 -3.5573676e-27
   493 :  1.3454453e-16 -3.4571586e-16  6.9651520e-17
   494 :  6.7731073e-15 -4.2490778e-14  2.7331166e-14
   495 : -6.5863078e-40  8.9265376e-40  4.3330532e-40
   496 :  0.0000000e+00  0.0000000e+00  0.0000000e+00
   497 :  0.0000000e+00  0.0000000e+00  0.0000000e+00
   498 :  0.0000000e+00  0.0000000e+00  0.0000000e+00
   499 :  1.1006371e-10 -1.7063990e-10 -5.8085182e-11
   500 :  0.0000000e+00  0.0000000e+00  0.0000000e+00
   501 :  0.0000000e+00  0.0000000e+00  0.0000000e+00
   502 : -8.8780661e-23 -3.8672715e-22  3.4907533e-22
   503 : -4.6121253e-22  4.5235041e-22 -4.8054725e-23
   504 : -5.2626141e-34  2.0745854e-33 -9.2628116e-34
   505 :  6.5638858e-11 -7.8910991e-12 -2.8239577e-11
   506 :  0.0000000e+00  0.0000000e+00  0.0000000e+00
   507 :  0.0000000e+00  0.0000000e+00  0.0000000e+00
   508 :  0.0000000e+00  0.0000000e+00  0.0000000e+00
   509 :  4.7981835e-29 -4.1777412e-30 -3.9556409e-29
   510 :  0.0000000e+00  0.0000000e+00  0.0000000e+00
   511 :  0.0000000e+00  0.0000000e+00  0.0000000e+00
   512 :  0.0000000e+00  0.0000000e+00  0.0000000e+00
   513 : -2.3175910e-41 -4.4333210e-41  9.0693528e-41
   514 :  7.1463842e-36 -2.1514558e-35  7.2934229e-36
   515 : -2.5501373e-17  1.5311379e-17  4.2621627e-18
   516 :  0.0000000e+00  0.0000000e+00  0.0000000e+00
   517 : -1.9146111e-16  1.3736448e-16 -8.7424169e-17
   518 : -3.9567145e-36  2.1102450e-36 -2.4067648e-37
   519 :  0.0000000e+00  0.0000000e+00  0.0000000e+00
   520 : -2.1485190e-38  2.0628580e-38  2.2869220e-38
   521 :  3.3861062e-21 -1.8007905e-21 -6.7485144e-22
   522 :  7.3667500e-02 -2.6240586e-03  9.3000795e-01
   523 : -1.2800820e-14 -1.6002057e-14  1.4341570e-14
   524 : -3.7581119e-43 -9.0105975e-43  6.3825910e-43
   525 : -5.8406326e-35  5.2566456e-35 -4.7031261e-35
   526 :  9.0374867e-54  1.5123930e-52 -2.1320452e-52
   527 :  0.0000000e+00  0.0000000e+00  0.0000000e+00
   528 : -2.4983814e-05  7.0459963e-06  4.8597062e-05
   529 : -2.1877753e-28 -9.7248926e-31  3.9968943e-28
   530 : -3.3957099e-15  5.0970154e-14 -3.3202820e-14
   531 : -2.5674637e-28 -1.8746938e-28  2.2099169e-28
   532 :  0.0000000e+00  0.0000000e+00  0.0000000e+00
   533 :  0.0000000e+00  0.0000000e+00  0.0000000e+00
   534 :  0.0000000e+00  0.0000000e+00  0.0000000e+00
   535 :  0.0000000e+00  0.0000000e+00  0.0000000e+00
   536 :  1.3587759e-16  5.9316975e-17 -2.5260511e-16
   537 : -4.3057000e-24 -1.2820671e-24  2.7712034e-24
   538 : -2.9754482e-33  9.0282685e-34  1.1675849e-33
   539 :  0.0000000e+00  0.0000000e+00  0.0000000e+00
   540 :  0.0000000e+00  0.0000000e+00  0.0000000e+00
   541 :  0.0000000e+00  0.0000000e+00  0.0000000e+00
   542 : -1.3475793e-39 -5.5393561e-40  9.4817855e-40
   543 :  0.0000000e+00  0.0000000e+00  0.0000000e+00
   544 :  1.5873844e-38 -2.9369802e-38 -2.4241892e-39
   545 :  0.0000000e+00  0.0000000e+00  0.0000000e+00
   546 : -6.6333262e-13 -1.2992890e-12  9.5357751e-13
   547 :  0.0000000e+00  0.0000000e+00  0.0000000e+00
   548 : -1.4740603e-17  4.5491386e-18  4.5769212e-18
   549 :  0.0000000e+00  0.0000000e+00  0.0000000e+00
   550 :  3.2614411e-33 -7.2209040e-33  1.1438274e-33
   551 : -1.6113942e-18 -1.6413648e-18  4.8959259e-18
   552 : -2.4923138e-21  1.4555998e-20 -6.5360234e-21
   553 :  3.2005127e-25 -9.9839282e-26 -1.1881745e-25
   554 :  0.0000000e+00  0.0000000e+00  0.0000000e+00
   555 : -1.2256400e-39  1.5958213e-39  8.5933590e-40
   556 :  0.0000000e+00  0.0000000e+00  0.0000000e+00
   557 : -5.1088538e-04 -9.5156835e-03  1.1427485e-02
   558 :  1.0897796e-25 -8.1246109e-26 -1.3741117e-25
   559 : -6.1950257e-19 -9.5264201e-19  1.5506022e-18
   560 : -8.0472686e-31  5.8489576e-31  1.1015343e-31
   561 :  3.5561611e-07  1.4172442e-06 -8.1481656e-07
   562 :  0.0000000e+00  0.0000000e+00  0.0000000e+00
   563 :  0.0000000e+00  0.0000000e+00  0.0000000e+00
   564 :  2.8833193e-16 -1.4119396e-16  3.0388815e-19
   565 : -3.6983034e-13  2.3580167e-13 -1.1362359e-13
   566 :  0.0000000e+00  0.0000000e+00  0.0000000e+00
   567 :  2.5202545e-42 -8.8531499e-42  3.8096724e-42
   568 : -1.5209472e-16  2.4566630e-16  6.2898278e-17
   569 : -6.4742267e-19 -3.3152607e-18  1.9321632e-18
   570 :  0.0000000e+00  0.0000000e+00  0.0000000e+00
   571 : -1.1587694e-42  7.6036630e-43  1.9913069e-43
   572 :  0.0000000e+00  0.0000000e+00  0.0000000e+00
   573 : -1.3995969e-31  2.8547316e-32  2.5236005e-31
   574 :  8.8583032e-28  4.0171065e-27 -8.9465054e-27
   575 : -7.2584852e-05 -2.5119473e-03  3.0461148e-03
   576 :  2.6867073e-38 -1.9544564e-36  1.9018313e-36
   577 :  4.6630235e-02 -3.2213070e-02  6.0739068e-02
   578 :  0.0000000e+00  0.0000000e+00  0.0000000e+00
   579 :  2.0789495e-10 -6.7386097e-10  2.2608791e-10
   580 : -1.9208706e-05  2.7269166e-05 -9.0669515e-07
   581 :  0.0000000e+00  0.0000000e+00  0.0000000e+00
   582 :  0.0000000e+00  0.0000000e+00  0.0000000e+00
   583 :  0.0000000e+00  0.0000000e+00  0.0000000e+00
   584 :  0.0000000e+00  0.0000000e+00  0.0000000e+00
   585 :  1.2677173e-16  3.0728807e-16 -2.1465650e-16
   586 :  0.0000000e+00  0.0000000e+00  0.0000000e+00
   587 :  0.0000000e+00  0.0000000e+00  0.0000000e+00
   588 :  0.0000000e+00  0.0000000e+00  0.0000000e+00
   589 :  6.2091670e-21 -2.0327348e-21 -1.0430728e-20
   590 :  9.0050907e-19 -5.9268777e-19 -1.2314432e-18
   591 :  0.0000000e+00  0.0000000e+00  0.0000000e+00
   592 :  0.0000000e+00  0.0000000e+00  0.0000000e+00
   593 :  0.0000000e+00  0.0000000e+00  0.0000000e+00
   594 :  0.0000000e+00  0.0000000e+00  0.0000000e+00
   595 : -1.5252624e-31 -5.8617797e-32  2.7010940e-31
   596 : -3.0855017e-37  8.3824745e-37 -2.2541978e-37
   597 :  3.3674966e-45 -1.2912190e-45 -5.5665909e-45
   598 :  0.0000000e+00  0.0000000e+00  0.0000000e+00
   599 :  2.0376689e-08 -3.4070956e-09 -1.3956258e-08
   600 : -7.5307198e-38  5.6083247e-38  9.4679199e-38
   601 :  8.6128658e-08 -3.2916057e-08 -1.8292296e-08
   602 :  0.0000000e+00  0.0000000e+00  0.0000000e+00
   603 :  0.0000000e+00  0.0000000e+00  0.0000000e+00
   604 :  0.0000000e+00  0.0000000e+00  0.0000000e+00
   605 : -3.2007571e-50  5.7116670e-50  6.7012477e-51
   606 :  6.5068060e-02  9.3698467e-01 -3.2352430e-03
   607 :  8.2651477e-37 -7.3124469e-37 -9.2403479e-37
   608 :  0.0000000e+00  0.0000000e+00  0.0000000e+00
   609 :  0.0000000e+00  0.0000000e+00  0.0000000e+00
   610 :  0.0000000e+00  0.0000000e+00  0.0000000e+00
   611 :  1.4854236e-10 -7.2673590e-11 -2.1873568e-11
   612 : -2.3223451e-39 -5.0411532e-38  5.5102497e-38
   613 :  0.0000000e+00  0.0000000e+00  0.0000000e+00
   614 : -9.5087266e-21  1.5465596e-20  3.5830122e-21
   615 :  2.1517836e-48  1.6531641e-48 -5.9964480e-48
   616 :  0.0000000e+00  0.0000000e+00  0.0000000e+00
   617 :  0.0000000e+00  0.0000000e+00  0.0000000e+00
   618 :  0.0000000e+00  0.0000000e+00  0.0000000e+00
   619 :  0.0000000e+00  0.0000000e+00  0.0000000e+00
   620 : -4.3580349e-51  4.7228379e-51 -5.0876410e-51
   621 : -5.7015851e-39 -9.9349134e-39  2.1343334e-38
   622 :  9.4061895e-13  1.2653195e-11 -1.4625202e-11
   623 :  1.4971171e-24  7.0654338e-25 -2.5165689e-24
   624 :  1.0873809e-46 -3.0736286e-46  9.9312384e-47
   625 :  0.0000000e+00  0.0000000e+00  0.0000000e+00
   626 :  0.0000000e+00  0.0000000e+00  0.0000000e+00
   627 :  0.0000000e+00  0.0000000e+00  0.0000000e+00
   628 :  0.0000000e+00  0.0000000e+00  0.0000000e+00
   629 : -1.6048989e-24  5.5724846e-24 -2.3461239e-24
   630 :  1.7480815e-17  5.3415629e-18 -2.8791816e-17
   631 :  0.0000000e+00  0.0000000e+00  0.0000000e+00
   632 :  0.0000000e+00  0.0000000e+00  0.0000000e+00
   633 :  4.1200747e-26 -4.4710118e-26  7.4412141e-27
   634 : -3.0518652e-32 -2.8174352e-32  8.7474895e-32
   635 : -3.8731623e-24 -5.7698000e-26  1.8986900e-24
   636 :  8.3417944e-20  5.0518716e-20 -6.6109517e-20
   637 :  3.6991796e-15 -2.0300675e-15  4.2473426e-16
   638 :  2.4282891e-11 -1.9738821e-11 -2.9847393e-11
   639 :  3.3506999e-19  9.7485203e-20 -2.1370563e-19
   640 : -2.0514638e-03 -1.1680130e-03  3.3203610e-03
   641 :  0.0000000e+00  0.0000000e+00  0.0000000e+00
   642 : -2.8036581e-28  3.9139556e-28  1.7016618e-28
   643 :  1.4074437e-22 -5.3544105e-22  9.4000705e-22
   644 : -1.2419731e-23 -6.9947652e-24  2.6814273e-23
   645 :  1.9560178e-39  9.3383535e-39 -1.0583018e-38
   646 :  4.2806163e-40  1.5322782e-39 -2.6404068e-39
   647 :  3.7810377e-08 -1.4943740e-08 -6.3686688e-08
   648 :  2.7818879e-44  1.5731334e-42 -9.7112457e-43
   649 :  8.7169095e-20  2.2103132e-19 -1.3078414e-19
   650 : -1.2078359e-41  5.6514488e-42  7.7130831e-43
   651 :  6.6232851e-12  2.7389530e-12 -1.6160760e-11
   652 :  1.7713231e-38  1.7391147e-38 -1.7525721e-38
   653 : -8.1847797e-14 -2.1665964e-14  1.8694674e-13
   654 :  0.0000000e+00  0.0000000e+00  0.0000000e+00
   655 :  3.2318701e-45  5.0145039e-46 -4.4197967e-45
   656 :  3.9415068e-09 -1.3529946e-09 -1.2520894e-09
   657 :  1.8454903e-19 -3.4796450e-19  8.8189017e-21
   658 :  4.2953774e-40  4.1547537e-41 -5.1274322e-40
   659 :  3.9326325e-31 -1.5232963e-31 -1.2009009e-31
   660 :  4.7680362e-13 -5.2455410e-14 -6.0851029e-13
   661 :  9.0078607e-05  4.4772626e-05 -2.3258210e-04
   662 :  0.0000000e+00  0.0000000e+00  0.0000000e+00
   663 : -8.8209747e-19 -3.0437082e-18  7.0664419e-18
   664 :  7.9886331e-14 -8.5131240e-14  9.5019288e-14
   665 : -6.0618403e-13  2.9587498e-13  6.0849531e-16
   666 :  0.0000000e+00  0.0000000e+00  0.0000000e+00
   667 :  0.0000000e+00  0.0000000e+00  0.0000000e+00
   668 :  4.0666073e-23 -3.4880124e-22  2.6904278e-22
   669 :  0.0000000e+00  0.0000000e+00  0.0000000e+00
   670 :  2.3280244e-16 -1.4439002e-16 -4.4039359e-17
   671 : -4.9622080e-05  1.2752527e-04 -2.2753892e-04
   672 :  2.9935699e-15  6.7395666e-15 -1.6848958e-14
   673 :  0.0000000e+00  0.0000000e+00  0.0000000e+00
   674 :  2.4193154e-45 -2.2976012e-45 -2.5417368e-45
   675 :  0.0000000e+00  0.0000000e+00  0.0000000e+00
   676 : -1.8583156e-36  4.2155318e-36 -4.9451282e-37
   677 : -7.8686808e-35  7.5566574e-35 -7.2789411e-35
   678 :  1.1470460e-18  1.9971769e-18 -5.3197893e-18
   679 :  6.9449289e-32 -1.6133132e-31  2.2185538e-32
   680 :  6.4175915e-29 -3.7711941e-30 -1.2512694e-28
   681 :  0.0000000e+00  0.0000000e+00  0.0000000e+00
   682 :  0.0000000e+00  0.0000000e+00  0.0000000e+00
   683 :  0.0000000e+00  0.0000000e+00  0.0000000e+00
   684 :  0.0000000e+00  0.0000000e+00  0.0000000e+00
   685 : -6.9940692e-34  1.5748827e-33 -1.7194566e-34
   686 :  0.0000000e+00  0.0000000e+00  0.0000000e+00
   687 :  0.0000000e+00  0.0000000e+00  0.0000000e+00
   688 :  0.0000000e+00  0.0000000e+00  0.0000000e+00
   689 : -5.9845306e-10 -7.8473601e-10  6.7276316e-10
   690 : -6.5882411e-34 -1.0373394e-33  8.4497890e-34
   691 :  4.1998894e-36 -3.3079074e-36  2.4448806e-36
   692 : -4.4133748e-40  3.4665474e-39 -4.6374842e-39
   693 :  0.0000000e+00  0.0000000e+00  0.0000000e+00
   694 :  0.0000000e+00  0.0000000e+00  0.0000000e+00
   695 :  1.9237327e-13 -2.4762230e-13 -1.3683364e-13
   696 : -7.9146101e-23 -8.8530575e-23  2.5471148e-22
   697 : -4.9674402e-41  5.1333984e-41  8.6124769e-42
   698 :  2.8385938e-12 -7.1298038e-13 -9.3475514e-13
   699 :  0.0000000e+00  0.0000000e+00  0.0000000e+00
   700 :  0.0000000e+00  0.0000000e+00  0.0000000e+00
   701 :  0.0000000e+00  0.0000000e+00  0.0000000e+00
   702 :  0.0000000e+00  0.0000000e+00  0.0000000e+00
   703 : -3.1696764e-04  1.3088139e-03 -3.3200705e-03
   704 : -2.6096058e-44  4.9113657e-45  1.6267144e-44
   705 :  0.0000000e+00  0.0000000e+00  0.0000000e+00
   706 : -2.6554708e-07  5.9083267e-07 -9.8449819e-07
   707 :  4.1971217e-23  9.4484998e-23 -6.7925556e-23
   708 : -1.6930676e-26 -1.8300692e-27  9.3098935e-27
   709 :  0.0000000e+00  0.0000000e+00  0.0000000e+00
   710 :  0.0000000e+00  0.0000000e+00  0.0000000e+00
   711 :  0.0000000e+00  0.0000000e+00  0.0000000e+00
   712 :  1.1220694e-21 -2.1775529e-21  5.0923595e-22
   713 :  3.4235649e-46  2.6384546e-44 -4.1819154e-44
   714 :  4.4531580e-02 -3.3882079e-02  4.4811023e-02
   715 :  3.0855784e-36 -1.4419771e-36 -1.9705974e-37
   716 :  0.0000000e+00  0.0000000e+00  0.0000000e+00
   717 :  2.4337817e-27  4.4164946e-27 -9.3344689e-27
   718 :  2.2233659e-43 -1.6687123e-43  1.1152342e-43
   719 :  6.8876160e-24  9.8490968e-24 -8.3038993e-24
   720 :  1.5443032e-04 -1.4084764e-04 -1.9524564e-04
   721 :  2.0891598e-13 -4.0506486e-13  6.7669272e-13
   722 :  0.0000000e+00  0.0000000e+00  0.0000000e+00
   723 :  0.0000000e+00  0.0000000e+00  0.0000000e+00
   724 :  0.0000000e+00  0.0000000e+00  0.0000000e+00
   725 :  1.2757422e-20  1.9092891e-20 -4.4776519e-20
   726 :  0.0000000e+00  0.0000000e+00  0.0000000e+00
   727 : -2.0138097e-20  2.1658088e-20 -2.3940973e-20
   728 : -5.8685739e-27  9.8218695e-27  2.0376430e-27
   729 : -1.5114460e-34  2.4775741e-34  5.4970393e-35
   730 : -6.9333031e-42  8.3386718e-42 -9.7585901e-42
   731 :  0.0000000e+00  0.0000000e+00  0.0000000e+00
   732 :  0.0000000e+00  0.0000000e+00  0.0000000e+00
   733 : -5.2225220e-40  1.6976174e-39 -5.8655185e-40
   734 : -2.2343404e-10  5.2095066e-10 -6.7294408e-11
   735 :  6.6989032e-43 -1.8476603e-41  8.8984082e-42
   736 :  3.2102499e-09 -1.2977987e-09 -5.4982861e-10
   737 :  0.0000000e+00  0.0000000e+00  0.0000000e+00
   738 :  1.8208406e-20 -2.1645976e-20  2.5730956e-20
   739 :  4.1402770e-05 -1.7731963e-03  7.6866771e-04
   740 : -2.3575748e-36  6.7496649e-36 -2.0268656e-36
   741 : -1.7610365e-14  5.3454636e-14 -3.2920629e-14
   742 :  3.3779987e-43  5.9247647e-43 -1.2682855e-42
   743 :  5.5933331e-37 -4.2508876e-37  2.9555357e-37
   744 :  9.5150765e-01  1.3524879e-01  8.9732386e-01
   745 :  0.0000000e+00  0.0000000e+00  0.0000000e+00
   746 :  0.0000000e+00  0.0000000e+00  0.0000000e+00
   747 : -2.0068873e-47  2.6407228e-46 -5.0838787e-46
   748 : -3.6619887e-39 -6.2552044e-39  1.6480551e-38
   749 : -4.2248713e-26  1.1369070e-25 -2.8674918e-26
   750 :  0.0000000e+00  0.0000000e+00  0.0000000e+00
   751 :  5.9806863e-02  9.5391478e-01  9.4182285e-01
   752 :  1.9704778e-38 -2.5707096e-38 -1.3771744e-38
   753 : -5.7075139e-28  1.5688917e-27 -4.0395890e-28
   754 :  0.0000000e+00  0.0000000e+00  0.0000000e+00
   755 :  1.0368517e-02  9.1266035e-01  1.3946923e-01
   756 :  0.0000000e+00  0.0000000e+00  0.0000000e+00
   757 :  0.0000000e+00  0.0000000e+00  0.0000000e+00
   758 : -9.1744408e-09 -1.2863392e-08  1.0781854e-08
   759 : -2.0652200e-39  1.3138385e-39 -5.8361342e-40
   760 :  0.0000000e+00  0.0000000e+00  0.0000000e+00
   761 :  1.7764186e-36 -2.6687178e-36 -8.9130827e-37
   762 : -1.7977988e-10  2.2102091e-10 -2.1680327e-11
   763 :  0.0000000e+00  0.0000000e+00  0.0000000e+00
   764 :  0.0000000e+00  0.0000000e+00  0.0000000e+00
   765 :  3.1750309e-02  6.6967726e-02  9.5117622e-01
   766 : -8.5472996e-45  2.0977139e-44 -3.8811474e-45
   767 :  1.3752972e-11  1.0702591e-10 -1.3591330e-10
   768 :  0.0000000e+00  0.0000000e+00  0.0000000e+00
   769 :  7.3200923e-02  4.2223801e-02  8.4550994e-01
   770 : -2.1635046e-34  2.6237074e-34 -3.1227400e-34
   771 : -4.9803113e-22  1.0256935e-21 -2.2599278e-23
   772 :  2.9832434e-17 -3.2159879e-17  3.5541333e-17
   773 : -1.1719139e-41  2.4064629e-41 -6.1709832e-43
   774 :  1.0392765e+00  9.4133469e-01  9.5566612e-01
   775 : -7.9151439e-09  2.2223280e-08 -6.4709113e-09
   776 :  2.8843103e-37  9.5287377e-37 -1.4463868e-36
   777 :  1.4576649e-38 -1.4245179e-38 -1.4988234e-38
   778 : -5.7703840e-37 -1.2954790e-36  9.3269604e-37
   779 :  0.0000000e+00  0.0000000e+00  0.0000000e+00
   780 :  3.0921593e-13  2.6608824e-12 -1.3658167e-12
   781 :  0.0000000e+00  0.0000000e+00  0.0000000e+00
   782 :  0.0000000e+00  0.0000000e+00  0.0000000e+00
   783 : -5.3058544e-39 -2.0289421e-38  3.5623552e-38
   784 : -1.4821429e-44  1.7491271e-44 -1.3338623e-45
   785 :  0.0000000e+00  0.0000000e+00  0.0000000e+00
   786 :  9.8984227e-01  9.9258851e-01  9.9652110e-01
   787 : -2.7133923e-02  2.7179319e-02  4.2044301e-02
   788 :  0.0000000e+00  0.0000000e+00  0.0000000e+00
   789 :  0.0000000e+00  0.0000000e+00  0.0000000e+00
   790 : -2.8572180e-29  5.5427519e-29  2.1574629e-30
   791 :  7.7889727e-26 -1.6035002e-25  4.1258717e-26
   792 :  2.2182394e-18 -1.1028396e-18 -3.5285412e-19
   793 :  3.3830224e-19  9.5836058e-21 -3.5028146e-19
   794 : -3.1329572e-34  8.7944556e-34 -2.5046552e-34
   795 : -3.8781047e-18  1.8292656e-16 -8.8679050e-17
   796 : -6.6671669e-22  2.3502139e-21 -4.0898621e-21
   797 :  0.0000000e+00  0.0000000e+00  0.0000000e+00
   798 : -1.4926768e-30 -2.6576359e-30  2.0707842e-30
   799 :  1.9676174e-43 -1.1608428e-42  7.5730932e-43
   800 :  4.3472938e-02  5.9531093e-02  8.7538803e-01
   801 :  0.0000000e+00  0.0000000e+00  0.0000000e+00
   802 :  3.0379761e-41 -5.2200854e-41 -8.5962923e-42
   803 :  0.0000000e+00  0.0000000e+00  0.0000000e+00
   804 :  8.3733545e-03  9.6633116e-01  9.2209129e-01
   805 :  3.0591621e-39 -8.9256097e-39  2.7984638e-39
   806 :  0.0000000e+00  0.0000000e+00  0.0000000e+00
   807 :  0.0000000e+00  0.0000000e+00  0.0000000e+00
   808 :  9.9923994e-01  8.7012395e-01  9.8586352e-01
   809 :  0.0000000e+00  0.0000000e+00  0.0000000e+00
   810 :  0.0000000e+00  0.0000000e+00  0.0000000e+00
   811 :  0.0000000e+00  0.0000000e+00  0.0000000e+00
   812 :  0.0000000e+00  0.0000000e+00  0.0000000e+00
   813 :  8.6641170e-42 -3.4145473e-41  1.6820831e-41
   814 :  0.0000000e+00  0.0000000e+00  0.0000000e+00
   815 :  0.0000000e+00  0.0000000e+00  0.0000000e+00
   816 :  0.0000000e+00  0.0000000e+00  0.0000000e+00
   817 :  0.0000000e+00  0.0000000e+00  0.0000000e+00
   818 :  0.0000000e+00  0.0000000e+00  0.0000000e+00
   819 : -6.3180316e-38  1.0224187e-37 -1.4132296e-37
   820 :  0.0000000e+00  0.0000000e+00  0.0000000e+00
   821 : -1.2260759e-18 -6.9013504e-18  4.0565399e-18
   822 : -9.7161087e-31  2.8525873e-30 -9.0867743e-31
   823 :  0.0000000e+00  0.0000000e+00  0.0000000e+00
   824 :  0.0000000e+00  0.0000000e+00  0.0000000e+00
   825 :  0.0000000e+00  0.0000000e+00  0.0000000e+00
   826 :  7.6765282e-22 -1.1515481e-19  4.8198850e-20
   827 :  0.0000000e+00  0.0000000e+00  0.0000000e+00
   828 :  1.9352838e-49 -3.5499954e-49  2.7470423e-50
   829 :  8.6558304e-30  2.4371864e-29 -1.6511441e-29
   830 : -6.0955705e-07  2.6936428e-06 -1.0508454e-06
   831 :  1.7656322e-06 -1.9713102e-06  2.2850346e-06
   832 : -2.6997012e-38  4.0664324e-38  1.3335727e-38
   833 :  8.2470669e-08  1.0930487e-06 -5.7877320e-07
   834 :  0.0000000e+00  0.0000000e+00  0.0000000e+00
   835 :  0.0000000e+00  0.0000000e+00  0.0000000e+00
   836 : -1.8868538e-34  3.2990790e-34 -7.0497476e-35
   837 :  0.0000000e+00  0.0000000e+00  0.0000000e+00
   838 : -2.9656559e-29 -1.4125037e-29  5.8752417e-29
   839 :  0.0000000e+00  0.0000000e+00  0.0000000e+00
   840 :  0.0000000e+00  0.0000000e+00  0.0000000e+00
   841 :  0.0000000e+00  0.0000000e+00  0.0000000e+00
   842 :  0.0000000e+00  0.0000000e+00  0.0000000e+00
   843 :  0.0000000e+00  0.0000000e+00  0.0000000e+00
   844 :  1.3681409e-44 -4.8186332e-43  9.5013591e-43
   845 :  0.0000000e+00  0.0000000e+00  0.0000000e+00
   846 :  8.6233047e-37 -4.1962853e-36  1.6638281e-36
   847 : -5.0179320e-48  1.6963389e-47 -2.8908846e-47
   848 :  0.0000000e+00  0.0000000e+00  0.0000000e+00
   849 :  0.0000000e+00  0.0000000e+00  0.0000000e+00
   850 :  2.7703701e-50 -7.0521960e-51 -1.3551494e-50
   851 :  9.6481782e-53 -7.0442196e-53 -1.2252137e-52
   852 :  0.0000000e+00  0.0000000e+00  0.0000000e+00
   853 :  3.8799979e-22 -4.4014149e-22  3.0907198e-22
   854 :  0.0000000e+00  0.0000000e+00  0.0000000e+00
   855 : -1.7761049e-19  1.5277600e-20  1.3253117e-19
   856 : -9.9459923e-25  8.3325056e-25 -6.8319618e-25
   857 : -1.2361437e-17  1.3914539e-17 -1.5811652e-17
   858 :  3.0734584e-32  7.7313174e-32 -5.3805203e-32
   859 :  0.0000000e+00  0.0000000e+00  0.0000000e+00
   860 : -6.5004813e-35  1.1591816e-34 -2.3460622e-35
   861 :  1.8824710e-32 -2.0022891e-32  2.1309784e-32
   862 :  4.1440047e-34  3.2735632e-34 -1.0843862e-33
   863 :  1.6750808e-27 -4.6241460e-27  1.1235849e-27
   864 :  5.1593234e-25 -1.2905504e-24  2.1167233e-24
   865 :  5.9678123e-16  2.2493840e-16 -1.0451859e-15
   866 : -7.6728389e-05  1.9072568e-04 -1.3966692e-05
   867 : -1.5659225e-12  2.3020553e-12  1.1559224e-12
   868 : -1.5927128e-38 -7.4252817e-37  7.7447097e-37
   869 : -3.1175404e-39 -6.8542812e-40  1.8999973e-39
   870 : -1.5138347e-45 -1.5718158e-44  8.6134149e-45
   871 :  3.5844704e-23  2.5315475e-23 -9.7187884e-23
   872 : -3.9669222e-23  1.6050989e-23  1.1602758e-23
   873 :  6.2690088e-05 -2.4257213e-05 -1.0394643e-04
   874 : -3.8239700e-04 -1.2402728e-04  2.2436661e-04
   875 :  0.0000000e+00  0.0000000e+00  0.0000000e+00
   876 :  5.1360939e-53  2.9816098e-52 -4.0088286e-52
   877 :  0.0000000e+00  0.0000000e+00  0.0000000e+00
   878 :  0.0000000e+00  0.0000000e+00  0.0000000e+00
   879 :  0.0000000e+00  0.0000000e+00  0.0000000e+00
   880 :  0.0000000e+00  0.0000000e+00  0.0000000e+00
   881 :  0.0000000e+00  0.0000000e+00  0.0000000e+00
   882 :  0.0000000e+00  0.0000000e+00  0.0000000e+00
   883 :  0.0000000e+00  0.0000000e+00  0.0000000e+00
   884 :  0.0000000e+00  0.0000000e+00  0.0000000e+00
   885 :  1.8901390e-28 -3.7187175e-28 -7.3248743e-30
   886 :  9.1859404e-32 -3.3554707e-31  5.8314819e-31
   887 : -2.7605192e-34  1.8820688e-34  5.9490995e-34
   888 : -5.6462125e-32 -1.1011776e-31  8.2913525e-32
   889 : -1.1908493e-10  4.7329940e-10 -1.7127645e-10
   890 : -9.8975208e-12  6.5644121e-12 -3.8409461e-12
   891 :  0.0000000e+00  0.0000000e+00  0.0000000e+00
   892 :  0.0000000e+00  0.0000000e+00  0.0000000e+00
   893 :  1.1012942e-39 -2.1199313e-40 -6.7733337e-40
   894 : -2.3730214e-36  2.3573133e-36  2.3913251e-36
   895 : -9.4216814e-11 -2.6784313e-10  1.7302842e-10
   896 :  7.1273874e-12 -2.6569565e-12 -1.7768556e-12
   897 :  0.0000000e+00  0.0000000e+00  0.0000000e+00
   898 :  0.0000000e+00  0.0000000e+00  0.0000000e+00
   899 :  3.4666461e-15 -1.4521312e-13  1.3624418e-13
   900 :  5.1639136e-15 -3.6190888e-15  1.1196580e-15
   901 :  6.0304078e-38 -3.4408457e-38  8.5419494e-39
   902 : -5.0837404e-36 -9.2858099e-35  1.0295279e-34
   903 :  9.5161658e-21  2.9924848e-21 -6.2509737e-21
   904 : -3.6529143e-23 -1.3672389e-23  7.2714466e-23
   905 : -2.2620306e-24  1.4866624e-24  3.8489624e-25
   906 : -1.3298038e-13  2.1906056e-13  5.2336517e-14
   907 :  3.4212060e-16  6.4318519e-16 -1.6396884e-15
   908 :  2.4086422e-24 -8.6165439e-25 -6.8237611e-25
   909 : -3.7369072e-22 -1.2792604e-21  8.2556214e-22
   910 : -1.3062633e-25  3.6736681e-26  4.2818665e-26
   911 :  8.2280536e-29  3.9709005e-28 -8.4248667e-28
