Number of elements 912
     0 :  1.8473056e-18 -7.7454589e-19 -3.1365759e-18
     1 :  1.0058376e-10 -2.1949687e-10  7.6099343e-12
     2 : -2.1610089e-03  4.3549582e-02 -9.3148800e-02
     3 : -2.1048018e-13  1.1572011e-13  3.2495049e-13
     4 : -7.6378285e-03  1.0478010e-01  5.2973793e-02
     5 :  4.9562767e-01  1.8924766e-01  7.3012078e-02
     6 : -1.5710848e-29 -9.0522063e-29  1.2304389e-28
     7 : -2.9398469e-10  1.3826120e-09 -6.5522790e-10
     8 : -7.8375529e-09  1.4247627e-09  3.5492568e-09
     9 :  1.4309000e-26  1.2502655e-26 -4.2790010e-26
    10 : -2.4651973e-09 -4.3309142e-09  1.1016878e-08
    11 : -2.3638213e-29  2.1048788e-29  3.0447609e-29
    12 :  4.3957560e-01  1.3225916e-01  1.0038102e-01
    13 :  3.8896572e-07 -7.1742206e-07  1.0693139e-06
    14 :  5.2193194e-15 -3.9547853e-16 -2.5992264e-15
    15 :  1.0887910e-07 -2.3978572e-07 -1.5341643e-07
    16 : -5.1044494e-31 -1.5035713e-30  2.4746541e-30
    17 :  1.6006341e-21  2.5061860e-21 -5.9743147e-21
    18 :  2.2640953e-08 -7.4226962e-08  1.7632991e-08
    19 : -3.9436119e-36  6.4697864e-37  4.6309268e-36
    20 : -2.3441673e-21  9.6980457e-21 -5.6640965e-21
    21 : -4.5566177e-07  3.9662165e-06  3.0634425e-06
    22 :  1.5788413e-06  1.7690599e-06 -6.0694630e-07
    23 : -1.4702692e-33  2.1271901e-34  2.4572334e-33
    24 : -2.9010433e-10  6.0845549e-10  3.0869745e-10
    25 :  3.7748605e-35 -1.2581724e-34  3.7302042e-35
    26 : -5.4953568e-10 -9.6409094e-10  4.6613032e-10
    27 : -8.9744035e-07  1.6106742e-07  1.2059944e-06
    28 :  1.9545006e-07  2.3376199e-06 -1.0032863e-06
    29 :  1.6918840e-11  7.4165498e-11 -1.1464608e-10
    30 :  4.3540594e-09 -1.5770162e-08  5.8888753e-09
    31 :  3.1571378e-14 -9.2956818e-14  1.3990868e-14
    32 :  3.3069591e-28  3.3222207e-28 -9.9628581e-28
    33 : -7.9307126e-06  8.0965420e-06 -4.2289154e-05
    34 :  7.7401190e-37 -6.7439653e-37 -9.2215233e-37
    35 :  9.0686663e-15 -1.7509207e-13  2.3779621e-13
    36 : -1.3077442e-01 -1.0100025e-01 -3.8905280e-02
    37 :  8.9715700e-04  4.4548365e-04 -3.8568693e-04
    38 : -5.4279723e-07  3.7211367e-06 -1.2731189e-06
    39 : -4.0225832e-12 -4.9486141e-11  8.6699901e-11
    40 : -1.0173929e-11  1.7718120e-11 -6.1438056e-12
    41 : -6.1655226e-07  1.3327721e-06 -3.8045703e-07
    42 : -5.4100048e-35 -5.1388643e-35  1.1557818e-34
    43 :  2.5971290e-19 -3.5208331e-19 -1.9581316e-19
    44 : -4.5632192e-05 -1.9138295e-04  2.6719924e-04
    45 : -2.5537685e-15  3.4917399e-16  1.8021315e-15
    46 :  8.8657665e-16 -6.8155864e-16  6.5313953e-16
    47 : -1.0661440e-27  3.6756275e-27 -6.8180527e-27
    48 : -8.4329540e-31 -3.3927491e-30  1.3782817e-30
    49 : -3.7775638e-08  1.3064973e-07 -3.6095815e-08
    50 : -3.3237982e-05 -1.3674104e-05 -2.0054665e-06
    51 :  1.5111077e-01 -3.3015420e-02  2.2771650e-02
    52 :  8.9370100e-09  1.3457965e-10 -2.3917086e-09
    53 :  1.1079619e-28 -1.3419651e-29 -9.2550950e-29
    54 : -2.6629568e-06  1.7487296e-06 -3.8138276e-06
    55 :  1.3500403e-06  4.7641476e-07 -3.6471651e-06
    56 :  1.1555643e-01  1.8123134e-01  2.2190020e-01
    57 : -1.5113122e-08  1.7365943e-07 -4.8676128e-07
    58 : -5.0758873e-03  1.5725249e-02 -9.1514057e-03
    59 :  1.9136536e-08  2.3614946e-08 -1.2822190e-08
    60 :  1.8218762e-05 -9.5256763e-06 -3.2506282e-05
    61 : -1.8755362e-02  6.6749864e-03 -1.2946024e-02
    62 : -4.2301553e-10 -9.6301096e-10  4.9285193e-10
    63 :  8.6320264e-05  4.6367053e-05 -6.1452657e-05
    64 :  9.0760948e-10 -3.0083364e-10 -1.6984992e-09
    65 :  5.4984658e-12 -5.5389543e-12  1.5699983e-12
    66 : -1.1658193e-13  6.2208430e-13 -2.3265920e-13
    67 : -1.2644073e-29  2.0875145e-30  2.5169844e-29
    68 : -5.9176378e-29  1.3906638e-28 -1.4049446e-29
    69 : -1.6139036e-29  1.4707472e-29  1.9201223e-29
    70 : -8.2499692e-17  1.6355461e-16  4.9458568e-17
    71 : -7.7529290e-05  2.3908638e-06  7.6106541e-05
    72 :  1.8045676e-31 -5.3602507e-31  1.5985099e-31
    73 : -4.9467543e-04  5.9544888e-04  6.9631095e-04
    74 :  4.5333627e-22  8.7312922e-22 -6.4465114e-22
    75 :  2.6125551e-24  1.9545727e-23 -7.8303126e-24
    76 :  3.5484493e-34  1.4132906e-31 -6.3568264e-32
    77 :  8.5388116e-24 -2.0226694e-23  1.8052984e-24
    78 :  3.1056347e-27 -1.0845312e-26  3.8901707e-27
    79 :  7.7889069e-20 -7.3408182e-20  9.6947973e-20
    80 :  6.5123413e-42  1.3731208e-41 -1.0993475e-41
    81 :  1.0931748e-26  4.1322080e-26 -2.5732659e-26
    82 :  1.1518581e-01 -1.5124273e-01  7.6461148e-03
    83 : -1.5555510e-36  1.4723922e-36  1.8347056e-36
    84 : -5.1124102e-34  1.2271025e-33 -2.4485093e-34
    85 :  3.7170624e-01  2.0462940e-01  2.2233147e-01
    86 :  6.4776063e-21  1.0692694e-21 -8.8209836e-21
    87 :  2.4796422e-19 -2.5912275e-19 -2.6715452e-19
    88 : -6.3514318e-13 -4.9225031e-13  5.6429725e-13
    89 : -4.2583803e-03  6.2825214e-04  2.1141330e-03
    90 : -1.3834326e-32 -4.6366706e-32  2.9607501e-32
    91 :  1.0935026e-01  1.4273196e-01  8.9631702e-02
    92 :  9.1702936e-16 -1.6717405e-15  5.7119224e-16
    93 : -1.6025463e-40  3.5613152e-41  6.4486924e-41
    94 :  3.9807071e-18 -3.0835887e-18 -8.3362057e-21
    95 :  5.0871662e-30 -2.3504062e-30 -1.6178225e-31
    96 :  1.7657943e-13 -1.9135565e-13  2.2532707e-13
    97 :  3.4106110e-15  9.5104153e-16 -7.6086008e-15
    98 : -2.5917095e-01 -1.4630824e-01  8.2051270e-02
    99 :  3.3718426e-27  6.6723698e-27 -4.6871904e-27
   100 : -1.3643535e-28  1.7169425e-28 -2.1916773e-30
   101 :  1.5479312e-12  5.9915453e-13 -8.9046211e-13
   102 : -8.2614473e-08 -2.2625915e-07  1.2590482e-07
   103 :  4.5075600e-38 -3.6094699e-38 -5.8346015e-38
   104 :  1.1329757e-16  6.1601039e-17 -8.4244004e-17
   105 :  1.2588323e-08 -2.1182943e-09 -3.9473210e-09
   106 :  1.4036581e-11  4.9531133e-11 -8.0767199e-11
   107 :  6.2445847e-12 -5.3406154e-11  4.6791981e-11
   108 : -1.8846906e-10 -3.4478822e-10  1.0153602e-09
   109 : -2.3306090e-07  5.7568218e-08  1.5898124e-09
   110 : -1.3111832e-04  2.3996516e-04 -1.0048809e-04
   111 :  6.5414170e-10 -2.3821797e-10 -1.4359954e-10
   112 : -6.3076899e-26  3.0647470e-26  1.1065171e-25
   113 :  1.2928716e-01 -1.6507918e-02 -1.8927572e-02
   114 : -2.4462072e-15  5.8458719e-16  1.6261811e-16
   115 : -3.6146386e-07 -8.3235059e-07  3.6303674e-07
   116 :  2.6053977e-04  7.3274556e-05 -1.4479943e-04
   117 :  1.2103603e-01  1.9286926e-01  1.3531539e-01
   118 : -1.8764608e-02  2.5259310e-02  5.3918446e-02
   119 : -1.0922769e-30 -2.8526634e-31  1.6925399e-30
   120 : -2.4912054e-14  1.3788743e-14 -5.2450853e-15
   121 :  2.6533005e-23 -2.0434972e-23 -1.8590959e-23
   122 : -2.5413459e-07  5.8891314e-07 -2.4941919e-07
   123 : -9.0474326e-38 -1.0047635e-37  2.1281726e-37
   124 :  2.2612395e-28 -9.8223799e-28  3.5786844e-28
   125 : -1.4841917e-40  4.1727542e-40 -1.2052165e-40
   126 : -8.3076987e-22  1.3472526e-20 -1.0378456e-20
   127 : -6.3982227e-23 -3.1198027e-23  1.7575549e-22
   128 :  6.1050359e-08 -2.6507424e-07  1.0443009e-07
   129 :  4.4001974e-19  6.4989724e-19 -1.9027107e-18
   130 : -3.4858272e-02 -3.1809233e-03  1.0280113e-01
   131 : -7.8209163e-06  5.0741012e-06 -6.5787287e-06
   132 : -7.3059594e-07  2.3632113e-06 -1.4723903e-07
   133 :  4.4551581e-04 -7.8921872e-04  1.5198162e-04
   134 :  2.2639210e-07 -8.9101269e-08 -2.5359157e-07
   135 : -6.9692730e-09 -4.0992954e-10  1.7241405e-08
   136 :  6.1712531e-12 -1.4306058e-11  5.0298519e-12
   137 :  1.4334767e-08  1.0664713e-08 -4.6999131e-08
   138 : -5.8101500e-11  5.4038747e-10 -5.4817925e-10
   139 : -3.8665807e-10  4.5123382e-10 -4.7336446e-11
   140 :  2.0530267e-25  5.9793691e-25 -3.6744333e-25
   141 :  4.1499594e-24 -1.6392557e-23  7.0246401e-24
   142 : -5.0454009e-10  7.9394478e-10 -1.5257300e-09
   143 : -4.1965926e-33  5.6776576e-31 -7.7284797e-31
   144 : -2.6937037e-11 -4.7635156e-11  3.0820446e-11
   145 :  1.6514223e-13 -4.7008237e-13  1.3008465e-13
   146 : -1.5307980e-16  1.2409296e-16  2.1266609e-16
   147 : -2.3737205e-32 -5.0882166e-31  2.5851835e-31
   148 :  5.2641020e-18  5.5428114e-18 -1.6810493e-17
   149 : -4.1999183e-02  1.3632219e-01  9.2963745e-02
   150 : -9.0371030e-14 -2.6707764e-13  4.8599621e-13
   151 :  1.4516725e-22 -3.4358276e-22  4.9991458e-24
   152 :  6.0635897e-19 -4.1438087e-19 -7.3466984e-20
   153 : -3.7629476e-02  9.5632892e-02 -3.0544411e-02
   154 : -2.2969363e-41  9.1123827e-42  2.8872703e-41
   155 : -3.9271917e-32 -2.4342023e-32 -1.0723533e-31
   156 :  3.2403321e-33 -8.9984038e-33  2.7694487e-33
   157 :  1.9892014e-15 -6.2104965e-15  2.1913583e-15
   158 :  3.7487467e-10 -1.2225158e-09  6.4101762e-10
   159 : -7.2261340e-13 -2.5087501e-12  1.5788896e-12
   160 : -3.5129787e-39  7.6054137e-40  1.3549713e-39
   161 : -4.1011572e-38  9.9479659e-38 -1.6100858e-37
   162 :  1.2764876e-01  1.1317777e-01  1.3183753e-01
   163 :  1.4928800e-06 -8.6864192e-07  6.4103771e-07
   164 : -5.3999857e-21  9.9553692e-21  2.0794566e-21
   165 : -1.2827508e-11  7.9712232e-11 -5.3920006e-11
   166 :  1.8941616e-32 -4.1416928e-33 -3.6264817e-32
   167 : -4.6038104e-09  1.5612226e-09  1.1393367e-09
   168 : -2.5518945e-07  2.0914927e-06 -3.2516835e-07
   169 : -6.2781866e-02  1.1130967e-01 -4.5751572e-02
   170 :  2.3572963e-29 -7.6603536e-30 -7.4903594e-30
   171 : -1.3978637e-31  2.8264614e-29 -5.6824802e-29
   172 :  9.6317072e-06 -1.2569838e-05 -4.1708997e-06
   173 : -1.2976252e-07  5.5687936e-08 -1.1449954e-07
   174 : -4.7392032e-11  2.8212873e-11  2.3993963e-11
   175 : -1.8706292e-16  4.1601305e-17  2.1948266e-17
   176 :  3.8017012e-28 -3.2188724e-27  2.2462540e-27
   177 :  3.1378480e-10 -6.9320328e-10 -1.1543268e-10
   178 : -4.3639786e-01 -3.8045828e-01 -4.9626435e-01
   179 :  5.0876386e-10 -3.8529291e-09  2.3191342e-09
   180 :  8.5549477e-32  1.1401405e-32 -1.8688752e-31
   181 : -1.3194834e-06  3.3213703e-06  2.7688716e-06
   182 : -2.2189045e-18  1.9625031e-18 -2.2383631e-18
   183 : -1.7106890e-04  1.4358486e-06  1.1434193e-04
   184 :  8.1195409e-41  1.1439883e-39 -5.9372225e-40
   185 : -6.1017606e-22  1.4093474e-24  2.7864688e-22
   186 :  1.1359345e-14 -3.7454215e-16 -1.0267180e-14
   187 : -3.3473108e-09  8.8568529e-09 -5.7224722e-10
   188 : -1.5168777e-01 -8.9250595e-02 -5.3844337e-02
   189 : -4.8848494e-09  3.1964644e-08 -2.0411695e-08
   190 : -4.0566862e-11  1.5976717e-11  3.2046069e-12
   191 :  2.0397915e-37 -1.6936507e-37 -2.6890677e-37
   192 :  2.6539324e-05 -1.5341633e-05 -6.4163102e-05
   193 :  2.0745443e-01  1.1400030e-01  1.0921903e-01
   194 : -1.7467879e-01 -1.3212235e-02  3.1580370e-01
   195 : -4.2164287e-16 -1.7222006e-16  2.7405420e-16
   196 :  7.7272660e-32 -2.8100639e-32 -1.3776471e-31
   197 : -3.2915507e-31  5.5652646e-31  1.1231229e-31
   198 :  1.0037242e-12 -2.4269580e-13 -4.3137316e-13
   199 : -2.5382429e-02  9.5378853e-02 -2.2694099e-02
   200 :  5.0290701e-28 -1.4454815e-27  6.4539425e-28
   201 :  3.6593397e-06 -2.2912444e-06  3.2297929e-06
   202 : -2.3043752e-15  5.9528249e-16  2.0289125e-16
   203 :  1.9558813e-34  2.2177732e-34 -1.9407324e-34
   204 :  8.3655795e-17  5.1249235e-15 -4.5285315e-15
   205 : -9.5331523e-06  1.1117250e-06  4.2377308e-06
   206 : -5.4736888e-34  1.9219343e-34  7.5139260e-35
   207 : -6.7489892e-32  4.2745780e-32 -2.3995422e-32
   208 : -1.6359885e-23  2.1373275e-23  4.6160809e-24
   209 :  2.1757615e-02  2.1016678e-01  7.1596987e-02
   210 :  2.1463971e-16 -2.6785975e-16 -1.8986125e-16
   211 :  7.1236720e-34 -4.3419415e-34  2.3302660e-34
   212 :  1.2821316e-09 -4.4822304e-09  9.4853919e-10
   213 :  6.2340643e-32 -8.2822108e-31  9.9315779e-31
   214 : -5.6262819e-02 -8.6592747e-02  1.6103234e-01
   215 : -4.1177450e-01 -1.5888310e-01 -2.2184513e-02
   216 : -5.3856298e-09  6.3448483e-09  5.6002712e-09
   217 :  1.0463592e-40  4.2133803e-40 -2.5245759e-40
   218 : -8.9913817e-26  9.9449691e-25 -8.0929696e-25
   219 : -8.4772228e-07  2.6905473e-07  9.7999203e-07
   220 :  3.8142652e-21 -1.1756154e-22 -3.2046357e-21
   221 :  1.9968325e-27 -1.9427984e-27 -2.4953314e-27
   222 : -9.1221612e-03  7.1439565e-04 -1.0594910e-02
   223 : -2.4782754e-05  8.4490933e-04  1.4729828e-05
   224 : -3.4920553e-13 -3.7845607e-13  1.1439094e-12
   225 :  1.2191992e-21 -1.0081240e-20  7.5952095e-21
   226 : -7.7484222e-28  3.4383982e-28  2.7124448e-28
   227 : -2.0567621e-15  4.9014116e-16  7.6043342e-16
   228 :  6.4691262e-14  8.9621039e-14  1.2914121e-14
   229 : -5.7398560e-18  5.8139265e-18 -2.1667593e-20
   230 :  1.4121910e-28  1.8283284e-28 -1.4964199e-28
   231 : -7.2039454e-29  2.1160594e-28 -6.0140607e-29
   232 : -2.0020087e-38 -1.6266103e-38  1.7595535e-38
   233 :  1.1049589e-27 -6.0168208e-27  4.5152008e-27
   234 :  1.3947241e-01 -6.1343831e-02  1.3696463e-01
   235 : -2.8967893e-05 -6.3613241e-06  1.5459215e-05
   236 : -1.5407489e-25  2.0834354e-25  1.2685545e-25
   237 :  2.0040607e-23 -1.0579509e-22  8.4750818e-23
   238 :  1.1894024e-35  1.6845352e-36 -6.7166747e-36
   239 :  3.0777028e-27 -2.6311209e-27  2.0136209e-27
   240 :  9.5546956e-33  5.6644754e-33 -2.5731027e-32
   241 : -4.8079743e-09  8.7745027e-08 -1.0954741e-07
   242 : -1.7363400e-07 -6.6783616e-08  2.9689853e-07
   243 : -7.8832400e-03  7.4256861e-04 -6.9069728e-03
   244 : -3.6894920e-05 -1.0364734e-04  2.2579906e-04
   245 :  4.5023571e-26 -7.0814604e-27 -7.0233120e-26
   246 : -7.8447474e-08  2.9445990e-08  1.7939901e-08
   247 : -7.0849647e-03  5.0843912e-03 -9.2446447e-03
   248 :  1.2128815e-39 -2.0370514e-39 -4.4051749e-40
   249 :  9.2954033e-21  1.3582160e-19 -1.5030507e-19
   250 : -1.9540200e-07  6.9087963e-08 -3.2933856e-09
   251 : -1.8727641e-14  3.0745569e-14  8.6562394e-14
   252 : -2.2264221e-28  4.2077275e-28 -2.7442010e-29
   253 :  7.5799918e-35 -8.3045600e-35  1.0074120e-34
   254 :  5.6045555e-02 -1.0400632e-02 -1.6882380e-02
   255 :  3.4958527e-15  1.0510866e-15 -1.8294238e-15
   256 : -6.8673055e-08 -1.3767851e-07  8.2696946e-08
   257 : -3.3561781e-06 -1.7878677e-04  2.5263760e-04
   258 : -2.7900307e-16  2.5686311e-16 -2.3544783e-16
   259 :  8.8121823e-23 -1.2707138e-22  1.8873258e-22
   260 : -9.5448101e-08 -2.6883353e-07  4.0948387e-07
   261 : -2.6824611e-15 -1.9522032e-15  1.0154364e-14
   262 :  2.5702204e-26 -1.1986338e-25  8.4724854e-26
   263 : -1.6959908e-29  1.7763011e-29  1.8992649e-29
   264 : -4.4675894e-14  4.4837367e-14 -5.5579186e-14
   265 : -3.8307624e-07 -2.0153575e-07  4.5874000e-07
   266 :  3.6159735e-20  2.2210219e-19 -1.1226829e-19
   267 : -9.4019171e-18  1.7482053e-17 -3.9136945e-18
   268 :  2.8410031e-30  1.0128313e-29 -2.3554613e-29
   269 : -6.2492198e-03  1.9963529e-03  2.4482393e-03
   270 : -2.9343405e-17  1.0204424e-16 -3.6596143e-17
   271 :  3.3274737e-06 -1.2696863e-06  1.4791350e-06
   272 :  5.3110226e-17 -1.5437513e-17 -1.7711717e-17
   273 :  1.3404335e-28 -1.3241467e-28 -1.4227780e-28
   274 :  1.8634015e-08  3.9016175e-08 -1.2822589e-07
   275 :  3.2516888e-24  2.5259237e-24 -1.0062619e-23
   276 :  8.6928274e-06 -1.1728258e-05 -1.4236843e-06
   277 :  8.0805228e-27  3.7273480e-27 -2.0965631e-26
   278 : -3.3222188e-08  3.6428999e-09  7.7168626e-08
   279 :  1.1349875e-14  1.2764028e-15 -4.8628157e-15
   280 :  2.7962585e-01  5.9120955e-02  1.8676190e-01
   281 :  1.3327446e-13 -2.1656880e-13 -9.5435511e-14
   282 : -2.1264753e-20  3.3129328e-19 -7.4988824e-19
   283 : -9.5649185e-24  4.1357805e-24  1.5171427e-23
   284 :  1.0019676e-25  2.4795171e-26  1.9119706e-25
   285 :  9.6473676e-02  3.9029419e-02 -2.6295940e-02
   286 :  1.8245506e-08  5.9804461e-09 -4.5318243e-08
   287 : -3.7716207e-11  9.5787637e-11  2.9431524e-11
   288 :  1.0427254e-01  9.9741892e-02  6.6674655e-03
   289 : -9.7699675e-12  3.4105607e-11 -8.2735013e-11
   290 :  9.7562928e-02  1.4742192e-01  4.4429072e-02
   291 :  1.6054336e-15  2.5610972e-15 -1.2988987e-15
   292 :  1.4055904e-03  7.2507609e-04 -3.1421668e-03
   293 : -1.2849111e-22  5.5598892e-23  2.0655929e-22
   294 : -1.8331431e-09 -2.3733167e-09  7.5586183e-09
   295 : -3.0231240e-34 -3.4399821e-33  1.7767425e-33
   296 :  1.4848359e-06 -1.3635220e-05 -3.0444603e-06
   297 :  3.0021226e-12 -1.0225168e-11  3.1913571e-12
   298 :  2.3185867e-14 -1.2816943e-12  6.6874004e-13
   299 : -1.6055981e-36 -4.1805155e-37  3.2785385e-36
   300 : -1.2993573e-05  6.0967531e-06  4.2435083e-06
   301 : -8.7153239e-15  1.8785168e-14 -4.6236735e-15
   302 :  1.6093716e-08 -5.8371262e-08  2.0648807e-08
   303 :  1.6436328e-10  5.0748430e-10 -3.2389622e-10
   304 :  7.0549309e-10 -2.2813023e-09  7.3921534e-09
   305 : -3.8396613e-15  2.4111929e-15  6.2788671e-16
   306 :  5.2734419e-04  2.6567577e-04 -2.8299921e-04
   307 : -2.3845886e-09  2.0978186e-10  1.4389825e-09
   308 : -3.1335152e-13 -3.5960748e-14  4.1706029e-13
   309 :  9.8697011e-37  6.8656136e-35 -3.4130282e-35
   310 : -1.2436028e-11 -1.1332800e-11  4.1765954e-11
   311 : -1.6939599e-08  5.5558743e-09  3.6464036e-08
   312 : -3.0513522e-32  4.8064314e-32 -8.2436347e-32
   313 :  3.3844399e-23 -1.3012985e-22  4.2938256e-23
   314 : -5.1707764e-35 -2.8630689e-35  1.0528471e-34
   315 : -3.3966162e-27 -1.4823345e-26  8.4613390e-27
   316 :  6.9638212e-04  4.2851699e-04 -1.6432141e-04
   317 : -1.1047564e-36 -4.5497132e-36  6.6098788e-36
   318 :  1.0131741e-06 -8.2965152e-06  2.2578080e-06
   319 : -2.6736117e-06  2.3180959e-06  4.8894512e-06
   320 : -4.3881910e-01  1.7511864e-02 -8.9933631e-02
   321 : -5.2856863e-04  5.8667036e-04  1.5351617e-03
   322 : -1.0651200e-34  2.5327878e-34 -3.7832926e-35
   323 :  1.1619582e-38 -1.7463597e-38  3.0863426e-39
   324 : -7.1471171e-26  2.1290236e-25 -5.8660620e-26
   325 :  1.0584650e-22 -4.2258638e-22  8.2836685e-22
   326 : -2.7707919e-02  6.5377221e-02  7.6909833e-02
   327 :  1.7960677e-01 -4.4392131e-01 -4.0835728e-02
   328 : -1.4121483e-07 -1.5808296e-08  4.6057869e-08
   329 :  6.7598440e-25 -1.2210620e-23  5.7300838e-24
   330 : -1.2658619e-38 -5.4066091e-38  7.8758158e-38
   331 :  1.4619860e-17 -1.3016307e-16  9.7031088e-17
   332 :  1.5920428e-09  7.9735570e-10 -1.0410582e-09
   333 :  1.5637696e-22 -9.4698222e-23  5.5989728e-23
   334 : -9.8509523e-07  1.1330155e-06  3.5804143e-06
   335 : -4.8097120e-09  9.6445650e-09  1.9688907e-10
   336 :  2.0227305e-08 -1.8015865e-08 -2.3643678e-08
   337 :  2.4030943e-35 -2.2008194e-33  2.3308284e-33
   338 : -1.8227031e-07  9.2371353e-08  3.3948590e-08
   339 :  6.2910757e-25 -1.3759267e-25 -1.1975491e-24
   340 : -3.8996436e-07  2.1770214e-06  1.3806526e-06
   341 : -6.1178031e-33  4.1275238e-33  1.2854747e-33
   342 : -1.2520501e-27  2.1951840e-28  2.4502503e-27
   343 :  3.4573476e-14 -9.1635685e-15 -1.1978231e-14
   344 : -2.9554905e-06 -3.2256852e-05  5.8805965e-06
   345 :  1.5355988e-01 -7.9636342e-03 -3.0575466e-02
   346 : -4.5463378e-27 -4.5624869e-27  4.1871233e-27
   347 :  2.0282923e-06 -9.1011183e-07  3.6022853e-06
   348 : -1.8382267e-14  5.2529049e-14 -1.7592135e-14
   349 :  6.9228682e-16  1.7099100e-17 -4.3219179e-16
   350 : -2.2539002e-06  6.1224300e-07  5.6815731e-06
   351 :  5.5977733e-21  5.3699903e-21 -4.9827037e-21
   352 : -4.3866466e-06 -7.8372642e-07  7.0586590e-06
   353 :  1.0903072e-09  1.4939362e-08 -4.9839249e-09
   354 : -1.2540040e-01 -5.6197539e-02 -1.6042196e-01
   355 :  5.8686302e-02  1.0231461e-01  1.6351372e-01
   356 :  1.2158941e-33  1.9770840e-33 -4.5354400e-33
   357 :  4.4591001e-06  2.3431781e-05 -6.7485818e-05
   358 : -2.4197850e-16  5.9890300e-16  3.4410825e-18
   359 : -1.7704641e-40  4.6808129e-40 -1.4780756e-40
   360 :  2.8887953e-06 -9.9326081e-07 -8.2212818e-07
   361 : -2.2330761e-20  1.2222641e-20  4.2812725e-21
   362 : -3.5021768e-14  3.3949451e-14 -4.2677758e-14
   363 : -2.7547099e-18  5.8818901e-18 -1.0627012e-17
   364 :  4.1652568e-20  9.9006353e-19 -4.4547136e-19
   365 : -2.4233075e-14  1.0534847e-14 -4.8399491e-16
   366 :  9.4154568e-31  2.7120834e-30 -4.6084750e-30
   367 : -9.8349317e-12 -4.6583166e-12  1.5577566e-11
   368 : -3.8213247e-07  1.6437681e-06 -4.1032615e-07
   369 : -4.3377557e-15  2.3961910e-14 -1.7870010e-14
   370 : -8.7798074e-18  2.0979490e-17 -2.8079821e-18
   371 :  1.1409806e-30  1.7524444e-31 -1.4735997e-30
   372 :  5.6829992e-14 -6.0331866e-14 -5.8378264e-14
   373 : -3.2461313e-09 -2.6452653e-09  1.2050844e-08
   374 :  8.2632849e-02 -1.3426078e-02 -2.4754068e-02
   375 : -2.1586521e-22  6.0992340e-22 -1.8655966e-22
   376 : -1.7913102e-34 -1.0181691e-33  1.3686625e-33
   377 :  1.6941699e-12  6.8274936e-13 -7.8711212e-13
   378 :  1.8059620e-18 -2.5752054e-17  1.3973659e-17
   379 :  2.2617080e-37 -6.5629949e-37  2.1006648e-37
   380 : -1.0882861e-03  5.1479956e-04  2.6768944e-04
   381 : -9.8240895e-17  9.9561814e-16 -3.8793097e-16
   382 :  4.0460765e-22 -4.7035790e-22 -3.7821887e-22
   383 : -2.9537228e-05 -3.2050074e-05  3.1009013e-05
   384 : -4.2543721e-21 -9.5117691e-21  1.0047788e-20
   385 :  3.1704596e-08 -6.9444745e-08 -9.0051418e-09
   386 :  6.9843964e-04 -1.6629854e-04  9.9125785e-06
   387 : -1.6405067e-24  3.5627715e-25  3.2086923e-24
   388 :  1.5745721e-01  1.9251461e-01  6.2643370e-02
   389 :  5.5901995e-20  5.0284956e-21 -9.4791557e-20
   390 :  1.0801637e-07 -1.9993346e-07 -7.6387130e-08
   391 :  6.0837471e-17  2.4337296e-16 -1.4396628e-16
   392 : -6.1832987e-05  1.9038154e-05  7.3424419e-06
   393 : -4.3608555e-05 -7.5317890e-05  1.3415062e-04
   394 : -1.4146197e-20  3.8068531e-20 -6.6657593e-21
   395 :  3.5064957e-12 -3.6962800e-12  5.2276369e-12
   396 : -3.7733864e-37  6.4119135e-37 -9.5415069e-37
   397 : -1.4147417e-05  5.0308853e-05  1.7738918e-06
   398 : -3.4899982e-10  1.8242038e-09 -6.2617118e-10
   399 : -8.7089381e-05  4.5496246e-04 -2.2658267e-04
   400 :  1.2469847e-10  2.9517626e-10 -8.5946074e-10
   401 : -6.6424706e-09  1.2210338e-08  6.9913447e-09
   402 :  2.7368610e-19 -5.8962578e-20 -8.6384568e-20
   403 : -3.2371294e-19 -1.5144101e-18  2.1263164e-18
   404 : -1.9234101e-31 -1.7924130e-31  6.7050232e-31
   405 : -9.0877611e-12 -7.3168909e-13  8.2025157e-12
   406 :  3.3712534e-06  3.3649626e-07 -1.0654496e-06
   407 :  4.1463187e-04 -2.3581696e-04  1.7535282e-04
   408 : -2.0620942e-03  1.1770259e-03  4.9077476e-04
   409 : -7.1118492e-11 -6.3585499e-11  5.7534989e-11
   410 : -1.1846325e-01 -1.2636500e-01 -2.6377494e-02
   411 :  6.0931612e-11 -1.7995866e-10  2.8714063e-11
   412 : -5.6347770e-09  4.3382573e-09  9.6675508e-09
   413 :  6.2171220e-34  3.3093932e-34 -1.5386102e-33
   414 :  1.8522766e-01 -7.6783149e-03  1.9401694e-01
   415 :  2.2362491e-10 -4.4853714e-10 -2.0422636e-10
   416 :  2.5464604e-24  1.8779361e-24 -6.4466904e-24
   417 :  1.9604204e-07  1.1710745e-06 -2.2837168e-08
   418 : -5.6467073e-05  6.4501395e-04  8.8742860e-04
   419 :  2.7179823e-30 -3.4269015e-30  2.6780238e-31
   420 : -4.4767370e-28  1.7790516e-27 -8.6768717e-28
   421 : -1.2374307e-25  5.8234600e-25 -2.9788342e-25
   422 : -4.1850831e-15  1.0837684e-14 -3.1737009e-14
   423 : -1.2473296e-12  2.7492448e-11 -1.6166464e-11
   424 :  4.8990939e-21 -1.6146031e-20  5.3793439e-21
   425 :  6.3597419e-25 -2.9726867e-24  1.0228646e-24
   426 :  4.4168050e-17  4.7848883e-17 -4.0509628e-17
   427 : -3.8800077e-19 -8.8357451e-19  2.2521981e-18
   428 : -1.3616523e-19  1.9880485e-19  1.1219032e-19
   429 : -1.8702617e-09 -1.2883564e-09  7.8522515e-10
   430 :  4.3736519e-09  1.1867231e-08  1.8164847e-09
   431 : -1.5369029e-11  2.4139664e-11  1.4286863e-11
   432 : -9.2150457e-14  1.3121445e-13 -2.0389813e-13
   433 : -9.2651879e-33  7.7998008e-33  1.1030037e-32
   434 : -5.8102605e-03  1.1824553e-03  6.7580067e-04
   435 : -3.2148834e-11  2.1016714e-11 -1.4773438e-11
   436 : -1.3633152e-21  7.9163188e-23  2.8997052e-21
   437 :  1.8648322e-06 -2.3845680e-06  3.4585985e-06
   438 : -1.9559990e-07  1.1346582e-07 -4.3698143e-07
   439 :  8.0567109e-05 -7.4204833e-05  3.7823428e-05
   440 :  1.3987735e-25 -5.1473983e-25  1.7435425e-25
   441 : -4.1104344e-36 -2.3671882e-36  8.5322476e-36
   442 :  4.7437971e-06  8.5122492e-07  1.8359902e-07
   443 : -1.1383342e-13  2.5088935e-13  6.1635193e-14
   444 :  4.6852753e-07  4.3492606e-07 -2.0678671e-07
   445 : -5.9484720e-16  2.2225344e-16  4.6313261e-17
   446 :  1.1929152e-01  6.7105225e-02 -3.1583089e-02
   447 :  1.3213732e-16 -1.8151298e-16  2.7932047e-16
   448 :  8.9981514e-11  7.7496620e-10 -3.0353071e-10
   449 :  6.9212422e-33 -8.9597785e-33 -5.2825114e-33
   450 : -1.9698843e-35  2.0188288e-35  2.0466726e-35
   451 :  1.7691007e-02 -1.1080147e-02 -1.3506808e-02
   452 :  3.6975969e-02 -5.1286498e-02  1.1611681e-01
   453 :  7.7330578e-02  5.8690983e-02 -1.4570640e-02
   454 :  7.3469686e-02  1.7418644e-01 -6.7561618e-02
   455 : -6.2365844e-19 -2.0324749e-19  6.0593037e-19
   456 : -6.2107686e-10  2.8306825e-10  4.0811310e-11
   457 :  1.3223033e-36  3.3111261e-36 -5.5558298e-36
   458 : -4.3419159e-18  1.2313488e-17 -5.3163080e-17
   459 :  4.7019446e-11  4.3971564e-11 -1.5718609e-10
   460 : -5.8058950e-10  2.1405752e-09 -2.8625132e-10
   461 : -9.9251158e-17  7.9828414e-17  1.5212215e-16
   462 : -3.5829819e-14  7.0646002e-14  1.2273082e-14
   463 :  7.3445361e-26 -7.1916374e-26 -1.6928485e-26
   464 : -5.5475477e-07 -3.1989324e-07  4.4853072e-08
   465 : -8.2344657e-10  3.0206484e-10  5.9167275e-11
   466 :  1.7263671e-04 -8.7104763e-05 -5.0188961e-05
   467 : -7.0058428e-27 -1.6457715e-27  1.1625012e-26
   468 : -6.0396225e-24  2.0512857e-23 -5.7139677e-24
   469 :  9.6025516e-37 -1.3852966e-36 -9.3573550e-37
   470 :  5.2183035e-34 -6.3345929e-34  4.7950446e-35
   471 : -1.9557839e-21  2.7178085e-21 -1.3320036e-21
   472 :  3.9033226e-25 -4.7971727e-25 -4.0160205e-25
   473 :  1.2135327e-08  3.2302606e-08 -5.6009697e-08
   474 : -4.2067474e-30  4.8870243e-30  2.9463243e-30
   475 : -3.4886824e-20  4.3421053e-20 -6.7182887e-20
   476 : -1.3852927e-20 -4.7209581e-20  2.6200851e-20
   477 : -6.9369427e-39  6.0252913e-39 -6.5324517e-39
   478 :  1.1300854e-10 -2.7259405e-10  9.6297411e-11
   479 : -9.2170841e-39  2.4730223e-38 -6.2115107e-39
   480 :  4.8299796e-04  1.0724935e-03 -8.8293565e-03
   481 : -5.1507296e-19 -1.3482368e-18  4.1438290e-18
   482 : -1.9349772e-28  6.1094110e-28 -2.0241827e-28
   483 :  5.5367039e-05  5.8262480e-04  6.5610238e-04
   484 :  6.5134667e-11  6.0534994e-11 -3.7563455e-11
   485 :  7.4791072e-11 -1.1519734e-10 -5.4907296e-11
   486 :  8.2338131e-03 -1.5477650e-01 -1.1555889e-02
   487 :  5.7374975e-10 -6.4816137e-10  5.1820942e-10
   488 : -6.7564651e-03 -2.9065271e-03  5.5608597e-04
   489 : -3.4712192e-30 -1.1310945e-30  8.3115437e-30
   490 :  7.4904362e-26  1.6001435e-26 -4.4013568e-26
   491 :  3.5263221e-27  9.0968288e-27 -6.1717105e-27
   492 :  1.1259031e-08 -2.5170138e-08  5.3637497e-08
   493 :  2.9537147e-06 -2.2906404e-05 -1.5474203e-05
   494 : -5.2689270e-04  3.7869201e-04  6.4944973e-04
   495 : -4.3412773e-13 -1.6966079e-12  2.3957824e-12
   496 : -2.4086755e-23  9.1794990e-23 -4.3723728e-23
   497 :  2.2522878e-35  1.3026523e-34 -7.1479080e-35
   498 : -4.0980337e-33  2.0798740e-32 -4.0898843e-32
   499 :  1.5397300e-03 -4.7092912e-03 -2.7138418e-03
   500 : -3.6603479e-36  2.9626995e-36  4.7827927e-36
   501 :  1.0042196e-39 -2.1650204e-38  1.5627876e-38
   502 : -4.8503224e-07  1.5133146e-06 -5.2805556e-07
   503 : -1.7005421e-07  1.2890710e-06 -3.1223670e-07
   504 :  6.0460863e-11 -1.2385021e-10  6.6376399e-11
   505 : -6.7382473e-03  2.3227434e-03  1.2431426e-03
   506 :  1.4098576e-25 -3.1379331e-25  1.0816215e-26
   507 : -1.7625970e-23 -1.2367271e-23  3.8187436e-23
   508 : -1.8146197e-24  3.1359931e-23 -1.6213523e-23
   509 : -5.7606387e-10 -1.9656270e-09  5.2193966e-09
   510 :  7.6635068e-25  1.0418912e-23  3.6180338e-23
   511 : -1.1055227e-17  6.3961138e-19  3.4194821e-17
   512 : -1.9784282e-18 -1.2555237e-17  6.0505340e-18
   513 : -8.3020710e-13 -7.7323048e-13  2.6090546e-12
   514 : -8.7791558e-12  3.9084645e-11 -1.1693973e-11
   515 : -9.3848567e-06  1.8084460e-05 -3.7621658e-05
   516 :  4.5857895e-24  1.2628226e-23 -8.3030063e-24
   517 : -3.3928854e-05  1.2398506e-05 -1.2774141e-05
   518 :  6.6029439e-12  2.2266423e-12 -1.0681709e-11
   519 : -5.0356421e-17  1.6366734e-16 -5.0426191e-17
   520 : -4.8027276e-13 -4.7559831e-13  1.1408558e-12
   521 :  6.0440526e-08  3.9002851e-07  1.6948703e-07
   522 : -1.3096275e-01 -9.3763946e-02 -1.0309508e-01
   523 : -1.5230844e-04 -7.5784436e-05  1.1980798e-04
   524 : -1.1321428e-13 -9.9131214e-14  7.8426907e-14
   525 :  7.8277066e-11 -5.2791436e-11  8.0903480e-11
   526 : -6.1045576e-18 -2.5793874e-18  9.0176527e-18
   527 : -9.2423103e-31 -8.1431525e-30  1.1889291e-29
   528 :  2.0911212e-01  1.9474187e-01  1.5020325e-01
   529 : -1.6505198e-09  1.1476260e-08  5.6672317e-09
   530 : -6.4045900e-04  1.6922934e-03  3.6783623e-04
   531 :  7.2365764e-08 -4.8635023e-08  8.9433938e-09
   532 : -9.3134439e-18  9.5785322e-17 -7.3171970e-17
   533 :  2.5528366e-40 -2.5503933e-40  2.6972202e-40
   534 : -5.8916071e-41 -2.5050725e-40  5.7731340e-40
   535 :  9.7380662e-29 -1.9827457e-28 -1.5261310e-29
   536 :  8.9984008e-05 -2.1127993e-05 -5.4860000e-05
   537 : -1.7644873e-07 -1.6570909e-07  7.8830304e-08
   538 : -8.7292922e-10  5.2817661e-10 -5.1899903e-10
   539 : -1.7287865e-29  5.8746165e-29 -2.0131774e-29
   540 : -5.0619823e-26  1.3246075e-25 -2.9650703e-26
   541 :  2.2609976e-24  3.9730696e-24 -9.2616667e-24
   542 :  4.6704176e-13  8.0025279e-13 -4.9141422e-13
   543 : -4.1688466e-31 -4.6181678e-31  3.4477665e-31
   544 : -4.4437821e-12  9.5669973e-12  1.7709209e-12
   545 :  6.0690581e-22  1.8080874e-22 -1.5148464e-21
   546 : -3.3560591e-03 -3.2688214e-03  1.4842049e-03
   547 :  9.1975117e-28 -2.3343355e-27  4.7977696e-28
   548 : -1.5027351e-05  1.2841573e-05 -1.6886296e-05
   549 : -1.9825821e-23 -1.2284950e-23  4.7807419e-23
   550 : -6.7350953e-09  2.0604611e-08 -4.9905194e-09
   551 : -4.3533416e-05 -4.9185502e-05  1.3766048e-04
   552 :  6.3334853e-07  1.2604034e-06 -2.1687403e-07
   553 : -1.7183609e-07  3.4916280e-08  6.0772588e-08
   554 :  8.8886049e-23 -3.8211636e-22  1.3255834e-22
   555 :  1.1859820e-13  1.5809315e-13 -3.6573129e-13
   556 :  2.6090993e-24  3.2466357e-24 -2.6585521e-24
   557 :  1.7649742e-01  1.3839916e-01  5.6720097e-02
   558 :  1.4092416e-08 -5.1403822e-08  1.5675652e-08
   559 : -9.4670085e-07 -6.6897479e-06  5.6891653e-06
   560 :  2.8008413e-08  1.0476065e-09 -1.1845481e-08
   561 :  6.7794565e-02  1.4010757e-01  8.4671438e-02
   562 :  3.1067439e-19  3.4980015e-18 -1.7684867e-18
   563 :  4.3565338e-35 -1.3065225e-35 -1.6108193e-35
   564 :  2.6389186e-04 -1.0500997e-04  1.3268841e-04
   565 :  7.0565644e-04  1.2489116e-04  7.2994907e-04
   566 : -2.8623238e-27 -1.3409543e-25  1.9525054e-25
   567 : -6.9551476e-14  2.2487477e-13 -5.7146221e-14
   568 : -1.0018929e-05 -1.9858358e-06  4.2818755e-05
   569 :  3.4577417e-05 -5.5758201e-05 -1.8412603e-05
   570 :  4.9591490e-22 -9.6166911e-22 -2.0621731e-22
   571 :  4.7474933e-14 -6.5637600e-14  5.6728051e-15
   572 :  2.0550668e-38 -3.1627524e-37  1.4530089e-37
   573 :  8.8539562e-11 -1.2049650e-09  7.5306960e-10
   574 :  1.1668675e-08 -1.4582068e-08  3.0577627e-08
   575 :  1.8161598e-01 -4.0975640e-02 -9.0204715e-02
   576 :  1.7841971e-11  2.1844479e-11 -6.4939969e-11
   577 :  5.2980545e-02  1.2331448e-01 -2.9264107e-03
   578 : -3.0735952e-41  3.8927811e-41  4.0165443e-42
   579 : -4.3206476e-03  1.6049106e-02 -7.7406311e-03
   580 :  1.1768540e-01  1.2701739e-01  6.4298448e-02
   581 : -2.0338034e-22  4.0935134e-22  8.3469203e-23
   582 :  9.0000915e-39 -3.3305514e-38  1.1600537e-38
   583 :  1.9426261e-20 -6.2180975e-20  1.9876738e-20
   584 : -1.5169655e-31  2.6169283e-31  4.4976213e-32
   585 : -1.2607982e-04  6.1512116e-05  1.5010517e-06
   586 :  2.8072849e-26 -5.2889991e-26 -5.4854567e-27
   587 : -1.6668419e-19 -5.4166610e-19  8.5881520e-19
   588 :  2.0934072e-25 -2.2489578e-25  6.9838133e-27
   589 : -2.6625998e-06  2.2755927e-06  8.5925613e-06
   590 :  3.5034629e-06  2.5812512e-06 -6.0230034e-06
   591 :  3.1339141e-35 -4.6817125e-35 -1.6448179e-35
   592 :  1.5875565e-22  9.8099222e-23 -3.5757343e-22
   593 :  1.2856266e-16 -2.4398786e-18 -1.1726876e-16
   594 :  7.0099033e-19 -2.7416279e-19 -1.9371090e-19
   595 : -1.4095626e-10 -1.8436931e-10  4.2852323e-10
   596 :  7.1712072e-11 -1.5914597e-10  6.1350479e-11
   597 :  8.2799300e-15  5.9757577e-15 -1.8618861e-14
   598 : -1.5310048e-18 -5.1843682e-18  3.1747762e-18
   599 :  2.2826965e-02 -1.4992224e-02 -1.6364604e-02
   600 : -7.3847765e-12  6.0072470e-12  1.2570257e-11
   601 :  3.7485303e-02 -1.0854317e-02 -1.5564006e-02
   602 : -2.2112879e-27 -1.4274438e-26  7.5449995e-27
   603 : -1.9033694e-30 -6.4875689e-30  3.3577873e-30
   604 : -3.3369133e-21  5.0043384e-21 -6.8533252e-21
   605 : -1.8124601e-16  1.7345918e-16  2.5633856e-16
   606 : -5.3741025e-02 -1.1129271e-01 -9.5669080e-02
   607 : -7.4002665e-12  1.0401537e-11  7.8246284e-12
   608 :  1.7596550e-24 -6.5345827e-25 -4.5148289e-25
   609 :  3.8792415e-21 -7.9504954e-21  1.1551723e-21
   610 :  7.0610045e-30  2.4622624e-29 -5.7466478e-29
   611 :  3.7246911e-02 -7.4268154e-03 -1.0249522e-02
   612 : -1.5407161e-12  8.2599082e-12 -6.7533680e-12
   613 :  2.3358721e-15  2.0417952e-16 -5.8762878e-15
   614 : -1.2238793e-06  3.4976830e-06 -2.3219651e-07
   615 : -1.0869711e-13  4.3607111e-14  1.9102305e-13
   616 : -6.3935178e-32  1.0892572e-31  2.1064306e-32
   617 : -1.9671381e-15 -6.5766348e-16  9.8869993e-16
   618 : -7.7571113e-19 -4.4430275e-19  5.8910784e-19
   619 : -2.0162783e-24  2.3124236e-24  1.7673768e-24
   620 : -3.2857495e-17  1.2794527e-17 -4.2813287e-19
   621 :  1.7724231e-12 -1.6579341e-12 -2.8949742e-12
   622 :  3.6347601e-04  1.3246837e-03 -1.3320705e-03
   623 : -1.9229671e-07  6.5222751e-08  2.8692863e-08
   624 :  1.0438330e-14  4.7525084e-14 -1.0813862e-14
   625 : -1.8365289e-14  1.6990502e-13 -7.4282940e-14
   626 : -3.1592046e-41  1.2362639e-40 -4.7159738e-41
   627 : -8.8328403e-27  3.8390584e-26 -2.0774377e-26
   628 :  5.2550391e-19 -7.5298010e-19  1.0745651e-19
   629 :  4.4260609e-08 -1.5459474e-07 -2.1343424e-08
   630 : -5.2639013e-05  2.9492889e-05 -5.7013307e-05
   631 :  6.4512079e-16 -2.6677758e-15  5.5950344e-16
   632 :  1.6585773e-31 -2.9925941e-31 -4.1028680e-32
   633 : -1.4587789e-07  4.7515134e-08  3.3989102e-08
   634 :  7.3111184e-11  4.2126098e-11 -1.6263256e-10
   635 :  2.0226183e-06 -4.5947867e-07 -5.0215964e-07
   636 :  1.3805013e-06  2.5340733e-06 -2.6756257e-07
   637 :  9.6181880e-05 -6.0613549e-05 -1.5412888e-05
   638 :  1.9079868e-03 -2.2801674e-03 -2.8871583e-03
   639 : -2.5743311e-06  1.5689961e-06  1.4777861e-06
   640 : -5.0190850e-02  1.6302816e-01 -1.0310055e-01
   641 :  4.4388926e-24 -9.4220125e-24  2.9241485e-25
   642 :  4.2557594e-09 -1.1306827e-09 -6.0885166e-09
   643 :  4.4372317e-07 -1.3396468e-07 -4.9683122e-08
   644 : -2.1802658e-07 -3.0269847e-07  6.5686210e-07
   645 :  7.6354146e-12 -3.7089123e-11  2.0523524e-11
   646 : -9.4053321e-13 -1.6747387e-12  3.3478522e-12
   647 :  1.4617582e-01  4.0113758e-02  2.1235730e-01
   648 : -3.4029189e-13 -7.8675949e-13  3.0172362e-13
   649 : -2.2157640e-06  2.5927437e-07 -2.5957287e-06
   650 : -3.0833301e-14  3.3018255e-15  1.8708282e-14
   651 : -1.5399959e-03 -3.4539916e-03  6.9139559e-03
   652 : -2.0534569e-12 -4.8989017e-12  2.4646541e-12
   653 : -4.9795941e-04  2.8874216e-05  1.2569227e-03
   654 :  1.0460199e-20  4.1991691e-23 -8.8792102e-21
   655 :  4.0999461e-14  3.5498096e-13 -1.1586516e-12
   656 : -1.4421901e-02 -1.5126837e-02  5.2115191e-03
   657 :  7.7413764e-06 -1.1195276e-05  7.3484544e-06
   658 : -1.5336720e-12 -8.6997394e-13  1.8134116e-12
   659 : -2.0181914e-09  1.7212946e-09  9.2508932e-11
   660 :  6.1541559e-04  8.8010180e-05 -5.9771212e-04
   661 :  2.2981176e-01  1.6871386e-01  6.2175270e-02
   662 :  1.4159514e-19 -4.9646552e-20 -1.0002513e-19
   663 : -1.3826049e-05  1.2443371e-05 -4.8171547e-05
   664 :  3.5801886e-05  8.1235490e-04 -9.9375820e-04
   665 : -1.8323738e-03  5.4756496e-04  3.1575507e-04
   666 :  3.0544605e-32 -2.1662309e-32 -4.1303202e-32
   667 :  4.6170385e-22 -2.1274969e-22  5.8619681e-23
   668 : -2.2249085e-07 -3.6073731e-07  1.5014373e-06
   669 :  1.0157265e-40  3.9214916e-40 -5.9978815e-40
   670 : -3.3291264e-06 -3.9687173e-05  1.1154933e-05
   671 :  1.5217171e-01  1.9592506e-01  3.8532755e-02
   672 :  1.0064145e-04 -1.0289043e-05 -2.6331056e-06
   673 : -2.7730947e-17  5.3490843e-18  5.5719008e-17
   674 :  1.8207380e-14 -1.0716267e-14 -2.8531441e-14
   675 :  7.8604425e-16 -6.2379924e-16  8.0595482e-16
   676 :  3.2921269e-11 -1.0827283e-10  2.8312799e-11
   677 :  1.1635347e-11 -7.3690249e-12  5.5932789e-12
   678 :  2.5981837e-06  2.0876573e-06 -2.2885583e-05
   679 : -2.9858782e-09  7.3344515e-09 -4.1952675e-10
   680 : -7.2161551e-09  6.2959102e-09  1.3194432e-08
   681 : -9.6410695e-23  5.1752392e-23 -1.8855186e-23
   682 : -1.2273080e-23  1.2922504e-23 -2.1527741e-23
   683 :  8.6949183e-21 -1.2043851e-20 -8.6182383e-21
   684 : -1.4376323e-26  8.0005075e-27  6.2723880e-27
   685 :  2.4504657e-10 -5.9016843e-10 -5.3287693e-11
   686 : -5.3080476e-15  2.0012803e-15  8.7209383e-16
   687 : -1.9851187e-26  2.9732090e-26 -5.4457053e-26
   688 : -4.4005324e-16  6.5064955e-16  3.3572492e-16
   689 : -9.3631410e-03 -4.8465013e-03  2.9033225e-03
   690 :  4.0179127e-13  2.9187720e-11 -1.0879873e-11
   691 : -9.9032535e-11  6.0391534e-11 -1.1621781e-10
   692 :  2.6292257e-12 -7.1825882e-12  7.1840612e-12
   693 : -5.7116232e-40  8.1593968e-40  3.9820784e-40
   694 : -3.6041252e-27  6.6110188e-27  8.6336042e-28
   695 :  1.3780813e-03 -3.5890962e-03  3.1861272e-04
   696 : -2.4866897e-07 -6.7549834e-08  4.5469961e-07
   697 :  9.9785883e-13 -8.8503359e-12  2.7211062e-12
   698 :  1.0626326e-03 -4.0398773e-04  4.8458945e-04
   699 :  1.5242769e-18 -7.2872541e-18  1.4079646e-17
   700 : -1.9502150e-33 -2.9079104e-33  7.8400137e-33
   701 :  2.7916779e-31 -9.1754757e-31  3.1726194e-31
   702 : -7.5586727e-22  1.6852428e-21 -6.4699267e-23
   703 :  1.8494874e-01  2.0626504e-01  1.1748724e-01
   704 :  1.0581751e-12  9.2877114e-13 -3.5238413e-12
   705 :  5.6691331e-26 -4.2935012e-25  1.8581410e-25
   706 :  4.1309408e-01  1.8237865e-01  2.0918440e-01
   707 : -4.3066236e-07 -4.8554037e-07  2.2175681e-07
   708 :  2.2710554e-08  2.4610390e-08 -1.0520225e-08
   709 : -4.4120916e-15  7.7952148e-15 -1.6623569e-14
   710 : -4.1094023e-18  1.2803693e-18  1.7527853e-18
   711 :  1.4863767e-13 -3.4825893e-14  5.5141103e-14
   712 : -4.8513340e-07  3.6604307e-07  1.7839937e-06
   713 : -1.6070596e-13 -6.1739922e-13 -1.1544270e-12
   714 : -2.8431365e-02  6.0814924e-02 -1.1801983e-01
   715 : -7.0597071e-11  2.9405649e-11  2.0588670e-11
   716 :  1.0590876e-28 -1.9109898e-27  3.8837570e-27
   717 :  5.4785274e-08 -1.7806109e-07  3.4426636e-08
   718 : -4.1916367e-13  1.4851400e-13  4.9557464e-14
   719 : -3.5686145e-07 -2.5744424e-07  1.3163439e-07
   720 :  1.9692459e-01  1.4876861e-01  2.7163596e-02
   721 :  2.1902720e-04  3.1735884e-04  1.3393107e-04
   722 : -2.0776334e-24 -3.4835327e-24  2.3392452e-24
   723 :  2.3781708e-23 -1.1725234e-22  6.6728249e-23
   724 : -2.3157311e-23 -9.2232034e-25  1.3180198e-23
   725 :  1.3618061e-05 -7.3931647e-06 -3.1850682e-05
   726 : -5.7688635e-16  4.1752372e-17  2.3045105e-16
   727 : -7.2031011e-06  1.3913843e-05 -2.8321247e-05
   728 :  9.8186830e-08 -1.2426688e-07 -1.9722904e-07
   729 :  4.1615208e-10 -7.5585800e-10 -2.1430051e-10
   730 : -7.9415696e-13 -1.8067923e-12  4.3945983e-13
   731 :  2.0853404e-22 -4.4436568e-22  1.1790306e-22
   732 :  8.5917424e-20 -2.0878897e-20 -1.1165361e-21
   733 :  1.9203324e-12  9.6571597e-14 -1.6060718e-12
   734 : -3.5589648e-02  7.6744022e-02 -1.6838861e-02
   735 : -1.6255404e-13  9.7377183e-12 -4.3809786e-12
   736 :  2.7602323e-02 -6.6083832e-03 -6.1503329e-03
   737 :  1.0827562e-15  1.2807235e-15 -4.9878481e-15
   738 :  1.6166615e-06 -4.1395828e-07  1.3008957e-06
   739 :  1.5301921e-01  8.8096044e-02  1.5900770e-01
   740 :  5.6107430e-11 -1.7389292e-10  6.2462334e-11
   741 :  1.3076163e-04  3.2412564e-04 -5.0359858e-05
   742 :  2.4182166e-13  3.4693097e-13 -1.1957072e-12
   743 :  4.1326682e-12  2.0821955e-11 -5.0712748e-11
   744 : -3.9970011e-02 -2.5427604e-02  3.9367506e-02
   745 :  3.9015172e-25 -1.8727373e-24  1.1481425e-24
   746 :  3.4694334e-20 -2.2980115e-20 -6.1776021e-20
   747 :  2.1507522e-15  5.3758288e-16 -1.4708215e-15
   748 :  5.4594643e-12  1.1783090e-11 -1.7375518e-11
   749 :  1.9938679e-07 -6.1001516e-07 -2.5537000e-07
   750 :  5.1401285e-27  1.0659017e-25 -1.4343192e-25
   751 : -1.3511223e-01 -8.5471271e-02 -9.3093861e-02
   752 : -3.4515830e-12  4.3039705e-12  3.8034130e-12
   753 :  1.4406229e-07 -5.3859700e-07  1.4112238e-07
   754 :  1.9696439e-20  2.0426188e-21 -4.4644139e-20
   755 :  5.8827551e-02 -3.1955481e-02 -4.0720089e-02
   756 :  1.4341951e-15  1.0045965e-14 -1.5364265e-14
   757 : -8.0433279e-38  1.8558456e-38  2.9748682e-38
   758 :  8.3009041e-03 -1.9420406e-02 -3.1623222e-03
   759 :  1.3419151e-12 -1.9001519e-12 -1.1629477e-12
   760 : -2.3845402e-17  6.5986037e-17 -1.3196712e-17
   761 : -3.0230099e-11  7.0085432e-11  7.8790918e-12
   762 : -2.9646847e-03  1.6687989e-03 -1.4611255e-03
   763 : -1.0542036e-28  3.1409363e-28 -1.0312191e-28
   764 : -8.7239146e-30 -3.2361676e-29  2.0252185e-29
   765 : -1.1466155e-01 -1.4728298e-01 -1.1865276e-01
   766 :  5.7658361e-14 -1.4479147e-13  2.4893465e-14
   767 :  2.8808893e-03  5.8845265e-04 -9.5351957e-03
   768 : -5.3928901e-26 -3.0158115e-25  7.0855220e-25
   769 :  5.2934868e-02 -3.4985065e-03 -6.8539321e-02
   770 :  2.3014844e-11 -3.2695009e-12  1.5924388e-10
   771 : -4.2646128e-07  1.8310836e-06 -2.9841321e-07
   772 : -8.0259485e-05  2.1205772e-06 -4.6749816e-05
   773 :  3.5102806e-13 -9.0256819e-13  1.1951677e-13
   774 : -3.0586262e-02 -2.9267295e-02 -5.1057811e-02
   775 : -4.0788744e-02  1.9279130e-01  2.4933289e-01
   776 : -1.9984273e-12  2.4791762e-13  3.7131611e-12
   777 : -2.2665837e-11  2.4801136e-11  3.4283674e-11
   778 :  2.2307799e-11 -8.9418558e-12  4.7054382e-12
   779 :  2.8934574e-22 -2.1176965e-21  8.7718614e-22
   780 :  1.9659433e-04  9.3963188e-05  7.2898957e-04
   781 : -8.4818845e-25  8.0801702e-25 -9.2139195e-25
   782 :  1.2671142e-38  7.6308747e-39 -2.4817995e-38
   783 :  1.2323196e-11  3.5152371e-11 -6.9827217e-11
   784 : -1.0245068e-12 -9.2673596e-12  4.0117928e-12
   785 :  1.0198926e-24 -2.4319645e-24  3.4749936e-25
   786 : -2.7391221e-02  8.7666289e-02 -6.1843583e-02
   787 : -5.1461472e-02 -1.1019314e-01 -1.4680352e-01
   788 : -2.3192522e-24  1.8219581e-24 -1.9127562e-24
   789 :  6.6264378e-23  1.4403906e-23 -1.1815612e-22
   790 : -2.1874566e-09 -3.6359092e-09  6.5976254e-09
   791 : -1.0455710e-07  6.0269659e-08  1.2487525e-08
   792 : -6.4168332e-05  8.0880804e-06 -4.8972466e-06
   793 : -5.1781350e-05  1.2671568e-05  3.4644847e-06
   794 :  1.3466498e-10 -2.7282526e-10 -1.0184748e-10
   795 : -3.8478876e-05 -3.7663355e-05 -3.0716867e-05
   796 :  6.1671857e-06 -1.2894665e-06  6.5256511e-06
   797 :  1.1048305e-25  1.3891752e-25 -2.4884380e-25
   798 :  4.2061144e-08  7.0455958e-08 -4.2248298e-08
   799 :  2.5135899e-14 -9.2011096e-16 -5.7909815e-14
   800 : -8.3992759e-03 -1.2119686e-01 -6.7400917e-02
   801 :  5.9865274e-23 -6.3275999e-24 -1.1370776e-22
   802 : -7.2130232e-12  1.5074935e-11  2.9907693e-12
   803 :  1.6209523e-17  1.7780337e-17 -1.3919748e-17
   804 : -1.1861830e-01 -1.1056775e-01 -5.5967546e-02
   805 : -8.2340151e-12  2.2883128e-11 -6.8864474e-12
   806 :  1.2009166e-21 -3.5054133e-22 -9.3848366e-23
   807 :  4.6271626e-25  9.2531886e-25 -6.2822282e-25
   808 : -2.7411606e-02 -2.5453298e-02 -6.8369282e-02
   809 : -2.0114621e-16  2.0631134e-16  3.2695170e-16
   810 :  2.9888707e-24 -2.6127503e-24  2.6716362e-24
   811 :  2.0741129e-39  8.9309655e-41 -2.7202425e-39
   812 : -5.4799241e-15 -3.8102462e-14  1.6904430e-13
   813 : -2.3347399e-12  4.5564032e-12 -5.9158979e-12
   814 :  1.7178778e-35  1.0942976e-36 -1.9379508e-35
   815 :  7.8829586e-41  7.8012247e-40  2.3704321e-40
   816 : -4.0409650e-33  7.9589650e-34  1.6075283e-33
   817 : -5.6525235e-35 -5.5981070e-35  1.6987618e-34
   818 :  2.1683480e-37 -1.0883984e-36  6.4096771e-37
   819 : -1.8060884e-13 -6.3306351e-13  1.4248825e-12
   820 : -1.1656629e-36  3.2016627e-36 -6.6104898e-37
   821 : -8.0932643e-06 -2.0869350e-05  1.5417746e-05
   822 :  9.3512025e-10 -3.4298154e-09  1.5377916e-09
   823 :  2.5904266e-19 -9.7289865e-19  4.6213733e-19
   824 :  1.5583165e-18 -4.8245265e-19 -3.1372807e-18
   825 : -1.1642623e-28 -4.6632180e-29  2.8319137e-28
   826 :  3.5391993e-07 -6.7487318e-07 -4.5942904e-08
   827 :  8.7529142e-21  3.3352517e-21 -5.9500485e-21
   828 :  6.6761085e-16 -1.8745004e-15  4.6782200e-16
   829 :  2.9214197e-09  5.1363644e-09 -3.8109901e-09
   830 :  1.0647662e-01  2.1020345e-01 -6.2747813e-02
   831 :  2.0077705e-01 -3.3721659e-02  2.1645812e-01
   832 :  1.6771747e-13  8.0065388e-14 -4.2184922e-13
   833 :  1.2748662e-01  1.3954458e-01 -5.5794136e-02
   834 :  1.8934854e-33 -1.7470151e-33  1.6598571e-33
   835 : -1.0633902e-38  7.6595720e-38 -1.4704287e-37
   836 :  3.8932645e-11 -8.8688441e-11  2.5350756e-11
   837 :  1.7256454e-22 -2.6607754e-22  4.5649442e-22
   838 :  3.6130189e-08  3.7167026e-09 -3.0549967e-08
   839 :  1.1998188e-16 -2.4275458e-17 -2.2128985e-16
   840 :  1.6201548e-21 -1.4128685e-21  1.1841850e-21
   841 : -1.8074599e-18  5.7054306e-19  6.4953162e-19
   842 :  1.7760243e-15 -5.6025855e-15  1.7590585e-15
   843 : -7.5257171e-21 -2.4059472e-20  3.9655938e-20
   844 : -2.2402522e-14  1.3682291e-13 -2.5992213e-13
   845 :  6.0894319e-28 -4.1898045e-28  3.5936890e-28
   846 :  3.0923285e-11  5.4044903e-11 -2.1588700e-11
   847 : -4.4244780e-15  2.0313783e-15 -1.1532323e-16
   848 :  1.7003144e-42 -8.8114674e-42  3.5289785e-42
   849 :  5.2084929e-18 -3.0321928e-17 -3.1819948e-18
   850 : -2.1668321e-16 -8.8408532e-16  2.0530737e-15
   851 : -2.8891611e-18  4.3107873e-17 -3.6803019e-17
   852 : -8.8806031e-31  4.1767600e-30 -1.7496345e-30
   853 : -5.1391033e-07 -1.4191213e-07  6.1391552e-07
   854 : -3.5231649e-43 -1.7499123e-42  3.6902873e-42
   855 : -1.3389652e-06 -1.4131316e-06  6.2239917e-06
   856 : -1.3189948e-08  5.7725512e-09  2.5786323e-08
   857 : -1.5230612e-05  2.6325878e-05 -5.2882737e-05
   858 :  4.8108466e-09 -3.8572581e-09 -1.0977408e-09
   859 : -7.5991738e-32  5.7175581e-30 -5.5964655e-30
   860 : -1.4099954e-10 -7.8547611e-10  4.6419445e-10
   861 : -6.7905457e-10  5.0088515e-10 -6.3833456e-10
   862 : -2.2788755e-10  7.0234357e-11  8.9967898e-11
   863 :  1.4802172e-07 -1.6962315e-07 -2.7667403e-07
   864 : -3.9900057e-07 -9.0587527e-07  1.7320411e-06
   865 :  1.6142896e-04 -1.7911898e-04  2.4217930e-04
   866 :  3.3641432e-01  2.2935149e-01  1.8446205e-01
   867 :  6.7916416e-04  1.9490208e-03  1.0487435e-03
   868 :  1.3728080e-12  2.8264064e-12 -6.3982872e-12
   869 :  5.5484278e-13  1.0480970e-13 -3.2292804e-13
   870 : -3.4947360e-14  1.8458942e-13 -6.2342993e-14
   871 : -1.8909271e-06 -1.9968948e-06  6.7536374e-06
   872 :  6.2535483e-06 -1.1867740e-06 -1.4551709e-06
   873 :  7.4603935e-02  1.4746881e-01  1.1244837e-01
   874 :  1.0457918e-01  1.1421663e-01  7.9179765e-02
   875 :  8.7473232e-20  1.2829305e-19 -2.5178707e-19
   876 : -3.6356954e-18  3.7922589e-18  4.3615817e-18
   877 : -8.5305290e-36  1.2254491e-35 -1.6053059e-35
   878 : -4.7893469e-33  1.0781236e-32 -2.2636245e-33
   879 :  1.0476935e-20 -1.8766737e-20  2.8063641e-20
   880 :  9.4288243e-19 -1.2486497e-18  1.3532478e-19
   881 :  3.6219919e-35 -1.0680701e-35 -1.4762696e-35
   882 : -2.3766604e-33  1.4087920e-33  3.3836166e-33
   883 : -4.0928890e-21  2.1179840e-21 -3.0160221e-22
   884 : -2.9463954e-21  9.0324094e-20 -3.8310218e-20
   885 : -1.8549687e-09  4.3181278e-09  4.9875357e-10
   886 :  2.6329249e-10  5.7250899e-11 -4.2634787e-10
   887 : -6.5927685e-11 -9.0782461e-10 -1.4161914e-09
   888 :  3.1343137e-10  8.8489440e-09 -3.7985542e-09
   889 : -3.6887541e-03 -9.9589213e-03  8.6086304e-04
   890 :  3.3824718e-04  1.0315945e-03 -1.5250224e-03
   891 : -2.0452615e-19 -1.5867497e-20  2.3067743e-19
   892 :  2.4371500e-17 -3.8047604e-17 -1.2114758e-17
   893 : -1.8171832e-11 -5.5655833e-13  3.0652654e-11
   894 :  8.7384507e-10 -7.9511999e-10 -1.0499180e-09
   895 : -3.2894757e-03 -5.5437356e-03  1.3785466e-04
   896 :  1.7488040e-03  1.2790677e-04 -1.8629442e-03
   897 : -1.0016901e-20  2.5831086e-21  4.2886594e-21
   898 :  1.0736569e-19 -3.4347374e-20 -1.9713459e-19
   899 :  5.5813146e-04  5.3703298e-04 -6.2626335e-04
   900 : -3.4577561e-05  2.7588491e-04  1.8664056e-04
   901 :  6.8598277e-14 -4.9414458e-13  1.0200734e-12
   902 :  2.2545847e-11 -2.0164482e-11 -1.4194135e-11
   903 :  1.5260852e-06  1.9606124e-06 -8.9116521e-07
   904 : -2.0220597e-07 -9.1271557e-08 -4.7902426e-09
   905 :  3.8444694e-07  1.8878546e-06 -9.2546706e-07
   906 : -2.1146275e-04  6.1467945e-04  1.2983987e-04
   907 : -2.5947621e-05  2.6022854e-05 -7.0825832e-05
   908 : -2.4451027e-08  1.8505512e-08 -2.1781053e-08
   909 : -1.0645647e-07  1.5353918e-07 -9.0482588e-09
   910 :  1.8281151e-08 -2.1689875e-08 -2.8534682e-07
   911 : -6.3504847e-08  5.0375497e-08 -3.2640030e-09
