Number of elements 912
     0 : -2.8831911e-35  1.4122609e-35  4.3993392e-35
     1 : -1.1744205e-20  2.7375487e-20 -3.7134833e-21
     2 :  1.0144259e+00  5.5391660e-01  8.8307036e-01
     3 :  2.1405902e-25  2.5129403e-25 -6.8617911e-25
     4 :  1.6945838e-01 -2.5232535e-02 -6.7390134e-03
     5 :  2.1568833e-03  6.1934982e-04 -3.1717562e-03
     6 :  1.1957787e-50  2.5831799e-50 -4.9837090e-50
     7 : -9.6643663e-20 -1.1336956e-18  7.2475047e-19
     8 :  4.8264161e-17 -2.4147418e-17 -1.1686229e-17
     9 :  2.5247548e-47 -1.5539329e-46  1.0350423e-46
    10 :  1.3964839e-17 -3.3013583e-18 -2.5318765e-17
    11 : -1.2828228e-51  2.5029591e-51  9.1956411e-53
    12 :  1.2289331e-02 -1.3445510e-02 -2.1734480e-02
    13 :  1.8041307e-13 -2.5596569e-14 -1.1909416e-13
    14 :  4.4230308e-28 -7.9925461e-28  1.2261129e-28
    15 : -3.9072962e-16  7.9821485e-16  1.1097245e-16
    16 :  6.8602227e-54 -1.1479179e-53 -2.4051660e-54
    17 : -4.4520975e-39  8.8256118e-39  3.3442493e-40
    18 :  2.7507474e-16 -1.0753539e-15  3.6992140e-16
    19 :  3.5440303e-63 -4.3776955e-63 -2.7836357e-63
    20 : -2.7443294e-41 -1.1176900e-39  1.4730194e-39
    21 : -7.4160434e-14  5.3206328e-13 -3.4925831e-13
    22 : -1.4395416e-12 -9.5684974e-13  1.1368008e-12
    23 :  2.1630495e-58 -1.6913826e-58  1.2572885e-58
    24 :  1.0409705e-19 -7.8642858e-20 -1.4260540e-19
    25 : -3.0532763e-61 -2.9566560e-61  2.9512946e-61
    26 :  3.3869286e-19  1.5100449e-18 -8.8651543e-19
    27 : -2.8531978e-13  6.2035740e-13  2.2434569e-14
    28 : -8.4160044e-13  2.8583413e-12 -1.0058636e-12
    29 : -2.4143225e-23 -7.4867698e-22  8.0523235e-22
    30 :  1.0479010e-17  1.2116655e-18 -2.2351435e-17
    31 :  3.3218823e-26 -2.2803232e-26 -4.4455102e-26
    32 :  1.8681569e-51  2.3343297e-51 -6.3171060e-51
    33 :  9.6471980e-10 -6.2787737e-10 -1.7009944e-09
    34 :  9.0716764e-64 -6.0800852e-64 -1.2093468e-63
    35 : -3.5256778e-26  1.1845065e-26  5.4405271e-26
    36 :  3.8913478e-01  5.0188307e-01  1.5270804e-01
    37 :  5.5669643e-09  1.1823147e-08 -7.5393770e-09
    38 :  1.2855687e-14 -7.4256654e-14  1.1913537e-14
    39 :  8.3179626e-21  3.8837080e-21 -2.1215063e-20
    40 :  7.0958545e-24 -1.6124999e-23  3.3008143e-24
    41 : -1.1373934e-12  2.1978656e-12  1.3914789e-13
    42 : -9.9220634e-61  1.9189963e-60 -3.5811454e-61
    43 : -3.6947013e-36  1.0449972e-35 -3.0962504e-36
    44 : -1.2715755e-09 -1.2491408e-09  3.4506887e-09
    45 :  5.2853557e-29  4.7934206e-29 -1.5048023e-28
    46 : -4.9613545e-31  5.3635018e-31 -5.9369063e-31
    47 :  3.6825513e-50  1.7332894e-49 -3.8587513e-49
    48 :  2.4790797e-54  3.5060064e-52 -1.3925135e-52
    49 :  2.0037288e-15 -2.9015098e-15 -1.2256178e-15
    50 :  2.5999298e-10 -1.4668526e-09  5.9675686e-10
    51 : -1.4706862e-03  5.4543995e-04  1.6438630e-04
    52 : -6.2268466e-17  1.5919878e-16 -2.9100784e-17
    53 :  1.0533702e-50 -7.9666773e-51  4.4616281e-51
    54 : -1.5202223e-11 -8.5520295e-12  3.3565814e-11
    55 :  3.7836431e-13 -3.7202449e-12  4.7532980e-12
    56 : -3.2043066e-04 -3.9304587e-03  1.8088018e-03
    57 : -5.4375424e-15 -1.1281993e-14  2.7605758e-14
    58 :  1.0182762e-06 -2.4225971e-06  2.7944174e-07
    59 : -4.5623807e-18 -4.5618133e-17  2.3572263e-17
    60 :  1.6600155e-11 -1.6002513e-12 -3.2271051e-11
    61 : -7.8397081e-06  5.7888931e-06 -6.4657077e-06
    62 :  2.2139592e-19  6.0729656e-20 -1.3740264e-19
    63 :  2.2340301e-09  1.4970321e-09 -1.6888776e-09
    64 : -7.1584465e-19  6.3142377e-19  8.1697993e-19
    65 : -7.2231288e-23  8.2439949e-23 -1.0582063e-23
    66 : -5.9652214e-26  1.3432401e-25 -9.4435801e-27
    67 : -9.3431808e-54 -9.0068642e-55  1.9726209e-53
    68 :  1.3295941e-52 -2.6150344e-52 -5.9058360e-54
    69 : -8.6599827e-54  5.5054014e-54  1.1900061e-53
    70 :  1.3787474e-30 -1.4459726e-29  1.1743721e-29
    71 :  8.2281669e-10 -9.4053374e-10 -8.5490449e-10
    72 : -4.3346126e-56  1.5985418e-55 -7.2692183e-56
    73 : -4.3564565e-08  3.9816633e-08  5.5921470e-08
    74 :  6.9283898e-43  2.2533027e-42 -1.4665668e-42
    75 :  1.3151232e-41  2.5972834e-42 -7.7253649e-42
    76 :  3.7967490e-56 -6.8608323e-57 -1.5145117e-56
    77 :  2.7398347e-44  4.6225238e-46 -5.6382653e-44
    78 : -1.7457037e-47  3.9279147e-47 -3.2771414e-48
    79 :  5.5827320e-37 -5.5751618e-37  5.7416264e-37
    80 : -1.0098414e-72  3.3791324e-72 -1.4163415e-72
    81 : -1.3807060e-51  4.8758707e-52  4.4174427e-52
    82 :  6.4970549e-02  8.0855157e-01  2.5282541e-01
    83 : -6.2604722e-65 -1.0550923e-63  1.1803332e-63
    84 :  1.4975318e-60 -4.5267842e-60  1.3599911e-60
    85 : -7.8478166e-03 -4.7751861e-03  4.6055599e-03
    86 : -3.1709877e-38 -3.1320314e-38  9.4979513e-38
    87 : -1.1271865e-35  1.9120416e-35  3.5982419e-36
    88 :  3.3701382e-25  2.5948700e-25 -2.9466931e-25
    89 : -6.3005658e-08  1.4174361e-07  1.3498776e-08
    90 : -7.2551534e-58 -2.2931151e-57  1.5068338e-57
    91 :  1.1884508e-02 -6.6263822e-03 -1.0263691e-02
    92 :  4.5712773e-30 -3.3358107e-30 -3.1077312e-31
    93 : -1.4024690e-72 -3.1792424e-72  6.8202383e-72
    94 : -1.8392895e-33  4.2024338e-34  1.1356152e-33
    95 :  4.4944269e-53 -1.0620358e-53 -2.3669599e-53
    96 : -6.6614727e-26  1.5888667e-25 -2.4587686e-25
    97 : -2.1980005e-27  2.3856088e-27  1.9952691e-27
    98 :  3.7004003e-01  5.0304868e-01  1.1721997e-01
    99 : -2.9003472e-48 -1.9531353e-47  1.1225704e-47
   100 : -1.2967443e-51  9.9273850e-52  6.9186299e-52
   101 :  5.9221115e-24 -3.1233959e-24 -1.3663068e-24
   102 : -3.4825599e-15 -2.3180783e-14  1.3042860e-14
   103 :  6.0808505e-66 -6.0580707e-66 -6.1541222e-66
   104 : -1.3189075e-30  1.8346128e-31  5.5570733e-31
   105 : -1.2690654e-16  2.3096639e-17  7.9791496e-17
   106 :  3.7525862e-21 -6.8081335e-21 -1.4212668e-21
   107 : -6.1910659e-22 -1.1432495e-21 -1.2166267e-21
   108 :  1.5918939e-20  1.2335941e-20 -4.0904344e-20
   109 :  2.7712315e-15  4.9373785e-15 -1.3807898e-14
   110 : -2.7284016e-09  6.5861985e-09 -1.7028598e-09
   111 : -1.1226412e-19  3.9489613e-20  3.3072460e-20
   112 : -2.1618670e-47 -4.5843643e-47  9.2726786e-47
   113 : -2.8452548e-04  9.6235151e-05  6.5360093e-05
   114 : -2.1556601e-29  9.1307815e-29 -5.1526485e-29
   115 :  4.7063373e-15  1.4663713e-14 -9.2982839e-15
   116 : -2.7652038e-09 -2.0657148e-08  1.0606683e-08
   117 :  5.6731389e-03 -7.2549984e-03 -3.0092087e-03
   118 :  1.1252063e-02  5.1656897e-01  7.6634516e-01
   119 : -9.2909122e-56 -2.1238162e-56  1.3881917e-55
   120 :  1.7125865e-27 -2.6034068e-27  3.5495420e-27
   121 : -3.7481361e-43 -1.6354885e-41  1.3255681e-41
   122 : -1.0832985e-13 -3.2261104e-13  1.9794188e-13
   123 : -2.9934042e-66  1.6519556e-65 -1.5851491e-65
   124 :  3.4646935e-49 -2.1882801e-49 -6.3090297e-50
   125 :  7.3279635e-69 -2.2058467e-68  7.4046644e-69
   126 :  3.3771383e-38 -3.6846926e-38 -3.2330690e-38
   127 : -4.8274901e-41  5.2040673e-41  4.5661363e-41
   128 : -3.6856995e-15  5.6432526e-16  6.8948993e-15
   129 :  3.3703260e-35  4.0224455e-35 -1.1620188e-34
   130 : -5.6060568e-05 -1.5972152e-05  2.5630875e-04
   131 :  7.4323798e-11 -1.8148990e-11 -3.1669417e-11
   132 :  1.9149622e-13 -7.8455405e-13  2.9011048e-13
   133 :  3.5981987e-08 -6.7693311e-08  1.3574890e-08
   134 :  3.1820829e-14 -1.1242775e-14 -9.8587116e-15
   135 :  1.3369714e-17  9.7198397e-17 -1.0276867e-16
   136 :  5.2442508e-22  1.0410350e-22 -3.3166282e-22
   137 :  1.6980958e-16 -1.2429607e-16 -2.2220363e-16
   138 :  9.7229796e-20  4.8353596e-19 -4.9945078e-19
   139 :  2.5624339e-19 -5.1403821e-19  1.2949279e-19
   140 : -2.0744347e-44  2.6804731e-44 -3.0256005e-45
   141 : -4.0548380e-42  3.9835923e-42  4.2131886e-42
   142 : -7.2340208e-20 -1.9230984e-19  3.5687426e-19
   143 :  1.5823189e-56  2.5913498e-56 -6.4732559e-56
   144 :  1.1584038e-21  1.2568777e-21 -1.1713482e-21
   145 : -1.3449656e-26  1.6167637e-25 -7.2912695e-26
   146 :  2.4006743e-31 -4.1908201e-31 -6.7437257e-32
   147 :  3.4977035e-54 -2.1862516e-54 -6.1702123e-55
   148 :  4.6757426e-32 -8.6577050e-32 -7.1885775e-33
   149 :  1.4236625e-01 -3.6454015e-02 -4.8165712e-03
   150 :  6.2711106e-27  1.1256414e-25 -1.2499941e-25
   151 :  3.7462186e-40  4.9748498e-40 -1.2535834e-39
   152 :  1.0150410e-34  4.7622445e-35 -7.3212883e-35
   153 : -1.5521845e-01  3.2577853e-01  5.4067177e-01
   154 : -2.5056255e-71  1.5244532e-71  3.4945343e-71
   155 :  2.7548647e-55 -1.8750243e-55 -3.8063285e-55
   156 :  5.4164723e-58 -6.5960897e-58  5.9505510e-59
   157 : -4.6520211e-29 -1.3222289e-28  2.2652244e-28
   158 :  2.3857066e-18 -3.9670279e-18  1.0414876e-18
   159 :  5.8021951e-24  1.4386137e-23 -1.0047866e-23
   160 :  1.3505956e-70 -2.1349147e-71 -5.6754133e-71
   161 :  8.9590011e-67  9.5374123e-66 -1.9999737e-65
   162 :  6.5412693e-03 -6.8177248e-03 -1.6085467e-02
   163 :  4.5441103e-13 -1.0189899e-12  1.6857138e-12
   164 :  7.5600253e-38 -2.6087486e-38 -1.2695357e-37
   165 :  4.6515963e-22 -3.3986463e-21  2.4573832e-21
   166 :  1.4440691e-58  1.4262841e-59 -3.0481515e-58
   167 :  8.1313432e-18 -3.2169433e-18 -1.5112175e-18
   168 :  1.7377021e-12 -5.4333999e-12  1.6591843e-12
   169 :  2.0506947e-01  8.1362680e-01  9.4495616e-01
   170 :  1.2293245e-52 -6.0736695e-52  1.1038491e-51
   171 :  2.9316764e-52 -6.5616125e-52  1.0208594e-51
   172 :  5.0638942e-12 -1.2211862e-11  1.0940506e-12
   173 : -3.0424142e-14 -1.7915036e-14  6.8317635e-14
   174 :  3.7115760e-20 -7.2091618e-20 -4.0943866e-21
   175 :  9.3939989e-31 -6.0595944e-31  4.6495763e-31
   176 :  3.6748831e-48 -3.2060328e-48 -4.2146445e-48
   177 : -3.4997045e-19  7.3899755e-19 -1.9195839e-20
   178 :  1.9289732e-01  9.3340526e-01  2.4194516e-01
   179 : -1.6847587e-18  3.0546059e-18 -6.6637511e-19
   180 : -7.8402030e-55  2.0619889e-55  1.3700569e-54
   181 :  2.0497446e-12  1.8223867e-12 -6.1683797e-12
   182 :  1.8684700e-33 -4.2255445e-34 -1.0168862e-33
   183 :  2.3407657e-09  8.0935514e-10 -4.0703827e-09
   184 :  1.0427130e-72  1.4848185e-71 -7.9239328e-72
   185 : -1.8307860e-40  8.3295219e-41  4.9412156e-41
   186 : -4.3580270e-28 -6.8954396e-28  1.8379892e-27
   187 :  1.4375287e-18 -4.8372441e-17  4.6296771e-17
   188 : -1.5680123e-01  5.0444961e-01  4.2115701e-02
   189 :  7.5179595e-18 -1.7474199e-17  2.3330307e-18
   190 :  1.6250901e-21 -2.6796927e-21  5.3069958e-22
   191 :  2.4778803e-67 -1.8348275e-67 -3.1545804e-67
   192 :  2.7628624e-11 -1.2946181e-11 -4.6491097e-11
   193 :  5.5234328e-04 -6.9766936e-03  3.4524841e-03
   194 :  1.5885621e-01  1.7997465e-01 -1.1524256e-01
   195 : -2.7588522e-30 -7.3974842e-31  1.7432092e-30
   196 :  1.0691066e-55 -1.1333940e-55 -1.0222821e-55
   197 :  1.6027462e-56 -2.6241098e-56 -5.8662831e-57
   198 : -1.8385186e-24  1.3846155e-25  1.5629494e-24
   199 : -5.2836679e-05  2.2639738e-04 -8.8165966e-05
   200 : -3.4731722e-51  3.5219131e-50 -3.3141629e-50
   201 :  6.0999114e-13 -9.5864371e-14 -4.0708908e-13
   202 :  2.4293058e-30 -2.4813093e-30 -1.9718838e-30
   203 :  3.0924556e-60  1.2708130e-60 -2.1651598e-60
   204 :  6.1546706e-31 -7.7731419e-31  2.2764007e-31
   205 :  1.4692311e-11  5.5489208e-11 -3.3462903e-11
   206 : -4.9658729e-60  2.2243645e-60 -2.0296049e-61
   207 : -6.1129817e-58  4.0301835e-58 -2.0018527e-58
   208 : -9.1738153e-43  5.0288061e-43  1.0285574e-42
   209 : -5.9820575e-02 -2.7300032e-02  2.2367129e-01
   210 :  1.4093995e-32 -2.7552563e-32 -7.4834158e-34
   211 :  6.6632959e-59 -2.6743228e-59 -1.2635976e-59
   212 : -4.0708028e-18  3.2914542e-18  6.0514293e-19
   213 :  1.9252178e-56 -7.2277824e-56  6.7879134e-56
   214 :  1.8003978e-01  1.1641034e-01 -7.1403537e-02
   215 :  3.5939023e-01  8.4262667e-01  4.8824754e-01
   216 :  2.3111154e-17 -1.9363936e-17 -2.7571108e-17
   217 :  1.3140989e-69  6.1577527e-69 -3.7226708e-69
   218 :  1.7110795e-45  2.1481620e-45 -5.6041472e-45
   219 :  7.3244181e-14 -2.6407125e-13  2.4784673e-13
   220 : -7.0246271e-40  7.2136768e-39 -1.3958542e-38
   221 :  1.3751503e-48  7.4061499e-49 -3.4972196e-48
   222 :  1.3741854e-05 -9.9866319e-06  1.0087570e-05
   223 : -2.4557248e-09 -2.3995476e-08  2.2952126e-08
   224 :  2.5275874e-24 -3.2760326e-24 -1.8470337e-24
   225 :  1.7359948e-38 -3.0238139e-38 -2.0535725e-39
   226 : -3.1536965e-51  2.1262327e-51  8.7176637e-52
   227 :  1.2778596e-29  4.2298509e-30 -2.1504423e-29
   228 : -7.9340854e-27  1.5168907e-26  1.0056035e-27
   229 :  7.4488940e-33  4.5417963e-33 -5.9118672e-33
   230 : -9.5725592e-50 -3.6360731e-50  6.5380874e-50
   231 :  3.7223485e-51 -8.3048210e-50  7.5523611e-50
   232 :  9.0455540e-66  9.3229251e-66 -9.1548437e-66
   233 :  2.0993655e-48 -1.4481351e-48 -2.4945902e-48
   234 : -6.5730300e-04 -2.6119038e-05  7.8049051e-04
   235 :  6.2504507e-11  2.0259919e-10 -4.7194671e-10
   236 : -2.7503193e-46  8.0441684e-46 -2.4783373e-46
   237 : -4.1794583e-42  1.2016845e-42  7.3132443e-42
   238 : -3.5811237e-65 -8.5529116e-66  2.2157110e-65
   239 : -1.6277533e-48  1.6955089e-47 -3.2409276e-47
   240 :  9.8919737e-57 -4.2676608e-57 -1.5648451e-56
   241 : -2.4712355e-15 -3.3458544e-14  1.6227750e-14
   242 : -3.6687229e-15 -8.2826649e-17  3.7997320e-15
   243 : -5.3484558e-07  8.7121088e-07 -1.7014032e-06
   244 : -7.1257023e-10 -8.4671979e-11  9.0023097e-10
   245 :  2.4293196e-47  9.5325709e-48 -5.3138932e-47
   246 : -1.4222346e-15  7.4765407e-16  3.1965717e-16
   247 :  1.1956628e-06 -1.3161419e-07 -9.6026465e-07
   248 :  4.5882783e-69 -3.6621823e-70 -8.8357735e-69
   249 : -1.1091371e-35 -7.4610617e-37  2.3232809e-35
   250 :  3.9962399e-15  1.9484880e-16 -4.3822893e-15
   251 :  5.5197602e-28  1.4844291e-27 -2.6287060e-27
   252 : -1.5294524e-51  3.1802521e-51 -6.7699344e-52
   253 :  7.3735674e-63 -8.9803702e-63  1.0708181e-62
   254 :  3.9172321e-05 -3.1917749e-06 -1.4958355e-05
   255 : -8.7694280e-29  4.1026614e-30  3.1202641e-29
   256 :  6.5672075e-17  2.1936541e-15 -1.0952402e-15
   257 :  3.9796978e-09 -5.1722357e-09  5.5495576e-09
   258 : -3.4307845e-30 -7.1593537e-30  1.7450900e-29
   259 :  2.4050616e-41  1.5859632e-40 -3.4539278e-40
   260 : -2.2867741e-15  2.9371878e-14 -2.4240707e-14
   261 :  2.8673187e-32 -2.7220404e-30  5.4949844e-30
   262 :  3.5954078e-47 -7.6456947e-47  3.7017686e-47
   263 : -1.2600117e-53  1.3197821e-53  1.2211086e-53
   264 : -2.6124232e-27 -1.4032234e-27  5.4265203e-27
   265 :  6.7310338e-14 -1.1545153e-13  1.7739319e-13
   266 :  2.1475205e-36  7.6563936e-36 -4.8373610e-36
   267 :  2.4938541e-33 -2.3274194e-34 -1.1113416e-33
   268 :  3.3543165e-55 -3.3580656e-53  6.7013758e-53
   269 : -7.6379626e-07  1.4994312e-07  4.5371138e-07
   270 : -1.1180529e-32  6.8511702e-32 -4.2454255e-32
   271 :  8.1449844e-13 -4.1953594e-13  6.2980338e-14
   272 : -1.6498487e-31  1.3358555e-31 -1.0647839e-31
   273 : -4.7424374e-52  2.0612724e-52  7.4521531e-52
   274 : -1.5949373e-16 -6.4191423e-16  1.1697467e-15
   275 : -2.8469626e-43 -9.2612389e-43  1.5100703e-42
   276 :  2.3985717e-10 -2.1584370e-10  2.0587201e-11
   277 :  8.8208329e-47 -1.2174159e-46 -5.6155609e-47
   278 :  4.1502557e-16 -1.5534062e-16 -6.7213924e-16
   279 :  2.3515269e-27 -5.3707616e-28 -9.0120756e-28
   280 : -3.1513348e-02  8.7895970e-02 -5.8341353e-03
   281 : -7.9261214e-27  1.2397876e-26  3.8130437e-27
   282 : -2.2376236e-38  8.2711607e-38 -1.4545967e-37
   283 :  5.3604434e-44 -2.7084010e-43  1.6325036e-43
   284 : -1.0575803e-46 -3.8404813e-45 -3.8146620e-45
   285 :  4.9174071e-04  4.9461900e-04 -3.7313239e-04
   286 : -1.9068445e-16  2.3254196e-16  1.6776897e-16
   287 :  8.3674446e-22 -8.5124907e-22  1.8202646e-24
   288 :  4.2235291e-02 -3.0163439e-02  1.7876323e-01
   289 : -9.8348490e-22 -7.3186823e-22  2.4942803e-21
   290 :  1.3887017e-03 -4.8287500e-03  1.3442102e-03
   291 : -9.8025944e-28  1.2449297e-27 -1.2874862e-28
   292 :  3.8506058e-07  2.5419519e-07 -7.0792961e-07
   293 : -2.0151155e-42  1.0169654e-42  3.0687512e-42
   294 : -2.6415997e-19  1.1148425e-18 -2.0556571e-18
   295 :  1.7614370e-58 -4.5770234e-59 -6.4633099e-59
   296 :  1.8390895e-11 -1.3414163e-10  9.8023032e-11
   297 : -1.9486329e-23  4.4939910e-23 -4.8545145e-24
   298 :  9.7154494e-26  3.4163247e-25 -2.5846648e-25
   299 : -1.6102386e-63 -8.7946831e-64  3.9400767e-63
   300 : -8.2965307e-11  8.4400040e-12  3.4400525e-11
   301 :  3.2759631e-30 -4.7076546e-29  2.1415418e-29
   302 :  3.2955762e-16 -9.2006548e-16  2.2795288e-16
   303 :  4.9081482e-20 -1.8377450e-19  6.6563011e-20
   304 :  4.1436203e-18 -1.1376700e-18 -2.8376192e-18
   305 :  5.5044247e-29 -2.6971875e-30 -2.5677989e-29
   306 :  3.3159467e-08  4.8017773e-09 -1.6601889e-08
   307 :  7.2127450e-19 -4.3989248e-19 -5.3145184e-21
   308 :  1.0780843e-25  3.6618237e-25 -8.6484522e-25
   309 :  3.9163296e-63  1.5802871e-62 -9.8379033e-63
   310 :  8.3264572e-22  5.1040008e-22 -2.2051914e-21
   311 :  5.7047098e-17  2.0663253e-17 -1.3801616e-16
   312 :  2.5879592e-56  1.4711140e-56 -5.4834762e-56
   313 :  1.5004995e-42 -5.3012398e-42  1.6248190e-42
   314 :  1.2856784e-61 -2.4411723e-61  3.6094385e-61
   315 : -1.4268847e-49 -7.1822705e-49  4.2727155e-49
   316 : -6.2733781e-08 -2.8193216e-08  4.0460257e-08
   317 :  1.3710869e-63 -5.9647588e-63  3.1864339e-63
   318 :  3.5332220e-11  5.5048563e-12 -1.7384088e-11
   319 :  7.1011479e-13  1.9392453e-12 -3.3884183e-12
   320 :  2.0318277e-01  9.4626606e-01  8.5029478e-01
   321 :  4.6918314e-08 -6.6598110e-08 -3.7600756e-08
   322 :  4.3861654e-61 -1.0812589e-60  2.0306036e-61
   323 :  1.2409080e-69 -1.4072513e-69  6.0648225e-71
   324 : -5.9570352e-48  1.1343106e-46 -5.2896243e-47
   325 :  3.4971223e-40 -3.9489050e-41 -2.6882229e-40
   326 :  8.8884163e-06 -2.0984317e-05  4.0599950e-06
   327 :  1.2090235e-01  9.9490462e-01  1.3680692e-01
   328 :  9.9346013e-16  8.8822367e-16 -1.0788153e-15
   329 :  1.6584288e-45  1.5107745e-44 -8.3753543e-45
   330 : -4.1085916e-66  8.8244694e-67  7.3364007e-66
   331 : -2.5443017e-31  3.6310891e-31  1.5278285e-31
   332 : -6.1772740e-19 -4.3988585e-19  5.2256562e-19
   333 : -1.1786031e-40  1.2145733e-40 -1.2833984e-40
   334 :  3.4096196e-13 -7.1741180e-12  6.3516038e-12
   335 : -1.5040253e-17  3.2271823e-17 -1.8464142e-18
   336 :  3.1173238e-16 -2.3322895e-16 -4.0084935e-16
   337 : -2.5700244e-61 -1.9094477e-60  2.3994536e-60
   338 :  1.6303708e-15 -5.0058137e-15  1.6598210e-15
   339 : -3.5464540e-44  4.5515042e-44  2.6292060e-44
   340 : -1.7305193e-12  5.8144052e-12 -1.8882970e-12
   341 :  3.0339182e-57 -2.4594013e-57 -2.8717842e-58
   342 : -1.2035867e-49  7.7715148e-50  1.6463643e-49
   343 : -1.9018740e-26  1.0200168e-26  4.3591604e-27
   344 :  8.1879861e-11 -1.9646972e-10  4.8861511e-11
   345 : -4.0996507e-04 -1.1288296e-05  1.6933655e-04
   346 : -9.2366704e-50 -3.6493184e-49  2.2666673e-49
   347 : -2.8874447e-12  1.5935777e-12 -4.7426792e-13
   348 :  1.6197744e-26 -6.4668582e-27 -4.8131260e-27
   349 :  1.1956690e-28 -9.0537888e-29  6.4185599e-29
   350 : -1.7518514e-12  4.0183916e-12 -7.0136361e-12
   351 : -1.2697737e-39 -1.0200463e-40  6.7872784e-40
   352 : -3.5349597e-11 -2.4467270e-12  4.0131316e-11
   353 :  9.8144984e-18 -1.2453976e-17  1.2597220e-18
   354 :  2.5515979e-01 -7.0389674e-02  3.7127132e-01
   355 :  1.0527714e-01 -8.7179733e-03 -1.2343630e-02
   356 :  1.0737804e-60  2.0687043e-60 -4.3462939e-60
   357 :  2.5549613e-11  1.4801649e-11 -5.5208075e-11
   358 : -3.2953543e-30  4.3914569e-30  2.2970132e-30
   359 :  8.6124382e-69 -2.7217386e-68  9.3027013e-69
   360 : -5.5297339e-14 -5.6652980e-14  1.8066824e-13
   361 :  1.9723040e-37  6.4242743e-37 -4.1473740e-37
   362 :  7.4460205e-27 -1.5321896e-26  2.4055289e-26
   363 : -2.3934300e-33 -7.3741572e-34  3.8876744e-33
   364 : -9.3281725e-35  6.9592632e-35  1.1467244e-35
   365 :  2.0984792e-28 -2.6631243e-28 -2.7150926e-31
   366 :  2.7454941e-53 -2.9184179e-52  2.3596930e-52
   367 :  3.0624088e-22 -1.8677121e-22  1.1331287e-22
   368 : -7.3746821e-14  5.7595378e-13 -3.6290326e-13
   369 :  7.5542496e-29 -1.2648507e-28  1.3652810e-30
   370 :  2.0514995e-35 -3.8281500e-35 -2.9223559e-36
   371 : -5.0354963e-55  1.7063536e-55  1.6031524e-55
   372 :  2.1349673e-27 -3.1776213e-27 -1.1199065e-27
   373 :  1.4696399e-18  1.6764944e-18 -5.1693722e-18
   374 : -7.7231166e-05  1.8143556e-05 -8.2903667e-06
   375 : -8.3078752e-40 -1.2245613e-39  1.0133108e-39
   376 :  1.1613592e-60 -4.8707269e-60  2.5495259e-60
   377 : -1.6579900e-24  1.2626558e-24  1.8395512e-25
   378 :  1.0852085e-34 -2.3789505e-34  3.8830348e-35
   379 : -1.1133027e-64  3.1620986e-64 -9.3975889e-65
   380 : -2.5483520e-08  2.2041112e-08  1.8031493e-10
   381 :  3.4634973e-29 -2.0142403e-29 -7.1292653e-30
   382 : -6.5323229e-43  2.5831123e-42 -1.2777882e-42
   383 : -1.8800532e-10 -1.8264672e-10  1.7105123e-10
   384 : -7.3996451e-38  2.6512513e-37 -1.1160427e-37
   385 : -3.0946080e-16  5.8720417e-16  5.1364421e-17
   386 : -2.1068901e-08  7.0729563e-09  7.6532874e-09
   387 : -4.0593441e-45 -8.0099959e-45  1.6176200e-44
   388 :  5.2317223e-04  2.2007033e-04 -2.9363006e-04
   389 : -7.7240990e-38  1.7239570e-37 -1.4352845e-38
   390 :  1.1062633e-14 -2.0739506e-14 -2.0048502e-15
   391 : -5.8418487e-32  1.6453660e-30 -7.9068648e-31
   392 :  1.2807162e-10 -1.1149327e-10  7.8740781e-11
   393 : -5.0351538e-10  2.5754614e-09 -1.4395488e-09
   394 :  2.9945042e-37 -2.4556118e-37 -3.6084753e-37
   395 :  3.0967123e-23  2.5147668e-23 -8.1966987e-23
   396 :  8.1033597e-65  2.1003582e-64 -5.0231862e-64
   397 :  8.2546522e-11 -3.6550416e-10  6.2751938e-11
   398 :  2.5155866e-19 -6.4162805e-19  1.8869558e-19
   399 : -1.4618069e-09  1.1447337e-08 -5.9736946e-09
   400 : -3.2360615e-20 -2.3887902e-20  8.1852811e-20
   401 :  1.5038939e-17 -2.1765219e-17 -9.8255670e-18
   402 :  3.5997551e-36 -2.0728515e-36  1.6438320e-37
   403 :  8.8211684e-35 -9.8614003e-34  8.0804666e-34
   404 :  1.1135088e-54 -1.9617192e-54 -9.2422124e-55
   405 :  1.8805458e-23  4.8291459e-23 -5.6800258e-23
   406 : -5.9539490e-13  2.7482495e-13  1.4617174e-13
   407 :  7.7024859e-10 -2.1278480e-09  4.0889800e-09
   408 : -8.5180341e-08 -8.0000262e-09  4.2764025e-08
   409 :  4.8230351e-21  4.2479174e-21 -4.4404625e-21
   410 :  4.1870139e-01  8.8949506e-01  4.7432805e-01
   411 : -1.0156047e-21  2.3196723e-21 -2.3922697e-22
   412 : -2.4558460e-17  1.6591204e-17  3.4759471e-17
   413 :  2.2449899e-59  4.9451925e-59 -1.0239209e-58
   414 :  1.3584810e-03  3.6843240e-04 -1.9242509e-03
   415 : -3.2596414e-20 -5.2998354e-21  7.1973321e-20
   416 :  1.5023434e-43 -7.5770225e-43  1.3801642e-42
   417 : -4.2983762e-13  4.6600153e-12 -9.5738482e-12
   418 :  3.1736397e-08  4.7418670e-08 -1.2294002e-07
   419 : -7.8064814e-55  1.4988361e-54 -3.5329086e-55
   420 :  1.7140177e-51 -3.0402130e-50  2.6979010e-50
   421 : -4.6581795e-47  2.3202904e-46 -1.3884551e-46
   422 : -6.8005051e-28  3.0310210e-28  2.1520313e-28
   423 : -1.2316268e-23  2.2275627e-23  3.8224692e-24
   424 :  1.7099515e-38 -6.6819547e-38  2.4606226e-38
   425 : -3.7887412e-49 -2.3714235e-48  1.3777921e-48
   426 : -1.5623330e-31 -3.6101345e-36  7.7054851e-32
   427 :  2.3901726e-37  5.8007844e-38 -5.9962025e-37
   428 : -3.6781546e-36  6.7671723e-36  6.8703691e-37
   429 :  3.3856204e-18  1.4227675e-18 -2.2683176e-18
   430 :  1.8487191e-16 -1.9027040e-16 -2.0448020e-16
   431 :  3.4902718e-23 -7.5777621e-23  4.2014565e-24
   432 : -2.8102409e-27 -2.7362488e-27  8.3062634e-27
   433 :  1.9399158e-58  1.1423156e-58 -5.0319290e-58
   434 :  1.2558880e-06 -2.1607703e-07 -7.5382967e-07
   435 :  9.7750862e-22 -2.7877397e-22 -4.1366731e-22
   436 : -1.3623086e-39 -3.6675710e-39  7.9714210e-39
   437 :  3.3103756e-13 -3.0196340e-13  2.8380222e-13
   438 :  2.2373995e-14 -1.6692554e-14  1.3576480e-14
   439 :  1.7446942e-09 -9.9967058e-10  4.2659772e-10
   440 : -2.9534340e-47  8.4617113e-47 -2.0898343e-47
   441 : -4.7314941e-65 -2.4278767e-65  9.2653508e-65
   442 :  5.5105636e-13 -4.4785717e-13  4.8706366e-13
   443 : -2.9105286e-27  4.5881303e-27  1.3106188e-27
   444 :  3.3782593e-15  4.3830850e-15 -1.2177788e-14
   445 :  6.7785608e-32 -1.9566293e-32 -3.1114807e-32
   446 : -2.6653936e-04  5.2311720e-04 -9.8926989e-05
   447 : -1.1238952e-32  5.1547937e-33  3.5353509e-33
   448 : -1.5947414e-20 -2.6136175e-20  1.9462253e-20
   449 :  1.6504190e-57 -5.5233803e-57  2.2155839e-57
   450 : -1.7178790e-61  2.4756156e-61  9.7003158e-62
   451 :  3.8785596e-05  6.1078005e-05 -3.6113309e-05
   452 :  1.6987552e-01  2.3993071e-01 -3.9186669e-02
   453 :  1.2983455e-04 -4.5531704e-05 -4.0900128e-05
   454 : -7.2240628e-03 -3.2439341e-02  1.0271913e-01
   455 :  3.7520966e-35 -2.7743919e-35 -2.0318855e-35
   456 :  3.3998294e-20 -1.0041639e-20 -1.3536002e-20
   457 :  7.1277587e-66  6.2655035e-65 -7.2761649e-65
   458 :  1.1242053e-31  4.1262140e-31 -6.7288737e-31
   459 :  8.3998744e-22  3.7445005e-22 -2.0598900e-21
   460 :  2.9079962e-19 -5.2520838e-19 -9.3119559e-20
   461 : -8.5448710e-35  3.1626669e-35  1.4094478e-34
   462 : -1.9381225e-28  7.9231780e-28 -4.0209007e-28
   463 : -5.6662719e-46 -4.9903004e-46  1.4133804e-45
   464 :  8.6930505e-14  3.1165814e-13 -1.8933073e-13
   465 :  2.3566817e-19 -9.0298364e-20 -5.1563605e-20
   466 :  3.2196825e-10 -4.7017194e-10  7.2255299e-11
   467 :  3.7414747e-49 -4.9969133e-50 -2.7457762e-49
   468 : -5.2030882e-43  4.7769658e-43  2.2077507e-44
   469 : -6.5305899e-64  4.6490006e-64  6.6329209e-64
   470 : -1.3582472e-62  2.0168055e-62 -3.3587895e-63
   471 : -1.3396726e-38  4.2924425e-39  5.4050379e-39
   472 :  2.1925942e-45 -3.8182512e-45 -6.1702522e-46
   473 : -1.8756052e-16  8.8635421e-16 -4.9932879e-16
   474 : -4.6765899e-53 -1.5082507e-53  1.0934680e-52
   475 :  6.1598741e-38 -4.2466688e-38  2.5118676e-38
   476 : -1.1671537e-36 -1.0607189e-37  6.2718381e-37
   477 :  3.2597804e-69 -4.9646041e-68  9.6856619e-68
   478 :  4.2688344e-21  3.0459020e-21 -1.2116625e-20
   479 : -5.6346824e-67  9.7183992e-67  1.5615099e-67
   480 : -1.5467630e-06 -1.5641385e-07  2.2938241e-06
   481 :  9.0841876e-36  6.1025016e-36 -4.6427178e-35
   482 :  2.1021874e-54 -3.9160095e-54  8.9857854e-55
   483 : -9.9728054e-09  1.0891347e-08  6.0494826e-09
   484 : -3.6496104e-22 -3.0068579e-22  3.1645964e-22
   485 : -1.5270803e-20  2.7871250e-21  2.8203464e-20
   486 :  1.9205844e-01  3.7378450e-01  2.0828889e-01
   487 :  2.9731783e-18 -3.0487039e-19 -2.3051362e-18
   488 : -5.9069374e-07  6.4093703e-07  8.2395897e-08
   489 :  5.8909130e-57  8.5764749e-59 -1.0887748e-56
   490 : -1.2344311e-47 -8.8847397e-48  1.0580005e-47
   491 : -7.6653157e-50 -1.3512967e-49  1.0563007e-49
   492 : -1.0022505e-16  2.1264159e-16 -3.3613615e-16
   493 :  2.7022727e-10 -6.3015584e-10 -2.0982846e-11
   494 : -2.8796859e-09 -9.7168173e-09  1.3614816e-08
   495 : -2.2265313e-25  5.7399416e-25 -4.1141821e-26
   496 : -4.7631511e-44 -1.7673746e-43  2.7255599e-43
   497 :  9.8468073e-64  1.3722769e-62 -7.3073499e-63
   498 :  3.6065126e-59  1.6463379e-58 -3.6903072e-58
   499 :  1.8493756e-06 -3.0887738e-06 -1.7237025e-06
   500 : -3.5250405e-63  1.1808155e-63  5.9105305e-63
   501 :  1.2992922e-70 -2.7355604e-69  2.0437451e-69
   502 : -1.5903746e-14 -1.1311734e-13  9.1532448e-14
   503 : -2.8783269e-13  3.7147965e-13 -8.0585866e-14
   504 : -1.3305558e-21  4.8481138e-21 -2.0421055e-21
   505 :  1.6716044e-06 -3.4506841e-07 -5.6133763e-07
   506 : -2.3764112e-45  8.8417767e-45 -4.0629857e-45
   507 : -1.2006876e-42  2.4918780e-42 -2.1452516e-42
   508 :  5.7617947e-42 -8.3803699e-42  1.3460715e-42
   509 :  7.1389494e-18  1.1140837e-19 -7.2988614e-18
   510 : -1.3537082e-42  1.1138756e-42  2.0254498e-42
   511 :  3.4578129e-33 -1.0057434e-33 -1.5399234e-33
   512 : -1.8974330e-34 -9.4346880e-33  4.7488800e-33
   513 : -1.6603397e-25 -2.7783651e-25  6.1196196e-25
   514 :  1.5462591e-22 -6.7671725e-22  2.8435037e-22
   515 : -1.5314736e-10  7.6141538e-11  5.1620730e-11
   516 :  2.5264267e-44  6.0693768e-44 -4.2824676e-44
   517 : -7.6794396e-10  4.8233571e-10 -3.0731914e-10
   518 : -1.3665707e-22  6.9206112e-23  1.3516651e-26
   519 : -3.0778894e-34 -2.6720996e-33  3.3040161e-33
   520 : -2.5295192e-25  4.5990258e-25  2.7732027e-25
   521 :  4.9717171e-13 -4.2699833e-13  1.1477262e-13
   522 :  3.8046490e-01  1.2403541e-01  5.4494113e-01
   523 : -1.1467151e-08 -9.7429216e-09  1.0287400e-08
   524 : -9.8641075e-26 -1.0554967e-25  1.0003451e-25
   525 : -1.4137980e-21  1.3052290e-21 -1.3260254e-21
   526 :  4.4828031e-34  2.0687455e-33 -3.1090016e-33
   527 : -1.9195847e-52  6.3283154e-52 -4.8273618e-52
   528 :  1.8416949e-03 -3.4216940e-03  8.0613525e-04
   529 : -4.4814593e-18 -2.4461099e-17  3.0104939e-17
   530 : -4.1104463e-09  2.2334482e-08 -6.4766801e-09
   531 : -2.6176201e-16 -1.2063444e-16  1.7854471e-16
   532 : -2.2507756e-34  1.6575818e-33 -1.1997594e-33
   533 :  7.6903816e-70 -1.1861183e-69  1.6092283e-69
   534 : -3.8990213e-70 -8.9051320e-70  2.1036647e-69
   535 : -4.0261727e-51 -5.2665015e-51  1.3102891e-50
   536 :  7.5665592e-11  5.4929537e-11 -1.7085051e-10
   537 : -2.5121367e-14 -1.1042629e-14  1.6557574e-14
   538 : -9.8367782e-21 -1.1764570e-20  3.4501058e-20
   539 :  5.1771967e-52 -1.4233701e-51  2.7735651e-52
   540 :  3.0986643e-46  2.6753560e-46 -7.3804836e-46
   541 : -6.6358964e-44  1.7743923e-43 -7.7125424e-44
   542 : -4.6722968e-25 -2.5534821e-25  3.4073098e-25
   543 :  1.6726526e-54  1.2850443e-54 -1.4725573e-54
   544 :  7.2068171e-24 -1.3342891e-23 -1.5367020e-24
   545 :  2.5782835e-40  1.1219656e-40 -6.3229070e-40
   546 : -2.9220567e-07 -3.2152665e-07  2.5643528e-07
   547 : -4.1917836e-51  9.4811044e-51 -1.0890011e-51
   548 : -7.5221146e-11  1.8398646e-12  6.7053182e-11
   549 : -3.1191648e-43 -8.0035940e-43  1.9405956e-42
   550 :  6.8879290e-19 -1.6949304e-18  3.3343163e-19
   551 : -5.4535263e-11 -1.2368647e-10  3.0633491e-10
   552 : -5.0848745e-13  2.6402259e-12 -1.2327986e-12
   553 :  4.2110344e-15 -1.1878230e-15 -1.6482809e-15
   554 :  4.8224071e-42 -1.6420928e-41  5.7723954e-42
   555 : -4.0809494e-25  5.4136351e-25  3.0309813e-25
   556 :  1.1915740e-44  1.3801351e-44 -1.2732086e-44
   557 : -2.0515730e-02  5.0073406e-02  2.1255698e-01
   558 :  3.1337281e-16 -2.8192676e-16 -3.6568403e-16
   559 : -1.6475657e-11 -2.3780848e-11  3.8703232e-11
   560 : -1.1261625e-17  5.9486885e-18  2.6322504e-18
   561 :  4.8169569e-04  1.7807029e-04 -2.0707590e-04
   562 :  3.2711452e-35 -1.5524456e-35 -8.4717774e-36
   563 :  4.7609194e-61 -1.9233105e-61 -8.9174869e-62
   564 :  2.3466875e-09 -1.2074160e-09  4.5176635e-10
   565 : -1.9499919e-07  1.0769500e-07 -5.9978484e-08
   566 :  1.5904294e-47 -7.2626976e-47  8.0070082e-47
   567 :  2.0278013e-26 -8.0235388e-26  3.8814302e-26
   568 : -2.4355290e-10  2.8806201e-10  2.7498024e-10
   569 :  2.1346708e-11 -1.6207192e-10  5.6229197e-11
   570 :  4.5290257e-41 -7.5121968e-41 -1.6859245e-41
   571 : -8.5808525e-27  5.9041937e-27  1.3287567e-27
   572 : -7.4853206e-70 -4.2919991e-67  2.1459325e-67
   573 : -2.3256237e-19  1.0186439e-19  3.7975993e-19
   574 :  7.7992638e-18  8.0582729e-17 -1.7440997e-16
   575 : -2.0214538e-02 -1.7409513e-02  9.9088031e-02
   576 : -3.6152563e-23 -6.2165168e-22  7.0582855e-22
   577 :  2.3182628e-01  5.2749041e-02  2.2650147e-01
   578 :  6.0567214e-73 -1.8288960e-72  5.9516785e-73
   579 : -5.7446583e-06 -7.2409279e-06  5.0878997e-06
   580 : -4.0140179e-03 -6.9522715e-04  1.6590242e-03
   581 :  4.7692534e-41  4.4335321e-41 -1.4157487e-40
   582 :  1.1131165e-66 -4.6134342e-66  1.7427993e-66
   583 :  3.0280157e-40 -1.1600332e-39  5.3951107e-40
   584 :  4.6529667e-56 -8.9592065e-56 -3.5548504e-57
   585 :  3.9991741e-11  9.2618361e-10 -4.4673973e-10
   586 : -7.2717205e-49  1.8491453e-48 -3.9383950e-49
   587 : -2.6950529e-35  3.2147016e-36  5.0488601e-35
   588 :  9.7774601e-47 -1.1877397e-46  1.0301428e-47
   589 :  5.6391081e-12 -1.9361349e-12 -9.7459368e-12
   590 :  3.8169585e-12 -3.0095544e-12 -5.3758407e-12
   591 : -1.3381196e-61  2.0973550e-61  5.8134183e-62
   592 : -2.3009884e-43 -2.9288556e-42  6.1031365e-42
   593 :  1.4424722e-33 -3.0616525e-34 -8.1253177e-34
   594 :  4.0635622e-38  1.0658672e-37 -7.2840900e-38
   595 :  1.4592869e-19 -7.2359872e-20  5.7643088e-21
   596 : -5.3418755e-22  1.4624861e-21 -3.9631428e-22
   597 : -4.1847403e-29 -4.3123860e-29  8.7110057e-29
   598 : -7.6043641e-35 -4.8969570e-34  2.8166749e-34
   599 :  9.6857806e-05 -2.7408708e-05 -4.3108202e-05
   600 : -2.1722824e-23  1.5326866e-23  2.9031078e-23
   601 :  1.0860199e-04 -4.1311830e-05 -9.8547274e-06
   602 : -8.1164529e-50 -8.2959550e-49  4.5127598e-49
   603 : -4.9329367e-55 -7.7622495e-55  2.0629642e-54
   604 :  1.6066964e-40 -1.1392066e-40  6.7554864e-41
   605 : -4.4807362e-31  8.2684986e-31  8.1531931e-32
   606 :  2.3477831e-01  5.2144266e-01  1.4227132e-01
   607 :  2.3935663e-23 -2.2627151e-23 -2.6325347e-23
   608 :  1.9976736e-44  1.4116924e-43 -7.9564650e-44
   609 :  6.3734121e-39  1.3125721e-38 -1.3077216e-38
   610 : -3.7157734e-54 -1.0617109e-53  2.4997774e-53
   611 :  1.1283064e-05 -3.0190233e-06 -3.2462544e-06
   612 :  1.1797898e-24 -2.3572163e-23  2.1542472e-23
   613 :  1.9321362e-31  9.9444213e-32 -4.8949325e-31
   614 : -2.5778126e-12  3.5561662e-12  1.6857297e-12
   615 :  3.0561766e-28 -4.3897620e-28 -1.7658795e-28
   616 :  2.9041786e-57 -3.8181891e-57 -2.0014064e-57
   617 :  1.4344421e-31  2.7517028e-31 -2.0413495e-31
   618 : -7.1493324e-37  3.4576202e-37  1.8333418e-37
   619 :  3.1883108e-45 -5.7382159e-45 -6.4394799e-46
   620 : -6.8717286e-32  8.1897897e-32 -9.7732404e-32
   621 : -2.2494534e-24 -3.5764783e-24  8.1259449e-24
   622 :  7.8606710e-08  3.3476378e-07 -5.2337661e-07
   623 :  3.8773494e-15  1.2048048e-15 -5.5070884e-15
   624 :  1.1074623e-27 -2.0468088e-27  4.8271657e-28
   625 : -3.7343505e-28  6.7343112e-29  1.5237515e-28
   626 : -3.8322947e-74  1.4687150e-73 -5.3635930e-74
   627 :  4.4490069e-48 -1.1921104e-47  3.0188022e-48
   628 :  6.0927770e-37 -1.3221021e-36  3.5487024e-37
   629 : -3.6165673e-15  1.1642945e-14 -4.0423868e-15
   630 :  2.6641507e-10  2.7899303e-11 -3.9179113e-10
   631 :  2.9626144e-33 -1.6137874e-32  5.9932042e-33
   632 : -1.3624211e-54  3.0307720e-54 -3.0109507e-55
   633 :  7.7601022e-16 -7.5747823e-16  8.8677217e-17
   634 : -6.1832153e-21 -5.1117727e-21  1.7503634e-20
   635 : -5.0948724e-14  6.4771351e-15  1.6177871e-14
   636 :  6.9665144e-12  5.1220895e-12 -5.3941258e-12
   637 :  3.6488591e-09 -1.9935289e-09  7.6032656e-10
   638 :  7.1057352e-07 -6.6472939e-07 -9.5066408e-07
   639 :  7.7280935e-12  5.1558756e-12 -5.8907637e-12
   640 : -1.0993517e-02 -2.3628119e-02  8.0932238e-02
   641 : -6.0147249e-45  1.6355754e-44 -4.2934469e-45
   642 :  2.1584730e-17 -6.0369536e-18 -3.7701389e-17
   643 :  1.9712010e-14 -1.2362744e-13  2.4628341e-13
   644 : -3.0420646e-14 -1.2746834e-14  5.3517251e-14
   645 :  5.4789761e-24  7.7433348e-23 -7.0160276e-23
   646 :  2.5074434e-25  7.7569931e-25 -1.4076190e-24
   647 :  1.1047431e-06 -6.9980953e-05 -8.8025534e-06
   648 :  8.5052445e-26  1.6920520e-25 -1.5388456e-25
   649 : -1.0561710e-12  1.2281279e-11  1.2853263e-12
   650 : -1.6467175e-26  2.7431400e-26 -3.9003510e-26
   651 :  1.9369044e-07  7.7444751e-07 -1.2358864e-06
   652 :  6.8154707e-24  9.2749294e-24 -7.6578461e-24
   653 : -5.0978162e-08 -1.0324585e-08  1.1996851e-07
   654 :  7.3659730e-39  1.7069866e-41 -6.8171921e-39
   655 :  4.2571611e-26  8.5313632e-27 -6.2602354e-26
   656 :  1.8363640e-05 -4.3121649e-07 -7.6905831e-06
   657 :  2.1193271e-11 -3.9536642e-11 -7.1004459e-13
   658 :  2.2848166e-24  1.4591211e-24 -5.3221326e-24
   659 :  7.0851201e-19 -3.2541699e-19 -1.8365336e-19
   660 :  7.6339956e-08 -6.2280058e-10 -1.1404455e-07
   661 :  4.5406680e-03  8.4538866e-04 -1.4449567e-02
   662 :  8.7337599e-40 -4.6439680e-41 -6.8767411e-40
   663 : -2.8804943e-12 -8.0271417e-11  1.8499728e-10
   664 :  2.2906812e-08 -5.3914231e-08  1.0697603e-07
   665 : -7.1424848e-08  3.2300475e-08  1.6217632e-09
   666 : -6.2870001e-60  1.3591118e-60  9.8954319e-60
   667 :  1.7025010e-41 -4.1117575e-41  6.8679742e-41
   668 : -3.2928284e-14 -2.5465281e-13  3.4504508e-13
   669 :  2.6555939e-70 -4.3957891e-70 -6.3081035e-71
   670 :  1.8599524e-10 -8.1249184e-11 -4.9822696e-11
   671 : -6.9239616e-03  5.5213638e-03 -1.1110922e-02
   672 :  2.4008218e-09  9.5340208e-10 -4.4721604e-09
   673 : -3.2767434e-35 -6.8161925e-36  6.5682102e-35
   674 :  4.3129820e-28 -4.7678210e-28 -3.9435209e-28
   675 :  9.9274063e-32 -5.8762148e-32  1.9092596e-32
   676 : -5.8694867e-22  1.4296473e-21 -2.2079700e-22
   677 : -1.6410908e-22  1.4796080e-22 -1.4104604e-22
   678 :  2.4259167e-11  2.1049099e-11 -8.3149127e-11
   679 :  3.2716523e-19 -8.0057997e-19  1.2308852e-19
   680 :  1.0861990e-17 -1.5494423e-18 -2.1247464e-17
   681 : -1.3717812e-41  1.8191781e-41 -2.3270306e-41
   682 : -8.3859309e-43  2.5169645e-43  9.1593543e-44
   683 :  1.3967084e-38 -2.5544765e-39 -2.5916234e-38
   684 :  6.1153593e-50 -3.1228312e-49  1.2395520e-49
   685 : -1.6319203e-20  3.6824881e-20 -2.5136781e-21
   686 : -9.6178825e-30  3.1160357e-30  3.1399369e-30
   687 : -5.4531983e-49  2.2184216e-49  9.3704594e-50
   688 : -7.5794225e-32  1.1535541e-31  3.8273217e-32
   689 : -2.8333864e-06 -4.9589419e-06  3.2815450e-06
   690 : -1.1531733e-21 -1.6655846e-21  1.3425776e-21
   691 :  1.3919401e-21 -1.0977856e-21  1.0227715e-21
   692 : -4.3386056e-24  2.4269870e-23 -3.0740304e-23
   693 : -5.5211114e-72  8.4811844e-72  2.6168321e-72
   694 :  2.3157632e-47 -2.1573268e-47 -2.5224009e-47
   695 :  7.2893848e-08 -2.0489113e-07  5.8334136e-08
   696 : -1.0158885e-13 -1.4578487e-13  3.6689415e-13
   697 : -6.8749508e-25  6.2839321e-24 -5.1765229e-24
   698 :  2.5790389e-07 -1.4708553e-07 -1.4439629e-08
   699 :  1.7633495e-36 -1.3918178e-35  2.3851297e-35
   700 :  6.2349899e-59  1.2331126e-58 -3.0940224e-58
   701 : -7.4683060e-56  3.2357333e-55 -1.2432694e-55
   702 :  1.4549537e-41 -2.5523610e-41 -3.8221785e-42
   703 : -5.3086313e-03 -1.6266527e-02  2.8599035e-02
   704 :  6.0323645e-27 -8.7927969e-26  1.7374232e-25
   705 :  2.2562963e-46  8.6112882e-45 -4.3474184e-45
   706 :  4.5261234e-04 -2.6751164e-04  1.8358011e-04
   707 :  7.2274527e-14  1.4035410e-13 -1.0191584e-13
   708 : -3.0345076e-16 -4.4392371e-17  1.6126325e-16
   709 : -2.0092186e-30  4.3361968e-30 -6.7814701e-30
   710 : -6.1166004e-34 -9.1068418e-35  8.2367466e-34
   711 :  1.2085729e-27 -6.6179764e-28  1.7881565e-28
   712 :  6.5726770e-15  5.7982502e-15 -1.8711588e-14
   713 :  1.1245709e-26  3.0561486e-25 -5.0478759e-25
   714 :  2.4843676e-01 -3.5410990e-02  2.5660812e-01
   715 :  1.1727621e-21 -5.1642691e-22 -1.0353075e-22
   716 :  1.6721949e-49  2.2170797e-49 -6.1263149e-49
   717 :  7.2180047e-17  6.8420537e-16 -8.5160750e-16
   718 :  3.9879612e-26 -4.5759498e-26  5.3344602e-26
   719 :  1.4835174e-14  2.0712175e-14 -1.6573091e-14
   720 :  5.2387933e-03 -8.5247682e-03 -8.7480648e-03
   721 :  2.3440569e-08 -1.2747798e-08  3.2613121e-08
   722 : -1.2108537e-44 -1.2438280e-45  6.5067359e-45
   723 :  1.5879597e-43  2.9980133e-44 -2.0645721e-43
   724 :  3.2095896e-43 -1.9378117e-42  8.6986709e-43
   725 :  5.9604714e-12  3.0608485e-12 -1.6092203e-11
   726 : -7.5686463e-32  1.6996022e-32  2.8928830e-32
   727 : -5.1153965e-12  7.9765996e-12 -1.3105386e-11
   728 : -6.3209239e-16  8.2889197e-16  5.9029902e-16
   729 : -1.2389559e-20  2.0538031e-20  5.2377759e-21
   730 : -1.5863036e-24  1.8047721e-24 -2.2272461e-24
   731 : -5.1545759e-42  4.5467251e-42  2.9817252e-43
   732 :  1.7354013e-40 -7.6037296e-40  8.6396666e-40
   733 : -4.4939331e-24  8.0910009e-24 -1.6974805e-24
   734 :  1.3654726e-06  1.0427266e-06 -2.4742591e-06
   735 :  7.2248908e-26 -4.2355185e-24  2.0070210e-24
   736 :  2.1608150e-05 -7.5476755e-06 -3.8302989e-06
   737 :  3.9366203e-32  4.8578299e-32 -1.3912068e-31
   738 :  2.4117230e-12 -2.0295152e-12  2.1982785e-12
   739 : -8.1046692e-03 -1.7333369e-02  8.2200758e-04
   740 : -8.2539917e-22  2.4763515e-21 -7.6846843e-22
   741 : -1.6481332e-09  1.7079048e-08 -1.1344716e-08
   742 :  7.9631564e-26  1.4180006e-25 -3.0480013e-25
   743 :  1.4389036e-22 -1.8562940e-22  2.6665715e-22
   744 :  7.4607300e-01  6.1013297e-01  2.0393367e-01
   745 : -8.1836445e-45  5.3072010e-45  1.1440920e-44
   746 :  1.5284873e-37 -1.0148134e-36  6.9714383e-37
   747 : -5.7431807e-30  6.1972757e-29 -1.2278515e-28
   748 : -2.7515590e-23 -4.7123863e-23  1.2848211e-22
   749 : -4.1290153e-15  1.0260883e-14 -1.3416752e-15
   750 :  1.0517549e-46 -1.3644381e-46 -7.6155061e-47
   751 :  3.5972876e-01  5.8463425e-01  6.3394338e-01
   752 :  9.0913791e-24 -1.0915043e-23 -7.9104904e-24
   753 : -5.6773802e-16  1.7052132e-15 -4.8001938e-16
   754 :  3.1255778e-39  4.9075034e-40 -6.7700444e-39
   755 :  2.8835953e-01  2.7275090e-01  6.2492783e-01
   756 :  7.3116779e-30  1.9488234e-30 -1.6829012e-29
   757 :  2.8262759e-68 -1.1615929e-68 -8.4285750e-69
   758 :  1.0160500e-06 -2.9610682e-05  1.1842191e-05
   759 : -1.5794229e-23  1.0046401e-23 -5.1828466e-24
   760 : -3.0341625e-34  4.3575420e-34  1.7913547e-34
   761 :  5.8857739e-22 -9.6324181e-22 -2.6844138e-22
   762 : -2.7313473e-07  2.0793023e-06 -8.7578148e-07
   763 :  2.0102963e-52 -4.8356399e-52  1.4113233e-52
   764 :  8.7213938e-54  1.0041504e-52 -5.4507801e-53
   765 :  2.3388797e-01  4.3250079e-01  6.4851302e-01
   766 : -2.5470202e-27  6.2056927e-27 -1.0826837e-27
   767 :  6.5742909e-07  7.9039138e-07 -2.2852372e-06
   768 : -6.5724440e-47  1.1476044e-46 -1.6616688e-46
   769 :  2.9731045e-01  1.6761727e-01  2.7799179e-01
   770 : -4.5755727e-21  5.1455259e-21 -7.1484549e-21
   771 : -3.1480202e-13  7.5497878e-13 -7.9062087e-14
   772 :  6.8851801e-10 -6.1510244e-10  7.0837808e-10
   773 : -1.0591590e-25  2.2877755e-25 -1.4289424e-26
   774 :  1.0501345e+00  5.5566924e-01  5.7379380e-01
   775 : -1.3749691e-05 -1.4102013e-05  5.4479020e-05
   776 :  6.5020509e-24  1.9964789e-23 -3.1027728e-23
   777 :  9.4386127e-23 -9.8451336e-23 -1.0832983e-22
   778 : -2.2305954e-22 -2.7361029e-22  2.2764819e-22
   779 : -2.0038357e-40 -8.0850076e-41  1.4013639e-40
   780 : -1.4785076e-08  1.3138782e-07 -2.4234034e-08
   781 : -3.7953713e-45 -6.6354274e-45  1.7250366e-44
   782 :  2.9305815e-67  5.9639100e-67 -1.4888247e-66
   783 : -3.2279615e-23 -1.3320689e-22  2.3416546e-22
   784 : -1.4443273e-25  3.4457434e-26  5.4488584e-26
   785 : -2.1379867e-46  1.6297169e-46  2.6977312e-46
   786 :  8.1679141e-01  5.1039550e-01  1.0423890e+00
   787 : -5.4838027e-02  1.7170113e-01  3.4557683e-01
   788 : -5.9418898e-45  8.9054132e-45 -1.2239899e-44
   789 :  1.1131639e-43 -1.6024916e-44 -7.9017445e-44
   790 : -3.8789137e-18  8.9575051e-18 -4.7689809e-19
   791 :  1.2869698e-15 -2.1144768e-15  4.2233851e-16
   792 :  2.6562584e-10 -1.2732503e-10 -3.9016457e-11
   793 :  5.9064923e-11 -4.7832620e-12 -4.7292987e-11
   794 : -7.9571635e-21  1.9498627e-20 -2.5909900e-21
   795 :  4.7539262e-11  2.9184868e-09 -1.3694521e-09
   796 : -1.1953179e-12  2.5113290e-12 -4.4090849e-12
   797 :  7.2348006e-47  1.4171902e-46 -1.0504648e-46
   798 : -2.0492708e-17 -3.9153795e-17  2.8771041e-17
   799 :  1.0569646e-27 -8.1547909e-27  5.8117047e-27
   800 :  2.0623137e-01  2.5163367e-01  2.9365119e-01
   801 :  1.6905680e-45 -1.3057574e-45 -3.9624090e-45
   802 :  5.6947300e-24 -1.0254620e-23 -1.5966867e-24
   803 :  2.1215080e-34  3.1706554e-34 -2.6019777e-34
   804 :  1.9294788e-01  5.5745151e-01  2.6825591e-01
   805 :  2.2233988e-23 -6.6316043e-23  1.9340689e-23
   806 :  6.3794007e-43 -3.1920848e-43  1.5227639e-44
   807 :  9.3647542e-47 -2.5163500e-46  7.7979164e-47
   808 :  7.8608082e-01  1.8534352e-01  5.0838247e-01
   809 : -2.7154800e-33  3.1303511e-33  2.3910605e-33
   810 :  4.2526130e-46 -2.6476425e-46  1.0697254e-46
   811 :  2.8086505e-68  4.9369169e-69 -4.3644241e-68
   812 : -1.1690203e-28 -2.1172597e-28  5.4896032e-28
   813 :  1.8897027e-24 -7.1048203e-24  3.3409255e-24
   814 : -7.5234026e-62  1.0454321e-63  7.3141480e-62
   815 :  2.4350802e-68 -5.5124256e-68  4.8839083e-69
   816 :  2.0438545e-59 -4.6593229e-60 -7.8823961e-60
   817 : -2.8527190e-61 -2.9614305e-61  8.6712036e-61
   818 : -1.0647545e-65  5.7123733e-65 -3.5734899e-65
   819 : -1.6431395e-23  2.5094174e-23 -3.3863744e-23
   820 :  5.5250710e-64 -1.5035416e-63  3.0378892e-64
   821 : -3.5850473e-11 -1.8479456e-10  1.0877301e-10
   822 : -1.0777156e-18  2.9952739e-18 -8.2836642e-19
   823 : -8.3941882e-36  2.5992111e-35 -9.1626173e-36
   824 :  2.9642451e-37 -2.9151249e-37 -3.0689191e-37
   825 : -6.4613678e-52 -2.0136767e-52  1.4956068e-51
   826 :  1.6198820e-13 -2.6749720e-12  5.5726047e-13
   827 :  1.0039687e-39  6.8900442e-40 -8.4534075e-40
   828 :  2.2282691e-30 -3.5148822e-30 -3.3887657e-32
   829 :  7.3013498e-18  1.8239220e-17 -1.2566894e-17
   830 :  2.4771371e-04  6.7813727e-04 -4.2275279e-04
   831 :  6.8465800e-04 -5.5253651e-04  6.3621393e-04
   832 : -4.0679089e-24  3.7691355e-24  4.4560235e-24
   833 :  1.2588527e-04  9.2792215e-04 -4.6671969e-04
   834 : -7.6488601e-59  6.4223971e-59 -5.2171186e-59
   835 :  8.6905119e-66 -3.3879360e-65  5.9264667e-65
   836 : -3.5704144e-21  6.8100584e-21 -1.5910824e-21
   837 : -3.8533637e-41 -5.6140137e-41  1.5258370e-40
   838 : -3.9419918e-17 -3.1158733e-19  4.9672525e-17
   839 : -2.3169780e-33  2.8775670e-33  1.7794464e-33
   840 :  5.2056901e-40  4.7606117e-39 -1.0086390e-38
   841 :  1.1941597e-36  2.3027210e-37 -1.6539350e-36
   842 :  1.6636560e-29  1.9953961e-29 -1.8617933e-29
   843 :  1.2405512e-38  5.4885308e-38 -7.9920659e-38
   844 : -4.2922446e-27 -1.0208357e-25  2.0962099e-25
   845 : -4.3421509e-50  3.0446348e-49 -5.6255616e-49
   846 :  1.4010324e-22 -1.2569206e-21  5.4654571e-22
   847 : -9.2803551e-29  2.4094858e-28 -3.9076333e-28
   848 :  1.9968662e-72 -1.2583213e-71  5.2949559e-72
   849 :  3.3462149e-36 -3.4894599e-35  2.3903988e-36
   850 :  4.0939928e-31  5.4147114e-31 -1.4986058e-30
   851 :  6.9427210e-34 -5.0891778e-33  3.6886228e-33
   852 : -4.6237989e-55  2.0618277e-54 -8.0831173e-55
   853 :  1.1344221e-13 -1.1634187e-13  7.7252966e-14
   854 :  1.9512054e-72  9.6716720e-72 -2.1391180e-71
   855 : -7.6288877e-12  1.0133512e-12  4.9624208e-12
   856 : -2.0267443e-15  1.6852040e-15 -1.5567180e-15
   857 : -8.1832763e-11  7.8321079e-11 -8.9300870e-11
   858 :  4.4163217e-21  1.1485618e-18 -5.4001347e-19
   859 :  1.4846287e-54  3.2097086e-54 -6.2064993e-54
   860 : -9.1448895e-21  2.9830471e-20 -9.7194977e-21
   861 :  4.2002551e-20 -4.1677648e-20  4.3872484e-20
   862 :  1.2736522e-21  5.9617146e-22 -2.9098524e-21
   863 :  3.6062694e-16 -8.4914230e-16 -1.1249282e-17
   864 :  2.0444540e-15 -2.3163493e-14  5.3302173e-14
   865 :  1.1265662e-09  1.8220842e-09 -4.8533220e-09
   866 :  5.6931485e-03 -7.6776443e-03 -8.4441015e-03
   867 : -6.1109628e-08  1.7190289e-07  8.8376215e-08
   868 : -1.3168307e-24 -1.7782187e-23  2.0506675e-23
   869 : -1.3099843e-24 -4.0323346e-25  8.4195137e-25
   870 : -2.6816311e-28 -4.5543537e-27  2.3679979e-27
   871 :  2.8725026e-13  2.2293393e-13 -8.1429472e-13
   872 : -4.3522796e-13  1.7963478e-13  1.1060843e-13
   873 :  2.2848001e-03 -2.7752120e-03 -5.2304436e-03
   874 : -7.8915690e-03 -6.0465538e-03  3.2112046e-03
   875 : -1.0997520e-34  4.0310957e-35  9.5696239e-36
   876 :  1.3533555e-33  4.6124049e-33 -7.3373544e-33
   877 :  5.0526375e-63 -6.6632323e-63  8.2781440e-63
   878 :  2.3388063e-59 -5.6735949e-59  1.3581390e-59
   879 :  1.0734047e-40 -8.7740748e-41  6.8467286e-41
   880 :  2.0494207e-38 -9.2751133e-38  3.5998645e-38
   881 : -1.7932676e-61  5.9803636e-62  5.9657439e-62
   882 :  9.4565905e-59 -3.9536478e-59 -1.4972984e-58
   883 : -1.9553622e-39  1.2124234e-39 -4.7835438e-40
   884 : -8.7985116e-38  4.3375662e-37 -1.7150195e-37
   885 :  2.9867539e-18 -5.9567883e-18 -2.0499769e-19
   886 :  9.9487163e-21 -4.6674415e-20  8.9833959e-20
   887 : -5.1518609e-20  4.9332693e-20  1.1409133e-19
   888 : -3.6787320e-19 -1.7312353e-18  9.6704629e-19
   889 : -2.0174027e-06  7.7946880e-06 -2.2706831e-06
   890 : -6.6904846e-07  3.7006539e-07 -3.5282138e-07
   891 :  2.7212444e-36  1.5601811e-36 -5.8421525e-36
   892 : -3.1671628e-33  4.5465902e-33  1.8171322e-33
   893 :  2.1088901e-22 -5.0568461e-23 -1.0977210e-22
   894 : -1.2102867e-20  1.1034948e-20  1.3585481e-20
   895 : -2.1962984e-06 -5.5671727e-06  2.8643215e-06
   896 :  7.5561532e-07 -2.3260120e-07 -2.7051271e-07
   897 :  3.0827653e-38  1.7542752e-38 -6.5954825e-38
   898 : -8.4574761e-36  1.1482888e-35  5.6911727e-36
   899 : -4.3557372e-08  1.5096611e-08  8.5973705e-08
   900 :  2.2807155e-08 -7.0736472e-09 -6.9975479e-09
   901 :  6.4947330e-24 -7.0998529e-25 -5.0827480e-24
   902 : -7.1610977e-22  5.9527398e-22  7.4069903e-22
   903 :  2.8055930e-13  9.2716642e-14 -1.8915874e-13
   904 : -8.0111485e-15 -2.7265101e-15  1.6158111e-14
   905 : -3.0394298e-14  3.9516368e-14 -3.6020423e-15
   906 : -2.0619978e-08  3.4943179e-08  1.1955310e-08
   907 :  5.6306420e-10  4.4339230e-10 -1.5016623e-09
   908 :  4.2390328e-15 -1.6925142e-15 -7.9281088e-16
   909 : -6.2351486e-14 -2.8697197e-13  1.7300254e-13
   910 : -5.7418275e-17 -1.6876990e-15 -1.3197865e-16
   911 : -2.2118336e-17  1.5378340e-17 -1.0192675e-17
