Number of elements 912
     0 : -1.4183000e-23 -4.7882952e-24  3.4524975e-23
     1 : -4.1464541e-13  1.0703897e-12 -2.0522295e-13
     2 : -4.9600239e-01 -2.3498435e-01 -2.8903605e-01
     3 :  3.9162323e-16 -1.8429599e-16 -6.3501529e-16
     4 :  1.6301187e-01  1.4688964e-01  1.7398052e-01
     5 :  2.9837963e-02  6.9384559e-02  2.2868204e-01
     6 :  8.8569016e-36  1.9486056e-35 -3.7549018e-35
     7 :  1.9480021e-12 -1.4167488e-11  7.5785447e-12
     8 :  3.4499338e-11  9.3524140e-11 -5.5595034e-11
     9 :  7.2205254e-33 -3.3532550e-32  1.7579546e-32
    10 :  7.8127462e-12  1.4022916e-11 -3.1802181e-11
    11 : -7.7916263e-36  1.3219261e-35  3.1641120e-36
    12 : -4.4631125e-02  3.6763402e-01  4.9147915e-01
    13 : -2.4023877e-08  1.5245803e-08 -1.4565617e-08
    14 :  3.0018738e-18 -6.6032291e-18  1.1545131e-18
    15 : -5.1538895e-10  1.0678822e-09  3.8540645e-10
    16 :  1.0728320e-37 -2.9714804e-37  6.6282524e-38
    17 : -9.2783049e-27  3.5048984e-26 -1.3243115e-26
    18 : -7.7245232e-11  2.3276372e-10 -7.8319868e-11
    19 :  1.9968472e-44 -4.0605743e-44 -1.2417692e-44
    20 :  1.1941012e-26 -1.0030210e-26 -1.2324376e-26
    21 :  3.0195101e-08 -9.4229661e-09 -7.0125433e-08
    22 :  5.7027221e-08 -8.9505782e-10 -2.4787329e-08
    23 :  7.3328119e-41 -7.3097881e-41  9.7911384e-41
    24 :  3.3623933e-14  8.5991643e-13 -1.1605687e-12
    25 : -4.3464800e-43 -1.0900194e-42  6.9115433e-43
    26 :  3.8457950e-12  4.5749962e-12 -3.2595780e-12
    27 :  5.1557220e-09  1.8221317e-08 -1.3129017e-08
    28 :  7.3651887e-09 -5.7535760e-08  2.3258633e-08
    29 : -2.0034410e-14 -5.3576982e-14  1.0263980e-13
    30 :  1.4160033e-11  1.4335620e-11 -4.6032415e-11
    31 :  4.6556649e-17 -2.4634042e-17 -7.3665287e-17
    32 :  5.9233357e-35  7.4737415e-35 -2.0203505e-34
    33 : -5.7835999e-07  9.3048189e-07  2.2191739e-06
    34 :  1.0596921e-44 -5.9356268e-45 -1.5451693e-44
    35 : -6.0447866e-17 -8.9408780e-18  1.4199151e-16
    36 : -4.4120100e-03 -8.3489374e-02  1.7987593e-01
    37 : -5.9307226e-05 -2.9604604e-05  2.5911051e-05
    38 :  8.3634103e-09 -3.7675657e-08  9.2484714e-09
    39 : -1.9049420e-14  3.5925127e-13 -3.3060926e-13
    40 :  1.6320653e-14 -5.1007584e-14  1.1488677e-14
    41 : -1.1538981e-08  2.1172830e-08  1.3403830e-08
    42 : -2.3831058e-42  3.5235068e-42 -4.6238017e-46
    43 :  1.1178988e-25  5.6698930e-26 -2.9094642e-25
    44 :  1.8434513e-06  9.8312445e-06 -1.4335449e-05
    45 : -1.9987319e-20  1.8493270e-19 -3.7619736e-19
    46 : -2.8460750e-20  1.4522666e-20 -3.0680299e-21
    47 :  1.3728789e-34  1.2180863e-33 -2.6545156e-33
    48 :  2.9592688e-38  1.5713233e-36 -6.5364867e-37
    49 :  8.3796480e-11 -1.2213396e-09  1.0049584e-09
    50 :  5.8183702e-07  1.9742644e-06 -6.2729558e-07
    51 :  8.7737666e-03 -3.8399568e-03 -8.3645746e-03
    52 : -1.6864970e-10  4.3833523e-10 -8.2769889e-11
    53 :  5.7552642e-35 -3.6049012e-35  1.1013417e-35
    54 :  3.8038541e-08 -2.2378475e-08 -1.0068100e-08
    55 : -1.3367960e-08  8.2909209e-09 -9.3396487e-09
    56 :  1.1755448e-01  2.0363056e-01  7.4125064e-02
    57 : -3.7589751e-10 -3.8121220e-09  9.4072797e-09
    58 :  2.3159385e-04 -5.8757660e-04  1.7676325e-04
    59 : -1.8958778e-10 -2.2353990e-10  1.4930356e-10
    60 : -6.6684191e-07  6.7496842e-07  1.1283669e-06
    61 :  1.8069651e-03 -7.4816756e-04  1.0988087e-03
    62 : -3.6648465e-13 -9.5388357e-13  6.3178392e-13
    63 : -1.9231630e-06 -1.8290639e-06  1.8087738e-06
    64 : -7.6856519e-12  3.9427737e-12  1.2435091e-11
    65 : -7.4389750e-15  1.2685364e-14 -2.6341125e-15
    66 : -8.6001669e-17  2.0794139e-16 -1.0814785e-17
    67 : -1.4235081e-36  1.2324122e-37  2.8283886e-36
    68 : -2.3762557e-36  6.2771817e-36 -1.3925102e-36
    69 : -1.6548495e-36  1.3425834e-36  2.0468814e-36
    70 : -1.7598181e-19 -7.6193959e-20  4.4252652e-19
    71 : -4.1796467e-06  7.8371464e-06  3.2766205e-06
    72 :  2.7396131e-39 -1.9227116e-39 -3.5706660e-39
    73 :  2.7530476e-05 -2.8920822e-05 -2.7613518e-05
    74 :  6.7548133e-28  1.7147821e-27 -1.1811280e-27
    75 :  5.0306730e-28  4.5760649e-28 -4.5437167e-28
    76 :  3.3934596e-39  2.4254479e-39 -2.6527227e-39
    77 : -1.5785301e-30  4.7411299e-30 -1.4748707e-30
    78 : -3.5018683e-33  8.7227060e-33 -6.2722534e-34
    79 :  1.8453073e-24 -1.8406742e-24  2.1075658e-24
    80 :  2.8589696e-51  1.5174986e-50 -1.0484050e-50
    81 :  2.6199697e-33  1.1398157e-32 -6.9640969e-33
    82 :  8.6261085e-01 -1.3322783e-01  9.6634433e-01
    83 : -2.7207935e-45 -7.5477960e-45  1.3097429e-44
    84 : -3.4170244e-42  5.2401232e-42  3.5280031e-43
    85 :  7.7631938e-02  1.5764945e-01 -7.7842570e-02
    86 : -1.5490492e-27 -8.8309111e-27  2.0443943e-26
    87 :  5.7342532e-26  5.0385173e-25 -6.0741683e-25
    88 :  1.3234479e-15  9.9465282e-16 -1.0909010e-15
    89 :  3.6022636e-04 -5.9112613e-05 -1.4687143e-04
    90 : -6.6255799e-40 -2.1728991e-39  1.4063744e-39
    91 :  1.8684719e-01  1.2081167e-01  1.4829625e-01
    92 :  7.0805489e-20 -1.2854764e-19  3.2787635e-20
    93 : -1.0406200e-49  1.9491012e-50  4.9561262e-50
    94 : -3.0500793e-23 -2.6698561e-23  5.1195679e-23
    95 :  1.1629617e-36 -3.3671744e-37 -4.8077615e-37
    96 : -4.0401802e-17  9.5736320e-17 -1.4439409e-16
    97 : -4.2342258e-18 -5.0464499e-18  1.3363941e-17
    98 :  4.0910254e-01 -9.3220100e-02  1.1342358e-01
    99 : -2.0748465e-34 -2.9333861e-33  1.6348021e-33
   100 : -3.4647966e-35  2.9861438e-35  1.7421006e-35
   101 :  1.8162359e-15 -1.1632607e-15 -2.8959301e-16
   102 :  6.4576317e-10  2.2209861e-09 -1.3393001e-09
   103 :  3.7576395e-46 -3.8147329e-46 -3.8621148e-46
   104 : -1.4196639e-20  4.7633380e-21  3.9073171e-21
   105 : -4.5171352e-11  1.0572725e-11  4.3336712e-11
   106 :  9.9527449e-14 -1.0367051e-14 -2.0521400e-13
   107 :  5.5465451e-14 -3.3978718e-13 -4.2504693e-14
   108 :  8.7790261e-13  1.2469155e-12 -3.9144661e-12
   109 :  8.7109959e-10  1.0092805e-09 -5.1037347e-09
   110 :  3.9751909e-06 -3.0674633e-06  1.5926208e-06
   111 : -9.6375931e-13  1.4447173e-13  3.1197049e-13
   112 : -3.8304721e-32 -3.6670618e-32  1.1995829e-31
   113 : -4.0876984e-03 -1.3441381e-03 -3.1837724e-05
   114 : -6.9426374e-19  2.7474054e-19  6.2495744e-19
   115 :  6.8443861e-09  1.9123834e-08 -9.7464797e-09
   116 : -6.7010423e-06  3.0524754e-06  2.2043493e-06
   117 :  1.9029201e-01  1.8966954e-01  1.1582739e-01
   118 :  8.9952175e-01 -8.8931389e-03 -2.0421619e-01
   119 : -5.9948215e-38 -1.7112667e-38  9.4684624e-38
   120 : -2.2318897e-18  1.8886212e-19  1.8562890e-18
   121 :  2.8689324e-29 -2.3359912e-28  1.4343307e-28
   122 :  5.7772320e-09  3.5939797e-09 -4.6166999e-09
   123 : -1.9193392e-46  5.7209042e-46 -4.6741484e-46
   124 :  3.9011362e-34 -3.8921720e-34  9.5677201e-37
   125 :  3.0048385e-49 -1.0291060e-48  4.2930113e-49
   126 :  5.5406423e-27 -7.2321035e-27 -2.8891974e-27
   127 : -6.6607368e-28  7.0253602e-28  7.0222056e-28
   128 : -1.3685749e-09  1.3122931e-09  1.6305332e-09
   129 :  2.5194035e-23  3.4356133e-23 -9.5508764e-23
   130 :  2.9659770e-03  7.1499118e-05 -1.1799349e-02
   131 : -8.0608506e-07  2.5103370e-08  4.8984778e-07
   132 :  1.8374972e-08 -5.3370332e-08  9.1178818e-09
   133 : -2.0640353e-05  4.8187092e-05 -9.5511269e-06
   134 : -1.1208501e-08  4.9898308e-09 -1.4033888e-09
   135 :  8.3010746e-11  5.9639684e-11 -2.3470295e-10
   136 :  3.7317165e-14  1.1018068e-14 -2.5032826e-14
   137 : -1.4113086e-10  4.2762693e-10 -1.3753938e-10
   138 :  1.3533457e-12  1.1521234e-12 -1.6108156e-12
   139 :  4.0598406e-12 -7.1453768e-12  1.6039408e-12
   140 : -9.7488603e-31  1.8332666e-30 -4.1548896e-31
   141 : -4.4838739e-29  3.1606939e-29  6.2113330e-29
   142 :  2.5876088e-12 -3.7868929e-12  5.6841414e-12
   143 :  3.6377116e-39  2.7569456e-38 -4.4487059e-38
   144 :  4.1072536e-14  2.7266277e-14 -2.9065681e-14
   145 :  1.6181939e-18  1.3497868e-16 -6.2499107e-17
   146 : -1.1632920e-21  5.2312074e-22  1.8463323e-21
   147 :  9.6580974e-38 -6.1639243e-38 -1.3566840e-38
   148 :  4.0844225e-21 -3.2798630e-21 -4.9915000e-21
   149 :  1.7796020e-01  8.1490193e-02  1.6779410e-01
   150 : -3.6980406e-17  1.5318324e-16 -7.5211962e-17
   151 :  1.5015318e-27  6.6769257e-28 -3.8217407e-27
   152 :  2.8063989e-23  4.6264810e-24 -1.5078314e-23
   153 :  6.6108442e-01  1.9862821e-02  4.6134663e-02
   154 : -4.2197464e-50  2.5943672e-50  5.6514130e-50
   155 :  2.2411868e-38 -2.2228395e-38 -3.3088424e-38
   156 :  2.7071142e-40 -4.0103400e-40  6.5426351e-41
   157 : -4.5786174e-19 -5.1830237e-19  1.4801163e-18
   158 :  4.8602105e-12 -4.1547983e-12  7.8248742e-14
   159 :  2.0287678e-15  6.5084712e-15 -4.1544312e-15
   160 : -4.6037046e-48  9.4490843e-49  1.8150941e-48
   161 : -4.3262017e-47  6.2544199e-46 -1.2181490e-45
   162 : -4.9942874e-03  1.8548770e-01  8.0040033e-02
   163 : -2.8375115e-08  1.5295502e-08 -7.7614760e-09
   164 :  2.8106255e-26  2.4636421e-26 -8.3666769e-26
   165 :  2.9079147e-14 -2.7252214e-13  2.1308704e-13
   166 :  5.3029975e-40 -6.0207803e-41 -1.0336892e-39
   167 :  1.0153424e-11 -8.4169144e-12  9.0980960e-12
   168 :  4.7870512e-08 -1.6084156e-07  3.2575182e-08
   169 :  1.0934546e+00 -3.5961638e-01 -3.3760121e-01
   170 :  1.3345176e-36 -3.2682882e-36  5.5021830e-36
   171 :  7.3299122e-37 -3.2934070e-36  5.8933517e-36
   172 : -4.2653320e-07  6.7593835e-07  5.2401837e-07
   173 :  1.5777734e-09 -1.1986122e-09  1.9094938e-09
   174 :  5.9298564e-13 -1.2508509e-12 -8.0226203e-14
   175 :  5.2825068e-21 -5.9861489e-21  7.2926653e-21
   176 :  3.7054503e-33 -3.7336809e-33 -4.0183941e-33
   177 :  4.9527251e-13  1.7999525e-12 -2.8130236e-12
   178 :  1.2776127e+00 -2.1678772e-01  6.7706644e-01
   179 :  2.3649135e-12  1.0825712e-11 -1.9115506e-11
   180 : -1.6956652e-38  4.1524046e-39  3.0647371e-38
   181 :  5.5570237e-08 -7.2811336e-08 -9.6811192e-08
   182 :  4.5445272e-23  1.7672282e-23 -8.3886183e-23
   183 :  7.5329004e-06  3.1838221e-07 -8.3176197e-06
   184 :  4.1406728e-50  6.5322555e-49 -3.4212615e-49
   185 : -3.2892049e-27  1.4296467e-27  8.9029551e-28
   186 : -1.3119579e-18 -1.6879778e-18  4.9536959e-18
   187 :  2.6963841e-11 -7.5278151e-11  1.2722561e-11
   188 :  8.4443112e-01  5.0294099e-02  9.8045720e-01
   189 :  1.9510058e-11 -5.8133308e-11  1.8277810e-11
   190 : -6.5991631e-15 -1.0794132e-13  5.1011116e-14
   191 :  4.3364152e-46 -3.4745749e-46 -5.5141422e-46
   192 : -4.1558829e-07 -1.9326876e-07  1.0608270e-06
   193 : -1.0003087e-02  1.7911612e-01 -5.8261066e-03
   194 :  5.1749364e-01  1.8358435e-01  2.6384190e-01
   195 : -2.4390530e-19 -7.2057655e-20  1.5531256e-19
   196 :  1.1652228e-38 -1.1253421e-38 -1.2957767e-38
   197 : -2.6675942e-39  4.8543279e-39  5.0857984e-40
   198 : -1.3245035e-16 -6.0976005e-17  2.6999811e-16
   199 :  2.7532257e-03 -9.5597915e-03  2.6993845e-03
   200 :  9.9180949e-35 -8.4512504e-35 -1.0263214e-34
   201 : -9.5481213e-09  3.7816913e-08 -7.1529946e-08
   202 : -1.3950825e-19 -7.5446532e-20 -9.9139237e-20
   203 :  7.5063838e-42  4.0966266e-42 -5.5903524e-42
   204 :  1.2110636e-19  1.3475461e-19 -2.6704458e-19
   205 :  9.9109994e-08 -2.3254872e-07  5.2087859e-08
   206 : -1.3911623e-41  5.7337754e-42  2.5552124e-43
   207 : -1.8955412e-39  1.2541867e-39 -6.9820712e-40
   208 : -6.3542245e-29  3.8727381e-29  7.3671569e-29
   209 :  5.6607551e-01  2.7710720e-01  8.8854453e-02
   210 :  6.4400511e-21 -8.1367404e-21 -5.0998722e-21
   211 :  3.7189938e-41 -1.4076640e-41 -7.6926035e-42
   212 : -1.5431884e-11  1.5350397e-11  1.1945699e-12
   213 :  9.7173612e-39 -4.6199729e-38  4.5810612e-38
   214 :  1.6687040e-01  2.4171127e-01  9.1356460e-02
   215 :  4.3548946e-01 -1.7795926e-01 -1.0617774e-01
   216 :  6.9280725e-11 -7.1395075e-11 -7.9538528e-11
   217 :  3.8194191e-49  1.9704979e-48 -1.1545312e-48
   218 :  4.5586978e-31  7.5489787e-31 -1.7086788e-30
   219 :  1.9792953e-09 -2.0247166e-08  2.8848077e-08
   220 :  9.7685903e-27  2.1722703e-26 -5.6034625e-26
   221 :  1.7469263e-33  3.5453436e-34 -3.9160447e-33
   222 :  5.3672842e-05  3.6866186e-04  3.3945171e-04
   223 :  5.5731961e-06 -3.7452741e-05  2.5619886e-07
   224 :  1.0293184e-15  6.6903679e-16 -2.8620060e-15
   225 :  6.7975954e-26 -1.2377445e-25 -1.5937148e-26
   226 : -1.4673753e-34  7.5631383e-35  4.9050368e-35
   227 : -7.6588191e-20  4.2481255e-20 -1.5847476e-20
   228 : -3.3599058e-16  6.7599152e-16  7.5794716e-17
   229 :  2.8648740e-22  3.4077177e-22 -2.9522703e-22
   230 : -9.0170205e-35 -3.5794765e-35  5.9941084e-35
   231 :  6.0255196e-37 -7.5701553e-35  7.4200589e-35
   232 :  6.1244215e-47  9.3473236e-47 -7.5916325e-47
   233 :  2.2506250e-33 -2.9779360e-33 -1.2508388e-33
   234 : -1.7708838e-05 -2.0705283e-04 -1.4327830e-02
   235 : -3.9983043e-07 -1.4290647e-06  3.1836747e-06
   236 : -1.4186657e-31  2.8499904e-31  1.3451050e-32
   237 : -2.2158438e-29  3.9791540e-29 -8.2348997e-30
   238 :  6.8633575e-44  9.0163707e-45 -3.8632350e-44
   239 :  3.5910655e-34  4.1213047e-33 -8.8341031e-33
   240 :  1.1929090e-39 -5.0199827e-40 -1.9610648e-39
   241 : -8.4822406e-10 -1.3262750e-08  4.4451872e-09
   242 : -3.3422672e-10 -5.1484402e-10  1.4534254e-09
   243 :  7.4255578e-04 -2.6919919e-04  5.3752524e-04
   244 :  5.3447825e-06 -4.4895332e-07 -2.7494502e-06
   245 :  3.1789579e-32  1.0624042e-32 -6.9776950e-32
   246 :  3.0402447e-10 -1.2806586e-10 -8.0100407e-11
   247 :  6.0697743e-04 -3.8449588e-04  7.0358437e-04
   248 :  1.1692765e-48 -3.2156422e-49 -2.0464887e-48
   249 : -1.9050948e-24  1.0850475e-24  2.9790191e-24
   250 :  2.5669327e-09 -8.6187255e-10 -1.5530872e-10
   251 : -4.2085674e-17  9.8561294e-17  8.6867623e-18
   252 : -5.1882317e-35  9.5692764e-35 -1.0332384e-35
   253 :  5.3399837e-43 -6.3483510e-43  7.7598953e-43
   254 : -6.1800724e-03  1.7382371e-03  1.4959694e-03
   255 : -7.0174710e-19  1.3425131e-19  1.4704618e-19
   256 :  2.4098275e-10  4.2255093e-10 -2.7903731e-10
   257 : -5.6932446e-07  5.3635674e-06 -5.5275544e-06
   258 : -3.9688961e-20 -1.0477357e-19  2.4377245e-19
   259 :  1.9252050e-28  2.7910843e-28 -7.9208649e-28
   260 :  1.5127284e-09 -1.5144755e-09 -1.8133198e-09
   261 : -1.9430874e-19 -1.7746270e-19  9.1628529e-19
   262 :  3.8331715e-32 -9.4517154e-32  4.8491998e-32
   263 : -1.7911334e-36  1.9412242e-36  1.7855036e-36
   264 : -2.6109206e-18  2.7590232e-18 -3.1202632e-18
   265 :  5.5729786e-09  5.1711695e-09 -1.6571411e-08
   266 :  2.9133703e-24  7.8854606e-24 -5.0818118e-24
   267 : -1.4245980e-23  5.5104905e-23 -1.9423122e-23
   268 :  3.6221414e-37 -7.3932967e-39 -3.3989644e-37
   269 :  5.7987729e-04 -1.5686247e-04 -2.0319517e-04
   270 : -1.2136535e-21  8.7859907e-21 -5.7749816e-21
   271 : -8.6973376e-08 -9.5375167e-10  9.9386340e-08
   272 : -2.0116077e-22  9.4628897e-22 -1.8246489e-21
   273 :  7.4888615e-36 -1.4067272e-35 -1.0060577e-36
   274 : -1.6597732e-10 -5.6887075e-10  1.3043485e-09
   275 : -7.4849793e-31 -6.0262625e-30  7.9092813e-30
   276 : -1.4450555e-07  3.6904975e-07  4.2876817e-08
   277 :  2.2895614e-32 -2.7449483e-32 -2.0059197e-32
   278 :  5.7428955e-11  1.2862975e-10 -3.3426865e-10
   279 :  4.3908466e-17 -8.6803668e-18 -1.7046703e-17
   280 :  1.8333958e-01  2.1710932e-01  1.4414666e-01
   281 : -7.3487172e-18  8.0775274e-18  7.7362943e-18
   282 : -7.0832217e-25  3.1090518e-24 -5.9398901e-24
   283 :  6.4809680e-30 -4.7927204e-29  3.4655473e-29
   284 :  5.2622086e-32 -2.4655917e-31 -7.8800606e-32
   285 : -1.0756819e-02 -1.1632811e-02  4.6151369e-03
   286 : -1.5288965e-10  2.3095260e-10  1.6904524e-10
   287 :  6.2323719e-13  3.2031038e-13 -4.0022049e-13
   288 :  1.6295047e-01  1.5129596e-01  1.5849399e-01
   289 : -3.6289824e-14 -8.6004406e-16  3.9137939e-14
   290 : -1.2323208e-03  3.5490015e-02 -1.9761198e-02
   291 : -1.7988209e-17  2.4685014e-17 -3.0222713e-18
   292 : -1.0652588e-04 -7.0408636e-05  2.1191161e-04
   293 : -4.0313648e-28  1.8822917e-28  6.3149855e-28
   294 : -1.1573956e-12  2.3135168e-11 -4.9440406e-11
   295 :  7.1153483e-41 -5.4099971e-41 -7.8603838e-42
   296 :  9.7275864e-09  7.7525358e-08 -1.6777856e-08
   297 : -1.8329639e-15  4.0116209e-15  2.2305601e-16
   298 :  3.2569603e-16  2.8636610e-16 -3.2007130e-16
   299 : -2.0277173e-44 -1.1376108e-44  5.0201846e-44
   300 :  3.9062189e-07 -1.9763260e-07 -1.0023947e-07
   301 : -4.3028374e-18  4.4175770e-20  1.9016103e-18
   302 : -2.0626224e-11  4.2848908e-11 -1.1601300e-11
   303 :  9.1813664e-13 -1.9743624e-12  5.2052133e-13
   304 : -4.9041222e-12 -1.5619345e-11  3.7186765e-11
   305 : -7.2260104e-20  5.7423296e-20  8.2248928e-21
   306 : -2.3923801e-05 -3.1643540e-06  1.3204139e-05
   307 :  1.5023088e-11 -2.7952952e-12 -1.3287575e-11
   308 : -8.2711868e-17  5.9774739e-17 -5.4632892e-17
   309 :  4.1599713e-44  5.9858671e-43 -3.1692991e-43
   310 :  5.3441741e-14  5.5373626e-15 -1.2683138e-13
   311 :  1.8041967e-10 -7.4867074e-12 -4.2083866e-10
   312 :  1.5660687e-39  2.9488707e-39 -7.4865016e-39
   313 :  1.3347067e-28 -4.4203591e-28  1.2789211e-28
   314 : -5.5034169e-43 -1.2104468e-42  2.9673849e-42
   315 : -1.3277064e-33 -6.2106962e-33  3.6390248e-33
   316 : -3.3503166e-05 -2.8879930e-05  8.1098938e-06
   317 :  7.8459630e-45 -7.2150618e-44  5.4501738e-44
   318 : -1.2005580e-07  7.4001916e-08 -7.0423666e-09
   319 :  2.5613429e-08  2.1061892e-08 -7.7931830e-08
   320 :  1.3067991e+00 -3.7200031e-01 -3.4337847e-01
   321 :  2.7612733e-05 -2.9524623e-05 -8.5188177e-05
   322 :  3.0657800e-43 -9.3131764e-43  3.1464305e-43
   323 :  1.2696517e-47 -1.7630868e-47  2.4832851e-48
   324 : -4.3257550e-32  1.8813993e-31 -6.6970386e-32
   325 :  2.8992109e-28  5.5870509e-29 -4.1224031e-28
   326 :  2.7509447e-03 -5.1021367e-03 -6.9835235e-04
   327 :  1.0779490e+00 -7.7357878e-02  1.2060597e+00
   328 :  8.4951543e-10  1.1207890e-09 -1.1417849e-09
   329 :  1.4177281e-30 -7.8717216e-30  3.2227246e-30
   330 : -1.8458314e-46  1.5414107e-47  3.5333353e-46
   331 : -8.6745952e-21  8.6409294e-21  9.8097654e-21
   332 : -9.3357804e-12 -7.6281792e-12  7.8955946e-12
   333 : -9.3039985e-29  1.1810206e-28 -1.6169266e-28
   334 :  2.8697187e-08 -1.5185786e-07  5.2377008e-08
   335 : -1.0060561e-12 -2.2903734e-12  9.5477101e-12
   336 :  6.2152691e-11 -1.2822668e-10 -2.5960749e-11
   337 : -7.7938336e-43 -3.1931964e-41  3.5228854e-41
   338 :  2.1223904e-09 -2.4870911e-09  2.3096122e-10
   339 : -1.6003626e-30  2.4327627e-30  9.6918876e-31
   340 :  2.6023144e-08 -6.6739128e-08 -5.0311839e-09
   341 :  3.4319535e-40 -3.3839307e-40  1.0078289e-42
   342 : -6.6864640e-34  4.2408595e-34  9.5628796e-34
   343 : -4.1235170e-17  2.3811560e-17  8.2503791e-18
   344 : -2.0388912e-07  8.5320886e-07 -2.2075184e-07
   345 : -3.2086199e-03 -9.2287710e-04 -8.3294366e-04
   346 : -1.4864004e-33 -2.3133409e-33  1.8251643e-33
   347 :  1.2206818e-07 -6.2950256e-08  2.4149870e-08
   348 :  2.0994345e-17 -9.9719155e-17  3.8725314e-17
   349 :  1.2189820e-18 -8.3965069e-19  5.7526459e-19
   350 :  2.2856877e-07  3.1003810e-09 -2.4438732e-07
   351 :  7.2109309e-27  2.5018226e-26 -1.5544193e-26
   352 : -6.7714690e-08  5.7375449e-08 -7.1951119e-08
   353 : -7.1093111e-12  4.1204724e-11 -1.5391045e-11
   354 :  1.3419847e-01  3.2793848e-01  4.8577483e-02
   355 :  1.4759600e-01  1.4455974e-01  1.6324654e-01
   356 :  1.5933662e-41  3.0490008e-41 -6.4640691e-41
   357 : -4.8467675e-07 -5.4170657e-07  1.5893195e-06
   358 : -1.0095136e-19  1.3021475e-19  8.6014995e-20
   359 :  3.6553142e-49 -1.4249654e-48  5.2662892e-49
   360 : -7.2990425e-08  1.5870366e-08  3.6428410e-08
   361 :  1.2483924e-26  6.0043800e-25 -2.9146817e-25
   362 :  4.7645306e-19 -7.5941247e-18  1.7470800e-17
   363 : -3.8874128e-22 -6.4785855e-24  4.0059846e-22
   364 : -1.8433893e-23  2.3321608e-23 -2.4424179e-24
   365 :  2.0429652e-18 -1.1149369e-18 -3.5090318e-18
   366 :  1.3066934e-37 -1.3231969e-36  1.0413814e-36
   367 :  7.5536016e-15 -1.3681190e-14  3.9750208e-14
   368 :  5.3313877e-09 -2.6797106e-08  1.1188300e-08
   369 : -4.6830186e-19 -2.7442632e-18  4.7735344e-18
   370 : -7.6962310e-23  2.6679702e-22 -1.1313972e-22
   371 :  1.9682411e-38  3.3654839e-38 -8.7606795e-38
   372 :  7.2611868e-18 -5.8526414e-18 -8.6122532e-18
   373 :  6.0254934e-12  7.2165615e-13 -8.0119744e-12
   374 : -5.3792656e-03  6.4925079e-04  1.4853628e-03
   375 : -2.9892372e-27 -2.5737618e-27  2.6016535e-27
   376 : -2.2418110e-43 -2.2454206e-41  2.2695515e-41
   377 : -4.4067867e-16  9.3397952e-16 -2.2344703e-16
   378 : -1.6975408e-24 -1.7059377e-22  1.0361201e-22
   379 : -8.1589321e-46  2.1477857e-45 -5.3211157e-46
   380 :  5.5397952e-05 -3.2549597e-05 -1.0703935e-05
   381 :  9.3584403e-20  1.1273305e-20 -4.9238945e-20
   382 :  1.3219460e-27 -1.8956745e-27 -7.9143463e-28
   383 :  1.1991292e-07 -1.6686608e-07 -2.9395486e-07
   384 : -7.1958529e-26  1.6305781e-25 -4.1684779e-26
   385 : -5.5659389e-11  4.6036635e-11  8.1959962e-11
   386 : -3.8064614e-05  9.9318047e-06  1.2453324e-06
   387 : -2.5305770e-30 -7.9649558e-31  6.0396370e-30
   388 :  7.8475693e-02  3.4108041e-02 -3.4003362e-02
   389 : -4.7934794e-25  1.4747276e-24 -3.4266523e-25
   390 : -8.7513554e-10  1.4962777e-09  2.3525191e-10
   391 : -4.9448547e-21  4.7242076e-20 -2.0780619e-20
   392 :  2.1184707e-06 -4.2225204e-07  9.4288182e-08
   393 :  2.7680042e-06  4.4143118e-06 -1.0902651e-05
   394 :  1.3975278e-25 -1.9672488e-25 -9.7126504e-26
   395 :  4.5077104e-15 -2.0267253e-15 -1.7241067e-16
   396 : -2.0859663e-45  8.4421841e-45 -1.5076271e-44
   397 :  8.7526413e-07 -4.8538053e-06  5.4294098e-07
   398 :  6.2095574e-13 -4.2389889e-12  1.5538473e-12
   399 :  3.3501075e-06 -1.1120450e-05  5.7768411e-06
   400 :  3.1259784e-13 -8.3564548e-13  1.6969527e-12
   401 :  5.6762288e-11 -9.9033853e-11 -4.6046995e-11
   402 :  4.3472227e-24 -1.8642008e-24 -4.1398722e-25
   403 :  4.2148020e-23 -2.7479150e-22  1.8488292e-22
   404 :  2.2809552e-38 -4.8977820e-38 -1.2241850e-38
   405 : -2.5679869e-15  7.4555246e-15 -3.9357354e-15
   406 : -1.0749287e-07 -6.8812239e-09  3.3578646e-08
   407 : -3.1329540e-05  1.4630356e-05 -1.1856775e-05
   408 :  1.7303810e-04 -9.2287337e-05 -3.2693319e-05
   409 :  8.9081917e-14  1.3585540e-13 -1.0195167e-13
   410 :  2.1601196e-02 -2.5893084e-01 -1.3547997e-01
   411 : -6.8423828e-14  2.2814161e-13 -7.6436969e-14
   412 :  5.9960018e-12 -5.7588297e-12 -2.0542848e-12
   413 :  1.3811076e-41  2.7753856e-41 -5.9915731e-41
   414 : -1.6828438e-02 -1.2584651e-02  1.6559967e-02
   415 :  6.5830259e-13 -1.0543017e-12 -3.9368728e-13
   416 :  3.5650980e-30 -7.8356891e-30  1.2897038e-29
   417 :  2.2457217e-09  1.2672954e-08 -7.1898909e-08
   418 :  5.9233192e-06 -2.5838476e-05 -3.5760415e-05
   419 :  7.2767899e-38  1.0779709e-38 -4.1172600e-38
   420 : -9.1408960e-35  1.9623809e-34 -1.1496851e-35
   421 : -9.7970847e-32  4.7267051e-31 -2.5919004e-31
   422 : -5.1242800e-18  3.0899346e-18 -5.1893164e-19
   423 : -1.5262944e-14  8.8332647e-14 -4.2301161e-14
   424 :  1.2240681e-25 -2.9117681e-25  8.2543637e-26
   425 :  3.4127811e-31 -1.7525436e-30  6.6729015e-31
   426 : -5.3947170e-22  1.3716853e-21 -3.9397305e-22
   427 :  3.6567392e-25 -5.9047511e-24  9.6978271e-24
   428 : -3.5180403e-24  6.9332005e-24  5.1613756e-25
   429 :  1.0332024e-11  4.5495690e-12 -5.4287617e-12
   430 :  1.2321571e-10 -1.9771227e-10 -1.0509592e-10
   431 :  6.4730347e-16 -1.1108443e-15 -6.6620935e-16
   432 :  2.1172018e-17 -1.7509253e-17  1.7714649e-17
   433 : -2.2216226e-40  3.6032448e-40  8.6119838e-41
   434 :  3.8032315e-04 -6.6971090e-05  9.3579860e-06
   435 :  1.5437803e-13 -8.9997981e-14  3.7464562e-14
   436 : -9.5598661e-27 -1.0834750e-26  3.5126731e-26
   437 : -1.5382050e-08  1.5779702e-08 -1.4497115e-08
   438 :  2.3472986e-09 -3.7158942e-09  9.7343322e-09
   439 : -7.3156190e-06  4.7878171e-06 -4.9054959e-06
   440 :  2.2118520e-32 -1.2131020e-31  5.5404961e-32
   441 : -1.6276002e-44 -9.4667655e-45  3.3527396e-44
   442 : -2.1059077e-08  3.0954452e-08 -8.0286292e-08
   443 : -7.5593820e-17  1.3094157e-16  3.2032405e-17
   444 : -6.5332382e-09  3.2299712e-09  3.6251051e-10
   445 : -9.3923850e-21  4.6047140e-21 -4.5404706e-21
   446 :  2.7876982e-03 -7.2238510e-03 -2.5952118e-03
   447 :  1.0322184e-21 -5.9768333e-21  1.2252422e-20
   448 : -6.2751768e-13 -2.8121988e-12  1.2025380e-12
   449 :  2.3840038e-40 -6.9223764e-40  2.0993146e-40
   450 : -4.6875113e-43  6.7283140e-43  2.7847267e-43
   451 : -3.7160757e-03 -3.3419162e-04  1.8897040e-03
   452 :  1.2952899e-01  9.7482750e-02  1.5742481e-01
   453 : -8.1473872e-03 -4.3650367e-03  2.5333173e-03
   454 :  1.7861076e-01  4.5372996e-02  2.4555031e-01
   455 : -6.7480073e-24 -4.5209470e-25 -4.0773435e-24
   456 :  3.1594946e-12 -1.2742914e-12 -1.8853901e-13
   457 :  5.5275461e-45  1.3505625e-44 -2.2831479e-44
   458 :  2.1364654e-21  1.8617148e-20 -2.7361346e-20
   459 :  7.2048691e-14 -6.2677639e-14 -1.1230754e-13
   460 :  4.1407127e-12 -1.1339938e-11  2.9699642e-13
   461 : -2.1911221e-21  1.2739411e-21  3.3645397e-21
   462 : -9.4723296e-18  2.6442959e-17 -6.7169493e-18
   463 : -1.1145057e-31 -1.3277874e-31  3.2673005e-31
   464 :  1.3442464e-08  2.9958544e-08 -1.4954214e-08
   465 :  1.3194365e-12 -2.5433240e-13 -8.3232290e-13
   466 : -1.2587901e-05  3.9812765e-06  3.0732679e-06
   467 : -7.3536015e-35 -8.2218168e-34  1.8662175e-33
   468 : -3.2419825e-29  3.6384015e-29 -1.3936645e-30
   469 : -5.6026555e-45  9.7269577e-46  6.3260292e-45
   470 :  6.5287300e-42 -7.4729212e-42  4.2941950e-43
   471 : -4.2133336e-26  1.6556131e-26  1.5597463e-26
   472 :  6.0596124e-31 -1.0475037e-30 -2.2994767e-31
   473 :  9.3395054e-11 -1.7409801e-10 -6.7851252e-11
   474 : -1.1128604e-36  1.5681259e-38  2.2478898e-36
   475 : -1.2910633e-25 -2.6252203e-26  1.9393760e-25
   476 : -1.0375964e-24 -3.2985844e-25  6.4017162e-25
   477 : -1.8823707e-48 -7.1800467e-48  1.6675659e-47
   478 : -6.0564364e-16  5.7930154e-13 -6.6523500e-13
   479 : -7.5979599e-47  1.6637538e-46 -1.3891641e-47
   480 :  6.9456863e-05 -7.7767283e-05  4.9322329e-04
   481 : -7.6641729e-24  7.6423875e-24 -8.6347283e-24
   482 : -2.2971063e-35  7.4775118e-35 -2.5550705e-35
   483 :  1.9276225e-05 -2.0462494e-05 -3.7243806e-05
   484 :  8.4505244e-14 -2.3842137e-13  5.2449052e-14
   485 : -5.2154380e-13  5.4877423e-13  5.6020633e-13
   486 :  1.1848536e-01 -2.1330706e-03  1.3723737e-01
   487 :  6.6078707e-12  7.3710628e-12 -1.7161697e-11
   488 :  6.0863641e-04  1.6626358e-05 -2.0298575e-04
   489 : -1.9219002e-37 -6.8750299e-38  4.5954738e-37
   490 :  1.7619793e-32 -6.1510614e-33 -5.6548416e-33
   491 :  2.5170486e-34  1.2116677e-33 -7.2509546e-34
   492 : -6.1263866e-11  2.8168809e-10 -5.9784285e-10
   493 : -3.6378450e-07  1.0074397e-06  3.6978530e-07
   494 :  2.8559755e-05 -1.4825796e-05 -4.6985420e-05
   495 :  2.0997460e-16  1.8043970e-16 -4.6194794e-16
   496 : -4.6555705e-29  8.1652856e-29  1.2063819e-29
   497 :  1.4440846e-43  1.0012126e-42 -5.5436749e-43
   498 :  4.0692463e-41  5.2195789e-40 -1.1291536e-39
   499 : -2.2202403e-04  4.5631411e-04  2.5567752e-04
   500 : -4.8652787e-44  2.4264020e-44  7.5840598e-44
   501 :  8.5851840e-49 -2.3227092e-47  1.7354264e-47
   502 :  2.5462941e-09 -1.1392307e-08  5.1381289e-10
   503 :  8.0126302e-09 -1.0978809e-08  3.1769082e-09
   504 :  3.8430249e-14  1.6169540e-16  5.4694192e-16
   505 :  4.0761028e-04 -1.5753021e-04 -3.7937462e-05
   506 : -8.7033585e-32  3.8907192e-31 -2.1128251e-31
   507 : -1.7664025e-30  1.3559934e-29 -1.6910338e-29
   508 :  7.0157723e-29 -8.3631526e-29  4.3214890e-30
   509 :  2.1384751e-11  7.9092142e-12 -3.9517145e-11
   510 : -4.3541393e-29  5.1762716e-29  1.5506712e-28
   511 :  1.2186451e-21 -5.4181467e-22 -1.7364075e-22
   512 : -1.5740383e-22 -1.6979896e-21  8.7225262e-22
   513 : -3.2500222e-16 -8.9022211e-17  7.6829133e-16
   514 :  1.1614222e-14 -8.4845318e-14  1.2386415e-14
   515 :  1.3805418e-08 -6.0824927e-07  1.3174581e-06
   516 :  8.7894296e-30  2.3295645e-29 -1.5779691e-29
   517 :  9.1291046e-07 -6.4828356e-07  4.7563753e-07
   518 : -2.1659486e-14 -2.7438996e-15  2.6201333e-14
   519 : -5.1219962e-21  6.0981164e-21  4.6525167e-21
   520 : -5.5116809e-17 -7.1348330e-17  2.4055852e-16
   521 :  1.0069692e-07 -4.3950973e-08  3.5093671e-09
   522 :  3.1897226e-03  1.9828357e-01 -1.4679404e-01
   523 :  5.2927910e-06  5.1984853e-06 -5.6392356e-06
   524 : -6.3855903e-16  3.6059791e-16  1.1327514e-16
   525 :  3.6767018e-15  5.2567175e-14 -1.4914456e-13
   526 : -3.9215820e-23  1.1965621e-23  4.4102473e-23
   527 : -7.9449268e-37  2.7204584e-36 -2.2183661e-36
   528 : -6.2280949e-02  1.4400302e-01  6.5218839e-02
   529 : -9.2441459e-12 -1.3478020e-10  1.4083521e-10
   530 :  3.5571151e-05 -9.2114877e-05 -1.3891931e-05
   531 : -1.1428362e-09  7.1506224e-10  1.5148940e-10
   532 : -4.5932195e-22  3.6004220e-21 -2.6013395e-21
   533 :  7.8427440e-49 -8.7250896e-49  9.8441364e-49
   534 : -2.4505319e-49 -7.9353813e-49  1.8191067e-48
   535 : -5.8471673e-36 -4.7402721e-35  5.2616488e-35
   536 : -8.4905966e-06  1.9018030e-06  2.6834096e-06
   537 :  2.1425628e-09  7.2019441e-10 -1.2425661e-09
   538 :  4.1207866e-13 -1.5321165e-12  3.3313267e-12
   539 :  2.3099093e-36 -7.0199867e-36  1.8812004e-36
   540 :  4.9794957e-32  1.0430991e-31 -1.7388040e-31
   541 : -9.2210448e-31  1.3035525e-29 -1.2933445e-29
   542 : -1.6302987e-16 -7.0079371e-17  7.4309093e-17
   543 :  3.8757296e-38  3.8719155e-38 -3.9963222e-38
   544 :  2.6757075e-15 -4.9135324e-15 -1.3806987e-15
   545 :  5.3227897e-27  1.1363622e-27 -1.2223583e-26
   546 :  2.6773496e-04  2.1000341e-04 -1.4473515e-04
   547 :  3.5721360e-35 -1.1809972e-34  4.6659143e-35
   548 :  1.1819879e-06  6.0085709e-08 -1.9534038e-06
   549 : -3.1634818e-29 -5.1488223e-29  1.4251757e-28
   550 :  4.8194106e-11 -1.6313390e-10  3.8772755e-11
   551 : -9.1944794e-08  1.2557897e-06 -1.5798094e-06
   552 : -8.3686375e-09  5.0088715e-09  7.5647613e-09
   553 :  3.0287201e-09 -6.7058671e-10 -1.1266666e-09
   554 :  3.6755795e-28 -1.4239129e-27  5.0932379e-28
   555 : -1.6822354e-16  3.1235549e-16  8.4152937e-17
   556 :  4.5837767e-30  4.8684435e-30 -4.5174590e-30
   557 :  2.5975536e-01  1.5755024e-01  1.3009099e-01
   558 : -1.6212109e-10 -7.8848575e-11  3.9374827e-10
   559 :  9.1247239e-09  6.9531313e-08 -7.8845797e-08
   560 : -2.6497187e-10  1.1048335e-11  1.0286598e-10
   561 : -2.6739342e-03  4.6926894e-02 -1.1134120e-02
   562 :  6.0711644e-23 -9.4273073e-24 -2.4359856e-23
   563 :  1.2523252e-42 -5.0763004e-43 -2.0651852e-43
   564 : -8.7969445e-06  5.1854061e-06 -3.5519313e-06
   565 : -2.7922749e-05 -9.1852948e-06 -3.5436232e-05
   566 :  1.9734515e-32 -1.1059208e-31  1.2398540e-31
   567 :  4.0839562e-18 -1.2428992e-16  1.1077378e-16
   568 :  2.3591371e-07 -1.8777443e-08 -5.6016000e-07
   569 : -9.0713558e-08  1.5592992e-06 -3.1517670e-07
   570 :  2.7293213e-27 -4.8375651e-27 -1.0279617e-27
   571 : -1.4709520e-17  6.0357159e-18  4.1390314e-18
   572 :  4.3969595e-47 -6.6574838e-46  3.0835572e-46
   573 : -3.1663637e-12  3.0449051e-12  5.2716153e-12
   574 : -1.0264098e-10  5.6767100e-11 -4.1971581e-11
   575 :  4.5386188e-02  3.2907033e-01  2.5434506e-01
   576 : -3.0399954e-14 -1.1043203e-13  1.9466344e-13
   577 :  1.2103117e-01  1.7444009e-01  1.5010235e-01
   578 : -2.9651311e-51 -3.3916008e-51  3.4492149e-51
   579 :  9.6792858e-04 -5.0049096e-04  2.3172668e-04
   580 :  1.2000759e-01  7.7624395e-02 -2.0704452e-02
   581 :  2.2601888e-28  1.2154946e-27 -1.7037062e-27
   582 :  6.3491216e-47 -2.9393957e-46  1.1268825e-46
   583 :  6.1741636e-26 -2.1917492e-25  8.9556921e-26
   584 : -7.6125111e-40 -5.1643619e-40  2.0553420e-39
   585 :  3.9443215e-06 -8.1282495e-06  1.7526135e-06
   586 :  5.4038027e-33 -7.2256058e-33 -3.8851757e-33
   587 : -1.6149415e-23 -1.0844481e-23  4.2410373e-23
   588 :  1.7471286e-31 -1.8551573e-31  4.8975069e-33
   589 :  1.8780490e-07 -8.0633499e-08 -4.2831837e-07
   590 : -1.4973855e-07 -3.1396401e-08  3.9305779e-07
   591 : -1.1045528e-43  2.0505597e-43  1.7074450e-44
   592 :  3.3354299e-28  1.1532021e-29 -3.5398683e-28
   593 :  7.3511011e-21 -1.2825925e-21 -4.4039788e-21
   594 :  9.1952951e-24 -5.1353032e-24 -1.9226612e-24
   595 :  3.0635395e-12  3.1454521e-13 -3.3386285e-12
   596 :  1.4063763e-14 -9.4702048e-14  2.5419034e-14
   597 : -3.8905584e-19  2.1055384e-20  4.1276914e-19
   598 : -3.9494005e-23 -2.9143703e-22  1.6216952e-22
   599 : -5.4013893e-03  2.2046298e-03  2.1782744e-03
   600 : -2.3652409e-15 -2.9950119e-15  7.8431046e-15
   601 : -5.3765146e-03  1.7513889e-03  3.3780885e-04
   602 : -8.9632791e-34 -5.8894376e-33  3.2514610e-33
   603 : -1.2319995e-37 -4.1759904e-37  3.0919913e-37
   604 : -1.0474921e-27  9.2316831e-27 -1.7564669e-26
   605 : -1.8710082e-20  3.1596448e-20  8.4547927e-21
   606 :  1.2675413e-01 -8.2224319e-02  1.8790748e-01
   607 : -6.0663744e-16  1.8287737e-15 -6.8857433e-16
   608 :  2.1495649e-30  7.1591256e-30 -4.3860567e-30
   609 :  3.1947806e-26  1.9100564e-26 -3.7384753e-26
   610 :  7.2908692e-38  5.6991912e-37 -1.2253107e-36
   611 : -4.0928234e-03  6.4221881e-04  1.1658854e-03
   612 :  5.1745200e-15 -1.3971975e-14  3.1625936e-15
   613 :  2.3892185e-19  1.0275956e-19 -6.0655093e-19
   614 :  6.0417596e-08 -8.0396834e-08 -4.4574230e-08
   615 : -1.0550472e-17 -1.4880947e-17  3.6415396e-17
   616 : -2.3046972e-40  1.1265469e-39 -6.6890628e-40
   617 : -2.2616418e-19  5.9146845e-20  7.5328727e-20
   618 : -8.7210602e-24 -3.3487537e-25  4.4422230e-24
   619 : -1.0085208e-30  4.5783824e-31  1.5727808e-30
   620 : -3.6233038e-21  4.5333247e-21 -6.1264672e-21
   621 :  1.7965230e-16 -1.4121638e-15  9.8566943e-16
   622 : -2.3492474e-05 -1.0938485e-04  1.3296471e-04
   623 :  1.8097210e-09 -9.0812211e-10  4.2097498e-10
   624 :  7.7442496e-18  4.4887167e-17 -2.1446922e-17
   625 : -1.0703185e-17  3.3951633e-17 -1.1600068e-17
   626 : -9.3798233e-51  3.6551422e-50 -1.3826519e-50
   627 :  2.7272450e-33 -2.7256342e-34 -5.2294254e-33
   628 :  6.5653563e-24 -1.2615272e-23  2.9636128e-24
   629 : -8.2121919e-10  2.6787523e-09 -3.8126324e-10
   630 :  9.6937635e-07 -7.8093425e-07  8.3303108e-07
   631 :  2.6672724e-20 -1.1155168e-19  3.1277400e-20
   632 : -2.8479953e-38  6.3408400e-38 -5.9050438e-39
   633 :  1.5396637e-09 -6.6674456e-10 -2.8266366e-10
   634 : -3.8478871e-15 -9.7035684e-14  2.8386109e-13
   635 : -5.1167974e-08  1.0674513e-08  1.0380080e-08
   636 : -7.7936951e-08 -5.7850885e-08  4.5921246e-08
   637 : -3.3577121e-06  1.3562273e-06  2.5398210e-06
   638 : -1.6528954e-04  1.5492922e-04  2.6103387e-04
   639 :  2.4855058e-07  1.6442592e-07 -1.3058032e-07
   640 :  3.2678789e-01  6.0005531e-02  2.8207300e-01
   641 :  2.6559114e-30 -4.2648464e-30 -1.1160174e-30
   642 :  6.6433214e-11 -6.6979232e-11 -8.2318789e-11
   643 : -1.9200374e-09 -2.2007688e-09  8.4106597e-09
   644 :  1.7096507e-09 -2.8925697e-10 -1.6823250e-09
   645 : -1.5337896e-14  9.7459464e-14 -4.6173414e-14
   646 :  1.1548844e-16  3.7935938e-17 -2.8639896e-16
   647 : -3.8838999e-03 -1.0953191e-02  1.3844388e-02
   648 :  8.4524728e-16 -9.4475769e-16 -6.3598354e-17
   649 :  2.7601450e-08  2.5027916e-07 -1.4672560e-07
   650 :  1.3526930e-17  2.4755635e-17 -6.5583331e-17
   651 :  1.6930748e-05 -5.1132326e-05  2.8927795e-05
   652 :  1.6414508e-15  1.7420241e-15 -7.1130674e-16
   653 :  3.0393728e-05  4.5612286e-06 -6.5627638e-05
   654 :  1.0883578e-25  1.2057767e-27 -9.9255281e-26
   655 :  7.0366657e-16  2.2655351e-16 -1.2693874e-15
   656 :  4.2474465e-04  9.2813578e-04 -1.5305823e-04
   657 :  2.5205847e-08 -1.5325278e-07 -1.0165551e-07
   658 :  4.1944265e-16  2.7934388e-15 -7.2249633e-15
   659 :  1.1854602e-11 -7.6233036e-12 -1.7150942e-12
   660 : -4.0704093e-05  6.7949450e-06  3.9568170e-05
   661 : -3.2083586e-02  7.9300504e-02  2.0522058e-01
   662 :  8.4917849e-25 -9.0520248e-27 -1.1884604e-24
   663 :  8.5631839e-07 -7.1867638e-07  2.3186423e-06
   664 : -8.8647294e-06  6.5126607e-06 -6.5637274e-05
   665 :  1.7154986e-04 -4.8163548e-05 -2.3574612e-05
   666 :  8.0404157e-40 -5.8087244e-40 -1.0508494e-39
   667 :  9.3998249e-28 -8.1696160e-28  9.5499183e-28
   668 :  2.6732525e-09  7.3683386e-09 -1.3580996e-08
   669 :  2.6535941e-49 -3.6915627e-49 -1.4152519e-49
   670 : -1.0332012e-06  2.0863740e-06 -3.1795465e-07
   671 :  5.9322819e-02 -2.2009288e-02  2.8546226e-01
   672 : -2.6692615e-06  3.9726096e-07  1.6152138e-06
   673 : -6.9931309e-22 -8.0864222e-23  1.4371711e-21
   674 :  2.1399298e-18 -2.9614104e-18 -1.5306984e-18
   675 :  1.1535781e-19 -6.9067372e-20  3.4224070e-20
   676 : -1.0898411e-13  3.4681122e-13 -8.2359379e-14
   677 : -2.2728816e-15  4.8019877e-15 -9.3180368e-15
   678 : -1.2473389e-07 -8.5535960e-08  5.0283567e-07
   679 :  2.0008723e-12 -4.8862214e-12  7.5417982e-13
   680 :  5.9835955e-11 -4.8377700e-11 -1.0448241e-10
   681 : -3.6115031e-28  3.2475243e-28 -3.3375123e-28
   682 : -5.4615154e-29  2.2948303e-29 -1.0869510e-29
   683 :  6.7623047e-26 -4.2097143e-26 -1.0476273e-25
   684 : -3.8163210e-33  9.5568845e-34  1.8343897e-33
   685 : -1.0357717e-12  2.6117743e-12  6.4731346e-14
   686 : -1.1083038e-18  3.2971504e-19  3.2991398e-19
   687 : -1.4249008e-32  1.8903372e-32 -2.5896306e-32
   688 : -3.8444940e-20  5.8249491e-20  1.9558545e-20
   689 :  6.9876402e-04  5.5066111e-04 -2.8094730e-04
   690 : -6.4061437e-14 -3.0880683e-14  3.9972959e-14
   691 :  3.1310869e-13 -2.0185666e-13  3.3628632e-13
   692 : -6.3274993e-15  2.0072343e-14 -2.2464736e-14
   693 : -3.1645314e-49  4.5566864e-49  1.9657349e-49
   694 :  4.7463288e-33 -4.0774670e-33 -5.9270151e-33
   695 : -6.8151584e-05  1.8583080e-04 -7.5355272e-05
   696 : -5.7216552e-09  2.1595626e-09  1.5429881e-08
   697 :  9.2729240e-15  2.5458560e-15 -2.3501284e-14
   698 : -8.9528633e-05  1.8656517e-05 -4.5684102e-06
   699 :  1.8255735e-23 -1.2726229e-22  2.3012300e-22
   700 : -3.4302450e-42  1.9601959e-41 -3.6564737e-41
   701 :  2.8216277e-39  3.1533107e-39 -2.9402864e-39
   702 :  2.8711699e-28 -1.0764234e-27  4.9502408e-28
   703 :  2.2735998e-01  1.8987784e-01  1.6525318e-01
   704 :  9.1398729e-16 -6.6017899e-16  4.9685256e-16
   705 :  1.8568008e-32  2.5202891e-31 -1.2726472e-31
   706 : -3.5900107e-03 -2.7376285e-02  5.1122908e-02
   707 :  1.2392931e-08  1.7299821e-08 -1.0961742e-08
   708 : -1.6924450e-10 -2.4503143e-10  1.3543214e-10
   709 : -1.5737680e-18  2.9740013e-18 -4.8161527e-18
   710 : -1.2060705e-22 -2.3287251e-23  1.9196838e-22
   711 :  9.3516884e-17 -4.2867171e-17  1.5393249e-17
   712 : -1.0229658e-08 -5.8851327e-08  9.9349418e-09
   713 :  5.0903312e-16  3.3757892e-15 -6.7087939e-15
   714 :  1.5105255e-01  1.7626686e-01  1.8140750e-01
   715 :  4.6555107e-13 -1.5663416e-13 -9.5222857e-14
   716 :  7.2664814e-35  2.8056110e-34 -6.4866997e-34
   717 : -7.1963407e-10  2.8672606e-09 -6.7945322e-10
   718 :  6.3541759e-17 -1.8932517e-16  3.4347880e-16
   719 :  5.6616667e-09  4.5404687e-09 -3.3105707e-09
   720 : -2.3298358e-02  6.8651733e-02  2.7991393e-01
   721 : -1.0468104e-05 -6.3427882e-06 -5.0934588e-06
   722 : -3.5985813e-30 -1.5167634e-30  2.2994503e-30
   723 :  5.9574942e-29 -1.3193304e-28  3.6305701e-29
   724 : -3.9876718e-30 -1.0911020e-28  6.0245486e-29
   725 : -1.5127790e-07 -1.0749725e-07  2.8066406e-07
   726 : -4.0641280e-20  8.1779197e-21  1.5210527e-20
   727 : -1.2906117e-07 -1.0994905e-07  2.0159062e-07
   728 : -1.6462660e-09  2.2036390e-09  3.2744059e-09
   729 : -1.2770716e-13  1.3742149e-13  1.0487187e-13
   730 : -8.3771600e-15  6.9254481e-15 -9.8012085e-15
   731 :  7.1062622e-29 -6.9769226e-28  3.1112149e-28
   732 :  4.5943666e-25 -8.5172151e-26 -7.3216253e-26
   733 : -6.4733269e-15 -2.3330171e-15  3.1650840e-15
   734 :  9.8768997e-04 -1.5310738e-03  9.5015591e-04
   735 : -1.2759211e-15 -1.4648936e-14  6.4178946e-15
   736 : -3.3356964e-03  8.2190041e-04  5.8339388e-04
   737 :  1.2396597e-19  1.4192663e-19 -4.4652419e-19
   738 : -3.3667807e-08  2.0883587e-08 -2.5878690e-08
   739 :  1.6548340e-01  1.7221791e-01  9.5683888e-02
   740 : -2.1789126e-13  7.1827991e-13 -2.0774799e-13
   741 : -2.9910309e-06 -1.2484345e-05  4.7611628e-06
   742 :  4.0288509e-16  9.7415574e-16 -1.9123643e-15
   743 :  6.0159380e-15 -5.4272352e-14  1.5367973e-13
   744 : -1.3659086e-01  4.3503622e-02  8.1067884e-02
   745 : -1.6158860e-30  4.5495684e-31  3.1828217e-30
   746 :  3.2625252e-25 -9.2553583e-25  1.9268673e-25
   747 :  5.9179041e-20  5.2349686e-19 -1.1886779e-18
   748 : -3.6730912e-14 -5.1635705e-14  1.7353588e-13
   749 : -4.8735773e-09  1.2344163e-08  3.7626750e-09
   750 :  9.7609325e-33 -2.7257975e-32  9.4637218e-33
   751 :  1.3491817e-02 -1.9398476e-01 -1.9459307e-01
   752 :  5.0039511e-15 -3.6908239e-15 -7.5550963e-15
   753 : -2.3317214e-09  8.5768736e-09 -2.4129630e-09
   754 :  1.3717988e-25  1.8505374e-26 -3.0063694e-25
   755 :  1.2781975e-01  4.4860360e-02  4.2690051e-02
   756 :  1.8010390e-18  8.8106710e-19 -4.8080499e-18
   757 : -2.1560608e-46  5.5722023e-47  7.8384504e-47
   758 : -1.9144432e-03  3.8163176e-04  9.7476022e-04
   759 : -2.1810734e-14  1.4988554e-14 -1.3683229e-14
   760 : -7.3831996e-22  1.5006256e-21  5.6520382e-23
   761 :  1.0615939e-13 -2.3777664e-13 -3.4640543e-14
   762 : -1.4890953e-04 -2.7688646e-05  1.3945804e-04
   763 : -5.0979655e-36  1.9676975e-35 -7.2461929e-36
   764 : -6.8462495e-37 -2.5047635e-37  4.6188719e-37
   765 :  1.7079857e-01 -4.5452017e-03 -1.3073522e-01
   766 : -1.9593328e-17  4.6545047e-17 -5.8668980e-18
   767 : -1.4365842e-04  2.4040558e-05  3.4070402e-04
   768 : -1.1372565e-31 -7.2558922e-32  2.6114168e-31
   769 :  1.3042565e-01  1.5952295e-01  6.6883243e-02
   770 :  1.5772484e-13 -4.1800722e-14 -4.3715331e-13
   771 :  8.2097792e-09 -2.2915533e-08  4.5167523e-09
   772 :  4.5921197e-06 -1.0539655e-06  2.5851728e-06
   773 : -1.3342153e-16  3.7568801e-16 -9.3442733e-17
   774 : -5.5385386e-01 -1.5592453e-01 -2.0431223e-01
   775 :  3.9613139e-03 -1.0574157e-02 -9.7154968e-03
   776 :  1.7925948e-17  2.9334463e-15 -2.8386669e-15
   777 :  5.4213427e-14 -8.4281599e-14 -9.6491124e-14
   778 : -6.9557419e-14  6.9097266e-14 -4.6981946e-15
   779 : -7.3422715e-27 -4.9126668e-27  6.0281707e-27
   780 :  1.6811107e-06 -1.2363146e-05 -2.6060294e-05
   781 :  5.6977886e-32 -2.7749953e-31  5.3633479e-31
   782 :  7.4881071e-47  6.5731195e-47 -2.0330280e-46
   783 : -2.5200063e-14 -8.6029608e-14  1.8309576e-13
   784 : -1.2299950e-15 -5.1403170e-15  2.9922308e-15
   785 : -1.9103242e-31  4.2589068e-31 -3.6973322e-32
   786 : -1.9793433e-01 -1.0649638e-01 -5.3574700e-01
   787 :  3.2805535e-01  1.9956464e-01  6.2996474e-02
   788 : -2.2677822e-30  2.6063686e-30 -3.4337191e-30
   789 :  2.1223641e-28 -3.6318874e-29 -1.9672010e-28
   790 :  1.1772854e-11  2.6573737e-11 -5.5497745e-11
   791 :  1.4986649e-09 -1.2810646e-09 -1.5931700e-11
   792 :  3.0217184e-06 -8.7033401e-07 -9.9064852e-08
   793 :  2.3416542e-06 -5.2376141e-07 -4.3990813e-07
   794 : -5.6837016e-13  1.2013196e-12  3.1948009e-13
   795 :  2.1206896e-06  3.9475713e-06 -6.4848258e-07
   796 : -2.1530453e-07  1.1365073e-07 -2.7387196e-07
   797 :  1.3022712e-31  1.3387705e-31 -1.5590482e-31
   798 : -4.3686454e-10 -8.0009264e-10  4.9818812e-10
   799 :  3.3160448e-18 -1.5132565e-17  7.1775466e-18
   800 :  1.6357531e-01  1.6434712e-01  7.9911737e-02
   801 :  7.2401845e-29  1.2026679e-29 -1.5266827e-28
   802 :  1.2217964e-14 -2.5512890e-14 -4.8044470e-15
   803 :  4.9028745e-22  7.0205973e-22 -5.5151395e-22
   804 :  1.7735031e-01 -9.8509802e-02  6.7839915e-02
   805 :  1.8995438e-14 -6.9344869e-14  1.6055065e-14
   806 :  3.2947848e-27 -1.6818598e-27  5.8472780e-28
   807 :  3.5319823e-31  2.8051312e-31 -3.0378624e-31
   808 : -1.7275059e-01  1.0476490e-01 -1.1831467e-01
   809 : -1.2963258e-20  1.4934453e-20  1.3290120e-20
   810 :  3.8797976e-30 -2.1205992e-30  5.3162573e-31
   811 :  8.5963121e-48  1.7202426e-48 -1.3805061e-47
   812 : -2.0862877e-17 -3.5457402e-17  1.0338643e-16
   813 :  7.7858274e-15 -2.4995886e-14  7.5175037e-15
   814 : -8.4894343e-44  2.1452287e-44  4.1876766e-44
   815 :  4.1197644e-49 -1.8379570e-48  8.1582269e-49
   816 : -1.1562999e-41 -8.7185101e-43  6.1987261e-42
   817 : -1.3170401e-42 -1.3113925e-42  3.9552691e-42
   818 :  9.4987896e-47 -1.0204743e-46 -8.9236784e-47
   819 : -3.9061784e-15  5.0205585e-15 -6.2408998e-15
   820 :  3.5528716e-45 -9.6966012e-45  1.8847682e-45
   821 :  8.1162476e-08 -2.3547292e-07  2.5416686e-08
   822 : -9.6828997e-12  2.3082968e-11 -3.0559388e-12
   823 : -3.5436104e-23  8.8664931e-23 -1.6578372e-23
   824 :  2.5535453e-23 -2.2170013e-23 -3.1446839e-23
   825 : -2.5000636e-35 -8.8150293e-36  5.9187138e-35
   826 : -9.5421841e-09  2.1129451e-08 -5.0247707e-09
   827 :  4.9564108e-26  2.8232040e-26 -3.8641545e-26
   828 :  4.9764890e-20 -5.4934120e-20 -1.5228257e-20
   829 : -6.1303408e-13 -4.6317077e-12  2.9353337e-12
   830 : -2.0481989e-02  2.3166817e-02 -5.0147594e-03
   831 : -1.9548560e-02 -6.6960861e-03  2.4927395e-02
   832 : -6.9643831e-16  2.1770076e-16  1.3079200e-15
   833 : -7.0303633e-03 -8.6320750e-03  2.7357899e-03
   834 : -1.1453359e-41  4.7576706e-42  1.8558203e-42
   835 :  1.1313712e-46 -1.8967581e-46  2.7273165e-46
   836 : -2.0702914e-13  5.7450363e-13 -1.7643772e-13
   837 : -2.6015557e-28 -1.1178632e-27  2.6642945e-27
   838 : -4.4532304e-10 -3.4008922e-12  6.5611000e-10
   839 :  1.4329757e-21  1.6902098e-21 -4.5340158e-21
   840 :  4.5041874e-26  2.9558610e-26 -1.0614110e-25
   841 : -1.5639679e-23  7.1242594e-24  1.3229392e-24
   842 :  4.5344771e-19 -2.0584760e-18  7.5573601e-19
   843 :  2.0102791e-25 -1.8681157e-25 -2.2240123e-25
   844 : -9.2506443e-17 -3.4750570e-16  8.0454634e-16
   845 : -5.9814365e-36  3.1686644e-34 -6.1200046e-34
   846 :  4.6864680e-16 -2.9070469e-13  1.0099081e-13
   847 : -2.8740245e-18  4.7015755e-18 -6.6894529e-18
   848 :  2.9554971e-51 -2.0194749e-50  8.6019155e-51
   849 :  1.7414737e-22 -5.2867289e-22 -1.3454807e-22
   850 : -1.7445607e-20  9.1359326e-20 -1.7650756e-19
   851 : -2.2958913e-22 -1.4079319e-22  6.1791801e-22
   852 : -8.7131521e-38  4.0153204e-37 -1.6343602e-37
   853 :  1.1464838e-08 -4.8977166e-10 -9.0368204e-09
   854 :  4.8693680e-52  2.4788155e-51 -5.9312727e-51
   855 :  5.9067194e-08  4.9341640e-08 -1.7252907e-07
   856 :  1.1747427e-10  5.3730125e-11 -3.6921195e-10
   857 :  5.2465963e-07 -9.8574621e-07  2.0639608e-06
   858 : -4.3440172e-11  2.9380396e-11  6.1103256e-12
   859 :  1.3967673e-37  4.5729336e-37 -7.4953055e-37
   860 :  1.1081624e-12  4.2018404e-12 -2.1919022e-12
   861 :  8.4507975e-13 -5.2630167e-13  3.9622569e-13
   862 : -3.1074111e-14 -1.2529699e-14  1.5828099e-14
   863 : -4.6434758e-10 -3.5915434e-10  1.1515309e-09
   864 :  8.8791065e-09 -2.0809686e-09  7.6811575e-09
   865 : -2.3778692e-06 -1.8360282e-06  7.0726019e-06
   866 :  6.5058280e-02  1.9526191e-01  2.6070746e-01
   867 : -3.0817028e-05 -1.4045920e-04 -8.8864868e-05
   868 : -1.0787000e-16 -2.1883342e-15  2.4220435e-15
   869 : -6.3703534e-16 -2.9727639e-16  4.3005023e-16
   870 : -7.2227502e-18 -7.2977538e-18  6.5344125e-18
   871 :  5.9665039e-08  5.7052064e-08 -2.0244086e-07
   872 : -1.6831773e-07  4.9899270e-08  3.6975211e-08
   873 : -6.0318380e-03  4.0674904e-02  1.4717143e-01
   874 :  1.6046380e-01  1.2140158e-01 -2.9294574e-02
   875 : -2.1526408e-23  9.7585630e-24 -1.6266415e-24
   876 : -2.0732779e-23  3.3344879e-22 -2.8622751e-22
   877 :  4.4823507e-46  6.0389962e-45 -1.2509983e-44
   878 : -1.4733514e-41  2.4213593e-41 -1.4294346e-42
   879 :  5.0123400e-26 -6.0378979e-26  7.1905726e-26
   880 :  5.3695680e-24 -1.1061212e-23  2.7764432e-24
   881 : -2.7859473e-43  1.1179963e-43  5.4221184e-44
   882 :  1.4468202e-41  5.4391624e-42 -3.4420879e-41
   883 : -3.5279702e-26  2.0011564e-26 -5.4005028e-27
   884 : -2.0054343e-25  1.7206522e-24 -7.2500994e-25
   885 :  3.1255637e-13 -6.2083105e-12  4.8190732e-12
   886 :  5.9118120e-13 -3.1771604e-13  2.5531298e-13
   887 :  1.0201235e-12  6.2722614e-12  2.2792766e-12
   888 : -1.1708929e-11 -8.6153609e-11  3.4183835e-11
   889 :  3.2204915e-04  4.5010297e-04 -2.8579851e-05
   890 : -2.0677604e-06 -5.5533722e-05  1.0399692e-04
   891 : -3.1556414e-24  8.5654688e-24 -1.4109106e-23
   892 : -1.4205586e-21  2.9971189e-21 -1.1256346e-22
   893 :  5.3470411e-13 -1.5606933e-13 -2.1701055e-13
   894 : -4.8561840e-12  3.9710723e-12  6.5831778e-12
   895 :  2.9982750e-04  5.4828208e-04 -1.6271738e-04
   896 : -1.7060517e-04  2.8361589e-05  1.0636475e-04
   897 : -6.8314619e-27  1.9912001e-26 -3.3934305e-26
   898 : -7.1354679e-25  1.8834797e-24 -3.1127038e-25
   899 :  2.6432845e-05 -7.2388888e-05 -4.6978220e-05
   900 : -4.5120387e-05  3.6661109e-06  1.9182202e-05
   901 :  4.7243441e-16  6.3748115e-16 -1.8686389e-15
   902 : -4.4191161e-14  7.3692636e-14  2.3128525e-14
   903 : -5.3600932e-08  8.4136809e-08 -5.7716075e-09
   904 : -2.0682600e-09  5.1275951e-09 -9.5822306e-09
   905 :  8.6650462e-09  6.7630821e-09 -1.7628546e-09
   906 :  1.4156856e-05 -3.7977021e-05 -5.7848676e-06
   907 :  1.0606438e-06 -1.5068532e-06  3.1425995e-06
   908 :  8.0836955e-10 -4.4362299e-10  2.1427436e-10
   909 :  1.0613746e-09 -1.0323415e-08  4.2409724e-09
   910 : -3.4201185e-10  2.3058461e-09 -7.3816727e-10
   911 : -3.3577073e-10  7.5425595e-11 -5.8715812e-11
