Number of elements 912
     0 :  5.4581325e-16 -5.4279709e-17 -1.1792854e-15
     1 : -1.7842074e-09  3.4555734e-09  1.7456811e-10
     2 : -8.3096623e-02  1.2117473e-01 -1.6838185e-01
     3 :  8.5323673e-12 -4.0951639e-12 -1.3814570e-11
     4 : -1.3137043e-02  1.2259191e-02 -3.7967464e-02
     5 :  6.9491763e-02  1.0741636e-01 -1.1194829e-01
     6 : -1.1907938e-25 -4.1433410e-25  6.6825977e-25
     7 :  4.2769653e-09 -1.5233134e-08  6.0492882e-09
     8 :  4.0347832e-09 -1.6954092e-07  3.8188185e-08
     9 :  2.5908098e-23  6.8578534e-23 -1.2143542e-22
    10 :  6.6326273e-08 -1.6101658e-07 -2.5148995e-08
    11 : -1.9319550e-26 -4.4589353e-26  8.6252371e-26
    12 : -7.1366766e-03 -1.3505818e-01 -2.1930404e-01
    13 :  8.4434086e-06  2.8808941e-06 -7.0242665e-06
    14 : -8.4501706e-13  1.1525063e-12  2.0699777e-13
    15 : -1.6702512e-06  4.3170060e-06  3.0825453e-06
    16 : -5.1395527e-27 -1.2960129e-27  1.2255413e-26
    17 :  1.1204933e-18 -2.6058469e-19 -2.6261912e-18
    18 : -3.5029062e-07  1.1056883e-06 -2.4702480e-07
    19 : -1.2663626e-31  8.4662713e-32  1.3004969e-31
    20 : -1.9286126e-18  5.5767131e-18 -2.0212582e-18
    21 :  1.3942026e-07 -4.6276433e-05 -5.6988738e-05
    22 : -4.9844276e-05 -2.1112030e-05  2.2708369e-05
    23 : -2.8048468e-29  1.7324949e-29  3.8556775e-30
    24 :  5.4547462e-09 -1.6940540e-08  7.6113591e-09
    25 :  9.2470432e-31 -1.9808151e-30  4.4051095e-31
    26 :  6.5027290e-09  2.3914451e-08 -1.0211601e-08
    27 :  8.1765195e-06  4.7255474e-06 -1.5268669e-05
    28 :  1.4225287e-06 -2.5506323e-05  1.0430916e-05
    29 :  8.0613210e-11 -7.4864988e-10  2.1061037e-10
    30 : -8.2014519e-08  3.2297178e-07 -1.2787563e-07
    31 : -3.0852936e-12  7.1774471e-12 -1.0781783e-14
    32 :  7.2281466e-25  3.3134290e-25 -1.5278000e-24
    33 : -3.4860273e-05  2.4162590e-04  3.7668202e-04
    34 :  9.1063828e-33 -1.5782718e-32 -3.9721771e-33
    35 :  9.0171764e-12  3.0901410e-12 -2.6582214e-11
    36 : -7.1053463e-02  3.1791258e-02 -2.6788799e-02
    37 :  4.3093702e-04 -8.1914498e-04  1.2652236e-03
    38 :  5.1522025e-06 -6.4081015e-05  2.1327307e-05
    39 :  5.7011341e-10 -1.6552296e-10 -2.1253853e-09
    40 :  4.3767043e-10 -4.0130654e-10  2.3863000e-10
    41 :  3.4596288e-06 -8.0709881e-06  7.2491805e-06
    42 :  3.2086277e-31 -2.4701863e-30  1.9393470e-30
    43 :  6.8850412e-17 -9.7321000e-17 -5.3986404e-17
    44 :  7.4090270e-05  5.1590338e-04  7.3119142e-06
    45 : -2.3425075e-13  7.9971084e-16  2.4818383e-13
    46 :  1.0754092e-13 -5.3249676e-14  3.2597649e-14
    47 : -5.6767893e-24  5.6049329e-24 -7.0198771e-24
    48 : -4.8641236e-27 -3.4996558e-26  1.3242967e-26
    49 :  2.7593332e-07 -1.4869828e-07 -3.1585277e-07
    50 :  2.4787183e-04  4.0038240e-04 -8.3140772e-05
    51 :  9.5983155e-02  6.0096646e-02  1.0717913e-01
    52 : -1.9613263e-07  3.6766538e-08  3.9957748e-08
    53 : -1.1485058e-25  2.5772950e-25 -4.3104535e-25
    54 :  2.6571117e-05 -2.3047330e-05  5.2861354e-05
    55 : -1.3013292e-05 -8.5963398e-06  3.3849353e-05
    56 :  6.3938238e-02 -3.5382221e-02  1.2120360e-01
    57 : -5.2970165e-07 -2.7891619e-06  8.3867450e-06
    58 : -5.5960274e-02  1.3038605e-01  3.6712846e-02
    59 : -2.1686179e-07 -3.9967188e-07  1.8939518e-07
    60 : -4.9050788e-05 -1.1156503e-04  5.5954611e-05
    61 :  1.0047461e-02 -3.0951987e-02  6.8246405e-02
    62 :  2.1652853e-08  1.7326443e-08 -1.5181425e-08
    63 :  8.4707086e-05  2.0748936e-04  1.1404433e-04
    64 : -1.8634504e-08  1.3880059e-08  2.7460194e-08
    65 :  4.3627923e-11 -7.9157720e-10  2.5714259e-10
    66 :  8.5902249e-12 -3.6256281e-11  1.3178776e-11
    67 : -2.1923204e-26 -8.9857803e-28  5.1253070e-26
    68 : -1.5507156e-25  3.7890540e-25 -4.0336819e-26
    69 : -2.9505397e-26  3.1464255e-26  3.3121877e-26
    70 :  1.2671619e-14 -1.5352480e-14 -1.4913515e-14
    71 :  6.0397381e-04  1.2538767e-04 -4.2401358e-04
    72 :  8.0071489e-28 -2.5389334e-27  8.2153262e-28
    73 :  1.9446857e-03 -1.7125915e-03 -1.2259200e-03
    74 :  9.5246631e-20  8.7974115e-20 -7.8761194e-20
    75 : -7.0157220e-20 -8.3030556e-20  7.0889720e-20
    76 : -2.0894484e-28  1.0594734e-27 -3.7931685e-28
    77 :  1.4558828e-20 -3.5878678e-20  2.4664594e-21
    78 :  1.2031831e-23 -4.2370634e-23  1.1449768e-23
    79 : -2.6129178e-17  2.2995228e-17 -2.6837582e-17
    80 :  2.1123741e-37  3.9633767e-37 -3.1984717e-37
    81 :  4.5122244e-24 -1.6588654e-23  6.1864835e-24
    82 : -8.1455614e-01 -1.7927403e-01 -7.0154232e-01
    83 : -4.1759781e-32  5.3082355e-32  3.8886838e-32
    84 : -4.2569566e-30  1.0815194e-29 -2.4502636e-30
    85 :  5.0170723e-03  8.1529443e-03  3.2104888e-01
    86 :  2.9698499e-18  7.8752215e-19 -4.7948909e-18
    87 :  6.7207939e-17 -8.1125064e-17 -6.7719759e-17
    88 :  2.4741408e-11  2.6699262e-11 -2.6689604e-11
    89 : -5.7182107e-03 -2.3477050e-03 -1.2239785e-03
    90 : -5.2043738e-29 -1.7722803e-28  1.1146760e-28
    91 : -3.0393689e-02  7.4517476e-02  8.2022213e-03
    92 : -1.0733631e-15  2.1644324e-14 -1.1756688e-14
    93 : -5.2866368e-36  1.2037382e-36  2.0234573e-36
    94 :  8.8684465e-16 -4.2514008e-16 -2.1679917e-16
    95 : -1.1344093e-27 -4.0466299e-27  1.0465440e-26
    96 :  7.8667350e-12 -1.3939893e-11  2.6267265e-11
    97 : -2.2322451e-13  1.1850777e-13  3.2253674e-13
    98 : -4.8773785e-01 -5.2954626e-02 -1.0235017e-01
    99 :  7.5239717e-24  2.1832509e-23 -1.3692992e-23
   100 : -7.8227972e-26  4.0422586e-25 -4.3727087e-25
   101 : -1.5447419e-10 -3.3494682e-11  8.0922406e-11
   102 :  1.0143054e-06  2.7242078e-06 -1.5202434e-06
   103 :  4.1851081e-34  8.1284405e-35 -1.0044907e-33
   104 :  2.9182618e-14  4.7825851e-15 -1.2832496e-14
   105 : -4.0835784e-07  7.9543735e-08  1.0717048e-07
   106 : -1.3647992e-09  3.0191459e-10  2.1479346e-09
   107 : -9.4636627e-10  4.1998667e-09 -1.6016671e-09
   108 :  1.2340478e-09  7.0342168e-09 -1.3225455e-08
   109 :  1.5289961e-06 -1.1818136e-06  2.8161830e-06
   110 :  4.5237646e-04  2.8958357e-04  4.9936013e-04
   111 :  1.0325808e-08  1.1805241e-09 -3.8085228e-09
   112 : -5.3012562e-23  1.3011356e-22 -8.1975987e-24
   113 :  1.2606810e-01  2.7903810e-02  4.5115300e-02
   114 :  3.3660709e-13 -8.4022335e-14 -7.3858974e-14
   115 :  3.6096424e-06  9.3320330e-06 -4.2460729e-06
   116 : -2.1035090e-03  7.5111194e-04  8.5302813e-04
   117 : -4.4073201e-02 -1.0708202e-02  8.0087269e-02
   118 : -8.1107160e-01 -1.6254562e-01 -1.2360665e-01
   119 : -4.4641555e-27 -4.2155171e-28  5.7951397e-27
   120 : -4.0565307e-13  4.4038738e-13 -6.6023303e-13
   121 :  1.4645901e-20  2.9110221e-20 -4.0630350e-20
   122 :  3.1988591e-06 -7.8676764e-06  3.5060294e-06
   123 : -2.9132166e-33 -5.9323475e-33  9.8074208e-33
   124 : -7.6872048e-25 -1.1884478e-24  8.8875612e-25
   125 : -4.7805077e-36  1.3893223e-35 -4.3438196e-36
   126 : -1.0190575e-19  6.2164490e-18 -5.7440292e-18
   127 :  2.2243714e-20 -1.1986580e-19  7.0121286e-20
   128 : -1.2810602e-06  4.5020342e-06 -1.1309424e-06
   129 : -1.7750937e-16 -2.0489232e-16  6.7407266e-16
   130 :  1.5065592e-02  1.0304232e-01  1.4787314e-01
   131 :  3.4145463e-04 -7.5192577e-05 -1.0171613e-04
   132 :  1.0596257e-05 -3.7562948e-05  5.4836199e-06
   133 : -1.0150999e-03 -3.1227283e-03  3.2609043e-04
   134 :  6.1950153e-06 -2.6282584e-06  4.1647777e-06
   135 :  9.8655515e-08  1.1394111e-08 -2.3566489e-07
   136 : -1.2336703e-09  1.8513717e-09 -1.2611793e-10
   137 :  1.1107295e-07 -7.0584313e-07  3.0940615e-07
   138 :  1.1205767e-09 -1.4932861e-08  1.6247218e-08
   139 :  3.3069866e-09  8.3352723e-10 -1.8091393e-09
   140 :  7.0456785e-22 -2.3121207e-22 -1.9865418e-22
   141 :  1.1064139e-20 -1.9202164e-20 -6.3799094e-21
   142 :  6.5389792e-09 -1.7060499e-08  3.5432702e-08
   143 :  2.7489083e-29  1.5110412e-27 -2.3646185e-27
   144 : -1.2533103e-09 -2.9739516e-10  3.9129380e-10
   145 : -4.2202588e-12  1.0694831e-11 -2.4680570e-12
   146 : -1.1645339e-14  1.3333689e-14  1.5186140e-14
   147 : -3.8638070e-27 -1.8360073e-27  2.4528647e-27
   148 : -5.3933086e-16 -5.8090751e-16  1.7338015e-15
   149 : -6.3585593e-02  2.6651083e-03 -2.1701928e-02
   150 :  7.5897708e-12  3.4871996e-12 -2.3255488e-11
   151 : -3.7553310e-20 -2.2174630e-19  2.9054835e-19
   152 : -2.4210398e-17 -1.6179131e-16  7.4804821e-17
   153 : -2.6007549e-01 -5.1111652e-02 -1.9758137e-01
   154 : -5.7602703e-37 -1.0562652e-37  8.0712826e-37
   155 : -1.8732708e-27  2.1342883e-27  6.6824322e-28
   156 : -8.5578514e-30 -3.4446809e-29  1.9518190e-29
   157 : -9.3585848e-14  3.4230093e-13 -1.6578992e-13
   158 : -1.1019607e-08  3.5715891e-08 -1.2142635e-08
   159 :  4.0013361e-12  5.8148052e-11 -3.1664871e-11
   160 : -7.0216957e-35  1.5572865e-35  2.6644290e-35
   161 : -1.3522296e-33  1.4883010e-33 -1.6778494e-33
   162 :  1.0887747e-01 -3.4692167e-02 -7.2926573e-03
   163 : -1.0472364e-05  4.0935225e-06  3.7839560e-06
   164 : -2.5088394e-18  2.8089425e-18  3.1016426e-18
   165 :  2.4599123e-10 -1.7299313e-09  1.3094300e-09
   166 :  9.1755714e-29 -2.1692422e-29 -1.8320849e-28
   167 : -8.5204974e-09  1.9451034e-08 -5.8302714e-08
   168 :  1.3964358e-05 -5.3332342e-05  1.1294658e-05
   169 : -8.1627578e-01 -2.9893022e-02  1.7255373e-02
   170 :  1.0699196e-25 -5.1590666e-27 -1.0034853e-25
   171 :  6.9648722e-27  2.1006458e-25 -4.3265599e-25
   172 :  1.2834385e-05 -9.7558113e-05 -1.1065214e-04
   173 :  4.2994475e-07 -1.0750477e-06  3.4340900e-06
   174 : -8.7967872e-09  1.2221511e-08  1.1662894e-08
   175 : -3.4644433e-14  1.2038839e-14 -2.4413053e-15
   176 : -1.0925419e-23  4.0552809e-24  2.0128920e-23
   177 : -2.1829261e-09 -5.8332511e-09  9.6922874e-09
   178 : -1.2278714e+00 -1.5440759e-01 -6.1365510e-01
   179 : -2.1011092e-08  6.5525782e-08 -6.2823823e-09
   180 :  1.2590894e-27 -3.0480433e-29 -2.6339812e-27
   181 :  2.1024937e-05 -2.3293952e-05 -5.3445560e-05
   182 : -5.3877101e-16  2.0684915e-16  2.8805565e-17
   183 :  9.0671825e-04 -4.0650704e-04  7.0841115e-04
   184 :  4.9679081e-36  7.1748165e-35 -3.6504213e-35
   185 : -5.7167159e-20 -1.7957132e-19  1.0114909e-19
   186 :  1.0350126e-12  3.9153034e-13 -2.0043785e-12
   187 :  4.0705728e-08 -1.1953853e-07  4.0812974e-08
   188 : -2.4704286e-01 -2.2581976e-01 -7.2400827e-01
   189 :  6.5165824e-08 -7.0787256e-07  4.9353564e-07
   190 :  1.0468253e-09  2.2627844e-09 -1.1801462e-09
   191 :  5.8373008e-33 -4.7013980e-33 -8.3282022e-33
   192 : -2.2402195e-04  1.1107550e-04  6.1293480e-04
   193 :  2.0803491e-01 -4.2836769e-02  9.6231013e-02
   194 : -5.0546140e-01 -1.7865053e-01 -1.2229543e-01
   195 :  3.3106854e-14  9.5293188e-15 -1.9526845e-14
   196 : -1.2642979e-28  5.2703760e-28 -2.4244174e-28
   197 : -1.6212409e-27  2.7341558e-27  5.9677138e-28
   198 :  3.8151391e-11 -7.4046185e-12 -2.0855276e-11
   199 :  5.7516963e-02  1.6504925e-01  2.4669500e-02
   200 :  6.9358671e-25 -2.4105816e-24  1.3800718e-24
   201 : -3.9055095e-05  2.8110371e-05 -5.6772439e-05
   202 :  3.0839779e-13 -9.9422461e-14 -5.6272877e-14
   203 : -1.9627068e-31  1.8358932e-30 -7.2644085e-31
   204 : -3.4331303e-14 -1.1180296e-13  1.7904978e-13
   205 :  5.1560977e-05 -3.1010442e-05 -2.3724944e-05
   206 : -2.6356949e-30  5.8635015e-31  1.0442839e-30
   207 : -4.1851511e-28  2.3506447e-28 -1.0560957e-28
   208 :  1.7069608e-21  1.2661298e-20 -2.2745117e-20
   209 : -2.3235847e-01 -9.4190521e-02 -9.1407313e-02
   210 : -2.8397714e-14  3.4830172e-14  2.4949081e-14
   211 :  2.7094030e-30 -3.9143377e-30  6.1078597e-30
   212 :  4.3703234e-08 -1.7676053e-07  3.8963842e-08
   213 : -8.0399875e-28 -3.1592584e-27  5.4509253e-27
   214 : -4.6044885e-02 -5.5842681e-02 -5.7184215e-03
   215 : -5.1478869e-01 -2.1999568e-01 -3.1157304e-02
   216 :  6.8850990e-08 -8.7097788e-08 -5.9529880e-08
   217 :  2.7228790e-36  3.3127479e-36 -2.7706636e-36
   218 : -5.9312660e-22  1.1334557e-21  1.9665111e-22
   219 :  9.1498562e-06  4.4791212e-06 -1.7024005e-05
   220 :  1.7772998e-18 -1.0207152e-18  9.6168816e-19
   221 : -1.0041665e-24 -5.6245140e-24  6.5916333e-24
   222 :  2.0495445e-02 -1.7729327e-02  3.0358935e-02
   223 :  8.4838147e-04 -5.5347015e-03  1.2336533e-03
   224 :  1.4484889e-11  5.8414867e-12 -3.6915073e-11
   225 : -2.2284704e-18  4.8523940e-19  5.2528066e-18
   226 : -8.4529635e-25  2.8570876e-25  3.3357543e-25
   227 : -1.0099516e-13  1.0966758e-14  5.9248924e-14
   228 : -2.5726798e-12 -1.1510820e-11 -1.6857688e-12
   229 : -1.7803551e-15  3.8393820e-16  5.6077731e-16
   230 :  8.6604346e-25  8.8482683e-25 -7.6801812e-25
   231 : -2.7786451e-25  1.0616007e-24 -4.5740566e-25
   232 : -4.1197403e-34 -3.6222219e-34  3.6848341e-34
   233 : -3.4894921e-24 -8.0915611e-24  1.6518837e-23
   234 :  1.0053764e-01  3.9074950e-02  1.1736804e-01
   235 :  3.8315247e-04 -3.0948346e-05  1.8249347e-04
   236 : -1.3644028e-22  8.3358082e-23  2.1823877e-22
   237 :  1.6565426e-20 -1.2793044e-19  1.3464445e-19
   238 :  7.3729143e-32  1.4606821e-32 -4.3283580e-32
   239 :  7.0822588e-24 -1.2031345e-23  1.7574867e-23
   240 :  1.5090887e-30  1.1239975e-28 -1.1132148e-28
   241 :  3.1479568e-06  5.5992385e-06 -9.8669786e-07
   242 :  2.5535011e-06  9.6443019e-07 -4.2319725e-06
   243 :  3.8320747e-02 -1.0014282e-02  1.6828169e-02
   244 :  3.4379829e-04  6.7018902e-04 -8.5757363e-04
   245 :  3.5462146e-23 -4.8439428e-23  3.6410311e-24
   246 :  1.2582035e-06 -3.8631172e-07 -3.2544060e-07
   247 : -1.4443711e-04 -6.9167969e-03 -3.5323565e-03
   248 :  6.8374650e-35 -1.3117309e-34 -1.0208327e-35
   249 :  2.2656065e-17  1.9135256e-17 -7.1118478e-17
   250 :  2.1571527e-06 -6.9745897e-07 -6.1243326e-07
   251 :  2.7453989e-12 -6.2255207e-12 -9.2899404e-12
   252 : -8.8028135e-26  4.9719534e-25 -1.2522914e-25
   253 :  1.2299386e-30 -1.1582741e-30  1.3101798e-30
   254 :  1.1102326e-01  5.4326084e-02  1.7643039e-02
   255 :  7.4594152e-13 -1.5096854e-13 -1.1680107e-13
   256 :  6.3498229e-08  1.0988693e-06 -6.3955776e-07
   257 :  6.3773035e-04  9.6476516e-04 -4.5608495e-04
   258 :  1.0356141e-14  1.1995250e-13 -2.7934231e-13
   259 :  4.9441137e-20 -1.0366059e-19  1.9201200e-19
   260 : -6.2011602e-07  4.7029022e-06 -2.1080473e-06
   261 :  3.4783977e-13  2.4722792e-13 -1.2907338e-12
   262 : -1.7850740e-23 -8.3620931e-23  9.7987494e-23
   263 : -4.3542247e-26  3.7311254e-26  6.2186081e-26
   264 :  5.2281030e-13 -2.8312082e-14 -8.0349320e-13
   265 :  6.6008916e-06 -2.8693651e-06  7.5639515e-06
   266 : -5.5488637e-17 -6.6456573e-17  5.2175565e-17
   267 : -1.4166646e-15  2.5906617e-15 -5.5272512e-16
   268 :  5.8746272e-27  2.9356998e-26 -6.6936964e-26
   269 : -1.0098783e-02  2.6851388e-03 -1.1314515e-02
   270 :  1.6414042e-15 -7.4880242e-15  3.8813050e-15
   271 : -6.8512248e-06  2.0965059e-05 -6.0534866e-05
   272 :  6.1100062e-15 -3.0065431e-15  1.3523939e-15
   273 :  2.4163343e-25 -2.0741925e-25 -2.9819204e-25
   274 : -3.4181960e-07 -6.2927787e-07  1.9829199e-06
   275 :  3.1202781e-21  3.7401525e-21 -1.1868103e-20
   276 :  5.4577677e-05  1.4978655e-04  6.4795047e-06
   277 : -1.5203727e-23  4.3709834e-23 -9.6749420e-24
   278 :  1.9216006e-07 -3.2196123e-07  1.0326283e-07
   279 : -3.6985205e-13 -6.0057940e-13  3.6039088e-13
   280 : -8.0986146e-02 -1.7277104e-01  5.3108418e-02
   281 : -2.3602380e-14  9.2311124e-13 -2.0201346e-12
   282 :  2.4073222e-17 -1.8984851e-17  1.4682054e-17
   283 : -3.8335892e-21  5.2722688e-21  2.6566283e-21
   284 :  1.2714650e-22  1.6182450e-22  3.4561710e-22
   285 :  1.2030928e-01  1.0324102e-01  6.4268901e-02
   286 :  8.2779758e-08 -2.5751381e-07 -1.6134151e-07
   287 : -8.9544379e-10 -4.6003825e-09  2.9557331e-10
   288 : -2.0676529e-02  1.3218249e-02 -2.2201899e-02
   289 :  7.9847452e-10 -3.5103568e-10 -1.7861917e-10
   290 :  8.2758228e-02  5.1179398e-02  1.2428857e-01
   291 : -7.7056978e-15  4.9696092e-15 -2.5860228e-14
   292 : -4.0166563e-03 -3.6833844e-03  1.3595976e-03
   293 : -8.5801310e-21 -2.2566494e-21  1.8154868e-20
   294 :  8.5854795e-08  2.2673521e-08 -1.2688380e-07
   295 : -1.6443165e-29 -3.4548315e-29  2.3321318e-29
   296 : -2.7852530e-05 -8.8423226e-06  2.5132382e-04
   297 :  7.7595812e-11 -2.2268851e-10 -2.9942218e-11
   298 : -2.3852767e-11  2.8203136e-11 -8.4902721e-12
   299 : -1.8936175e-32  5.9352822e-33  2.2232968e-32
   300 : -1.8621700e-05 -6.1529710e-05  1.9002641e-06
   301 :  1.0836071e-12 -2.3178949e-12  5.5623992e-13
   302 : -2.7821001e-07  1.0167349e-06 -3.8700250e-07
   303 : -2.3587901e-09 -1.0986550e-08  6.7762243e-09
   304 :  4.4530076e-08  5.6511004e-08 -1.8513721e-07
   305 : -1.9241953e-13  5.4576018e-14  5.4081796e-14
   306 : -1.0656573e-03 -5.2695370e-04  1.4056049e-03
   307 :  3.9036217e-08 -2.9585767e-09  3.3181165e-09
   308 :  1.3242946e-12 -6.1429839e-12  1.6271939e-11
   309 : -5.7523133e-33  7.9870400e-31 -3.8345800e-31
   310 :  2.5939757e-10  5.8865289e-11 -7.3944241e-10
   311 :  2.6964338e-07 -6.9998410e-08 -5.6578359e-07
   312 : -3.1499763e-28  1.2100847e-28 -1.7162353e-28
   313 : -1.1617586e-20  1.0077430e-20  5.8841349e-21
   314 : -3.9781517e-31 -5.9751985e-32  4.8363916e-31
   315 : -2.5939930e-24 -7.8441699e-24  4.4462759e-24
   316 : -4.3405284e-03 -5.2795023e-04  1.5882575e-03
   317 : -3.5379346e-32 -2.3704416e-32  9.6004997e-32
   318 : -2.2414572e-05  5.9092410e-05 -1.7849800e-05
   319 :  2.8416836e-05 -3.1194098e-05 -3.6980719e-05
   320 : -1.2861738e+00  1.2969820e-02 -1.5095100e-01
   321 :  2.9599720e-03 -4.5924217e-04 -5.3491871e-03
   322 : -1.2746238e-30  3.0887341e-30 -4.9367838e-31
   323 :  4.8997364e-34 -8.3344417e-34  1.8054731e-34
   324 : -4.8723899e-25  1.5074407e-24  6.4037424e-24
   325 :  1.2311995e-19 -3.1847829e-19  6.3208555e-19
   326 :  7.5837526e-02  1.6135982e-01  1.8755405e-01
   327 : -9.5897492e-01 -6.8090860e-02 -1.4243526e+00
   328 :  3.3137054e-06 -6.9138955e-07 -7.0308327e-07
   329 :  1.0642818e-22 -5.9799969e-21  2.8963335e-21
   330 :  4.1017350e-37 -2.4074471e-33  2.3820519e-33
   331 :  1.7500954e-14 -2.1334199e-14 -2.2703288e-14
   332 : -3.5298922e-08 -1.7917322e-08  2.2868066e-08
   333 :  1.1988904e-19 -7.0368715e-20  5.0448675e-20
   334 :  1.9811460e-05 -5.8179439e-05 -1.9864977e-05
   335 :  1.0149878e-07 -2.0225932e-07 -1.1498065e-08
   336 : -4.0351965e-07  3.0038210e-07  5.3860499e-07
   337 : -8.9889517e-31 -1.6847408e-29  2.0087472e-29
   338 :  2.5035476e-06 -1.4299145e-06 -4.8087080e-07
   339 :  1.5975517e-21 -1.4344458e-21 -2.2249238e-21
   340 :  3.8058608e-06 -2.7524007e-05 -1.4330979e-05
   341 : -1.2598041e-28  1.1995057e-28  4.2057277e-30
   342 :  2.1251702e-26 -2.5515325e-24  2.5335742e-24
   343 :  6.2640561e-12 -5.5926710e-12 -2.9767658e-13
   344 : -8.7428696e-06  2.4148963e-04 -5.1581514e-05
   345 :  1.1145271e-01  1.2775188e-01  3.9674034e-02
   346 : -1.7234286e-24 -8.9993717e-25  9.8585788e-25
   347 : -8.0298463e-05  4.2053183e-05 -5.2404379e-05
   348 :  1.2355613e-12 -1.6703735e-12  2.9090254e-13
   349 : -7.0713423e-13  3.7681487e-13 -1.8361716e-13
   350 : -6.3196007e-05  1.2349320e-05 -4.4543808e-05
   351 :  7.6439529e-19  4.8681655e-19 -4.8645275e-19
   352 : -1.0397141e-05  2.2764116e-05 -5.2728504e-05
   353 :  5.4584916e-08 -3.1770845e-07  1.0071067e-07
   354 :  1.7558841e-02 -8.7711217e-02  5.0189120e-02
   355 : -1.0824195e-01  1.9380507e-02  2.3840431e-02
   356 :  1.4276533e-29  1.5737690e-29 -4.3846857e-29
   357 : -7.1526883e-06 -2.1427161e-04  6.4053179e-04
   358 :  3.1974602e-14 -6.5498149e-14 -1.2589420e-14
   359 : -5.8574793e-36  1.6117590e-35 -5.1930546e-36
   360 : -1.4509068e-05  7.0807746e-06  1.0665832e-05
   361 : -1.0719107e-17 -8.2337312e-18  7.9825690e-18
   362 : -2.0046891e-12  2.1430862e-12 -4.3512369e-12
   363 :  1.7152886e-15  4.7739896e-16 -2.9488346e-15
   364 :  1.2438448e-16  1.2393495e-16 -9.5242835e-17
   365 :  2.7970684e-12 -1.1323072e-12  9.6065073e-14
   366 :  3.3799322e-27  3.0362482e-26 -3.6532334e-26
   367 :  3.2304316e-10  1.6850177e-10 -7.1699610e-10
   368 :  5.0499422e-06 -1.9416680e-05  4.1751298e-06
   369 :  7.3579519e-13  1.7249152e-12 -4.6009872e-12
   370 :  1.1219815e-15 -2.7189953e-15  4.5417811e-16
   371 :  3.8161134e-27  1.3911984e-28 -3.9962605e-27
   372 : -2.1351383e-12  1.8318062e-12  2.2237444e-12
   373 :  5.6686929e-08  4.6358270e-08 -1.9635898e-07
   374 :  1.3320805e-01  1.3793429e-02  1.4075260e-02
   375 :  1.0047544e-19  5.5744135e-19 -2.8168445e-19
   376 : -1.8094450e-30 -6.5740064e-30  1.0194068e-29
   377 :  2.1180903e-11 -8.8478439e-11  3.0142791e-11
   378 : -5.1339795e-17  2.5852282e-15 -1.5491746e-15
   379 :  4.6135805e-33 -1.3160043e-32  4.1206911e-33
   380 : -3.0157796e-03 -2.7339525e-03  4.2075592e-04
   381 : -7.0546207e-14  5.5273325e-14  8.4183452e-15
   382 : -5.3850917e-20  2.5793278e-19 -1.6130907e-19
   383 :  5.3914473e-05  1.2468726e-04 -1.6929039e-04
   384 :  4.2809360e-19 -8.7835816e-18  5.0453838e-18
   385 : -2.1872333e-07  5.8807051e-07 -1.2575526e-07
   386 : -3.7507404e-03  1.2612351e-03  8.0034164e-04
   387 :  4.3492989e-22 -1.2159331e-22 -7.4378640e-22
   388 :  7.8678697e-02  1.3977348e-01  1.3999162e-01
   389 : -1.7467820e-18 -2.2667269e-18  4.3613268e-18
   390 : -1.4324485e-06  2.7165206e-06  1.3064324e-06
   391 :  2.7467258e-16 -1.2988549e-14  6.3280770e-15
   392 :  1.6368156e-04 -1.8527445e-04 -1.2642117e-04
   393 : -1.3464035e-04  5.9562774e-04  4.6597460e-04
   394 : -5.2583080e-18  1.9203833e-17 -6.7445396e-18
   395 : -1.3569817e-10  3.9569468e-11  5.5117180e-11
   396 : -4.3798734e-33  4.5800262e-33 -5.3809485e-33
   397 : -7.5215349e-05  5.3727005e-04 -1.6322084e-04
   398 :  1.7409167e-08  1.9779835e-08 -9.9630075e-09
   399 :  5.5852427e-04 -5.5493599e-04  7.0456580e-04
   400 : -5.0890863e-09 -3.8587736e-09  1.1206612e-08
   401 :  1.1669207e-07 -2.0805026e-07 -1.2448363e-07
   402 :  3.0295897e-17  6.0495044e-18 -2.2824407e-17
   403 : -5.0923687e-16  1.8595949e-15 -6.5180463e-16
   404 : -2.1127301e-27  9.4334380e-29  5.6676949e-27
   405 :  2.6779183e-10 -2.9608667e-10  3.6581060e-11
   406 : -1.8653209e-05  5.9093233e-06  8.3057961e-06
   407 :  8.4755120e-04  1.8914628e-04  9.8769759e-04
   408 : -9.0016108e-03 -4.6694694e-04  1.5636247e-03
   409 :  2.1979337e-09 -2.4177979e-09 -1.1449561e-11
   410 : -9.0837050e-02 -1.4564681e-01  7.7995429e-02
   411 : -5.0314941e-10  8.3752079e-10  3.9137803e-11
   412 :  1.0641266e-07 -9.0503362e-08 -1.9537615e-07
   413 :  6.7047630e-30 -1.2816703e-30 -1.0511352e-29
   414 :  6.9658819e-02  1.5414433e-01  3.0971596e-02
   415 : -8.9247142e-09  9.3171625e-09  1.3049784e-08
   416 :  2.1471257e-21  3.0960461e-21 -8.9668511e-21
   417 : -1.3141427e-05  4.9264543e-06 -4.1618313e-05
   418 :  1.5500540e-03 -2.5755259e-03 -7.1082812e-03
   419 :  8.9507083e-27 -1.4361852e-26  2.1558524e-27
   420 : -6.5090756e-25  2.8322291e-24 -1.4923735e-24
   421 : -4.9455157e-23  1.7468223e-22 -4.7488439e-23
   422 :  1.8192461e-12 -1.2297944e-12 -1.4901566e-13
   423 :  1.3105884e-10 -1.3741517e-09  7.3701473e-10
   424 : -6.4865870e-18  5.3425129e-18  1.6014183e-19
   425 :  1.0132673e-22  1.2156825e-21 -6.1077886e-22
   426 :  5.9727742e-15  3.4667206e-15 -3.7500185e-15
   427 :  2.7915829e-17  9.1199956e-17 -2.1125332e-16
   428 :  1.5674049e-17 -5.7594336e-17  2.6212918e-17
   429 :  4.2905644e-08  3.4948287e-08 -2.0227220e-08
   430 : -2.5050011e-07 -1.8011670e-07  4.8885141e-08
   431 :  2.4516267e-10 -4.9077801e-10  1.6280645e-11
   432 : -9.3777655e-12  3.8892336e-12 -3.7042385e-12
   433 : -4.3641091e-29  2.8131944e-29  6.1654377e-29
   434 :  7.6937164e-05 -1.3552321e-03 -8.6872986e-03
   435 :  8.9080525e-10 -5.7173748e-10  4.1088614e-10
   436 : -2.3315198e-19  6.5982132e-19 -3.6921540e-19
   437 : -2.0827756e-05  2.5733307e-05 -3.9132465e-05
   438 :  5.6657430e-06 -2.1547367e-06  3.8403802e-06
   439 :  7.4958936e-04 -2.8174115e-04  9.5431695e-04
   440 :  1.3672210e-22 -4.7896466e-22  1.5115593e-22
   441 : -8.7050471e-32 -4.0987290e-32  1.7041211e-31
   442 : -4.9516672e-05 -9.4892631e-06 -2.3494466e-05
   443 :  7.3987464e-12 -1.5640024e-11 -4.0081155e-12
   444 : -1.4635102e-05 -6.3369076e-06  5.1774747e-06
   445 :  8.6175257e-14 -3.1398286e-14 -1.1089791e-14
   446 :  1.0449228e-01  1.0156868e-01  3.1135854e-02
   447 : -1.1877308e-14  1.5991972e-14 -2.3779834e-14
   448 : -2.4986418e-09 -9.4998024e-09  6.0836388e-09
   449 :  5.7211501e-29 -4.1412613e-29 -7.8374713e-29
   450 : -1.5641108e-31  2.5581040e-32  3.0451881e-31
   451 :  1.1684172e-01  4.7057877e-02  2.9345192e-03
   452 : -1.0417341e-01 -3.5999489e-02  8.3698529e-03
   453 :  9.8982525e-02  1.1357351e-01  5.6636331e-02
   454 : -5.1289573e-02  6.0308758e-03 -6.5380138e-02
   455 : -1.5777087e-18 -1.0580551e-16  1.8172466e-16
   456 :  9.8095920e-09 -5.4639428e-09 -1.2892488e-09
   457 :  2.6195459e-32  5.7064830e-32 -1.0340664e-31
   458 : -5.3430951e-15 -1.5087681e-14  3.1155020e-14
   459 : -3.2310278e-09 -1.4763260e-09  7.2635154e-09
   460 :  5.1051253e-09 -3.0692440e-08  1.1916677e-08
   461 :  8.3396021e-15 -5.9268192e-15 -1.2751944e-14
   462 :  4.1862364e-12 -8.3996363e-12 -1.3791163e-12
   463 :  2.7721393e-22  3.1149327e-23 -4.6261106e-22
   464 :  9.2583199e-06  8.3050447e-06 -2.9376281e-06
   465 : -8.4269628e-09  8.4396207e-10  7.3410489e-09
   466 :  1.0859285e-03  4.1593256e-04 -2.7113571e-04
   467 : -8.0670477e-24 -8.1402926e-25  1.1132730e-23
   468 :  3.8802019e-21  1.2183556e-20 -5.9719343e-21
   469 :  2.0169366e-32 -2.5012953e-32 -2.0550816e-32
   470 :  1.5194830e-30 -2.3825614e-30  3.7218533e-31
   471 :  5.1595619e-19  9.0170870e-19 -1.4378533e-18
   472 :  1.2315903e-22  1.4782380e-22 -4.7951893e-22
   473 : -2.7367167e-07 -4.4311765e-07  1.0077216e-06
   474 : -2.9907604e-27  3.3412360e-26 -3.2717293e-26
   475 : -8.7393491e-18  1.4349965e-17 -3.0232733e-17
   476 :  1.3673895e-17 -1.1504559e-17 -1.1889168e-18
   477 : -3.7664077e-34  3.9807628e-34 -5.5015379e-34
   478 : -5.7392382e-09  8.4593636e-09  2.2194122e-10
   479 : -6.8972543e-35  2.5320352e-34 -1.1536592e-34
   480 : -9.7934715e-03 -8.2244803e-03  1.6777829e-02
   481 : -3.9027572e-17 -3.5291799e-16  1.0562040e-15
   482 : -3.8093347e-26 -9.3196302e-26  6.6800265e-26
   483 : -1.5589282e-04 -2.8294484e-03 -5.7997082e-03
   484 : -2.8508874e-09 -1.0979157e-09  1.1809909e-09
   485 : -2.0322749e-09  3.4661763e-09  1.3334116e-09
   486 : -1.2960379e-01 -7.6617205e-02  8.6312915e-03
   487 : -1.7911514e-08  1.7793819e-08 -1.5311467e-08
   488 :  3.4884734e-02  2.1795997e-03 -8.6121946e-03
   489 : -2.0885058e-27  7.0342601e-28  3.8114953e-27
   490 :  6.9711647e-23  2.0241062e-23 -4.2517868e-23
   491 :  5.9308755e-24  1.3790676e-23 -9.4839248e-24
   492 : -3.2528096e-07  4.7428319e-07 -8.7940356e-07
   493 : -5.5354857e-05  2.4620985e-04  1.1309598e-04
   494 :  1.5661686e-03  1.0967021e-03  1.5664807e-03
   495 : -2.7750735e-11  1.1074680e-11  7.0416633e-11
   496 : -3.7431248e-22  1.3684846e-20 -1.3324241e-20
   497 :  2.3215566e-31  1.7090362e-30 -8.7334700e-31
   498 : -1.0123053e-28  1.6132033e-28 -2.6134087e-28
   499 : -9.6837038e-03  8.8416767e-03 -1.2238281e-03
   500 : -2.4271743e-32  3.8993191e-32  1.4856450e-32
   501 :  3.5418797e-35 -9.0961669e-34  6.5967595e-34
   502 :  3.4773736e-06 -8.5472389e-06  7.4354973e-06
   503 :  2.2855691e-06 -1.5245552e-05  3.1232702e-06
   504 : -2.0765389e-09  5.4646090e-09 -1.9220238e-09
   505 :  2.7604933e-04 -1.2500930e-02 -9.2813950e-04
   506 :  2.6899620e-22 -7.0331331e-22  1.0608951e-22
   507 : -2.1813193e-20 -1.4680134e-20  4.7538547e-20
   508 : -1.4202514e-20  4.7772329e-20 -1.6508242e-20
   509 : -3.8741052e-08  5.6348593e-08 -8.3959577e-08
   510 : -1.2340298e-21  9.7351388e-21 -1.2564051e-20
   511 :  2.2354541e-15 -7.7577353e-16 -4.8917811e-15
   512 :  3.7770387e-17  4.4368200e-15 -1.9424991e-15
   513 :  4.5855329e-11  3.9614830e-11 -1.3763921e-10
   514 :  3.1845847e-10 -9.4838117e-10  4.4669317e-10
   515 : -5.8875029e-05 -1.2833900e-04  4.1291349e-04
   516 :  9.4661715e-23  7.9585085e-22 -3.5376490e-22
   517 :  1.4558270e-04 -7.7471670e-05  1.5795461e-04
   518 : -2.2846517e-10 -8.0115402e-11  3.8056465e-10
   519 :  6.8857407e-15 -2.2297552e-14  6.3518547e-15
   520 :  1.5165708e-11 -1.1201747e-12 -2.2088131e-11
   521 : -4.4412593e-05  1.0882303e-05  2.8915611e-06
   522 :  5.6210738e-02 -2.6479568e-02  7.0702958e-02
   523 : -2.2073983e-03  5.6953905e-04  4.7073477e-04
   524 :  3.6692830e-11  1.3139900e-12 -1.5338144e-11
   525 : -2.2750263e-09  1.2658212e-09 -7.9777080e-10
   526 : -7.8736915e-16 -5.9470958e-16  1.5620616e-15
   527 : -7.0359279e-28 -6.9860242e-26  9.4359747e-26
   528 :  3.2452109e-01  3.1490888e-02  1.5730676e-01
   529 :  1.7498224e-07 -2.1573913e-07 -2.8258578e-07
   530 :  3.2196042e-03 -5.4696966e-03  7.2719322e-04
   531 : -9.3994349e-07 -8.9086969e-08 -6.4476664e-08
   532 :  8.7858893e-16 -6.1845102e-15  3.7735817e-15
   533 :  4.2496237e-36 -3.9025663e-36  3.9244341e-36
   534 : -6.3585214e-37 -3.9862469e-36  9.4050234e-36
   535 :  5.1416121e-25 -5.1592557e-25 -4.8818284e-25
   536 :  9.9330951e-04 -2.1064078e-04 -4.0065976e-05
   537 :  2.3825232e-06  2.1761977e-06 -7.5507025e-07
   538 :  3.2091915e-08 -1.5281101e-08  7.0093641e-09
   539 : -1.3365372e-25  4.6090326e-25 -1.5659498e-25
   540 : -1.3538453e-22  9.4403921e-23  1.5435930e-22
   541 :  2.9758239e-21  5.1263949e-23 -6.4614256e-21
   542 :  1.8489611e-11  1.0692319e-11 -6.9127739e-13
   543 : -5.4688037e-27 -6.6241273e-27  5.6017861e-27
   544 :  1.1493392e-11  3.0027003e-11  4.0860778e-11
   545 : -2.6817019e-19  1.3040185e-19  4.5474239e-19
   546 :  9.6210568e-04  6.1220396e-03 -6.0827308e-03
   547 :  1.6295825e-24 -3.9909496e-24  6.7764524e-25
   548 : -1.9813525e-04 -2.0553768e-04  8.1366196e-04
   549 : -1.0513183e-20  1.7442437e-21  5.8051914e-21
   550 :  1.1299566e-07 -2.8684704e-07  7.2032033e-08
   551 :  2.9379362e-04  3.0206343e-04 -3.4083743e-04
   552 : -1.2233977e-05 -7.9999720e-06 -4.7905774e-07
   553 :  2.2286667e-06 -4.5083563e-07 -8.9151716e-07
   554 : -1.1043312e-20  2.2931158e-20 -9.1732572e-21
   555 :  1.3972315e-11 -3.0548053e-11 -1.2995152e-11
   556 : -2.4953557e-22  9.9349661e-22 -2.5222108e-22
   557 : -9.5271147e-02 -1.3710409e-02 -9.0020576e-02
   558 :  1.0172492e-07  4.3857185e-07 -7.9254359e-07
   559 : -1.9357669e-05  7.0707124e-05 -3.3553355e-05
   560 : -3.9115351e-07  1.1129157e-08  1.7243036e-07
   561 :  8.2450175e-02  8.1119415e-02  1.2511445e-01
   562 :  1.5690978e-17 -3.7552447e-16  1.7573787e-16
   563 :  2.1363106e-31  1.8505848e-32 -2.6253331e-31
   564 : -1.0830562e-03  5.9237842e-04  5.5027299e-05
   565 : -6.8072701e-03  1.7815569e-03 -6.1796134e-03
   566 : -6.1281919e-23 -5.7369693e-23  1.9536222e-22
   567 :  1.8558214e-13  1.0594205e-11 -9.5545177e-12
   568 :  5.8879753e-05  6.0231434e-05  6.4573593e-05
   569 :  2.9464674e-04  3.7999592e-04  8.7827356e-06
   570 : -1.2645717e-19  2.0726899e-19  6.6283896e-20
   571 :  5.1931435e-12 -8.9651869e-13 -1.8884032e-12
   572 :  6.3505350e-34 -8.9020521e-33  4.0169231e-33
   573 :  8.3290977e-09  3.5232027e-08 -4.9716295e-08
   574 : -1.0123647e-07  2.7581621e-07 -6.1395837e-07
   575 :  7.0974726e-04 -1.1425087e-01 -5.7360986e-02
   576 : -3.6352718e-10 -8.1615367e-10  1.2403077e-09
   577 : -7.1038679e-02 -2.9221787e-02 -7.5850919e-03
   578 : -3.4131424e-36  5.1431032e-36  1.4912175e-37
   579 :  4.6031284e-02  8.7973297e-02 -9.3473850e-04
   580 :  2.7164486e-02  6.8164709e-02  9.8133662e-02
   581 : -1.7873412e-19  1.8885859e-19  2.8129778e-19
   582 :  1.6173414e-34 -1.9290808e-34  1.2723653e-35
   583 :  1.7951585e-18 -3.5008828e-18 -8.5632297e-19
   584 : -6.9039839e-28  1.2367817e-27  1.6774708e-28
   585 :  4.9234311e-04  1.3384818e-03 -5.2721518e-04
   586 :  2.1633900e-23 -4.6719349e-23  7.0365950e-25
   587 :  1.0281088e-16 -2.3732301e-18 -2.0980432e-16
   588 :  1.7180724e-23 -8.8534744e-23  3.0474305e-23
   589 :  4.3480696e-05 -4.6017601e-05 -9.7744937e-05
   590 :  1.1631793e-05 -3.2144008e-05 -7.2038858e-05
   591 :  3.7870777e-31 -5.7261549e-31 -1.9629379e-31
   592 :  3.6376122e-20  3.0141776e-20 -9.8740086e-20
   593 : -1.2969761e-14  1.5006011e-15  6.4132848e-15
   594 : -6.0873496e-17  1.3461676e-16 -2.8175146e-17
   595 :  2.5558731e-09  4.9310774e-09 -1.0825539e-08
   596 : -3.8764219e-09  8.6624727e-09 -4.0083916e-09
   597 :  2.7067527e-13  9.1974435e-14 -4.1688595e-13
   598 :  2.3002433e-17  4.3933792e-16 -2.2693084e-16
   599 :  1.2658472e-01 -3.8345941e-03  5.7637942e-02
   600 :  4.4725211e-10 -2.4273876e-10 -8.0940467e-10
   601 :  1.1075719e-01 -7.4154345e-03  2.2934741e-02
   602 :  1.5513551e-25 -1.1064343e-23  4.5473747e-24
   603 :  6.4882195e-29  2.6344480e-27 -9.8892444e-27
   604 : -1.1546982e-19 -3.9578806e-20  1.6500258e-19
   605 :  7.0147486e-15 -3.8759519e-14  2.3896448e-14
   606 : -3.6714386e-02  4.1995984e-02 -1.5692969e-02
   607 :  2.0295292e-10 -2.5892757e-10 -1.8841058e-10
   608 :  1.0006179e-21 -4.2448854e-21  1.4455640e-21
   609 :  8.2050676e-19 -5.9088686e-18  2.4548617e-18
   610 :  2.2516787e-26  7.1211995e-26 -1.7064508e-25
   611 :  1.0861953e-01  1.5093412e-02 -5.0222649e-03
   612 : -1.1525424e-10  1.4446467e-10  1.9563976e-10
   613 : -1.7464996e-13 -3.6462093e-14  4.4446475e-13
   614 :  1.2951949e-05 -4.2912040e-05  6.9841402e-07
   615 :  5.3258323e-12 -1.0957998e-12 -1.0198412e-11
   616 : -3.7407214e-28  5.8772294e-28  1.8239792e-28
   617 :  2.5471721e-13  9.0027362e-14 -1.2902144e-13
   618 :  4.7377244e-17  2.5143538e-17 -3.6244647e-17
   619 : -1.0619900e-21  1.3258544e-21  8.4272449e-22
   620 :  3.8299828e-15 -8.4800284e-15  1.6493473e-14
   621 : -5.6831846e-11  4.7303155e-11  8.9097519e-11
   622 :  1.4916490e-03 -4.4198778e-03 -7.2756447e-03
   623 :  2.6418737e-06 -4.5737388e-07 -1.6518915e-06
   624 : -1.6234914e-12 -6.6933961e-12  1.8498987e-12
   625 :  4.0940308e-13 -6.8805663e-12  3.1740761e-12
   626 : -2.8615592e-36  1.1404880e-35 -4.4272725e-36
   627 : -1.0886829e-23  4.1461945e-23 -1.9672308e-23
   628 :  4.3218900e-18  4.8664345e-17 -2.4889094e-17
   629 : -9.3120282e-07  2.7733777e-06  5.7287576e-07
   630 :  7.4180868e-04 -3.2339404e-04  3.5644567e-04
   631 : -5.2577782e-14  2.1300558e-13 -4.5447309e-14
   632 :  2.1817844e-27 -4.2749632e-27 -2.5548615e-28
   633 :  1.6952953e-06 -7.4824842e-07 -4.0663494e-07
   634 :  6.2092157e-10  7.7133979e-10 -4.6228960e-09
   635 : -7.5636105e-06  3.4915172e-06  3.2352878e-06
   636 : -2.3054128e-05 -2.6506420e-05  5.1745274e-06
   637 :  1.7765694e-04  5.0787118e-05  5.6142008e-04
   638 : -4.1567279e-03 -3.1166082e-03  1.9019492e-04
   639 : -5.2988573e-05 -6.6440632e-05  2.1110260e-05
   640 : -1.0177230e-01 -3.7045660e-04 -6.0632202e-02
   641 :  2.2215029e-21 -5.0157923e-21  3.3674015e-22
   642 : -8.4792306e-08  1.5925755e-08  1.2411461e-07
   643 : -9.1004841e-06  1.6961771e-06  4.0228742e-06
   644 :  3.7534403e-06  4.1999896e-06 -9.6311025e-06
   645 : -1.8504678e-10  6.6982269e-10 -5.3772377e-10
   646 :  1.3292085e-12  3.3165105e-11 -4.2291965e-11
   647 :  2.2708818e-01  1.0187384e-01  1.3581665e-01
   648 :  9.7334364e-12  1.0754211e-10 -2.3108155e-11
   649 : -4.7601992e-05  2.8178765e-04 -7.5590638e-06
   650 :  2.9354874e-12 -1.0774800e-12 -1.1679896e-13
   651 : -1.9311101e-02 -3.0412908e-03  8.4773093e-02
   652 :  7.1092375e-11  2.1966449e-10 -1.0992294e-10
   653 :  1.9761696e-03  1.1366425e-03 -3.2991581e-03
   654 : -3.4568594e-18  1.8675653e-19  2.5297087e-18
   655 : -7.9207107e-12 -2.6648402e-11  8.6460423e-11
   656 :  2.8269767e-02  7.7311775e-02 -3.4199305e-02
   657 : -4.3977646e-05  6.4724006e-06 -9.3759773e-05
   658 :  1.1920501e-10  2.5290285e-11  1.2289191e-11
   659 :  3.7844274e-08 -2.7415662e-08 -1.6428375e-09
   660 : -8.9488109e-04  1.1485446e-03 -6.6270286e-03
   661 :  1.9609367e-01  1.6194289e-01 -4.8385804e-02
   662 : -2.6620282e-17 -1.7856948e-17  7.6871726e-17
   663 : -5.5782760e-05 -8.4179583e-05  2.3786233e-04
   664 : -8.0576795e-03 -1.8153672e-03 -4.8611983e-03
   665 : -1.0204706e-02  1.5898189e-03  2.0440274e-03
   666 :  4.0246280e-29 -1.5980683e-29 -7.0066281e-29
   667 :  2.6457456e-19 -8.8101832e-20 -5.7584598e-20
   668 :  2.8552731e-06  4.0824224e-06 -1.8267410e-05
   669 :  3.1135570e-36  4.1297662e-35 -4.7528495e-35
   670 :  4.4136785e-04 -6.8658229e-06 -1.5308510e-04
   671 :  7.4436053e-04  3.8057074e-02 -1.4849437e-01
   672 : -2.1048452e-04  1.1678580e-04  3.4625430e-04
   673 :  2.5412314e-15  4.7669414e-16 -6.6531226e-15
   674 : -9.3515359e-13  5.6922274e-13  1.3464155e-12
   675 : -6.4590481e-14  4.1630681e-14 -3.8812251e-14
   676 : -3.5307905e-10  1.3139400e-09 -5.7385988e-10
   677 :  2.0513694e-10 -1.3398353e-10  2.6617416e-10
   678 : -2.7823904e-05 -2.8513651e-05  1.7875151e-04
   679 :  8.6004443e-08 -2.1485419e-07  1.4004085e-08
   680 :  1.1381662e-07 -7.2075481e-08 -2.1557936e-07
   681 : -2.7883195e-20 -2.1637107e-21  3.6098420e-20
   682 :  5.1503657e-21  7.0274521e-21 -2.2185941e-20
   683 :  1.6891735e-18 -4.4383180e-18 -1.0226140e-19
   684 : -1.4457803e-23  1.2923355e-23 -1.9427722e-24
   685 : -5.2851723e-09  1.1154334e-08  6.0440288e-10
   686 :  3.3671515e-13 -1.0758764e-13 -6.4702006e-14
   687 : -6.0196412e-23 -9.0035794e-23  2.4432862e-22
   688 :  2.8790959e-14 -4.4131139e-14 -1.2074426e-14
   689 :  4.7342407e-03 -3.8778474e-03 -8.2738280e-03
   690 :  1.5567997e-09  4.9705549e-10 -6.6640801e-10
   691 :  1.3515590e-09 -1.1881030e-09  2.4717755e-09
   692 :  2.4963676e-11  2.6525872e-10 -5.0745969e-10
   693 : -3.7170938e-35  5.2021150e-35  2.9604452e-35
   694 : -1.3769547e-23  2.0772080e-23  9.6279326e-24
   695 : -5.1937476e-03  4.7443078e-03 -5.6843271e-03
   696 :  2.6562848e-06 -1.1025028e-06 -1.9969598e-06
   697 : -9.8792218e-11  3.3700737e-10  9.3187469e-11
   698 : -3.7318601e-03 -5.9002186e-03 -1.7742974e-03
   699 :  3.2950521e-17  3.5998477e-16 -7.4918233e-16
   700 : -1.4099156e-29 -2.2329473e-29  5.9776271e-29
   701 :  1.2702708e-27 -4.3477494e-27  1.5213871e-27
   702 : -6.2213375e-19  1.5409533e-18 -1.3554950e-19
   703 : -8.2271677e-02 -1.5875599e-02 -2.8318622e-02
   704 : -5.7750676e-11 -3.1959252e-11  1.3677256e-10
   705 :  5.6874937e-23 -8.4254505e-22  3.8454679e-22
   706 :  1.4645412e-01  2.4856932e-01 -1.9147761e-02
   707 :  6.7300593e-06  7.8269088e-06 -4.1543647e-06
   708 : -5.9977969e-07 -2.6916382e-07  2.1064916e-07
   709 :  3.3753963e-13 -5.3443610e-13  1.2018469e-12
   710 : -3.0124330e-16  3.4565132e-16 -7.9395675e-16
   711 : -1.0644653e-11  2.4543286e-12 -3.8279101e-12
   712 : -1.8494787e-05 -1.9087854e-05 -1.5678274e-05
   713 :  9.5767212e-12 -2.1996500e-12  1.4625308e-10
   714 :  2.7102920e-03 -4.3931161e-02 -4.0458541e-03
   715 : -1.7027041e-10 -2.6703373e-10 -3.2726355e-10
   716 :  9.3419664e-25 -9.1279545e-24  1.8660084e-23
   717 : -5.5416541e-07  1.2407984e-06 -7.0237219e-07
   718 :  4.1340266e-11 -1.1187673e-11 -1.0703289e-11
   719 :  4.7782942e-06  4.2652981e-06 -2.1781008e-06
   720 :  3.3242714e-02 -7.7760522e-03 -1.3882133e-01
   721 : -1.5723223e-03  7.4844758e-07 -1.1185577e-03
   722 : -1.5733317e-22 -4.6173823e-21  1.9237115e-21
   723 :  5.7883926e-22 -1.7085860e-20  1.3011002e-20
   724 : -2.3407541e-20  3.6225704e-20 -5.2511428e-21
   725 : -1.1346943e-04  1.7912875e-05  2.1642750e-04
   726 :  3.2684846e-14 -7.0072718e-15 -1.1608379e-14
   727 :  4.7342744e-05 -1.3177034e-04  2.0463701e-04
   728 : -1.0004036e-06  5.7269371e-07  1.4313422e-06
   729 : -1.5928284e-08  2.8880270e-08  1.1058133e-08
   730 :  1.2674700e-10  3.3968791e-11  9.1749128e-11
   731 :  6.6563828e-20 -1.0563880e-19  2.0003683e-20
   732 : -4.4756281e-18 -4.6346530e-18  4.8970393e-18
   733 :  1.0197413e-11  6.1555357e-11  7.2137735e-11
   734 :  6.2069165e-02  2.0621627e-01  1.7318503e-01
   735 :  4.8695033e-11 -3.4619969e-10  1.5236705e-10
   736 :  1.0450295e-01 -3.2454894e-04 -4.3567294e-03
   737 : -8.7086870e-14 -1.0110067e-13  3.9096143e-13
   738 : -1.9388936e-05  5.0718755e-06 -1.7756357e-05
   739 :  3.1101517e-02 -2.3520860e-02  1.4765326e-01
   740 : -1.0035407e-09  2.5094127e-09 -1.3936265e-09
   741 : -1.3361277e-04 -1.9006942e-03  6.0189927e-04
   742 : -1.9035960e-11 -2.6967590e-11  8.7515580e-11
   743 : -3.5436111e-10 -6.1113507e-10  4.0595722e-10
   744 : -1.3733289e-01 -1.6697572e-01  9.9594322e-02
   745 :  1.6736450e-21 -3.3739805e-21 -7.7755557e-22
   746 :  9.2186118e-18  6.4281780e-18 -3.0657064e-17
   747 :  1.6805145e-13 -3.2552590e-13  6.3017497e-13
   748 :  3.8181751e-11 -8.2705465e-11 -8.6647535e-10
   749 : -2.2833549e-06  7.1451385e-06  1.8572444e-06
   750 :  3.6873690e-23  3.3190979e-22 -5.3755107e-22
   751 :  5.6591797e-02  7.8391812e-02  1.2107005e-01
   752 : -5.4169056e-11  2.8050635e-11  1.5419830e-10
   753 : -1.7977791e-06  6.0987103e-06 -1.6373658e-06
   754 : -4.4780559e-20 -6.1407240e-19  2.9156822e-19
   755 : -8.2714157e-02  3.3780684e-02 -1.4817873e-01
   756 : -1.1585477e-13 -6.2149569e-13  1.0976792e-12
   757 : -9.5628901e-34  2.0841247e-34  3.4929993e-34
   758 :  1.0978959e-01  6.5701397e-02 -5.4206765e-02
   759 :  1.2561899e-10 -1.9258188e-11  1.6320209e-10
   760 :  1.9673349e-15 -5.3606594e-15  1.1522633e-15
   761 :  9.2501686e-10 -1.6514904e-09 -7.2745740e-10
   762 :  6.2240766e-02 -2.3850342e-02 -3.3114846e-03
   763 : -2.7793894e-25  7.9699896e-25 -2.5445464e-25
   764 : -2.1896265e-26 -9.1810818e-26  5.5564640e-26
   765 :  1.1484596e-02  6.3637070e-02  1.2099889e-01
   766 :  3.7278490e-12 -9.6560748e-12  1.9901841e-13
   767 : -3.6931009e-03 -1.5353903e-02  7.5566828e-03
   768 :  2.3804064e-23 -1.3550446e-22  3.0595798e-22
   769 : -7.0934371e-02 -2.7313184e-03  6.1245359e-03
   770 : -2.2100706e-09  5.5133396e-10 -4.0681527e-09
   771 :  5.6379422e-06 -2.2452200e-05  3.3954150e-06
   772 :  5.4086258e-04 -1.6979422e-04  6.6819706e-04
   773 : -1.8200493e-12 -1.5117311e-11  1.7041293e-11
   774 : -2.6990767e-02  1.3795022e-01  8.3420846e-02
   775 :  2.0329715e-01  2.0961761e-01  1.9422907e-01
   776 : -1.4690885e-11 -1.2099731e-10  1.5143111e-10
   777 :  7.5552322e-10 -4.7819394e-10 -8.5873881e-10
   778 : -4.8880062e-10 -1.1056597e-09 -1.6155305e-10
   779 :  1.1726160e-19 -1.4617580e-19  8.6208124e-21
   780 : -2.0247399e-03 -3.7194451e-03 -2.4095050e-03
   781 : -1.6922993e-21  1.4845564e-21 -1.7453070e-21
   782 :  1.4980100e-34  5.3554744e-35 -1.8998988e-34
   783 : -2.3014190e-10 -8.1819506e-10  9.8237170e-10
   784 :  4.4806311e-11  3.8296921e-10 -1.7089488e-10
   785 :  2.7662035e-21 -6.6876705e-21  9.3005622e-22
   786 : -8.9993925e-02  2.2915541e-01 -6.3959546e-02
   787 : -8.4529190e-02 -1.9243476e-02  3.7289233e-02
   788 : -1.5796743e-21  8.7188915e-22 -3.8151571e-22
   789 : -2.0624475e-20  4.4162971e-20 -3.5011531e-20
   790 :  2.4281012e-08  8.2705669e-08 -4.6871788e-08
   791 :  1.3858992e-06 -8.6332873e-07 -1.6932998e-07
   792 :  7.0691526e-04 -1.4583999e-04 -2.7686520e-05
   793 :  2.4003758e-04 -8.5501781e-05 -8.5855841e-05
   794 : -3.0415923e-09  3.5458261e-09  2.1599138e-09
   795 :  7.5052580e-04  1.0034195e-03 -1.3752654e-04
   796 : -4.4425559e-05  1.9587870e-05 -7.6526528e-05
   797 : -4.0503760e-23  2.0646568e-22 -3.6868533e-22
   798 : -5.5837568e-07 -9.1396985e-07  5.6870626e-07
   799 :  5.1688412e-13  2.7557843e-12 -3.8266618e-12
   800 : -1.0456935e-02  1.8450903e-02  2.7697038e-02
   801 : -7.6601726e-21 -3.1245741e-20  4.2110112e-20
   802 :  2.0859520e-10 -4.5883882e-10 -9.2437418e-11
   803 : -6.1971805e-16 -1.6007408e-15  9.9508286e-16
   804 :  1.5672752e-02  1.0479554e-01  2.8331402e-02
   805 :  2.7675289e-10 -5.3184503e-10  2.8348884e-10
   806 : -2.8090096e-19  2.1378968e-19 -2.9499259e-19
   807 :  1.4397642e-22  4.4291287e-22 -2.4599775e-22
   808 : -7.6522668e-02  2.7003569e-02  1.2288010e-01
   809 :  1.9655770e-14 -2.4898055e-14 -2.4952796e-14
   810 : -4.6096652e-22 -2.6924025e-21  6.5955457e-21
   811 :  3.5061659e-35 -1.7720464e-35 -8.0550491e-36
   812 :  1.6516051e-13  2.7393331e-12 -1.2184689e-11
   813 :  5.0154046e-11  4.3072225e-11  2.8791074e-10
   814 :  2.2065268e-31  7.8663686e-33 -2.3655293e-31
   815 :  1.5144371e-35  1.7305418e-35  8.0591400e-36
   816 : -3.3152381e-29  7.6573707e-30  1.2548277e-29
   817 : -3.5460926e-31 -3.5600465e-31  1.0737727e-30
   818 :  4.5530128e-33 -2.3634826e-32  1.4166762e-32
   819 :  1.7870833e-11 -8.2867290e-12  1.0050757e-12
   820 : -2.3093570e-32  6.3767277e-32 -1.3131664e-32
   821 :  2.5891521e-05 -2.6949427e-06 -3.2609781e-05
   822 : -1.2280917e-08  6.3275926e-08 -3.9515847e-08
   823 :  7.0701856e-16 -1.8140058e-15  3.2163723e-16
   824 : -2.9034696e-16  3.7187155e-16  2.8599240e-16
   825 : -1.1705108e-25 -7.0236378e-26  3.1199297e-25
   826 : -4.8655638e-06  8.9350742e-06 -3.0128051e-06
   827 :  6.8045196e-19 -3.7415546e-19 -1.3867762e-19
   828 : -1.8277259e-14  2.5810169e-14  4.6270095e-16
   829 : -5.0510789e-08 -8.9753187e-08  6.9340642e-08
   830 :  2.7567372e-01  2.4278818e-01  2.0159489e-01
   831 :  2.6234518e-01  2.2858244e-01  2.3516816e-01
   832 :  1.2596094e-11 -3.0368936e-11  1.7400794e-12
   833 :  2.1960329e-01  1.3447406e-01  1.0064966e-01
   834 :  1.4779966e-29 -1.3219813e-29  1.2377814e-29
   835 : -2.6249510e-34  1.5036523e-33 -2.8857602e-33
   836 : -8.8684726e-10  6.9213634e-10  2.1235767e-11
   837 :  1.4853063e-19 -5.8204217e-20  1.5865283e-20
   838 : -4.0355426e-07  7.3467662e-09 -2.6909269e-07
   839 : -1.3217480e-15 -1.8735218e-15  4.0843811e-15
   840 : -2.4267448e-18 -1.5867860e-18  5.9068873e-18
   841 : -4.7011639e-17  6.4484444e-18  3.2335630e-17
   842 : -1.9121449e-13  7.4606088e-13 -2.4387684e-13
   843 : -1.1714979e-17  9.9048243e-19  2.3753415e-17
   844 :  1.1099427e-11 -1.1930666e-11  1.5188283e-11
   845 :  2.1001655e-24 -2.6815767e-24  3.8115365e-24
   846 : -2.1821262e-09  4.0322419e-10 -1.7779085e-10
   847 :  6.7569106e-13 -2.1583881e-13 -2.0380275e-13
   848 :  7.4361895e-38 -1.6079886e-37  4.2438572e-38
   849 : -4.8600529e-16  1.2916755e-15  6.6564677e-16
   850 :  6.4314790e-14 -1.9183522e-13  4.0351335e-13
   851 :  6.9920907e-16  5.1612907e-15 -6.7358009e-15
   852 : -1.9304376e-27  9.3101165e-27 -3.9424612e-27
   853 :  6.8532519e-06 -7.8694868e-07 -2.2908160e-06
   854 : -1.8802990e-38 -8.7322895e-38  1.9537490e-37
   855 : -5.8487276e-05  1.9390360e-05 -9.8125904e-06
   856 : -2.9709272e-07  1.0385469e-07 -4.7978353e-07
   857 : -3.0797685e-05 -7.9175054e-05  5.8751990e-05
   858 : -3.1878641e-08  6.2375659e-08  9.7257077e-09
   859 : -9.1382093e-27  2.4403121e-26 -4.1603061e-27
   860 :  2.1681425e-10  1.2500220e-08 -8.7856806e-09
   861 :  9.2187405e-09 -8.0587969e-09  8.8066746e-09
   862 :  2.3226781e-09 -4.2592483e-10 -2.4755931e-09
   863 : -2.3716562e-06  3.7905959e-06  4.7733766e-06
   864 :  2.1308055e-06  1.4517027e-05 -2.5027472e-05
   865 : -3.1625822e-03  1.8502190e-03 -1.1417355e-03
   866 : -3.1958051e-02  2.9569178e-04 -9.4025815e-02
   867 :  8.7983911e-05 -8.5569694e-03  1.3723011e-03
   868 :  1.6138462e-11  1.1682757e-10 -1.7323144e-10
   869 :  3.2230896e-11  5.3317449e-11 -3.2578788e-11
   870 :  2.9999570e-12 -9.3275129e-12  2.9573680e-12
   871 :  1.9455400e-05  2.3745372e-05 -6.4936848e-05
   872 : -6.0683111e-05  1.3175305e-05  1.5486755e-05
   873 :  9.9326504e-02  2.8102672e-02 -3.3781381e-02
   874 : -2.2931165e-02  2.5772173e-02  1.0844735e-01
   875 :  2.3314690e-16 -4.4271338e-17 -6.9384802e-17
   876 : -7.5604908e-16 -4.3967002e-17  1.8059182e-15
   877 : -1.1826868e-31  1.6728309e-31 -2.1796006e-31
   878 : -3.9531900e-29  8.9940311e-29 -1.9264873e-29
   879 : -8.9605522e-19 -6.5747807e-21  1.0656252e-18
   880 : -3.3858646e-17  8.8207197e-17 -2.6469899e-17
   881 :  4.8919057e-31 -1.4980961e-31 -1.8719534e-31
   882 : -1.8738504e-29  1.0301947e-29  2.7653137e-29
   883 :  5.7024529e-19 -3.7969074e-19  2.0657723e-19
   884 :  3.5051931e-18 -1.7572148e-17  6.7714128e-18
   885 :  2.3977738e-08 -6.8145244e-09 -3.9099640e-08
   886 : -1.1682364e-08  2.4891653e-09  2.3744140e-09
   887 : -3.6340961e-09  1.3594617e-08  4.6520769e-08
   888 :  2.8070980e-08 -8.1779097e-08  4.4190518e-08
   889 : -2.1121801e-04  2.5504589e-02 -1.0948616e-02
   890 : -7.2639478e-03 -2.9570697e-03 -5.7380628e-03
   891 :  7.4094491e-17 -1.6695424e-16  2.6750110e-16
   892 :  8.3636193e-15 -1.9341370e-14  1.7727389e-15
   893 : -1.0013449e-09  4.7952849e-10 -3.6685358e-10
   894 : -1.5685689e-08  1.5203658e-08  1.6620529e-08
   895 :  6.4336243e-03  7.5184398e-03 -9.4812667e-03
   896 : -5.8208621e-03  1.7426314e-03 -2.5226303e-03
   897 : -4.4615834e-18  6.7295996e-19  2.7699130e-18
   898 :  3.5773708e-17 -3.1600492e-17 -5.2111483e-17
   899 : -1.2330937e-03 -5.9044381e-03 -3.6122534e-03
   900 : -5.4729585e-03 -1.2852003e-03 -2.8891027e-04
   901 : -4.2009704e-11  4.6135664e-11 -5.7050163e-11
   902 : -1.0262060e-09  1.3059428e-09  1.8324219e-10
   903 :  7.2666402e-06 -5.3462414e-05  1.2972912e-05
   904 :  3.0794312e-06 -2.2621271e-06  7.9795015e-06
   905 : -6.9747821e-06 -2.4346176e-05  1.2964856e-05
   906 :  6.1339312e-04 -1.0453371e-03  7.0768947e-04
   907 :  6.1112024e-04 -2.7333799e-04  2.2003679e-04
   908 :  4.1280619e-07 -2.9216955e-07  2.8433584e-07
   909 :  1.3736144e-06 -4.0288354e-06  1.1022538e-06
   910 :  6.2798842e-07 -7.7535077e-07  5.0618928e-06
   911 :  1.8773814e-06 -1.2105956e-06  4.3285810e-07
