Number of elements 912
     0 :  1.9463157e-09  2.9939290e-10 -4.3341438e-09
     1 : -1.4082905e-04  2.9798672e-04  4.4936197e-05
     2 : -2.8366298e-02 -3.9746312e-03 -4.6826152e-02
     3 :  2.4853249e-06  1.0067838e-06 -5.4446369e-06
     4 :  3.7100044e-02  3.9800016e-02  3.6587598e-02
     5 :  3.0084463e-03  8.1284077e-02  7.8407035e-02
     6 :  9.7188683e-17  2.4830885e-16 -4.5450204e-16
     7 :  1.6250110e-04  6.5118587e-05 -1.2541223e-04
     8 :  3.6499859e-04 -4.3940824e-04  3.2716547e-04
     9 : -5.7222173e-15 -6.3219666e-16  1.6580306e-14
    10 :  4.6284032e-04 -2.0505856e-03  1.0412320e-03
    11 :  1.5508858e-17  1.2204393e-17 -9.9112402e-19
    12 :  1.7717201e-02 -8.2142975e-01  9.8493817e-01
    13 :  2.5180652e-03 -5.5133503e-03  8.3635466e-04
    14 : -3.5824071e-07  1.1450702e-06 -1.8527597e-07
    15 :  2.5868498e-03  4.2213708e-02  2.3790010e-02
    16 : -4.3881515e-18 -1.1498342e-18  1.1472823e-17
    17 :  1.8976458e-11  1.2171922e-11 -6.8821933e-11
    18 : -1.2448700e-03  3.0816848e-03 -7.2316723e-04
    19 :  1.3144220e-20  5.0996817e-21  5.1408922e-21
    20 : -3.9775570e-11  3.8118236e-13  9.5720813e-11
    21 :  4.2008493e-02  2.8675307e-02  2.4853720e-02
    22 :  2.1766487e-02  4.5147359e-03 -5.7354440e-03
    23 :  9.3465951e-20 -9.1449052e-19  3.2272626e-20
    24 : -6.3908871e-05  3.3732235e-04 -7.7635100e-05
    25 :  2.5368464e-20 -7.2755703e-20  4.7870220e-21
    26 :  6.3393469e-05  5.4385949e-04  1.6088618e-05
    27 : -3.8749310e-03  6.5831036e-02  5.3170107e-02
    28 :  8.9410265e-03  1.1898593e-02  3.7658538e-03
    29 : -2.3836141e-06 -3.6098799e-05  3.0628729e-06
    30 : -2.9469434e-04  8.4670967e-04 -2.7013602e-03
    31 : -1.5341044e-06  6.2392437e-07  2.6902431e-06
    32 : -1.6623175e-15 -1.0800957e-15  5.4674779e-15
    33 : -6.0843281e-04 -2.2759215e-02 -1.1268521e-02
    34 : -2.1518173e-21  1.1613925e-20 -5.6027426e-21
    35 : -9.2224974e-07 -6.4665686e-07  4.8279210e-06
    36 : -1.5624746e-02 -1.3442318e-02  7.4266160e-04
    37 :  8.0683304e-03 -9.4324714e-03  3.0472465e-02
    38 :  4.2254311e-02  3.5129964e-02  4.6181241e-02
    39 : -1.8054372e-05 -1.8416888e-05 -5.0927509e-05
    40 : -6.5369931e-05  2.1721138e-05 -1.4201159e-04
    41 : -1.7817841e-03  3.5329172e-02 -2.7025493e-02
    42 : -7.2829538e-20 -6.7654806e-21  8.2589636e-20
    43 :  1.6735859e-10 -1.7612104e-10 -1.0451389e-10
    44 :  3.6645010e-02  2.9802264e-02 -5.5174456e-03
    45 : -3.5343517e-08  2.1770772e-08 -3.5387398e-08
    46 :  1.1303353e-07 -4.8306631e-08  5.7566040e-08
    47 :  3.7029951e-15 -3.2419766e-16  2.5953194e-15
    48 :  1.3839996e-17  2.6592661e-17 -1.3114735e-17
    49 :  7.7968299e-04 -3.1796901e-03 -1.9599360e-03
    50 : -2.5665094e-02 -2.2439985e-02  5.0783990e-03
    51 : -1.2176081e-02 -5.4994574e-02 -3.1915539e-02
    52 : -7.2109820e-03  2.1826628e-02 -3.8929380e-03
    53 :  2.2473947e-17 -1.1986830e-17 -5.0356577e-17
    54 :  5.4241046e-03  1.0104593e-02 -2.2176827e-03
    55 :  1.0967080e-02  7.2128288e-03  6.1785873e-04
    56 :  3.7238319e-02  4.7465299e-02  5.8166565e-02
    57 : -6.8002499e-03 -5.0735731e-03  5.5204323e-02
    58 : -5.1769119e-02 -3.6944185e-01  2.1881190e-01
    59 : -4.5258983e-03 -4.7011101e-03 -5.0155769e-04
    60 :  2.4471334e-02  2.7653268e-02  4.0534885e-02
    61 : -3.8043347e-02 -3.4624174e-02 -5.6930961e-02
    62 :  3.6187533e-04  1.4864878e-04 -2.0659676e-04
    63 : -2.1712015e-02 -8.9340762e-03  3.8388552e-02
    64 : -1.8855933e-04  1.5183742e-04  6.9237343e-04
    65 :  6.2070270e-06 -3.4585881e-05  1.8578605e-05
    66 :  1.4722236e-06 -4.0986333e-06  1.8121543e-06
    67 :  3.2480387e-16 -3.5884736e-16 -6.1819242e-16
    68 : -6.3283112e-17  1.5339943e-16 -1.7885993e-17
    69 :  4.1800952e-16 -4.7869136e-16 -6.1263660e-16
    70 :  7.2376299e-08 -5.3366867e-08 -1.6280079e-07
    71 :  4.9423841e-02  2.4884414e-03 -6.3657647e-03
    72 :  2.5274186e-19 -6.8102675e-19  3.8174056e-19
    73 :  1.4438574e-02 -2.6781086e-02 -2.4479464e-02
    74 : -5.2927205e-12 -6.9571059e-12  3.7334590e-12
    75 : -4.8238847e-13  9.8376425e-13 -2.1537640e-13
    76 : -7.3201469e-19  6.0641983e-18 -9.8684620e-19
    77 : -1.8562673e-13  1.8348159e-12 -1.9319951e-13
    78 : -2.0715123e-15  9.8137442e-15 -2.0167801e-15
    79 :  3.5662068e-10 -1.9656829e-10  3.9114989e-10
    80 :  3.3307502e-25  2.3296176e-24 -1.0911152e-24
    81 :  1.3465541e-14  1.4053945e-15 -7.8277614e-15
    82 : -9.8477873e-02 -6.7181879e-01  5.1210006e-01
    83 : -7.8296882e-22  4.0626824e-21 -1.4192142e-21
    84 : -4.9229030e-20  1.4884484e-19 -4.3948375e-20
    85 :  4.6196820e-02  4.5562617e-01 -4.3508285e-01
    86 :  1.7879802e-12 -2.9809156e-12  5.5430321e-12
    87 :  1.5026301e-10 -1.1417658e-10 -1.6389290e-10
    88 : -1.8968661e-05 -1.6324249e-05  1.7688296e-05
    89 : -4.8366099e-02 -1.3231357e-02  8.8876933e-03
    90 :  3.1213735e-18  7.0980564e-18 -4.8273597e-18
    91 :  4.5563440e-02  4.3569531e-02  3.7447620e-02
    92 :  2.6403205e-09 -2.0824861e-07  1.3929685e-07
    93 : -2.3803463e-23  1.4964988e-24  1.4416277e-23
    94 :  1.4287365e-09 -7.1847353e-10 -2.5573651e-10
    95 :  3.7076877e-17 -1.0969909e-17 -5.5095487e-19
    96 :  3.7326713e-07 -2.4050726e-06  3.1372711e-06
    97 : -4.0860356e-07  7.9922966e-07  3.6704252e-08
    98 :  1.0285762e-02 -2.6473511e-02  2.9170320e-03
    99 : -1.3644641e-15 -6.6444182e-15  3.2049873e-15
   100 : -3.0667062e-16 -6.5049108e-16  1.2950090e-15
   101 : -1.3317452e-05  3.8339926e-06  6.5696006e-06
   102 :  8.4738836e-04  5.2672183e-03 -3.2918579e-03
   103 :  9.7387984e-22 -1.4096398e-21 -1.4613720e-21
   104 :  2.7461960e-09  7.3599815e-09 -4.9768680e-09
   105 : -4.1479437e-03  6.1181614e-04  9.0518431e-04
   106 : -1.5104985e-05 -1.5032067e-05 -2.6267572e-05
   107 : -4.5372421e-05  3.9788245e-04 -1.7337787e-04
   108 :  5.2305708e-04  4.2638440e-04 -2.4089470e-03
   109 : -6.6257952e-03 -3.3094810e-03  9.9822888e-03
   110 :  1.3443760e-02 -2.8399816e-02 -6.3897429e-03
   111 :  2.4530916e-04 -1.1557961e-04 -1.0912974e-04
   112 :  2.2835798e-14  8.6608604e-14 -9.4583969e-14
   113 : -1.6588333e-02 -6.2968084e-02 -5.4528373e-02
   114 : -4.4063492e-07  6.7324373e-07  2.5555636e-07
   115 :  1.6123328e-02  4.2096286e-02 -4.9849911e-03
   116 : -4.7375393e-02 -6.2861018e-02 -2.2107243e-02
   117 :  4.4065019e-02  5.2334681e-02  4.3383373e-02
   118 : -8.3198891e-02 -7.2348865e-03 -4.2172031e-02
   119 :  9.2762794e-17  4.4481411e-17 -1.9326162e-16
   120 : -1.9972566e-07  6.0212046e-08 -2.0521335e-08
   121 : -6.5456859e-14  7.9912246e-13 -4.6305153e-13
   122 :  5.7166759e-03  8.1210070e-03  7.7083822e-03
   123 :  3.4191142e-23 -2.4770318e-21  6.7539314e-22
   124 : -9.4549336e-17  8.1231519e-17 -4.7287486e-17
   125 :  4.1867100e-25 -1.1229837e-24  3.0060038e-25
   126 : -5.4456281e-12  5.7580730e-12  2.8435266e-11
   127 :  1.0395167e-12 -5.2884892e-12  2.4020113e-12
   128 : -2.0145107e-02  1.3805371e-02  3.7601307e-02
   129 :  8.0931950e-10  6.5880333e-10 -3.7401765e-09
   130 : -3.6925393e-02 -4.4161848e-02 -8.3672202e-03
   131 :  3.9003233e-02  4.2457822e-03  2.5547098e-02
   132 :  5.9571354e-03  5.1133797e-02  2.1234122e-02
   133 : -3.3057934e-02 -2.6137081e-02 -2.8529447e-03
   134 :  9.4948749e-03 -5.1868601e-03 -4.7268604e-03
   135 :  1.3076432e-03 -6.7096996e-05 -1.5727651e-03
   136 : -7.2211749e-05  2.1578034e-05  7.8453742e-06
   137 :  1.6861559e-03 -1.9327070e-03 -3.7565876e-03
   138 :  5.6839681e-04 -3.8355864e-04  8.5759181e-05
   139 :  2.2033758e-05  4.2746310e-04 -1.8319225e-04
   140 :  1.0380562e-14 -3.5360636e-14  1.0467439e-14
   141 :  1.3308008e-13  1.6773016e-14 -2.1937459e-13
   142 :  4.9188404e-04  7.6081026e-05  6.4986250e-04
   143 :  3.0087966e-17 -1.3283789e-16  8.7679386e-17
   144 : -5.1942101e-05 -5.5999339e-05  3.8159441e-05
   145 : -1.9633116e-06  9.0456364e-06 -3.8252313e-06
   146 : -1.5198386e-08  1.3104369e-08  2.5415290e-08
   147 :  2.2946227e-17  9.3517367e-18 -1.0487406e-17
   148 : -5.9910893e-09 -4.8599125e-09  1.9946138e-08
   149 :  2.1322830e-04 -1.0160599e-02 -1.9358004e-03
   150 : -5.9515150e-06  1.1470818e-05  7.0209321e-06
   151 : -8.1442799e-13 -8.7373490e-13  3.1684406e-12
   152 :  1.0224525e-09 -4.5067323e-10 -2.7963295e-10
   153 :  5.4512044e-02  2.5211479e-02 -4.6610385e-02
   154 : -1.4528250e-23  9.5871461e-24  2.1178235e-23
   155 :  1.0059629e-17  2.7332620e-17 -9.2829963e-18
   156 :  2.1659544e-19 -2.2409588e-18  6.6779470e-19
   157 :  1.8621190e-07 -2.7255405e-07 -2.1681953e-07
   158 : -4.1576140e-05 -3.5767507e-04 -1.1799479e-03
   159 : -5.9669575e-06 -1.4552513e-06  1.2710760e-06
   160 : -1.2438593e-22  6.7582310e-23  2.9615520e-23
   161 : -2.8717078e-21  2.4048357e-21 -2.7492743e-21
   162 : -1.2201260e-02  1.5412360e-03 -9.0770628e-03
   163 :  2.1862507e-02 -9.1078934e-03  9.8700941e-03
   164 : -8.1682543e-12 -1.8813011e-12  1.5505696e-11
   165 : -2.5858278e-06 -3.2622935e-05  8.3370338e-05
   166 : -8.5760984e-18  4.2559521e-18  1.6737080e-17
   167 :  3.4939632e-04 -7.1742671e-05  3.8887796e-04
   168 :  2.6342743e-03  5.2820848e-02  1.0683493e-02
   169 : -9.0115729e-02 -3.0395915e-02 -4.0408664e-02
   170 : -1.7923180e-16  5.1770616e-17  7.4885687e-17
   171 : -6.7827098e-17 -2.7264825e-16  6.2130298e-16
   172 :  7.8263863e-03  3.5123428e-02  2.7808056e-02
   173 : -4.9112580e-03 -1.9937038e-03  2.0814287e-03
   174 : -2.4717309e-04  5.3989118e-04  2.7842538e-04
   175 : -2.3069104e-08 -2.1519726e-10  6.0333130e-09
   176 : -5.0575567e-17  1.2986526e-15 -2.2993097e-15
   177 : -8.2759962e-05  1.9134710e-04  6.7525167e-05
   178 : -8.5229846e-02 -1.0879056e-01 -6.2169056e-03
   179 :  9.2677436e-05  4.6748688e-04 -1.3527846e-05
   180 : -4.6506013e-18  1.6254322e-18  1.1059649e-17
   181 :  6.1044938e-03  3.4401028e-02  5.3322122e-02
   182 : -7.2701491e-10  2.7714355e-10  1.6736908e-10
   183 :  6.0070357e-03  3.8316408e-02 -5.9099791e-03
   184 :  1.9012413e-22  9.1532738e-22 -3.9822838e-22
   185 : -1.8526930e-11 -4.6789426e-12  9.1433080e-12
   186 : -3.4442828e-07  2.8514156e-07 -4.2194081e-07
   187 :  2.8928802e-04 -3.5626762e-04  5.1507841e-04
   188 : -4.7969208e-02 -1.0249180e+00  9.5093166e-01
   189 : -7.6963879e-03  3.6833044e-03  1.0689778e-02
   190 : -3.7267138e-05 -5.7845811e-05  1.1217240e-05
   191 : -1.1412042e-21 -2.1025842e-21 -2.5920335e-21
   192 :  8.3112314e-02  1.9661372e-02  4.0447351e-03
   193 :  4.6428881e-03 -8.0369881e-03 -1.3941712e-02
   194 :  1.7333392e-02  3.1313649e-01 -2.5181993e-01
   195 : -6.8327335e-08 -4.7849777e-08  4.6858817e-08
   196 :  1.1824607e-18  9.3785506e-19 -5.3549921e-18
   197 :  3.2620490e-18 -5.2751920e-18 -3.9486564e-19
   198 : -1.3513245e-06  4.6993128e-07  1.2774132e-06
   199 : -6.4112244e-02  5.4751410e-02 -4.7043171e-02
   200 :  1.8910365e-16 -4.6966481e-16  1.6315945e-16
   201 :  8.5286368e-02  4.3202671e-02  2.7679501e-02
   202 :  1.2446983e-06 -5.4399689e-07 -5.8044703e-07
   203 :  9.2640989e-20  2.4880661e-19 -9.0784343e-20
   204 : -2.9042580e-08  9.6061719e-08 -1.3610247e-07
   205 : -9.5497677e-03 -2.2210241e-02  3.4563989e-02
   206 : -8.4483735e-19  2.5121085e-19  1.4344012e-19
   207 :  2.4057005e-17 -1.4014307e-17  1.1552041e-17
   208 : -5.6988297e-13  1.9518917e-12 -1.0028620e-12
   209 : -4.5557940e-02  1.0219867e-01  5.4982959e-02
   210 :  1.2523162e-07 -2.4145467e-07 -1.2209791e-07
   211 :  4.9776279e-20  1.5376567e-19 -5.1842871e-19
   212 :  7.5588898e-04 -2.8597462e-03  8.6593092e-04
   213 :  2.6080154e-17  6.5516850e-17 -1.3570777e-16
   214 : -1.8753824e-03 -5.8734190e-04 -9.5017860e-03
   215 : -9.1524284e-02 -5.7046862e-04  1.9828857e-02
   216 :  7.6851380e-04 -8.9679047e-04 -3.9159679e-04
   217 : -1.4592964e-24  8.0565404e-23 -3.1994768e-23
   218 : -7.6575594e-14  2.0786743e-13 -7.6473604e-14
   219 : -1.1554483e-02  1.3697553e-02  3.7597446e-02
   220 :  2.9421381e-11  1.4574309e-11 -3.7720449e-11
   221 : -5.0819299e-16  4.6841083e-16  6.5508951e-16
   222 : -6.3966841e-02 -3.7646335e-02 -5.6370600e-02
   223 : -1.6307110e-02 -3.2013540e-02 -5.5298617e-03
   224 :  6.2002702e-06 -9.2789102e-06 -5.5544014e-06
   225 : -1.9050004e-11 -7.6684686e-11  1.0396317e-10
   226 :  5.9675231e-15 -1.7336886e-15 -1.3788696e-15
   227 : -9.0090596e-08  1.4589483e-08  2.6841442e-08
   228 :  8.3315534e-06 -8.5710899e-06 -2.5274686e-06
   229 : -2.2550486e-09  3.1361337e-09 -5.5529053e-10
   230 : -5.1854645e-16 -5.2524201e-16  3.1762692e-16
   231 :  1.8469236e-16 -5.3298186e-16  3.6887615e-17
   232 :  1.3921414e-23  9.6339199e-24 -1.0253279e-23
   233 : -1.9899442e-15  3.5270945e-15  8.4722326e-16
   234 :  2.6649548e-02 -4.5145467e-02 -1.9972473e-03
   235 :  8.3785419e-02  9.4478105e-02 -9.8087042e-02
   236 :  2.9939702e-14 -8.1459628e-14 -6.7080226e-15
   237 : -2.5635063e-13  2.9367262e-12 -7.3560570e-12
   238 :  4.5285046e-21  5.6090698e-22 -2.1132036e-21
   239 : -2.3504207e-15  1.3157906e-15 -2.8300374e-16
   240 :  1.6491362e-20 -1.7777327e-18  1.0193214e-18
   241 :  2.0525124e-02  1.6570859e-02 -5.1561565e-03
   242 : -1.0939501e-02 -1.0178592e-02  3.5500396e-02
   243 : -2.7050806e-02 -1.6852640e-02 -1.8758520e-02
   244 :  1.2576386e-02  2.6868571e-02 -1.7846625e-04
   245 :  1.3873340e-14 -6.5177961e-15 -8.4238115e-15
   246 :  3.6690962e-03  4.3345918e-04 -1.0789480e-03
   247 : -4.6152602e-02  7.8737875e-03 -4.2766173e-02
   248 : -5.2996279e-23  7.7351338e-23  6.0718323e-23
   249 :  5.1703061e-11  3.4415660e-11 -1.8221981e-10
   250 : -1.6942612e-04 -2.3754855e-03 -5.1324196e-03
   251 :  9.6386788e-06 -2.3846012e-05 -1.4637672e-05
   252 :  3.4114578e-15 -1.2687814e-15 -1.2693781e-15
   253 : -2.1294588e-19  2.5624671e-19 -3.1771468e-19
   254 :  1.0542250e-02 -2.5429573e-02 -2.3179195e-02
   255 : -2.6801234e-07  2.8836128e-08  7.0274352e-08
   256 : -4.7490771e-03 -4.5337584e-03  2.2969422e-03
   257 : -1.4611827e-02 -3.7310912e-03 -2.5771231e-02
   258 :  5.7614464e-08  7.7725558e-09  9.9337235e-09
   259 : -3.2200590e-13 -3.2140709e-13  4.5560494e-13
   260 : -2.9693085e-04 -3.9898258e-03 -2.0224743e-03
   261 :  1.3925059e-07 -1.6219798e-07  1.1738908e-06
   262 :  2.7884566e-15 -4.0183269e-14  6.6486354e-14
   263 :  3.1166271e-16 -4.3496344e-16 -5.5684585e-16
   264 : -4.7476123e-07  2.3557484e-07 -4.9447122e-07
   265 :  7.3577086e-03 -7.3690988e-03  1.3156454e-02
   266 :  5.7584156e-10  5.0294298e-10 -2.8249638e-10
   267 : -2.5511854e-09  5.3354589e-09 -1.5869638e-09
   268 :  3.0495621e-18  1.0657160e-17 -2.5143228e-17
   269 : -4.2015339e-02  1.6775923e-02 -2.4263481e-02
   270 : -9.4556645e-09  1.4435344e-08  1.1712562e-08
   271 :  2.0595477e-02 -8.8921343e-03  2.6105568e-02
   272 :  5.5268017e-09 -1.6491590e-09  4.3897773e-11
   273 : -2.5604731e-16 -3.7903922e-17  5.8363556e-16
   274 : -3.1134914e-03 -3.3986889e-03  1.2270029e-02
   275 : -1.9000826e-14 -8.9444596e-14  3.1222529e-13
   276 :  8.4015004e-03  3.8264497e-03  3.0667664e-02
   277 : -1.7568764e-15  1.0026057e-15  2.2740204e-15
   278 :  6.3023771e-04  4.3449503e-04 -3.0517478e-03
   279 : -5.7438868e-07  9.6852149e-07 -2.3985000e-08
   280 :  3.0437467e-02  2.4994718e-02  1.8030857e-02
   281 : -2.6949822e-07 -5.3704376e-07 -2.7265414e-07
   282 : -1.2867428e-09  7.5985069e-10 -5.4332798e-10
   283 : -4.3411939e-13  8.5090806e-13 -1.3336730e-13
   284 : -1.4712665e-14  6.2336248e-15 -3.1385936e-14
   285 :  5.0657534e-03 -2.7079278e-02 -5.2560862e-02
   286 :  1.1372409e-03 -4.7838054e-03 -5.8537239e-03
   287 :  4.0546716e-04  5.6066723e-04 -2.3108430e-05
   288 :  4.4045051e-02  3.9877020e-02  3.6327624e-02
   289 : -3.3603248e-05  2.4587668e-05 -7.0345807e-05
   290 : -1.1471078e-02 -1.2389052e-02 -3.1484308e-02
   291 :  5.4253094e-07  4.4819224e-07 -3.0020864e-07
   292 : -3.0005990e-02 -2.4970947e-02 -2.3023721e-02
   293 :  1.0418462e-12 -8.2038657e-13 -1.5281000e-12
   294 :  9.6497593e-04 -8.3836630e-05 -4.0723273e-03
   295 : -2.1391421e-19 -4.3562207e-19  2.0343549e-19
   296 :  3.3864617e-02  3.5614627e-02 -5.1986300e-03
   297 :  6.0869107e-06 -1.8064905e-05  8.2691314e-06
   298 : -1.1379123e-07  9.2297823e-06 -4.8163414e-06
   299 : -5.1408234e-21 -5.9079213e-21  1.8890312e-20
   300 :  4.8169685e-02  3.5514209e-02  1.1194581e-02
   301 :  3.6427427e-06 -9.9867929e-07  2.6258357e-07
   302 : -1.7755284e-03  5.0994055e-03 -3.2514622e-03
   303 :  2.2219519e-04 -3.0670265e-04  1.7167681e-04
   304 :  6.9786232e-04  1.3839403e-04 -1.9430056e-04
   305 : -1.5174013e-07  7.4786681e-08  3.0621236e-08
   306 : -2.3294723e-02 -2.5272180e-02 -3.7967254e-03
   307 :  3.9201626e-04  4.7496321e-04 -9.6795835e-04
   308 : -1.8929254e-07  8.9373001e-08  1.7797769e-07
   309 :  2.4307678e-20 -1.6213838e-19  7.7916009e-20
   310 : -1.8660621e-06 -3.3278848e-05  1.6835241e-05
   311 :  1.6831783e-03 -1.6193604e-03 -5.2218523e-03
   312 : -1.0374923e-18  3.4155164e-19 -5.9687636e-18
   313 :  2.9676863e-12 -9.8304040e-12  3.1726162e-12
   314 : -6.3175742e-22  5.1759617e-21 -1.4048853e-20
   315 :  2.1806551e-15  5.1402691e-15 -7.0748017e-17
   316 : -3.2488453e-02 -1.0970517e-02  2.4759623e-03
   317 : -2.0502954e-20 -9.4802586e-21  5.1898858e-20
   318 :  5.0512807e-03  1.3463021e-04  7.3127350e-03
   319 : -1.1438488e-02  3.8356385e-02  3.3208258e-02
   320 : -1.9118393e-01  7.6086403e-03 -9.2207030e-03
   321 :  7.7896809e-03 -8.4471706e-03 -1.9519687e-02
   322 :  8.5485179e-21 -2.0934417e-20  2.3685455e-21
   323 :  8.4028547e-22 -3.4276402e-21  8.1629863e-22
   324 : -1.5043896e-14 -8.4269251e-15 -5.0716019e-15
   325 : -5.3050189e-12  1.8966672e-12 -5.9075879e-12
   326 : -9.5512842e-02  5.4808733e-03  3.7442800e-03
   327 : -1.0445699e-01 -3.3836165e-01  1.2074393e-01
   328 :  1.7372766e-02 -3.8786546e-03 -4.8924984e-03
   329 :  2.8662310e-15 -9.0532959e-14  4.0015281e-14
   330 :  5.8112629e-22 -1.2242602e-22 -1.1037746e-21
   331 : -1.6185036e-08  1.9401106e-08  4.6340192e-08
   332 : -1.2463650e-03 -1.0853943e-03  9.8751182e-04
   333 : -1.3755634e-12  2.2088345e-13 -3.9747595e-13
   334 :  2.0991825e-02  3.7360514e-02  4.9015960e-02
   335 : -3.2696016e-04 -4.8879044e-04 -9.8451160e-04
   336 :  4.2820022e-03 -7.6539292e-03 -9.0514121e-03
   337 : -5.4587371e-19  3.1604795e-18 -2.6051618e-18
   338 :  4.5654036e-03 -3.0269887e-03 -4.3441093e-03
   339 :  7.3226973e-15 -2.4876004e-14  4.4825738e-14
   340 :  1.0990978e-02  5.1524891e-03  6.7394648e-03
   341 : -5.6183618e-19  3.0064356e-19  6.5748699e-20
   342 : -9.7058214e-16  1.3096126e-15  9.6671139e-16
   343 :  1.5912639e-06 -1.2167509e-06 -1.3473980e-07
   344 : -1.0782407e-03 -9.9590560e-03  4.1661149e-03
   345 : -1.3895917e-02 -4.3497538e-02 -6.4747767e-02
   346 :  8.0939460e-15  4.5438181e-15 -1.9532687e-15
   347 :  2.5222278e-02 -9.0499643e-03  2.9374131e-02
   348 :  1.7145595e-06  2.7913947e-07 -6.5261789e-07
   349 : -1.4966857e-07  1.1054740e-07 -6.0004255e-08
   350 :  3.4126703e-02  2.4039868e-02  3.4477834e-02
   351 : -9.1843249e-12 -1.0270621e-11  8.6584167e-12
   352 :  4.1493831e-02 -8.1088309e-03  1.2553918e-02
   353 :  9.0817551e-04 -1.0305598e-03  4.3820539e-04
   354 :  2.4402895e-02  6.1250217e-03  4.6178420e-03
   355 :  1.0388624e-02 -4.6673769e-03  4.2762408e-03
   356 : -1.4521965e-18 -2.1919905e-18  5.2392176e-18
   357 :  9.6351017e-02  9.7268530e-02 -5.5314693e-02
   358 :  4.8867072e-08 -2.6990701e-08 -7.1807937e-08
   359 :  2.2012522e-25 -6.9536184e-25  4.3410856e-25
   360 :  3.8433623e-02  1.3897001e-02  2.8288616e-02
   361 : -1.4254837e-10 -6.4627588e-11  4.7126987e-11
   362 :  1.1580716e-07 -2.2504883e-07  3.2628635e-07
   363 : -6.5979803e-09  2.3233775e-10  3.0755268e-09
   364 :  6.4962841e-12  1.5198194e-09 -4.0346088e-10
   365 : -4.4734091e-06  2.9039196e-07  9.1853807e-07
   366 :  7.5382099e-18 -6.8355886e-17  4.3487908e-17
   367 :  5.1901088e-06  1.0207740e-05 -4.4411884e-05
   368 :  2.7342947e-03  6.5941010e-03  4.4688171e-03
   369 :  2.0548264e-07  1.4458607e-08 -1.1165533e-06
   370 : -8.5979679e-09  1.3095139e-08  1.4072277e-08
   371 : -2.5600982e-18  8.2497029e-18 -1.5177587e-17
   372 : -2.1400149e-06  4.4331869e-06 -5.7385381e-07
   373 :  4.8644797e-04  2.8235576e-04 -6.7045870e-04
   374 :  1.8816689e-02 -3.4879044e-02 -4.0228073e-02
   375 :  1.8279034e-12  3.0155428e-12 -2.0435157e-12
   376 :  4.3397823e-19  6.4170933e-19 -1.6306828e-18
   377 :  8.3133648e-06  6.2516108e-06 -9.9655695e-07
   378 :  3.0431656e-08 -1.3668482e-07  6.1966364e-08
   379 : -1.6175001e-22  4.0338616e-22 -1.4475626e-22
   380 : -2.0086384e-02  3.8543459e-03 -4.4104576e-03
   381 : -1.3273149e-08  2.5465577e-08 -4.8441334e-09
   382 : -1.0866699e-11 -2.5942668e-13  2.1302976e-11
   383 :  1.5361341e-02 -1.4926962e-02  4.7494845e-02
   384 :  4.0849467e-12 -3.8755910e-11  2.0032827e-11
   385 :  1.3902567e-03 -2.7201947e-03  3.0237926e-04
   386 : -3.1071656e-02  4.0024597e-03 -7.4813439e-03
   387 : -3.6787565e-13  8.4730867e-14  5.7465253e-13
   388 :  4.4471628e-02  4.4189997e-02  1.3659571e-04
   389 :  1.0254932e-09 -1.1075882e-09 -1.2624176e-09
   390 : -1.0143028e-03  5.6289401e-03  5.2931328e-03
   391 :  2.4758259e-08 -3.4940261e-09 -5.3463008e-09
   392 :  1.5508153e-02  3.6584200e-02  3.7467419e-02
   393 :  3.4200745e-02  2.3745903e-03 -1.0099486e-02
   394 : -9.0246757e-11  1.8173477e-10  1.1453990e-10
   395 :  2.5950625e-06  2.0866713e-06 -2.8370508e-06
   396 :  3.0117904e-22 -7.3618048e-22  1.5735218e-21
   397 :  3.4623798e-02 -2.7541245e-03  3.9523829e-02
   398 :  2.3303037e-04  5.6943532e-04 -2.5809846e-04
   399 : -2.3757313e-02 -3.7959030e-02  2.4574881e-02
   400 :  2.4528374e-05 -1.1440666e-04  1.7681657e-04
   401 :  5.8493262e-04 -2.8478646e-03 -2.6556721e-03
   402 :  9.6542370e-10 -2.4542246e-10 -2.0186447e-10
   403 :  2.2294358e-09 -6.2664519e-09 -7.5821661e-10
   404 :  7.8900451e-18  3.5301898e-18 -2.9611755e-17
   405 : -2.5225151e-05  5.8795377e-06  1.3995649e-05
   406 :  3.9053878e-02  2.2721017e-02  1.3872341e-02
   407 :  1.5495583e-02  3.6061876e-02  2.8416101e-02
   408 : -3.8813790e-02  9.7641245e-03  3.0133513e-02
   409 :  7.1314094e-06 -8.9302073e-05  1.6342784e-05
   410 : -1.5712134e-02 -3.0850124e-02 -1.3426293e-02
   411 : -6.6354386e-06  2.0210321e-05 -4.3498530e-05
   412 : -3.6886918e-04 -5.7651516e-04 -2.8039226e-04
   413 : -1.6165525e-19  1.1222241e-19  1.1171990e-19
   414 : -3.4057778e-03 -4.2711072e-02 -1.1606403e-02
   415 : -1.1692408e-04 -8.4035077e-06  2.0666936e-04
   416 : -9.7253455e-14  3.4499256e-14  1.0357047e-14
   417 :  3.7257018e-02  2.4350776e-02  4.3600886e-02
   418 : -1.5304580e-02 -2.8239685e-02 -3.0711031e-02
   419 : -9.6579415e-18  3.0972699e-17 -1.1316275e-17
   420 : -1.9388707e-16  6.4472539e-16 -2.4112968e-16
   421 : -1.5890100e-15  5.8314310e-14 -6.6988734e-14
   422 : -4.1065460e-07  7.1841244e-08 -8.3573759e-07
   423 : -8.9432036e-05  3.7389526e-04 -7.4302188e-05
   424 :  1.9038686e-10 -1.1933120e-10 -2.7365849e-11
   425 :  2.1448353e-13 -7.4224272e-13  2.7944121e-13
   426 :  5.6049582e-09  4.2737823e-09 -3.4181369e-09
   427 : -4.9975058e-09 -3.1212753e-09  1.4118216e-08
   428 : -1.8365758e-10  5.0802299e-10  2.5680841e-10
   429 :  6.4570639e-04  6.5454032e-04  1.0393180e-04
   430 :  3.9314783e-03 -4.4856106e-03  1.8135628e-02
   431 :  1.6696182e-05 -2.0707709e-05 -1.4872702e-06
   432 : -8.9468981e-07 -3.7975280e-07 -1.4360665e-07
   433 : -3.0039554e-19  4.2536808e-19  1.9024861e-19
   434 : -6.6855266e-02 -6.0678522e-03 -3.7345304e-02
   435 :  1.0210443e-04 -4.9737195e-05  1.1320640e-05
   436 :  4.3319527e-12  1.4585063e-11 -2.5200575e-11
   437 :  7.8282585e-02 -2.4200902e-02  6.9430818e-02
   438 :  2.0830049e-02 -6.5224995e-03  1.2859385e-02
   439 :  2.8355891e-02  2.9591098e-02  1.9371824e-02
   440 :  9.8194646e-15 -3.9743251e-14  1.3307277e-14
   441 :  2.0939316e-20  1.6443328e-20 -2.7869582e-20
   442 :  2.9002836e-02  3.5954019e-02  1.8240022e-02
   443 : -3.0594265e-06  7.6841063e-06  1.8124572e-06
   444 :  3.6276364e-02  3.5900116e-02  2.7989292e-02
   445 :  2.4110089e-07 -1.3786214e-07 -8.9622568e-08
   446 :  2.8670898e-02  1.7047421e-02 -3.7986722e-02
   447 : -2.4492883e-09  8.2875831e-09  1.5414084e-08
   448 :  4.3076141e-04 -2.0005518e-03  2.7469655e-04
   449 : -7.1745590e-19  4.7947573e-19  1.2071621e-18
   450 : -2.9862857e-21  3.1633704e-20 -1.4630246e-20
   451 : -1.9678765e-02 -4.5242922e-02 -6.8747851e-02
   452 :  7.6743815e-03 -7.3494341e-03 -3.0858512e-03
   453 :  1.9056768e-02 -7.5792534e-03 -2.6064635e-02
   454 :  3.6784431e-02  2.4921515e-02  2.9230951e-02
   455 : -2.6004728e-09  4.5663481e-10  3.1561855e-10
   456 :  4.9747567e-04 -5.9526561e-05  3.8763941e-04
   457 : -1.8921139e-20  1.3453000e-20  3.3157056e-20
   458 : -6.8317482e-10 -1.4190194e-08  9.3957723e-09
   459 : -2.1549898e-04 -6.3171311e-05  5.5629355e-04
   460 :  6.1544554e-04 -2.6916084e-03 -7.3865703e-04
   461 : -1.4348161e-08  3.2166125e-08  3.2922354e-08
   462 :  2.8398621e-06 -6.2599681e-06  3.6676592e-06
   463 : -4.0516270e-15  1.1396554e-14  2.7646821e-15
   464 :  1.7072702e-02  5.5416445e-02 -4.6588870e-03
   465 :  2.0336782e-04 -7.6560626e-05 -6.3665925e-05
   466 :  2.0201409e-02  3.1864790e-02  3.1405314e-02
   467 :  7.8222054e-15 -2.3818458e-15 -7.6823116e-15
   468 :  2.5880649e-13  1.1322668e-12 -4.3345872e-13
   469 : -3.5360934e-22  8.1627338e-22  2.6761425e-22
   470 : -4.9829363e-20  5.0212176e-20 -4.0993677e-21
   471 :  2.1264564e-11  1.1292092e-11 -2.4880847e-11
   472 :  1.6926759e-14  2.0185619e-14 -7.6344413e-14
   473 : -2.3611893e-03  3.5744449e-04  3.7656351e-03
   474 :  2.4311298e-17  1.0941629e-17 -1.5137040e-19
   475 :  8.9869149e-11  3.7484044e-11 -3.3855698e-11
   476 : -6.5963380e-12 -1.4704475e-10  4.8102945e-11
   477 :  5.5588951e-22  3.4142057e-22 -2.2017941e-21
   478 :  7.1069509e-04 -3.6152780e-04 -3.0680807e-04
   479 :  7.5274577e-23 -1.8915677e-22  3.4598392e-23
   480 : -3.5642299e-02 -3.2893507e-02 -5.6958474e-02
   481 :  2.2475984e-10 -8.9803368e-10  1.7561224e-09
   482 :  2.2954271e-16 -2.1156856e-15  7.9431144e-16
   483 :  9.1198363e-03  1.7878035e-03 -1.2806248e-02
   484 :  5.2147701e-04 -8.6552192e-05 -7.8192747e-05
   485 : -2.5786890e-04  2.3016780e-04  4.9003660e-04
   486 :  2.0284367e-03 -1.8766370e-02  3.0915170e-03
   487 :  1.3666652e-03  1.0085101e-03 -3.1984067e-03
   488 : -2.7896720e-02 -2.1285149e-02 -1.5686266e-02
   489 :  5.2336925e-17  3.3992050e-17 -1.5354829e-16
   490 :  5.7327429e-15  3.1049053e-17 -2.3854318e-15
   491 :  1.2459657e-15  3.2112444e-15 -2.0790630e-15
   492 : -5.9974702e-03  2.1104379e-03 -6.0133239e-03
   493 :  6.1180668e-03 -8.2962143e-03 -1.0125732e-03
   494 :  5.8355451e-03  1.5432781e-03  1.2726803e-02
   495 : -1.6268627e-07  3.3477526e-06  5.7430170e-06
   496 : -7.6998174e-13  2.6174791e-12 -8.0117998e-13
   497 : -8.8657493e-20 -3.9411370e-19  2.4405632e-19
   498 :  5.6545662e-18 -7.9971300e-18  1.4769259e-17
   499 : -6.2708018e-02 -1.5000382e-02 -2.7353523e-02
   500 : -2.8625436e-20  3.4046913e-20  4.2627373e-20
   501 :  7.5263093e-22 -4.2298777e-21  1.1774687e-21
   502 : -7.2398477e-03  2.3051115e-02 -6.2128809e-03
   503 :  4.7099126e-03  5.2841869e-03  4.6623322e-03
   504 : -3.9741939e-05  9.5846719e-05 -5.1634436e-05
   505 : -6.8430588e-02 -2.6468240e-02 -6.0457510e-03
   506 : -1.0953854e-14  2.8496658e-14  9.1099034e-15
   507 :  7.9492883e-13  4.6536591e-13 -2.1261873e-12
   508 : -2.3488134e-13 -9.2816423e-14  2.0535389e-14
   509 : -2.9400484e-04 -1.1305527e-03 -2.8006348e-03
   510 :  8.3567704e-13 -5.2909542e-13  3.2815157e-12
   511 :  1.1838656e-08 -9.6230200e-10 -1.1391676e-09
   512 : -6.3222085e-10 -2.4588595e-09 -2.4644173e-10
   513 :  8.3995524e-06  1.7273113e-05 -2.4828676e-05
   514 : -3.2962617e-06 -6.0414832e-05 -5.9077811e-05
   515 :  4.1391620e-02  4.8524154e-02  1.8047939e-02
   516 :  3.8359335e-13  1.1869359e-12 -7.6732664e-13
   517 :  2.3840183e-03  4.3114528e-02 -1.6950768e-02
   518 : -6.0288101e-05  4.7187686e-06  4.3898366e-05
   519 :  1.0960529e-07 -8.9315793e-08 -2.0348234e-07
   520 :  1.7668410e-07 -7.8591075e-07  4.5110842e-06
   521 :  3.9430921e-02  1.8693162e-02  2.1756384e-02
   522 :  3.2253134e-03 -2.4473876e-03 -9.2034847e-03
   523 : -2.8502303e-02 -1.1859836e-01  1.4337079e-01
   524 :  5.5086039e-06 -5.0942703e-05  1.0176097e-06
   525 : -4.4301585e-05  8.7310760e-06 -5.8456323e-05
   526 : -1.8871312e-09 -5.4935179e-10  1.7854811e-09
   527 :  2.1873087e-17  7.2946188e-17 -1.6539514e-16
   528 : -1.0625299e-02  3.1962734e-02 -8.4704489e-03
   529 :  8.5683392e-04 -4.1837861e-03 -4.8430242e-03
   530 :  7.9731468e-03 -1.8420762e-02  7.4434564e-04
   531 :  6.1910744e-04  8.6574384e-03 -4.9406235e-03
   532 : -1.0206673e-08  3.2248412e-08  6.1704083e-09
   533 : -1.0346151e-23  3.1977761e-24  2.6102050e-24
   534 :  2.2580908e-24  7.9327071e-24 -1.9139693e-23
   535 : -1.9441669e-16 -1.5266985e-17 -1.9197138e-16
   536 :  2.5241414e-02  2.9717634e-02  3.3798242e-02
   537 :  4.7132376e-03  4.5633104e-03  3.0514145e-04
   538 :  9.1817485e-04 -1.3842185e-05  3.9002400e-04
   539 :  1.5798447e-16 -6.0569187e-16  2.5530432e-16
   540 :  2.3503547e-15 -1.4130138e-14  8.4228931e-15
   541 : -2.0767811e-14 -4.4936489e-13  3.9868993e-13
   542 :  1.5508452e-06  6.3648440e-06 -1.3070880e-06
   543 :  6.1822673e-18  1.2134839e-17 -5.2414065e-18
   544 :  5.1261284e-06 -2.9759638e-06  1.8487574e-06
   545 :  2.0051542e-11 -8.5434516e-12 -4.3014216e-11
   546 : -1.6326735e-02 -1.5052417e-02  2.1820401e-03
   547 : -2.5260775e-15  5.9457289e-15 -7.7233679e-16
   548 :  2.9374990e-02  3.4529589e-02  2.3965941e-02
   549 : -9.5704192e-13 -5.1977140e-13  1.8396002e-12
   550 : -2.2310152e-03 -3.1368797e-03  2.9206029e-05
   551 :  2.4152298e-02  9.8416314e-03  1.5427475e-03
   552 :  1.3006118e-02  1.2328085e-02  7.2169158e-03
   553 :  7.5231625e-05 -1.7236865e-03 -5.3167188e-03
   554 :  3.0139164e-12 -1.4775542e-11  4.7621682e-12
   555 : -7.8899766e-07  4.3208392e-06  1.7061117e-06
   556 :  4.4603200e-13  5.3078067e-13 -4.7180349e-13
   557 :  5.7073222e-02  3.8347699e-02  2.5849893e-02
   558 :  1.6547107e-03 -3.6318407e-03 -2.5959599e-03
   559 :  1.7201280e-02  2.8553601e-03  1.7186957e-02
   560 : -2.2352520e-03 -3.6440737e-03 -3.8514175e-04
   561 :  7.9927454e-03  3.4789958e-02  9.1758198e-03
   562 : -3.1003861e-09  1.6364575e-08 -5.2146226e-09
   563 :  3.8208566e-20 -2.0778149e-20  3.3653530e-20
   564 :  1.8431070e-03  1.0708417e-02 -4.6181510e-03
   565 : -3.4499980e-02 -5.9489152e-03 -3.3803094e-02
   566 :  4.5001318e-15 -4.2547028e-14  2.1133637e-14
   567 : -1.1994759e-06  3.0698378e-06 -6.6832603e-07
   568 : -1.6981102e-03 -4.3162759e-02  3.6273628e-02
   569 : -3.9276865e-03  8.8990719e-03  2.0117567e-02
   570 :  1.1898784e-11 -2.6817151e-11 -9.0299265e-12
   571 : -3.7429678e-08 -9.7551897e-07 -8.1115460e-08
   572 : -2.3500118e-21 -4.6225172e-21  1.9019361e-21
   573 : -4.3966088e-04 -4.8485464e-04 -1.4399866e-03
   574 : -8.8127212e-04  1.1940914e-03 -1.9946204e-03
   575 :  2.8288464e-02  1.0243393e-02  2.8890433e-02
   576 : -7.5967267e-05  2.4516246e-04  2.5865848e-04
   577 :  2.9812550e-02  4.4865514e-02  3.3728569e-02
   578 : -7.1837757e-23  1.7142505e-22 -6.9196192e-23
   579 : -2.3294089e-02 -2.3462797e-02 -2.2333459e-02
   580 :  3.9213856e-02  3.4698913e-02  6.7309308e-03
   581 : -4.9685414e-12  1.1632239e-11  1.2871343e-11
   582 : -1.1049397e-22 -1.3457326e-21  5.3825787e-22
   583 : -7.3819633e-11  8.0712221e-11  1.2531838e-10
   584 : -2.6810540e-19  4.7074123e-19  1.3382769e-20
   585 :  1.0868687e-02  1.4528806e-02  3.7524348e-02
   586 : -7.7478813e-15  2.5230927e-14 -7.2709294e-15
   587 :  1.9870135e-10 -6.6726084e-10  3.6694471e-10
   588 : -1.0171874e-15 -6.6083630e-14  1.4915571e-14
   589 :  5.4681718e-02  2.2643270e-02 -1.9612912e-03
   590 :  7.1019696e-03  3.0558418e-03  3.3851640e-02
   591 : -2.4485613e-21  3.4614443e-21  1.8754279e-21
   592 : -1.7229909e-13 -3.8856599e-13  9.8373569e-13
   593 :  2.1015805e-08  1.1727216e-08  1.7850656e-08
   594 : -2.1116698e-09 -2.1473323e-09  1.0410042e-09
   595 :  4.3944587e-04  1.7293518e-04 -5.6673202e-04
   596 :  4.6784359e-04 -4.4319549e-04  1.1249844e-03
   597 :  7.6743283e-08  1.8081874e-07 -5.2546726e-07
   598 : -2.0849283e-09 -6.9318690e-11  4.0650458e-10
   599 :  4.5837764e-02 -8.8880905e-02 -7.7592573e-02
   600 :  5.0209148e-05 -7.9146363e-05 -8.9350057e-05
   601 :  1.2855034e-02 -4.0266902e-02 -3.4179083e-02
   602 :  6.2306458e-15  4.2128315e-15  1.8748407e-16
   603 :  2.1803719e-17  1.1051263e-16 -3.8269104e-17
   604 : -9.8187613e-11  1.0174780e-10 -1.1000990e-10
   605 : -1.5546541e-08  7.3821570e-08  1.1233802e-08
   606 : -4.5445976e-03 -1.0945626e-02 -9.8143299e-04
   607 :  7.7786523e-06 -1.3833484e-06 -5.7103328e-06
   608 : -5.5222427e-14 -6.8471196e-14  5.2588273e-14
   609 :  2.2168562e-11 -1.3670693e-10  3.9259990e-11
   610 : -5.9255390e-17 -1.7508931e-16  4.1675264e-16
   611 :  5.0149416e-03 -1.8561696e-02 -1.8509904e-02
   612 :  9.6969745e-06 -1.6147838e-05  6.2075812e-06
   613 :  1.2031407e-07 -1.2490361e-07 -3.0267689e-07
   614 :  8.6180302e-03  5.1384306e-02  1.4482333e-01
   615 : -4.6116089e-06  1.0187768e-06  8.7239483e-06
   616 : -4.1771861e-19  9.6683248e-19  3.6152086e-19
   617 :  8.0446346e-07 -1.2274283e-07 -4.0699260e-07
   618 : -1.3573903e-09 -1.1536317e-09  1.2141533e-09
   619 : -1.8168638e-14  7.0712338e-15  3.4627089e-14
   620 :  1.1924203e-08 -6.9769915e-09 -8.3187538e-09
   621 : -2.2105860e-06  8.5945953e-06  1.0227486e-05
   622 : -9.2165522e-04 -1.4438461e-02 -4.9386971e-02
   623 :  1.2032661e-03 -1.6974058e-03 -3.8666402e-03
   624 :  3.4803196e-06 -1.8744592e-05  7.1525933e-06
   625 :  4.2153843e-07  3.6914665e-06 -1.9008831e-06
   626 : -1.2459253e-22  5.1761495e-22 -1.8363997e-22
   627 : -6.1863020e-17  2.2400450e-15 -2.1507211e-15
   628 : -5.4058419e-10 -8.7070708e-10  6.5404595e-10
   629 : -6.8521499e-03  1.7365945e-02  2.0248656e-02
   630 : -2.1915652e-02  1.5315314e-02 -8.3714184e-03
   631 :  5.7028322e-08 -3.2774499e-07  1.3787850e-08
   632 : -7.3895132e-18  1.4817258e-17  2.9199756e-18
   633 :  6.5562426e-04 -3.5910633e-03 -2.7615772e-03
   634 : -3.4919193e-05 -2.5359093e-05  1.1771424e-04
   635 :  4.0731011e-02  1.3183978e-02  1.2523517e-02
   636 :  2.7441077e-03  3.7417441e-03  5.6253673e-03
   637 : -1.8382349e-02  3.8713864e-02  4.1926241e-03
   638 : -3.4837800e-02 -3.9668159e-02 -2.3954464e-02
   639 :  3.6865073e-02  3.9495625e-02  2.0130363e-02
   640 :  7.2853408e-03 -1.3122548e-02  2.7515590e-04
   641 :  3.0530070e-14 -6.6201812e-14 -1.8791800e-14
   642 :  2.4555828e-03 -3.0446439e-03 -5.0502019e-03
   643 :  4.0490147e-02  2.5621780e-02  2.1279615e-02
   644 : -1.4282117e-02 -1.8546012e-02  6.7844538e-02
   645 : -1.4987311e-04  3.4637019e-04  1.4243181e-04
   646 :  2.0452123e-06  1.1966355e-06  1.0400047e-06
   647 :  2.1092532e-03 -6.4366938e-04  4.9725930e-02
   648 : -3.9600783e-05  3.9554901e-05 -3.4330829e-05
   649 :  3.4994946e-02 -4.3550248e-03  2.0161282e-02
   650 :  3.4656108e-06 -3.0567512e-07 -1.8338013e-06
   651 : -1.1367016e-02 -1.7561920e-02 -3.9441133e-02
   652 :  1.0077401e-05 -4.7279887e-05  1.3505149e-05
   653 : -3.3520723e-03 -3.4799074e-02 -6.5507372e-02
   654 :  1.5209450e-10 -1.9466703e-11 -7.8692253e-11
   655 : -2.3781191e-06  1.3212684e-05 -2.9514380e-05
   656 : -6.4921053e-02 -5.9238379e-02 -3.2310077e-02
   657 :  4.9883569e-02 -2.3849933e-02  3.4486766e-02
   658 :  6.0780405e-05 -7.9317588e-05  1.0459362e-04
   659 :  4.3533811e-04 -1.9656834e-03  4.1843093e-04
   660 : -2.7386863e-02 -7.6829407e-04 -5.1207461e-02
   661 : -4.3398449e-02  2.7052191e-02 -5.5669787e-03
   662 :  1.1062664e-09  7.6023857e-10 -3.1605366e-09
   663 :  3.0691437e-02  3.1924992e-02  6.8130514e-03
   664 : -1.2163849e-02 -3.3445491e-03 -1.7700780e-02
   665 : -3.7784075e-02  2.9971103e-02  1.4097328e-02
   666 : -1.8192235e-18  1.6184453e-18  2.3025708e-18
   667 :  1.5094979e-11 -5.0282718e-12  4.1882388e-12
   668 :  9.1467768e-03  4.1840051e-03  7.2083228e-03
   669 : -1.7375264e-22  1.8711540e-22  3.0496278e-22
   670 :  3.8683548e-02  3.3457298e-02  3.6644248e-03
   671 :  3.0579387e-02 -3.3843671e-03  1.1492319e-02
   672 : -1.2698499e-02  5.5160765e-04 -1.0695666e-02
   673 :  1.5731380e-09  2.8402217e-09  3.8881785e-08
   674 :  9.0316616e-09 -7.1019004e-08 -4.3217642e-07
   675 : -7.3438443e-08  2.3401690e-08 -6.4644965e-08
   676 :  1.5133228e-04  6.7944342e-04  2.0657380e-04
   677 : -1.1756808e-05  6.7771469e-06 -9.5148516e-06
   678 :  5.5362362e-03  3.4825985e-03 -7.1414271e-03
   679 : -8.0912371e-04 -9.6394298e-04 -2.3808164e-03
   680 :  6.9473243e-04 -1.5427994e-03 -2.9466363e-03
   681 :  1.5063544e-12 -1.2972734e-12  3.9852494e-12
   682 : -5.1567375e-13  1.5069125e-12 -2.2698990e-12
   683 :  5.3835595e-11 -1.0149821e-10 -7.6975429e-11
   684 :  4.3048519e-15 -7.7394996e-15 -2.3763803e-15
   685 :  4.0176914e-05  4.3368521e-04  2.8271320e-04
   686 : -2.8609138e-07 -4.3625429e-08  2.5949500e-08
   687 :  3.6384340e-14  3.0683860e-14 -5.8781718e-14
   688 : -1.2319438e-08  8.6100638e-08 -8.3122175e-08
   689 : -4.0328518e-02 -4.1789174e-02 -1.5909323e-02
   690 : -5.0357345e-05 -2.2278990e-05  8.9383570e-06
   691 :  4.3380731e-04  1.8878758e-04  2.9747746e-04
   692 : -6.4784915e-05 -7.6003926e-05  2.0269066e-04
   693 : -3.1162029e-22  6.6305124e-22  4.2820715e-22
   694 :  4.8991385e-16 -2.3581538e-15  1.0776166e-15
   695 :  2.7337627e-03 -1.9659782e-02 -1.4035539e-02
   696 :  4.0075518e-03  6.0607035e-03  1.3011825e-02
   697 :  4.7249780e-05 -7.3068124e-05 -1.0859454e-04
   698 : -2.7760938e-02 -3.5530891e-02 -2.7726627e-02
   699 : -3.0445968e-09 -3.1295007e-09  1.0178072e-08
   700 :  1.7075563e-20  1.0979308e-20 -4.3430710e-20
   701 :  3.9914347e-19 -1.7523022e-18  6.7879039e-19
   702 :  1.6879446e-12 -1.5505697e-11 -1.0479525e-11
   703 :  4.5013323e-02  5.1005986e-02  4.6252970e-02
   704 :  3.1176025e-05  9.2427530e-06 -5.6357471e-05
   705 :  3.6938522e-15  8.8350121e-14 -4.5166371e-14
   706 : -1.0007061e-01  1.4895002e-01  9.1984772e-02
   707 : -3.5193446e-03  1.0300784e-02 -1.2045105e-02
   708 : -4.7650879e-03 -2.0206249e-03  6.9011055e-04
   709 :  1.3898517e-06 -1.0428731e-06  1.0109619e-06
   710 :  1.0967265e-09  2.8264472e-10  1.6018398e-11
   711 :  3.6167679e-06  8.9441590e-07  3.0952724e-06
   712 :  3.1288628e-02  2.0378634e-02  3.5519430e-02
   713 : -2.6542050e-05  1.3151593e-06 -5.9522982e-05
   714 :  3.3922594e-02  3.7882772e-02  2.4407467e-02
   715 :  3.7119844e-04 -8.6091383e-05 -4.7889140e-05
   716 : -1.9276840e-15  5.7738525e-15 -1.1763801e-14
   717 : -4.1240382e-03  9.0923549e-03 -3.9558540e-03
   718 : -1.2408763e-05  9.5125603e-06 -3.2756380e-05
   719 :  6.3323292e-03  1.7554431e-02 -6.1534553e-03
   720 : -3.6410896e-03 -1.4800989e-02  9.3633512e-03
   721 : -4.6695777e-02 -1.5012280e-02 -4.4538084e-03
   722 : -2.9115111e-13 -1.2364585e-12  5.0905464e-13
   723 :  1.7268164e-13 -2.6586593e-12  1.9595293e-12
   724 : -1.7616833e-12  4.9672200e-12 -1.5256409e-12
   725 :  2.8928656e-02  1.8464370e-02  6.4088936e-03
   726 : -4.9399651e-08  4.9455773e-08  4.7770567e-09
   727 :  2.2634235e-02  2.8997622e-02  5.5905237e-03
   728 : -5.4398645e-03  9.9460916e-03  1.1658340e-02
   729 :  1.1141019e-03 -9.0568080e-04 -9.4065105e-04
   730 : -4.5960412e-05 -5.8486267e-06 -4.1651063e-05
   731 : -5.9167297e-13  1.2835119e-12 -3.5312392e-13
   732 : -5.2077695e-10  3.1542895e-10  2.2124059e-10
   733 :  7.0190745e-05  1.0654513e-04 -6.2175455e-05
   734 : -1.6432921e-01 -1.0214612e+00  1.0059756e+00
   735 : -7.3801589e-05  2.1659235e-04 -2.6593638e-04
   736 :  1.0438113e-02 -2.0663154e-02 -3.8440117e-02
   737 : -2.2531300e-07 -2.5880303e-08 -2.3633307e-07
   738 :  6.4595496e-03  5.4096721e-03  4.2565203e-03
   739 :  1.2979375e-02 -3.0432715e-03 -9.8859409e-03
   740 : -9.6556726e-05  4.4562641e-04  2.4045025e-06
   741 : -2.6418247e-02 -3.0410885e-02 -9.6410786e-03
   742 :  8.6153842e-06  6.9316974e-06 -2.6094759e-05
   743 :  3.1189426e-04  1.7413750e-04  8.2507267e-05
   744 : -5.1274777e-02  3.6253233e-03  2.4371689e-02
   745 :  3.9724543e-13 -9.1887358e-13 -4.9047567e-13
   746 :  7.1836168e-11 -1.0905801e-10 -2.6802560e-10
   747 : -5.4968975e-08  1.2474044e-07 -3.1524625e-07
   748 : -5.2299357e-05 -7.4344080e-05  3.4815107e-04
   749 : -1.1325069e-03  2.7833023e-02  1.2588095e-02
   750 : -3.0758806e-14 -8.2717253e-14  2.2491963e-13
   751 :  3.0500164e-03 -9.6725093e-03 -3.8511951e-03
   752 :  7.1501292e-06  5.2996660e-06 -1.0835047e-05
   753 : -1.4979485e-03  2.8267684e-02 -1.6425289e-03
   754 : -5.0918704e-12  2.4209860e-11  1.0309867e-11
   755 :  2.9918251e-02  2.0671360e-02 -2.2421889e-02
   756 : -6.2064680e-07  4.9202903e-07  2.8171358e-07
   757 : -6.4381855e-22 -4.0828522e-22  4.2694894e-22
   758 : -6.6837867e-02 -1.1248798e-01 -7.0760345e-02
   759 : -4.9336484e-05  1.3751018e-05 -5.6024154e-05
   760 : -1.2357720e-08  3.7181300e-08 -3.7566113e-09
   761 : -1.1161049e-04  2.0837300e-05  2.4055416e-04
   762 : -8.5198965e-02  8.5450624e-02 -2.8937992e-01
   763 : -1.1840496e-16  3.4823198e-16 -1.1551498e-16
   764 : -9.7736442e-18 -3.3822318e-17  2.1632734e-17
   765 :  2.3781922e-02  3.0944767e-03 -1.1951263e-03
   766 : -1.3731367e-07 -4.7857179e-07 -3.7511057e-07
   767 : -1.3690043e-01 -1.4016489e-01 -1.7536077e-01
   768 : -2.6696690e-14  4.7585440e-15 -3.5526005e-14
   769 :  2.7907849e-02  3.5750840e-02  7.7166945e-03
   770 :  3.7917651e-04 -7.2856093e-05  1.7455501e-05
   771 :  6.0763895e-03 -3.8526455e-03  2.5283722e-02
   772 :  2.9132905e-03  1.8629095e-02 -7.2239131e-03
   773 : -1.9208895e-06  1.5810159e-06  3.1971204e-06
   774 : -2.8119881e-02 -5.1838483e-03 -1.0905974e-02
   775 : -2.0670926e-03 -3.8068024e-01  4.5977080e-01
   776 :  3.9095842e-06  4.6420790e-06 -8.1927533e-06
   777 : -1.0315904e-04 -4.7232557e-05  2.1606389e-05
   778 :  2.9164159e-04  1.1465872e-04  1.4650447e-04
   779 :  5.0299529e-11 -5.7641530e-11  4.7799513e-12
   780 : -7.2396870e-02  2.7202986e-03 -6.5562861e-02
   781 :  2.4202958e-13 -1.3083581e-13  1.6398183e-13
   782 : -1.1316216e-22  7.3740703e-24  2.1450225e-22
   783 :  1.3467625e-04  1.5494289e-04  5.0760617e-04
   784 : -2.2632632e-05 -9.8738296e-05  3.8395440e-05
   785 : -4.1136251e-13  1.1229741e-12 -5.2540883e-14
   786 : -1.5296384e-02  1.2556504e-02 -5.4081769e-02
   787 :  7.2291462e-03 -2.5280850e-03  5.0504716e-03
   788 : -3.4038386e-13  2.7039861e-13 -2.2650538e-13
   789 :  1.6813278e-12 -7.3017126e-12  8.3540200e-12
   790 :  6.8972984e-04  3.8806007e-04 -1.3014848e-03
   791 : -5.1492694e-03 -4.6997938e-03 -4.7452375e-04
   792 : -8.6431609e-03  2.0661710e-02  1.4712525e-03
   793 :  4.6962885e-03  3.2590669e-02  1.7915935e-02
   794 :  5.8364940e-04  3.9669528e-04 -2.8792945e-04
   795 : -1.5699830e-02 -2.2860418e-03 -5.3629112e-03
   796 :  3.1913149e-02  2.8644669e-02  2.2017196e-02
   797 :  3.5952620e-14 -1.0244691e-13  1.6367338e-13
   798 : -1.0325325e-03 -6.7336079e-04 -5.7501804e-03
   799 : -2.7016500e-07 -4.0046570e-07  4.4079305e-07
   800 :  3.3616425e-02  2.3485063e-02  1.2366689e-02
   801 :  4.4286298e-12  4.9185779e-12 -1.3953480e-11
   802 : -9.1431487e-05  2.7364155e-04 -1.1288795e-04
   803 : -8.4999347e-10  1.6806236e-08 -6.9080605e-09
   804 :  2.4833149e-02 -2.4256391e-03  1.0944289e-02
   805 : -7.2129105e-05  3.2626862e-06 -6.8166931e-05
   806 :  4.1587001e-11 -1.0299731e-11  3.0888406e-11
   807 : -7.4960582e-15 -6.3908777e-14 -1.4098091e-14
   808 : -2.6461543e-02  1.2378509e-02  3.1945075e-04
   809 :  1.6445512e-08  2.3164933e-08  5.8181176e-08
   810 :  1.1525214e-13  9.0324820e-13 -2.0036521e-12
   811 :  2.5562724e-22  1.0682526e-22 -5.5566947e-22
   812 :  4.8719549e-06  8.6516983e-07  2.6848221e-06
   813 : -3.3063785e-05 -4.5993383e-05 -1.1016243e-04
   814 : -1.7063912e-21 -1.2950136e-22  1.9768852e-21
   815 :  9.8290475e-25 -8.6019545e-24  1.0517345e-23
   816 : -2.4896961e-19  1.4709569e-19  4.7747899e-20
   817 :  2.3625105e-20  4.2303153e-20 -9.0203410e-20
   818 :  3.8398390e-22 -3.0219156e-21  2.1011682e-21
   819 : -2.2118272e-06  4.1540870e-06 -6.1501014e-06
   820 :  6.3146463e-22 -1.8074550e-21  3.8349976e-22
   821 :  2.0187047e-02  5.7182208e-02  3.3818548e-02
   822 :  4.1112076e-04  1.2476820e-03 -2.1826050e-03
   823 :  1.9674971e-09 -5.0747601e-09  9.5200921e-10
   824 : -4.3037341e-10 -1.8249969e-09 -3.6301525e-09
   825 :  2.7205983e-16  2.7585756e-16 -9.7541710e-16
   826 :  7.4291807e-03 -5.2236861e-04  2.7483628e-02
   827 : -2.4574840e-11  1.3937093e-11  4.9099906e-12
   828 :  6.3229706e-08 -3.5310171e-07  1.3253728e-07
   829 : -3.6768691e-04 -9.3361114e-04 -2.9785708e-04
   830 : -1.0502468e-02  4.5970807e-02 -9.6584669e-02
   831 : -3.6256720e-03 -5.9344475e-01  4.9701512e-01
   832 :  8.7088586e-06 -2.0726443e-05 -3.7368304e-06
   833 :  5.1323878e-03  2.2397194e-01 -2.5021848e-01
   834 : -1.2097302e-20  1.1331932e-20 -1.7079872e-20
   835 :  2.2212102e-23 -5.8323749e-23  1.0890516e-22
   836 : -8.5842673e-05  1.8391072e-04 -5.6813558e-05
   837 :  6.0556224e-12 -3.3362242e-12  6.6182796e-12
   838 : -4.2009898e-03 -4.4646991e-03  6.9281180e-03
   839 : -3.5244462e-09 -9.0084622e-09  1.7358586e-08
   840 : -3.7256038e-12 -1.2079240e-11  2.8609087e-11
   841 :  1.1198387e-09 -4.1610778e-10 -2.5732307e-10
   842 :  2.3639384e-06  3.6438647e-06 -1.7811702e-06
   843 : -1.4388202e-10  2.3025683e-10  7.5196829e-11
   844 : -1.1090125e-05  1.1288583e-05 -1.4054458e-05
   845 : -9.2999424e-16  4.5910190e-16 -9.5558419e-16
   846 :  4.2469385e-04 -3.0298703e-04  5.8900583e-04
   847 : -4.9998329e-07  2.0992356e-07  3.3408801e-07
   848 : -6.3086139e-26 -6.3579982e-24  3.0983184e-24
   849 : -7.0483254e-09  1.0354339e-08  3.3182759e-09
   850 :  5.4956195e-08 -5.3391368e-08  1.6780113e-07
   851 : -8.1454548e-11  1.0904181e-08 -1.3498457e-08
   852 :  4.9635038e-17 -1.4592467e-16  6.1754580e-17
   853 :  5.2952484e-03 -9.2391792e-03  2.1691117e-02
   854 :  1.0214513e-25 -6.2950009e-25  2.1188421e-25
   855 :  4.7235491e-02  1.1312783e-02  2.2818290e-02
   856 : -4.2455488e-03  8.8753181e-04 -1.5807264e-03
   857 :  4.0060812e-02  2.5623005e-02  3.6515235e-02
   858 : -4.5044886e-03 -2.7165362e-04  7.2880686e-04
   859 :  8.0565452e-17 -2.0039899e-16 -8.4401309e-18
   860 :  5.5717560e-04  3.9148761e-04  7.0838459e-06
   861 :  1.6126556e-04 -1.2823881e-04  9.7948916e-05
   862 :  1.0622478e-06 -2.0078828e-05 -6.3252944e-05
   863 :  2.1925538e-03  3.6123942e-02  4.0333168e-02
   864 :  3.9694864e-02  3.9075161e-02  3.2435625e-02
   865 : -1.4920153e-02  5.1026744e-01 -4.4051578e-01
   866 :  1.2305338e-01  4.1030348e-02  9.7970555e-04
   867 :  5.0939308e-04 -2.1421172e-02  1.3615625e-02
   868 :  2.8778701e-06  1.2180140e-05 -1.3277607e-05
   869 :  5.0985919e-06  5.9801568e-06 -4.2048424e-06
   870 : -3.1931954e-06  5.2601168e-06 -1.4981568e-06
   871 :  2.6749424e-02  4.8761429e-02  2.4391587e-02
   872 :  2.5977182e-02  2.8165157e-02  3.1349480e-02
   873 :  1.3358234e-02  2.9357305e-02  3.9354995e-02
   874 :  4.2063288e-02  3.8839101e-02  9.0751267e-03
   875 :  7.9594526e-10 -4.7469271e-11 -2.9919687e-10
   876 : -8.7227458e-10  2.1409618e-09  1.5408728e-09
   877 : -5.9212894e-21  7.7247200e-21 -9.7656721e-21
   878 : -3.1444972e-19  7.4865661e-19 -1.6193513e-19
   879 :  4.5929239e-11 -2.5851060e-11 -1.4091167e-12
   880 :  1.0033315e-09 -1.0683685e-09 -1.8249027e-11
   881 : -3.6428506e-21  9.0191515e-22  1.7780273e-21
   882 :  1.6594975e-20 -1.6512507e-20 -2.1883679e-20
   883 : -4.0117064e-11  1.7787109e-11  2.0063093e-12
   884 :  3.4232690e-11  3.1508872e-10 -9.8578656e-11
   885 : -2.7621925e-04  5.2718661e-04  4.2546637e-04
   886 :  2.9926062e-04 -3.7943762e-05 -1.6036547e-04
   887 :  4.8245786e-04  1.7582171e-04 -3.1345250e-03
   888 : -3.7114433e-03 -4.6305648e-03  7.2865932e-04
   889 : -4.0808143e-02 -5.3505204e-02 -3.8448915e-02
   890 : -2.8576796e-02 -2.5565808e-02 -4.9647489e-02
   891 :  1.3341406e-10 -4.1869540e-10  7.1043818e-10
   892 :  6.4986220e-09 -2.0038838e-08  4.5989799e-09
   893 :  3.0476191e-04 -1.4565056e-04 -5.8418573e-05
   894 :  4.2501836e-04 -4.0316350e-04  4.3990065e-05
   895 :  1.7862193e-02 -1.6416011e-02 -6.9213616e-02
   896 : -2.0302291e-02 -3.0795443e-02 -3.1929215e-02
   897 : -6.3136866e-12  4.6413676e-13  1.0345720e-11
   898 :  8.6865539e-11 -8.5485510e-11 -1.2926227e-10
   899 :  1.0597475e-02 -1.4861766e-02 -2.1789056e-02
   900 : -2.1550179e-02 -1.0338414e-03  1.1138625e-02
   901 : -3.5152900e-05  8.0917116e-06  5.0324526e-06
   902 :  1.2440875e-04  2.0708053e-04 -6.1746014e-05
   903 :  7.1933421e-03  2.4427240e-02 -7.1936521e-03
   904 : -4.8871474e-03 -4.2545211e-03  1.0415748e-03
   905 :  3.5263929e-02  3.1993797e-02  3.9029066e-02
   906 :  3.8743923e-02 -1.1375721e-02  3.1768684e-03
   907 :  1.7696680e-02  4.8662290e-02  3.5775333e-02
   908 : -6.1265156e-04  1.3692429e-03 -3.2126190e-03
   909 : -2.7959662e-03  1.6310110e-02 -5.2236234e-03
   910 :  2.5501059e-02  3.7948707e-02  3.7538984e-02
   911 :  3.4528820e-02  3.8635562e-03  2.4812252e-02
