Number of elements 912
     0 : -6.0557537e-04 -1.9183648e-03  1.1266995e-03
     1 : -4.3007359e-04 -2.6771513e-03 -3.4658247e-02
     2 : -4.5501457e-03 -8.0375877e-04  9.0975695e-03
     3 :  7.3048649e-04  2.0849932e-03  3.9473193e-02
     4 : -1.1552714e-03  1.7791692e-04 -4.5796283e-04
     5 :  1.8118186e-03 -1.4572839e-02  1.2639137e-02
     6 :  3.3964708e-08 -9.9253599e-08 -5.3890085e-08
     7 : -1.1827200e+00 -9.9488825e-02 -1.2817610e-01
     8 :  1.6625366e-03  3.3705814e-03 -1.4640883e-03
     9 : -2.2047450e-07  6.8314456e-07  8.2177126e-07
    10 : -2.9263036e-03 -2.1845120e-03 -1.6456719e-03
    11 :  3.9710181e-08 -5.8265228e-08  1.9369090e-09
    12 :  6.0394242e-03  3.6346669e-01 -3.7601901e-01
    13 : -5.3293978e-03  1.4241604e-03 -4.9112865e-03
    14 :  6.8257232e-03 -9.9975378e-03  7.9575847e-03
    15 : -9.6862913e-04 -2.3515779e-03 -4.6387651e-03
    16 : -8.4427120e-09  1.3266813e-08  1.9357682e-08
    17 :  9.9143050e-05  1.0679824e-04  2.4109827e-04
    18 :  1.6820113e-03 -3.0074614e-03 -9.5356334e-03
    19 :  3.9753584e-10  9.0648817e-10  4.4082145e-10
    20 :  2.4555545e-04  2.0296969e-04 -2.7556177e-04
    21 : -2.1437277e-03 -5.3378407e-05 -6.7385734e-04
    22 :  8.7444850e-05 -3.5000775e-03 -5.8133499e-04
    23 : -6.6257801e-09 -6.4649338e-09 -8.7477958e-09
    24 : -6.8180642e-03  4.3498766e-03 -6.2719330e-03
    25 :  2.0171083e-10 -8.7522325e-10  2.9845963e-10
    26 :  2.9242566e-03  1.6035920e-02  5.4511613e-03
    27 :  7.3472714e-03 -1.3555865e-02 -1.9838773e-03
    28 : -5.4473237e-03 -5.3096565e-02  4.4700290e-02
    29 :  1.3415300e-03 -2.6681034e-03 -7.3834056e-04
    30 : -6.0358651e-03  7.2035878e-03 -9.4963577e-03
    31 :  6.6072950e-03 -4.0575968e-03 -1.0751714e-02
    32 : -1.0979494e-06 -5.8780790e-07  1.4719962e-06
    33 : -4.5506215e-03 -3.3891687e-03 -3.6264258e-03
    34 : -5.0108272e-11  1.5134742e-10  4.5781807e-11
    35 :  6.9005079e-03 -9.4978073e-04 -7.1038582e-03
    36 :  1.4843216e-03  1.1082304e-03  4.5504463e-03
    37 :  5.0000695e-05  5.2631387e-03  7.8308354e-04
    38 : -1.9995625e-03 -1.3144954e-03 -3.8578725e-03
    39 : -2.2359704e-03  9.3536197e-04  3.1767664e-04
    40 : -1.4278157e-02 -2.2384286e-01  2.1985064e-01
    41 :  3.8077060e-02  1.2736485e+00 -1.7573689e+00
    42 : -5.7552095e-10 -1.8528112e-09  2.1774467e-09
    43 :  1.9829583e-04 -2.0528343e-04 -2.0160214e-05
    44 :  1.5873499e-03  8.6636049e-04  4.6382117e-03
    45 :  6.9835239e-03 -2.3296552e-03  8.3749496e-03
    46 :  1.6005439e-02  6.9352674e-03  5.9595307e-03
    47 :  2.5111176e-06 -2.1857693e-06  2.8634341e-06
    48 :  1.3580247e-08 -3.0444324e-08  2.0153552e-08
    49 :  2.3300884e-03 -1.9955877e-03  1.8870729e-03
    50 : -7.9272970e-03 -9.0080803e-04 -2.4786310e-03
    51 :  1.1966493e-03 -1.1725538e-03 -8.1450156e-05
    52 : -7.4130173e-03  9.7131144e-03 -1.5765027e-02
    53 : -1.4814462e-07  3.4666475e-08 -1.0628691e-07
    54 : -1.7164955e-03 -1.3704181e-02 -8.7091804e-03
    55 : -1.1344179e-02 -1.4736485e-02 -8.9991691e-03
    56 :  1.4345273e-03 -2.1628231e-03  2.5783929e-03
    57 :  4.2846541e-03  5.6306806e-03 -7.7281909e-03
    58 : -3.6643911e-03 -1.2812184e-01  1.7444714e-01
    59 : -1.2092506e-03  3.8009277e-03  1.2872901e-03
    60 : -7.4830266e-04 -4.8992307e-03 -3.0741212e-04
    61 :  1.3628864e-03 -1.2144935e-03 -1.2424689e-04
    62 : -2.4973111e-03 -4.7180229e-03 -6.9979800e-03
    63 :  3.7047275e-04  6.5826503e-04 -5.9984982e-03
    64 : -5.9946727e-03  1.9192336e-03  5.2400484e-03
    65 : -6.8891591e-03 -1.2204979e-03 -1.0309817e-02
    66 : -1.4410392e-02 -5.7606290e-03 -6.6366456e-03
    67 :  2.1166458e-07 -2.1199396e-07 -3.0664095e-07
    68 : -8.5614606e-09  2.2313855e-07 -8.6994527e-08
    69 :  2.3371764e-07 -2.4400855e-07 -2.7740803e-07
    70 : -8.8063224e-04 -9.7680017e-04 -5.8287561e-03
    71 :  5.8710027e-03  8.9444373e-04 -5.0068219e-03
    72 :  2.7922507e-09 -1.3790275e-08  5.0204717e-10
    73 : -6.2352947e-03  2.8918553e-04 -4.5248329e-03
    74 : -9.4339884e-04 -4.2139199e-04  9.8535832e-05
    75 : -9.4535838e-06  3.1995323e-05  1.5595777e-05
    76 : -2.9776603e-09  1.4542040e-08 -2.8622700e-09
    77 : -1.4610706e-05 -1.5351941e-05 -2.5502189e-05
    78 : -1.0976752e-07  8.1216904e-07  2.1099824e-08
    79 : -2.4436718e-04  3.5341417e-04 -6.0115328e-04
    80 : -6.5243244e-14  5.8816704e-13 -1.4343755e-13
    81 :  8.0871675e-06  1.2043949e-05 -6.4549062e-06
    82 :  4.0573792e-03  3.8308546e-01 -4.1332552e-01
    83 : -8.3668816e-11 -2.4260352e-12  1.4431819e-10
    84 : -5.3192665e-09  1.1663834e-08 -1.6098729e-09
    85 :  1.4823551e-02  1.7983023e-01 -1.6760830e-01
    86 :  4.4307795e-05 -3.3083029e-05  1.1184416e-04
    87 :  2.1946340e-04 -4.5810447e-05 -2.5662562e-04
    88 : -1.1627174e-02 -8.5489916e-02  6.9409788e-02
    89 :  6.1002792e-03  5.4738432e-03  1.0437099e-04
    90 : -4.2651332e-10 -1.8616356e-10 -1.5648701e-09
    91 : -1.3171747e-03  8.5925369e-04  3.9451640e-04
    92 :  5.0686403e-03  1.6497272e-04  6.2008682e-03
    93 : -6.5602027e-12  2.7586696e-12  1.5189927e-12
    94 : -9.3728299e-04 -1.0677783e-04  3.3443599e-05
    95 : -3.5630368e-08  1.7334280e-08  1.5211655e-08
    96 :  1.3625434e-03  4.1299408e-03 -1.3336296e-02
    97 : -4.2537319e-03  1.5287333e-02 -5.0510017e-04
    98 :  1.5621896e-03  4.9757526e-04  7.4762999e-03
    99 :  6.4743768e-07  3.7800926e-07 -3.8659119e-07
   100 : -4.8273367e-07 -6.2311052e-07  2.0573197e-07
   101 : -6.2012228e-03 -7.3781153e-03 -6.2910546e-03
   102 : -3.4456131e-03 -2.0721884e-02  1.4768956e-02
   103 : -2.8206480e-11  2.3651945e-11  2.6663547e-12
   104 :  7.7876455e-03 -2.0517376e-03 -3.9058345e-04
   105 :  1.2154452e-02  1.3941748e-02  1.8163298e-02
   106 : -5.8992153e-03 -4.3274555e-03 -4.2156901e-03
   107 : -6.9199357e-03  2.0122333e-02 -2.6199212e-02
   108 : -6.5762207e-04 -1.1310074e-03 -7.8799074e-04
   109 : -8.8872453e-05  3.7138231e-03 -1.9307532e-04
   110 : -6.7504895e-03 -3.8263931e-03 -9.2808319e-03
   111 :  1.8205930e-03 -6.0883892e-03 -2.4256554e-04
   112 :  5.8027771e-06  4.8618531e-07 -4.8718925e-06
   113 :  1.2270949e-03 -1.5791387e-03 -1.1116121e-03
   114 : -2.4146927e-03 -1.2547381e-01  1.6227282e-01
   115 :  2.2314736e-03  8.8236666e-03 -1.0662304e-02
   116 : -6.7963725e-03 -1.1256562e-01  1.0421851e-01
   117 : -1.0908202e-03 -1.3848394e-03  1.7885907e-03
   118 : -2.7117995e-02  1.5172656e-02  2.5192001e-03
   119 :  9.9481209e-08  5.1602241e-08 -6.7545633e-08
   120 :  1.0280491e-02 -1.7599508e-03  7.4163038e-03
   121 : -6.0906488e-06 -4.3387564e-06 -9.1429556e-06
   122 : -1.1135396e-03  4.9844980e-02 -8.0006249e-02
   123 : -1.4899586e-10 -6.8868112e-11  8.7888420e-12
   124 : -1.3912616e-07 -5.9071871e-08  8.9678168e-09
   125 : -1.3725081e-13  4.3300021e-13 -1.5619716e-13
   126 :  1.1827820e-04  5.1359046e-05  9.1502032e-05
   127 : -7.2860158e-05  7.9779284e-05  2.7306728e-05
   128 : -3.5768106e-03  4.8544773e-03  4.3276299e-03
   129 : -3.5203050e-04 -8.7308605e-04 -1.0176048e-03
   130 :  1.2776361e-03 -2.7664146e-04  4.5374172e-04
   131 : -9.1402367e-04 -4.3083120e-03  3.9518339e-04
   132 : -3.6097850e-03 -7.1250579e-03 -5.8992961e-04
   133 :  1.2594433e-03  4.4494312e-03 -1.1976199e-04
   134 : -3.9234670e-04  6.5228434e-03  6.0028419e-04
   135 : -3.5047732e+00  2.6199225e-01  7.7197099e-01
   136 : -3.5654956e-03 -4.7702494e-04 -6.5084784e-03
   137 :  1.5250582e-04  3.2067474e-03  3.3515181e-03
   138 : -1.4726560e-02  4.4357973e-03 -3.1894906e-02
   139 :  1.0320017e-02  1.1452171e-02 -1.5730583e-02
   140 :  1.5193565e-06 -1.1747088e-06  1.0446012e-06
   141 :  2.6575845e-06 -1.3957180e-05 -5.9028247e-06
   142 :  8.1996133e-03  6.9205306e-03  1.4190422e-02
   143 :  2.9974000e-08 -3.6950592e-08  8.2132485e-08
   144 : -6.5367846e-04 -6.5096727e-03 -1.0288228e-02
   145 : -6.8901748e-03 -1.0369600e-01  1.0079483e-01
   146 : -2.0008083e-03 -3.9731754e-04  1.5868895e-03
   147 : -6.0455676e-09  1.1738930e-08  2.9960382e-09
   148 :  1.1311666e-03 -2.0279783e-03  1.3156390e-03
   149 :  3.4818046e-03  1.1484466e-03  4.9000252e-03
   150 :  7.4224106e-04 -2.7282812e-03 -1.7555934e-03
   151 : -1.2223641e-05 -1.0753783e-05  7.5239437e-06
   152 : -1.3479283e-03 -1.4620953e-05  2.2606319e-05
   153 :  4.0945115e-02 -1.7937861e-02 -3.3079823e-02
   154 : -3.7375135e-12  8.9284984e-14  2.2990177e-12
   155 :  4.7237913e-08  6.8340880e-08  3.2073104e-08
   156 : -1.7281380e-09 -2.8653178e-10 -5.2420336e-10
   157 :  9.5793555e-04  1.3556331e-03  5.5647381e-03
   158 : -2.9266796e-02  7.7595624e-03 -1.2432276e-02
   159 :  2.1719732e-02  2.2937352e-02  1.9120184e-03
   160 :  2.9326705e-12 -6.0305890e-12  7.0731521e-13
   161 : -4.4575882e-11 -1.6771785e-12  2.5879741e-11
   162 :  3.2864867e-03  5.0317510e-03  7.4915160e-04
   163 : -5.6544365e-03  9.4541892e-03  5.1685448e-03
   164 : -1.4843822e-05  1.1903376e-04  3.3557859e-05
   165 :  2.7098887e-02 -1.7699927e-02  8.9789446e-03
   166 : -1.4957623e-08  6.5225892e-10  2.0133828e-08
   167 :  1.5656713e-03 -5.6188411e-03  3.8565304e-03
   168 :  7.8560719e-03 -7.7788851e-03 -1.3516057e-03
   169 : -3.0812529e-02  9.5656774e-03  7.6816514e-03
   170 : -6.3195621e-08  3.0978468e-08 -4.5271610e-08
   171 :  3.6946435e-08  1.4938608e-08 -7.8413843e-08
   172 : -5.5015249e-03 -5.3137854e-03 -5.1742349e-03
   173 :  1.2526223e-02  1.6917602e-02  6.4356656e-03
   174 : -3.0834597e-03  3.0679507e-04 -2.9935887e-03
   175 :  4.5175456e-03 -1.0119852e-03 -1.1818299e-03
   176 : -4.5421391e-07  8.0325767e-07  6.3463374e-07
   177 : -5.3869378e-03 -1.1562839e-03 -2.4585161e-03
   178 :  1.2944717e-02  4.0424821e-01 -4.1378921e-01
   179 :  3.5500718e-03  4.9697734e-04  1.6165221e-02
   180 :  1.2809570e-09  3.9803931e-09  5.5770449e-09
   181 : -4.4956105e-03 -9.3088255e-03 -8.6458917e-03
   182 : -1.1047962e-05  9.6886094e-05 -8.2864499e-04
   183 : -4.7820597e-03 -6.6853735e-03 -4.6870716e-03
   184 :  2.3854248e-11 -1.3435777e-11  2.7853156e-11
   185 :  1.8079897e-04  1.1272981e-04 -1.0181973e-04
   186 :  8.0042153e-03  8.3395313e-03  8.0003371e-03
   187 :  2.2838879e-03  1.8434554e-02  1.6663413e-02
   188 :  1.0615506e-02  4.5293346e-01 -4.8091663e-01
   189 : -3.4769542e-03 -7.8924678e-05 -3.5440436e-03
   190 : -7.7453346e-03 -6.9435542e-03 -7.5477432e-03
   191 : -2.6843483e-10  5.8244923e-11  1.0363605e-10
   192 : -5.6904440e-03 -1.3251737e-04  4.3119515e-04
   193 :  4.1882036e-03  7.6846102e-03  4.4347128e-03
   194 :  1.1195100e-02  1.6679486e-01 -1.5542394e-01
   195 :  1.3797062e-02  1.3988785e-02  1.7193159e-02
   196 : -3.9204131e-09  1.1438750e-08  3.9842795e-09
   197 : -3.6132383e-10  1.3444892e-08  1.1657799e-08
   198 : -1.1824541e-03  9.7708237e-03  5.9362550e-03
   199 :  5.5289598e-03  3.6705436e-03  1.6873290e-03
   200 :  4.5007295e-08  1.7200120e-08 -5.2510791e-08
   201 : -5.5773636e-03 -3.4577088e-03 -1.8377391e-03
   202 :  1.4482612e-02 -2.9924413e-03 -5.1579207e-03
   203 : -9.2718174e-10 -2.7252833e-11  4.7020337e-10
   204 :  7.8431920e-03 -1.7982792e-02 -1.2996893e-03
   205 : -6.6297517e-03 -7.6073162e-02  6.8594669e-02
   206 : -1.2839980e-09  2.7705729e-10  3.6506495e-11
   207 :  3.6619309e-08 -2.6765704e-08  1.6907300e-08
   208 : -3.6535517e-05 -4.4850154e-05  1.9863279e-05
   209 : -9.4451981e-02  5.7299644e-02  3.3803015e-02
   210 :  4.4032056e-03 -4.7173704e-02  5.9645455e-02
   211 : -7.8220311e-10  1.9113636e-10 -1.1705813e-09
   212 :  2.0179952e-03  2.5692641e-04 -3.8365474e-03
   213 :  7.1058927e-08  7.2155666e-08 -4.5550369e-08
   214 :  3.3028515e-03  1.8927529e-03  1.6177970e-03
   215 :  3.5976239e-02 -2.1919976e-02 -9.9888393e-03
   216 : -1.0142182e-02  9.8613161e-03 -1.7072450e-02
   217 : -1.3737448e-12  8.4754038e-13  1.1859435e-12
   218 :  1.4517054e-05 -1.9144758e-05 -1.3156089e-05
   219 :  8.1059713e-04 -6.8449372e-04 -5.7905905e-03
   220 :  1.2296925e-04  9.9697200e-05  1.2106935e-04
   221 : -3.5879029e-07  1.0584886e-07  7.3299474e-07
   222 : -9.8439418e-04 -1.0721419e-03 -1.0802507e-03
   223 : -3.3669799e-03 -1.4210083e-03  1.3824824e-03
   224 : -1.1338249e-03  1.7542111e-02  1.5945377e-02
   225 :  2.8234353e-04  3.1367626e-04 -3.4664657e-04
   226 :  1.6889753e-06 -7.4037139e-07 -6.1775466e-07
   227 :  9.0276336e-03 -1.1428974e-03 -1.3391907e-03
   228 : -7.2352062e-03 -1.2460685e-01  1.1535237e-01
   229 : -1.5574203e-03 -1.5188492e-03 -3.7494845e-04
   230 : -7.8767488e-08 -4.4944177e-08 -1.2881378e-08
   231 :  2.9734918e-08 -6.4957372e-08 -6.9999288e-08
   232 : -2.0465304e-12 -1.6626379e-12  1.2689772e-12
   233 : -6.1509086e-07  4.0675676e-07  1.2736679e-06
   234 :  1.6063840e-03  1.5236364e-03  4.0530625e-04
   235 : -4.1151183e-03 -1.2607544e-02  2.2007887e-02
   236 :  2.7401575e-06 -3.0783814e-06  9.2860729e-07
   237 : -4.5583154e-06 -3.3831126e-05  6.5459813e-05
   238 : -5.0907255e-10 -4.1282863e-11  2.5566298e-10
   239 :  5.1537131e-07 -3.2201637e-07  4.6996035e-07
   240 : -2.4197101e-09 -1.3989535e-10  5.4138248e-09
   241 :  1.6131189e-03 -7.0697022e-04  3.6093819e-03
   242 :  7.6210594e-03 -1.6816036e-02  1.3959506e-02
   243 :  3.4536203e-03  2.4034505e-03  3.5012706e-03
   244 :  1.3499711e-04 -6.7795720e-04  2.3535176e-03
   245 :  3.4701782e-06  5.1516640e-06 -1.2984880e-06
   246 : -2.0394219e-03 -3.0485837e-03 -7.2960237e-03
   247 :  5.6698954e-03  2.0948915e-04  1.6261325e-03
   248 :  3.1057608e-12  1.6989504e-11 -8.3805797e-12
   249 :  6.0004552e-05  9.3744303e-05  7.4160260e-05
   250 : -3.3104242e-03  6.9931021e-03  9.0132445e-03
   251 :  3.0026880e-03 -1.5106361e-03 -1.7351798e-03
   252 :  3.2567774e-07 -6.8819690e-07 -5.7240911e-07
   253 : -1.9034634e-09  2.6581118e-09 -2.0482121e-09
   254 :  3.1441972e-03  3.2783552e-03  4.0127348e-03
   255 :  1.0339261e-02  1.2791892e-02  6.7327501e-03
   256 : -1.1505737e-03 -7.4149879e-04 -1.6174874e-03
   257 : -3.7581645e-03 -8.9381363e-03 -4.1648162e-03
   258 :  5.4955887e-03  1.0253993e-03  1.1560564e-02
   259 : -1.0524631e-05 -2.3227905e-06 -5.1012696e-06
   260 :  1.4612884e-03 -2.1050597e-03 -3.1459403e-03
   261 : -2.3583347e-04  7.1031839e-03 -1.4581671e-03
   262 :  6.2776697e-06 -2.9605656e-06  3.1758393e-07
   263 :  2.4193649e-07 -2.3419639e-07 -3.6136462e-07
   264 :  9.7899012e-03  7.4386340e-03  9.2045463e-03
   265 :  7.0916180e-03  7.0947426e-03  1.2423814e-05
   266 : -2.3456434e-04 -1.1977830e-03  5.1898650e-04
   267 : -9.9076050e-04 -2.0733564e-04 -3.4802741e-04
   268 :  2.2198279e-09  1.3103243e-10 -1.6437777e-08
   269 :  1.1010985e-03  3.1425117e-05 -1.1574013e-03
   270 : -2.0471836e-03  6.7955671e-03  4.3773167e-04
   271 : -1.6018669e-03  1.8174202e-04 -5.6724396e-03
   272 : -9.7237144e-04  1.0351837e-05 -9.7498373e-04
   273 : -1.2561357e-07 -1.4124924e-07  1.5332320e-07
   274 : -1.2059818e-04  2.1227079e-03 -4.8755304e-04
   275 :  3.2352516e-06 -6.2016689e-06 -8.9635257e-07
   276 : -2.0402966e-04 -1.9157838e-02 -2.0485637e-02
   277 : -4.7272354e-07  1.2047634e-06  3.8444682e-07
   278 :  2.4507838e-03  2.2177314e-03 -1.4848494e-03
   279 : -1.3870626e-02  5.2132817e-03  1.3370414e-02
   280 :  2.1475147e-02 -3.5794276e-03 -6.8257526e-04
   281 :  9.3620015e-03  3.7561673e-03 -3.6218148e-03
   282 :  1.1526215e-02  2.6766873e-03  8.1761639e-03
   283 :  6.5580911e-05 -2.4065099e-04  1.3997795e-05
   284 :  1.1697204e-06  7.6233393e-07 -2.4084478e-06
   285 :  1.6423097e-03 -4.1290023e-04  1.1533032e-03
   286 :  4.3040859e-03  5.0497102e-03  2.6798413e-04
   287 : -6.1479122e-03 -3.9823815e-03 -1.5413663e-03
   288 : -8.7120992e-04  1.6283977e-04 -1.2665843e-03
   289 : -6.5061829e-03 -9.8368364e-03 -7.6822687e-03
   290 :  3.2611031e-03  7.7441757e-04 -5.4003931e-04
   291 :  3.9700909e-03 -1.8252478e-02  1.7518302e-02
   292 : -4.8993617e-03 -2.7330943e-04 -4.6956052e-04
   293 :  1.1268699e-04 -1.1261625e-04 -6.0981125e-05
   294 :  3.6842879e-03  2.4918862e-03  4.7439542e-03
   295 : -1.0425236e-09 -1.8712969e-09  1.0394507e-09
   296 :  1.4557698e-04 -5.4000846e-03  9.3287202e-04
   297 : -9.7289266e-04 -1.2814341e-02 -9.9708825e-03
   298 : -1.7819272e-02 -1.3142487e-01  1.2129950e-01
   299 :  1.1891582e-10  3.5220811e-11 -6.1224235e-11
   300 : -6.3132340e-05 -4.7358226e-03  5.0985811e-03
   301 :  2.7167972e-03 -1.9711014e-03  5.9005503e-03
   302 : -1.1088149e-03  8.6217731e-03 -7.5402153e-03
   303 : -7.9810114e-03 -1.5161252e-02 -1.0155780e-02
   304 : -8.8427554e-04 -2.3719714e-03  4.1604563e-03
   305 :  1.0132882e-02  4.2709897e-03 -1.2064166e-03
   306 : -4.6757292e-03 -4.5803209e-03 -8.6105901e-03
   307 :  1.1857015e-03  7.2952645e-03  7.9230881e-03
   308 :  8.5559688e-03  8.7482833e-03  5.8506519e-04
   309 :  1.0088135e-09  7.8893932e-10 -2.3890966e-10
   310 :  2.9788275e-02 -1.1678225e-02 -2.0121559e-02
   311 :  2.4322767e-03 -1.6428113e-03  8.8634403e-03
   312 : -1.6301340e-08  3.3228759e-09  1.0431847e-08
   313 : -3.9967537e-05  1.1708235e-04 -5.6912722e-05
   314 : -9.6526906e-10 -9.5406970e-10  3.1349883e-09
   315 :  9.1149109e-07  3.5058153e-06 -1.4554164e-06
   316 :  4.5534054e-05 -2.5188578e-03  1.9213420e-03
   317 : -1.1011022e-10  1.2420962e-10  2.0048022e-10
   318 : -3.6366006e-03 -6.8754199e-03 -1.1867442e-02
   319 :  2.7045897e-05 -6.1518953e-03 -3.1580747e-03
   320 : -3.7930390e-03 -4.5519168e-03  8.3908509e-04
   321 : -4.2338979e-03 -4.3875251e-03 -1.7010120e-03
   322 : -2.7392142e-10  7.7480278e-10 -1.0393661e-10
   323 : -9.4657564e-11 -1.4810457e-10  1.8594680e-11
   324 :  6.4713086e-06 -1.1619989e-05  3.8255583e-06
   325 :  5.6239343e-05 -3.0684658e-05  9.2008935e-06
   326 :  8.4926830e-02  4.2122384e-04 -2.8921657e-02
   327 :  1.8737725e-03  3.6561010e-01 -3.8680813e-01
   328 :  1.3218970e-03  3.5329880e-03  4.0049206e-03
   329 :  8.1591859e-07  6.9327164e-06 -4.4356270e-06
   330 : -1.0848904e-11 -1.0637447e-11  4.7722455e-11
   331 : -8.7534939e-04  4.7629119e-03  1.3225099e-02
   332 : -1.0801468e-02 -1.8323689e-02  2.4644682e-03
   333 : -3.6399967e-06 -4.7783068e-06 -7.3495665e-06
   334 :  1.8862161e-03 -6.2354098e-03 -8.7469018e-03
   335 : -6.3668392e-03  1.9864869e-03 -1.0824213e-02
   336 : -2.1176711e-02  1.7942347e-02  9.6744280e-03
   337 : -2.1081951e-09 -1.6045916e-11 -9.0646617e-09
   338 :  3.3367187e-03  7.4299296e-03 -3.7686047e-03
   339 :  1.9949602e-06 -3.5645936e-06 -4.8690287e-07
   340 : -6.7819307e-03 -1.9236403e-03 -1.0962878e-02
   341 :  6.2140436e-10  1.1129256e-08 -6.5644321e-09
   342 : -1.4775686e-06  1.4229917e-06  1.0415667e-06
   343 : -1.1784947e-02  4.1095544e-03  8.1722995e-03
   344 : -4.0414888e-03 -3.8533828e-03 -2.4564342e-03
   345 :  9.3184946e-04 -6.8568580e-04 -1.4639665e-03
   346 :  3.3157114e-06  1.6495955e-06 -1.6873290e-06
   347 :  4.4158657e-04 -5.0139431e-04 -7.0710660e-04
   348 : -1.0156071e-03  1.8983393e-02 -1.2491478e-02
   349 :  9.2813059e-03  1.9951640e-03  7.6813297e-03
   350 : -8.1378905e-04  1.6445292e-03  2.4961208e-03
   351 : -5.7091402e-05 -3.0790566e-05  1.5515944e-05
   352 : -2.1875105e-01  1.1130211e-01 -2.8233553e-01
   353 : -6.6991061e-04  6.4964797e-03 -4.4205362e-03
   354 : -7.3297845e-04  5.1448325e-04  3.2887264e-04
   355 :  3.4502212e-03  5.8569138e-03  8.0397885e-03
   356 : -8.3822219e-09 -7.9033216e-09  5.1247863e-09
   357 :  1.6297797e-03 -3.9472710e-03 -3.8816353e-03
   358 :  5.5703282e-04  6.4260415e-03  7.7428920e-03
   359 : -8.6988922e-14  3.1809055e-13 -1.8361020e-13
   360 :  2.2782894e-03 -8.2023307e-04  9.3777722e-04
   361 :  5.7653912e-05  1.0299897e-04  1.0525249e-04
   362 :  7.1826627e-03  1.0494674e-02  8.4994670e-03
   363 : -1.0175538e-03 -2.3355384e-03  1.9438753e-03
   364 : -1.9693671e-04 -1.5719830e-03  1.9217563e-04
   365 :  4.8897221e-03  1.3063343e-01 -1.1480398e-01
   366 :  1.3733144e-08 -3.4989779e-08 -4.7124012e-09
   367 : -1.1167012e-03  4.5485127e-03 -1.6789095e-03
   368 : -2.4204771e-03 -4.3663604e-03 -2.3812194e-03
   369 :  1.6276471e-02  6.9049127e-03 -1.9593319e-03
   370 :  4.8666611e-03 -1.2474383e-02  3.3414766e-02
   371 :  3.4998611e-08  3.9778181e-08 -1.8297051e-07
   372 : -1.2972236e-02 -1.3598148e-02 -2.0717840e-02
   373 : -2.7187076e-04 -5.0563323e-03  7.6852842e-03
   374 :  2.4086359e-03  5.2484265e-03  1.1574282e-03
   375 :  9.5948914e-06  5.5730514e-06 -1.7359787e-05
   376 :  3.8915911e-09 -5.5530727e-09 -4.5673480e-09
   377 : -9.6953131e-03 -6.6289307e-03 -1.2432371e-03
   378 :  5.2949401e-03 -2.8923303e-02  5.3585725e-02
   379 :  8.2601184e-12 -3.3370298e-11  1.5629310e-11
   380 :  4.0182931e-03  2.3400471e-03  5.3339339e-04
   381 :  4.7878320e-03 -7.6601465e-04 -1.2233949e-03
   382 : -8.7408018e-04  1.1054005e-03  7.7640910e-04
   383 : -6.4490953e-03 -9.9138407e-03 -9.5747368e-03
   384 :  3.2371540e-05  1.2065933e-04  1.8833458e-05
   385 : -1.3289964e-03 -2.1358165e-03  1.3407925e-03
   386 : -5.8856437e-04  2.5168113e-03  1.5137918e-03
   387 :  1.3948439e-05 -2.5675336e-05 -3.0491001e-05
   388 : -6.5605614e-03 -1.1713254e-04  1.2003011e-02
   389 : -3.0553326e-03  1.1372760e-02  2.7925632e-03
   390 :  8.5348410e-04  1.3681521e-02 -1.1021356e-02
   391 : -4.8139740e-04  7.4195492e-03 -3.3916614e-03
   392 : -4.9744927e-03 -2.4833106e-03 -7.4292619e-03
   393 : -8.4020990e-04  1.9869539e-03 -3.4879786e-03
   394 :  4.3687383e-04 -5.7646810e-04  8.2785843e-05
   395 : -6.3833630e-03  9.2837567e-03 -3.8432141e-03
   396 : -7.3919325e-11  1.0318608e-10 -2.0538725e-10
   397 : -1.5824421e-03 -4.1692203e-03 -6.2372586e-03
   398 : -1.7703589e-03 -1.0225192e-03  1.7476164e-04
   399 : -1.0228687e-03  1.8616990e-03 -5.4966046e-03
   400 :  2.8125210e-03  2.3715349e-03 -4.2363064e-04
   401 :  1.3711947e-03  3.3158482e-03 -5.5237459e-04
   402 : -1.4942822e-03  8.9121562e-05  1.7461663e-04
   403 : -4.1777615e-04 -9.1483679e-04 -1.7402106e-03
   404 :  5.2747989e-09  9.1826887e-09 -2.2154964e-08
   405 : -8.9242162e-03 -6.8035299e-03 -9.3098554e-03
   406 :  1.7783365e-03  1.4737582e-03  1.4403459e-03
   407 : -1.0045138e-03 -4.2495906e-03 -9.3435904e-04
   408 :  1.7049616e-03 -5.9457266e-04 -6.5609856e-04
   409 :  6.5070854e-04 -3.0708466e-04 -6.9953970e-03
   410 :  3.7056771e-03 -1.3890684e-03  4.3545272e-03
   411 :  2.4161192e-03 -4.4443219e-04  3.5036417e-03
   412 : -1.4129589e-02 -3.4411398e-03 -1.3519481e-03
   413 : -1.0964260e-09 -7.4248731e-10  2.1028408e-09
   414 :  5.4627532e-05 -6.5101727e-04  7.9754589e-04
   415 : -6.4802094e-03 -2.7265869e-03 -2.8119562e-03
   416 : -3.8472231e-06  1.3775540e-06 -1.4774426e-06
   417 :  3.9317900e-05 -5.7894986e-04 -5.6624086e-03
   418 : -4.0323318e-03 -4.5100065e-03 -1.3064979e-04
   419 :  5.5879707e-08 -1.3210143e-07  5.1506013e-09
   420 : -5.3180124e-08  1.5080758e-07  6.3566400e-08
   421 :  5.7831874e-06 -1.8019188e-05  7.8583882e-06
   422 :  7.0431790e-03  1.3315870e-02  1.0612751e-03
   423 : -1.2008369e-02  1.4330369e-02  1.7343879e-02
   424 :  4.3551896e-06  3.1751156e-04  1.6576047e-04
   425 : -2.7751068e-05 -1.2544833e-04  3.9130439e-05
   426 : -1.1538983e-03 -1.0372633e-03 -1.2994631e-04
   427 :  1.1902008e-02  6.6005998e-03  4.4850696e-03
   428 :  6.1457455e-04 -1.2632036e-03 -1.0202730e-03
   429 :  1.7628652e-02  1.4953036e-02  6.5792460e-03
   430 : -1.5569553e-03 -6.0832329e-04 -6.3282331e-04
   431 : -4.7236535e-03 -6.5393525e-03 -2.7826852e-03
   432 :  2.2521472e-03  9.1739642e-03 -3.5768274e-03
   433 : -1.0171835e-08  1.4159389e-08  1.1921593e-08
   434 : -8.0101789e-04 -2.7501687e-03 -3.9495230e-04
   435 : -1.1776666e-02  2.0867177e-02  5.9126234e-03
   436 : -2.1123499e-05  5.5201396e-05  1.3473690e-04
   437 :  1.1959601e-02  1.8009476e-02 -9.5927518e-04
   438 :  1.6272183e-03  3.3285235e-03  1.0595255e-03
   439 : -3.7404203e-04  6.7031173e-04  6.8456945e-04
   440 : -3.6301593e-07  2.9883648e-07 -5.2812870e-07
   441 :  6.2005480e-10  4.7932446e-10  3.0022788e-10
   442 :  3.4072781e-04  3.3566651e-04  8.7883906e-04
   443 :  2.6052248e-02 -1.8334845e-02  3.6821324e-03
   444 :  4.0570163e-04  2.1717709e-04 -1.3103641e-04
   445 :  3.7759232e-03  7.1906503e-03  1.3176367e-03
   446 :  1.2498939e-03  3.2117357e-03  5.7805420e-03
   447 :  3.3570490e-03  3.1316157e-02  1.7061591e-03
   448 : -2.1180276e-03 -4.9581760e-04 -1.0948772e-03
   449 : -1.8223502e-09  3.7959293e-09  8.1609370e-10
   450 :  2.5840469e-10 -2.9854509e-10 -1.6874826e-10
   451 : -7.9862322e-04 -1.5057289e-03 -1.4975362e-03
   452 :  5.4956978e-03  2.6915968e-03  5.0770876e-03
   453 :  6.8673334e-03 -2.9753977e-03  3.9300970e-03
   454 : -1.7722760e-04  9.7535173e-04 -7.9562118e-04
   455 : -2.1389309e-03 -1.8987152e-05 -1.3463939e-03
   456 :  2.2428370e-03 -2.7035686e-04  6.9723268e-03
   457 : -5.6271214e-10  1.2972072e-09  8.4857869e-10
   458 :  1.6091669e-05  8.1680075e-03  1.0419077e-03
   459 : -2.9749548e-03  1.1597321e-03  1.5914602e-03
   460 : -7.4651693e-04 -8.7827194e-04 -5.8285220e-06
   461 :  2.2712313e-02  1.0459768e-02 -4.3090034e-03
   462 : -8.1650056e-03  3.5237074e-03 -1.1218339e-02
   463 :  1.2445973e-06  1.5880896e-06 -2.0243571e-06
   464 :  1.7814056e-03 -8.1355219e-03  5.7748289e-03
   465 :  4.3020677e-04 -7.9951048e-03 -6.0547075e-03
   466 : -6.4031167e-04  2.5050904e-04 -5.0051463e-03
   467 :  1.2919234e-06  8.9692500e-07 -9.7444709e-07
   468 : -3.8515874e-05 -1.4383767e-05 -1.5195597e-05
   469 :  2.1189617e-11 -4.9741784e-11 -4.1376962e-11
   470 : -2.3126400e-09  2.6521011e-09  1.7319550e-10
   471 :  3.0222262e-04  8.0999475e-05  2.1918501e-04
   472 :  9.5018928e-06 -1.1764243e-05 -5.3696282e-06
   473 : -4.7901811e-03 -5.9252090e-05  2.2199406e-03
   474 :  1.0344582e-07 -2.4019734e-08 -9.7302093e-08
   475 : -3.8466192e-04  2.2208018e-04 -1.2961292e-04
   476 :  1.3306635e-04  1.5624414e-04  1.7940865e-04
   477 : -2.3681418e-11  2.9682464e-11 -1.7373355e-10
   478 :  1.2260151e-02 -2.3266504e-03 -1.9619645e-03
   479 : -1.2502827e-11  3.4525073e-11 -7.4964326e-12
   480 : -5.4264948e-04 -1.8013621e-03 -1.4642274e-03
   481 : -1.4563335e-03 -4.1800660e-04 -3.3039574e-05
   482 : -1.0704936e-06  6.1081427e-08  6.1183088e-08
   483 :  2.7843822e-04  2.1820124e-03  2.4041583e-03
   484 : -5.1372124e-03  4.1107840e-04 -1.1581766e-03
   485 :  1.9789898e-03 -1.0618297e-01  7.5127922e-02
   486 :  9.0353521e-03  1.3846916e-03 -3.8707632e-04
   487 : -3.5201900e-03 -2.1436091e-02  3.9601465e-03
   488 :  3.4424291e-03  3.4502173e-03  2.2538140e-03
   489 :  7.3451596e-09  8.4857390e-08 -2.1193936e-07
   490 : -1.0018540e-07 -4.8685976e-07  3.7969231e-07
   491 :  1.3162644e-07  5.5653464e-08  1.3940319e-07
   492 : -5.4056592e-03  8.7190538e-03  1.0658785e-02
   493 : -3.8119860e-03 -3.9762511e-03 -6.4806369e-03
   494 : -3.8908934e-03 -1.4990240e-03 -1.3265150e-05
   495 :  3.6871246e-03 -4.0329793e-03 -3.0507509e-03
   496 : -4.5450008e-05 -1.9033296e-04  2.9841022e-04
   497 :  1.5378119e-10 -2.3101396e-09  2.1884218e-09
   498 :  1.6557378e-08 -2.5159954e-08  2.4702566e-08
   499 : -5.5368860e-03 -1.1209384e-03 -2.7620986e-03
   500 : -6.1324286e-11  1.5244556e-10  2.0362823e-10
   501 :  3.4972908e-11 -1.3046070e-10 -1.0330052e-10
   502 : -4.3304698e-04 -1.1921263e-03 -1.7393000e-04
   503 : -2.9288216e-03 -1.9224697e-03 -2.2722006e-04
   504 : -5.8507646e-03 -3.7525100e-03 -6.6312753e-03
   505 : -7.6332998e-04 -1.8438273e-03 -3.8065433e-03
   506 : -3.7963411e-09  6.7506475e-07  7.9214907e-07
   507 : -1.5865257e-05  1.0626612e-07 -1.1683140e-05
   508 : -8.1573881e-06 -9.2699137e-06 -3.7263560e-07
   509 : -1.1071536e-03  3.6555056e-05 -7.9389902e-04
   510 : -3.1342654e-05  6.1024226e-05 -4.8049213e-05
   511 :  1.1559962e-02  3.2841809e-03  4.2852961e-03
   512 : -2.5674103e-04  1.1976911e-04 -1.4433504e-03
   513 : -2.4778921e-02  1.9795950e-03  7.6309061e-03
   514 : -2.4806742e-03  1.0326395e-03 -3.6962588e-03
   515 : -7.6175981e-03 -9.2966769e-03 -9.6841089e-04
   516 : -2.1359376e-05 -3.9395199e-05  2.2712407e-05
   517 :  1.7532093e-02 -3.4181441e-02 -7.5300606e-03
   518 :  1.5544968e-02  1.8721187e-02 -1.1139651e-02
   519 :  1.0225796e-02  6.2209568e-03  6.3798176e-03
   520 :  4.1658918e-03  9.1023620e-03 -6.3823801e-03
   521 : -1.3637717e-03 -8.7879507e-04  2.0688931e-03
   522 :  4.3229573e-04  1.9208321e-03  1.3130841e-03
   523 :  3.2448330e-03  2.3788397e-02 -4.1069492e-02
   524 : -4.8320394e-03 -9.8845135e-02  9.8125904e-02
   525 :  5.6319204e-04  3.3352708e-03  1.8941892e-03
   526 : -9.1083550e-04 -2.2186241e-05 -1.2131003e-03
   527 :  1.4389084e-08 -6.7037815e-09 -5.7221250e-08
   528 : -1.5968460e-03  9.7287328e-03  9.8031215e-03
   529 :  3.8330892e-03  4.8570826e-03  4.7538392e-03
   530 : -4.0556729e-03 -2.0161477e-03 -1.6410379e-03
   531 : -6.5870824e-03 -1.4244882e-03 -5.2804471e-03
   532 :  9.6883699e-03  5.5244074e-03  6.0542576e-03
   533 :  3.3623712e-12 -2.0607967e-12  1.5983793e-12
   534 : -8.4296606e-13 -2.3991961e-12  5.0977123e-12
   535 : -3.7964495e-07 -2.1981310e-07 -1.9004899e-07
   536 : -1.1737491e-03 -5.0103413e-03 -4.6482531e-03
   537 : -2.7713979e-03  1.3909861e-05 -2.7714033e-03
   538 :  3.3599054e-03 -5.7200773e-04  2.5385082e-03
   539 :  2.1948362e-08 -4.8708763e-08 -5.6386445e-08
   540 :  4.7800463e-07 -1.2805201e-07  1.5314733e-06
   541 :  3.1687896e-06 -8.9722313e-06 -1.5080626e-05
   542 :  7.7262402e-04 -1.0935847e-02 -1.0428885e-03
   543 : -7.9144013e-09 -2.2203360e-09  4.3983887e-08
   544 :  4.4606727e-03 -2.5454134e-03  2.0844616e-03
   545 : -9.3217391e-05  1.1105601e-04  2.3017219e-04
   546 :  3.9464719e-03  3.6953092e-03  1.8621093e-03
   547 : -9.0928093e-07  1.3085214e-06  4.4204380e-08
   548 :  6.6767649e-04 -1.8422654e-03 -1.3742102e-04
   549 : -3.4822104e-05 -2.1934680e-05  2.4104608e-06
   550 : -2.4232532e-02 -7.1341690e-03  1.1135298e-03
   551 : -5.1869490e-04  1.2079547e-03  2.1969740e-03
   552 : -1.3376949e-02 -7.0325624e-02 -9.3928509e-03
   553 :  1.1875325e-03 -9.1110617e-03 -5.0585324e-03
   554 : -5.7074097e-05  1.6882891e-04 -3.6566887e-05
   555 :  6.5829345e-03 -6.0182542e-03  4.3167499e-03
   556 : -2.1985414e-05 -2.6741349e-05  1.4719820e-05
   557 :  6.3715105e-03 -7.6256735e-03 -2.5544644e-03
   558 : -1.1696484e-05  3.6176257e-03  5.3535039e-03
   559 : -1.8617689e-02 -4.9339364e-03 -4.4352750e-02
   560 : -6.8470259e-03 -4.4013004e-03 -1.0224301e-02
   561 : -4.7868294e-03 -2.5602027e-03  1.3464963e-02
   562 :  1.2880289e-02  3.5588979e-03  6.9026456e-03
   563 : -2.8685007e-10  1.4458893e-10  1.0317959e-10
   564 :  2.3441775e-03  1.2118054e-03  1.1014047e-03
   565 : -2.1551983e-04  7.1525169e-04 -1.6640918e-03
   566 :  7.0633516e-06  5.6323890e-06 -8.7205086e-06
   567 :  2.4998051e-02 -6.7219729e-02  6.8650841e-02
   568 : -5.2787470e-03 -3.9796497e-02  2.8345892e-02
   569 :  9.1339735e-04  1.4449893e-03  9.6475347e-04
   570 : -5.5246736e-05  1.9256088e-04  1.3618116e-04
   571 :  3.4051699e-03  3.0127678e-04  1.3836056e-02
   572 : -2.0534951e-10  8.2694735e-12 -7.0144210e-11
   573 :  2.5451933e-03  1.2507218e-03 -9.3362263e-04
   574 :  1.5704444e-02  2.1803595e-04  7.7423580e-03
   575 :  7.5521356e-04 -1.3334895e-04 -8.0983870e-04
   576 : -5.5572015e-04 -3.0686372e-03 -1.0283434e-03
   577 : -9.1274736e-04 -1.4774342e-03 -1.3214458e-03
   578 :  5.3567598e-12  4.0841523e-11 -1.8521410e-11
   579 :  4.1754349e-03  2.5001739e-03  4.2033806e-03
   580 :  3.3727960e-04  1.2987776e-03  2.6752695e-03
   581 : -1.0220307e-05  1.0223468e-04  5.5909373e-05
   582 : -9.6989577e-12  1.3449700e-12 -1.7352534e-12
   583 : -3.6693531e-03  6.0037640e-03  2.7381068e-03
   584 : -9.9266293e-10  3.1330402e-09  7.5030483e-11
   585 : -4.2365373e-03 -1.1986970e-04 -2.6026459e-03
   586 : -6.6851317e-07  4.4410863e-06 -6.4740525e-07
   587 :  7.1497032e-05 -1.0512474e-03 -9.8467284e-04
   588 : -1.0183243e-05  8.5104589e-06  3.4432228e-06
   589 :  1.5005070e-02 -7.2305453e-03  8.4552376e-03
   590 : -5.4670096e-03 -4.1458512e-03 -5.3774367e-03
   591 :  6.3024940e-11 -1.0755338e-10 -6.6118266e-11
   592 :  1.1521932e-06 -1.1110141e-05  2.8137763e-05
   593 :  4.7461765e-03  9.5934581e-03  7.2364740e-03
   594 :  9.6874211e-03  8.2586757e-03  8.9365108e-03
   595 : -2.0255357e-02  5.5956838e-03 -2.6056177e-02
   596 : -4.2788001e-03 -1.3580223e-01  1.5448682e-01
   597 :  1.2466307e-02  7.8127981e-03  9.5170170e-03
   598 : -8.5579563e-04 -1.1620990e-03 -2.3715444e-04
   599 : -5.7347068e-04 -3.6545974e-03  1.9638410e-03
   600 :  3.7225881e-03  1.9575773e-03 -3.2510304e-03
   601 :  3.3838390e-03  6.5548364e-03  5.5872367e-03
   602 :  1.6068558e-06  3.9147988e-06 -1.7918108e-06
   603 : -9.5083622e-08  7.2074699e-08  2.5893551e-08
   604 :  1.6185925e-03 -1.1202881e-03  1.0547347e-03
   605 : -5.4192332e-04  1.3393584e-02  1.1552979e-02
   606 :  3.1653563e-03  1.2500568e-03  2.0690145e-03
   607 :  2.4760944e-03 -6.7316975e-03 -8.1005942e-03
   608 : -3.0675665e-06 -5.4961158e-06  3.1720080e-06
   609 :  1.2120976e-04  8.4515127e-05  7.7430789e-05
   610 : -5.6732777e-08 -3.3079783e-08 -4.6088058e-08
   611 :  3.2251889e-03  3.7973747e-03  4.5872850e-03
   612 : -1.7572584e-02  5.9180879e-03  5.6051490e-03
   613 :  6.8824259e-03  6.8871602e-03 -3.5359140e-04
   614 :  3.8174790e-02  7.2183227e-02 -4.2208061e-02
   615 : -2.7642483e-02 -6.5049768e-03  1.0498547e-02
   616 : -1.6307911e-08  4.8561869e-08  5.3352173e-09
   617 :  3.0846815e-03  6.0268218e-03  6.7840134e-03
   618 :  1.2151170e-02  1.8490170e-02 -5.6772999e-03
   619 :  3.2445251e-07 -2.4055850e-06  3.1653750e-06
   620 :  3.2728442e-03 -2.6344463e-03  7.3118027e-04
   621 : -6.4622005e-03  7.5167416e-03  5.2006693e-03
   622 :  1.3482076e-03  4.9942578e-03  6.5196810e-03
   623 :  8.5372851e-03  1.6125711e-02  6.1176212e-03
   624 : -3.0642346e-03  5.5357687e-04  4.3723720e-03
   625 :  2.0785204e-03 -1.1638281e-02  8.1133563e-04
   626 :  6.9421569e-12  1.7592291e-11  2.6261735e-12
   627 :  2.2222699e-07 -1.0126141e-07 -3.8577114e-07
   628 :  4.6517919e-03  5.8570520e-03 -4.2753044e-03
   629 : -2.1870965e-04 -5.0259514e-05 -4.3087310e-04
   630 : -2.9393308e-03 -6.2746246e-03 -9.4758516e-03
   631 :  8.0090929e-03  1.4293886e-03  8.4670461e-03
   632 :  6.1633424e-10  2.8378904e-09  4.0953728e-09
   633 : -1.7082174e-03  2.1845764e-03  7.2900979e-03
   634 : -4.8747293e-03 -7.0550934e-03 -2.7500524e-03
   635 :  2.1193261e-03  8.2372509e-04 -6.0415465e-04
   636 : -4.2548089e-03 -2.2985968e-03 -2.7255523e-03
   637 :  7.7676268e-04 -7.0289939e-03 -4.9502809e-04
   638 :  2.1673053e-03  6.0886687e-03  4.2886434e-03
   639 : -1.6827098e-03 -6.6167406e-03 -8.6178241e-04
   640 :  3.1825063e-04  1.6149172e-03  1.7419650e-03
   641 : -2.3775734e-06  4.3357866e-06 -2.3185279e-06
   642 : -2.3743652e-02 -2.0520224e-02  1.4190181e-03
   643 : -6.6296376e-05  2.7167236e-04 -3.9899891e-04
   644 :  3.2306177e-02  2.0672768e-02  2.1815126e-02
   645 :  1.9874734e-03 -1.1556892e-03 -9.5745774e-04
   646 : -4.7341783e-03  3.0641551e-03 -8.9490837e-03
   647 : -1.0546373e-02  1.3192168e-02  7.1562696e-03
   648 : -3.4945034e-04 -4.9808978e-04 -1.9895943e-03
   649 : -4.2547087e-05  6.6907075e-04  1.1919043e-03
   650 :  3.7107722e-02 -2.7517542e-03  7.7918354e-03
   651 :  4.9732189e-02 -2.2513502e-03 -2.7622185e-02
   652 : -2.6125725e-03 -5.4343928e-03 -2.0844580e-03
   653 : -6.6444968e-03  3.3633694e-03  7.1694934e-03
   654 : -4.3262348e-06  1.7588309e-04  2.2662180e-04
   655 : -7.2209524e-03 -8.7810153e-05 -6.1653315e-03
   656 : -1.3372222e-03 -2.1425864e-04 -1.9923048e-03
   657 : -9.7446819e-03 -9.5191876e-03 -8.7364597e-03
   658 : -5.6849219e-03 -8.2682267e-04  2.8145137e-03
   659 :  7.3909692e-04  7.3682258e-05 -2.5563094e-03
   660 :  1.7403695e-03  3.1024179e-04  6.7807867e-03
   661 :  8.4607512e-03  8.1409555e-03  5.6013701e-03
   662 :  1.4318397e-02  1.0167998e-02  3.0133136e-03
   663 : -7.4880923e-04  3.3111332e-03  1.7781800e-03
   664 : -9.8197830e-03  1.1175591e-02  8.1399078e-03
   665 :  8.6681087e-04 -2.7384188e-04  6.5712110e-04
   666 : -1.0333226e-08  1.9516073e-08  1.0597567e-08
   667 :  1.0832693e-04 -1.4747310e-05  5.3156551e-05
   668 : -2.6510390e-03  3.0966845e-03 -2.5435152e-03
   669 :  8.5561632e-12  2.5186981e-11  1.2569929e-11
   670 : -1.2581414e-03 -4.6797239e-03 -4.2416520e-03
   671 :  6.2118546e-04  2.3394779e-04 -1.3135432e-04
   672 : -3.0341794e-03 -6.3071425e-03 -4.5147313e-03
   673 :  3.1977453e-03  1.0862482e-02  4.9826293e-03
   674 :  1.2017172e-02 -1.1944209e-02 -7.2379124e-03
   675 :  7.0107136e-03  9.0428773e-03 -9.6892887e-04
   676 : -5.0955359e-03 -7.9920891e-02  8.2050012e-02
   677 : -4.8138802e-03  3.7012355e-03 -7.2638743e-03
   678 : -3.2140767e-03 -2.2234187e-03 -4.1700192e-03
   679 :  4.5106241e-03 -1.9038760e-03 -1.3945976e-03
   680 :  1.6335966e-03  6.9748483e-03  3.5851000e-03
   681 : -9.4099661e-06 -1.4947175e-05  1.6047166e-05
   682 : -3.7521922e-05  2.9644661e-05 -1.1192483e-05
   683 :  1.7093790e-04  1.3397507e-04  7.1280912e-05
   684 :  1.1533513e-05 -2.5112101e-06  3.9967702e-06
   685 : -4.5547783e-03  6.2091246e-04 -2.5679531e-03
   686 : -8.3953494e-03 -1.7401515e-03  1.4460536e-02
   687 :  1.2395129e-05  1.5090067e-05 -4.8207401e-05
   688 :  7.8190092e-03  4.6716429e-03 -3.1917884e-03
   689 :  5.8669336e-03  6.5396363e-03  4.9881396e-03
   690 : -8.0450382e-03 -6.5874149e-03 -6.8151889e-03
   691 :  5.2730014e-04 -7.3314182e-04 -6.7753336e-04
   692 : -1.4092692e-02 -1.0289956e-02  1.2341954e-02
   693 :  3.3900916e-11 -1.6931567e-11  1.6108263e-11
   694 : -2.0369671e-07  5.1340475e-08  4.1817061e-07
   695 :  1.9148162e-03  3.7134165e-03  2.3292640e-03
   696 : -5.9585413e-02 -1.2705721e-02 -2.8177130e-02
   697 :  7.5137981e-03  2.2943774e-03 -5.4156348e-04
   698 : -5.0910068e-03 -3.1575654e-03 -4.6873444e-03
   699 :  9.4767360e-03  9.0325159e-03  8.3304674e-03
   700 : -2.9823250e-10 -4.0248710e-10  1.4855524e-09
   701 :  4.7531263e-09 -1.1732714e-08  2.6133602e-09
   702 : -8.0377381e-06  2.1250645e-04  9.7167191e-05
   703 :  1.1405559e-03 -3.4675903e-03 -1.4829506e-03
   704 :  5.7202496e-03  2.4363661e-02  1.0509815e-03
   705 :  1.2983787e-06  1.3003205e-06  1.2051756e-06
   706 : -2.5691121e-01  2.4048558e-01  3.6439428e-02
   707 :  1.8772474e-02 -2.8757679e-03 -2.5118129e-02
   708 :  1.0283363e-02  5.8816663e-03  1.3726221e-02
   709 : -4.3789239e-03  8.4161320e-02 -7.1579301e-02
   710 :  9.6372821e-04 -1.7739387e-03 -1.7444725e-03
   711 : -7.0922525e-03 -1.4137435e-03 -7.1876467e-04
   712 :  2.2126999e-04  1.0016323e-03  6.0258247e-04
   713 : -1.3761109e-02 -1.6008047e-03 -2.1187051e-03
   714 : -1.1992286e-03 -3.4802926e-04 -5.8138480e-04
   715 :  1.6432394e-03 -4.8946312e-03 -7.5751788e-04
   716 :  4.0241513e-07 -3.4789245e-07  4.6223335e-07
   717 : -1.1011555e-03  7.2657242e-04  3.2072675e-03
   718 : -1.5116968e-02 -2.4857381e-03  2.2606298e-03
   719 : -2.5866543e-03 -1.4310157e-03  2.5732355e-03
   720 : -8.2273557e-05  1.2006234e-03  3.7547580e-04
   721 : -4.1932008e-03 -2.2983966e-02  1.4475118e-02
   722 : -3.1968478e-05 -1.7923504e-05 -6.0621310e-06
   723 :  1.5622175e-05  1.7340694e-04 -1.9478649e-04
   724 : -6.8680686e-06  2.4982531e-05 -1.9221530e-05
   725 :  4.6282417e-04  9.9040692e-04  1.0759835e-03
   726 :  3.1683224e-03 -1.2006144e-02  3.4281366e-02
   727 : -5.9544836e-04  3.9811730e-04  1.1771500e-03
   728 : -1.4100316e-03 -1.5695760e-03  9.2746567e-04
   729 :  4.8852041e-03  7.5007895e-03 -3.7478575e-03
   730 : -5.4260813e-03 -6.1227374e-03 -4.2535408e-03
   731 : -2.7359535e-05  2.5701083e-05  7.7805026e-07
   732 :  1.1669316e-02  5.2917302e-03  2.7537420e-03
   733 : -7.5463963e-05 -8.0934722e-04 -1.1319487e-03
   734 : -2.8533669e-02 -7.3661363e-01  8.5097330e-01
   735 : -3.9297097e-03 -3.2269428e-01  3.2144081e-01
   736 :  3.3685969e-03  4.5007533e-03  6.1125736e-03
   737 :  9.6675875e-03  8.2476569e-03 -1.0318855e-03
   738 : -2.4140283e-03  2.9311566e-04 -2.1789968e-03
   739 :  6.3047866e-03  3.3016065e-03  1.1163633e-02
   740 : -5.4284501e-03  7.6463640e-04 -4.2286238e-03
   741 : -5.2516443e-03 -1.3729031e-03 -4.3624824e-03
   742 :  2.7795405e-03  2.8079162e-04 -8.4634797e-03
   743 :  1.2242077e-03 -6.4972263e-04  1.4414290e-03
   744 : -7.7593935e-03  7.7512429e-03 -8.3065610e-03
   745 : -4.0908176e-06 -1.5934205e-05 -9.2779387e-06
   746 :  1.6001673e-04  2.4629893e-05 -2.7190003e-05
   747 :  1.1105937e-02  1.2570951e-02  9.4785230e-03
   748 : -5.5231414e-03 -4.7998644e-03  9.4557159e-04
   749 : -6.3587829e-03  6.1080464e-04 -1.7774476e-03
   750 :  2.7047034e-06  1.4302170e-06 -3.2959442e-06
   751 :  2.2566515e-04  1.4059849e-03 -3.8233200e-05
   752 : -2.6973057e-02  6.9397314e-04  1.5268705e-02
   753 : -3.9258612e-03  1.0813178e-03 -7.5811843e-03
   754 : -1.5920824e-03 -1.6954970e-03  2.9827049e-03
   755 : -4.1810756e-03  6.7537463e-03 -1.0791547e-02
   756 :  8.1277116e-03  2.4378551e-03 -5.0022524e-03
   757 :  4.4280388e-11  3.0142710e-11 -3.7867124e-11
   758 :  3.1381149e-04 -1.2030651e-02 -5.0995513e-03
   759 : -4.5231954e-03 -1.2767298e-03 -2.9246750e-03
   760 :  1.9486652e-02 -3.7920432e-03  2.5966421e-02
   761 : -6.9352186e-03 -4.1822272e-03 -1.3887040e-03
   762 : -2.9553515e-03 -2.0239970e-02  7.6357941e-03
   763 : -2.3297044e-08  3.0739695e-07 -7.6586566e-08
   764 : -1.6028544e-08 -8.2813078e-09  1.5478296e-09
   765 : -7.2422677e-04  5.5442929e-04 -3.2215202e-04
   766 :  4.5766653e-03 -6.2721703e-02  8.6682224e-02
   767 : -1.5755614e-02  6.8800493e-02 -9.9729440e-02
   768 : -3.8816869e-06  6.9384055e-06 -1.3361826e-05
   769 : -3.1642760e-03  1.3015273e-05 -1.6015808e-03
   770 :  8.0575414e-03 -7.7987049e-04  5.5665972e-03
   771 : -4.9501335e-04 -4.5659500e-03 -2.4498782e-03
   772 :  2.2550727e-03  4.8772675e-03  1.4253829e-03
   773 :  3.8110052e-03  1.3742435e-02 -1.5982629e-03
   774 :  2.0818355e-03 -7.7107910e-04 -2.8352766e-04
   775 :  4.9314785e-02 -1.6473842e-01  1.8935022e-01
   776 :  4.4663498e-03 -5.9553257e-03 -7.9989108e-03
   777 : -9.4902724e-03 -2.8260517e-03 -1.2191939e-03
   778 : -1.2393646e-03  1.2774633e-03 -1.2575644e-04
   779 : -5.3931909e-04  9.2858505e-04 -2.3661094e-04
   780 : -7.7368216e-03 -1.1746382e-03 -2.0548445e-03
   781 : -4.3385905e-06  2.6902336e-06  4.8087057e-07
   782 :  2.1974880e-11  1.1953938e-12 -3.9653529e-11
   783 : -1.7847970e-02  1.2715930e-02  5.7073846e-03
   784 :  1.2515921e-02 -8.7468600e-03  2.3127392e-02
   785 :  6.9869895e-06 -1.5795606e-05 -2.0117190e-06
   786 :  4.6483542e-03 -1.1922768e-02  4.2123219e-03
   787 :  3.7346359e-04  1.5350705e-03  3.9464384e-04
   788 : -3.2594046e-05 -2.8485632e-06 -1.3060016e-05
   789 :  6.9336524e-05 -6.7482140e-04  4.6879912e-04
   790 :  8.0098251e-03  1.3014651e-02  7.8240775e-03
   791 : -6.9304673e-02  3.8995820e-01 -6.5051072e-01
   792 :  1.4690038e-03  6.2972347e-03 -1.8135884e-04
   793 :  1.8712238e-03  2.8474347e-03  4.4871623e-03
   794 : -4.6964414e-03  2.0434985e-03  2.6684325e-03
   795 : -3.1930940e-03  5.5408088e-03 -4.4030070e-03
   796 :  2.0580946e-03  1.9447326e-03  4.4511919e-03
   797 : -1.1003805e-04  2.3953105e-05  2.1856868e-05
   798 : -1.9907494e-03  9.0264155e-03 -2.5566902e-02
   799 :  1.2103075e-02  8.0775857e-03  5.5623562e-03
   800 : -1.1611269e-03 -3.7177991e-04 -1.4596955e-03
   801 : -1.6119365e-04  6.1047846e-04 -4.7042677e-04
   802 : -3.2210338e-03 -2.0655914e-01  2.0721673e-01
   803 :  1.0641514e-02  9.4844038e-03  8.1035909e-03
   804 : -3.9758802e-04 -3.7673733e-04 -1.4758235e-03
   805 : -2.6201250e-02  5.2942178e-04  9.3931035e-03
   806 :  1.5473426e-04  9.5053968e-04  1.2689720e-03
   807 :  7.1008175e-06 -2.8895256e-05  3.3324432e-05
   808 :  1.6974779e-03 -3.5714260e-03 -2.4639429e-03
   809 :  8.4067362e-04 -2.6339381e-02  3.8724318e-02
   810 : -2.4240631e-04  6.2560952e-05 -1.5849455e-04
   811 : -8.4145009e-12  3.6943921e-12 -6.7734370e-12
   812 : -4.1143599e-03  1.0153205e-03 -6.3772757e-03
   813 : -1.1168087e-02 -1.8306863e-01  1.7644119e-01
   814 :  1.0398595e-10 -6.8386093e-12 -9.0486420e-11
   815 :  3.0756344e-12 -2.1769706e-12  3.8423254e-12
   816 : -4.7087154e-09  6.3738965e-09 -5.2241375e-10
   817 :  3.2071548e-11 -4.5025501e-10  4.1418769e-10
   818 :  2.5261057e-12 -6.0319336e-10  4.6208944e-10
   819 : -2.3976810e-02  1.0251828e-02  1.8791617e-02
   820 : -5.5158544e-11  1.8080349e-10 -4.0252141e-11
   821 : -2.2417764e-04 -8.1078273e-03  9.6248796e-03
   822 : -1.2199066e-02  8.2102260e-02 -8.5452755e-02
   823 : -1.0842171e-03  2.1294762e-03 -1.8716132e-03
   824 :  3.8701423e-03 -2.9673612e-02  5.0308210e-02
   825 :  1.9217066e-07 -8.9470855e-08 -3.6672265e-07
   826 : -6.3231436e-03 -3.3886431e-02  1.2293901e-02
   827 :  1.4380060e-04 -5.4474210e-04  1.2017280e-04
   828 :  4.4291944e-03  5.0217419e-03  8.4757139e-04
   829 : -2.8908506e-03 -5.2830317e-02  3.3323083e-02
   830 : -4.2425688e-03  8.9311183e-03  9.7390018e-03
   831 :  1.4323768e-02 -2.9228909e-01  2.9718123e-01
   832 :  2.4233672e-02 -1.7288506e-01  2.1503214e-01
   833 :  8.1996562e-03  4.6835758e-02 -3.0947283e-02
   834 :  5.4688299e-10 -3.8108981e-10  5.2589303e-10
   835 : -5.6965537e-12  7.2137414e-12 -1.4137422e-11
   836 : -5.7838880e-03 -2.0450421e-02  4.6117615e-03
   837 :  6.3701669e-05 -5.5596181e-05  7.3143447e-05
   838 : -1.3879893e-03 -4.4837256e-03 -1.8307389e-03
   839 : -2.1198605e-03  5.7385731e-03  5.8848345e-03
   840 : -7.0548815e-05  5.7468094e-05 -8.4046942e-05
   841 :  1.2077922e-03 -2.5500137e-04 -6.2508076e-04
   842 :  1.5444283e-03  7.9536523e-03 -3.0806781e-03
   843 :  5.0335587e-04 -6.9277874e-04  1.8007898e-04
   844 : -4.8515378e-03  6.4968778e-03 -1.3250817e-02
   845 : -7.2337696e-08 -1.7052632e-07  2.5525881e-07
   846 : -6.7376517e-04 -9.1712508e-02  1.0214353e-01
   847 :  1.1169016e-02  9.4017057e-02 -7.0397578e-02
   848 : -1.3203281e-13  7.4600064e-15  5.2540247e-14
   849 :  9.3908424e-03  6.7045436e-03  8.5662947e-03
   850 :  1.4776486e-02  6.8783073e-03  1.2050045e-02
   851 : -3.9085736e-03  3.7321547e-03  4.3104935e-03
   852 :  3.7885406e-08 -5.0850236e-08  3.7148795e-08
   853 : -6.0255760e-03  8.7602247e-03 -8.2542439e-03
   854 :  4.5372972e-14 -9.3373171e-14 -3.4298745e-14
   855 :  5.9856820e-04  5.5462614e-03  1.3087701e-04
   856 :  1.3794679e-02  1.8059636e-02  1.6637782e-02
   857 :  1.9364400e-03 -2.8612276e-04  1.9294464e-04
   858 : -8.8513890e-04  1.4045270e-03 -3.7949033e-03
   859 :  1.7389680e-07 -1.6104798e-07 -8.0202076e-08
   860 : -3.6847702e-03  1.0520127e-03 -2.5289900e-04
   861 : -1.6250035e-03 -4.2783027e-03 -5.7281262e-03
   862 : -5.4984646e-03 -3.5869700e-03 -6.2808109e-03
   863 : -1.6551141e-03 -1.7032155e-03 -2.3957280e-03
   864 : -2.1445680e-03 -1.5211556e-03 -6.3279974e-05
   865 : -1.6154586e-03  8.4291196e-02 -7.3639086e-02
   866 :  6.3950341e-02 -2.2023688e-02 -4.4212965e-02
   867 : -1.5521322e-03 -2.0538769e-03 -1.8780871e-04
   868 : -1.3092416e-03 -1.1537945e-02 -1.2191459e-02
   869 : -1.1175460e-02 -1.1726747e-02  2.6281732e-03
   870 : -2.6593908e-03 -1.2228738e-01  1.2752784e-01
   871 :  3.7197913e-03 -2.7167896e-03  1.8899482e-02
   872 :  4.5234655e-03  4.3833766e-04  4.6022646e-03
   873 :  2.7310017e-03  8.3061525e-04 -2.0400888e-04
   874 : -3.7114886e-04  2.2557748e-04  2.9925594e-03
   875 : -8.7365576e-04  1.4265683e-04 -4.8620996e-05
   876 : -1.0380995e-04 -1.2246941e-03 -9.4046214e-04
   877 : -2.1080542e-10  3.7764377e-10 -5.8283150e-10
   878 : -8.3965202e-09  1.3494704e-08 -2.2097666e-10
   879 : -3.7669217e-03  1.0824131e-04  9.3459140e-03
   880 :  6.4048995e-03  1.2644866e-02 -6.5355638e-03
   881 :  2.5191938e-10 -6.5584554e-11 -1.0648596e-10
   882 : -5.3709271e-10  4.3538351e-10  9.3178358e-10
   883 :  2.1331097e-04 -1.4464777e-04  1.6461222e-04
   884 :  1.0510220e-04 -6.4194985e-04  3.2195929e-04
   885 : -5.8445240e-03  7.2747721e-04  2.6632926e-03
   886 :  4.2283812e-03 -6.5600995e-03 -6.6342586e-03
   887 : -2.8985700e-03 -6.1765016e-03 -4.3789860e-03
   888 : -3.7930435e-03 -1.1007375e-03 -3.6017931e-03
   889 : -4.0687062e-03 -1.2344340e-03 -1.2585654e-03
   890 : -9.3195285e-04 -4.4049558e-03 -3.9643914e-03
   891 :  1.6932789e-03 -4.1171662e-04 -6.1187627e-04
   892 : -4.3264716e-03  6.3582958e-03  8.2859591e-03
   893 : -9.1487242e-02  1.1252191e-01  1.2844548e-01
   894 :  1.7538037e-02  3.6576994e-02 -5.7618028e-02
   895 :  1.0758160e-02 -3.1417461e-03 -4.8271359e-03
   896 : -3.8853348e-04  2.4311972e-03  3.7008101e-03
   897 :  1.1017545e-04 -2.7134980e-05  2.5269792e-05
   898 :  5.6297400e-05  9.3106014e-05  5.9894605e-05
   899 :  1.6728040e-04  2.4028847e-03  3.1768012e-03
   900 :  3.9511173e-03  5.3418408e-04 -3.1486363e-04
   901 : -6.0862413e-03  3.2126187e-02  1.3084531e-03
   902 : -1.0971615e-03 -7.7590770e-03 -7.4671957e-03
   903 : -5.5906221e-03 -6.0903813e-03  2.8388267e-04
   904 :  6.4861381e-04  1.7650441e-03 -5.5640377e-03
   905 :  3.5742728e-04 -9.0519415e-06 -1.4359461e-03
   906 :  1.1425454e-03  5.0807353e-03  1.0456402e-03
   907 : -9.5025128e-04 -7.1810417e-03  1.8868421e-03
   908 :  7.6783596e+00 -1.3887667e+01 -5.5595364e-01
   909 : -2.4744425e+00  5.9967963e-01  5.5660444e+00
   910 : -1.9884279e-04  1.2117860e-04 -1.3759893e-03
   911 : -1.7378702e-03 -1.7539397e-03 -1.0299380e-04
