Number of elements 912
     0 : -2.6778670e-06  5.0186234e-06  3.3120264e-06
     1 : -1.2889782e-02  3.2326556e-02  9.0121984e-03
     2 :  1.4309676e-02  4.7847632e-03  3.8902252e-03
     3 :  4.4936544e-04  3.2901144e-04 -5.0943133e-04
     4 :  1.0737472e-02  1.0779742e-02  1.2262919e-02
     5 : -4.8034867e-02  2.7599971e-02  3.9396781e-02
     6 : -1.5902049e-11 -5.8577420e-12  4.4130116e-11
     7 :  9.2248504e-03  3.3266170e-03  9.0680519e-03
     8 :  1.5776323e-02  8.8293582e-03  1.8751606e-02
     9 :  2.1809232e-10 -2.3910980e-11 -6.0204989e-10
    10 :  2.0045559e-02 -1.0537192e-02  2.0529094e-02
    11 :  2.8284092e-12 -6.2221955e-12 -5.9251321e-12
    12 : -7.3941438e-03 -2.3002612e-01  2.6507660e-01
    13 : -1.5501760e-02 -9.7467608e-03 -1.6599380e-02
    14 :  3.0168919e-04 -7.7577208e-04  1.7288233e-04
    15 :  5.5106844e-03  5.7100311e-03  4.1964078e-03
    16 :  7.9678782e-13  8.8483212e-13 -1.9012250e-12
    17 : -5.0234437e-08  7.7702769e-10 -2.2862349e-08
    18 :  6.1286645e-03  8.4371198e-03  7.9345881e-04
    19 : -5.1720188e-15  4.9194913e-14 -8.6652768e-15
    20 :  1.5246030e-08 -2.2089940e-07 -2.0888866e-07
    21 :  2.6684435e-03 -8.5747055e-03 -9.9406308e-03
    22 : -1.5112506e-02 -1.5782768e-02 -2.1791035e-02
    23 :  1.4527417e-14 -2.5875144e-13 -3.6772832e-13
    24 : -1.2231334e-03  2.1196863e-02  9.5777245e-04
    25 :  7.1076236e-16 -2.5702283e-14  1.1712842e-14
    26 :  3.0370253e-02  1.1970290e-02  3.2111424e-02
    27 : -3.1255063e-02  1.2775179e-02  1.4345831e-02
    28 :  7.1496332e-03 -8.7351036e-03  3.1832794e-02
    29 : -4.4321237e-03  2.1846901e-03  2.4749945e-02
    30 :  2.3101945e-02 -2.2042126e-02  3.9896765e-02
    31 :  7.2288003e-04 -2.6133074e-04 -1.4856914e-03
    32 : -2.6531249e-10 -1.3720513e-10  5.9933753e-10
    33 :  3.2208326e-03 -4.3827077e-03 -1.8376978e-03
    34 : -3.7863574e-16  7.1140149e-16  1.9370159e-15
    35 :  4.9274400e-04  2.4164978e-04 -9.5523683e-04
    36 : -3.7450183e-04  4.6746118e-03 -5.0034866e-04
    37 : -1.1681991e-02 -1.6117106e-02 -6.3117157e-03
    38 :  3.0980277e-03 -7.9237323e-03  1.1701829e-02
    39 :  7.8697091e-03  2.9560508e-02  3.7022848e-02
    40 :  1.3843608e-02 -9.2483111e-02  1.5944807e-01
    41 : -4.3279228e-03 -1.2779815e-02 -3.0585760e-02
    42 :  2.2067189e-14  2.1572922e-14  1.1527547e-14
    43 : -6.9983772e-07  9.4621825e-07  4.1482706e-07
    44 : -6.3035222e-04 -5.5833651e-03 -1.7446185e-02
    45 :  5.9247979e-05 -3.6317583e-05  1.0529174e-05
    46 :  5.6740326e-05 -3.5603446e-05 -6.7538380e-05
    47 :  9.5925639e-10 -5.4743931e-10  8.9640916e-10
    48 : -3.7766108e-13 -4.5937274e-12  4.6966970e-13
    49 :  2.0582661e-02 -1.6307918e-02 -1.5801189e-03
    50 : -4.4482243e-03 -3.5546761e-03  5.4151675e-03
    51 :  1.1626088e-03 -9.3841246e-03 -4.2894509e-03
    52 :  3.3537700e-02 -3.3567745e-02  3.2320439e-02
    53 : -1.7616613e-11 -4.8847579e-12  2.8280135e-11
    54 : -5.2382734e-03  2.7527812e-03 -2.2864484e-03
    55 : -1.2700574e-03 -1.9100666e-03 -2.2275497e-03
    56 :  8.3268061e-03  4.7561774e-03  1.2268627e-02
    57 : -5.2629319e-02 -4.1425665e-02  1.1038417e-02
    58 : -2.1046260e-02 -1.6225386e-01  1.3293007e-01
    59 : -2.4099130e-02 -2.5179584e-02 -1.4512104e-02
    60 :  3.2833288e-03 -1.0912530e-03  2.7014462e-04
    61 :  7.9374918e-03 -7.8637833e-04  3.5881318e-03
    62 :  2.4852500e-02  2.2241111e-02 -3.8664111e-04
    63 : -2.6263026e-02 -2.4999260e-02 -2.1550442e-03
    64 :  1.3476712e-02  5.9814008e-03  2.5923610e-02
    65 : -2.4676584e-03 -7.7112102e-05 -2.2758838e-03
    66 : -1.5290884e-03  1.3067509e-03 -6.3124186e-04
    67 :  3.4978831e-11 -2.8249423e-11 -6.1429731e-11
    68 : -4.7893431e-12  7.9150656e-12  9.3742628e-13
    69 :  4.0394586e-11 -4.0629006e-11 -5.0672899e-11
    70 :  2.2436393e-05 -4.5593792e-05 -1.3436368e-04
    71 : -1.0908923e-02 -8.8817070e-03 -2.1595691e-02
    72 : -6.8881400e-15  7.0442759e-15  9.3195935e-14
    73 :  2.0809229e-02 -6.4044623e-04  1.6791891e-03
    74 : -3.0693111e-07  8.3942206e-07 -3.6426598e-07
    75 :  1.0289720e-08  6.2807793e-09 -1.5010610e-08
    76 :  7.1529052e-14 -1.6372922e-13  2.8089839e-14
    77 : -1.1245237e-08  5.7829369e-09  1.2737504e-08
    78 :  8.9881806e-11 -4.1207011e-10  7.4167192e-11
    79 : -4.0489228e-07 -6.8406479e-07  6.7871691e-07
    80 : -2.6505541e-19  8.1272534e-18 -2.4465545e-18
    81 :  5.0505727e-10  4.0114917e-09 -1.9888833e-09
    82 :  1.1328468e-02 -1.7561083e-02  8.2267390e-02
    83 : -8.0396956e-16  3.6726346e-17  3.9011688e-15
    84 : -4.8410188e-15 -3.2082427e-14  2.4787936e-14
    85 : -5.7487950e-03  2.6172075e-02 -5.5999621e-02
    86 : -7.3726612e-08  3.9434073e-08 -9.5554592e-08
    87 : -7.5577670e-07  6.1755304e-07  9.2005285e-07
    88 :  2.3521017e-02  3.4946156e-02 -1.2536125e-02
    89 : -5.3926855e-03 -1.5594020e-02 -1.0845882e-02
    90 : -2.8148465e-14  1.0013947e-13 -1.2683011e-13
    91 :  9.2050167e-03  1.0418016e-02  1.0807759e-02
    92 :  2.0138657e-04  1.6102126e-04 -1.5251530e-04
    93 : -5.7782233e-17  1.1264920e-17  2.0310208e-17
    94 : -7.9951326e-07  1.3765916e-06  6.6147214e-07
    95 : -7.8195865e-12  3.1868263e-12 -3.5623142e-13
    96 :  2.6639890e-04  6.3971230e-04 -8.8248729e-04
    97 : -2.1106688e-04  5.8218676e-04  5.8170732e-05
    98 :  7.4398351e-03 -1.2287634e-03 -9.2384153e-03
    99 : -6.3772956e-11  1.8793234e-10 -4.8347686e-12
   100 : -1.0355151e-10 -1.3359933e-10  2.7719008e-10
   101 :  1.4310792e-03 -2.4912865e-03 -8.1152789e-04
   102 :  7.7501629e-03  1.3134366e-02  5.1307410e-03
   103 : -7.1166669e-16  5.3412493e-16  1.5386576e-15
   104 : -2.0694972e-05 -5.8295750e-06  1.9261151e-06
   105 : -3.1899330e-02 -9.7879209e-03 -1.7996222e-03
   106 : -2.4372704e-03 -2.8403459e-03  8.5954908e-03
   107 :  3.0670073e-03  2.3910605e-02  1.1989007e-03
   108 :  1.8758067e-02  1.7687571e-02  4.3644774e-04
   109 : -2.4595420e-02 -2.2740975e-02 -1.5864318e-02
   110 :  2.0724701e-02 -6.4686501e-05  8.0090310e-03
   111 :  2.0840127e-02 -1.5314739e-03  2.7425707e-03
   112 :  5.3740922e-10 -9.1511427e-10 -5.3810341e-10
   113 :  7.1722422e-04 -7.1730082e-03 -1.0165025e-02
   114 : -1.8862877e-03 -7.5682477e-04  6.7243003e-04
   115 : -5.8586008e-04  3.5942628e-02 -5.7822526e-02
   116 : -1.9883216e-02 -9.7997240e-02  8.0948874e-02
   117 :  9.1130990e-03  8.6959378e-03  1.0522966e-02
   118 :  1.6973674e-02  2.5585739e-02  1.0157061e-02
   119 :  1.3075611e-11  4.1334218e-12 -1.5619500e-11
   120 :  1.6732412e-04 -8.7546825e-05  7.5699831e-05
   121 : -9.3719521e-10  8.5477639e-09  5.0893720e-09
   122 : -1.8096561e-03 -2.8509940e-02  2.5470236e-02
   123 :  2.1823889e-15 -6.4220464e-15 -4.7876318e-15
   124 : -3.6502018e-12  5.1117703e-11 -1.7316206e-11
   125 :  3.7663094e-19 -1.1074046e-18  3.7982754e-19
   126 : -7.9294308e-08 -9.6493611e-08 -6.2749546e-08
   127 : -2.0050237e-08  8.7680701e-08  5.9257421e-08
   128 :  2.3835354e-02 -2.1143470e-02 -2.4598488e-02
   129 : -1.4135590e-07  2.6670572e-06  1.5176403e-06
   130 :  8.6328813e-03  3.6446902e-03  1.1240023e-02
   131 :  9.5040040e-04 -1.6438546e-02 -9.7019279e-03
   132 :  6.1901690e-03  1.0337590e-02  8.4539093e-03
   133 : -2.6733813e-02 -1.1920879e-02 -2.1246427e-02
   134 : -5.5851159e-03 -8.7380253e-03 -1.6460877e-02
   135 :  6.5404057e-03  1.0842925e-02 -2.3850061e-02
   136 :  6.8107512e-03  1.5414917e-02 -5.2026984e-03
   137 :  2.2341453e-02 -4.7891390e-03 -1.6979179e-02
   138 :  1.1689047e-02 -1.9346783e-02  2.3406858e-02
   139 :  1.3931576e-02  1.4940648e-02  3.7673744e-03
   140 : -6.6284270e-10 -9.1851879e-10  3.4773128e-10
   141 : -2.9980036e-09  6.6772048e-09  6.6180675e-10
   142 :  3.8507638e-03  2.9579033e-02 -6.1793145e-03
   143 :  1.3393702e-12 -4.9834201e-12  9.3341271e-12
   144 :  7.2646069e-04 -1.4830564e-03 -3.0648289e-03
   145 : -2.3418188e-03 -3.1476296e-03 -2.9349099e-05
   146 :  1.5742189e-05 -2.0041939e-05 -2.6098118e-05
   147 : -3.1954619e-12 -4.8373333e-13  1.2938621e-12
   148 :  5.6139289e-06 -2.3574034e-05  2.6369475e-05
   149 : -1.3431941e-03  1.5838543e-03 -5.8936679e-03
   150 : -4.6992111e-03  2.2345504e-03  1.8182534e-03
   151 :  4.2238840e-09  1.7790141e-08 -4.0986107e-09
   152 :  3.7942924e-07  8.8724163e-07  5.8477265e-07
   153 :  5.7299136e-02 -1.2878130e-03 -2.0502964e-02
   154 : -1.1750478e-17  6.0058641e-18 -6.4762813e-18
   155 :  4.4116429e-12 -1.3446430e-12  1.3852344e-12
   156 : -9.1659535e-14  3.0901187e-13 -1.1108091e-13
   157 : -1.0027756e-04  1.2839893e-04  1.9977350e-04
   158 :  2.7703653e-02 -2.9999268e-02  2.1155533e-02
   159 : -2.1590168e-03 -3.9398978e-03  2.4785891e-03
   160 : -7.0744672e-17  3.3745613e-17  2.4420604e-17
   161 : -4.9090425e-16 -2.6716098e-16  8.2105953e-16
   162 : -5.0033218e-03 -5.4124909e-03  1.8043727e-03
   163 :  1.3612073e-02 -2.1797393e-02  5.9777661e-04
   164 :  5.3452902e-08 -1.1690172e-07 -6.6982014e-08
   165 : -6.4149528e-03  1.8272568e-02 -3.9193315e-03
   166 : -8.6892328e-13 -2.9077423e-13  1.2040612e-12
   167 :  1.6701594e-02  2.3140444e-03  1.9942799e-02
   168 : -5.3559748e-02  4.2175675e-02 -1.9469871e-02
   169 :  3.6510980e-02  1.9708136e-02  1.2427177e-02
   170 :  1.0378489e-11 -3.5211465e-12 -6.8512185e-12
   171 :  7.5095175e-12  9.8635531e-12 -2.8684727e-11
   172 : -1.0021695e-02 -8.1544377e-04 -7.7758170e-04
   173 : -2.2965531e-02 -1.0806760e-02 -7.6446346e-03
   174 :  1.0652287e-02  1.0754319e-02  1.7836255e-02
   175 :  9.7978959e-06 -2.2730620e-06 -9.0170879e-06
   176 :  1.2066921e-14  4.4021700e-11  1.0397463e-10
   177 : -4.8350076e-03  1.3104764e-02  1.2151805e-02
   178 :  2.3281095e-02  2.5447450e-01 -2.3964972e-01
   179 :  2.9321928e-02  2.1846626e-02  4.2897586e-04
   180 :  6.3065375e-13  2.2412563e-13 -1.6715117e-12
   181 :  5.1138881e-03  1.8260895e-02  1.2691354e-02
   182 :  1.4034354e-06 -3.3392434e-07  9.2085063e-07
   183 :  9.1145496e-03  1.1409862e-02  5.8837813e-03
   184 :  3.6776090e-16  1.8939789e-15 -8.2552986e-16
   185 : -3.9321161e-09  9.6862992e-08  2.4263536e-08
   186 :  3.4551097e-04 -1.6727706e-04  3.0175703e-04
   187 :  3.4106244e-02 -8.7123916e-03  6.8145712e-03
   188 : -4.0595666e-03 -1.8612241e-01  2.3578100e-01
   189 :  1.1728220e-02  8.2139062e-03 -1.2628654e-02
   190 : -1.1620117e-03  3.1564051e-04 -2.2339859e-03
   191 :  2.7109474e-15 -8.9756474e-15 -1.0212089e-14
   192 :  1.0329511e-02 -9.7702405e-03 -1.6105417e-02
   193 : -4.0457028e-03 -1.1640957e-02 -7.8626625e-03
   194 :  2.7569900e-03  1.0418351e-01 -1.2267609e-01
   195 : -5.0916004e-04 -1.8194549e-04  3.6893714e-04
   196 : -3.2866749e-13  3.2297482e-13  9.8234510e-13
   197 :  2.6776448e-12 -4.5014322e-12 -1.4950093e-12
   198 : -1.1212150e-03  3.9177800e-04 -6.4525260e-06
   199 : -1.8349798e-02  7.7686305e-03 -1.9326290e-05
   200 :  5.6490754e-12 -3.4999359e-11  3.0098193e-11
   201 :  9.8286724e-03  4.6805367e-03  9.7569621e-04
   202 :  3.0733631e-03 -1.9097439e-03 -1.8238988e-03
   203 : -4.2606005e-14 -3.2321551e-14  2.6723166e-14
   204 :  1.1808495e-04 -6.8123233e-04  2.6645841e-04
   205 : -1.3997879e-03 -3.3946529e-02  4.7983563e-02
   206 :  7.8107812e-14 -2.8290912e-14 -1.7869380e-14
   207 :  3.1141501e-12 -2.1143265e-12  7.9236380e-13
   208 : -2.1339599e-08 -9.7262080e-09  7.7912515e-08
   209 : -9.4118717e-02  7.9741245e-02  5.2145729e-02
   210 :  2.3192440e-04 -8.2244122e-04 -8.1998390e-04
   211 : -3.0756004e-14 -2.1681797e-14  4.6567011e-14
   212 : -1.2009168e-03 -1.8778817e-02  2.2972558e-02
   213 :  6.8905884e-12  8.9770058e-12 -1.5094253e-11
   214 : -1.2896245e-03  3.4378892e-03  7.5993581e-04
   215 : -2.1748189e-02  2.2175296e-02  1.2277174e-02
   216 :  2.5416027e-02 -1.7579839e-02 -1.0573429e-02
   217 : -1.7084928e-17 -1.7584152e-17  1.7284648e-17
   218 :  4.6147697e-09 -1.0499888e-08 -8.8877864e-09
   219 : -2.9639235e-02 -1.3140133e-02  2.6470625e-03
   220 : -1.7650833e-07 -7.4087671e-08  3.0123736e-08
   221 : -2.4981004e-11  8.0903897e-11  7.0008345e-11
   222 : -8.4006954e-03 -1.0626045e-02 -1.0382355e-02
   223 : -3.3805252e-03 -8.7814033e-03 -4.2561929e-03
   224 :  1.3480510e-03 -3.2578047e-03  7.6078403e-05
   225 :  1.3544688e-07 -4.4113164e-07 -3.5309923e-07
   226 :  5.0182613e-10 -1.8188388e-10 -1.4334764e-10
   227 :  6.9591422e-05 -1.6470132e-05 -3.0303311e-05
   228 :  4.2329820e-03  5.6592587e-03  2.7510914e-02
   229 :  5.1713698e-06 -1.3949359e-06  1.1920270e-06
   230 :  2.9647464e-11  3.1601860e-11 -1.5960943e-11
   231 : -1.1934779e-11  3.1423561e-11  3.9663131e-13
   232 :  9.9147708e-18  8.1851826e-18 -7.3337293e-18
   233 :  3.6748484e-12  1.2051292e-10 -6.1355295e-11
   234 :  1.9226489e-02  6.8404510e-03  1.2318554e-02
   235 : -8.4694003e-02  3.1404534e-02 -2.5468748e-03
   236 :  4.8868018e-10 -6.9333002e-10 -6.3190264e-10
   237 :  3.0558948e-08  9.8623209e-09  9.4586830e-09
   238 : -8.4651839e-15 -6.5452385e-16  4.4802321e-15
   239 : -3.9525757e-11  4.1677747e-11 -2.3934481e-11
   240 : -8.6473218e-14  2.5641386e-13  1.2866299e-13
   241 : -6.9920167e-03 -9.5207064e-03 -2.2625742e-02
   242 :  1.2620595e-02  2.7069463e-02 -3.5711842e-02
   243 : -2.3840014e-03 -9.2456199e-03 -3.5599961e-03
   244 : -1.1145594e-02 -1.0470967e-02 -1.5598928e-02
   245 :  9.7772768e-10  1.6958870e-09 -3.9260029e-09
   246 :  6.3890941e-03  1.3807841e-03  1.0480704e-03
   247 : -1.4278393e-03 -1.2929903e-02  6.5017541e-03
   248 : -9.9848842e-19  1.2960322e-16 -8.2105599e-17
   249 : -2.0951738e-07 -1.2659017e-07  3.3271308e-07
   250 : -1.8955857e-03 -1.3322033e-02 -2.2129060e-02
   251 :  3.3892220e-03  1.6867321e-02  1.8246127e-02
   252 :  2.2104583e-10 -1.6446987e-10 -1.0871465e-10
   253 :  1.0851608e-14  4.8235634e-14  5.8496851e-15
   254 :  1.0007127e-02 -2.0654709e-03 -3.5057744e-03
   255 :  3.0396202e-04  4.3569179e-05 -1.1663822e-04
   256 : -2.1021658e-02 -1.9036476e-02  2.3923629e-02
   257 : -2.7071847e-03  8.1794173e-03 -3.8653048e-03
   258 : -7.3123634e-05 -4.7370680e-05  9.7294943e-05
   259 :  9.2542606e-09  9.9267986e-10  6.4121567e-09
   260 :  1.9812613e-02 -1.7408971e-02 -2.2671412e-02
   261 : -1.3526223e-03 -7.9392500e-04  1.2265134e-02
   262 :  1.0216318e-09 -1.6260437e-09 -9.6210168e-10
   263 :  4.3522977e-11 -4.5883521e-11 -7.5080664e-11
   264 :  2.3022275e-04 -1.1770881e-04  3.3392933e-04
   265 : -2.1513230e-03 -1.0505303e-02 -1.6357932e-03
   266 : -3.3050119e-07  2.9398457e-06 -1.6256411e-06
   267 :  5.5874037e-06 -9.2722667e-06  2.6551303e-06
   268 : -1.2720353e-13  1.2697216e-12 -2.5300040e-12
   269 :  3.4257549e-03  3.3632365e-03  1.2795690e-03
   270 : -3.8412993e-06  1.4733497e-05 -2.8912504e-05
   271 :  1.7881193e-03 -1.7660501e-02 -7.4564909e-04
   272 : -6.0724580e-06  3.1751919e-06 -7.3308657e-07
   273 : -1.7565277e-11  1.9698592e-11  3.0792256e-11
   274 :  2.1798794e-03 -2.9924961e-03  7.1950468e-03
   275 : -2.3837229e-09  4.7089149e-09 -1.8695620e-09
   276 : -1.7048214e-02 -2.6302812e-03 -1.0796874e-02
   277 :  1.7485455e-11 -6.5519261e-11  1.3362099e-10
   278 :  2.0280010e-02  1.8533466e-02 -1.3133581e-02
   279 :  1.1050215e-02 -4.9282234e-03 -3.3575495e-03
   280 : -1.4243788e-02  5.2635671e-04 -1.0663394e-02
   281 :  4.3657655e-04  1.4851638e-04 -2.8642966e-04
   282 : -2.8428374e-05  9.6578034e-06 -8.7594142e-06
   283 : -6.4324291e-08  1.1866606e-07  2.2225996e-08
   284 : -3.8475429e-10 -1.8821112e-10  1.3482562e-09
   285 : -1.0809705e-03 -5.2858453e-03 -1.5074030e-03
   286 : -5.5323235e-03 -2.7954119e-02 -2.4959827e-02
   287 : -2.3203047e-02 -5.9789448e-03  2.0614609e-02
   288 :  1.0106219e-02  1.0807872e-02  1.0969084e-02
   289 : -1.2325691e-03 -2.8237311e-03 -1.4571577e-03
   290 : -5.4181935e-03  9.3621742e-04 -2.4559609e-03
   291 : -3.3987804e-03  9.6518423e-03 -2.4238748e-03
   292 :  2.7882983e-03  2.1304263e-03 -9.9733570e-05
   293 :  3.4294345e-08 -2.5421465e-08 -5.7183175e-08
   294 : -4.4358553e-03 -1.3666337e-02 -2.7544576e-02
   295 :  6.5147556e-15 -2.6923262e-14 -8.8417320e-15
   296 : -6.4306779e-03 -1.5720808e-03 -2.5942970e-02
   297 :  4.3084022e-04 -3.0510827e-03 -1.9348813e-03
   298 : -1.0331597e-03 -5.3911445e-03 -6.8210829e-04
   299 :  4.8715307e-15  2.1703003e-15 -9.0072470e-15
   300 :  7.5673859e-03  1.6745634e-02  1.8266012e-03
   301 :  5.2450809e-03  1.3884331e-02 -2.1012709e-03
   302 :  1.0242247e-03  9.0973520e-03  1.2823454e-03
   303 :  3.6327812e-02  3.2548841e-02 -6.4348668e-05
   304 :  2.1672568e-02  1.9871669e-02  7.2085141e-03
   305 :  1.1885303e-04 -4.3924303e-05 -3.5719263e-05
   306 :  1.8122472e-03 -3.2825097e-03  7.8970521e-03
   307 :  2.0552127e-03  2.6398275e-03 -1.2340866e-02
   308 :  3.5673883e-04  1.9536767e-04 -7.8392357e-04
   309 :  2.4446023e-14  9.2572649e-14 -4.1021966e-14
   310 : -9.9329516e-03 -2.6469924e-03  2.2869369e-02
   311 :  1.3364255e-02 -9.9197602e-03 -5.2005988e-02
   312 : -3.4322903e-13  2.2966352e-13  5.5041361e-13
   313 :  8.8821511e-10  5.7039318e-08 -9.5496327e-09
   314 : -9.5415455e-15 -1.6790535e-14  4.7044890e-14
   315 :  2.6539237e-10  1.1957360e-09 -4.4192535e-10
   316 : -1.1453043e-02 -8.9062039e-04 -3.4742062e-04
   317 : -2.1704709e-16  4.0545247e-15 -1.6137593e-15
   318 : -5.9287887e-04 -1.7043904e-03 -1.8061699e-03
   319 : -2.9734850e-02  3.3605843e-03 -5.5929471e-03
   320 : -1.2594808e-03  3.3330079e-02  1.6594507e-02
   321 :  6.8092137e-03  4.9444314e-04 -2.0385279e-03
   322 :  3.5526657e-15 -9.0919991e-15  1.1424187e-15
   323 :  1.9620866e-15 -6.8926923e-15  1.5123997e-15
   324 :  2.0901450e-09 -7.4360186e-09  1.3230350e-09
   325 :  6.6979488e-09  2.1006251e-08  4.1295643e-09
   326 : -9.3732126e-03  6.5614648e-03 -2.8673195e-02
   327 :  3.2145436e-02  1.3187121e-01 -7.0339153e-02
   328 : -9.0196419e-03 -2.1620541e-02 -2.3335194e-02
   329 : -6.9203816e-11 -6.2464341e-09  2.9015589e-09
   330 : -3.9238838e-16 -1.4673170e-16  1.0935937e-15
   331 :  1.7891965e-06 -5.1945862e-05 -3.5765396e-05
   332 :  3.1337912e-02  3.3009643e-02 -5.0632816e-03
   333 :  5.6844193e-09  2.8425384e-09  8.9116340e-09
   334 : -1.9915364e-02  2.6159722e-02  1.2200194e-02
   335 : -3.1775679e-03  4.8622689e-03 -8.4609274e-03
   336 :  4.1150944e-02  2.8008823e-02 -1.9061548e-02
   337 :  1.2571469e-13 -2.7304379e-13 -3.7420111e-13
   338 : -3.6123516e-02 -3.9579772e-02 -1.1304313e-02
   339 : -4.3775609e-10 -8.3357123e-12 -1.1543206e-09
   340 : -4.7098798e-04 -6.8651933e-04 -2.3283847e-03
   341 : -6.5588757e-14  4.7782992e-13 -2.1377214e-13
   342 : -3.2726916e-10  5.7513913e-10  3.4752353e-10
   343 : -8.7151607e-04  5.2514958e-04  2.1382920e-04
   344 :  3.2135308e-03 -1.9425700e-03  2.6150247e-03
   345 :  9.9164893e-04  2.1788883e-03 -7.8780961e-03
   346 :  9.6335159e-10  5.6369897e-10 -4.5781726e-10
   347 : -1.0981428e-02 -2.4722512e-02 -9.4703958e-03
   348 :  5.4279728e-04  5.9166991e-04 -3.7830305e-04
   349 :  2.0378263e-04 -1.0665806e-04  8.3975734e-05
   350 :  7.7005180e-03 -6.7222341e-03  1.2854611e-03
   351 : -8.4781359e-08  3.6829500e-09  6.8795243e-08
   352 : -2.1084856e-02 -1.5631157e-02 -9.5993883e-03
   353 :  2.0345553e-02 -4.6380134e-03  2.3920408e-02
   354 :  1.1401226e-02  7.5496035e-03  7.3127902e-03
   355 : -3.4943340e-03 -6.7253148e-03 -1.4406717e-02
   356 : -3.1112503e-13 -3.0931531e-13  2.0396400e-13
   357 : -6.1934567e-03  8.9866688e-03 -1.6286953e-02
   358 : -6.7468214e-05  8.2759630e-05  7.7146090e-05
   359 : -6.2707959e-19  5.8730179e-19  7.7521660e-19
   360 :  3.1069473e-03 -1.4768591e-02 -2.5097893e-03
   361 :  1.7641466e-07 -5.9773547e-08 -1.4257631e-07
   362 :  1.4730288e-04  5.3237234e-05  1.5900021e-04
   363 :  4.7506958e-06  9.7850444e-06 -2.1549350e-05
   364 : -1.7781628e-07  6.2099733e-07  1.4620625e-07
   365 :  1.1759946e-02  9.0128703e-04  2.8688834e-03
   366 : -3.9444131e-13  3.8120234e-12 -3.8494992e-12
   367 :  5.6258077e-03 -3.0840020e-03  2.8397625e-02
   368 :  1.1969093e-02  4.6803858e-03  4.5805575e-03
   369 :  2.5918363e-04  3.5904028e-04 -1.6194303e-04
   370 :  9.4437149e-05 -1.9493659e-04  1.2501329e-04
   371 : -1.1864355e-12  1.1085600e-12 -3.3385158e-12
   372 :  8.4902522e-04 -2.4882878e-03 -7.4123127e-04
   373 :  2.2604577e-02  2.2856142e-02 -2.7427639e-03
   374 :  2.1107920e-02  1.6548748e-03  8.6112242e-03
   375 : -3.8225157e-09 -8.0480827e-09  1.7735519e-08
   376 :  1.7662410e-13 -3.1525218e-13 -6.7144008e-14
   377 : -1.8281561e-03 -1.3766190e-03  2.6983341e-04
   378 :  1.6441770e-04 -9.6329566e-04  4.8598188e-04
   379 : -1.4046924e-16  3.2696953e-16 -1.0634688e-16
   380 : -1.0956789e-02 -1.3360397e-02 -2.2365668e-02
   381 :  1.0064516e-05 -2.7897619e-05 -1.8684020e-06
   382 : -9.4312185e-07  1.6834791e-06  6.2477680e-07
   383 :  2.1739773e-02  9.3539350e-03  1.1419716e-02
   384 : -3.6826306e-08 -4.5808576e-08 -6.6240056e-08
   385 :  2.1518207e-02 -1.0413039e-02  1.8904711e-02
   386 : -1.0216159e-02 -1.4488399e-04 -4.4867674e-03
   387 :  3.2745793e-09 -9.6910787e-09 -1.1730668e-08
   388 :  4.2468733e-03  2.8796443e-03  7.6762838e-03
   389 : -1.4435055e-06 -5.0965771e-06  1.9035235e-07
   390 :  3.3323431e-03 -7.7907522e-03  1.8653395e-02
   391 : -2.5460738e-05  2.4343627e-05 -1.0900234e-05
   392 :  1.4368951e-02 -1.2511136e-03  9.7614784e-03
   393 :  9.2993927e-03  5.0881859e-04  2.6228789e-03
   394 : -1.6480306e-07  2.0127420e-08 -1.0017393e-06
   395 : -2.1281081e-03  7.8587013e-04 -1.7530127e-03
   396 : -3.3797775e-16  1.0584406e-15 -1.8535058e-15
   397 :  9.3584326e-03  8.0365767e-03  1.0952818e-02
   398 :  1.8369481e-02  2.1759190e-02  3.9624503e-03
   399 :  1.7217486e-02 -1.3440681e-02  2.1606945e-02
   400 :  2.6396569e-02  7.6696283e-03  2.4180338e-02
   401 :  1.8845876e-03 -5.8522794e-03  8.6578201e-04
   402 :  9.9145340e-07  4.4488779e-07  1.6301484e-07
   403 : -1.0691901e-07  1.1625842e-06  9.2416067e-06
   404 : -3.7817101e-13 -1.0497920e-13  1.2004669e-12
   405 : -2.2435661e-03 -1.5076079e-03 -2.1890203e-03
   406 :  2.2988029e-03 -6.7297952e-03 -1.3656163e-02
   407 : -8.3397619e-03 -1.6025822e-03 -1.9492262e-03
   408 :  1.2401692e-03 -1.0453201e-02 -1.2534698e-03
   409 :  1.4651063e-02  2.9765441e-03 -4.4981383e-03
   410 :  1.5940048e-03  6.8849592e-03  5.2054542e-03
   411 : -5.5558809e-03  2.5482705e-02  6.6329325e-03
   412 : -4.1734304e-03  2.5660501e-03  2.0258968e-03
   413 : -2.1311446e-14 -4.2974451e-14  1.1674912e-13
   414 :  9.9791109e-03  1.9374482e-03  1.1449570e-03
   415 : -4.9886800e-03  1.5062541e-02  2.3965572e-02
   416 :  2.3974978e-09 -8.2818261e-10 -4.5878960e-10
   417 : -3.8512102e-03  9.2463614e-03  2.2934834e-03
   418 : -2.7619839e-03 -3.7531303e-03 -9.2573787e-03
   419 : -5.8335892e-12  1.9093169e-11 -4.1250569e-12
   420 : -8.9611044e-12  3.8033698e-11 -2.1725608e-11
   421 :  1.3736362e-09 -7.3371350e-09  2.7998614e-09
   422 :  3.5542549e-04  9.0321823e-05  4.4718915e-04
   423 :  2.1650188e-02 -2.7303232e-02  1.6934516e-02
   424 : -8.0849149e-07 -6.4957464e-07  1.6147588e-07
   425 : -1.3600027e-08 -5.2994653e-08  1.7409861e-08
   426 : -6.4568048e-06 -5.6108551e-06  5.0396751e-06
   427 :  1.9184838e-06  1.6542344e-05 -1.6086412e-05
   428 : -1.8959489e-06  2.7630485e-06  1.2113315e-06
   429 :  2.4618393e-03 -7.6637460e-03  3.0428856e-02
   430 :  6.3519810e-03  3.7367891e-03  5.5656322e-03
   431 : -2.9110513e-03 -1.0458593e-03 -2.1437425e-04
   432 : -5.0940161e-04  5.9609215e-04 -5.5741144e-04
   433 : -1.6770394e-13  3.4713213e-13  1.8077423e-14
   434 : -1.0686560e-02 -1.0479568e-03 -1.1413935e-02
   435 : -1.9975231e-03 -4.3173864e-04 -4.9040891e-03
   436 :  4.3162037e-08 -4.0226450e-08 -1.0608058e-07
   437 :  4.0203690e-03 -1.4964193e-04 -4.4599599e-03
   438 : -7.6292117e-03 -2.4191697e-02 -1.3743772e-02
   439 :  3.7826674e-04 -6.5909474e-03  6.3673040e-03
   440 :  5.8871353e-10 -2.1269501e-09  6.3248617e-10
   441 : -8.0150466e-15 -1.0375876e-14  6.2063241e-14
   442 : -8.9720903e-03 -4.1008975e-03 -1.4900211e-02
   443 : -4.4789122e-03  4.4794454e-03 -3.9151910e-03
   444 : -5.1144393e-03 -3.2291589e-03  5.6213935e-03
   445 :  1.4365496e-03 -5.3561091e-04 -6.3121771e-04
   446 :  1.9442479e-02  9.4286170e-03  8.4274603e-04
   447 : -4.0881290e-04  4.0931472e-04 -3.7167007e-04
   448 :  1.5701471e-02  4.8225208e-04  1.7064335e-02
   449 :  4.1041761e-14  2.1174441e-14  4.8135082e-14
   450 :  6.9866029e-15 -8.2745535e-15 -1.8252557e-14
   451 : -5.8517349e-04 -7.3671253e-03 -1.1516031e-02
   452 : -5.1736644e-03 -1.0925572e-03 -7.6569536e-03
   453 :  1.2523678e-02 -2.0862193e-03 -2.1391695e-03
   454 :  1.3056527e-02  1.4769705e-02  1.1087285e-02
   455 :  7.4563770e-06 -1.6972199e-06  2.7964872e-06
   456 : -3.3169507e-04  2.2360830e-02  5.6472907e-03
   457 : -2.2099138e-14  7.1660354e-14 -1.4087726e-14
   458 : -1.6099417e-05  1.8037507e-05 -2.6923786e-05
   459 :  1.1809640e-02  1.6951322e-02  7.7853011e-03
   460 :  1.7445775e-02  2.0876056e-03  1.2420000e-02
   461 :  1.8994735e-04  1.2986671e-04 -2.8586650e-04
   462 : -5.9230083e-03  1.9798921e-02  5.4222503e-03
   463 :  3.9756447e-11 -2.2237220e-10 -8.8979546e-10
   464 : -2.0490291e-02  9.6121019e-03 -4.0804854e-02
   465 :  1.4168816e-02 -3.6273237e-03  1.8462325e-03
   466 : -9.4471741e-03 -4.1492512e-03  5.2404624e-04
   467 : -3.5253135e-10  2.7836364e-10  8.2205423e-11
   468 : -1.2941150e-08  3.4538104e-08 -7.9182410e-09
   469 : -6.4701944e-16  2.1779251e-16  4.3283814e-16
   470 : -6.3494584e-14  7.1720949e-14  1.2530599e-15
   471 : -7.0798065e-07  1.2164961e-07  3.3379665e-08
   472 :  2.5826007e-09 -6.8884557e-09 -3.0772056e-09
   473 : -1.1698016e-03  2.9425051e-03  6.4211221e-03
   474 :  8.0723723e-12 -1.1887508e-11 -8.6907969e-12
   475 :  2.6828454e-07 -4.9191172e-07  3.0948422e-07
   476 : -5.1242955e-07  3.1686033e-08 -3.7486146e-08
   477 :  1.4961947e-15  6.2138996e-16 -4.4359360e-15
   478 :  2.5520077e-02  5.8490409e-03  2.4495768e-03
   479 : -5.9403765e-17  1.0893062e-16  8.4405903e-18
   480 : -1.0079121e-02 -8.1150654e-03 -1.0277388e-02
   481 :  3.7429165e-06  1.7709949e-06 -7.5068298e-06
   482 : -1.0744778e-10  2.1331237e-10 -6.4876869e-11
   483 : -1.1254670e-02 -1.3034991e-02 -9.4367614e-03
   484 : -2.9694072e-03  1.6871472e-02  1.9404082e-02
   485 : -1.1098623e-02  9.1672657e-03  1.5486962e-03
   486 : -5.2641564e-03 -2.1860578e-03  1.5832036e-03
   487 :  2.5371585e-02  7.2112763e-03  4.8734918e-02
   488 : -2.9176751e-03 -7.5262358e-03 -8.8305287e-03
   489 : -2.2584120e-12  3.0174590e-12 -1.6564683e-12
   490 :  3.1382163e-10  7.4644921e-11 -1.5621226e-10
   491 :  8.7148338e-11  1.7622028e-10 -1.2388853e-10
   492 : -5.2046269e-02  1.4568543e-02 -6.0902209e-02
   493 : -1.3916019e-04 -1.6794395e-03 -1.9860981e-03
   494 :  6.6656703e-03  3.5877772e-03  3.3178231e-03
   495 : -8.3609772e-04 -1.4614409e-03 -1.7509204e-03
   496 :  1.9785732e-08  1.5745204e-07 -2.0637498e-07
   497 :  8.6299202e-14  2.1255392e-14  1.7811335e-14
   498 :  1.1733600e-12 -1.7756935e-12  1.9297324e-12
   499 :  9.9856648e-04 -8.5474024e-04 -1.7753462e-03
   500 :  2.7185615e-15 -1.3329539e-15 -1.7108219e-15
   501 :  1.5887119e-15 -8.1685703e-15  2.5146871e-15
   502 : -2.5491525e-02 -1.7375766e-02 -2.2206550e-02
   503 :  5.2293859e-03  2.8135757e-03  2.9356252e-03
   504 : -4.4857887e-03  2.2796497e-02 -3.6374436e-04
   505 : -1.0060233e-02 -7.0881785e-04 -1.0783323e-03
   506 :  3.0395509e-10 -8.9682785e-10 -3.1839236e-10
   507 :  3.1778562e-09 -4.4113654e-09  1.5392137e-08
   508 :  3.8113298e-09  1.0211606e-08 -1.4899585e-09
   509 :  4.0859272e-03  1.2469065e-02  2.8168326e-03
   510 : -8.4837756e-09  8.0136500e-08 -2.9324857e-09
   511 :  2.5583087e-04 -1.3718818e-04 -3.3869717e-04
   512 : -5.4082816e-06 -8.9834751e-06  8.7944183e-06
   513 : -5.4528649e-03  1.2031077e-03  6.5108963e-03
   514 :  8.9037191e-03  3.4922832e-02  2.6729686e-02
   515 :  2.0311940e-03  2.3104883e-02 -1.5126107e-02
   516 : -1.6803909e-09 -7.1311987e-09  2.0926743e-10
   517 : -6.5797151e-04 -2.2311071e-02 -6.4553032e-03
   518 : -5.5884509e-03  1.3921312e-03 -3.9486557e-03
   519 :  2.5938165e-04 -5.4352975e-04 -9.6700686e-04
   520 :  1.0104577e-05  6.4530199e-04 -1.9781982e-03
   521 :  9.1847090e-03 -8.3731374e-03 -6.9445117e-03
   522 :  7.5757483e-03  2.9638606e-03  4.8754223e-03
   523 : -7.7501880e-03  1.0093148e-01 -1.2010823e-01
   524 :  9.2791346e-03 -6.5731228e-03  4.6498911e-02
   525 :  2.7360613e-02 -2.4030532e-03  6.2537662e-03
   526 :  3.7568485e-06  2.1152018e-06 -3.5002909e-06
   527 : -2.2794165e-12 -5.3390302e-12  1.2538718e-11
   528 : -1.7822455e-02 -6.0446308e-03 -1.7720394e-02
   529 : -5.4819109e-03 -2.5575341e-02 -2.6241119e-02
   530 :  6.2299758e-03 -8.8058471e-04  3.6770504e-03
   531 : -2.3036628e-02 -1.5661284e-02 -2.6855112e-02
   532 : -5.9855617e-05  1.6047026e-04  1.4000724e-04
   533 : -3.9526337e-18 -8.8333714e-18  1.9372111e-17
   534 :  1.2106084e-18  3.8284930e-18 -1.5023762e-17
   535 : -7.5191387e-11  6.7289757e-11 -6.9825354e-12
   536 : -6.5932738e-03 -4.1998370e-04 -1.6452013e-03
   537 :  5.2545467e-03  3.7399953e-03  1.9138000e-03
   538 : -5.3096199e-03  1.6462741e-02 -1.3430921e-02
   539 : -1.2731374e-11  4.5907650e-11 -1.3162302e-11
   540 :  3.1527272e-10 -9.2648891e-10 -2.0951212e-10
   541 : -2.9724862e-09 -1.1661988e-10  7.0326872e-09
   542 :  2.4688353e-04 -1.5699908e-03  2.2065725e-04
   543 : -2.3690715e-12 -3.6794063e-12  3.5967812e-12
   544 : -1.5568938e-03 -5.3839752e-04 -1.6185428e-03
   545 :  7.1805908e-08  8.2671996e-08 -7.9289951e-08
   546 : -7.3220993e-03 -3.4961789e-03 -1.3637795e-02
   547 :  1.6132117e-11 -2.1788816e-11  3.6191375e-11
   548 : -7.4081515e-03 -1.6185022e-03  9.8055752e-03
   549 :  5.1140815e-09 -3.6785676e-09  2.6603025e-08
   550 : -3.7840870e-02 -2.0567464e-02 -3.0906412e-02
   551 : -1.0928287e-02 -1.7450177e-02 -1.6214667e-02
   552 : -2.7012585e-03 -5.9819375e-03 -4.4299355e-04
   553 : -3.9661007e-02 -7.6088240e-03 -4.6776544e-02
   554 :  1.3886740e-08  4.9139159e-08  1.5429887e-08
   555 :  4.1838519e-04 -8.6130435e-04 -5.9721514e-05
   556 : -7.6869714e-09 -1.2168389e-08  1.5908061e-09
   557 :  2.1319946e-02  1.3807815e-03  7.6222470e-03
   558 :  2.1461744e-02 -1.6051003e-02 -8.6258306e-03
   559 : -4.2083845e-03 -7.4952964e-03 -7.1331865e-03
   560 : -2.7989010e-02 -2.7842299e-02 -3.0814464e-02
   561 :  3.4883434e-03  6.1056010e-03  1.0346351e-02
   562 :  3.7741065e-05 -5.3141162e-05  2.4865634e-05
   563 : -1.7987338e-14  7.2350147e-15 -4.8458532e-15
   564 : -1.5317716e-02 -1.7326216e-02 -2.1529782e-02
   565 : -1.0430867e-02 -3.9227314e-03 -8.5185116e-03
   566 :  2.6455824e-09  1.3940453e-09 -7.8974759e-09
   567 :  1.1961642e-03 -2.5872458e-03 -8.8142380e-05
   568 : -2.5737423e-03 -2.7117252e-02  2.2833180e-02
   569 : -2.1786975e-02 -1.7777763e-02 -1.4193242e-02
   570 :  4.3418857e-08 -1.3971386e-09  7.7242006e-08
   571 :  3.6385639e-04  4.1591856e-04  1.3361456e-04
   572 : -3.5978615e-15 -1.5508915e-14  7.1993465e-15
   573 :  8.4106889e-03  1.1781315e-02  2.0618321e-03
   574 : -5.2604709e-03  2.4960956e-02 -8.4476379e-03
   575 :  1.5877768e-02  8.7532147e-03  1.1430745e-02
   576 :  3.5023526e-02  1.4598805e-02  1.6876714e-02
   577 :  1.0600366e-02  1.0179988e-02  1.0961953e-02
   578 : -1.7811267e-16  4.0692530e-16 -1.9461346e-16
   579 : -1.6187015e-03 -3.0491694e-03 -6.7972076e-03
   580 :  1.1293968e-02  9.3294239e-03  7.2073630e-03
   581 :  2.6136355e-08 -9.3522796e-08 -3.7043459e-08
   582 : -1.1946985e-16  4.3923049e-16 -1.4773046e-16
   583 : -8.4408325e-07  3.6656974e-07  3.9917193e-06
   584 : -2.4779905e-14  5.6135505e-14 -2.5796975e-14
   585 :  1.1071110e-02  6.5432475e-03  3.8675069e-04
   586 :  6.9385098e-10 -1.5748507e-09 -1.6889580e-10
   587 : -4.7667029e-07 -3.3060714e-07  3.4457448e-06
   588 : -6.6010942e-09  2.4646518e-09  1.4234595e-09
   589 : -1.0267482e-02  2.0691188e-02  1.0162094e-02
   590 : -1.0582835e-02 -1.5502734e-02 -2.2584504e-03
   591 : -9.8023171e-16  1.4464353e-15  7.8423600e-16
   592 :  1.7075530e-08 -5.1288859e-09 -7.4980528e-09
   593 : -3.9329404e-05  1.1532331e-04  1.7451074e-04
   594 : -3.0286185e-05  2.6238935e-05 -1.2187941e-05
   595 :  5.0871289e-03 -6.4798495e-03  3.2696786e-02
   596 : -3.0033833e-03 -3.2452113e-01  3.6637127e-01
   597 :  1.7240971e-04 -1.3863639e-04  2.8259435e-04
   598 :  1.4075070e-06 -7.0752588e-06  5.4753548e-06
   599 :  3.8556884e-03 -1.2114628e-02 -4.8295182e-03
   600 :  4.6779115e-03  2.1225710e-02  8.1342770e-03
   601 :  1.2831234e-02 -8.4999401e-03  1.2722845e-03
   602 :  6.2618026e-10  1.3854163e-09 -5.1718222e-10
   603 : -3.7677293e-12  8.2614863e-13 -6.7769255e-13
   604 : -1.5306148e-06  9.4956460e-07 -7.3138858e-07
   605 : -1.3954360e-05 -3.9220153e-05 -2.6316416e-05
   606 : -1.9128363e-03  4.3571528e-03  3.4020098e-03
   607 : -1.8688793e-04 -2.8748744e-03 -1.8824424e-03
   608 : -8.3429867e-10  3.3772449e-10 -1.0175309e-09
   609 : -1.5275585e-07  1.1961687e-07 -9.0857036e-08
   610 : -1.0521606e-11 -1.6292055e-11  5.2340975e-11
   611 :  1.1248768e-02 -3.0948654e-03 -6.5205722e-03
   612 : -4.0280766e-03  3.9949115e-03 -1.6833760e-03
   613 :  5.0181393e-05 -4.9778671e-04 -1.1816027e-03
   614 : -5.2939771e-02 -5.5281297e-02  2.5614696e-02
   615 : -1.3384368e-03 -2.7307577e-04  1.8357271e-05
   616 :  1.0938669e-12 -1.1587804e-12 -1.2457745e-12
   617 :  2.1775499e-03 -6.1048294e-04 -8.3049953e-04
   618 : -3.6641547e-06 -1.0279002e-05  3.6998982e-06
   619 : -1.1641286e-09  1.0047820e-09  1.5608879e-09
   620 : -4.0826629e-05  2.2078604e-05 -1.7484369e-05
   621 : -5.1351116e-03 -2.2964308e-03  1.8487598e-03
   622 : -1.7938167e-02 -1.4335399e-02 -1.4302461e-02
   623 : -1.0411857e-02 -9.2184828e-03 -7.6171998e-03
   624 :  1.0973998e-02  1.6280178e-02  3.0484791e-03
   625 :  2.2840902e-03 -5.7393833e-04 -1.1408479e-03
   626 : -2.9613821e-16  1.1826886e-15 -4.3796403e-16
   627 : -3.9537347e-11  1.8794263e-10 -1.0208345e-10
   628 : -7.1029407e-06 -8.2095898e-06  7.0496105e-06
   629 :  2.0199892e-03  6.4897206e-03  5.8347916e-03
   630 : -4.1223819e-03  9.4816640e-03  7.5088339e-03
   631 : -7.0974156e-05 -1.1420440e-03 -3.1957606e-04
   632 :  9.1311220e-13 -1.7073017e-12 -2.5774289e-13
   633 : -1.2092259e-03 -3.4799767e-03 -1.3464849e-02
   634 : -3.3214567e-03 -2.3645606e-03  1.0628856e-02
   635 :  2.9427742e-03 -1.3526006e-02 -1.4491204e-02
   636 :  4.4035243e-03  2.3420699e-03  5.9194106e-03
   637 : -2.5788291e-02 -1.3708773e-03 -1.6480425e-02
   638 : -2.8260367e-02 -6.3444981e-03 -6.8245605e-03
   639 :  1.0110031e-02  9.9328452e-03 -8.7983319e-03
   640 :  8.5578551e-03  1.3496628e-04  3.6311628e-03
   641 :  2.2448980e-09 -5.1978369e-09 -5.3586861e-10
   642 :  1.3092686e-02  2.8086773e-02  3.7481368e-02
   643 : -1.5886822e-03  4.1222162e-03  7.6358831e-03
   644 : -5.4703669e-02  6.0868662e-03 -1.6721985e-02
   645 :  3.9143937e-02  1.6055406e-02  2.6779133e-02
   646 : -1.1706401e-03  1.5458207e-04 -2.5234479e-03
   647 : -2.4290064e-02  1.2124403e-02  7.9734703e-03
   648 :  1.5814582e-02  1.9416202e-02  1.8253818e-02
   649 : -6.1733817e-03 -2.3351112e-02 -1.4370226e-02
   650 :  4.2914661e-04 -1.8747035e-03  6.3581984e-03
   651 :  2.2117085e-02 -9.8014892e-03 -2.4579600e-02
   652 :  6.7018987e-03  2.7612837e-02  3.9677548e-03
   653 : -9.6803980e-03 -1.3002145e-02  1.5823903e-02
   654 : -7.8046496e-07  1.1670306e-07 -2.4877109e-07
   655 :  1.5211946e-02 -3.5882559e-03  2.0675352e-02
   656 : -7.6337125e-03  4.9330857e-04 -1.6203298e-04
   657 :  1.2341771e-02  7.3657819e-03  1.5258763e-02
   658 :  3.2211739e-02  1.5396986e-02  1.1277363e-02
   659 :  2.5334385e-03 -3.6683125e-04  1.4497929e-02
   660 : -2.5818655e-02 -1.8041955e-02 -1.3776738e-02
   661 : -2.2646786e-02 -1.3457723e-02 -3.6765463e-03
   662 : -2.4504941e-05  6.5741602e-08  4.7854114e-06
   663 :  7.2408907e-03  2.9257774e-04  2.9598263e-03
   664 : -2.3623525e-02 -9.2756430e-03 -5.5767270e-04
   665 :  1.9600096e-03 -1.1403537e-03  4.1185289e-03
   666 : -3.8175649e-13  5.3931586e-13  4.2043233e-13
   667 : -1.0771911e-07  2.9649929e-08 -3.4324533e-08
   668 :  1.9982708e-03  4.2188052e-03 -6.0393807e-04
   669 : -4.1402863e-16  4.2573569e-16  8.2030145e-16
   670 : -3.7439728e-04 -2.3507582e-03 -1.6254307e-02
   671 :  1.7167944e-02  9.6971937e-03  9.1260341e-03
   672 : -5.8936144e-03 -8.0982591e-05 -1.7070120e-03
   673 :  1.5577218e-04  7.7197998e-05  3.1312144e-05
   674 :  2.8814086e-04 -2.6669396e-04 -1.5082689e-04
   675 : -5.4057636e-04  2.2770247e-04 -8.9719716e-04
   676 :  8.7552928e-03 -1.1864345e-01  1.7271534e-01
   677 : -2.0859591e-03 -1.7889719e-05 -1.8936046e-03
   678 : -2.8508386e-04  2.4308919e-03 -1.3762278e-03
   679 :  6.3426948e-03  1.0875166e-03  7.4765485e-03
   680 :  2.8196850e-03 -1.0675761e-02 -7.1686592e-03
   681 :  1.3170623e-08  6.9796783e-10 -1.9857464e-09
   682 :  4.9995131e-09 -1.1361857e-08  1.6572979e-08
   683 : -1.9698823e-07  1.7641407e-07  1.9991259e-07
   684 :  8.9758200e-10 -8.1857368e-10  1.4453292e-09
   685 :  2.3345557e-02  3.3822955e-03  1.5352596e-02
   686 : -5.8497943e-04 -8.0022477e-04  2.8927348e-04
   687 :  2.6216504e-09  5.3537022e-09 -1.8792763e-08
   688 :  1.2892388e-04  3.4638399e-04 -6.0294388e-04
   689 : -1.3022923e-03 -9.4962204e-03 -1.6048090e-02
   690 : -1.8897241e-05 -1.5716483e-03 -1.9058735e-03
   691 :  1.7464966e-02  2.6492201e-02  2.0056134e-02
   692 :  4.9411616e-02  3.8207913e-02 -2.6572531e-04
   693 : -6.0055595e-16  1.4193864e-15  8.8505123e-16
   694 :  1.4714871e-11  8.1004839e-11 -4.3713173e-11
   695 : -1.3337448e-02 -4.5420332e-03 -8.7660992e-03
   696 :  5.7541541e-03 -2.6390275e-03 -8.1400093e-03
   697 :  7.1074254e-03  2.3066322e-02  2.2152655e-02
   698 :  2.1134368e-03 -4.4615857e-03 -3.4071310e-03
   699 : -3.2906392e-05 -2.4688940e-05  6.5088342e-05
   700 :  5.9335620e-15  3.5841512e-15 -1.5832505e-14
   701 : -3.7277031e-16 -2.3386921e-13  1.1881438e-13
   702 :  1.3609700e-07 -1.7450222e-07  8.9332007e-08
   703 :  8.4615489e-03  6.8774452e-03  1.2173023e-02
   704 :  5.0999437e-03  5.2388650e-03  2.8481016e-02
   705 : -5.9783436e-10 -1.8844696e-09  4.9992607e-10
   706 : -2.3692836e-01  1.7556146e-01  6.4805815e-02
   707 : -5.5172757e-02 -1.2998375e-02 -5.5003916e-02
   708 : -2.5492506e-02 -1.2766345e-02 -1.1256770e-02
   709 :  1.8675323e-03 -2.6329764e-03  1.9219470e-03
   710 : -1.5723975e-05  5.0707958e-06  8.2811002e-06
   711 :  1.2766814e-02  1.1193529e-03 -1.4350381e-03
   712 : -6.5582704e-03 -1.4715837e-02 -4.5951769e-03
   713 :  2.1485545e-02  1.2756131e-02  2.1140715e-02
   714 :  1.0522968e-02  1.2400410e-02  1.0997869e-02
   715 :  5.7970982e-03  1.9451883e-02  2.1233558e-02
   716 :  3.6415563e-11 -7.4145589e-11  2.5016070e-10
   717 : -2.2495944e-02 -1.5463140e-02 -2.2818474e-02
   718 :  2.8978551e-02  6.9438003e-03  1.7365891e-02
   719 :  3.8404146e-03  1.0328442e-02 -3.9585507e-03
   720 :  9.7081931e-03  1.3119529e-04  9.1119267e-03
   721 : -5.0587100e-02  2.4282078e-02  5.0756114e-03
   722 :  3.0192105e-09  1.3157547e-08 -3.3909299e-09
   723 : -1.3976823e-08 -1.9323324e-07  1.6833997e-07
   724 :  1.4165655e-08 -6.3289228e-09  4.5071732e-09
   725 : -9.2327761e-03 -1.4337233e-02 -1.8718216e-02
   726 : -5.9393959e-05  2.9677335e-04 -4.5608091e-05
   727 : -1.0522765e-02 -9.0320175e-03 -1.8746604e-02
   728 : -2.3308411e-02 -1.5191337e-02 -1.3932638e-02
   729 :  3.4176715e-02 -2.1614179e-02  1.5571714e-02
   730 :  2.1324147e-02  1.4650123e-02  1.8008820e-02
   731 :  2.2603085e-09 -8.5120029e-09  3.8847698e-09
   732 : -2.3940217e-05  8.8865087e-07  7.4477122e-06
   733 :  1.3700151e-02  1.8942533e-02  1.9290289e-02
   734 : -1.0112954e-01 -9.2596931e-01  9.1572835e-01
   735 :  2.0627425e-02 -5.0770209e-01  6.1059644e-01
   736 :  1.3368335e-02 -6.9905596e-03 -7.5805554e-03
   737 : -1.0691450e-03 -4.9124309e-04 -7.4038465e-04
   738 : -3.1958956e-05  3.6603285e-03  2.3323254e-03
   739 : -1.0828196e-02 -4.4545523e-03 -2.0501987e-02
   740 :  2.2859971e-02  4.4363618e-03  2.2191834e-02
   741 : -6.2146861e-03 -1.1768534e-02  1.1823853e-03
   742 : -3.5552160e-03  5.3220342e-03  2.0624563e-02
   743 :  2.0015512e-02  1.8140929e-02  8.4709493e-03
   744 : -5.9158821e-03  2.9178324e-02  9.0053042e-03
   745 : -2.1929958e-09  1.0738830e-08  1.3320846e-09
   746 : -3.1521927e-07  2.6610599e-07  5.0730722e-07
   747 :  4.6563035e-06  3.0200761e-05  3.0606055e-04
   748 :  2.1180064e-02  1.9461683e-02  7.7417706e-03
   749 : -2.2209860e-02 -2.7249712e-03 -1.4562508e-02
   750 : -2.0980333e-10  6.7662730e-10 -2.9353437e-09
   751 :  6.7862997e-03  6.1639983e-03  9.4293949e-03
   752 : -3.3135456e-03 -3.3031111e-03  3.8046273e-03
   753 : -1.9594832e-02  1.2045925e-03 -2.1573279e-02
   754 : -2.1523620e-07  5.2313947e-07  3.5356568e-07
   755 :  1.2956604e-02  2.1004212e-02 -1.7665894e-03
   756 : -9.3577457e-04 -2.3071276e-03  3.9367822e-06
   757 :  2.0229584e-16  2.3495410e-17 -2.1750778e-16
   758 : -4.1459670e-02 -3.1235110e-02 -5.1546512e-02
   759 :  1.8319795e-02  5.4707394e-03  2.4451571e-02
   760 :  5.3986032e-05 -2.6171167e-05  1.0670475e-04
   761 :  3.5505081e-02  2.1561378e-02  1.5179620e-02
   762 : -4.5984189e-02 -1.0904008e-01  1.8273008e-02
   763 : -8.3614394e-12  1.6766876e-11 -5.2599878e-12
   764 : -2.7923334e-13 -3.7119079e-12  2.1097838e-12
   765 :  1.0980310e-02  7.6300360e-03  9.1003495e-03
   766 :  4.0866389e-04 -6.0701182e-04  6.5566609e-04
   767 : -3.3037403e-02 -2.6026586e-01  1.4871207e-01
   768 :  1.2444517e-09 -3.3332195e-09  6.2729576e-09
   769 :  1.1893765e-02  1.1383120e-02  9.1527255e-03
   770 :  7.7896564e-03  2.2151122e-02  2.9398039e-02
   771 : -1.1453593e-03 -2.8945366e-02  2.8495388e-02
   772 : -3.1806353e-04  2.2718644e-03 -3.4028876e-03
   773 :  8.2244741e-04 -1.1045953e-03 -2.1254224e-03
   774 :  1.2689076e-02  8.3690154e-03  4.2057309e-03
   775 : -1.2776637e-02 -3.3792394e-01  3.1028018e-01
   776 :  4.6151595e-05 -1.2303477e-03 -1.9805334e-03
   777 :  2.7387560e-02  2.0445506e-02  1.9248457e-02
   778 :  2.0475986e-02  8.3230521e-03  1.7557412e-02
   779 :  5.6732973e-07 -1.1518844e-06  2.4455728e-07
   780 : -6.2262193e-02  1.5902729e-03  1.4243779e-02
   781 : -1.9721629e-09  4.7147894e-10 -2.4660282e-09
   782 :  7.0062589e-17  3.6156239e-17 -1.3986793e-16
   783 :  2.4591612e-02  2.7753723e-02  1.8940975e-02
   784 :  1.9513877e-02  2.5186252e-02  7.0734264e-03
   785 : -8.8809178e-10 -3.0505738e-09 -3.7390142e-09
   786 :  2.7840566e-02  5.4205330e-03 -1.2061752e-03
   787 :  7.8360539e-03  3.4166443e-03  7.2675614e-03
   788 :  2.5919791e-09 -1.9172419e-09 -1.5731124e-09
   789 : -3.1436377e-08  6.1652937e-08  1.5060312e-07
   790 :  4.2313545e-03 -8.7614543e-03 -1.5862006e-02
   791 : -4.3960371e-02 -1.0122278e-01  4.5140687e-02
   792 : -4.3200412e-03  2.3959577e-03  2.1249973e-03
   793 :  1.5267101e-03  1.1149319e-03  2.2795801e-03
   794 :  2.3152474e-02  1.3149596e-02  8.2918215e-03
   795 : -3.7750290e-03 -8.3578418e-03  6.0003532e-03
   796 :  4.8408174e-04 -2.1518927e-03  5.3696362e-03
   797 : -2.0125929e-09 -2.3401503e-09  7.5447891e-09
   798 : -1.3046924e-02 -3.7218754e-02 -2.4906238e-02
   799 :  5.9767859e-05  2.9928544e-04  1.6490556e-04
   800 :  1.0947676e-02  1.0887105e-02  1.0474804e-02
   801 : -1.1879206e-07  3.0244000e-07 -8.6965227e-08
   802 :  3.1601897e-02 -2.7691447e-01  3.5851278e-01
   803 : -1.8372032e-05  9.6305759e-05 -4.0110233e-05
   804 :  1.0703346e-02  9.2608909e-03  1.0631467e-02
   805 :  3.6109882e-02  6.1494548e-03  3.9000225e-02
   806 : -5.1698010e-07  7.0262189e-07  2.8500796e-07
   807 :  4.8292040e-10  7.9303593e-09  4.8077818e-11
   808 :  1.1917496e-02  9.9415583e-03  9.1064021e-03
   809 :  3.5188601e-04 -2.7914964e-04  2.6733496e-04
   810 : -4.2717470e-09  4.8149551e-09 -5.1518793e-08
   811 : -2.1679874e-16  9.2846045e-18  1.5719443e-16
   812 :  5.5130380e-03 -2.8469698e-04  1.2859300e-02
   813 :  1.0350328e-02 -5.2337717e-02  1.1162040e-01
   814 : -8.6686325e-16 -1.9701576e-17  9.0873419e-16
   815 :  9.6264976e-18 -1.0760784e-17  8.7306395e-18
   816 :  2.2970438e-13 -7.1624075e-14 -7.5179814e-14
   817 :  1.9095830e-16 -1.9701985e-14  2.0473841e-14
   818 : -1.9989209e-16 -1.6445112e-15  1.4897999e-15
   819 : -2.1599515e-03  2.0400967e-03 -2.3427930e-03
   820 :  3.9880404e-16 -1.1725026e-15  2.5375441e-16
   821 :  5.5710368e-03  1.2254306e-01 -1.3431046e-01
   822 :  3.4482603e-02 -2.4764821e-02  5.3557870e-02
   823 :  1.2671705e-06 -7.0010704e-07  1.1937755e-06
   824 : -5.2307435e-05  5.9975446e-05  3.1492933e-05
   825 :  4.2824251e-11  9.4159416e-12 -1.0548331e-10
   826 : -3.9582218e-03  7.1206711e-03 -1.3967848e-02
   827 : -3.5414023e-07  2.5281569e-07  4.8639197e-08
   828 :  2.9422431e-05  1.6765778e-04 -9.0730618e-05
   829 :  1.5975857e-03 -3.1798607e-02  3.6917807e-02
   830 : -2.7907984e-02  1.6473805e-02 -4.8256399e-02
   831 : -1.4150914e-02 -1.8097121e-02 -3.6972357e-02
   832 : -2.9597302e-03 -4.1799457e-03 -2.6401374e-03
   833 : -4.5797681e-03  1.0643900e-01 -1.2820231e-01
   834 : -4.8436702e-15  4.3651860e-15 -6.8610120e-15
   835 :  2.0730685e-17 -4.1055469e-17  7.1902064e-17
   836 :  8.9392645e-04  3.0666402e-02 -1.3718717e-02
   837 : -2.4468085e-08  1.2527825e-08  1.4605704e-08
   838 : -2.2361776e-02 -2.5968910e-02 -1.6808241e-02
   839 : -7.4271324e-05  7.3663746e-05  1.2255903e-04
   840 :  7.1449889e-08 -3.5740397e-08 -1.6584284e-08
   841 :  4.4116932e-06 -5.6596146e-07 -3.3537307e-06
   842 :  5.2064378e-03  5.4496979e-03 -2.8499286e-03
   843 : -6.9959457e-08  1.1198982e-07 -7.1247531e-07
   844 :  2.0759061e-02 -1.1956899e-02  2.4876656e-02
   845 :  4.6322074e-11 -1.8764626e-11  6.5660363e-11
   846 :  2.8451556e-03 -1.7750628e-01  2.0794579e-01
   847 :  3.8353244e-03 -4.3175206e-04 -2.2006568e-03
   848 : -2.5510321e-18  1.8059943e-18  2.2539717e-19
   849 : -4.9127212e-05  1.4418325e-04  8.3787990e-05
   850 :  4.7096366e-05 -1.0177460e-04  1.8606190e-04
   851 :  1.8357783e-05 -2.9787142e-05 -8.6353490e-06
   852 :  3.8784897e-12 -9.5048247e-12  5.0290292e-12
   853 :  2.9095456e-03 -2.2675261e-02  1.5035356e-02
   854 :  3.1372897e-19 -1.2813752e-19 -4.9620204e-19
   855 :  7.9822146e-03  2.7975807e-03  3.0065100e-03
   856 : -2.9048095e-02 -1.9357068e-03 -9.9002248e-03
   857 :  2.1720307e-03  4.4171765e-03 -2.6813977e-03
   858 : -2.7066007e-02 -1.3624904e-02 -7.6529835e-03
   859 :  2.3026038e-11 -3.2747627e-11 -2.1978791e-11
   860 : -5.9876878e-03 -1.3768446e-02  1.8008986e-02
   861 :  2.4366682e-02  2.4582616e-03  2.2512273e-02
   862 :  2.1452444e-02  1.5476874e-03 -2.3670330e-04
   863 :  6.4012610e-03  3.9244924e-03  3.9499155e-03
   864 :  2.3640512e-03  2.9237651e-03 -7.6020006e-03
   865 : -1.6261101e-02  1.8905932e-01 -2.2738912e-01
   866 :  7.5220673e-02 -8.2537749e-03 -4.3638909e-02
   867 :  3.8620940e-03  6.3467086e-04  4.3787424e-03
   868 :  4.5711258e-04 -1.8992399e-03 -3.1103804e-03
   869 : -1.8563115e-03 -1.3798602e-03  9.9923064e-04
   870 : -2.5504586e-03  2.0358313e-04 -2.0511155e-03
   871 :  6.4531100e-03 -4.9671246e-02  5.9948621e-02
   872 :  8.3599090e-03 -2.2860041e-03  1.7146195e-03
   873 :  7.5322766e-03  1.6524553e-02  1.3360166e-02
   874 :  1.3330122e-02  1.1078222e-02  7.5493502e-03
   875 :  4.6141909e-07 -1.6838000e-07  7.0809996e-07
   876 :  2.4068751e-06 -2.2602325e-06 -1.4482618e-06
   877 :  2.0655453e-15 -2.4070660e-15  2.6410072e-15
   878 :  2.5990641e-13 -6.8597928e-13  1.7819923e-13
   879 : -6.5747914e-07 -1.1288890e-06  2.9917138e-06
   880 :  2.3516568e-05  5.1733096e-06 -1.4456319e-05
   881 : -2.0781664e-15  5.4325301e-16  9.2677117e-16
   882 :  6.2597726e-15 -6.5015041e-15 -8.5876615e-15
   883 : -1.6347207e-07  1.4215731e-07 -1.9320146e-07
   884 : -3.7931798e-07  7.6604284e-07 -5.1777232e-07
   885 : -8.3689933e-04  2.1476161e-02  2.2521126e-02
   886 :  2.1628224e-02 -1.3817239e-03 -1.1549139e-03
   887 : -7.8999576e-03 -2.5605702e-02 -3.0931297e-02
   888 : -2.8220714e-02 -2.5075382e-02 -9.0289862e-03
   889 : -4.7945083e-03 -1.0395918e-02 -9.6989094e-03
   890 : -9.9623767e-03 -3.5167876e-03 -5.1683168e-03
   891 : -1.4472807e-06  1.9207914e-07  7.9706095e-07
   892 :  1.3294815e-05 -2.5578042e-05 -5.7753217e-06
   893 : -3.1438459e-02  2.0665053e-02  3.8129050e-02
   894 :  9.8504327e-03 -4.3069427e-03 -5.8565349e-02
   895 : -1.6551986e-03  1.1212936e-03  1.2315862e-03
   896 :  2.7834108e-03 -1.1765585e-02  1.2162501e-03
   897 : -8.6388932e-08  2.7029872e-08 -5.0460322e-08
   898 : -2.7109369e-07  1.1368488e-07  2.5340847e-07
   899 : -1.1936127e-02 -9.1543068e-03 -8.7214859e-03
   900 : -8.5780413e-03 -1.6537584e-02 -1.1409844e-02
   901 :  3.0492360e-03 -4.9124730e-03  2.2593998e-02
   902 :  3.1470334e-02  3.1746380e-02  4.4446255e-03
   903 : -1.0695231e-02 -1.4759238e-03 -1.6663835e-02
   904 : -1.7077811e-02 -9.1109350e-03 -1.6509643e-02
   905 : -4.2955494e-03 -7.9525291e-03  2.6768154e-03
   906 :  2.6584058e-04 -1.8043442e-02 -1.5583285e-02
   907 : -1.3967717e-02  2.1583831e-02 -8.0594399e-04
   908 :  7.8819531e-02 -9.5520309e-02 -4.2724657e-02
   909 : -5.3099738e-02  2.7321822e-02  7.2183791e-02
   910 :  5.0455991e-03 -2.3343251e-03  2.3963525e-03
   911 :  3.7943640e-03  6.2611982e-03  5.1822674e-03
