Number of elements 912
     0 :  3.7807712e-18 -1.3839283e-18 -6.6753774e-18
     1 :  1.3675131e-10 -3.1539854e-10  2.2965501e-11
     2 : -5.1274196e-02  4.0151688e-02 -1.6846814e-01
     3 : -3.4286254e-13  2.0316349e-13  5.2719792e-13
     4 :  3.2923391e-03  1.0762397e-01  4.6748186e-02
     5 :  4.4717831e-01  2.1988127e-01  6.6862012e-02
     6 : -5.0884114e-29 -2.6472200e-28  3.7053895e-28
     7 : -4.4331460e-10  1.8700363e-09 -8.6640763e-10
     8 : -1.0417456e-08 -2.2623383e-09  6.1337991e-09
     9 :  3.5194811e-26  4.2238801e-26 -1.1633826e-25
    10 : -2.1155020e-09 -8.4715810e-09  1.4667815e-08
    11 : -5.7026342e-29  4.2741275e-29  8.1888558e-29
    12 :  1.4554797e-01 -1.7255137e+00  2.2302263e+00
    13 :  8.4511433e-07 -9.3572865e-07  1.2700419e-06
    14 :  5.1528954e-15  5.8647597e-15 -4.7035175e-15
    15 :  9.2134209e-08 -2.2367298e-07 -1.7821236e-07
    16 : -1.7738560e-30 -3.7629001e-30  7.2354408e-30
    17 :  3.6185768e-21  4.1470221e-21 -1.2197399e-20
    18 :  2.5135217e-08 -8.2352972e-08  1.7822733e-08
    19 : -1.5917108e-35  4.4825500e-36  1.8130858e-35
    20 : -5.6932969e-21  2.1371986e-20 -1.1398017e-20
    21 :  8.4824988e-07  5.0467418e-06  1.4205535e-07
    22 :  6.1327563e-07  1.7505507e-06 -9.5808889e-08
    23 : -5.6370440e-33  1.5358909e-33  7.0226440e-33
    24 : -3.3477348e-10  6.5458733e-10  4.9614044e-10
    25 :  1.4571598e-34 -4.3556579e-34  1.2211667e-34
    26 : -7.4507743e-10 -8.8128148e-10  4.3266318e-10
    27 : -1.4080246e-06  9.9239595e-07  1.5512115e-06
    28 :  8.8836793e-07  2.5097703e-06 -1.3225200e-06
    29 :  2.7547488e-11  1.0172060e-10 -1.7009709e-10
    30 :  6.9580046e-09 -2.1737599e-08  5.5627929e-09
    31 :  2.8458548e-14 -1.2187429e-13  4.4159693e-14
    32 :  8.5723368e-28  8.1722605e-28 -2.5118797e-27
    33 : -1.2676304e-05  1.7353380e-05 -3.1772241e-05
    34 :  2.5581186e-36 -2.4328528e-36 -2.8693651e-36
    35 :  5.1235652e-14 -2.5086067e-13  2.5594014e-13
    36 : -1.3604468e-01 -9.8606925e-02 -5.1468878e-02
    37 :  1.0564944e-03  5.0450679e-04 -3.9542203e-04
    38 : -1.2080541e-07  2.6340468e-06 -1.0608025e-06
    39 :  1.2292971e-11 -9.1041719e-11  9.5136062e-11
    40 : -1.2821247e-11  3.6525599e-11 -1.2867738e-11
    41 : -1.0146783e-06  2.1322660e-06 -3.0329463e-07
    42 : -1.4085972e-34 -2.5542139e-34  4.1219163e-34
    43 :  5.1052340e-19 -6.9263926e-19 -3.8875437e-19
    44 : -5.9469438e-05 -2.1293228e-04  3.3205724e-04
    45 : -4.2460962e-15  4.0738808e-16  3.3980945e-15
    46 :  1.6598546e-15 -1.2173506e-15  1.1181829e-15
    47 : -3.2527428e-27  9.0516885e-27 -1.6267883e-26
    48 : -2.5144393e-30 -1.2113938e-29  4.8754590e-30
    49 : -4.2289857e-08  1.7427501e-07 -6.4545200e-08
    50 : -3.2179069e-05  4.3235718e-06 -1.0520001e-05
    51 :  1.5581914e-01 -2.9193548e-02  2.9688626e-02
    52 :  2.8515157e-09  2.5308496e-08 -8.1807277e-09
    53 :  2.4047673e-28  5.1211401e-30 -2.7305304e-28
    54 : -3.5658957e-06  1.3815124e-06 -3.5371038e-06
    55 :  1.3160255e-06  4.3151518e-07 -4.2047789e-06
    56 :  1.2612761e-01  1.8887538e-01  2.4535446e-01
    57 : -8.3981599e-08  1.2792834e-07 -3.6933295e-07
    58 : -7.3566473e-03  2.1917008e-02 -1.0554380e-02
    59 :  2.5603155e-08  2.4182012e-08 -1.3300958e-08
    60 :  2.2390273e-05 -1.5673124e-05 -4.1574791e-05
    61 : -1.9643171e-02  5.1508590e-03 -1.1498523e-02
    62 : -2.6311040e-10 -1.0878853e-09  4.3381572e-10
    63 :  1.2298389e-04  6.9442921e-05 -7.8634060e-05
    64 :  9.8397315e-10 -2.3256887e-11 -2.2068777e-09
    65 :  8.6146764e-12 -1.2153102e-11  3.6595368e-12
    66 : -1.3918352e-13  8.4044218e-13 -3.3207248e-13
    67 : -3.3178492e-29  5.4323464e-30  6.6496194e-29
    68 : -1.6662592e-28  3.9300339e-28 -3.9507711e-29
    69 : -4.2951437e-29  3.9860607e-29  5.0731360e-29
    70 :  9.8984261e-17  2.1757733e-16 -3.6337050e-16
    71 : -1.2960861e-04  9.0781279e-05  1.3320863e-04
    72 :  5.4881760e-31 -1.6560068e-30  5.0792758e-31
    73 : -5.2724756e-04  6.7949261e-04  8.5433110e-04
    74 :  9.3735271e-22  1.8484686e-21 -1.3467139e-21
    75 : -3.2785349e-23 -1.0923184e-23  2.0892200e-23
    76 : -1.5533710e-32  4.3893916e-31 -1.8966523e-31
    77 :  2.1623962e-23 -5.1267592e-23  4.3616841e-24
    78 :  9.1692845e-27 -3.1633485e-26  1.0524614e-26
    79 :  1.1513895e-19 -1.0721002e-19  1.4630203e-19
    80 :  2.9762234e-41  8.9863577e-41 -6.2088829e-41
    81 :  2.7854855e-26  1.0491287e-25 -6.5296166e-26
    82 : -6.2229694e-02 -2.5743760e+00  2.5976872e+00
    83 : -5.9202496e-36  6.0437062e-36  6.6056150e-36
    84 : -1.6552148e-33  4.0597756e-33 -8.4811608e-34
    85 :  2.0198143e-01  1.0203491e-01  4.5798302e-01
    86 :  1.3479871e-20  2.3175665e-21 -1.8609209e-20
    87 :  4.8276369e-19 -5.0924991e-19 -5.1950231e-19
    88 : -1.2661906e-12 -9.6198857e-13  1.0594643e-12
    89 : -4.9278165e-03  6.2564818e-04  2.3118810e-03
    90 : -4.6470832e-32 -1.2810412e-31  8.5733040e-32
    91 :  1.1577849e-01  1.5377925e-01  9.2527754e-02
    92 :  1.4903528e-15 -2.5853773e-15  8.7701636e-16
    93 : -8.7677832e-40  1.5024585e-40  3.6789485e-40
    94 :  7.5798480e-18 -5.5430324e-18 -3.0105713e-19
    95 :  1.2255113e-29 -6.1393453e-30  6.9149597e-31
    96 :  2.9176512e-13 -3.4064123e-13  4.2745200e-13
    97 :  5.6793649e-15  6.0978497e-15 -1.7188731e-14
    98 : -1.6128818e-01 -1.5087653e-01  6.3574169e-03
    99 :  8.8006728e-27  1.8481501e-26 -1.2758753e-26
   100 : -3.2797797e-28  4.4764855e-28 -5.3218755e-29
   101 :  1.5915026e-12  9.2290894e-13 -1.0085647e-12
   102 : -8.7745990e-08 -2.2501252e-07  1.1928763e-07
   103 :  1.5620802e-37 -1.0859975e-37 -2.2161139e-37
   104 :  2.3261265e-16  9.7654877e-17 -1.5462851e-16
   105 :  7.0846433e-09 -6.9107355e-10 -1.8386939e-09
   106 :  5.0917523e-12  6.7466434e-11 -8.4185247e-11
   107 : -8.4305412e-12 -1.7386463e-11  5.6807771e-11
   108 : -2.3109374e-10 -4.7357271e-10  1.5008397e-09
   109 : -3.1786181e-07  7.0501554e-08  3.5113125e-08
   110 : -1.5723215e-04  3.5809395e-04 -1.2576483e-04
   111 :  9.7362868e-10 -3.1126171e-10 -2.3173541e-10
   112 : -1.4461490e-25  9.3247179e-26  2.3206628e-25
   113 :  1.3733939e-01 -1.6498730e-02 -1.6995759e-02
   114 : -2.5787867e-15  7.1367015e-16 -4.0436998e-16
   115 : -3.8402385e-07 -8.9140254e-07  3.1130401e-07
   116 :  1.0776886e-04  1.5647475e-04 -5.8670462e-05
   117 :  1.2099207e-01  1.9959932e-01  1.5035963e-01
   118 :  5.7745033e-02 -1.2560284e-01 -6.0919820e-02
   119 : -3.1177700e-30 -7.7753584e-31  4.7778395e-30
   120 : -3.7401632e-14  2.1383435e-14 -9.6694870e-15
   121 :  5.7222537e-23 -2.7476634e-23 -5.2826757e-23
   122 : -2.7615162e-08  7.0053635e-07 -4.0474560e-07
   123 : -3.5420351e-37 -4.6137969e-37  9.0999522e-37
   124 :  3.5996415e-28 -2.3754778e-27  9.4897574e-28
   125 : -6.3662199e-40  1.7991119e-39 -5.2627853e-40
   126 : -1.4967788e-21  2.8325239e-20 -2.2496611e-20
   127 : -1.0179477e-22 -1.1902791e-22  3.5219148e-22
   128 :  1.4517837e-09 -2.6241536e-07  2.1765167e-07
   129 :  5.4984837e-19  8.4178555e-19 -2.4942055e-18
   130 : -3.5167607e-02  2.4243968e-03  1.1416251e-01
   131 :  3.9014205e-07  4.3154658e-06 -1.1898692e-05
   132 : -5.8039133e-07  1.8261854e-06  1.3704697e-07
   133 :  5.1616838e-04 -1.0709886e-03  1.9863705e-04
   134 :  5.6134073e-07 -2.3188708e-07 -2.5656204e-07
   135 : -7.4354304e-09  2.7526361e-09  1.8282492e-08
   136 :  6.9221228e-13 -1.2099982e-11  7.7012838e-12
   137 :  2.5705591e-08 -4.3206519e-09 -5.9801377e-08
   138 : -8.6529157e-12  9.7476910e-10 -8.6508770e-10
   139 : -5.3942770e-10  6.5690634e-10 -8.2157289e-11
   140 :  6.3725491e-25  1.1330572e-24 -8.0385202e-25
   141 :  1.2723149e-23 -3.9525421e-23  1.0869884e-23
   142 : -8.8816246e-10  9.0727441e-10 -1.7325509e-09
   143 : -2.9844128e-32  1.6045897e-30 -2.1646582e-30
   144 : -4.5539324e-11 -6.8273110e-11  4.5858968e-11
   145 :  2.2358772e-13 -6.6697167e-13  1.9164938e-13
   146 : -2.6325162e-16  2.1606879e-16  3.6724188e-16
   147 : -3.8737281e-31 -1.3954809e-30  8.4397685e-31
   148 :  2.9302073e-18  9.9459900e-18 -1.7032138e-17
   149 : -5.6793825e-02  1.2788427e-01  8.3605035e-02
   150 : -4.7230823e-14 -4.6002207e-13  5.8461709e-13
   151 :  2.4737855e-22 -7.5764993e-22  1.6674274e-22
   152 :  9.2031244e-19 -8.3430780e-19 -1.9876656e-20
   153 : -3.3469903e-02  2.1485878e-02 -1.6641883e-01
   154 : -1.0058096e-40  3.1149517e-41  1.2387007e-40
   155 : -2.3776386e-31  7.3090738e-32 -2.0686739e-31
   156 :  8.1733088e-33 -2.6167783e-32  8.5999272e-33
   157 :  3.4239969e-15 -9.3420973e-15  2.3244840e-15
   158 :  8.6337229e-10 -1.9588257e-09  8.8599816e-10
   159 : -1.3612257e-12 -3.7813364e-12  2.4867503e-12
   160 : -1.7849863e-38  6.2904218e-39  5.7399141e-39
   161 : -1.6257948e-37  3.5024948e-37 -5.4915981e-37
   162 :  1.3078384e-01  1.0359172e-01  1.2382486e-01
   163 :  1.7637892e-06 -1.1172474e-06  1.1379792e-06
   164 : -1.1428557e-20  1.9684704e-20  5.9391138e-21
   165 : -2.1395655e-11  1.0923711e-10 -6.4776549e-11
   166 :  5.6797347e-32 -1.3047766e-32 -1.0871648e-31
   167 : -6.1338843e-09  2.3840566e-09  6.5379136e-10
   168 :  7.3863841e-07  8.7892144e-08 -2.7204495e-08
   169 : -8.2016324e-02  5.5397890e-02 -1.2758362e-01
   170 :  6.7050419e-29 -1.7977081e-29 -2.9603210e-29
   171 :  3.5575573e-31  8.9690532e-29 -1.8125187e-28
   172 :  1.3237300e-05 -1.9816338e-05 -8.6435348e-06
   173 : -1.8855903e-07  3.7839369e-08 -3.4600403e-08
   174 : -1.5458934e-10  1.4694095e-10  1.3649167e-10
   175 : -3.4319486e-16  8.6029139e-17  2.3032960e-17
   176 : -1.1766773e-27 -6.3193589e-27  8.4956149e-27
   177 :  3.5433893e-10 -9.8596896e-10  3.9408119e-11
   178 : -5.2829802e-01 -3.1924450e+00  2.4856639e+00
   179 : -2.0588188e-11 -4.2957256e-09  3.8089320e-09
   180 :  3.1732543e-31  2.5529435e-32 -6.8153368e-31
   181 : -6.7264752e-07  3.8682060e-06  1.3239836e-06
   182 : -4.3075159e-18  3.4702477e-18 -3.6308452e-18
   183 : -1.8096126e-04 -1.4927077e-05  1.5853513e-04
   184 :  3.4852228e-40  5.0535837e-39 -2.6116660e-39
   185 : -1.1637352e-21 -9.6845575e-23  5.7364516e-22
   186 :  2.0135269e-14  8.1393994e-16 -2.1672550e-14
   187 : -4.2778731e-09  1.0258386e-08  1.0502509e-09
   188 : -1.9940337e-01 -3.4015321e+00  3.3362477e+00
   189 : -2.1048378e-09  3.6692590e-08 -3.0858854e-08
   190 : -4.8686075e-11  3.9039269e-11 -5.5909462e-12
   191 :  7.8997712e-37 -6.5624874e-37 -1.0500061e-36
   192 :  2.6282881e-05 -2.8555978e-05 -5.7781464e-05
   193 :  2.2260422e-01  1.0762050e-01  1.1271319e-01
   194 : -1.1047366e-01 -8.9612312e-01  1.1260869e+00
   195 : -2.3818448e-16 -1.3292267e-16  1.5876305e-16
   196 :  1.8670997e-31 -3.1625120e-32 -3.7047954e-31
   197 : -1.0158792e-30  1.7093694e-30  3.5744153e-31
   198 :  1.5551025e-12 -3.5109908e-13 -7.2479984e-13
   199 : -2.5864593e-02  1.0112059e-01 -2.1571065e-02
   200 :  1.2856628e-27 -3.8561406e-27  1.8402479e-27
   201 :  4.4662253e-06 -1.1435372e-06  5.2914498e-07
   202 : -3.1196713e-15  9.8736096e-16  2.6491385e-16
   203 :  5.4438261e-34  7.0780653e-34 -5.7939716e-34
   204 : -1.1294093e-16  8.0504538e-15 -6.5631370e-15
   205 : -1.1310783e-05 -2.7502674e-06  5.3572010e-06
   206 : -1.6666027e-33  5.6922592e-34  2.6040753e-34
   207 : -2.0488879e-31  1.2843708e-31 -7.1322498e-32
   208 : -3.0597618e-23  4.6153553e-23  3.3111878e-25
   209 :  2.6529901e-02  1.7410443e-01 -4.3850190e-03
   210 :  3.1682695e-16 -4.0243456e-16 -2.8287156e-16
   211 :  2.0449843e-33 -1.3573564e-33  9.2428329e-34
   212 :  2.3277309e-09 -8.4401824e-09  1.9571944e-09
   213 :  1.1170315e-31 -2.3517249e-30  2.9230987e-30
   214 : -6.5268454e-02 -8.8738332e-02  1.4953227e-01
   215 : -2.8117879e-01 -2.0216779e-01 -3.2115231e-02
   216 : -6.1869802e-09  7.3721683e-09  6.6998438e-09
   217 :  3.9173084e-40  1.4701644e-39 -8.8950730e-40
   218 : -3.5926304e-25  2.3292871e-24 -1.5696778e-24
   219 : -1.0352829e-06  4.1487737e-07  1.1900488e-06
   220 :  7.7047496e-21 -8.6844346e-22 -4.9584802e-21
   221 :  4.2190632e-27 -5.3251615e-27 -4.2808133e-27
   222 : -9.1033374e-03 -2.6396780e-04 -1.0092723e-02
   223 :  4.1353252e-05  7.9560591e-04  1.0448349e-04
   224 : -3.1955163e-13 -7.8469377e-13  1.5303132e-12
   225 :  4.1085005e-22 -1.7592472e-20  1.7221385e-20
   226 : -1.9479498e-27  8.4512708e-28  6.9068123e-28
   227 : -3.3335027e-15  7.5462902e-16  1.2883242e-15
   228 :  3.6671037e-13 -4.2734579e-13 -9.0053984e-14
   229 : -1.1809303e-17  9.2079347e-18  1.1560091e-18
   230 :  4.5073938e-28  5.3887860e-28 -4.5366797e-28
   231 : -2.0127751e-28  6.3597348e-28 -2.1092434e-28
   232 : -7.9580536e-38 -6.5250597e-38  7.0047303e-38
   233 :  1.7397271e-27 -1.4417428e-26  1.2713128e-26
   234 :  1.4329703e-01 -5.8170563e-02  1.4429312e-01
   235 : -4.9937469e-05 -2.1762065e-05  5.3280126e-05
   236 : -3.4921187e-25  4.4831291e-25  3.1370080e-25
   237 :  4.3257533e-23 -2.5466668e-22  2.1546174e-22
   238 :  4.3295313e-35  6.3549887e-36 -2.4521553e-35
   239 :  7.9516697e-27 -8.2617286e-27  8.3011271e-27
   240 :  2.4366335e-32  2.1884281e-32 -7.3000217e-32
   241 :  9.2096621e-08  2.0327440e-07 -1.7405849e-07
   242 : -2.2613860e-07 -1.0848229e-07  4.3496585e-07
   243 : -7.0185066e-03 -1.8257580e-04 -7.1811387e-03
   244 :  1.8178572e-05 -1.4405789e-04  3.0815062e-04
   245 :  1.0251596e-25 -2.5291900e-26 -1.4793827e-25
   246 : -8.5565328e-08  2.7262254e-08  1.9446034e-08
   247 : -7.6729041e-03  5.1608379e-03 -1.0149553e-02
   248 :  5.1903261e-39 -9.0219848e-39 -1.6028184e-39
   249 :  3.7989906e-20  2.4931685e-19 -3.2256973e-19
   250 : -2.2850435e-07  8.5535995e-08 -3.8610334e-08
   251 :  3.1392586e-14 -6.4133534e-14  6.6706360e-14
   252 : -5.3733290e-28  1.0409511e-27 -7.1234368e-29
   253 :  2.6464134e-34 -2.8520980e-34  3.4418498e-34
   254 :  6.2092217e-02 -7.5870244e-03 -1.7413589e-02
   255 :  7.1774370e-15  1.3321544e-15 -3.1726851e-15
   256 : -1.0041754e-07 -1.6179740e-07  1.0264507e-07
   257 :  3.1685987e-05 -2.1220237e-04  3.6370199e-04
   258 : -4.0870939e-16  6.7435003e-16 -9.6126550e-16
   259 :  1.8610813e-22 -2.8805476e-22  4.4649427e-22
   260 : -1.4900791e-07 -2.3484747e-07  4.9092824e-07
   261 : -3.3371185e-15 -2.4997929e-15  1.2753028e-14
   262 :  4.9484691e-26 -2.6872735e-25  1.9805778e-25
   263 : -4.5499003e-29  4.7064289e-29  5.2101041e-29
   264 : -6.6518563e-14  6.6755036e-14 -8.4238208e-14
   265 : -2.9732025e-07 -4.4609175e-07  9.8847328e-07
   266 :  1.4929444e-20  3.1842412e-19 -1.4223512e-19
   267 : -1.7258705e-17  3.2346589e-17 -7.2870189e-18
   268 :  7.5928272e-30  2.9325077e-29 -6.7689374e-29
   269 : -7.3901633e-03  2.4493589e-03  2.2492380e-03
   270 : -4.7049722e-17  1.4799386e-16 -4.3905761e-17
   271 :  4.5340717e-06 -1.1591176e-06  2.8599330e-07
   272 :  9.3485284e-17 -2.9416307e-17 -2.5499512e-17
   273 :  3.5942665e-28 -3.3638516e-28 -4.0186100e-28
   274 :  1.8503736e-08  3.3843838e-08 -1.3591791e-07
   275 :  7.5223178e-24  6.1586754e-24 -2.3811805e-23
   276 :  1.3214973e-05 -9.3532089e-06 -3.7190967e-06
   277 :  1.3287426e-26  1.8084805e-26 -4.6420483e-26
   278 : -3.9293520e-08 -2.3692652e-09  1.0317270e-07
   279 : -1.4437498e-14  6.2753072e-15  5.3411036e-15
   280 :  2.6449506e-01 -1.3229658e-02  1.8179774e-01
   281 :  2.0453161e-13 -3.2859862e-13 -1.5481243e-13
   282 : -3.8498730e-20  5.8597768e-19 -1.3436169e-18
   283 : -2.4077743e-23  1.7545844e-23  3.1219549e-23
   284 :  2.3691880e-25  1.0198715e-25  4.7688381e-25
   285 :  1.0103697e-01  4.5584579e-02 -2.3521731e-02
   286 :  2.7882703e-08  6.9803470e-09 -6.9422206e-08
   287 : -1.3559458e-10 -1.2517185e-11  1.1854975e-10
   288 :  1.0531342e-01  1.0482369e-01  1.1468049e-02
   289 : -7.9154168e-12  4.4472391e-11 -1.1612769e-10
   290 :  9.8474521e-02  1.4627054e-01  5.2139007e-02
   291 :  1.5836150e-14 -1.4533568e-14  2.4376291e-17
   292 :  1.4924275e-03  6.7733699e-04 -3.6076006e-03
   293 : -2.8368099e-22  1.2642900e-22  4.5290281e-22
   294 : -1.1799256e-09 -3.0689017e-09  9.0824579e-09
   295 : -1.7543502e-33 -1.1133401e-32  6.0866664e-33
   296 :  1.1178972e-06 -2.1569861e-05  5.8535751e-06
   297 :  4.7407024e-12 -1.5747680e-11  4.3791712e-12
   298 : -1.7502088e-13 -1.8482294e-12  1.0435784e-12
   299 : -5.6922320e-36 -9.8961792e-37  1.0590463e-35
   300 : -1.8349652e-05  5.5725668e-06  6.0622201e-06
   301 : -4.0557791e-15  2.3187839e-14 -8.3426523e-15
   302 :  1.5653064e-08 -6.6447002e-08  2.8828684e-08
   303 :  3.7634341e-10  6.5815814e-10 -4.8786390e-10
   304 :  1.9618174e-09 -2.1086001e-09  6.7314666e-09
   305 : -6.2742841e-15  3.8700735e-15  1.0462831e-15
   306 :  6.4166525e-04  3.8607222e-04 -3.0904062e-04
   307 : -3.1726207e-09 -1.7934859e-11  3.0972483e-09
   308 : -4.3035651e-13 -7.7928780e-14  6.4986417e-13
   309 :  3.0861884e-36  2.2772701e-34 -1.1295098e-34
   310 : -1.5596002e-11 -2.5221451e-11  6.4053016e-11
   311 : -1.8349573e-08  8.9168427e-09  3.9526297e-08
   312 : -1.0319166e-31  1.3416304e-31 -2.2301231e-31
   313 :  6.1419211e-23 -2.4895840e-22  8.5458360e-23
   314 : -1.5723916e-34 -6.1836153e-35  2.6646132e-34
   315 : -8.1864529e-27 -3.4706903e-26  1.9809316e-26
   316 :  6.4614270e-04  4.7979549e-04 -1.1864364e-04
   317 : -4.4990913e-36 -1.4318516e-35  2.2882080e-35
   318 : -2.2101504e-07 -8.6101933e-06  2.1471184e-06
   319 : -3.0082872e-06  2.7545292e-06  5.6916524e-06
   320 : -5.6405518e-01 -5.8689277e-02 -1.8924415e-01
   321 : -4.9780234e-04  6.8766934e-04  1.6289358e-03
   322 : -3.8264437e-34  9.1139415e-34 -1.3672382e-34
   323 :  4.8034486e-38 -7.3223404e-38  1.3324927e-38
   324 : -1.5699610e-25  4.5669933e-25 -1.2192200e-25
   325 :  2.5892538e-22 -9.5129302e-22  1.8600209e-21
   326 : -2.8629121e-02  7.5080417e-02  9.2504734e-02
   327 : -7.4960223e-02 -2.8850579e+00  2.4837850e+00
   328 : -1.0869812e-07 -3.8750022e-08  3.5795695e-08
   329 :  1.2825524e-24 -2.7903784e-23  1.3217944e-23
   330 : -3.7830880e-38 -2.2595508e-37  2.9905329e-37
   331 :  5.6055996e-17 -2.5157021e-16  1.2284876e-16
   332 :  1.7080672e-09  5.4616978e-10 -9.3788813e-10
   333 :  3.4795917e-22 -2.0976277e-22  1.2651026e-22
   334 : -5.3528972e-07 -2.0543575e-06  5.9192227e-06
   335 : -5.4845945e-09  1.1358166e-08  5.9004366e-10
   336 :  2.9878835e-08 -3.2582984e-08 -3.1273998e-08
   337 :  7.2831145e-35 -7.0229265e-33  7.4659021e-33
   338 : -2.0519133e-07  5.6288709e-08  5.5612943e-08
   339 :  1.7575629e-24 -7.1783781e-25 -3.0621095e-24
   340 :  3.7382515e-08  1.4014216e-06  1.3046077e-06
   341 : -2.3262140e-32  1.6515394e-32  4.3439912e-33
   342 : -2.7736447e-27  1.0207282e-28  5.8376316e-27
   343 :  8.1564516e-14 -3.4380104e-14 -2.1955918e-14
   344 : -5.1567274e-06 -2.8004679e-05  4.5867615e-06
   345 :  1.6033647e-01  6.9179820e-04 -3.0204809e-02
   346 : -1.0675610e-26 -1.0298707e-26  9.5775210e-27
   347 :  6.9281021e-08  1.0263673e-07  3.5604978e-06
   348 : -1.8900410e-14  9.0970518e-14 -3.5996248e-14
   349 : -8.2114378e-16  1.1996738e-15 -1.4065635e-15
   350 : -4.6965800e-06  1.5258751e-06  5.6172043e-06
   351 :  1.1388667e-20  1.0413544e-20 -9.8235940e-21
   352 : -7.1621048e-06  6.9161608e-08  8.0878781e-06
   353 :  3.1392955e-09  1.4258150e-08 -4.9044129e-09
   354 : -1.1162102e-01 -6.8298944e-02 -1.4106441e-01
   355 :  1.9967513e-02  9.7235866e-02  1.5551028e-01
   356 :  4.0198021e-33  6.2959647e-33 -1.4700755e-32
   357 : -3.9686690e-06  1.7893481e-05 -5.1430659e-05
   358 : -2.3115692e-16  7.5707703e-16 -1.4185567e-16
   359 : -7.6425162e-40  2.0322592e-39 -6.4247617e-40
   360 :  3.6764792e-06 -1.3001510e-06 -4.9409851e-07
   361 : -4.5285577e-20  1.4382585e-20  1.3285737e-20
   362 : -5.5665275e-14  5.7086643e-14 -7.8568221e-14
   363 : -2.2913356e-18  1.0581172e-17 -2.1975807e-17
   364 :  2.3485889e-19  1.7038813e-18 -8.2672046e-19
   365 : -3.2741636e-14  1.3743564e-14  3.0821931e-15
   366 :  2.5861603e-30  9.8680539e-30 -1.5023993e-29
   367 : -9.9017978e-12 -5.2048457e-12  1.2727366e-11
   368 : -3.7955243e-07  1.5503179e-06 -2.6997678e-07
   369 : -4.0598915e-15  4.3946502e-14 -4.2792967e-14
   370 : -1.4250518e-17  3.3533847e-17 -3.7096705e-18
   371 :  3.3077815e-30  3.1783049e-31 -3.8762401e-30
   372 :  8.4991988e-14 -9.6153813e-14 -8.3571396e-14
   373 : -3.7000037e-09 -2.7835645e-09  1.3530725e-08
   374 :  9.0227840e-02 -1.3253837e-02 -2.4995076e-02
   375 : -3.4207683e-22  1.4209093e-21 -5.0052139e-22
   376 : -5.7352175e-34 -3.0162438e-33  4.2584283e-33
   377 :  2.6130873e-12  5.6436848e-13 -9.9359121e-13
   378 :  3.6982836e-18 -4.7513463e-17  2.6692541e-17
   379 :  8.6762975e-37 -2.5742376e-36  8.6300883e-37
   380 : -1.4056735e-03  5.2076972e-04  3.3683897e-04
   381 : -3.0462235e-16  1.6275367e-15 -5.6436637e-16
   382 :  6.2091942e-22 -5.4043783e-22 -7.8370760e-22
   383 : -4.3637055e-05 -4.8901691e-05  3.9766342e-05
   384 : -7.1683889e-21 -2.2980452e-20  2.1345962e-20
   385 :  3.8399102e-08 -8.0708000e-08 -1.4735873e-08
   386 :  6.8787852e-04 -1.4797495e-04  6.9824266e-05
   387 : -3.2800005e-24  8.4235153e-25  6.3416206e-24
   388 :  1.6388208e-01  2.0748383e-01  6.4726756e-02
   389 :  1.2489000e-19 -2.7995242e-20 -1.8734455e-19
   390 :  7.5027428e-08 -1.6341310e-07 -7.3107675e-08
   391 :  1.1309203e-16  3.3191595e-16 -2.0923622e-16
   392 : -7.8397051e-05  1.9050377e-05  7.1928866e-06
   393 : -5.9835869e-05 -6.5307288e-05  1.6968504e-04
   394 : -3.0143160e-20  8.2187365e-20 -1.4847814e-20
   395 :  3.8813114e-12 -4.6852764e-12  7.3662125e-12
   396 : -1.2126816e-36  1.7906284e-36 -2.5210615e-36
   397 : -1.9842652e-05  7.2998518e-05 -1.0970034e-06
   398 : -2.8960643e-10  2.7067584e-09 -9.9596767e-10
   399 : -9.3785347e-05  5.7126175e-04 -2.6900054e-04
   400 :  5.3481763e-11  4.0704300e-10 -1.1176924e-09
   401 : -7.0726651e-09  1.4026103e-08  8.1760523e-09
   402 :  4.7851049e-19 -9.0033851e-20 -1.6489433e-19
   403 : -1.1128573e-18 -3.2361238e-19  2.6296444e-18
   404 : -6.5930531e-31 -4.1891296e-31  2.1263848e-30
   405 : -1.1620247e-11 -2.9431683e-12  1.2057072e-11
   406 :  3.9019086e-06  7.4044003e-07 -1.1422237e-06
   407 :  5.1669321e-04 -2.7465695e-04  2.4403935e-04
   408 : -2.6314620e-03  1.3126888e-03  6.2895185e-04
   409 : -8.8408156e-11 -1.0899081e-10  8.3112552e-11
   410 : -1.2867831e-01 -1.6081158e-01 -3.3398021e-02
   411 :  8.3946237e-11 -2.6234035e-10  5.0371868e-11
   412 : -6.4393330e-09  5.4826376e-09  1.1236359e-08
   413 :  2.0760059e-33  8.0223915e-34 -4.6838379e-33
   414 :  1.8823920e-01  6.8900066e-03  1.9034966e-01
   415 :  1.8389106e-10 -4.8932157e-10 -1.2715069e-10
   416 :  5.6571817e-24  4.8831823e-24 -1.5902820e-23
   417 : -2.2482069e-07  2.3774252e-06 -2.5625874e-06
   418 :  5.3075597e-05  7.6025419e-04  7.3640275e-04
   419 :  7.8130860e-30 -1.0546186e-29  1.0754578e-30
   420 : -1.1475143e-27  4.6773439e-27 -2.3387306e-27
   421 : -2.8065116e-25  1.2937841e-24 -6.4836215e-25
   422 : -5.0271381e-16  1.2845201e-14 -4.9675610e-14
   423 : -8.2734251e-13  1.6400250e-11 -4.9700973e-12
   424 :  5.0451991e-21 -2.4853123e-20  9.3323834e-21
   425 :  1.4966867e-24 -7.0170501e-24  2.3878250e-24
   426 :  7.9333087e-17  8.0291153e-17 -6.9680599e-17
   427 : -8.2189042e-19 -1.4993559e-18  4.0599861e-18
   428 : -2.1952730e-19  2.8745044e-19  2.2091475e-19
   429 : -1.7077485e-09 -1.2228230e-09  5.6225105e-10
   430 :  1.2759337e-08  8.3873074e-09 -2.2020731e-09
   431 : -2.0399870e-11  3.1288280e-11  2.1007746e-11
   432 : -1.8348019e-13  2.2184616e-13 -3.2829535e-13
   433 : -2.6384600e-32  1.9785722e-32  3.3935195e-32
   434 : -6.4684380e-03  1.3398787e-03  3.2946493e-04
   435 : -3.1467597e-11  2.2622104e-11 -2.0623680e-11
   436 : -2.5657856e-21  5.0297213e-22  4.9801266e-21
   437 :  1.7546662e-06 -2.3901010e-06  3.7899114e-06
   438 : -7.9713591e-08  5.7852079e-08 -4.9147967e-07
   439 :  1.2265642e-04 -1.0208095e-04  7.5973790e-05
   440 :  3.4585700e-25 -1.2653531e-24  4.2392277e-25
   441 : -1.5062044e-35 -8.5541258e-36  3.1150745e-35
   442 :  5.4744646e-06  1.8574386e-06 -2.6701613e-06
   443 : -9.3475299e-14  2.3127013e-13  6.3282075e-14
   444 :  2.5615187e-07  7.3641352e-07 -1.7659141e-07
   445 : -9.2875837e-16  3.3628674e-16  8.5142585e-17
   446 :  1.2376664e-01  7.1802457e-02 -2.9139719e-02
   447 :  1.9063213e-16 -2.3173287e-16  3.4200229e-16
   448 :  8.7940998e-11  1.2252477e-09 -4.1572364e-10
   449 :  2.1271555e-32 -2.5327892e-32 -1.8689530e-32
   450 : -6.2066986e-35  5.7050225e-35  7.1894901e-35
   451 :  2.4807243e-02 -9.1570184e-03 -1.5680514e-02
   452 : -3.7516298e-06 -6.9244542e-02  1.0905199e-01
   453 :  8.1167632e-02  6.4655686e-02 -1.0276529e-02
   454 :  6.2803797e-02  1.6313280e-01 -7.0836177e-02
   455 : -1.0683800e-18 -4.2980146e-19  1.2185335e-18
   456 : -9.8688532e-10  4.4576407e-10 -3.1959496e-11
   457 :  4.8578332e-36  1.1744605e-35 -2.0053074e-35
   458 : -1.3548964e-17 -3.0093282e-17 -1.3785866e-17
   459 :  4.4339208e-11  5.8173475e-11 -1.7872076e-10
   460 : -5.9833311e-10  2.6975530e-09 -5.8702649e-10
   461 : -1.3984671e-16  1.1874355e-16  2.1484688e-16
   462 : -3.0901184e-14  5.3542664e-14  2.3087988e-14
   463 :  2.1942977e-25 -1.4197044e-25 -1.4420046e-25
   464 : -4.1125646e-07  2.8401187e-07 -3.0269393e-07
   465 : -1.1750165e-09  4.0105381e-10  1.6253364e-10
   466 :  2.4295868e-04 -9.3807243e-05 -7.0885059e-05
   467 : -1.8649601e-26 -3.3065787e-27  2.8721621e-26
   468 : -9.9964588e-24  4.3823078e-23 -1.3272229e-23
   469 :  3.7523288e-36 -5.2676128e-36 -3.7133952e-36
   470 :  1.7707443e-33 -2.1634578e-33  1.6726167e-34
   471 : -2.9131372e-21  5.2957068e-21 -3.3617149e-21
   472 :  8.1614820e-25 -9.2013452e-25 -9.4288078e-25
   473 :  1.7417781e-08  2.9294846e-08 -6.6117324e-08
   474 : -1.0230929e-29  1.4863121e-29  3.6996275e-30
   475 : -6.7822288e-20  8.9009387e-20 -1.4424546e-19
   476 : -1.0033991e-20 -8.8990545e-20  4.1869871e-20
   477 : -2.9951708e-38  2.7440932e-38 -3.1726571e-38
   478 :  2.3914057e-10 -4.9740667e-10  1.6292130e-11
   479 : -2.5964788e-38  7.3854873e-38 -2.1711794e-38
   480 :  5.3555226e-05  7.7993330e-04 -9.1555343e-03
   481 : -8.8949487e-19 -2.7203459e-18  8.2108221e-18
   482 : -5.2891542e-28  1.6673734e-27 -5.5065455e-28
   483 :  1.8509913e-04  6.5083086e-04  4.9238687e-04
   484 :  3.2440907e-11  1.0453982e-10 -3.3495740e-11
   485 :  5.1275365e-11 -1.0931260e-10 -2.0713930e-11
   486 : -3.5544918e-02 -1.5669690e-01 -2.4926025e-02
   487 :  1.2952724e-09 -2.7195991e-10 -7.0248841e-10
   488 : -6.1322029e-03 -3.5665584e-03 -2.3546303e-04
   489 : -1.0209666e-29 -3.3051615e-30  2.4480521e-29
   490 :  1.8418483e-25  4.2709388e-26 -1.0959928e-25
   491 :  9.3331473e-27  2.3740043e-26 -1.6144722e-26
   492 :  6.8977943e-09 -2.2875199e-08  5.7257669e-08
   493 :  1.0038181e-07 -1.5832923e-05 -1.3804284e-05
   494 : -5.8356690e-04  5.5635641e-04  8.4818029e-04
   495 : -8.5781492e-13 -2.4730922e-12  3.9729482e-12
   496 : -4.4045104e-23  1.9453684e-22 -1.0709417e-22
   497 :  7.6982670e-35  4.4525972e-34 -2.4312830e-34
   498 : -1.5871269e-32  6.4585294e-32 -1.2454391e-31
   499 :  1.1707153e-03 -4.9584666e-03 -3.4008210e-03
   500 : -1.1794801e-35  1.0187401e-35  1.4878572e-35
   501 :  3.8631487e-39 -8.9255554e-38  6.4518639e-38
   502 : -6.5333600e-07  1.8985098e-06 -4.9593887e-07
   503 : -4.8631379e-08  1.2535138e-06 -2.6990117e-07
   504 :  6.5442296e-11 -1.2927440e-10  7.5155503e-11
   505 : -7.5537511e-03  1.9777256e-03  1.4911178e-03
   506 :  3.6018192e-25 -8.3347490e-25  5.6708130e-26
   507 : -4.2526919e-23 -2.9313935e-23  9.1585140e-23
   508 : -9.4981052e-24  7.8995831e-23 -3.7569115e-23
   509 :  1.2480138e-09 -2.7577214e-09  5.7830262e-09
   510 :  3.2876166e-24  2.1222591e-23  6.5318636e-23
   511 : -2.4616319e-17  4.8130163e-18  6.0493934e-17
   512 : -2.6401368e-18 -1.3198332e-17  6.2357308e-18
   513 : -1.0574580e-12 -1.0976281e-12  3.4616454e-12
   514 : -1.2367009e-11  5.4745306e-11 -7.2208760e-12
   515 : -1.7893492e-05  1.8691150e-05 -3.2377764e-05
   516 :  9.3160433e-24  2.6412360e-23 -1.7181428e-23
   517 : -3.8710867e-05  1.0917310e-05 -1.0486534e-05
   518 :  8.5571267e-12  3.1739674e-12 -1.4278903e-11
   519 : -5.2712752e-17  2.2665750e-16 -1.0532793e-16
   520 : -6.4697112e-13 -6.7549957e-13  1.5621633e-12
   521 : -9.8932790e-07  6.8147942e-07  4.0818775e-07
   522 : -1.1279843e-01 -8.9389155e-02 -9.1600920e-02
   523 : -2.6438191e-04 -6.1345985e-05  1.6126798e-04
   524 :  2.8225798e-13 -5.2722249e-13  7.4567670e-14
   525 :  8.1809420e-11 -6.1299360e-11  1.1897038e-10
   526 : -1.1074710e-17 -4.8265421e-18  1.6473401e-17
   527 : -1.9631039e-30 -2.7412452e-29  3.8464926e-29
   528 :  1.8079219e-01  2.0572413e-01  1.5730973e-01
   529 :  2.1772777e-09  1.0909431e-08  2.3513204e-09
   530 : -6.3389725e-04  1.8542159e-03  5.2665711e-04
   531 :  7.0513541e-08 -9.5865493e-08  2.6178931e-08
   532 : -1.2322995e-17  1.3977913e-16 -1.0940945e-16
   533 :  8.3963680e-40 -8.9940160e-40  1.0146841e-39
   534 : -1.7861934e-40 -8.1576400e-40  1.8838589e-39
   535 :  2.8719927e-28 -5.1356983e-28 -1.0124993e-28
   536 :  1.4078609e-04 -3.2607219e-05 -7.0696098e-05
   537 : -1.4884049e-07 -1.6094067e-07  5.2695586e-08
   538 : -9.0550295e-10  5.9080265e-10 -7.5608597e-10
   539 : -5.5050668e-29  1.8794304e-28 -6.4622405e-29
   540 : -1.4013250e-25  3.0100906e-25 -2.3700724e-26
   541 :  5.4186662e-24  7.7796289e-24 -2.0247076e-23
   542 :  7.6554682e-13  1.2287147e-12 -7.3253028e-13
   543 : -1.4544169e-30 -1.6340856e-30  1.2345342e-30
   544 : -6.6965432e-12  1.4586422e-11  3.0595315e-12
   545 :  9.9124918e-22  3.7655137e-22 -2.5777560e-21
   546 : -3.7279380e-03 -3.7577121e-03  1.4252924e-03
   547 :  2.4970754e-27 -6.2819122e-27  1.2414786e-27
   548 : -2.6559497e-05  1.1164290e-05  2.9885681e-06
   549 : -4.2055201e-23 -2.2581957e-23  9.3699884e-23
   550 : -7.9552191e-09  2.6950864e-08 -6.2858480e-09
   551 : -6.5550710e-05 -5.3475632e-05  1.9555775e-04
   552 :  5.5228686e-07  1.7963031e-06 -1.2127870e-07
   553 : -1.7970128e-07  3.8316808e-08  5.4840826e-08
   554 :  1.6707755e-22 -7.4384555e-22  2.5769872e-22
   555 :  2.3941249e-13  9.6493001e-14 -5.7910615e-13
   556 :  5.2449518e-24  6.8625519e-24 -5.4547973e-24
   557 :  1.5742523e-01  1.2719616e-01  1.5641250e-03
   558 :  2.6900895e-08 -6.4608027e-08 -2.5728455e-09
   559 : -2.0243491e-06 -7.3351072e-06  6.6257153e-06
   560 :  3.4307006e-08  5.3511984e-09 -1.4631359e-08
   561 :  6.9167337e-02  1.4036980e-01  8.9244274e-02
   562 : -1.1465054e-19  6.7933300e-18 -3.0933102e-18
   563 :  1.3132089e-34 -3.6139777e-35 -5.5353751e-35
   564 :  3.0867477e-04 -1.0036021e-04  1.6879271e-04
   565 :  5.1302381e-04  2.9155207e-04  5.8457738e-04
   566 : -1.9544741e-26 -2.9617521e-25  4.5468150e-25
   567 : -9.2383918e-14  3.9169180e-13 -1.5625493e-13
   568 : -7.6202698e-06 -4.9928290e-06  4.6971657e-05
   569 :  5.9469204e-05 -5.6275779e-05 -2.9819246e-05
   570 :  8.7634985e-22 -1.7275724e-21 -3.6946854e-22
   571 :  8.8285658e-14 -1.0420304e-13  2.9741677e-15
   572 :  8.1551081e-38 -1.2202204e-36  5.5891012e-37
   573 : -2.3931199e-10 -1.7877795e-09  2.0808252e-09
   574 :  1.6569259e-08 -1.3740916e-08  2.7187269e-08
   575 :  1.7081400e-01 -5.6939358e-02 -9.2665263e-02
   576 :  2.9127230e-11  2.7214747e-11 -1.0444353e-10
   577 :  9.6051814e-03  1.1786948e-01  1.7510801e-03
   578 : -1.5025572e-40  1.9747523e-40  1.7103061e-41
   579 : -2.1446651e-03  2.0585954e-02 -8.9378026e-03
   580 :  1.1755011e-01  1.2926211e-01  6.6159850e-02
   581 : -4.5602644e-22  8.3205721e-22  2.8436606e-22
   582 :  3.1761667e-38 -1.0965967e-37  3.7024066e-38
   583 :  3.7871716e-20 -1.2126746e-19  3.8166170e-20
   584 : -4.6589004e-31  8.1145476e-31  1.3117614e-31
   585 : -1.5129937e-04  1.2042711e-04 -1.5581071e-05
   586 :  6.7829714e-26 -1.3162229e-25 -9.5764410e-27
   587 : -1.6107703e-19 -8.5334560e-19  1.1606724e-18
   588 :  4.5250387e-25 -4.9607535e-25  1.9534747e-26
   589 : -6.4617225e-07  9.9502386e-07  6.4291040e-06
   590 :  5.2445596e-06  2.3919714e-06 -1.0361968e-05
   591 :  1.1257603e-34 -1.6835047e-34 -5.9173950e-35
   592 :  3.3091946e-22  2.1654867e-22 -7.7066052e-22
   593 :  1.5599086e-16  8.1618403e-18 -1.6977257e-16
   594 :  1.0510296e-18 -2.3717479e-19 -3.6917860e-19
   595 :  5.2857393e-11 -2.4625728e-10  3.3983159e-10
   596 :  1.3127443e-10 -3.5221210e-10  1.0625635e-10
   597 :  1.3937190e-14  9.5440141e-15 -3.0583223e-14
   598 : -2.5603396e-18 -7.5067976e-18  4.7215406e-18
   599 :  3.1228103e-02 -1.7712390e-02 -1.4824709e-02
   600 : -8.9927759e-12  9.0450370e-12  1.4518907e-11
   601 :  4.3516695e-02 -1.2130308e-02 -1.4709009e-02
   602 : -5.0104629e-27 -3.3561414e-26  1.7538462e-26
   603 : -5.5374034e-30 -1.8817652e-29  9.3263825e-30
   604 : -7.2712108e-21  9.9373426e-21 -1.2991884e-20
   605 : -2.6518672e-16  2.0634764e-16  4.3329712e-16
   606 : -6.3876039e-02 -1.0472368e-01 -8.8797868e-02
   607 : -9.2813883e-12  1.3276289e-11  1.0216079e-11
   608 :  3.8501615e-24 -2.6519725e-24 -4.2665062e-25
   609 :  7.1881803e-21 -1.7421384e-20  3.5583203e-21
   610 :  2.1286518e-29  7.0225178e-29 -1.6524979e-28
   611 :  4.3370862e-02 -8.0308407e-03 -1.0906524e-02
   612 : -4.1709135e-12  1.5071567e-11 -8.3299931e-12
   613 :  2.7870991e-15 -1.5217630e-16 -6.9241872e-15
   614 :  5.1053577e-07  2.7684486e-06 -3.0728672e-06
   615 : -1.3669718e-13  7.5665353e-14  2.2338847e-13
   616 : -2.0276217e-31  3.3627869e-31  7.6614992e-32
   617 : -2.2406915e-15 -1.0753292e-15  1.1790209e-15
   618 : -1.2046538e-18 -7.5170110e-19  9.4225496e-19
   619 : -4.6380294e-24  5.4237665e-24  3.9695213e-24
   620 : -4.5930724e-17  5.2124237e-18  2.6735759e-17
   621 :  2.1001738e-12 -2.0845792e-12 -3.5224858e-12
   622 :  5.4713347e-04  1.2759501e-03 -1.8535469e-03
   623 : -2.0519486e-07  8.9471126e-08 -2.5377135e-08
   624 :  1.9609095e-14  3.4758286e-15  1.1921731e-14
   625 : -2.4737761e-14  2.1768899e-13 -9.4347418e-14
   626 : -1.4767146e-40  5.8261343e-40 -2.2355714e-40
   627 : -2.3121392e-26  9.8302017e-26 -5.2162052e-26
   628 :  9.8113400e-19 -1.4305533e-18  2.1092584e-19
   629 :  2.6760252e-08 -1.1835867e-07 -3.6628184e-08
   630 : -4.4818283e-05  2.5846731e-05 -7.6204209e-05
   631 :  8.3450756e-16 -3.5109443e-15  6.8970821e-16
   632 :  5.9782690e-31 -1.1112358e-30 -1.1795631e-31
   633 : -1.8070063e-07  4.2209268e-08  4.6513188e-08
   634 :  9.9597867e-11  6.6088759e-11 -2.5740114e-10
   635 :  2.6456805e-06 -5.4074561e-07 -6.4881066e-07
   636 :  6.2145294e-07  2.0807983e-06  2.4098095e-07
   637 :  1.3805002e-04 -8.4159954e-05  1.6114834e-05
   638 :  2.0274022e-03 -2.8855480e-03 -3.2910753e-03
   639 : -4.5193146e-06  1.1050382e-06  2.3390538e-06
   640 : -6.3741062e-02  1.5157175e-01 -1.0369733e-01
   641 :  1.0136899e-23 -2.1746793e-23  8.5570321e-25
   642 :  9.2964506e-09 -5.4626695e-09 -1.2636470e-08
   643 :  4.1570098e-07 -2.2524599e-07  2.2706873e-07
   644 : -1.7898773e-07 -4.2772080e-07  8.1605430e-07
   645 :  1.6839657e-11 -6.8600926e-11  2.6448629e-11
   646 : -1.4057581e-12 -2.3136127e-12  4.7938480e-12
   647 :  1.6929615e-01  4.0642666e-02  2.2534170e-01
   648 : -9.1777019e-13  1.9206118e-13  7.2539521e-14
   649 : -4.3624464e-06  1.2493040e-05 -7.0592436e-06
   650 : -3.6280009e-14 -1.6340862e-14  6.5011842e-14
   651 : -2.4805876e-03 -4.3441382e-03  1.0603805e-02
   652 : -2.8820404e-12 -5.0610440e-12  2.3035615e-12
   653 : -5.0781260e-04  1.0095815e-04  1.3668244e-03
   654 :  1.7203114e-20  6.8370451e-23 -1.4451183e-20
   655 : -3.8620289e-13  3.0224862e-13 -6.9507124e-13
   656 : -1.4409793e-02 -1.2897031e-02  3.3859513e-03
   657 :  1.2650716e-05 -2.3175890e-05  7.9865265e-06
   658 :  1.2756714e-14 -3.3373674e-12  6.2071219e-12
   659 : -2.5163013e-09  2.3937247e-09  1.5960221e-11
   660 :  7.1114174e-04  2.1179646e-04 -1.0241519e-03
   661 :  2.3905554e-01  1.8190822e-01  6.1533419e-02
   662 :  2.6946515e-19 -1.1066664e-19 -1.3282371e-19
   663 : -1.9102687e-05  1.2046606e-05 -5.1441857e-05
   664 : -1.5433624e-04  9.7272640e-04 -1.6548562e-03
   665 : -2.4747143e-03  6.8460022e-04  4.5821288e-04
   666 :  9.6508008e-32 -6.8378414e-32 -1.3095321e-31
   667 :  9.6309861e-22 -4.2440063e-22  7.7045414e-23
   668 : -1.7930964e-07 -2.5204711e-07  1.3875780e-06
   669 :  3.9769466e-40  1.9554233e-39 -2.7607243e-39
   670 :  8.9389491e-06 -5.0374641e-05  8.8982783e-06
   671 :  1.4342721e-01  1.9212551e-01  1.2322106e-02
   672 :  1.0059361e-04 -6.9795831e-06  1.1175503e-05
   673 : -4.0442881e-17  1.1622467e-17  7.6926415e-17
   674 :  2.6958728e-14 -1.4766704e-14 -4.3658681e-14
   675 :  7.7668846e-16 -7.4162616e-16  1.2041273e-15
   676 :  3.6960904e-11 -1.5327013e-10  4.8038811e-11
   677 :  1.6873685e-11 -1.1065180e-11  9.7554361e-12
   678 :  1.5323597e-06  1.3232597e-06 -1.9978383e-05
   679 : -4.1014591e-09  1.0380875e-08 -1.3773106e-10
   680 : -8.5760976e-09  9.4514871e-09  1.5552892e-08
   681 : -1.9224730e-22  9.5566146e-23 -2.0795494e-23
   682 : -2.1883623e-23  2.7745623e-23 -4.9010238e-23
   683 :  1.6185044e-20 -2.3976609e-20 -1.4934402e-20
   684 : -3.3181159e-26  1.9411843e-26  1.5570649e-26
   685 :  3.3136256e-10 -8.5250885e-10 -1.0106755e-10
   686 : -6.1413456e-15  2.6572202e-15  6.8621800e-16
   687 : -2.0468859e-26  6.8027348e-26 -1.5256601e-25
   688 : -5.7578885e-16  8.4241596e-16  5.0428933e-16
   689 : -9.7788602e-03 -5.5691743e-03  2.6861664e-03
   690 :  1.2042012e-11  4.2966591e-11 -2.0155608e-11
   691 : -1.3635092e-10  7.2212028e-11 -1.7438481e-10
   692 :  5.5325456e-12 -1.1253005e-11  9.5502101e-12
   693 : -2.5342853e-39  3.6140400e-39  1.7984768e-39
   694 : -1.0719807e-26  1.8433312e-26  4.0738125e-27
   695 :  1.4749276e-03 -4.2421225e-03 -9.6526980e-05
   696 : -4.5899733e-07  3.5983821e-08  9.0172603e-07
   697 : -2.7588903e-12 -9.2024277e-12  1.0747419e-11
   698 :  1.0790672e-03 -8.5757739e-04  6.3479991e-04
   699 :  2.5346843e-18 -1.1995795e-17  2.3282561e-17
   700 : -6.5109126e-33 -9.7065172e-33  2.6192506e-32
   701 :  8.5067354e-31 -2.8270448e-30  9.8147809e-31
   702 : -1.7182842e-21  3.9317581e-21 -2.1280010e-22
   703 :  1.5540346e-01  2.0514043e-01  1.1520909e-01
   704 :  7.8476611e-13  1.4469272e-12 -4.6531249e-12
   705 :  1.3421609e-25 -1.0953238e-24  4.7843774e-25
   706 :  4.1862607e-01  2.1548994e-01  2.1028751e-01
   707 : -2.9510000e-07 -3.4762975e-07  7.7519148e-08
   708 :  1.4368677e-08  3.2293993e-08 -7.5395448e-09
   709 : -2.7328990e-15  5.0222114e-15 -1.5058862e-14
   710 : -7.1367604e-18  2.6394291e-18  1.8354891e-18
   711 :  9.4973858e-14 -3.4402930e-15  6.2553170e-14
   712 : -1.4669415e-06 -1.8665661e-06  2.6303660e-06
   713 : -7.5463367e-13 -2.2682677e-12  1.9447555e-12
   714 : -1.3528729e-02  5.2954999e-02 -1.0352807e-01
   715 : -1.6481919e-10  5.6739656e-11  4.6259668e-11
   716 :  3.8350578e-28 -5.6489569e-27  1.1453954e-26
   717 :  6.8797856e-08 -2.3396486e-07  2.0193570e-08
   718 : -4.2862368e-13  2.9542513e-13 -2.8844312e-13
   719 : -3.6035814e-07 -2.0379758e-07  7.7005752e-08
   720 :  1.9233540e-01  1.3747417e-01  8.3861057e-04
   721 :  1.7849485e-04  3.0516964e-04  1.0224832e-04
   722 : -4.2459747e-24 -8.2336917e-24  5.2115339e-24
   723 :  4.2692041e-23 -2.4339414e-22  1.4761360e-22
   724 : -5.2755154e-23  1.0804161e-23  2.3420367e-23
   725 :  1.4907120e-05 -1.2509465e-05 -3.8183313e-05
   726 : -7.8775336e-16  9.7641395e-18  3.2491999e-16
   727 : -1.6198109e-05  1.6728609e-05 -3.5767420e-05
   728 :  1.1612471e-07 -1.8077430e-07 -2.5718700e-07
   729 :  5.7803556e-10 -1.2163380e-09 -2.5514978e-10
   730 :  2.6653556e-12 -4.5829401e-12  4.2820916e-12
   731 :  4.5915761e-22 -9.3833748e-22  2.4007961e-22
   732 :  1.4183015e-19 -4.1594730e-20  9.0506291e-21
   733 :  4.4537422e-12  3.3471761e-12 -3.5507285e-12
   734 : -3.9136110e-02  1.0843683e-01 -2.9237245e-02
   735 :  1.5295364e-12  1.6240323e-11 -7.7519612e-12
   736 :  3.3523803e-02 -7.0511950e-03 -7.1486566e-03
   737 :  1.1636488e-15  1.3234013e-15 -5.5940286e-15
   738 :  1.2727888e-06 -1.5558190e-07  1.0447406e-06
   739 :  1.5052063e-01  8.0917341e-02  1.7236025e-01
   740 :  9.4102071e-11 -3.0549668e-10  9.8345777e-11
   741 :  1.3025404e-04  2.4346802e-04 -3.2965123e-05
   742 :  1.6197402e-13 -6.5862461e-14 -6.6123599e-13
   743 :  2.2290996e-11  4.0926378e-11 -1.2709960e-10
   744 : -9.5812312e-02 -1.0745470e-01  2.0673528e-02
   745 :  1.2692134e-24 -4.6766733e-24  2.0935761e-24
   746 :  6.4503438e-20 -3.1638281e-20 -1.2743807e-19
   747 :  3.5551497e-15  5.5628814e-17 -5.5645378e-16
   748 :  1.6266562e-11  2.5942807e-11 -6.7661996e-11
   749 :  1.7803638e-07 -6.1070085e-07 -3.5518802e-07
   750 :  2.0549845e-26  2.9219984e-25 -4.0662270e-25
   751 : -1.1515436e-01 -7.6046082e-02 -6.0320864e-02
   752 : -6.1046760e-12  6.6696661e-12  7.9135846e-12
   753 :  1.4582020e-07 -5.7580952e-07  1.3927352e-07
   754 :  3.9970643e-20  4.5929308e-21 -9.1414236e-20
   755 : -2.6759715e-03 -4.3039271e-02 -1.3421349e-01
   756 : -1.6038222e-15  1.3745137e-14 -1.2926769e-14
   757 : -3.9220429e-37 -3.4593190e-38  2.0438230e-37
   758 :  9.5875520e-03 -1.7916337e-02 -3.3214301e-03
   759 :  7.4325046e-12 -6.5362908e-12  3.7051902e-12
   760 : -3.2765367e-17  9.3746309e-17 -2.0505931e-17
   761 : -3.7883111e-11  1.0692864e-10  2.8492335e-12
   762 : -2.0515226e-04  1.1527796e-03 -2.3037470e-03
   763 : -2.9632344e-28  8.8229895e-28 -2.8937738e-28
   764 : -2.4143765e-29 -9.3177830e-29  5.7776349e-29
   765 : -9.6834745e-02 -1.2661643e-01 -8.0203740e-02
   766 :  1.0761685e-13 -2.7167651e-13  4.2534933e-14
   767 :  1.9744186e-03  1.7907269e-03 -9.6947305e-03
   768 : -6.6447774e-26 -7.1262802e-25  1.6266219e-24
   769 :  1.4774878e-03  4.2537064e-03 -8.4044061e-02
   770 : -5.2765674e-11  4.8658569e-11  1.9250281e-10
   771 : -2.1037266e-07  1.6682833e-06 -3.2083085e-07
   772 : -7.6802850e-05 -1.1122741e-05 -2.7362438e-05
   773 :  5.4141273e-13 -1.4950479e-12  2.7393989e-13
   774 : -5.6273430e-02 -6.3668380e-03 -5.0782249e-02
   775 : -2.5146866e-02  1.7927932e-01  3.1213144e-01
   776 : -2.8179686e-12 -3.8923239e-13  5.9862056e-12
   777 : -3.0002726e-11  4.5221085e-11  5.8499717e-11
   778 :  3.9634539e-11 -5.9490092e-11  1.7076281e-11
   779 :  1.1202723e-21 -4.4279126e-21  1.5798685e-21
   780 :  1.0411810e-04 -2.1232226e-05  6.4074263e-04
   781 : -2.1849787e-24  2.0557060e-24 -2.3477814e-24
   782 :  3.8354890e-38  2.5437655e-38 -7.2803832e-38
   783 :  1.8470457e-11  4.6037386e-11 -1.0763640e-10
   784 : -1.1037005e-12 -9.6430984e-12  3.8676512e-12
   785 :  2.7869195e-24 -6.6319923e-24  8.9358333e-25
   786 : -3.5774134e-02  1.0484249e-01 -1.0662065e-01
   787 : -6.1741857e-02 -1.0231508e-01 -1.3061893e-01
   788 : -5.1244975e-24  3.8719901e-24 -3.9098260e-24
   789 :  9.4730542e-23  3.6876971e-23 -2.1093221e-22
   790 : -3.6722712e-09 -3.0341752e-09  1.0667195e-08
   791 : -1.0626550e-07  4.9847196e-08  1.4467822e-08
   792 : -5.1342307e-05  4.9840666e-07 -1.1913325e-05
   793 : -5.7445039e-05  1.3573133e-05 -1.5785182e-06
   794 :  1.8417884e-10 -3.4184644e-10 -2.1725410e-10
   795 : -9.2599410e-06  1.6318267e-05 -6.6094251e-05
   796 :  6.6646538e-06 -2.3397703e-07  5.2056799e-06
   797 :  1.5659067e-25  3.0629683e-25 -5.0590026e-25
   798 :  4.6329711e-08  8.4841613e-08 -4.4086927e-08
   799 :  3.7708601e-14  9.2921836e-15 -9.7563363e-14
   800 : -2.4266623e-03 -9.8633278e-02 -6.5693127e-02
   801 :  1.3274260e-22 -2.1612443e-23 -2.4875329e-22
   802 : -7.9498418e-12  2.1023017e-11  4.8441940e-12
   803 :  2.7879411e-17  3.2096932e-17 -2.4128903e-17
   804 : -9.7557795e-02 -7.7508244e-02 -5.1629393e-02
   805 : -1.2612475e-11  4.3109424e-11 -1.0388311e-11
   806 :  2.4790180e-21 -6.3322977e-22 -3.0854803e-22
   807 :  9.7462386e-25  2.1601477e-24 -1.4043012e-24
   808 : -5.8966008e-02 -3.7422450e-02 -3.6162710e-02
   809 : -2.2550754e-16  2.0496146e-16  4.5287509e-16
   810 :  4.8300516e-24 -4.7886230e-24  5.5790121e-24
   811 :  8.1473515e-39 -2.7244624e-40 -9.2712018e-39
   812 :  2.2029023e-14 -1.0629524e-14  9.6031230e-14
   813 : -6.0209379e-12  1.4771248e-11 -8.6180211e-12
   814 :  6.1927977e-35  3.4898171e-36 -6.8946024e-35
   815 : -2.4501100e-39  3.9641976e-39  2.6285889e-39
   816 : -1.3388681e-32  2.8118572e-33  5.2434820e-33
   817 : -1.5148489e-34 -2.1448203e-34  5.2017699e-34
   818 :  7.7930794e-37 -4.2002596e-36  2.5445126e-36
   819 :  1.5843623e-13 -1.3831339e-12  2.6097603e-12
   820 : -4.5371919e-36  1.2500526e-35 -2.5894840e-36
   821 : -1.1644305e-05 -3.2300207e-05  2.2205490e-05
   822 :  1.2209203e-09 -4.2011154e-09  1.6972966e-09
   823 :  1.2539563e-18 -3.7476749e-18  1.1992864e-18
   824 :  2.0481106e-18  1.5239742e-19 -5.1829629e-18
   825 : -2.8878826e-28 -1.2155256e-28  7.0996348e-28
   826 :  4.5130669e-07 -7.4468681e-07 -1.6398191e-07
   827 :  1.7624612e-20  6.9898491e-21 -1.2099688e-20
   828 :  1.0468351e-15 -3.1188591e-15  8.3898521e-16
   829 :  4.0545199e-09  6.3698176e-09 -4.8125348e-09
   830 :  9.6123210e-02  2.0565477e-01 -6.8203211e-02
   831 :  1.4381756e-01 -2.3341289e-02  2.8800631e-01
   832 :  5.0883100e-13 -3.7172852e-13 -7.2069455e-13
   833 :  1.0761906e-01  1.7607539e-01 -4.7577985e-02
   834 :  6.3001509e-33 -5.7717162e-33  5.4536894e-33
   835 : -7.5406827e-38  3.2339908e-37 -5.9130141e-37
   836 :  5.3704664e-11 -1.5273394e-10  4.8995012e-11
   837 :  3.9547462e-22 -5.1550560e-22  8.4017292e-22
   838 :  4.5703676e-08  1.1987229e-08 -6.3929858e-08
   839 :  1.9840415e-16 -4.9775122e-17 -3.5786497e-16
   840 :  1.3265990e-21 -4.1010078e-21  7.0115082e-21
   841 : -3.1910774e-18  9.7558405e-19  1.2072175e-18
   842 :  4.2360377e-15 -3.9172145e-15  1.1397295e-16
   843 : -2.2689132e-20 -4.2107299e-20  8.9249121e-20
   844 :  6.0717584e-14  2.4712093e-13 -5.7343790e-13
   845 :  1.6761495e-27 -1.3642998e-27  1.4157558e-27
   846 :  9.7429395e-11 -1.2457475e-11 -1.3625792e-11
   847 : -2.7701525e-15 -5.4688308e-16  3.5584708e-15
   848 :  6.9102696e-42 -3.3329937e-41  1.3097709e-41
   849 :  6.6645534e-18 -4.7960681e-17 -2.9348421e-18
   850 : -2.0520134e-16 -1.9273123e-15  4.3075244e-15
   851 : -3.3172129e-18  7.9150957e-17 -7.1831962e-17
   852 : -2.8987375e-30  1.1093588e-29 -4.4030989e-30
   853 : -4.4913094e-07 -3.0771428e-07  8.7353894e-07
   854 : -1.5132355e-42 -8.0994462e-42  1.6952151e-41
   855 : -4.3521778e-06 -9.6303697e-07  8.4159545e-06
   856 : -3.3953365e-08  1.6786056e-08  2.0825744e-08
   857 : -2.2447712e-05  3.1575927e-05 -6.6887433e-05
   858 :  8.3288592e-09 -4.5114211e-09 -2.2336753e-09
   859 : -9.5890729e-31  1.6132885e-29 -1.4179016e-29
   860 : -3.6950015e-10 -1.1326734e-09  6.7311918e-10
   861 : -8.7571791e-10  6.0948752e-10 -7.8484196e-10
   862 : -2.9841420e-10  9.9076417e-11  9.9261800e-11
   863 :  1.4328263e-07 -2.4339777e-07 -2.6089555e-07
   864 :  8.4181147e-08 -1.2200662e-06  2.6628327e-06
   865 :  1.2390549e-04 -1.8959219e-04  3.6691828e-04
   866 :  3.0768301e-01  2.2436474e-01  1.2868771e-01
   867 :  8.7501551e-04  1.8951547e-03  1.2640753e-03
   868 :  2.0219356e-12  4.6718447e-12 -1.0006860e-11
   869 :  1.0276997e-12  3.6514486e-13 -6.5187713e-13
   870 : -3.3387546e-14  2.5163795e-13 -8.8662570e-14
   871 : -1.6456926e-06 -2.0661476e-06  6.9149672e-06
   872 :  6.4073255e-06 -8.5501248e-07 -1.5075207e-06
   873 :  7.7971068e-02  1.4292843e-01  1.0248104e-01
   874 :  9.7989034e-02  1.1384911e-01  8.2194624e-02
   875 :  3.7127926e-19  1.6086498e-19 -4.6916782e-19
   876 : -6.5722405e-18  5.4838665e-18  9.3167491e-18
   877 : -3.0799981e-35  4.3845310e-35 -5.7180393e-35
   878 : -1.5811277e-32  3.5815989e-32 -7.6322132e-33
   879 :  1.6864265e-20 -3.4287039e-20  5.3728242e-20
   880 :  1.5821787e-18 -1.9748996e-18  1.6578676e-19
   881 :  1.3376631e-34 -3.9540192e-35 -5.4297005e-35
   882 : -7.9837048e-33  4.6229793e-33  1.1486621e-32
   883 : -7.0078080e-21  3.6110148e-21 -4.3335262e-22
   884 : -2.3582725e-21  1.4142835e-19 -6.0002287e-20
   885 : -2.1459342e-09  5.6466684e-09  1.5379028e-10
   886 :  2.5795521e-10  1.0087578e-10 -5.5631531e-10
   887 : -6.2304988e-10 -1.3708443e-09 -7.6680796e-10
   888 :  2.4039255e-09  1.3701155e-08 -5.8065335e-09
   889 : -4.4861202e-03 -9.9272411e-03  2.9740570e-04
   890 : -4.7818004e-05  1.2245802e-03 -2.2087936e-03
   891 : -2.9663619e-19 -2.1363190e-19  7.1916268e-19
   892 :  5.6088504e-17 -9.7239757e-17 -1.8452836e-17
   893 : -1.1025106e-10  2.0654389e-11  6.5676151e-11
   894 :  1.2401280e-09 -1.1377187e-09 -1.5863010e-09
   895 : -3.4497281e-03 -5.7189029e-03 -3.9883206e-04
   896 :  1.6745904e-03  3.1296509e-04 -2.2964584e-03
   897 : -2.0667757e-20  4.9675201e-21  9.5310946e-21
   898 :  2.1600614e-19 -8.8052084e-20 -3.8186617e-19
   899 :  8.0930781e-04  1.8824567e-04 -1.1743593e-03
   900 : -4.6739113e-04  3.5622054e-04  3.5576584e-04
   901 : -5.7022654e-13 -5.7721473e-13  1.8877416e-12
   902 :  3.3927251e-11 -1.6265446e-11 -2.7291645e-11
   903 :  2.4119108e-06  1.1605500e-06 -9.0490264e-07
   904 : -2.1459515e-07 -2.0807835e-07  2.4189424e-07
   905 :  8.7729525e-07  2.7122561e-06 -1.1617517e-06
   906 : -2.2584904e-04  6.8584657e-04  2.0278325e-04
   907 : -6.7471186e-06  1.8920159e-05 -8.0703757e-05
   908 : -1.4720672e-08  1.9492630e-08 -3.0824304e-08
   909 : -1.2178736e-07  5.4220310e-08  4.6523845e-08
   910 :  1.1923283e-08  1.6369357e-07 -3.8787142e-07
   911 : -1.1361138e-07  6.7084212e-08 -1.0902312e-08
