Number of elements 912
     0 :  2.7252889e-07 -1.0006275e-06 -1.2505490e-07
     1 : -2.1340930e-03  8.5211116e-03 -7.7928547e-03
     2 :  3.9124938e-02  2.6318949e-02  2.3144112e-02
     3 : -2.8406805e-04  2.9304205e-04  7.5733395e-04
     4 :  2.8092553e-02  1.4711201e-02  1.9067428e-02
     5 : -3.7045703e-02  3.1115222e-02  6.9259701e-02
     6 :  1.2952376e-12  2.0364279e-14 -3.3938381e-12
     7 : -6.5760015e-03  2.5652103e-02 -1.3354785e-02
     8 :  5.4860776e-03  2.8507500e-02 -7.5106696e-04
     9 : -1.2919933e-11  1.4485500e-11  3.3254624e-11
    10 :  4.4098995e-03  2.6743305e-02  1.0399320e-02
    11 : -7.4460475e-14  1.3922959e-13  3.7260031e-13
    12 :  1.0975049e-02 -9.6802386e-03  8.8925795e-02
    13 : -1.1726948e-02  2.5005337e-02 -1.3475936e-03
    14 : -7.9583429e-05  2.4026898e-04 -2.8158799e-05
    15 :  4.5727108e-03 -1.0826698e-02 -1.4295678e-02
    16 : -6.4001079e-14 -2.6874734e-14  1.5096496e-13
    17 :  5.9815578e-09  7.9098799e-09 -2.7358258e-08
    18 : -7.2810136e-03 -9.7351657e-04  1.8998693e-03
    19 :  3.3286452e-16 -2.0578225e-15  4.8137218e-16
    20 :  9.6192287e-09  4.7638195e-08 -3.1541443e-08
    21 : -6.9038004e-03  3.7247131e-03  2.8595727e-03
    22 : -2.6756048e-02 -3.0609467e-03  1.0525087e-02
    23 : -4.6319408e-15  1.3615139e-14  1.2028338e-14
    24 : -2.2488434e-03  4.1970251e-03 -3.0056302e-03
    25 :  5.4835208e-17  7.9848451e-16 -4.4189143e-16
    26 :  4.0039118e-03  3.4353466e-02  1.2901411e-02
    27 : -3.0104055e-02 -5.2910602e-02 -3.3775386e-02
    28 :  8.6647090e-03  3.6320512e-02 -2.0354294e-02
    29 : -1.2326435e-03 -2.5681733e-03  1.4987513e-03
    30 :  3.0567264e-02  2.0231747e-02  2.9398018e-02
    31 : -1.1833918e-04  1.9437935e-04  2.6703259e-04
    32 :  2.0000608e-11  1.1040236e-11 -4.8052520e-11
    33 :  7.2421776e-03  4.9478757e-03  4.8687177e-03
    34 : -2.2125527e-17  8.3582832e-17 -7.8381122e-17
    35 : -5.9043158e-05  1.1095146e-04  3.8741426e-04
    36 :  1.8470459e-02  2.5001526e-02  7.9144212e-03
    37 :  3.7276236e-03  7.4983124e-03  5.3091520e-03
    38 : -6.5097714e-03  3.3106311e-03 -2.4328946e-02
    39 : -5.6484440e-03  1.3318366e-03  5.5483080e-03
    40 :  6.9361248e-03  2.5612731e-02 -3.7742829e-03
    41 : -1.9838544e-02 -1.5445815e-01  1.0735737e-01
    42 : -8.7971065e-16 -1.8110969e-15  9.1564700e-17
    43 :  1.4419064e-07 -2.2148659e-07 -1.3361537e-07
    44 :  4.8140306e-03  4.4253168e-03  1.0765962e-02
    45 : -1.4150511e-05  7.1120297e-06 -9.5821951e-06
    46 : -2.3443435e-05  1.0073964e-05  8.5919061e-06
    47 : -7.2632243e-11  4.2324807e-11 -7.1636969e-11
    48 :  4.8688902e-14  1.8731342e-13  4.8757436e-14
    49 :  8.0085173e-03  1.7194224e-02  2.6594663e-02
    50 :  8.5059152e-03  3.0305857e-03  7.3361743e-03
    51 : -1.1815588e-02 -1.0323270e-02 -2.1839756e-02
    52 :  3.5446711e-02 -7.5573151e-03  3.0668178e-02
    53 :  4.7739373e-13  5.6727979e-13 -1.9739445e-12
    54 : -2.8026828e-03 -2.2819846e-03  3.1216409e-03
    55 : -7.2168910e-03 -3.2397239e-03  3.3386872e-03
    56 :  1.0495844e-02  2.2339861e-02  1.5685094e-02
    57 : -2.0227566e-02 -1.3075666e-02 -6.0656852e-02
    58 : -4.3341185e-02 -3.3446294e-01  2.9488405e-01
    59 : -4.9390942e-03 -6.8244422e-03  1.5169178e-02
    60 : -1.9832848e-02 -1.8852679e-02 -6.5663423e-04
    61 : -8.6413124e-03  1.1009303e-02  3.0208273e-03
    62 :  6.9801247e-03  3.8965031e-03 -5.1014940e-03
    63 :  1.1156263e-02  1.1734366e-02  1.0865747e-02
    64 : -1.3209387e-02  2.8018093e-02  2.3215862e-02
    65 :  2.8138833e-05 -2.0773196e-03  6.9970765e-04
    66 :  4.3431346e-04 -1.5716340e-03  4.9108392e-04
    67 : -2.5192567e-12  1.8831148e-12  4.5295224e-12
    68 :  3.2236492e-13 -6.5361984e-13  5.1117814e-15
    69 : -2.8789839e-12  2.8180975e-12  3.6807805e-12
    70 :  2.0009926e-05  3.2471112e-06 -4.1937512e-05
    71 :  2.1792270e-02 -7.3100914e-03 -2.6138683e-03
    72 : -6.4673272e-16  3.0490979e-15 -4.9531644e-15
    73 : -3.5958918e-03  9.6424420e-03  1.0767129e-02
    74 :  2.4259777e-08 -4.3692510e-08  1.8585957e-08
    75 : -7.4372477e-10 -1.2595667e-09  1.3933993e-09
    76 : -7.6000497e-15  3.1476692e-14 -5.6565579e-15
    77 :  1.2740760e-09 -1.8018262e-09 -1.1852386e-09
    78 : -5.3998302e-12  2.9125312e-11 -3.0150730e-12
    79 : -2.8024186e-08  1.3034456e-07 -1.8828349e-07
    80 : -9.0805260e-21 -2.2595313e-19  7.8606317e-20
    81 : -8.6778398e-11 -2.6395794e-10  1.6263024e-10
    82 :  3.5205890e-02  2.2266412e-01 -1.2665657e-01
    83 :  2.4769134e-17  4.2391267e-18 -1.5127300e-16
    84 :  3.7286265e-16  3.5753606e-16 -5.8811276e-16
    85 :  9.3229301e-03  1.6997200e-02  6.8490566e-03
    86 :  1.9391027e-08  2.1559188e-09 -1.8129810e-08
    87 :  1.4086858e-07 -1.8203015e-07 -1.7745846e-07
    88 : -3.3740005e-04 -2.4227798e-03 -1.0453819e-03
    89 : -1.5079419e-02  3.8846003e-03  4.4289767e-03
    90 : -4.6432277e-16 -9.2069846e-15  9.2598956e-15
    91 :  2.4614056e-02  1.0676907e-02  1.4546094e-02
    92 : -3.0242781e-05  1.6720123e-05 -7.1848265e-07
    93 :  1.7137724e-18 -2.7574325e-19 -6.0513015e-19
    94 :  6.8581652e-07 -2.8511155e-07 -1.7104846e-07
    95 :  4.0859739e-13 -1.6816734e-13  5.4671676e-14
    96 :  1.0972211e-04 -1.4648926e-04  4.3171729e-04
    97 :  1.5571418e-07  8.9247851e-05 -1.3224929e-04
    98 :  2.9980602e-02  1.8587438e-02  4.5547828e-03
    99 :  1.0934476e-11 -9.8797051e-12 -3.1013539e-12
   100 :  6.5700130e-12  9.9501752e-12 -2.1186018e-11
   101 : -1.5760085e-03 -6.7950660e-05  5.5268520e-04
   102 : -2.9197772e-03 -1.2999137e-03 -8.3995579e-03
   103 :  2.4689573e-17 -2.2800978e-17 -6.3656134e-17
   104 : -5.9213797e-07  1.6147768e-06  1.4436820e-06
   105 :  1.5622672e-02  3.7010065e-02  3.9627798e-02
   106 : -7.6653986e-04 -2.8761176e-04 -2.6123311e-03
   107 : -3.6565216e-03  2.2735210e-02 -9.0295021e-03
   108 :  2.4027458e-02  2.2122860e-02  4.1715017e-03
   109 :  8.7234503e-03 -1.0778478e-02 -2.7911442e-02
   110 : -7.6477650e-03  1.5763790e-02  9.4434861e-03
   111 :  2.1396508e-03 -2.9288030e-03 -3.0589787e-03
   112 :  1.0532988e-11  4.7297653e-11 -6.1752678e-11
   113 : -1.2737144e-02  2.1651480e-03 -9.1291316e-03
   114 :  1.9554384e-04 -3.4352027e-04  1.3149850e-04
   115 : -3.0402362e-02 -7.8936144e-02  2.2009208e-03
   116 :  5.3587071e-03 -9.4031947e-02  1.1307822e-01
   117 :  2.4030615e-02  2.2008901e-02  1.1320516e-02
   118 :  4.3149692e-02  5.7479817e-02  3.7937402e-02
   119 : -8.6606292e-13 -2.5245915e-13  1.1061330e-12
   120 : -2.4351084e-05  8.0260938e-06 -1.7044120e-05
   121 : -7.8171147e-11  8.9953032e-10 -1.1526142e-09
   122 :  3.1022145e-03 -4.1576319e-02  3.1639908e-02
   123 : -1.1552603e-16  2.7158869e-16  2.0298291e-16
   124 : -6.0746206e-13 -2.8478314e-12  1.1236202e-12
   125 : -1.0012547e-20  3.0254550e-20 -1.0452411e-20
   126 :  1.3838593e-08  2.9262092e-08 -2.7593939e-08
   127 : -2.6044077e-11 -4.5617352e-09 -3.3861561e-09
   128 :  5.4108977e-02 -6.5218881e-03 -3.1075456e-02
   129 : -1.8463994e-07 -5.4994612e-07  6.6135804e-07
   130 : -8.2006813e-03  4.9777908e-03  6.8714248e-03
   131 : -2.0838110e-02 -3.7994147e-03 -2.3653120e-02
   132 : -1.4969002e-02  1.9600872e-05 -6.9188219e-03
   133 :  5.7877766e-03 -2.8118653e-02  7.5148001e-03
   134 : -2.3048077e-02  1.9399932e-02  7.2483685e-03
   135 : -1.1117622e-02  3.3561626e-02  3.1062007e-02
   136 : -2.5691345e-03 -4.3284120e-04 -6.1738985e-04
   137 :  1.6122165e-02  2.6966323e-02  2.0657687e-02
   138 :  1.0340212e-02 -3.3039669e-03  1.2316722e-02
   139 : -3.5995434e-03  2.5801871e-02 -1.0316748e-02
   140 :  7.6392064e-11 -1.6149677e-11 -3.5494551e-12
   141 :  3.6713720e-10 -6.8953870e-10 -3.8166387e-10
   142 :  2.8973248e-02  1.6399743e-02  3.7402883e-02
   143 : -5.6973396e-14  3.4050564e-13 -6.0760794e-13
   144 : -2.4246094e-03 -1.9499999e-03  9.4944898e-04
   145 :  6.5313721e-04 -9.1266561e-04  5.7926536e-04
   146 : -1.7380906e-06  4.2527050e-06  3.9064856e-06
   147 :  1.9023372e-13  7.2101157e-14 -8.2627752e-14
   148 : -4.0280886e-06  6.9316672e-06  2.1385530e-06
   149 :  7.3386098e-03 -9.1030649e-03 -4.1409868e-03
   150 :  1.4879091e-03 -2.0611589e-03 -1.2294791e-03
   151 : -1.4239238e-09 -1.6879906e-09  4.0727773e-09
   152 :  4.6100343e-07 -1.7683568e-07 -1.6032879e-07
   153 :  7.9057147e-02  2.1512446e-02  1.2342008e-02
   154 :  2.6340709e-20 -1.0906149e-19  6.9265974e-19
   155 : -2.6704138e-13  1.6136841e-13 -3.5600451e-14
   156 :  4.1132374e-15 -2.0848596e-14  6.8229633e-15
   157 : -2.3430507e-06  2.2812963e-05 -4.4082634e-05
   158 :  2.6109164e-02 -1.0379815e-02  1.7440541e-02
   159 :  3.4724115e-04 -7.3378589e-04  4.9259931e-04
   160 :  4.2913675e-18 -2.4061317e-18 -1.1431709e-18
   161 : -8.5972106e-19  2.1230298e-17 -4.1438264e-17
   162 : -2.4585080e-02 -4.2105933e-03 -7.9428989e-03
   163 : -2.9671753e-02  5.0243885e-03 -2.1512160e-02
   164 : -5.7246704e-09  7.0306357e-09  1.5239188e-08
   165 :  9.3846042e-05 -3.6473683e-04 -3.6723321e-03
   166 :  4.6859236e-14  1.8638883e-14 -6.8465144e-14
   167 :  4.2283134e-03 -4.3702729e-03  7.4183781e-03
   168 : -5.4011351e-02 -3.2358843e-02 -3.3855259e-02
   169 :  2.6213544e-02  5.7382406e-02  3.1195596e-02
   170 : -9.8056561e-13  3.7245863e-13  2.5766904e-13
   171 : -4.4146980e-13 -7.3125104e-13  2.0460696e-12
   172 : -1.4747507e-02 -1.8371877e-02 -1.9823412e-02
   173 :  1.1069959e-02  2.8509898e-02 -2.0527423e-02
   174 : -4.7411249e-03  2.1413733e-02  5.1618046e-03
   175 : -6.7305835e-06  5.0161447e-07  2.3130048e-06
   176 : -5.3536490e-12  4.0876047e-12  1.3065919e-12
   177 : -1.3294048e-03  5.8827831e-04 -1.3993991e-03
   178 :  2.5226750e-02  3.8631177e-01 -3.2870038e-01
   179 :  5.9895162e-03  9.2859613e-03  3.4006897e-02
   180 : -4.0441091e-14  5.4033174e-15  1.1219021e-13
   181 : -1.4706791e-02 -1.9556380e-02  3.4719085e-03
   182 : -2.9923051e-07  9.1711555e-09  1.4867167e-07
   183 :  4.7370604e-03 -2.9149359e-02  2.0694806e-02
   184 : -1.1820795e-17 -7.2210123e-17  3.3013459e-17
   185 :  7.6207339e-09 -5.7593228e-09 -6.2357998e-09
   186 : -2.0357114e-05  1.1001235e-05 -8.1155008e-05
   187 :  5.4909434e-03  3.4449097e-02  3.4366253e-02
   188 :  2.6524011e-02  1.6015278e-01 -4.9666569e-02
   189 :  4.8972591e-02 -1.5244257e-02 -1.5080896e-02
   190 : -1.4438608e-03 -2.1188434e-03  6.2159111e-04
   191 : -1.8657404e-16  4.1918472e-16  4.8976069e-16
   192 : -1.9737091e-02  5.3289784e-03  3.9048392e-03
   193 : -6.5749132e-03 -3.0112162e-04 -3.1888326e-02
   194 :  2.2735343e-02  1.1005614e-01 -7.1618733e-02
   195 :  8.2792246e-05  4.7268775e-05 -6.0782815e-05
   196 :  1.5048529e-14 -5.4504662e-15 -5.7805088e-14
   197 : -1.4796227e-13  2.4580295e-13  6.9689376e-14
   198 :  1.5745639e-04 -3.8598249e-05  1.2342746e-04
   199 : -3.1587004e-02 -5.3760946e-02 -2.1575502e-02
   200 : -5.4862402e-13  2.2529865e-12 -1.5553556e-12
   201 : -4.0385755e-02 -3.0284053e-02  2.0750249e-02
   202 : -7.2549565e-04  3.7163893e-04  2.7841977e-04
   203 :  1.9662748e-15  2.1836601e-15 -1.3081104e-15
   204 :  2.9619795e-05  5.0289698e-05 -1.4735023e-05
   205 :  5.2874533e-03  2.4441119e-02 -5.0843979e-04
   206 : -6.8838862e-15  2.2842724e-15  1.2671142e-15
   207 : -1.8634989e-13  1.2271587e-13 -4.3260967e-14
   208 :  1.6496457e-09  9.8330010e-11 -6.2788608e-09
   209 : -6.2346257e-02  9.1496539e-02  7.1199861e-02
   210 :  9.2628205e-07  6.5192896e-05  7.4616104e-05
   211 :  4.4048026e-16  1.8287704e-15 -4.6480535e-15
   212 :  2.2452644e-02  2.2868504e-02  7.1240749e-03
   213 : -4.0948365e-13 -5.9523106e-13  1.0807735e-12
   214 :  7.2332165e-03  1.2323999e-02 -9.1744464e-03
   215 : -4.9783979e-03  4.6371342e-02  3.2081538e-02
   216 : -4.7155866e-03  2.3320417e-02  2.6617637e-02
   217 :  4.5617603e-19  1.2379573e-18 -7.1068215e-19
   218 : -3.1711391e-10  7.9946903e-10  6.6100280e-10
   219 :  7.6579111e-03 -2.7332839e-02 -3.9346185e-02
   220 :  1.5776058e-08  1.4406925e-08 -3.9701267e-08
   221 : -1.3127965e-12 -4.7486092e-12  2.1255129e-12
   222 :  2.0305660e-03  1.1878925e-02 -5.4674490e-03
   223 :  1.2824953e-02  9.2315328e-03  7.5860110e-03
   224 :  2.6215461e-05 -3.4193210e-04  5.2454411e-04
   225 : -3.2289040e-10  7.4908553e-08 -2.3498224e-08
   226 : -3.9633278e-11  1.4450314e-11  1.0959978e-11
   227 : -2.0163948e-05  3.5708918e-06  5.4896160e-06
   228 : -1.4823938e-03  6.5888434e-04 -4.5931138e-03
   229 : -1.5152470e-07  9.8949123e-07 -5.2536193e-07
   230 : -2.2405341e-12 -2.0309335e-12  8.4348650e-13
   231 :  8.3712262e-13 -2.1253451e-12 -4.2327352e-13
   232 : -3.0899655e-19 -2.5561040e-19  2.3813553e-19
   233 : -3.0148823e-12 -4.2441218e-12  8.9170245e-12
   234 :  5.2722761e-03 -9.9840372e-03  9.5648877e-03
   235 : -5.5659686e-02  4.8575804e-02  5.9235644e-02
   236 : -1.8855039e-11 -1.1812055e-11  4.8558253e-11
   237 : -2.7442178e-09 -3.4035681e-09  3.6293841e-09
   238 :  2.3240696e-16  1.3226777e-17 -1.2712636e-16
   239 :  8.0527885e-12 -6.3035740e-12  8.8192901e-12
   240 :  1.1009488e-16 -1.7319843e-14  7.2963816e-15
   241 : -2.7387199e-02 -2.7166873e-02 -1.1161829e-02
   242 :  4.5976328e-02  3.8673799e-02 -2.3612231e-02
   243 : -2.3256654e-02 -2.0146262e-02 -2.6466052e-02
   244 : -6.3848106e-03  3.1865527e-03 -1.2287892e-02
   245 : -6.0725331e-11 -1.2390366e-10  2.8841407e-10
   246 :  2.3996113e-04 -2.0463870e-03  6.6861333e-04
   247 : -1.5791346e-02  4.4531757e-03 -1.1176796e-02
   248 : -4.6529094e-19 -2.9393142e-18  3.1683331e-18
   249 :  4.4346891e-08 -2.9523197e-09 -1.1937634e-07
   250 : -1.6822071e-02  1.7654649e-02  8.8589522e-03
   251 : -1.7114248e-03  3.9706149e-03  1.7058355e-03
   252 : -1.7986939e-11  1.3180002e-11  7.9374381e-12
   253 : -8.9236250e-16 -1.6520641e-15 -1.0335433e-15
   254 : -1.0239519e-02 -2.3508622e-02 -2.8804637e-02
   255 : -3.0679987e-05 -2.7170803e-05  1.4599288e-05
   256 :  1.8923988e-02  2.0779740e-02  1.5300294e-02
   257 :  1.2758664e-02  9.0239713e-03  1.1951693e-02
   258 :  9.4765466e-06  1.4228964e-05 -3.9177737e-05
   259 : -1.5113613e-10 -1.0808199e-09  1.8794504e-09
   260 :  2.0232040e-02  1.7513772e-02  8.4202839e-03
   261 : -3.4293229e-05 -5.3375728e-05 -1.1353273e-03
   262 : -3.7410303e-11  6.7771342e-11  4.9302182e-11
   263 : -3.1491531e-12  3.3606895e-12  5.3618896e-12
   264 :  9.4323299e-06 -1.3125368e-05 -3.4189190e-05
   265 : -1.7910046e-02  2.0002307e-02 -2.1951959e-02
   266 : -6.1533922e-08 -5.9697035e-07  2.9279119e-07
   267 : -9.1026469e-07  2.3019770e-06 -5.7539866e-07
   268 : -1.5350802e-17 -7.4945117e-14  1.5839124e-13
   269 : -3.2690575e-03 -1.3000279e-03  1.1947788e-02
   270 :  3.5592973e-06 -1.3102499e-05  6.1560533e-06
   271 : -2.3076716e-02  4.5290720e-03 -2.4875572e-02
   272 :  1.6716873e-06 -6.0090542e-07  6.3402351e-07
   273 :  1.0765147e-12  2.6276069e-13 -3.2081563e-12
   274 :  4.0318978e-03 -3.5539904e-03 -9.6176608e-03
   275 :  2.6177651e-10 -3.5351465e-10 -1.7529326e-10
   276 : -2.0168954e-02  1.0686323e-02 -1.6508165e-02
   277 : -6.5329932e-12  1.3963671e-11 -3.3062725e-12
   278 :  6.0892933e-03  1.3422369e-02  2.1226194e-02
   279 : -1.7463709e-03  3.6464943e-04  6.0588216e-04
   280 :  1.2927234e-02  1.3097839e-02  1.3290808e-03
   281 : -1.2499974e-04  1.1794556e-04  1.7530461e-04
   282 :  2.8535193e-06 -1.1784115e-06  9.1819614e-07
   283 :  5.7577383e-09 -1.0105103e-08 -2.0356157e-09
   284 :  4.5939668e-11  3.0096480e-11 -1.3330128e-10
   285 : -3.1499516e-02 -2.0762978e-02 -2.3218742e-02
   286 :  2.2123326e-02 -7.0917653e-03  9.3966896e-03
   287 :  2.7825837e-02  2.0552490e-02  1.1745767e-02
   288 :  2.4082552e-02  1.4388313e-02  2.7746885e-02
   289 : -1.6670500e-03  8.0033287e-04 -2.1139149e-03
   290 : -2.4705823e-02 -8.0582254e-03 -2.2648947e-02
   291 :  3.2618954e-04 -1.6525826e-03  4.4379413e-04
   292 :  1.1004316e-02  7.1061700e-03 -1.5281730e-02
   293 : -2.7527870e-09  2.1173760e-09  4.3526498e-09
   294 :  2.2036501e-02  1.5538842e-02 -3.1041733e-03
   295 : -1.3759587e-15 -3.7622004e-16  1.2231339e-15
   296 :  6.8253119e-03  7.9399049e-03  1.5215961e-02
   297 :  3.7487659e-04 -7.4409042e-04  4.6016089e-04
   298 :  4.6082485e-04 -2.1868581e-04  6.8363659e-04
   299 : -1.5171223e-16 -1.0295199e-16  3.7202427e-16
   300 :  9.5924209e-05 -1.9431230e-02 -1.9952582e-02
   301 : -9.9952213e-04 -5.2256673e-04 -2.3261281e-04
   302 : -7.2472159e-03 -1.2390932e-02 -7.5393248e-04
   303 :  2.8487525e-02  1.0000667e-02 -1.2812904e-02
   304 :  1.1982419e-02 -1.3183948e-03  3.0287935e-02
   305 : -2.8208604e-05  1.7862313e-06  7.0514740e-06
   306 :  9.1989350e-03  1.1706196e-02  9.3692641e-03
   307 :  1.8751365e-02  2.8082866e-02  2.0861596e-02
   308 :  7.2323113e-06 -3.7047124e-05  1.8004596e-04
   309 : -1.0035497e-15 -4.8517055e-15  2.1605950e-15
   310 :  1.9276975e-04 -5.3709569e-03 -3.1976727e-04
   311 :  3.4198801e-02  2.0891487e-02  2.1581774e-03
   312 :  8.0892100e-15 -1.8806454e-14 -2.2212121e-14
   313 : -8.4118286e-10 -2.0840341e-09 -3.4172659e-10
   314 :  2.9154394e-16  5.2887645e-16 -1.4076715e-15
   315 : -2.0525602e-11 -1.0046336e-10  3.7557465e-11
   316 :  1.7578806e-02  1.9301849e-02  6.9477036e-03
   317 : -9.5766314e-17 -1.7403361e-16  3.0484852e-16
   318 :  6.3291132e-03  1.7868858e-03 -2.2839750e-03
   319 :  6.8083820e-03 -3.8901221e-02 -3.6472548e-02
   320 : -1.6108671e-02  5.5985757e-02  3.9863694e-02
   321 :  6.0679693e-03  1.9618951e-02  1.7346090e-02
   322 : -1.3425409e-16  3.3804791e-16 -4.1690181e-17
   323 : -9.6195432e-17  2.7200570e-16 -5.8131228e-17
   324 : -1.8961817e-10  6.5013640e-10 -1.0687973e-10
   325 :  3.0892055e-09 -4.9752263e-09  6.0180649e-09
   326 :  4.1601662e-02 -3.8334679e-02  4.9293675e-03
   327 :  2.1011938e-02  2.5932045e-01 -2.0799277e-01
   328 : -2.8640045e-02 -1.1082918e-02 -7.5288730e-03
   329 : -8.8331979e-12  3.7544655e-10 -1.6672189e-10
   330 :  1.7118740e-17  5.3418140e-18 -4.6219310e-17
   331 :  3.6040531e-06  7.7022672e-06 -3.6966051e-06
   332 :  1.6020774e-02  1.8708615e-02 -1.2923765e-02
   333 :  1.0951386e-09 -9.6447020e-10 -8.1709804e-11
   334 : -3.8389493e-02 -2.5848350e-02 -2.6352076e-02
   335 : -1.5377990e-03 -2.9380671e-02  1.9081802e-02
   336 :  5.2198099e-03  5.6483962e-02  4.1165518e-02
   337 : -8.4614848e-15  1.5735590e-14  1.8157076e-14
   338 : -3.3030031e-02 -9.7797490e-03  2.6427927e-02
   339 :  1.1784514e-10 -1.4350990e-10 -4.2098880e-11
   340 :  8.9335832e-03  6.3556858e-03 -3.4570576e-03
   341 :  1.3265298e-14 -2.8610941e-14  8.3211439e-15
   342 :  2.1565780e-11 -4.2172693e-11 -2.0960527e-11
   343 :  2.7303951e-04 -9.7147430e-05 -4.6672364e-05
   344 :  7.1534228e-03  5.1405573e-03  5.0377807e-03
   345 : -8.1273123e-03  4.2667002e-03  1.3014318e-03
   346 : -7.9966364e-11 -4.6476428e-11  3.8782021e-11
   347 : -2.7685145e-02  1.2336795e-02 -3.5057011e-02
   348 : -5.1718173e-05  1.8036829e-04 -1.0521803e-04
   349 : -5.5324153e-05  2.1179712e-05 -2.2532135e-05
   350 : -2.0187978e-02 -2.6203167e-02 -2.0587418e-02
   351 :  1.2368656e-08  6.0396481e-09 -9.3344624e-09
   352 : -1.1922771e-02  1.3133161e-02 -2.8716457e-02
   353 :  1.3615208e-02  2.9370749e-02  6.8326003e-03
   354 :  2.9901693e-02  1.7114958e-02  2.6340318e-02
   355 :  1.0264572e-02 -2.0249242e-03  4.3156937e-04
   356 :  1.5270015e-14  1.4727602e-14 -1.2213431e-14
   357 : -2.3585160e-04 -2.6975116e-02  2.6608021e-02
   358 :  1.2694438e-05 -2.8282985e-05 -1.8714594e-05
   359 :  2.7296292e-20 -3.2494651e-20 -2.3216893e-20
   360 : -2.3727049e-02 -2.6308132e-02 -3.1236900e-02
   361 : -6.6598771e-08 -8.0331189e-09  2.0386004e-08
   362 : -1.3507851e-05 -2.8104999e-05  5.0541267e-05
   363 :  6.5211128e-07 -1.8612268e-06  4.7043061e-06
   364 : -1.3921040e-07  4.6449147e-07 -7.2718525e-08
   365 :  1.4984606e-03 -6.4145640e-04 -5.1106654e-04
   366 :  8.8810785e-14 -4.3682282e-13  2.1954340e-13
   367 : -3.5699871e-03 -1.2205033e-03 -1.4007164e-03
   368 : -2.4446176e-03  1.1590496e-02  2.7868471e-03
   369 : -5.7917305e-05 -8.9502116e-05  1.6252977e-04
   370 : -1.2969314e-05  2.8049060e-05 -1.5554189e-05
   371 :  5.3359760e-14 -1.1856366e-13  2.8095983e-13
   372 : -2.9621816e-05 -4.9446508e-05  4.1839164e-04
   373 :  1.0146281e-02  6.4464396e-03  3.0358999e-02
   374 : -5.6062131e-04 -1.7900273e-02 -9.2503329e-03
   375 :  2.8981228e-09  5.4976850e-09 -3.3976120e-09
   376 : -8.3174761e-15  1.5873677e-14  1.7323376e-15
   377 :  5.4087340e-04  4.0615183e-04  1.5535717e-04
   378 : -2.1897851e-05  1.1720186e-04 -5.6312813e-05
   379 :  5.4870084e-18 -1.1668884e-17  3.4753579e-18
   380 : -2.7491831e-02 -1.6819039e-02  7.6479165e-03
   381 : -7.2292235e-06  4.4190748e-06  1.3895732e-06
   382 :  8.6177859e-08 -1.3103585e-07 -6.4292505e-08
   383 : -1.0534887e-02  1.6829068e-02 -2.5951018e-02
   384 :  8.1993804e-09 -3.4683563e-08  1.9058959e-08
   385 :  1.1202410e-02  2.7112634e-02  1.2840351e-02
   386 :  1.6676610e-02  5.3681566e-03  7.7413168e-03
   387 : -2.7315256e-10  9.2817146e-10  9.3352153e-10
   388 :  9.7467936e-03  1.0238063e-02 -9.3656888e-03
   389 : -7.6687959e-08  6.3521518e-07  3.2053904e-07
   390 : -6.1753322e-03 -8.7939544e-04  2.2974509e-03
   391 :  3.5465267e-06 -1.5217945e-05  6.3636131e-06
   392 : -3.4551643e-03 -3.4081172e-02 -2.8683546e-02
   393 : -1.9480937e-02  6.5928587e-03  2.1083015e-02
   394 :  6.6214269e-08 -1.0065865e-07  5.4081798e-08
   395 :  7.9974110e-05  1.4197457e-04  8.9399032e-05
   396 :  2.5730201e-18 -1.9133292e-17  2.6281139e-17
   397 : -1.9821847e-02  1.8868559e-02 -2.9023694e-02
   398 :  2.8727721e-03  6.7642697e-03 -4.9414031e-03
   399 :  2.3489874e-02  8.7805380e-03 -1.3995142e-02
   400 :  3.8093553e-03 -4.1768011e-03  6.6733217e-03
   401 :  2.0518804e-02  7.0726713e-04  2.0276953e-03
   402 :  3.6694034e-07 -1.3511820e-07 -6.3703696e-08
   403 : -3.6241123e-07  1.0911752e-06 -1.5357813e-06
   404 :  4.9333814e-14  3.4917189e-14 -1.9925147e-13
   405 : -1.1329141e-03  4.4674759e-04  5.9726116e-04
   406 : -2.4561538e-02 -2.5003621e-02 -2.1985616e-02
   407 :  4.1544948e-03 -1.5781091e-02 -9.3585894e-03
   408 : -2.7107321e-03  2.9673318e-03 -8.0448116e-03
   409 : -1.3528086e-03 -2.8636118e-03 -7.4570522e-05
   410 :  1.9470081e-02  2.8987877e-02  2.5015877e-02
   411 : -1.7247661e-03  2.3217001e-03 -2.9594038e-03
   412 :  1.1521567e-03  1.3421697e-03 -4.7226375e-03
   413 : -1.1715193e-15  1.5041207e-15 -1.0653457e-15
   414 :  8.8902578e-03  4.1537790e-03 -4.2282012e-03
   415 : -3.2013450e-03 -1.5841143e-03  3.9394524e-03
   416 : -1.7947328e-10  1.2541161e-10 -2.0938698e-10
   417 :  5.4510168e-03 -7.6802857e-03  4.7306796e-03
   418 :  1.3274429e-02  1.1163378e-02  5.4575245e-03
   419 :  2.8441050e-13 -1.0467239e-12  2.7844351e-13
   420 :  7.1177355e-13 -2.6979506e-12  1.3020661e-12
   421 : -1.1230633e-10  6.2997604e-10 -2.4371179e-10
   422 : -3.8353684e-05 -6.3469838e-05  9.0966503e-06
   423 : -3.1875513e-03  3.4368483e-02  1.1075885e-02
   424 :  6.8040007e-08  1.1277120e-07 -1.7295074e-08
   425 :  1.6573368e-10  5.1003154e-09 -1.6771236e-09
   426 :  1.8872933e-06  1.6254063e-06 -9.3194186e-07
   427 :  7.7381389e-07 -1.7775762e-06  6.9246331e-07
   428 :  3.1153715e-07 -5.4440256e-07 -2.9510689e-07
   429 :  3.6962637e-02  3.9029970e-02  1.5995479e-02
   430 :  4.2040231e-03  5.0404014e-03 -3.5809138e-03
   431 :  1.0644282e-03 -1.7085834e-03 -1.5073510e-03
   432 :  2.4264497e-04 -1.4725399e-04  2.6061588e-04
   433 :  9.4542063e-15 -1.8501323e-14 -1.2544355e-15
   434 :  6.2571415e-03  2.0228951e-02  1.3233391e-02
   435 : -3.6218387e-03  1.8133430e-03 -2.5617989e-03
   436 : -2.5491356e-09  6.1392650e-09  3.4895378e-09
   437 : -2.9010172e-02  4.2118087e-02 -3.6715566e-02
   438 : -2.7378330e-02 -7.5671536e-03 -2.1610742e-02
   439 : -1.0192863e-02 -2.6378815e-02 -9.2179355e-03
   440 : -3.8126331e-11  1.4569923e-10 -4.5556908e-11
   441 :  5.6609954e-16  6.5006958e-16 -3.1047807e-15
   442 :  4.6881793e-03  2.7387632e-03  9.3439768e-03
   443 :  9.5842973e-04 -1.9393798e-03  2.4879158e-04
   444 :  5.0367792e-03  1.8001834e-03 -3.0042799e-03
   445 : -3.6478273e-04  1.0987221e-04  1.0696241e-04
   446 :  4.6522663e-03 -9.0796215e-03 -1.8883601e-02
   447 :  4.9643627e-05 -5.1892869e-05  4.7973414e-05
   448 :  2.0792597e-02  5.5412897e-03  2.2004330e-02
   449 : -7.1303811e-15  5.7396816e-15  5.7095665e-15
   450 : -9.5409406e-17  2.9987788e-16  4.0480886e-16
   451 : -2.4732016e-02 -7.7146901e-03 -5.7500361e-03
   452 :  6.7780887e-03  8.7925066e-03 -2.7273625e-03
   453 : -3.4191987e-03 -1.8503568e-02 -2.3188723e-02
   454 :  1.9104297e-02  8.0288079e-03  2.9204622e-02
   455 : -6.4838597e-07  2.4789647e-08 -5.6107106e-07
   456 :  2.3899368e-02  1.0447456e-02  2.7027756e-02
   457 :  8.9190211e-16 -3.2941883e-15  9.9494137e-16
   458 :  3.9520795e-06 -9.6938203e-06  6.2519465e-06
   459 : -6.1479610e-03  9.7161789e-03  2.3062652e-02
   460 :  2.4375973e-02  4.5912413e-03  2.2400421e-02
   461 : -1.9558988e-05 -1.8689451e-05  2.5913480e-05
   462 :  8.4539589e-05 -6.6789180e-04 -1.8431665e-03
   463 :  3.3670175e-11  3.7361525e-11 -3.5711725e-11
   464 : -3.4209935e-02 -4.3554119e-02 -1.3031363e-02
   465 :  3.5637579e-04 -1.4484715e-03 -2.6710492e-03
   466 :  5.5815023e-03  3.0305340e-03 -2.0214389e-02
   467 :  7.7753946e-12 -6.9156044e-12  3.5301092e-12
   468 :  5.0118035e-10 -2.0040511e-09  5.6986047e-10
   469 :  2.6450813e-17 -5.0874826e-18 -1.5924327e-17
   470 :  2.7808718e-15 -3.0907344e-15  3.3894947e-17
   471 :  5.3558717e-08 -7.9120994e-09  1.2069313e-08
   472 : -1.4928578e-10  4.4698744e-10  1.9180675e-10
   473 : -9.1522861e-03 -3.2315554e-03 -1.4434967e-03
   474 : -3.4352692e-13  7.2755644e-13  2.2733376e-13
   475 : -1.0747296e-07  7.9144890e-08 -1.0903314e-07
   476 : -2.5312407e-09 -4.4667649e-08  2.5760072e-08
   477 : -6.0488738e-17 -2.0558020e-17  1.6153329e-16
   478 :  3.7141148e-02  1.8685950e-02  3.5757015e-02
   479 : -4.2351601e-19  2.2462152e-18 -1.1786148e-18
   480 :  1.1797246e-02  7.7179512e-03 -4.3155831e-03
   481 : -7.6517017e-07 -4.3236760e-07  2.1916994e-06
   482 :  5.2796293e-12 -5.0996232e-12  1.0682991e-12
   483 : -6.0504458e-03 -1.5396500e-02 -1.9583664e-02
   484 :  2.4184577e-02  1.3081525e-02  9.4072167e-03
   485 : -2.3683040e-04 -3.3145293e-03 -1.1121534e-02
   486 :  5.6669343e-03  1.7182126e-02  1.2482038e-02
   487 : -1.7423846e-03 -1.4355422e-02  4.5845223e-02
   488 : -2.4096671e-02 -2.0646355e-02 -1.9783779e-02
   489 : -1.2519442e-13 -2.8250873e-13  7.5495496e-13
   490 : -2.1300913e-11 -2.5720902e-12  9.4846635e-12
   491 : -5.7876470e-12 -1.2711477e-11  8.6080113e-12
   492 :  1.7985024e-02  4.1022308e-02 -1.4073139e-02
   493 :  4.9626398e-03  5.4526342e-03  2.0123049e-03
   494 :  3.4076529e-03  5.3281009e-03 -4.9767627e-03
   495 :  3.4035162e-04  4.9367605e-04 -6.8454336e-04
   496 : -1.0282717e-09 -1.4802128e-08  1.7211680e-08
   497 : -4.5573350e-15 -1.9907529e-15 -7.0909929e-17
   498 : -7.1537758e-14  1.0015939e-13 -1.1499446e-13
   499 :  2.3909716e-02 -2.1947167e-02 -8.0001050e-03
   500 : -2.6062423e-16  2.3033250e-16  3.3804960e-16
   501 : -5.8365695e-17  3.3162352e-16 -1.2348892e-16
   502 :  8.2232018e-03 -3.7060900e-02  1.2692758e-02
   503 :  2.2127575e-03  5.5942232e-03  1.1038405e-03
   504 : -1.7795069e-03  1.5346251e-03 -2.1717023e-03
   505 :  8.0386163e-03  1.3776126e-02  1.9520713e-02
   506 : -4.5690325e-12  2.3612809e-11  3.6159219e-11
   507 : -9.3017081e-10  2.4974018e-11 -1.6679801e-10
   508 : -6.5512818e-10  4.6274951e-10 -2.6300637e-10
   509 :  6.1132155e-03  2.3260859e-02  4.0133257e-03
   510 :  9.8700989e-10 -8.0481726e-09 -6.3144382e-10
   511 : -3.9805838e-05  2.2912295e-05  5.4606841e-05
   512 :  1.7326983e-06  2.7750898e-06 -1.6621567e-06
   513 :  1.6676113e-03 -1.3771628e-03 -3.2973440e-03
   514 : -6.1994343e-03  6.4179558e-03  4.2093530e-03
   515 :  9.2498044e-03 -1.5104987e-02  2.1102267e-02
   516 :  2.6134259e-11  3.3203077e-10  1.5388637e-10
   517 :  1.3972755e-02 -4.1811565e-02  5.4684573e-03
   518 :  9.2712844e-04  1.3804461e-03 -3.6061595e-03
   519 : -3.3956201e-05  9.3399212e-05  9.8383746e-05
   520 :  1.5159883e-04 -3.0678805e-06  2.1560686e-04
   521 : -2.4700036e-02 -2.7741664e-02 -2.5504323e-02
   522 :  2.6307094e-02  1.3450339e-02  2.5179809e-02
   523 : -1.6266851e-02  1.2102459e-02 -4.6172821e-02
   524 :  8.0315853e-03  1.2167775e-02 -4.8582954e-03
   525 :  9.9150720e-05 -1.9684833e-03 -2.7168875e-03
   526 : -4.8384018e-07 -5.3502383e-07  1.4625632e-06
   527 :  1.9417348e-13  3.2027137e-13 -1.0479118e-12
   528 :  1.1554760e-02  8.3763847e-03  3.9242609e-03
   529 :  2.4106232e-02 -5.0909785e-03 -7.8167189e-03
   530 :  5.5895577e-03  1.5938102e-02  5.7176884e-03
   531 : -1.8714280e-02 -2.5337525e-02 -2.4595754e-03
   532 :  8.7933115e-06 -2.3979421e-05 -1.6304506e-05
   533 :  4.8907260e-19  3.2140122e-20 -4.2513739e-19
   534 : -1.2011560e-19 -4.0532818e-19  1.0895340e-18
   535 :  4.6477118e-12 -3.4537712e-12 -4.4753128e-13
   536 :  3.5602238e-03 -1.9157193e-02 -1.6479098e-02
   537 :  2.2536371e-03  3.5499353e-04 -2.7709016e-03
   538 :  2.2592650e-02  1.6569178e-02  2.0690548e-02
   539 :  1.1000818e-12 -3.8099338e-12  8.2964733e-13
   540 : -2.2878980e-11  3.5043931e-11  4.4663686e-11
   541 :  2.2765272e-10 -9.0644254e-11 -5.3347459e-10
   542 :  1.5016004e-04  5.1150251e-04  1.1061227e-04
   543 :  2.1234003e-13  2.9074861e-13 -2.7287705e-13
   544 :  4.8314808e-04 -1.1533596e-03 -2.9853588e-04
   545 : -1.2929824e-08 -7.5325233e-09  2.2083596e-08
   546 : -2.8664749e-02 -2.9276727e-02 -1.6006936e-02
   547 :  4.8350444e-12 -1.1488189e-11 -8.5862954e-13
   548 : -2.6477582e-02 -3.2878883e-02 -1.1586325e-02
   549 : -4.5542137e-10 -1.8114197e-10 -5.0800924e-10
   550 :  2.4835521e-03 -2.5988961e-02  2.5389970e-02
   551 :  3.0068564e-03  4.9838484e-03 -1.1038322e-02
   552 : -8.2996006e-03 -2.1811559e-02 -3.4711291e-03
   553 : -3.8042158e-02  2.4506604e-02  1.5060283e-02
   554 : -2.0043065e-09 -5.1508666e-10 -2.7759979e-09
   555 : -2.2660953e-05  3.1352127e-04  1.6319679e-04
   556 :  5.7780672e-10  8.7666387e-10 -1.2529613e-11
   557 :  3.7837271e-02  1.3701043e-02  2.9971380e-02
   558 :  1.7230869e-02  1.9407623e-02  2.2685610e-02
   559 : -1.2776161e-02 -1.0994383e-03 -2.4318361e-02
   560 : -1.9117334e-02 -2.8658163e-03  2.7274600e-02
   561 : -1.3779795e-02  5.4890956e-03 -4.6278763e-03
   562 : -4.7943340e-06  6.3214951e-06 -2.8121603e-06
   563 :  6.0362255e-16 -2.7668163e-16  4.3237744e-16
   564 : -1.3724958e-02  4.6459512e-03  6.5540489e-03
   565 :  1.2169528e-02  9.1398629e-03  8.6706929e-03
   566 : -2.0275371e-10 -1.1078582e-10  6.6090928e-10
   567 : -1.4342067e-04  2.5976726e-04  1.9960472e-04
   568 : -2.0869039e-04 -1.8488884e-02  2.6446145e-02
   569 :  7.8611809e-03  4.5274928e-03  9.3740631e-03
   570 : -6.7337950e-09  6.1822986e-09 -6.2572755e-09
   571 :  4.4183001e-05  2.8022151e-05 -8.7205265e-05
   572 :  1.2503677e-16  7.2672165e-16 -3.4108240e-16
   573 :  3.4214640e-02  2.4344301e-02  6.4035645e-03
   574 :  2.8414538e-02  1.2312081e-02  2.4712680e-02
   575 :  1.0426704e-02  2.1070229e-02  2.8596928e-02
   576 :  2.0540380e-02  1.9191830e-02  2.4358219e-02
   577 :  3.2692507e-02  2.2966591e-02  2.7243474e-02
   578 :  6.1451206e-18 -1.1978784e-17  5.1516458e-18
   579 : -2.1112542e-02 -2.1479599e-02 -2.3554530e-02
   580 :  1.2958065e-02  7.2417696e-03 -1.2550831e-02
   581 : -1.4941105e-09  9.6337025e-09  6.2440770e-09
   582 :  1.5641891e-18 -2.2561346e-17  7.8237727e-18
   583 :  1.2022334e-07 -5.9745248e-08 -3.8500682e-07
   584 :  1.8218475e-15 -3.8937047e-15  9.9700856e-16
   585 : -1.4799036e-03 -4.9339935e-03 -3.5018544e-02
   586 : -4.3969837e-11  7.7652140e-11  2.5629996e-11
   587 : -8.8649008e-08  8.0061900e-07 -6.5602250e-07
   588 :  5.7723074e-10 -1.9894149e-10 -1.2424367e-10
   589 : -1.0769900e-01  4.4017298e-03  2.8067527e-02
   590 : -1.2699101e-02 -1.7093525e-03 -2.3171832e-02
   591 :  3.7493549e-17 -5.4673086e-17 -2.8966898e-17
   592 : -8.6478957e-10  8.0032366e-10 -8.0126732e-10
   593 :  4.7460814e-06 -1.5905216e-05 -2.2336520e-05
   594 :  3.9296721e-06 -1.6147617e-06  6.5819119e-07
   595 : -4.7871396e-03 -6.7950199e-03  1.2639370e-02
   596 :  4.2177743e-02 -7.2068215e-02  1.9018837e-01
   597 : -4.8187999e-05  8.7685631e-06 -9.9236104e-06
   598 :  3.7881014e-07  2.5116993e-06 -1.5100004e-06
   599 : -4.5226010e-02  7.3297295e-04 -1.1321756e-02
   600 : -3.3325894e-03  4.7743521e-03 -2.8565361e-03
   601 : -1.6488662e-02 -2.3480892e-02 -1.6564039e-02
   602 : -5.2083392e-11 -1.1517476e-10  4.4103573e-11
   603 :  1.3887831e-14 -6.1924085e-13  4.5266284e-13
   604 :  1.8203537e-07 -1.2589903e-07  1.0254985e-07
   605 :  7.4775935e-06 -4.6273070e-06 -3.6429933e-06
   606 :  7.3121404e-03  2.5033835e-02  1.3303526e-02
   607 :  6.1335643e-04 -4.3866783e-04 -7.2303968e-04
   608 : -2.4081543e-11 -3.1022754e-10  1.7855582e-10
   609 :  1.3368403e-08 -5.9910472e-08  1.7038911e-08
   610 :  7.6536141e-13  1.4743343e-12 -4.1820406e-12
   611 : -1.4269610e-02 -2.9341699e-02 -3.2050758e-02
   612 :  1.2341552e-03 -2.4993608e-03 -1.0668805e-03
   613 : -2.8026964e-06  9.8712005e-05  8.9577715e-05
   614 : -3.7734604e-02 -1.2613202e-01  5.7422554e-02
   615 :  8.1119604e-04 -3.3311889e-04 -1.1401257e-03
   616 : -4.6191942e-14  4.3541836e-14  5.2449483e-14
   617 : -4.9899182e-04 -5.6705361e-05  1.9037205e-04
   618 :  1.0755968e-06  1.2213908e-06 -8.6902748e-07
   619 :  7.0665501e-11 -4.0030766e-11 -1.1965712e-10
   620 :  7.9050380e-06 -3.7014577e-06  5.6665962e-06
   621 :  1.4976196e-03 -8.8023068e-04 -2.3385268e-03
   622 :  1.2341007e-02  2.3990462e-03 -1.8080416e-02
   623 : -1.5235665e-02  2.6284932e-02  1.7965085e-02
   624 : -1.7302441e-03  2.7833820e-03 -1.2962603e-03
   625 : -9.0786151e-04 -5.0254886e-04  6.4589630e-04
   626 :  1.0145193e-17 -3.9498605e-17  1.4768652e-17
   627 :  1.4437506e-12 -1.0683962e-11  7.5646940e-12
   628 :  7.6624016e-07  1.0438408e-06 -8.2593787e-07
   629 :  4.3699275e-03 -7.2990083e-03 -2.1567064e-03
   630 :  1.7020769e-02 -4.7001917e-04  1.0753408e-02
   631 :  9.4321273e-06  1.0913948e-04  4.5382137e-05
   632 : -6.1011415e-14  1.2139019e-13  2.9140041e-14
   633 : -1.4143405e-02 -1.8286933e-03  1.7306521e-02
   634 : -4.1797701e-04 -6.8302736e-04 -9.6598744e-04
   635 : -2.6629606e-02 -2.1737733e-02 -2.4842543e-02
   636 :  8.0638556e-03  5.2089829e-03  2.1758561e-03
   637 :  1.1626678e-02  9.9334704e-03  1.3725747e-02
   638 :  4.6194619e-03 -2.6209844e-02 -3.2112078e-02
   639 : -2.2310689e-02 -2.9164978e-02 -2.8777398e-02
   640 :  1.6939662e-02 -7.9248612e-03  1.2361029e-02
   641 : -1.3023683e-10  2.8685280e-10  6.1974252e-11
   642 : -1.2965598e-02  2.6444755e-02  4.5845625e-02
   643 :  2.8727297e-03 -1.3105788e-03 -5.6914483e-03
   644 :  1.7723096e-02  6.0218237e-02 -3.8202250e-02
   645 :  2.5590473e-02  2.3289332e-02  3.1008497e-02
   646 :  3.6993696e-04  3.4884025e-04 -4.1302688e-04
   647 : -8.3275302e-03 -8.1838174e-03  2.0440978e-02
   648 :  6.2134772e-03  1.8750078e-02  2.0687059e-03
   649 :  7.3643695e-03  1.1411222e-02  8.9914492e-03
   650 :  2.7129813e-04 -6.8894302e-04  9.7821454e-04
   651 : -2.1751377e-02 -2.1056605e-02 -4.0932560e-02
   652 : -3.7275383e-03  8.8099786e-04 -1.9403135e-03
   653 : -1.0202884e-02 -7.5128350e-03  3.9722021e-02
   654 :  6.5246053e-08 -9.7146982e-09  4.4734930e-08
   655 : -2.2833263e-03 -1.0405047e-03 -1.1366117e-03
   656 :  4.7923387e-03  1.6295278e-03  1.2253532e-02
   657 : -2.8794765e-02  2.0839839e-02 -7.5695076e-03
   658 :  2.4934681e-02 -1.5214089e-03  1.8747535e-02
   659 :  1.9116289e-02  6.0256877e-03  1.9773623e-02
   660 :  5.4668574e-03  1.3345186e-02 -2.1834331e-02
   661 : -1.3102319e-02  1.1515029e-02 -3.1351257e-03
   662 :  1.5096995e-06 -4.9826791e-07  1.0257990e-06
   663 : -1.7229299e-02 -2.0223486e-02  3.2561454e-03
   664 : -3.2924086e-02  6.5935392e-03 -2.3597350e-02
   665 :  1.0802570e-03 -8.9071918e-03 -3.4557002e-03
   666 :  2.6831654e-14 -2.9927267e-14 -3.2431702e-14
   667 :  1.1912428e-08 -1.9469480e-09  6.1840176e-09
   668 :  5.4661096e-03  1.7726709e-03  7.2436446e-03
   669 :  1.4835031e-17 -1.3533154e-17 -2.7795099e-17
   670 : -1.8264018e-02 -1.8644939e-02 -5.5755344e-03
   671 :  1.1572095e-02  9.8073933e-03  1.9432051e-02
   672 :  2.3877369e-03  3.4945633e-03  7.0648152e-03
   673 : -1.7868541e-05 -9.5283984e-06 -7.9664271e-06
   674 : -1.2002479e-04  1.0560242e-04  1.6772115e-04
   675 :  8.6463362e-05 -3.0202953e-05  1.1022778e-04
   676 :  1.9578194e-02 -1.4733001e-02  8.9190123e-02
   677 : -1.5608759e-04  3.3937964e-04 -2.9819774e-04
   678 :  5.1950563e-03  5.3348505e-03  5.1734292e-03
   679 :  3.3613895e-02 -4.7883496e-04  3.2893706e-02
   680 :  2.0594241e-02  1.7742906e-02  2.6675549e-03
   681 : -8.0109865e-10 -2.1840444e-10  1.7391678e-09
   682 : -8.1599832e-10  2.9678943e-09 -9.9704688e-10
   683 :  2.6604431e-08 -4.8881973e-08 -6.2827898e-08
   684 : -6.2390870e-11  7.3295462e-11 -9.0054923e-11
   685 :  1.2907382e-02  2.0183309e-02  1.8160925e-02
   686 :  1.1250646e-04  1.0609363e-04 -2.8043900e-05
   687 : -3.3146255e-10 -4.3683933e-10  1.3853322e-09
   688 : -1.3306289e-05 -5.1290699e-05  8.6811470e-05
   689 : -1.9055768e-02 -1.9758603e-02  3.5026816e-03
   690 : -1.9132127e-03 -7.2416871e-04  4.7218017e-04
   691 :  2.4570747e-02  2.8053539e-02  2.1659230e-02
   692 :  1.2954231e-02 -4.3685944e-04  2.6293675e-02
   693 :  2.5936636e-17 -5.3731772e-17 -3.1694214e-17
   694 : -3.7026147e-12 -2.3846872e-12  9.1581242e-12
   695 : -1.5361663e-02 -2.8196006e-02 -2.0125772e-02
   696 : -1.1740085e-02 -4.0823543e-04 -2.4776931e-02
   697 : -6.7102690e-03  6.9309677e-03  8.7903215e-03
   698 :  1.0028592e-02 -2.0814263e-03  1.1485365e-02
   699 :  4.0426535e-06  3.0320583e-06 -9.7733745e-06
   700 : -2.3402903e-16 -1.1554517e-16  5.5759556e-16
   701 : -1.5209074e-15  1.5429488e-14 -6.9495833e-15
   702 : -1.7829672e-08  3.4010766e-08 -4.6291744e-09
   703 :  2.5715785e-02  1.9537190e-02  2.5147359e-02
   704 : -3.7598684e-03 -2.3734620e-03  3.4726989e-03
   705 :  5.5746986e-11  1.0564607e-10 -6.6951807e-12
   706 : -1.6147644e-01  1.5226293e-01  6.5005583e-02
   707 : -3.3856083e-02 -5.4892115e-02  1.5689821e-02
   708 :  1.0866246e-02  1.5465735e-02  3.7122759e-02
   709 : -5.7469406e-04  4.5355158e-04 -6.3630560e-04
   710 :  4.0074773e-06 -1.0099678e-06 -1.4557302e-06
   711 : -2.5268692e-03 -4.2137284e-04 -3.2651657e-04
   712 :  6.6925848e-03  9.6432769e-03  3.1092007e-03
   713 : -3.9963539e-04 -2.6309222e-03  5.8701247e-03
   714 :  2.8443218e-02  1.9478410e-02  2.9906734e-02
   715 :  2.4834211e-02 -1.3688729e-04  8.8110802e-03
   716 : -8.8769017e-13  2.7780284e-12 -1.4985257e-11
   717 : -4.7714001e-03 -2.2069481e-02 -7.2674902e-03
   718 :  1.1982725e-02 -4.1717040e-03  3.6100441e-03
   719 : -1.2952172e-02 -9.7933421e-03 -2.4138450e-03
   720 :  9.9686890e-03 -4.8742019e-03  1.5534436e-02
   721 :  1.7437322e-02  2.8159600e-02 -2.4516907e-02
   722 : -5.0216048e-10 -1.0989692e-09  1.6174976e-10
   723 :  1.1538772e-09  1.7627138e-08 -1.5390717e-08
   724 : -7.8385902e-10  2.7415882e-09 -9.4328997e-10
   725 :  5.2713094e-03  8.8526692e-03  6.0893664e-03
   726 :  1.8299217e-05 -4.0891610e-05  3.6538918e-06
   727 :  1.6002749e-03  5.1997161e-03  5.8229647e-03
   728 : -4.7658740e-03 -2.3131080e-02 -2.1885190e-02
   729 :  5.5964355e-02  1.1357880e-02  4.2089662e-02
   730 :  5.0516655e-03 -2.2155942e-03  1.1153436e-03
   731 :  8.0917971e-10 -7.0707511e-10 -5.3504573e-11
   732 :  2.2983295e-06 -2.7044020e-07 -8.5984029e-07
   733 :  1.5424184e-02  1.9482414e-02  6.8276551e-03
   734 : -3.6603365e-02 -8.2183317e-01  9.5977600e-01
   735 :  1.8230078e-02  2.2178849e-02  4.9626676e-02
   736 : -1.8967222e-02 -3.1800908e-02 -2.3881416e-02
   737 :  1.7118832e-04  8.7421174e-05  1.2384237e-05
   738 :  6.7598496e-03  1.4900664e-03  5.2505298e-03
   739 :  5.1439667e-03 -1.4599700e-03  2.7655412e-04
   740 :  6.4806133e-03  2.2458427e-02  1.2231519e-02
   741 :  4.8920988e-03  4.0535388e-03  7.5287977e-03
   742 : -3.4673574e-04 -2.1115983e-03 -1.8616294e-03
   743 :  2.9034916e-02  1.9634383e-02  2.5726764e-02
   744 :  2.5397721e-02  5.9666679e-02  2.9542564e-02
   745 :  9.0641700e-11 -8.8498937e-10 -3.0785435e-10
   746 :  3.1582521e-08 -7.7054847e-08 -1.1298144e-07
   747 : -1.1229791e-05 -2.8676077e-05 -4.6685128e-05
   748 :  5.5042775e-03 -7.3005815e-05  2.3505640e-02
   749 : -1.8716958e-02 -3.5386069e-02 -2.4174506e-02
   750 :  4.1067791e-11 -1.3360313e-11  1.5737779e-10
   751 :  2.5663791e-02  2.6071299e-02  3.5640591e-02
   752 :  1.1445070e-03 -3.7477363e-04 -2.5429277e-03
   753 : -2.3661249e-02 -3.6271712e-02 -1.8203436e-02
   754 :  1.3863591e-08 -5.3453254e-08 -1.3817321e-08
   755 :  3.4214705e-02  4.5529798e-02  2.8091392e-02
   756 :  2.4657801e-04  1.5108821e-04 -2.0418757e-04
   757 :  4.6074314e-18  6.8445805e-18 -1.0491114e-18
   758 :  3.4217258e-02  8.4123635e-02  8.7875427e-03
   759 :  7.0735135e-04 -3.6418120e-03  4.4711127e-03
   760 : -1.7527597e-06 -4.9207381e-06 -1.2138705e-05
   761 :  4.1348191e-03  1.2148256e-02  2.0907903e-02
   762 :  4.0329775e-02 -7.5625426e-02  1.3000726e-01
   763 :  5.7936113e-13 -1.3913010e-12  4.4378976e-13
   764 :  3.1674580e-14  2.2456542e-13 -1.3124000e-13
   765 :  2.9485235e-02  2.6933535e-02  3.4864290e-02
   766 : -9.7531916e-05  2.7339649e-04 -9.2776284e-05
   767 :  8.5588664e-02  1.9620695e-02  1.5037716e-01
   768 : -5.3998481e-11  2.5892296e-10 -4.4284957e-10
   769 :  3.2321638e-02  2.8312126e-02  3.6183639e-02
   770 :  2.8921970e-02  7.7109768e-03  1.3903426e-02
   771 :  4.4192684e-03 -3.4839732e-03  1.9666642e-02
   772 :  4.1895856e-03 -1.5832228e-02  8.4563978e-03
   773 : -2.8832051e-05  3.4814810e-04  1.2608155e-04
   774 :  3.7018223e-02  3.4952929e-02  2.4400593e-02
   775 :  7.3013073e-02 -2.8258493e-01  3.4330807e-01
   776 :  2.5660756e-04  2.6961169e-04 -2.2306276e-04
   777 :  9.3656236e-03  6.9679801e-03  1.2935533e-02
   778 :  2.5263819e-02  2.4943529e-02  1.8828977e-02
   779 : -7.7847962e-08  1.3677889e-07 -2.6164370e-08
   780 :  1.1282654e-02 -1.4762428e-02  2.3641866e-02
   781 :  3.2008043e-11  5.2675456e-11  1.1343953e-10
   782 :  1.1347664e-18 -7.5906389e-19 -2.5286903e-18
   783 :  3.1821534e-02  2.6437632e-02  2.4594571e-02
   784 : -3.1827850e-03  9.3968565e-03 -5.6139523e-03
   785 :  3.1720275e-10 -3.3386190e-10  3.6929166e-10
   786 :  6.0715126e-02  2.5219519e-02  2.3824276e-02
   787 :  1.6701924e-02  1.4250867e-02  2.5466554e-02
   788 : -3.7499362e-10  9.2570706e-11 -3.4971430e-11
   789 :  1.3024124e-09  4.5561769e-09 -2.3119845e-08
   790 :  2.8802621e-02  3.4309858e-02  1.9953688e-02
   791 : -9.6464109e-03 -2.8751861e-02  8.3247936e-02
   792 :  9.1987788e-03 -1.8612681e-02  1.6963616e-03
   793 :  3.4138841e-03 -2.1437136e-02 -1.5110131e-02
   794 :  3.2149485e-02  2.3257865e-02  1.9324136e-02
   795 :  1.3232113e-02  1.8393756e-03  9.2275003e-03
   796 : -2.0011817e-02 -3.0839578e-02 -1.7599481e-02
   797 :  8.6986926e-11  4.4214367e-10 -1.0287668e-09
   798 : -2.0744122e-02 -1.1740183e-01  8.5117532e-02
   799 : -4.6759128e-05 -1.7360578e-05  8.3374186e-05
   800 :  2.8490486e-02  2.9223991e-02  3.5892376e-02
   801 :  1.6923965e-09 -2.5427808e-08  2.5485593e-08
   802 :  1.7122417e-02 -3.4473561e-03  6.9807891e-02
   803 :  1.7874967e-06 -1.4462456e-05  5.5813889e-06
   804 :  2.8950424e-02  3.5077132e-02  3.5833694e-02
   805 :  4.0329066e-03  1.4984705e-02  3.5120354e-03
   806 :  1.0421973e-09 -5.1267260e-08 -5.1029416e-08
   807 : -3.4420982e-11 -5.5173276e-10  8.9173903e-11
   808 :  4.1869018e-02  3.4304072e-02  3.3301654e-02
   809 : -4.7997644e-05  3.4332781e-05 -3.2499421e-05
   810 :  4.2662925e-10 -2.2955035e-09  7.4654057e-09
   811 :  8.4970922e-18  1.0647361e-18 -1.0668295e-17
   812 : -1.5712413e-03 -2.2663082e-04 -2.3134420e-03
   813 :  9.2948732e-04  1.7644834e-02 -3.9779809e-03
   814 :  3.0460494e-17  1.2191084e-18 -3.2987515e-17
   815 : -2.4747487e-19  4.6625734e-19 -5.9513107e-19
   816 : -7.8508997e-15  1.4087675e-15  3.0994620e-15
   817 :  4.5202487e-18  9.3654151e-16 -9.9956087e-16
   818 :  7.3304378e-19  9.5480549e-17 -7.8572791e-17
   819 : -1.7036137e-03  7.5351788e-04  1.8977305e-04
   820 : -1.3182785e-17  3.8252953e-17 -8.2292604e-18
   821 : -1.1146981e-02 -8.5634765e-02 -2.3666826e-02
   822 : -6.9417507e-03  5.3956612e-04  6.2894611e-02
   823 : -3.4644676e-07  5.5960274e-07 -2.1999666e-07
   824 :  6.2734583e-06 -5.9847640e-06 -1.6292145e-06
   825 : -3.4150085e-12 -7.2785268e-13  8.3237195e-12
   826 : -3.8756866e-03 -9.4885733e-03 -1.3655940e-04
   827 :  3.7584603e-08 -2.6919051e-08 -4.9119652e-09
   828 : -1.6520833e-05  5.4259708e-06  5.3713281e-06
   829 : -4.4442636e-03 -1.7290970e-02  3.2451384e-02
   830 :  1.7080152e-03  2.0476491e-02  2.4662277e-02
   831 : -1.3303534e-03  2.3152275e-02  1.0345297e-02
   832 : -2.0087785e-06 -4.3832828e-03  2.9891792e-03
   833 : -1.4986487e-02 -7.0678722e-02 -1.7263374e-02
   834 :  1.6481712e-16 -1.5760873e-16  2.5793249e-16
   835 : -6.0096417e-19  1.2877049e-18 -2.2515262e-18
   836 : -4.4553387e-03  6.8134576e-03 -1.6911899e-03
   837 :  3.8938209e-09 -1.4223405e-09  2.6503197e-09
   838 : -4.5135028e-03 -3.0284192e-03 -2.3896337e-02
   839 :  6.3536155e-06 -4.6158234e-07 -1.6542000e-05
   840 : -8.3691996e-09  5.2554091e-09  5.8331092e-11
   841 : -8.5032553e-07  2.3548111e-07  3.6434394e-07
   842 : -1.0570133e-03 -1.1550864e-03  4.2579156e-04
   843 :  4.9623864e-08 -1.2991325e-07  1.0268799e-07
   844 :  7.9264321e-04 -6.5547771e-04 -1.4873743e-03
   845 : -3.0986349e-12 -2.1051090e-13 -1.5963005e-12
   846 :  1.7940808e-02 -3.9420797e-02  1.3980112e-01
   847 : -2.2843998e-04 -1.1923570e-04  2.2439379e-04
   848 :  8.5999820e-20 -1.3120945e-19  2.5992138e-20
   849 :  7.4868635e-06 -1.7576078e-05 -9.9574397e-06
   850 : -1.2730061e-05  2.2213477e-05 -5.0328251e-05
   851 : -3.2779749e-06  5.7061520e-06  2.4966494e-06
   852 : -2.6218349e-13  6.7834684e-13 -3.4057001e-13
   853 : -1.4679176e-02  4.8316742e-03 -2.9809650e-02
   854 : -4.9990800e-21 -1.4052642e-20  1.6426613e-20
   855 : -4.6513189e-03 -1.9208789e-02 -1.8882937e-02
   856 :  1.6378908e-02  3.9320331e-02  2.5419204e-02
   857 :  2.1147348e-03 -2.1355896e-02  2.8117793e-03
   858 : -3.8036155e-03  1.4166728e-02  1.7849428e-02
   859 : -1.4673914e-12  2.2932330e-12  1.4150021e-12
   860 :  1.9506983e-02  1.9791539e-02  1.6323205e-02
   861 :  6.3287880e-03 -4.8410859e-03  4.2621398e-03
   862 :  5.0936930e-04 -2.1936073e-03 -2.5714200e-03
   863 :  2.5945347e-03 -7.1833549e-03 -9.9742629e-03
   864 : -6.6387539e-03 -5.1067927e-03  3.1321807e-03
   865 : -1.5722865e-02  2.4036162e-01 -2.0246070e-01
   866 :  9.0528121e-02  3.9502977e-03 -2.0302446e-02
   867 :  4.8150922e-03  1.3884769e-02 -4.7211549e-03
   868 :  3.6187677e-04  5.7130583e-04 -6.8107333e-04
   869 :  3.4198664e-04  4.9484933e-04 -1.0753829e-04
   870 :  7.8400226e-04 -8.9706743e-04  4.2629048e-04
   871 : -3.1040998e-02 -7.2968900e-02 -2.0293779e-02
   872 : -1.6899137e-02 -2.7406568e-02 -4.5563240e-02
   873 : -9.1056648e-03  1.0081441e-02  1.7572924e-02
   874 :  1.9069678e-02  1.2923216e-02 -1.1987256e-02
   875 :  1.6808200e-07 -5.3430503e-10 -1.4914193e-07
   876 : -4.0651487e-07  9.6663283e-07  4.6786583e-07
   877 : -1.6558196e-18 -6.8491315e-19  1.0276118e-17
   878 : -8.6820583e-15  2.2627652e-14 -6.0117157e-15
   879 :  8.2609108e-09  9.6363947e-08 -2.0080183e-07
   880 : -2.2702056e-06 -4.6573019e-08  1.2078864e-06
   881 :  7.1664361e-17 -1.8610569e-17 -3.2482354e-17
   882 : -2.2373804e-16  2.5048846e-16  2.8779298e-16
   883 :  2.9922823e-08 -1.9153028e-08  1.6587969e-08
   884 :  1.1173865e-08 -2.0105452e-07  9.8291406e-08
   885 : -5.8385289e-03  5.6306487e-03  7.6991174e-03
   886 :  3.6541656e-03 -2.0258733e-03 -3.5560774e-03
   887 :  1.7536121e-02  2.3716500e-02  6.1212665e-04
   888 : -8.5757107e-04 -4.8016690e-03  1.9600793e-02
   889 : -3.4062533e-03 -6.8945134e-03  1.0196344e-02
   890 :  4.1639176e-03  1.1032248e-02  2.4351652e-03
   891 :  1.4828206e-07  2.6048676e-08 -1.6766646e-07
   892 : -2.4508389e-06  5.5819133e-06  8.2487530e-08
   893 :  2.4086322e-02 -1.9298555e-02  3.2901003e-03
   894 :  1.4407970e-02  2.3953727e-02  2.1422763e-02
   895 : -4.0274184e-02 -1.9104299e-02  2.8048047e-02
   896 :  1.0358232e-02 -1.5569351e-03 -1.3000409e-02
   897 : -1.4226060e-08  2.0632190e-09  1.4101762e-08
   898 :  5.9633825e-08 -6.9749470e-08 -9.5998293e-08
   899 : -4.6843011e-03 -1.9589581e-02 -2.0411213e-02
   900 : -2.1602053e-02 -2.5603574e-03 -4.7609366e-03
   901 : -4.5407392e-03 -9.7135334e-04  6.4333632e-03
   902 :  2.3047875e-02  3.2977064e-02 -1.4516136e-02
   903 : -1.4930915e-02 -2.6850255e-02  5.4037063e-03
   904 :  6.8159306e-03  2.5349599e-02 -1.3334644e-02
   905 :  2.9886011e-03  3.4932530e-03 -4.9746182e-03
   906 :  5.6475167e-03  7.7540516e-03  1.3668176e-02
   907 :  2.1923130e-02 -1.5162005e-02  6.7453634e-03
   908 :  3.3107846e-02 -4.6884226e-02 -3.1507370e-03
   909 : -2.1380878e-02  2.4083205e-02  2.6491656e-02
   910 : -1.7239188e-03  8.6784458e-04 -4.2674898e-03
   911 : -6.5943263e-03  2.2146324e-03 -2.3070324e-03
