Number of elements 912
     0 : -2.6050121e-05 -8.4520758e-05  9.1689688e-05
     1 :  1.5501532e-02 -1.4847819e-02  3.3883282e-02
     2 : -1.1038472e-02 -1.0655223e-02 -1.0265807e-02
     3 :  3.4960765e-04 -2.3670363e-03 -5.5796193e-03
     4 : -7.1883903e-03 -5.3282930e-03 -7.0354952e-03
     5 : -2.5826165e-02 -6.4210049e-04  1.9793943e-02
     6 :  3.9021226e-10 -5.5872645e-10 -7.5426828e-10
     7 : -5.9565916e-02 -6.4347740e-02  5.5834411e-02
     8 : -1.7290102e-03 -1.4410172e-02 -1.4204457e-03
     9 : -2.2448068e-09  7.3537680e-09  6.6834864e-09
    10 : -1.4796684e-02 -8.0406376e-03 -1.6214363e-02
    11 :  3.2634419e-11 -1.4253747e-10  1.8411972e-10
    12 : -2.9628755e-03  8.8577115e-02 -1.0529324e-01
    13 : -5.4292557e-03 -4.3897943e-03 -4.3181181e-03
    14 : -1.6844645e-03  3.7789923e-03 -1.2203737e-03
    15 : -6.7477348e-03 -2.3890509e-03 -8.5336682e-03
    16 : -5.0802517e-11  1.0777103e-12  1.4483637e-10
    17 :  8.1986599e-07  2.3234166e-06  4.4611355e-07
    18 :  4.9656131e-03  2.7714499e-04  6.2955158e-03
    19 : -2.5320179e-12  6.3736914e-12 -2.0013623e-12
    20 :  5.9082923e-06  6.1223891e-06 -1.3078105e-05
    21 : -9.6124923e-04  6.9046144e-03  4.9127057e-03
    22 :  3.7965011e-03 -2.5002146e-03  2.2131501e-03
    23 :  2.0025871e-11  2.4123084e-11 -9.4335868e-11
    24 :  1.6976386e-02 -9.0030645e-03  1.4696091e-02
    25 :  3.0412971e-13 -5.0110992e-13  2.2923041e-13
    26 : -1.8484089e-02 -3.0641292e-03 -1.6429488e-02
    27 :  6.6148722e-03 -7.5593924e-03 -8.4792370e-03
    28 : -7.7779955e-03 -3.3435841e-02  2.2828862e-02
    29 :  2.6001875e-02  1.5518759e-02 -7.3274521e-03
    30 : -2.6994583e-03 -6.1533359e-03  6.1637096e-03
    31 : -3.2940875e-03  7.5138144e-04  6.6763198e-03
    32 : -1.7909590e-09 -1.5919778e-09 -4.2249134e-09
    33 : -2.2507440e-03 -1.3079690e-03 -1.8242649e-03
    34 : -1.6104370e-13  3.9470098e-13 -3.4470542e-14
    35 : -2.7302757e-03 -1.0590709e-03  3.6010074e-03
    36 : -7.8546856e-03 -8.9898950e-03 -4.2076809e-03
    37 :  9.5587238e-03  1.0965363e-02  6.5798897e-03
    38 : -7.2961527e-04  5.0787418e-03 -1.1461972e-02
    39 :  7.6541615e-03 -1.9209772e-02 -2.3744955e-02
    40 : -9.9473320e-03 -2.7095693e-01  2.8850040e-01
    41 :  6.5880641e-04  1.3947268e-01 -1.7059543e-01
    42 :  1.1561019e-11  8.4352770e-12 -5.0854557e-12
    43 :  1.0470873e-05 -1.7754470e-05 -1.0125344e-05
    44 :  1.0976144e-03  6.0319244e-03  1.2148720e-02
    45 : -3.6526907e-04  2.7804166e-04 -1.4985052e-04
    46 : -1.2940893e-03  3.7040258e-04  4.3401111e-04
    47 : -2.9645868e-09 -1.1933085e-08  7.2481369e-09
    48 :  6.3758448e-11 -8.4007177e-11  9.5247184e-11
    49 : -4.0008441e-03 -8.0603986e-03 -9.0473867e-03
    50 : -4.0825293e-03 -3.5674880e-04 -1.9678306e-03
    51 : -2.1234000e-03  2.1033829e-03 -5.6097549e-04
    52 :  3.0374387e-03 -8.4529814e-03  1.1110305e-03
    53 : -7.0909334e-10  5.1634016e-10 -1.1158088e-09
    54 : -5.2149138e-03  1.3157188e-04 -3.4254282e-03
    55 : -2.3611999e-03 -4.8489582e-03 -3.5730761e-03
    56 : -4.1426744e-03 -6.1526641e-03 -4.4023906e-04
    57 :  1.2244158e-02  1.1905936e-02 -6.0144084e-03
    58 :  1.4550040e-03 -1.4866493e-01  1.9404879e-01
    59 : -1.5253384e-03  2.1771842e-03 -5.8973606e-03
    60 : -8.5989867e-03 -3.9365769e-03  3.9518342e-03
    61 : -5.6737249e-03 -8.7811522e-04 -5.1773095e-03
    62 : -1.0565339e-02 -6.2046975e-03  1.8191704e-02
    63 :  9.8167268e-03  1.4199672e-02  2.6799138e-03
    64 :  1.8002323e-02 -3.3408292e-02 -4.0777264e-02
    65 :  1.0656857e-02  1.6876888e-02  9.4534399e-03
    66 :  7.4276605e-03  1.1276266e-02  2.5636054e-04
    67 :  2.4161603e-10  1.0350142e-09  4.5549432e-10
    68 :  4.1078155e-10 -1.4657786e-09  3.0510043e-10
    69 : -1.5442768e-11  7.6480078e-10  8.1199873e-10
    70 : -2.6390992e-04  2.0358977e-04  1.0123219e-03
    71 :  7.4492625e-03  4.0237142e-03  1.1824483e-04
    72 : -1.2475877e-11  4.8512156e-11 -1.8994092e-11
    73 : -9.8962765e-04  8.5185734e-03  4.0049324e-03
    74 : -1.1843467e-05 -1.1318903e-05  7.4576684e-06
    75 :  5.8758523e-07 -5.1372774e-07 -6.3181188e-07
    76 : -1.0924248e-11  6.0820851e-11 -1.6201940e-11
    77 : -4.0816080e-08 -3.7888109e-07 -3.2888453e-07
    78 : -1.1129063e-09  7.4106279e-09  2.0630410e-10
    79 : -1.4860534e-05  1.2009447e-05 -2.7495739e-05
    80 :  2.5407064e-17  1.3781918e-15 -4.6856699e-16
    81 :  1.0015779e-07  1.0346114e-07 -9.1302935e-08
    82 : -1.2456319e-02  2.4662588e-01 -3.0686258e-01
    83 :  5.9641863e-14 -5.0682422e-14 -7.7115509e-14
    84 : -5.3401341e-12  1.1228657e-11 -1.5421436e-12
    85 :  1.0684124e-02  1.8327954e-01 -1.7175152e-01
    86 :  2.1220971e-06  1.7703633e-07 -1.0825590e-06
    87 :  1.0267618e-05 -1.3112167e-05 -1.5421286e-05
    88 :  6.7380572e-03 -1.9418634e-02  5.4553884e-02
    89 :  3.0960447e-03  1.0279065e-02  9.0254682e-03
    90 : -3.4347718e-11 -6.2391416e-11  4.1332298e-11
    91 : -6.3097409e-03 -4.1187822e-03 -5.4661230e-03
    92 : -1.8670940e-03 -1.1640319e-03  9.8725333e-04
    93 : -1.0684175e-14  1.2456074e-15  4.4888209e-15
    94 :  1.6747021e-05 -1.7345070e-05 -1.1129081e-05
    95 : -1.1512237e-12 -1.1455533e-12  1.1738274e-10
    96 : -1.8815621e-03 -2.9399798e-03  4.5669943e-03
    97 :  8.5521418e-04 -2.7761157e-03  7.5472271e-04
    98 : -8.8686380e-03 -1.0625156e-02 -3.6451550e-03
    99 :  5.7792217e-09  2.3407920e-09 -3.4042583e-09
   100 :  2.6499599e-09 -8.9783153e-10 -9.8083485e-09
   101 :  1.0974009e-02  1.0914069e-02  1.1902997e-03
   102 : -2.8459051e-03 -2.6287982e-02  3.0288097e-02
   103 :  4.9507418e-15 -2.5643036e-14 -1.0102342e-13
   104 :  1.2787220e-04  5.5891796e-05  1.1768464e-04
   105 :  1.2246184e-02  1.1479895e-02  6.1658435e-03
   106 :  1.4921031e-02  9.5244622e-03  1.1659711e-02
   107 :  1.6088393e-02 -6.1406658e-02  5.3279380e-02
   108 : -5.4172566e-03 -2.1216788e-03  2.8259196e-04
   109 :  4.9425196e-03  3.7160799e-03 -1.0185172e-04
   110 : -2.1418766e-03  5.4463405e-03  9.0107514e-05
   111 : -1.0765313e-02  1.7345567e-02  1.2382410e-02
   112 :  2.8595659e-08  9.9226763e-09 -4.8583724e-08
   113 : -2.2062576e-03  1.7028055e-03  2.5988254e-03
   114 :  1.5887777e-02  2.6177761e-02 -9.0836853e-03
   115 : -5.2057615e-03  5.7221830e-03 -2.1627133e-02
   116 :  2.3719817e-03  1.7515867e-02 -2.2385480e-02
   117 : -6.3212940e-03 -5.0061765e-03 -3.2605651e-03
   118 : -3.2424121e-02  9.2091564e-03 -1.1666598e-02
   119 : -8.4216828e-11 -1.2518864e-10  8.4148652e-10
   120 : -1.1275763e-03  5.8137819e-04 -5.0835311e-04
   121 : -8.6311118e-08  1.7619384e-07 -1.9569566e-07
   122 : -2.3465335e-03  2.4333014e-02 -3.8690325e-02
   123 :  5.6385167e-13 -7.9754532e-13 -7.3341186e-13
   124 : -8.4196731e-10 -1.0585116e-09  4.5555023e-10
   125 : -8.7433960e-17  2.7387776e-16 -9.7918078e-17
   126 :  2.5527050e-06  2.7798174e-06 -2.6524183e-06
   127 : -1.0980214e-06  1.2025742e-06  1.7384647e-07
   128 :  5.7182361e-03 -2.8300781e-03 -5.7254395e-03
   129 : -3.0180267e-05 -4.1872449e-05  6.8602055e-05
   130 : -5.5361817e-03 -4.8152518e-03 -6.9976960e-03
   131 :  2.8752463e-03 -3.4355671e-03  2.4175708e-03
   132 : -1.3539414e-02 -3.9423634e-03 -2.7091927e-03
   133 :  9.4893150e-03  7.5614495e-03  1.2998164e-02
   134 : -8.8630938e-03  1.2843972e-03  1.4674963e-04
   135 : -2.0432097e-01  5.1199655e-03  4.5970539e-02
   136 :  3.1367704e-03 -6.1852737e-03  1.4927937e-02
   137 : -7.5725258e-03 -5.2666668e-03  1.7102712e-03
   138 : -8.7348577e-03 -2.8984503e-02  4.4551859e-02
   139 : -5.0412177e-03 -5.1836328e-02  4.7083725e-02
   140 :  2.0454832e-08 -1.6050662e-08  7.4761517e-09
   141 :  5.7526381e-08 -1.6710748e-07 -1.0045725e-07
   142 :  7.0791243e-03 -1.2669154e-02  1.0117575e-02
   143 : -2.6883972e-10  9.1663166e-10 -1.3773265e-10
   144 :  1.5943724e-02  1.6484011e-02  1.0233848e-02
   145 :  2.2375041e-02  4.1493125e-02  1.2327508e-02
   146 : -9.6577273e-05  1.8651818e-04  2.2959916e-04
   147 :  5.2788958e-11  6.5521830e-11 -2.3378305e-11
   148 : -5.6472859e-06  5.7002928e-05 -1.7501429e-04
   149 : -4.9488716e-03 -2.7437634e-03 -1.3299386e-03
   150 :  2.3635094e-02  1.6405544e-02  2.1653787e-02
   151 : -2.7889030e-07 -1.3069305e-07  5.6854343e-07
   152 :  4.6614261e-06 -1.4002128e-05 -1.1215445e-05
   153 :  3.8497293e-02 -2.2239431e-02 -4.3723445e-02
   154 : -3.7139473e-15  1.2743646e-15  4.3015900e-15
   155 : -2.0207878e-10  8.7317841e-10 -1.7451475e-10
   156 : -3.8206468e-12 -1.5505119e-11  4.8736484e-12
   157 :  5.6383942e-04 -8.3928048e-04 -1.2451518e-03
   158 : -3.2536992e-02  5.3199319e-03  2.9303770e-02
   159 : -3.2634016e-03  4.7054149e-03 -4.5727822e-03
   160 : -2.6562077e-14  1.4711942e-14  7.2635601e-15
   161 : -6.2277930e-14  6.5430441e-14 -1.0265452e-13
   162 : -5.8941053e-05 -1.3530550e-03 -3.3410177e-03
   163 : -2.2095926e-02  2.3515669e-03 -1.3166843e-02
   164 : -2.4824079e-07  1.1848185e-06  1.5788543e-06
   165 : -2.7014564e-03  2.9203598e-02  1.3786726e-02
   166 :  4.8194330e-11 -8.0699846e-11 -1.4069217e-10
   167 : -2.2632966e-03  1.3843897e-02 -9.9489289e-03
   168 :  2.4614935e-02 -7.9768110e-03  6.7567411e-04
   169 : -4.2187173e-02  1.8653769e-03 -1.0782622e-02
   170 : -4.5913623e-10  2.3548945e-10 -1.5849217e-10
   171 :  6.0071564e-11  1.1018853e-10 -2.7133276e-10
   172 : -6.8789180e-03 -1.4387313e-03 -4.4677341e-03
   173 :  6.0693820e-03  5.4849588e-03 -1.0030784e-02
   174 : -4.6607270e-04 -2.0019239e-02 -1.3483278e-02
   175 : -3.3399220e-05  3.1435398e-05  9.3533834e-05
   176 : -4.2483479e-09  5.7814968e-09  4.8263927e-09
   177 :  1.1907750e-02  4.8028537e-03  6.7892564e-03
   178 : -7.2484943e-03  4.3065029e-01 -4.8616209e-01
   179 : -1.6738520e-02 -7.4287286e-03 -1.0067683e-03
   180 : -9.6918021e-12  1.2300711e-11  5.2970075e-11
   181 : -1.3624336e-02 -2.2406709e-02 -3.4913431e-03
   182 : -1.7104248e-05 -1.3970861e-06 -4.5792181e-06
   183 : -2.8270034e-03 -9.5485158e-03 -1.3387124e-04
   184 :  1.0596039e-14  1.8990933e-13 -1.0228060e-13
   185 :  3.7697971e-06  1.7916455e-06 -2.2488970e-06
   186 : -2.3570247e-03  7.4345127e-04 -2.0616763e-03
   187 : -2.0107026e-02  5.9302694e-03 -5.2492983e-04
   188 : -5.0751870e-03  2.1207991e-01 -2.5676267e-01
   189 : -8.3117027e-03 -6.1909730e-03 -5.8079111e-03
   190 :  1.6321390e-02  1.4699986e-02  5.7637061e-03
   191 :  7.9997360e-13 -1.0660237e-12 -1.4739308e-12
   192 : -1.1475795e-02  6.2677385e-03  7.3443782e-03
   193 :  5.5829226e-03  6.1541333e-04 -2.5067317e-03
   194 :  4.9896398e-04  1.8121260e-01 -1.9021440e-01
   195 :  3.4903447e-03 -1.4944542e-03 -2.2040376e-03
   196 : -1.4085702e-11  3.6527293e-11 -1.5698357e-11
   197 :  1.2449848e-10 -1.9387612e-10 -3.5268430e-11
   198 :  3.4412712e-03 -1.8123596e-03 -8.4164866e-04
   199 :  1.0367997e-02 -6.1548238e-03  3.4730339e-03
   200 : -2.7059110e-10  1.6776959e-09 -1.6213311e-09
   201 : -1.6151601e-02 -1.1699520e-02  1.0016768e-02
   202 :  3.9777116e-03  8.8345653e-03  1.1595183e-02
   203 :  6.0508571e-14  2.3933725e-12  7.3217878e-14
   204 : -3.6537954e-03  9.9981352e-03 -1.6431964e-03
   205 : -3.5993206e-03 -1.8436561e-02  6.4478891e-03
   206 : -9.0035468e-12  2.7381704e-12  1.9052980e-12
   207 : -1.6729110e-10  3.5860952e-11 -1.0873158e-10
   208 : -2.4843808e-07 -7.1132081e-07 -6.7759299e-08
   209 : -1.1931426e-01  6.7606467e-02  3.5325816e-02
   210 : -1.6957177e-03  7.5899267e-03  1.6453035e-02
   211 : -1.4407859e-12  2.1439504e-12 -6.4266381e-12
   212 : -9.6834529e-03 -4.0952503e-04 -1.7281930e-02
   213 : -3.4101453e-10 -3.2661406e-11  1.1322029e-09
   214 : -5.0625971e-03 -6.4031171e-03 -1.9459531e-03
   215 : -2.4302291e-02 -6.4681514e-03 -2.1849659e-03
   216 : -5.8713016e-03 -7.1173709e-03 -1.1108815e-02
   217 : -1.6759822e-16  4.5025844e-15 -1.1196079e-15
   218 :  1.3233720e-07 -1.3537392e-07  1.1693539e-10
   219 :  7.0783029e-03 -1.3715241e-03 -7.2020419e-03
   220 :  1.9275253e-06  1.9123709e-06 -3.4368961e-06
   221 : -2.6692459e-09 -5.6387799e-10  4.9495486e-09
   222 :  2.4215790e-03  6.9291477e-03  2.9916000e-03
   223 :  6.5740757e-03  6.5010098e-03  6.3535995e-03
   224 : -1.3858772e-03  3.8576063e-03 -3.8822617e-03
   225 :  6.7895387e-06  8.8151169e-06 -1.5518087e-05
   226 : -3.9072840e-09 -1.6409671e-09 -9.9721453e-10
   227 : -5.5519504e-04  1.5627534e-04  2.4144550e-04
   228 :  1.8264960e-03 -8.0666140e-02  1.0038301e-01
   229 :  1.6217834e-05  2.6640977e-05 -4.4620424e-05
   230 : -7.0987867e-10 -4.4043912e-10  1.2292934e-11
   231 :  2.6102642e-10 -5.5827951e-10 -4.6267750e-10
   232 : -1.0077017e-15 -5.6884646e-16  4.1811113e-16
   233 : -4.2085739e-09 -2.1900747e-09  1.1236969e-08
   234 : -7.9520119e-03 -4.5302490e-03 -7.3621469e-03
   235 : -4.6605706e-02  2.7775193e-02  3.1708741e-02
   236 :  5.5272719e-09 -2.2436709e-08  2.2247892e-08
   237 : -2.6882909e-07 -7.2934160e-07  1.4369459e-06
   238 : -8.5017670e-14  3.1629456e-15  8.8218061e-14
   239 :  4.9469637e-09 -3.2089576e-09  4.9231122e-09
   240 : -6.8839190e-12 -1.0147738e-11  1.7307305e-11
   241 : -3.4266031e-03 -2.7828662e-03  3.0838192e-03
   242 : -1.6157394e-02  5.4825702e-03 -8.2898310e-03
   243 : -4.7053242e-04  3.1293845e-03  1.9517214e-03
   244 :  3.2415656e-03  5.0446076e-03  9.2876013e-03
   245 : -4.4121721e-09  2.3300637e-08  6.9021836e-08
   246 :  1.6856153e-03  6.2976021e-03  6.7450172e-03
   247 :  1.1799095e-03  9.7681931e-03 -3.7924970e-03
   248 : -1.1732874e-14  1.5696512e-14  7.9875396e-15
   249 :  3.7980159e-06 -8.7411676e-07 -7.2828042e-06
   250 : -1.1316879e-02  1.1330538e-02  4.5800968e-03
   251 :  4.8441442e-03 -2.4433563e-03  3.0200066e-03
   252 : -7.6570850e-09 -2.3808519e-09  3.4334210e-10
   253 :  1.6433645e-11 -7.9270599e-12  1.3495867e-11
   254 : -4.3652698e-03 -3.0195724e-04  2.2182676e-03
   255 : -2.2477742e-03 -7.3402921e-04  6.8812637e-04
   256 :  1.4836136e-03 -2.5299437e-04 -1.8947714e-02
   257 :  5.7783878e-03  6.6304425e-04  5.6449294e-03
   258 :  4.3887227e-04  4.3068583e-04 -1.1614330e-03
   259 : -7.1663251e-08 -1.4461727e-07  2.3821037e-07
   260 : -1.5475128e-02 -2.6447631e-03 -1.3844487e-03
   261 :  1.9617149e-02  7.3067541e-03  8.1936723e-03
   262 :  2.4444034e-08  3.4680714e-08  2.2348248e-08
   263 :  4.4413080e-10  5.1561752e-10  1.0199628e-09
   264 : -1.6596745e-03  5.0893943e-04 -1.9737191e-03
   265 : -1.0410559e-02  1.7144438e-03 -9.7644165e-03
   266 : -1.7243059e-05 -4.9934364e-05  1.8757205e-05
   267 : -5.5894846e-05  1.4410194e-04 -3.7477663e-05
   268 :  6.2645753e-12 -1.0969640e-10  2.7067176e-10
   269 : -3.5664711e-03  1.2888081e-03 -1.4255252e-03
   270 :  1.2336582e-04 -3.0386428e-04  2.5396933e-04
   271 : -8.8555228e-03 -1.4089657e-03 -6.4233875e-03
   272 :  6.3797901e-05 -3.3313146e-05  2.0968172e-05
   273 : -1.9227551e-09 -4.4659236e-10  4.6379790e-09
   274 :  1.4162219e-03  2.6520455e-03 -5.7720619e-03
   275 :  4.5840712e-08 -7.8538505e-08 -5.9241751e-08
   276 :  1.2810362e-02 -1.8518757e-03 -1.2252569e-02
   277 : -4.0360035e-09  9.6551958e-09  1.3332454e-09
   278 : -4.2373323e-03 -1.3024897e-02 -1.0506875e-02
   279 :  2.4652608e-02  1.2762257e-02 -1.5419360e-03
   280 :  4.1513198e-03 -2.0636245e-03  6.7688136e-04
   281 : -2.6761408e-03 -8.6360524e-04  2.8332524e-03
   282 : -9.9945085e-05  1.2118132e-04  2.6678380e-04
   283 : -1.9764260e-07 -9.5070384e-08 -1.6770309e-07
   284 :  1.4015065e-08  9.9927164e-09 -3.5792192e-08
   285 : -1.4907985e-03 -1.6557397e-03  1.7054194e-03
   286 : -5.1903038e-03  7.3010200e-03  5.6112256e-03
   287 :  1.6800769e-03 -1.2882965e-02 -2.7478748e-02
   288 : -5.9229012e-03 -5.4765546e-03 -7.3860432e-03
   289 :  1.6953196e-02  8.5948900e-03  1.6165891e-02
   290 : -7.0208233e-05 -2.4584122e-03 -9.0867725e-04
   291 :  1.4304008e-02  2.8187728e-02 -1.5427664e-03
   292 :  3.7005964e-03  8.1604613e-03  1.2135315e-03
   293 :  1.8832605e-06 -2.2872421e-06 -1.2287170e-06
   294 : -6.0225300e-03 -5.7241881e-03  4.3072559e-03
   295 : -2.0359962e-12 -5.5979481e-12  2.1504859e-12
   296 :  8.5001891e-03  1.8472164e-03  1.5070439e-02
   297 : -3.2227959e-03  1.6877430e-02  7.2648234e-03
   298 :  1.4819584e-02  4.6173577e-02  2.0729122e-02
   299 : -2.0473071e-14 -1.1347901e-13  3.7050330e-13
   300 : -3.4507591e-03 -1.9068352e-02 -1.2669032e-02
   301 :  4.3391710e-03  5.6685070e-03  1.0419148e-02
   302 :  4.9978064e-03 -2.6958596e-02  3.8656855e-02
   303 : -6.4748216e-03  1.4530492e-02  3.1534441e-02
   304 : -9.0075947e-03 -3.2633361e-03 -1.2032953e-02
   305 : -8.8114940e-04  2.4525972e-04  2.8229848e-04
   306 :  3.8092094e-03  4.9885760e-03  9.0959997e-04
   307 :  1.4253176e-02  7.1825838e-03  1.2566704e-02
   308 : -2.0520802e-03 -1.1278374e-03  2.1909426e-03
   309 : -3.0168898e-13  1.1279906e-11 -5.2801221e-12
   310 : -1.0221879e-03  2.6806222e-02  2.7871612e-02
   311 : -3.2650893e-02 -1.1681897e-02  1.3394784e-02
   312 :  2.5322379e-11 -1.2382638e-10 -8.9132609e-11
   313 : -7.6737248e-07  2.2036680e-06 -9.8165600e-07
   314 : -8.7313241e-13 -1.1515022e-12  3.0264458e-12
   315 :  5.2828738e-11  1.3555047e-08 -1.1507184e-08
   316 :  8.8873618e-03  3.5066401e-03  4.2960349e-03
   317 : -4.1991334e-13 -4.2253541e-14  8.5821425e-13
   318 : -2.6975480e-03 -2.9064678e-03 -4.8059721e-03
   319 :  6.5703291e-03 -7.2084383e-03 -8.9393268e-04
   320 : -5.8561884e-02  5.0702599e-03 -2.0977573e-03
   321 : -2.2109127e-03  1.9321516e-03  1.4004710e-03
   322 :  1.4032525e-13 -3.1718457e-13  1.0011166e-13
   323 :  3.1952280e-13 -5.4957332e-13  1.4288121e-13
   324 :  7.1102439e-08 -3.0177486e-08  9.2303312e-09
   325 :  1.1865984e-06 -7.5290899e-07  8.6273550e-07
   326 :  8.3697090e-02 -1.4527780e-02 -1.0932218e-02
   327 : -1.8964892e-02  3.1278899e-01 -3.8050852e-01
   328 : -3.0626688e-03  2.8034615e-03  1.4621132e-03
   329 :  3.3040975e-09  6.0050971e-08 -1.9878279e-08
   330 :  3.0696066e-14  1.6820494e-14 -1.1631502e-13
   331 :  2.1536528e-04  4.1732376e-04 -7.9170844e-05
   332 :  1.0018751e-02  5.6073816e-03  2.3120911e-02
   333 :  1.9556945e-07 -1.4303350e-07 -1.3652298e-08
   334 :  3.5811577e-03 -4.5981117e-03 -1.0307107e-02
   335 :  5.2063077e-03 -3.6399424e-02  5.9599051e-02
   336 : -1.1133061e-02 -3.1852589e-02 -2.3729237e-02
   337 :  2.3421870e-11 -8.0780735e-11  2.9200066e-11
   338 :  1.2609534e-02  6.8288808e-03 -1.1021398e-02
   339 :  3.1692518e-08 -5.4515313e-08 -2.0108399e-08
   340 : -4.9801968e-03 -1.7257341e-03 -4.8883660e-03
   341 :  1.4541387e-11  2.1632609e-12 -1.0822050e-11
   342 : -8.1727395e-10 -5.8796509e-09 -8.2392557e-09
   343 :  4.3586122e-03 -2.7519673e-03 -1.5360317e-03
   344 : -2.2438930e-03 -1.7757102e-03 -6.8545984e-04
   345 : -1.9783964e-03 -3.5361685e-03  1.9704110e-03
   346 :  1.0402490e-08 -8.9449856e-10 -1.0971779e-08
   347 :  2.0949687e-03  3.2836866e-03  2.0369961e-03
   348 : -2.6947476e-04 -3.2395785e-03  2.0345128e-03
   349 : -1.6696218e-03  6.8374354e-04 -7.7895418e-04
   350 : -5.3162241e-03 -3.3941951e-03 -2.3083505e-03
   351 :  2.6988015e-06  7.0245954e-07 -1.5855328e-06
   352 : -2.4377835e-02  1.5893051e-02 -2.0180976e-03
   353 : -7.6002594e-03  5.1114675e-04 -8.0703191e-03
   354 : -8.5789516e-03 -6.7768812e-03 -8.2459456e-03
   355 : -1.3326602e-03  1.7519123e-04  2.0411454e-03
   356 :  3.1595382e-11  2.0184261e-11 -1.1902819e-10
   357 : -9.6573540e-03 -1.4934999e-02  2.1583886e-02
   358 :  4.5950614e-04 -6.9729060e-04 -6.6576744e-04
   359 : -4.2191701e-16  7.7344859e-16  3.5349669e-18
   360 : -3.2648466e-03 -1.9992613e-03 -4.3345069e-03
   361 : -6.2766641e-06 -1.4652014e-06  3.4227804e-06
   362 : -8.2001294e-04 -5.3534151e-04 -1.5128869e-03
   363 :  9.8401601e-05 -1.1619056e-04  3.1252910e-04
   364 : -1.9569916e-05 -3.7898806e-06 -3.2726363e-06
   365 :  1.6515553e-02  3.7213554e-02 -4.0088455e-04
   366 :  8.0240615e-11 -2.3470569e-10  2.3040176e-11
   367 :  9.7474709e-03  2.6598398e-02 -1.9886395e-02
   368 : -2.4681708e-03 -4.3385471e-03  2.6542055e-03
   369 : -2.7809590e-03 -2.1212277e-03  2.7415876e-03
   370 : -1.4802105e-03  3.8275956e-03 -9.1677800e-04
   371 :  1.1969896e-11  1.9861654e-10 -5.3050430e-10
   372 : -5.4536390e-03  2.5435349e-02  3.1414141e-03
   373 : -7.7863644e-03 -7.6975977e-03 -3.8864013e-04
   374 : -8.7169051e-03  1.6225360e-04 -4.9920765e-03
   375 :  5.2944744e-07  6.5377446e-07 -4.5689175e-07
   376 :  2.0122078e-12 -2.4784183e-11  2.7500747e-11
   377 :  7.0278530e-03  5.0744571e-03 -1.1469363e-03
   378 : -6.7073522e-04  1.2784278e-02 -5.6474575e-03
   379 :  6.4991888e-15 -1.3311234e-14  6.2476715e-15
   380 :  7.3002282e-03  8.7846573e-03  1.3474968e-02
   381 : -5.2697193e-05  2.1678483e-04  4.5499227e-05
   382 : -1.7066957e-05  1.6974449e-05  1.5085364e-05
   383 : -2.8793334e-03  7.1093705e-06 -8.8442595e-03
   384 :  1.2138913e-06 -1.5788835e-06  1.6591619e-06
   385 : -1.6980483e-02 -8.9544535e-03 -1.4230890e-02
   386 :  8.2311228e-03  4.1422232e-03  6.7538841e-03
   387 :  2.6873828e-07 -2.3858592e-07 -3.5346564e-07
   388 : -1.0417961e-02 -3.2995296e-03  5.5309079e-03
   389 :  2.5476763e-04 -2.8145909e-04 -2.3756250e-04
   390 :  2.9268088e-03 -2.8158105e-02  2.9907143e-02
   391 :  2.1438645e-04 -3.2350149e-04  1.7096352e-04
   392 : -4.8756309e-03 -2.1396851e-03 -9.4226231e-03
   393 : -5.5412162e-03  3.7823006e-03  2.4422053e-03
   394 :  1.3429081e-05 -2.3773775e-05 -3.8850842e-06
   395 :  1.0827593e-02 -4.2466566e-03  6.7034556e-03
   396 : -6.1384576e-15  6.1196117e-14 -7.0134784e-14
   397 : -6.0568293e-03  2.8412091e-05 -9.4511558e-03
   398 : -1.2619036e-02 -1.6054204e-02  1.1595469e-02
   399 :  9.9775488e-03  1.2342126e-02 -2.3055123e-03
   400 : -1.5214929e-02  1.4300730e-02 -9.6164596e-03
   401 :  1.4160260e-02  6.5750202e-03  1.3757760e-03
   402 : -5.4989491e-06 -7.8737647e-06 -2.8820800e-06
   403 : -4.3072584e-05  9.0679342e-05 -6.2603239e-05
   404 :  2.7772943e-11  4.4967976e-11 -1.3113420e-10
   405 :  1.7657355e-02  5.0252756e-03  7.8694394e-03
   406 : -3.2612794e-03 -3.3703520e-03 -2.1141923e-03
   407 :  8.5238132e-03 -7.8594374e-05  3.9871900e-03
   408 : -4.3344943e-04  8.4705673e-03  4.0531437e-03
   409 : -4.2120701e-03  1.2077454e-02  1.3447774e-02
   410 : -7.4092195e-03 -1.1340774e-02 -7.6465433e-03
   411 :  3.0163547e-02 -1.0428425e-02  1.5350315e-02
   412 :  9.2126931e-03  5.9041347e-03  6.8318202e-03
   413 : -2.9892639e-12 -4.6073823e-13  3.5402438e-12
   414 : -6.2386420e-03 -3.2827483e-03 -1.9290375e-03
   415 :  1.9108354e-02  1.9843717e-03 -8.2847613e-03
   416 : -4.8274043e-08  2.3227294e-08 -4.7834638e-08
   417 :  7.8977387e-03 -3.2633357e-03  2.5336799e-04
   418 :  6.4538508e-03  5.2930353e-03  5.4641096e-03
   419 : -1.4598333e-10  7.5823371e-10 -2.7280025e-10
   420 :  6.8508459e-10 -2.3407594e-09  8.3320393e-10
   421 :  3.1898087e-08 -1.0277784e-07  1.0189791e-07
   422 : -2.3016181e-03 -1.2455448e-03 -2.2250603e-03
   423 : -7.1735856e-03  5.2455575e-03 -2.2532463e-02
   424 : -4.6161553e-06  1.0051165e-05  3.6803719e-06
   425 :  2.8321079e-07 -2.1123784e-06  5.9171017e-07
   426 :  7.2287046e-05  7.3224146e-05 -4.8969000e-05
   427 : -8.0063598e-04 -4.6362283e-04  1.8961642e-03
   428 :  2.0069186e-05 -4.8826694e-05 -3.9887304e-05
   429 :  3.2879085e-03  1.1239497e-02 -1.3377574e-02
   430 : -5.8483197e-03 -1.4527389e-03 -1.6233497e-03
   431 :  1.0367673e-02  1.8833775e-02  2.0052101e-02
   432 :  4.3256367e-03 -3.4514808e-03  4.6081921e-03
   433 : -2.3795700e-11  3.7333456e-11  1.4359254e-11
   434 :  4.1796540e-03  3.7833486e-03  7.7059921e-03
   435 :  2.3649012e-02 -8.9213715e-03  1.4383093e-02
   436 : -4.9406852e-08  1.3343538e-06  9.7054637e-07
   437 : -2.4082950e-02 -2.1037643e-02 -1.0318132e-02
   438 : -2.8781626e-03  9.9616912e-04 -2.4126855e-03
   439 :  3.1444856e-03  1.1573704e-03  1.4270186e-03
   440 : -1.6044536e-08  6.0788062e-08 -1.5232008e-08
   441 : -3.2991532e-12 -2.2807719e-12  8.3037364e-12
   442 :  7.3577158e-03  6.4069090e-03  1.1426998e-02
   443 :  4.4466769e-02  3.6866198e-03  3.7630763e-02
   444 :  7.8965915e-03  6.5134146e-03  3.6300803e-04
   445 :  8.0421887e-03  3.3606489e-03  6.0538935e-03
   446 : -7.9233274e-03 -3.0041185e-03  4.3585095e-04
   447 :  9.7085886e-03 -4.7843724e-03  5.8289959e-03
   448 :  3.0358038e-03  7.7265682e-04 -1.8497581e-03
   449 : -8.4758029e-12  1.1521651e-11  4.6403450e-12
   450 :  4.3855893e-13 -1.6352463e-13  7.2231618e-14
   451 : -3.0965469e-03  1.4216431e-03  3.7865483e-03
   452 : -2.0617408e-03 -6.1447225e-03  8.0358795e-05
   453 : -1.6980498e-03 -6.4864293e-03  4.2886496e-04
   454 : -6.7671966e-03 -6.1937679e-03 -7.9989845e-03
   455 : -1.1280896e-05 -1.8711152e-05 -5.3212812e-05
   456 :  1.6167672e-02 -3.3184698e-03  5.2281620e-03
   457 : -7.2871072e-13  4.8293541e-12 -4.0404354e-12
   458 :  2.1247240e-04 -3.0286727e-04  2.5593306e-04
   459 :  4.8629414e-04 -2.0498028e-02 -1.8429926e-02
   460 : -4.8338523e-03 -8.2663752e-04 -4.6638194e-03
   461 : -2.4893855e-03  4.4434916e-03  6.8667141e-03
   462 :  2.6036548e-02 -6.2042496e-03  3.0067998e-02
   463 :  1.5249501e-08  1.7370972e-08 -2.9909464e-08
   464 :  4.0348084e-03 -8.9421813e-03  7.9416265e-03
   465 :  3.7482393e-03  1.2771809e-02  1.2819724e-02
   466 :  9.9913056e-03  5.7706783e-03 -4.7048451e-03
   467 :  2.6010846e-08  9.7917662e-10 -3.8907721e-08
   468 : -4.3447672e-07 -3.8567661e-07  1.1212911e-08
   469 : -7.0375140e-15 -2.7174496e-14  8.4360907e-15
   470 : -3.3804373e-12  4.1339424e-12 -3.6584515e-13
   471 :  3.9533788e-06  1.1088937e-06  5.2978231e-06
   472 :  5.1001792e-08 -2.7683748e-08  2.6948795e-08
   473 :  1.1336496e-02  5.2795663e-03  1.4537521e-03
   474 : -1.3134219e-10  1.0444774e-09  1.5912827e-10
   475 : -1.7052347e-05  6.4303313e-06 -1.0787753e-05
   476 : -3.0810368e-06 -2.0438690e-06  5.1018865e-06
   477 :  2.1452989e-13  4.5564185e-14 -2.6743912e-13
   478 :  1.2767093e-02 -5.9016312e-03 -2.7772236e-03
   479 :  2.6130921e-16 -7.9344307e-15  6.3760053e-15
   480 :  7.0852483e-03  5.8875609e-03  2.8534796e-03
   481 : -6.3731081e-05 -3.6355941e-05  1.5341141e-04
   482 : -4.1552729e-09 -3.9331445e-09  2.2685770e-09
   483 :  3.3745610e-03  7.9387032e-03  3.4505085e-03
   484 : -1.7925987e-02 -2.4092767e-02 -2.7454910e-02
   485 :  1.6931967e-02 -1.2690562e-03  6.2166933e-02
   486 : -1.6315255e-03 -9.4309758e-03 -5.2036291e-03
   487 :  5.7643049e-03  3.2842816e-02 -2.7680432e-02
   488 : -2.0788105e-04  2.9314098e-03  2.8792650e-03
   489 :  2.6755005e-10  4.3376694e-10 -1.3017383e-09
   490 : -9.0361002e-09 -9.1641671e-10  2.7280926e-09
   491 : -4.9019787e-09 -8.5794540e-09  5.3656639e-09
   492 :  6.8869219e-04 -2.6377345e-02  3.0179530e-02
   493 : -2.6450730e-03 -1.6530227e-03 -2.8888757e-03
   494 : -2.2381404e-03 -3.7338684e-04  7.3470183e-04
   495 :  5.3414548e-03  8.1135145e-03  2.0601490e-02
   496 : -5.6806059e-07 -5.7892533e-07  2.6865330e-06
   497 :  9.9954554e-12  1.7835757e-11 -7.5849055e-12
   498 : -1.9192079e-10  4.9611025e-11 -1.2808738e-10
   499 :  8.5714810e-03 -1.3436592e-03 -5.2063632e-04
   500 : -5.5520859e-13  6.8654305e-13  8.5182868e-13
   501 :  1.0132537e-13 -6.2292680e-13  3.8577351e-13
   502 :  5.8356352e-03  4.8694949e-03  3.3313411e-03
   503 :  2.0580835e-03 -8.5063631e-04  1.8512874e-03
   504 :  1.7854561e-02 -5.1115145e-03  1.7151086e-02
   505 :  4.0374908e-03  1.6255350e-04  3.4397711e-03
   506 :  1.7593121e-09  1.2636684e-09  9.8841152e-09
   507 : -2.6468856e-07 -3.0298564e-08  3.5091269e-08
   508 : -1.3972878e-07  5.2576838e-08 -4.8829503e-08
   509 : -6.0493775e-03 -3.6895048e-03 -1.4694490e-03
   510 : -5.8726475e-07  3.8653795e-07 -9.0907989e-07
   511 : -2.7241516e-03  2.9660020e-03  4.3513864e-03
   512 :  1.2180814e-04  1.6199808e-04 -8.2532348e-05
   513 :  1.5865301e-02  1.4414992e-02  3.5852219e-03
   514 :  5.9132072e-03 -2.0607043e-02 -8.2942544e-03
   515 :  1.6099383e-03 -2.0699135e-02  1.1863849e-02
   516 : -2.7941142e-07 -5.6398660e-07  3.8436411e-07
   517 :  5.5225491e-03  2.8141224e-03  7.7756774e-03
   518 :  4.9944857e-03 -9.5343038e-03  2.3031772e-02
   519 : -5.7723777e-05  4.6360919e-03  1.0510118e-02
   520 : -4.3319626e-04 -3.3520664e-03  9.5656473e-03
   521 : -6.6798189e-03 -3.4459035e-03 -2.8211834e-03
   522 : -8.1894265e-03 -6.1653588e-03 -8.6301279e-03
   523 :  1.2636332e-02  1.6299577e-01 -1.3946831e-01
   524 : -8.2603766e-03 -1.2792829e-01  1.2627527e-01
   525 : -1.7736524e-02  2.6294450e-02  1.6441454e-02
   526 : -3.1553742e-05 -2.9004918e-05  6.1250974e-05
   527 :  1.0355254e-10  2.5301730e-11 -4.3324439e-10
   528 :  6.5149071e-03  7.6195079e-03  6.8401800e-03
   529 : -5.6742585e-03  3.4335202e-03  6.1462842e-03
   530 : -1.7000530e-03  6.9662173e-05 -5.9012489e-04
   531 :  6.7081350e-05 -1.4750357e-03  1.3125477e-03
   532 : -5.1349659e-04 -2.5552261e-03 -1.0768287e-03
   533 : -2.5821292e-15 -7.5589050e-16  3.0733777e-15
   534 :  5.8454841e-16  2.0801540e-15 -5.8058136e-15
   535 :  1.4906426e-09 -5.6877912e-09 -1.0440899e-11
   536 :  9.1478911e-03 -4.5070320e-03 -5.4634143e-04
   537 :  1.6650306e-03  2.0436301e-03  6.2016394e-03
   538 : -5.5001876e-03 -2.4014491e-02 -6.5915879e-03
   539 :  2.9245682e-10 -7.9373323e-10 -1.8986004e-10
   540 : -1.6181895e-10 -1.8336625e-11  1.8113446e-08
   541 :  5.7243913e-08 -9.1902709e-08 -1.6566466e-07
   542 : -1.9180342e-03  6.0523577e-03 -9.5343553e-04
   543 :  3.6355593e-11 -1.3293025e-11  1.2504508e-10
   544 :  7.7443839e-03  1.8821828e-02  1.4230500e-02
   545 : -2.6022412e-06  1.8582518e-06  5.7807746e-06
   546 :  6.2079787e-03  2.3248158e-03  8.2024072e-03
   547 : -1.3517773e-08  3.1021413e-08 -2.0815238e-09
   548 :  1.3665134e-03 -1.6564089e-03 -9.1472361e-05
   549 : -2.7650438e-07 -1.3351064e-07 -7.2977579e-08
   550 :  1.4511163e-03 -3.0123105e-04  7.4410767e-03
   551 :  5.3589496e-03  1.1310405e-02  9.3809499e-03
   552 : -3.0103924e-03 -5.8497836e-03 -5.2432996e-03
   553 :  1.6719707e-02 -1.1401649e-02  1.7247187e-02
   554 : -9.4481877e-07  3.2015662e-06 -1.0489736e-06
   555 : -2.4033261e-03  3.0272518e-03 -7.1143919e-04
   556 : -2.5174275e-07 -2.8750536e-07  2.5430586e-07
   557 :  5.9222679e-03 -1.5584590e-02 -9.2475129e-03
   558 : -7.3728552e-03  1.6569395e-03  2.1973124e-03
   559 : -5.1674463e-03  8.6754275e-03 -3.2876167e-03
   560 :  2.9507578e-03  2.7803388e-03  3.5162034e-03
   561 : -9.7548623e-03 -7.2423816e-03  6.1437097e-03
   562 : -9.8448930e-04  2.3334037e-03 -6.5864234e-04
   563 :  1.0289855e-13 -1.9050357e-15  7.5882019e-13
   564 :  9.1835415e-03  1.1315796e-02  1.3551672e-02
   565 :  7.4626082e-03  6.6509639e-03  6.4379913e-03
   566 :  2.9304244e-08  5.7806394e-08 -1.3195522e-09
   567 : -9.5288359e-03  2.1230590e-02  3.6282703e-04
   568 : -7.9216905e-04  1.8445985e-02 -2.5643857e-02
   569 :  1.3290123e-02  1.1526698e-02  1.1178304e-02
   570 : -1.7192507e-06  4.1603739e-06  2.2244782e-06
   571 : -2.2847450e-03 -2.0739998e-03 -1.3953498e-03
   572 : -8.4334452e-16 -1.6903617e-12  8.5650935e-13
   573 :  1.2169460e-03 -1.3625285e-03 -5.7972798e-03
   574 :  1.7391285e-03 -8.4778233e-03  2.5448224e-03
   575 : -6.4672980e-03 -7.5464193e-03 -8.3678400e-03
   576 : -8.1119709e-03  3.1941418e-03 -2.5667863e-03
   577 : -6.5298806e-03 -6.4549364e-03 -7.6967913e-03
   578 : -2.0675679e-14  7.0853049e-15 -8.5238941e-15
   579 :  1.6313087e-04 -2.2134896e-03  3.8868474e-03
   580 : -5.5487500e-03 -4.0906376e-03 -3.3540136e-03
   581 : -1.5434913e-08  1.7520551e-06  1.2665976e-06
   582 : -1.1089559e-14 -4.3748430e-14  1.4122963e-14
   583 : -8.9325662e-05  1.7025972e-04  5.4222353e-05
   584 :  1.0093194e-11 -2.1997307e-11  1.4725667e-12
   585 : -3.6099022e-03  4.7022734e-04 -2.7795061e-03
   586 : -1.2117632e-08  6.7404973e-08 -3.9934396e-08
   587 : -2.0885983e-05  6.2154505e-05 -4.4459970e-05
   588 : -3.0161286e-08  9.8572606e-08  2.7984440e-09
   589 :  8.6180616e-03  2.3456375e-05 -1.1591376e-02
   590 : -6.5563201e-03 -3.5323985e-03 -1.7958842e-03
   591 : -5.1290719e-14  8.1782008e-14 -7.0145968e-15
   592 : -2.0302865e-07  2.8808466e-07 -3.9952541e-07
   593 :  3.6887788e-03 -9.8141087e-04  3.6147624e-04
   594 : -4.4211295e-04 -9.5614684e-04  3.5007136e-04
   595 :  2.6819975e-02  1.8812785e-02  1.4346574e-02
   596 : -9.1356794e-03 -2.3348158e-01  2.5261552e-01
   597 : -1.7926467e-03  6.9487965e-04 -1.9822260e-03
   598 :  2.0157343e-05  1.3532253e-04 -9.0426954e-05
   599 : -1.1340530e-02  4.9079937e-03  6.5480572e-03
   600 :  7.8154854e-03 -2.2973868e-02  2.4188366e-03
   601 : -4.6190130e-03  4.7546054e-03  1.5764154e-04
   602 : -1.6713644e-09  1.8001083e-08 -1.4378843e-08
   603 :  1.3489588e-11  8.4547849e-10 -1.5939297e-10
   604 : -1.8432783e-05  2.0224525e-05 -1.9252211e-05
   605 :  3.7646302e-04 -2.3731684e-04 -8.7067680e-05
   606 : -5.1165716e-03 -8.6704758e-03 -6.0192808e-03
   607 : -1.2775599e-03  1.5315155e-02  1.7539560e-02
   608 : -3.6506532e-08 -9.1399412e-08  4.7700345e-08
   609 :  1.8486289e-06 -5.3137240e-06  2.6445403e-06
   610 : -8.4452163e-10 -1.7818309e-09  4.5925738e-09
   611 : -5.1927440e-03  2.3446053e-03  5.8828972e-03
   612 :  2.5746600e-02  2.0547806e-02  3.0001958e-02
   613 :  5.3510836e-03  8.3693534e-03  1.3862054e-02
   614 : -4.7392756e-02  3.9339483e-02 -9.2000542e-02
   615 : -7.8498309e-04  2.0049902e-02  2.0399794e-02
   616 :  8.5262390e-12  4.0875438e-11 -3.3251084e-11
   617 :  7.4224476e-03  9.7888760e-03  3.7244584e-03
   618 : -3.9657202e-04 -3.9121627e-04  3.9143370e-04
   619 :  1.4966279e-08 -8.4126680e-10 -3.9903954e-08
   620 :  3.8744615e-04 -1.0858657e-04  2.4459489e-04
   621 :  3.5248676e-02  2.6599564e-02  1.5055795e-02
   622 :  9.3736502e-03  9.5331358e-03  6.4915678e-03
   623 : -7.4677910e-03  4.1501464e-03  7.3732126e-04
   624 :  3.7733727e-03 -3.1716352e-03  5.8692072e-03
   625 :  9.3577813e-03  1.7559506e-02 -6.7713471e-03
   626 : -3.1488822e-14  9.0419753e-14 -4.2412216e-14
   627 :  3.9126372e-10 -5.3859236e-09  4.1477625e-09
   628 :  7.9170826e-05  1.9632217e-04 -8.1675879e-05
   629 : -1.8688999e-04 -2.7353814e-03 -9.1257440e-04
   630 :  7.7729817e-03 -3.1765104e-03  1.2821442e-03
   631 :  5.7144948e-03  1.3160700e-02  5.2306440e-03
   632 : -1.7745582e-11  4.2996701e-11  2.3315172e-11
   633 : -1.0524605e-02  3.0936122e-03  1.1870039e-02
   634 :  9.5524783e-03  1.0845088e-02  8.8354873e-03
   635 : -3.3905274e-03 -2.3283133e-03 -1.8060165e-03
   636 : -3.2764421e-03 -4.4131510e-04  1.7268432e-03
   637 :  1.0615358e-02  1.4823183e-03  8.6415612e-03
   638 :  1.0709050e-02  3.3385916e-03  5.2794364e-03
   639 : -6.9544090e-03 -9.2855107e-03 -3.4553218e-03
   640 : -7.3981212e-03 -1.9024793e-03 -6.5046846e-03
   641 : -2.0963633e-08  6.1677525e-08  2.9402708e-08
   642 :  3.0829580e-02  6.5692296e-03 -1.9409075e-02
   643 :  6.5400574e-03  2.0877810e-03 -2.3340196e-03
   644 : -3.2378281e-02 -2.1665983e-02 -2.2435899e-02
   645 : -7.0148569e-03 -2.5359271e-03 -1.1251321e-02
   646 :  6.8523635e-03 -1.7956903e-03  1.8729118e-02
   647 : -7.3387913e-03  6.0744512e-03  3.9081943e-03
   648 : -2.4955631e-03 -2.5768976e-03  3.2407523e-03
   649 :  8.2319293e-03  1.3666730e-02  1.1469441e-02
   650 :  8.3938700e-04  1.5791148e-02  5.9336814e-03
   651 :  3.9368906e-02  4.5480297e-04 -2.4512973e-02
   652 :  7.8501429e-03 -1.0013977e-02  1.8120117e-02
   653 :  1.5541163e-02  1.5902171e-02  1.6360790e-03
   654 : -4.1055667e-06  3.7841363e-06  6.4739449e-06
   655 :  4.2410495e-03  2.3764009e-02  2.9847265e-03
   656 :  2.3047175e-03 -3.4679019e-03 -7.7796384e-04
   657 : -7.9669570e-03  2.9096739e-03 -7.9832929e-03
   658 :  1.7006835e-03  3.3907464e-03 -3.4382791e-03
   659 :  1.3046362e-02  2.1218173e-03  4.0390622e-03
   660 :  1.0166724e-02  8.8704060e-03  5.9376587e-03
   661 : -4.3248766e-03  2.1318505e-02 -3.3744396e-03
   662 :  1.9302997e-04  3.1218039e-04 -1.0452324e-03
   663 : -4.9289674e-03 -1.5041885e-03  2.3978607e-03
   664 : -5.8142219e-03  1.7355386e-02  7.0703560e-03
   665 : -1.5400072e-03  4.3937975e-03  1.2563790e-03
   666 : -3.8255877e-11  3.9174441e-11  4.7850133e-11
   667 :  1.8790093e-06 -4.7041132e-09  9.7303957e-07
   668 : -4.0718024e-03  2.8153878e-03 -2.0767897e-03
   669 : -5.9537795e-14  2.6153124e-14  9.4634120e-14
   670 :  3.7224898e-03 -9.0761785e-04 -3.9088123e-03
   671 : -7.4269063e-03 -6.0589976e-03 -7.2409171e-03
   672 : -2.6001023e-03 -2.6059987e-03 -1.1852135e-03
   673 : -4.0465594e-04 -8.9029072e-04  3.7193218e-03
   674 : -1.9009511e-03  2.1510295e-03  9.9672338e-04
   675 :  8.3845117e-03  1.0537989e-03  1.0641711e-02
   676 : -1.3732586e-02 -1.7246782e-01  1.6676619e-01
   677 :  8.1102327e-03 -1.3058137e-03  9.4551648e-03
   678 : -2.3414014e-03 -7.3112466e-04 -1.9718202e-03
   679 :  2.9786178e-03 -6.6752819e-03 -3.2865582e-03
   680 :  1.4288355e-02  1.0786936e-02  7.6065424e-03
   681 : -6.1637597e-08 -2.1120167e-07  4.3420500e-07
   682 : -4.0088079e-07  5.0888562e-07  3.8570370e-08
   683 :  3.0291518e-06 -2.3866365e-06 -5.1107203e-06
   684 :  8.0858707e-08 -8.0681244e-08  4.8034706e-08
   685 :  3.1396061e-03  1.2343630e-02  4.0863923e-03
   686 :  7.8276059e-03  9.4504084e-03  1.0559184e-03
   687 :  1.8824172e-07  2.1060003e-07 -6.0150972e-07
   688 :  7.2196659e-05 -3.8148480e-03  8.8771432e-03
   689 :  1.3921479e-03  4.7266155e-03  1.0134219e-02
   690 :  1.4716510e-02  9.8922373e-03  5.6326153e-03
   691 : -4.2042346e-03 -9.0447405e-03 -2.7874575e-03
   692 : -4.0597979e-03  2.0033112e-04 -4.9054072e-03
   693 : -9.0510887e-14  1.5079571e-13  7.4313405e-14
   694 : -2.0269520e-09  6.0943050e-10  4.3533525e-09
   695 :  8.0162044e-03  2.5638988e-03  2.9567857e-03
   696 : -1.0806694e-02 -3.2806737e-03 -4.0301859e-03
   697 :  8.6520663e-03 -3.2298487e-02 -2.9079634e-02
   698 :  4.0606813e-03  1.4272379e-03  4.7647602e-03
   699 : -5.1228784e-04  4.8047528e-04 -1.9228659e-03
   700 :  6.4993683e-13  1.3928921e-12 -3.6517594e-12
   701 : -2.1199207e-11  7.6947981e-11 -2.6104466e-11
   702 : -1.1437599e-06  5.3921931e-06  1.8152344e-06
   703 : -4.5581783e-03 -7.1388013e-03 -5.3811398e-03
   704 :  8.1633423e-03  1.3106456e-02 -4.3332794e-02
   705 :  1.2666059e-08  8.1555289e-09  1.4730457e-08
   706 : -2.1166739e-01  1.9405026e-01  3.4100297e-02
   707 :  2.9926449e-02  5.2112574e-03  2.0874035e-02
   708 :  6.9795715e-03  1.0318174e-02  1.2613572e-02
   709 :  7.2020462e-03  2.8126062e-02  5.8939287e-04
   710 :  2.6383847e-04 -8.3878705e-05 -6.7055097e-05
   711 :  5.8337940e-03  8.6500472e-03  2.0691391e-02
   712 :  8.2490180e-03  1.1540764e-02  6.7488857e-03
   713 :  3.7664853e-03  9.0025133e-03  3.0743565e-03
   714 : -7.3770335e-03 -6.7784310e-03 -7.9910094e-03
   715 :  1.1912006e-02  5.2177456e-03 -2.2474744e-03
   716 :  2.4334379e-09 -2.9736692e-09  2.8159993e-09
   717 : -2.0252711e-03 -1.8949967e-03  4.1918672e-04
   718 :  4.2789008e-03  2.3152677e-02 -5.8517150e-03
   719 : -1.1369068e-02 -5.7263170e-03  2.3719831e-03
   720 : -5.9563346e-03 -2.0089097e-03 -7.2332264e-03
   721 :  3.9575844e-02 -3.7191669e-02 -4.4797127e-03
   722 : -2.4272503e-07 -1.1756454e-07 -1.1424590e-08
   723 : -2.5019184e-07  1.3646864e-06 -6.0253715e-07
   724 :  7.6755439e-10  6.2422588e-07 -3.1489099e-07
   725 :  7.3027423e-03  1.1236479e-02  1.1684545e-02
   726 :  2.6020722e-03 -2.1200277e-03 -7.8032818e-04
   727 :  4.9867466e-03  6.9851841e-03  1.2178972e-02
   728 : -1.3867360e-03 -1.6486492e-03 -2.1469993e-03
   729 :  6.3288919e-03  2.0823069e-03 -6.8280323e-03
   730 :  4.0454740e-03  6.4901923e-03  5.9339388e-03
   731 :  3.8177490e-07 -3.9947284e-07 -1.6528427e-08
   732 : -8.1209518e-05  1.2319748e-04  1.2355846e-04
   733 : -7.4361036e-03 -1.2712049e-03 -5.0363469e-04
   734 : -7.3301545e-03 -6.7140918e-01  8.0879424e-01
   735 : -1.2717653e-02 -7.3596718e-01  7.0670722e-01
   736 : -4.9422072e-03  5.5497754e-03  4.4124200e-03
   737 :  1.0513528e-02  5.1702402e-03  1.2170791e-02
   738 : -2.6550736e-03  1.1558992e-03 -5.2097800e-04
   739 :  4.3430189e-03 -1.9614993e-03  7.0962795e-03
   740 :  3.8854133e-03  1.1697706e-02  3.2845054e-03
   741 : -2.5155127e-03  4.2620308e-03 -4.8338079e-03
   742 :  2.8117253e-02  1.7780284e-02  7.7094126e-04
   743 :  2.4780507e-03 -2.3031794e-03 -2.4801505e-03
   744 : -2.4298684e-02  7.3106371e-03 -1.6059149e-02
   745 : -5.0195873e-09 -1.2481709e-07 -1.3426341e-07
   746 :  3.2501854e-06 -6.8283719e-06 -1.0295856e-05
   747 : -3.4683492e-04 -9.0261820e-04 -2.3338824e-03
   748 :  4.4169183e-03  4.4632615e-03  1.0370999e-02
   749 : -1.3322270e-03 -5.2989343e-03 -1.8093351e-03
   750 :  2.9492496e-08  1.7576229e-08 -3.1394440e-08
   751 : -8.2605972e-03 -8.8813141e-03 -9.1618653e-03
   752 :  2.0676217e-02  2.7405433e-02  2.2291695e-02
   753 : -5.9566560e-03 -4.8707150e-03 -1.6275600e-03
   754 : -3.2034055e-05 -3.3491823e-05  1.0034701e-04
   755 : -8.5779079e-03  8.5119382e-04 -2.1500435e-02
   756 :  7.2887220e-03  2.4662203e-02  8.8610159e-03
   757 : -5.9232589e-14 -5.0556527e-14  2.6939749e-14
   758 :  1.9406245e-02 -4.4050437e-03  2.0296301e-02
   759 :  6.2350536e-03  1.7345389e-02 -5.0672296e-03
   760 : -1.4563610e-03  5.3503360e-03 -2.4315872e-03
   761 : -1.5918498e-03  4.1327857e-03  3.0959560e-03
   762 :  1.7245971e-02  7.7219650e-02 -5.7228420e-02
   763 :  9.5416247e-10 -2.5480927e-09  7.7644835e-10
   764 :  8.3578478e-11  3.3801849e-10 -1.9338246e-10
   765 : -8.1786086e-03 -8.1496297e-03 -9.3631543e-03
   766 : -2.7943903e-03  6.0159671e-03 -6.4916106e-03
   767 : -5.5072975e-03  3.0745302e-01 -2.9700541e-01
   768 : -7.2682676e-08 -1.2262197e-08 -1.2985722e-07
   769 : -8.8368675e-03 -6.1975705e-03 -9.4545385e-03
   770 :  4.6638091e-03 -3.2361683e-03 -1.3534262e-02
   771 : -2.1708864e-03 -4.4907431e-03 -3.7746144e-03
   772 :  3.7331783e-03  4.2132110e-04  6.2809282e-03
   773 : -4.7514044e-03  6.1881546e-03  1.5568875e-02
   774 : -7.9466235e-03 -1.1108755e-02 -1.1199505e-02
   775 :  6.4363596e-02 -2.0468526e-01  2.4322094e-01
   776 : -1.4779983e-03  4.4480197e-03  9.3987769e-03
   777 :  2.5680342e-03  5.5805837e-03  3.6964473e-03
   778 : -3.5410713e-03 -3.4194401e-03 -1.7554264e-03
   779 :  2.1423630e-05 -1.2483271e-05 -2.3268694e-06
   780 :  3.2571043e-02 -7.7269016e-03 -2.2119780e-02
   781 : -5.2358719e-08  3.7354481e-08 -2.8849507e-10
   782 : -4.2960294e-15  6.8977968e-15  8.9852721e-15
   783 : -2.5644905e-02  3.9097702e-03  2.9929896e-03
   784 : -6.3262393e-03 -4.9952169e-02  1.2677924e-02
   785 :  1.2870645e-07 -2.4850264e-07  4.0881455e-08
   786 :  4.5379081e-03 -2.2208733e-02 -1.6306213e-02
   787 : -6.7332763e-03 -6.5842981e-03 -8.2907597e-03
   788 : -2.2536131e-07  2.6018351e-08 -4.0643075e-08
   789 :  2.3365936e-06 -2.6598520e-06  1.2992702e-05
   790 :  6.9877058e-03  1.0302949e-02  1.4062465e-02
   791 :  1.5113722e-02  8.9677129e-02 -8.9754353e-02
   792 :  6.2069550e-03 -3.5278386e-04  3.6271191e-03
   793 :  2.8348347e-03 -2.3138127e-03  1.9954922e-04
   794 : -1.3813013e-03 -6.8888873e-03 -3.3823605e-03
   795 :  6.3167765e-03  5.8222593e-03  4.1657243e-03
   796 : -2.2808448e-03 -4.2408410e-03 -1.2108617e-03
   797 : -1.3269686e-09 -2.6250992e-07  6.5298353e-07
   798 : -1.5770830e-03  4.5413937e-02 -4.8572457e-02
   799 : -6.2430697e-04 -2.1181634e-03 -1.5352636e-03
   800 : -7.3914886e-03 -7.8935278e-03 -8.9904776e-03
   801 :  1.0847468e-06  7.1746288e-06 -1.2304686e-05
   802 : -1.8374277e-02 -4.1306050e-01  4.0123985e-01
   803 : -2.2853453e-04 -1.9302192e-03  4.5484403e-04
   804 : -7.7452953e-03 -9.4991016e-03 -9.1251336e-03
   805 :  1.1767381e-03  2.6974278e-03  3.2421938e-03
   806 :  1.4793711e-05  1.0447778e-05  2.3940850e-05
   807 : -9.4339550e-08 -2.8091580e-07  1.3753221e-07
   808 : -8.3565042e-03 -1.1273087e-02 -1.1314189e-02
   809 : -1.9389856e-03  9.0520941e-03  7.0175524e-04
   810 :  9.3259908e-08  1.0502429e-06 -3.7286882e-06
   811 :  1.2287127e-14  8.9626785e-15 -3.5867821e-14
   812 :  1.2742942e-02  9.5482657e-03  5.4284978e-03
   813 : -5.8296362e-03 -1.9239533e-01  2.1024373e-01
   814 : -5.3188025e-15  1.7577044e-15  1.0085922e-15
   815 :  1.2100271e-15 -1.5404049e-15  3.1722227e-15
   816 : -1.7191900e-12  7.1309586e-12 -2.4583680e-12
   817 : -3.8734960e-13 -1.1337982e-12  1.9494404e-12
   818 :  1.9751581e-14 -5.5753350e-13  4.3529076e-13
   819 :  1.9658938e-02 -9.8531432e-03 -7.4483517e-04
   820 : -1.8815784e-14  7.0041063e-14 -1.5655334e-14
   821 :  1.4408099e-02  6.0857469e-02 -2.9712385e-02
   822 : -5.5019173e-03 -5.6257333e-02 -6.3742388e-03
   823 : -4.7479788e-05  1.2840200e-04 -2.9856033e-05
   824 : -2.1292198e-04 -2.8605759e-04 -1.4967519e-03
   825 :  1.0885616e-09 -1.1110587e-09 -4.9795230e-10
   826 :  2.7940997e-03  3.3013548e-02 -4.0198612e-02
   827 :  1.4710140e-05 -1.1963483e-05 -8.4757654e-07
   828 : -4.2528488e-04 -1.1324581e-03  6.2594972e-04
   829 :  1.2570575e-03 -5.8379842e-02  7.5847468e-02
   830 :  1.4517812e-02  3.5921400e-03  2.1163928e-02
   831 :  1.6283965e-02 -3.6195182e-01  3.7703737e-01
   832 :  7.6910345e-03  4.9584590e-02 -3.0242497e-02
   833 :  4.8048325e-03  2.1271072e-02 -9.3224854e-03
   834 : -9.1020607e-13  7.6331126e-13 -5.7501800e-13
   835 : -3.1183792e-15  3.4808391e-15 -7.8925117e-15
   836 :  1.4622413e-02 -1.3832930e-02  2.2252508e-02
   837 :  6.5995287e-07 -6.5443323e-07  1.0430221e-06
   838 : -1.5503329e-03  1.0417594e-03 -1.1209931e-03
   839 :  9.0249500e-04 -1.4386458e-03 -1.3432844e-03
   840 : -8.7405710e-07  1.2314525e-06 -1.9773790e-06
   841 : -8.5705893e-05  1.0121760e-05  6.3931921e-05
   842 :  1.0549834e-02 -8.9909130e-04  1.0786651e-02
   843 :  1.5651698e-05 -2.9020167e-05  2.3730547e-06
   844 :  8.4327087e-03  1.9945804e-02  9.1136742e-03
   845 : -7.1711661e-10 -1.2285534e-09  1.4287878e-09
   846 : -1.3369706e-03 -1.5044139e-01  1.5902880e-01
   847 :  1.1283107e-02  1.2844429e-02  5.4448857e-03
   848 :  2.2345274e-16 -6.2066278e-16  2.0253184e-16
   849 : -6.7942989e-04 -6.2683648e-04 -7.5344683e-04
   850 : -1.0131641e-03  6.7023369e-04 -2.0218399e-03
   851 : -1.6794472e-04  3.3790043e-04  2.2157360e-04
   852 : -1.9764440e-10  5.2735142e-10 -1.5582063e-10
   853 : -1.3642154e-02  3.3210973e-03 -2.5121362e-02
   854 :  2.5551770e-17 -1.3601799e-16  3.9895304e-17
   855 : -4.0859477e-03 -1.2815189e-02 -8.4277501e-03
   856 :  1.0812186e-02  6.0586070e-03  3.9396620e-03
   857 : -1.3000397e-04 -9.3699907e-03  5.2181929e-03
   858 :  1.1309790e-03 -6.4100929e-03 -1.1737688e-02
   859 : -2.3470129e-10  9.9172150e-10  1.4777531e-09
   860 : -1.4270450e-02 -6.8089440e-03 -2.5351089e-02
   861 : -9.2967598e-03  1.6214878e-02 -7.7597485e-03
   862 : -4.4004859e-03  1.6791158e-02  1.7207161e-02
   863 : -6.8531660e-03 -7.1911796e-04 -2.0540131e-03
   864 : -1.1317490e-03  2.0884207e-04  6.6117829e-03
   865 :  4.2246729e-03  2.6684577e-03  7.5952946e-03
   866 :  7.3272176e-02 -2.6511343e-02 -5.7095064e-02
   867 : -6.1198611e-04 -1.0194795e-03  3.8566000e-04
   868 : -3.4516906e-03  8.1779128e-03  1.7330625e-02
   869 :  8.4857222e-03  6.8083475e-03 -4.4154711e-03
   870 :  1.4756042e-02  1.3074040e-02  4.3966459e-02
   871 : -5.5411193e-03 -5.5291777e-03 -5.9987479e-05
   872 : -1.9446798e-03 -5.7343357e-03 -5.4610705e-03
   873 : -2.6736230e-03 -6.8656684e-03 -6.8538207e-03
   874 : -6.7943153e-03 -5.5140221e-03 -2.7144200e-03
   875 : -2.8511395e-06 -1.8401225e-06 -1.2720856e-05
   876 : -3.0270571e-05  3.6070023e-05  2.2238717e-05
   877 : -3.4926125e-13  4.8916330e-13 -6.7212919e-13
   878 : -4.9879652e-12  5.2335938e-12  2.1725287e-12
   879 :  5.9519652e-05  1.8580464e-05 -1.2395628e-04
   880 : -5.1889323e-05 -3.1546534e-04  1.4344936e-04
   881 : -5.3232226e-14  3.0621629e-14 -3.3898670e-15
   882 :  1.4199447e-12 -4.2851173e-13 -2.3503959e-12
   883 :  5.5515708e-06 -2.9342979e-06  2.1716011e-06
   884 : -2.9763997e-06 -2.9140797e-05  1.0297578e-05
   885 :  1.8365096e-02 -1.3839432e-02 -1.4208312e-02
   886 : -9.2610165e-03  1.7282694e-02  1.6902388e-02
   887 : -1.0000651e-02  2.8490803e-03  4.6501397e-03
   888 :  2.9363619e-03  5.4973717e-05 -1.0335015e-02
   889 :  6.3505163e-04  2.2956414e-03  7.3431083e-03
   890 :  5.3552428e-03  5.1187991e-03  2.5908355e-03
   891 :  8.0084349e-06  5.8204606e-06 -1.6353821e-05
   892 : -3.8015668e-05  2.6809879e-04 -1.0356291e-04
   893 : -2.8586939e-02  7.7134622e-02  1.8955606e-02
   894 :  9.4047519e-04 -1.2625008e-02  1.5151970e-02
   895 :  6.4278226e-03 -1.2819904e-03  1.0793273e-02
   896 :  4.3683128e-03  7.7312094e-03  1.5748405e-02
   897 : -3.8827960e-07  3.5756150e-08  1.4863894e-06
   898 :  4.5498229e-06 -4.3300080e-06 -6.1862553e-06
   899 :  3.9050741e-03  3.2699411e-03  3.1379644e-03
   900 :  4.4674940e-03  4.8444552e-03  2.7661378e-03
   901 :  2.4606007e-02  8.1123047e-03 -2.8866601e-03
   902 : -1.2951170e-02 -9.5017603e-03  2.8160885e-02
   903 : -6.9360767e-03 -6.6601146e-03 -1.6061999e-03
   904 : -3.9792874e-05 -3.8240651e-03 -6.1854009e-03
   905 :  6.5705628e-03  6.9118196e-03  3.5158692e-04
   906 :  7.4321725e-04  1.2119839e-02  9.0780622e-03
   907 :  1.1185870e-02 -1.9746652e-02  1.6093553e-03
   908 :  4.4178210e-01 -7.4074730e-01 -1.3268141e-01
   909 : -1.5091001e-01  2.7175124e-02  3.1556089e-01
   910 :  2.7246976e-04  5.9201099e-03  1.0199533e-03
   911 : -1.2762652e-04 -6.6608227e-03  6.3029345e-04
