Number of elements 912
     0 :  3.0943519e-04 -7.3713316e-04 -9.6968764e-04
     1 :  8.5599312e-03 -9.4931745e-03 -3.5315246e-02
     2 : -1.3459245e-02 -3.4378257e-03 -5.0067843e-04
     3 : -2.6985499e-03  7.2798895e-03  3.2723265e-02
     4 : -1.4129689e-03  1.7815520e-03  4.7560017e-04
     5 :  7.4947100e-04 -9.9640797e-03  1.2621615e-02
     6 :  4.0651695e-08 -2.3809464e-08 -9.4103089e-08
     7 : -8.0994661e-01 -7.5423413e-02 -8.4592678e-02
     8 : -1.3635335e-03  2.9022737e-03 -3.5903141e-03
     9 : -3.0006894e-07  2.0086294e-07  7.9862242e-07
    10 : -1.0563851e-03 -4.5610677e-03  2.5915523e-04
    11 :  2.8373427e-09  4.7444171e-09  2.0917950e-08
    12 :  4.9751152e-03  3.0798899e-01 -3.1883450e-01
    13 : -6.3131759e-04  3.6078278e-03 -1.9484007e-03
    14 :  7.0297839e-03 -5.6435571e-03  8.0059186e-03
    15 : -1.4153532e-03 -7.5732218e-04 -6.2004392e-04
    16 : -7.0156526e-09 -1.6773981e-09  1.7190363e-08
    17 :  1.2005601e-05 -6.6244241e-06  2.3497962e-04
    18 :  3.4846647e-03 -1.4417100e-03 -9.5499824e-03
    19 : -2.5856482e-10  1.3161294e-09 -2.9756485e-10
    20 :  8.4591720e-05  6.0466491e-05  1.1164869e-04
    21 : -7.5561871e-04  5.1988422e-05 -1.1474424e-04
    22 : -1.2891148e-03 -1.9997300e-03 -2.7260155e-03
    23 :  1.3507111e-09  1.1690961e-09 -1.4248146e-08
    24 : -1.0225355e-02  3.6394777e-03 -8.9954049e-03
    25 :  3.4551712e-11 -1.5205934e-10  8.1209099e-11
    26 :  3.2000067e-03  4.4060720e-03 -2.8404435e-03
    27 :  7.5954176e-03 -1.2878706e-03  1.1481960e-03
    28 : -1.5093180e-03 -4.8878108e-02  5.1138227e-02
    29 : -3.1263564e-03 -3.1653920e-03 -1.2295392e-03
    30 : -6.8750004e-03  1.0283644e-02 -1.3535250e-02
    31 :  8.1366534e-03 -4.9544485e-04 -8.2663722e-03
    32 : -2.0295893e-07 -1.3045368e-07 -3.9850729e-07
    33 : -7.6349010e-04  3.2828095e-05  8.2724213e-04
    34 : -3.3810614e-11  7.8825648e-11 -4.9298315e-12
    35 :  1.1640071e-02  5.3975646e-03 -1.8062154e-03
    36 : -3.3331848e-03 -3.2025856e-03  3.4841116e-03
    37 : -3.9266685e-03  1.3372401e-03 -2.0287855e-03
    38 : -9.6392449e-04 -1.2147431e-03  4.5745068e-04
    39 :  1.6772308e-02  4.2331793e-03 -4.9839470e-03
    40 : -1.8516188e-02 -2.5174605e-01  2.3830088e-01
    41 :  3.0931719e-02  8.7205068e-01 -1.1865805e+00
    42 :  1.6274353e-09  1.3222651e-09 -2.0663686e-10
    43 :  2.3544747e-05  8.4025159e-05  1.4624095e-04
    44 :  7.4411723e-04 -2.0604109e-03  1.2160933e-03
    45 :  4.5154585e-03 -2.6184526e-03  5.1967641e-03
    46 :  1.6623473e-02  2.9039250e-03  2.1114383e-03
    47 : -3.7906677e-07 -7.5302905e-07  2.3404369e-07
    48 :  4.9921977e-09  5.5482782e-09  4.3472038e-09
    49 : -1.2381592e-03  1.7712237e-03  2.8899669e-03
    50 : -3.2532775e-03  1.7398140e-03  1.2721021e-03
    51 :  4.8149912e-03  1.1995359e-03  5.2842914e-03
    52 : -9.4840338e-03  1.3177536e-02 -1.7029002e-02
    53 : -3.4727401e-08  4.4350894e-08 -1.3005739e-07
    54 :  7.8890078e-03 -3.6564541e-03 -2.0019432e-03
    55 : -7.2703144e-04 -3.6684840e-03 -5.0492367e-04
    56 :  3.3865330e-03 -1.5386632e-03  5.1118450e-03
    57 :  1.1793236e-03  1.0193799e-02  6.3859292e-03
    58 : -6.2478198e-03 -1.1429784e-01  1.5520920e-01
    59 :  3.2271964e-03  7.9358766e-03  3.1500241e-03
    60 : -1.4814337e-03 -3.2619840e-03 -3.4305998e-03
    61 : -3.2831074e-04 -8.9804174e-04  1.3818801e-03
    62 : -4.0186568e-03 -5.2306204e-03 -6.4504055e-03
    63 :  1.7699591e-03 -3.5307671e-04 -7.0182114e-03
    64 : -8.0994205e-03  6.8259960e-03  8.6562475e-03
    65 : -8.1312541e-03 -6.8364534e-03 -1.0753038e-02
    66 : -1.4822995e-02 -1.0402485e-02 -2.0240394e-03
    67 :  5.9747329e-08  4.0049966e-08  2.9787269e-09
    68 : -2.2727749e-08  1.8985084e-07 -6.4492581e-08
    69 :  4.9533817e-08  1.2804830e-08  1.2042887e-08
    70 :  5.3727616e-04 -1.2077567e-03 -5.4485377e-03
    71 :  9.1628672e-03  1.0713995e-03 -3.6046087e-03
    72 :  2.3081781e-09 -1.0232766e-08  1.6108585e-09
    73 : -5.8917017e-03 -3.2284009e-03 -5.7338388e-03
    74 : -4.1547429e-04 -1.1479028e-03  5.8373110e-04
    75 : -4.1126825e-05  4.0471640e-05  4.0500116e-05
    76 : -1.5715543e-09  7.3027851e-09 -2.0000952e-09
    77 : -1.8121203e-06 -6.1715693e-06 -2.2168296e-05
    78 : -1.3516612e-07  5.6074782e-07 -9.0521709e-08
    79 :  1.4809529e-04  2.1869105e-04 -1.0974086e-04
    80 : -7.9919696e-15  6.8533739e-13 -1.9061133e-13
    81 :  9.7343018e-06  3.1745414e-06 -5.0831817e-06
    82 : -5.4944843e-03  3.0394880e-01 -3.5938922e-01
    83 :  4.6512693e-12 -5.2738117e-11  2.0261221e-11
    84 : -2.3510201e-09  5.2225488e-09 -9.0064046e-10
    85 :  1.1846246e-02  1.9415405e-01 -1.9183463e-01
    86 : -5.0060529e-06 -3.3642090e-05  1.0751182e-04
    87 :  5.4402752e-05  1.2521899e-04  2.3126157e-05
    88 : -1.2970723e-02 -8.6441641e-02  7.6736034e-02
    89 :  2.4972469e-03  1.7061046e-03 -4.3027354e-03
    90 : -3.7194036e-09 -6.1797688e-09  3.7426265e-09
    91 : -8.1917296e-04  3.1982292e-03  1.8966342e-03
    92 :  8.8022196e-03  7.3834389e-03 -9.0172523e-04
    93 : -5.7681047e-12  1.3005305e-12  1.9122560e-12
    94 : -6.8048580e-04  8.4521069e-05  1.3863896e-04
    95 :  8.1554983e-09 -2.5088103e-09  1.2904035e-08
    96 :  8.0184976e-03  9.1199542e-03 -8.6919777e-03
    97 : -3.7618144e-03  1.1215102e-02 -3.0500812e-03
    98 : -6.6064654e-03 -4.7553667e-03  4.0712998e-03
    99 :  1.2367222e-07 -1.0187810e-07 -1.2926199e-07
   100 :  1.5724861e-07 -9.7929411e-08 -8.3256841e-07
   101 : -9.6191825e-03 -8.2076720e-03 -2.6796722e-03
   102 : -1.5721757e-03 -1.9614060e-02  1.8254785e-02
   103 : -1.6678856e-12 -3.9168762e-12 -2.6943271e-11
   104 :  3.8659889e-03 -1.7767694e-03 -1.6854074e-03
   105 :  2.0575500e-02  9.4599629e-03  1.0634791e-02
   106 : -5.2617803e-03 -2.4783603e-03 -6.5859661e-03
   107 : -1.5071936e-02  1.0519476e-02 -2.3419673e-02
   108 : -3.8499846e-03 -3.0590327e-03  2.2496228e-03
   109 : -1.2995003e-03  4.5355477e-03  1.9447788e-03
   110 : -4.9107420e-03 -6.4926653e-03 -8.5296276e-03
   111 :  3.1673548e-03 -9.8736432e-03 -3.4799478e-03
   112 :  1.0400355e-06  3.2714283e-06 -1.7330308e-07
   113 :  5.2695303e-03 -1.4175310e-03  7.3877091e-04
   114 : -3.2603323e-04 -9.4928503e-02  1.3680153e-01
   115 :  1.0375475e-02  2.5536132e-02 -3.6756058e-03
   116 : -7.8178650e-03 -1.2251016e-01  1.2209844e-01
   117 : -6.6412662e-04 -2.6408735e-04  4.0634569e-03
   118 : -3.4505513e-02  1.1174075e-02 -6.1254217e-03
   119 :  1.3309688e-08  1.3248714e-09  6.7881505e-08
   120 :  8.7387902e-03 -2.8838732e-03  5.1885209e-03
   121 : -2.5337026e-07 -1.3940318e-05 -2.4651444e-06
   122 :  2.6300840e-03  5.1722497e-02 -5.5611544e-02
   123 :  7.3009381e-11 -1.7971709e-10 -1.9528189e-10
   124 : -4.8103211e-08 -1.5659130e-07  5.4944020e-08
   125 : -3.6034039e-14  1.0500294e-13 -3.1315485e-14
   126 :  5.3549679e-05 -2.1740532e-05  1.5150261e-04
   127 : -1.8555170e-05 -2.8628042e-05 -4.1224064e-05
   128 : -9.0439780e-03  9.7323019e-03  1.1521459e-02
   129 :  2.0650907e-04 -3.2769190e-04 -1.5913755e-03
   130 : -7.4949037e-04  1.3725542e-03  2.1120762e-03
   131 : -2.2986744e-03 -2.5261143e-03 -9.5794211e-04
   132 : -1.0520835e-03 -7.9682913e-03 -3.5140080e-03
   133 :  2.6655097e-03  7.0247917e-03 -2.5467441e-04
   134 : -3.2091511e-05  2.5203963e-03  3.3671710e-03
   135 : -2.3822598e+00  1.8227345e-01  5.2241725e-01
   136 : -4.7284958e-03  2.0249958e-04 -8.1560871e-03
   137 : -2.8048369e-03  3.9046164e-03  5.2763128e-03
   138 : -1.5792986e-02 -1.9188508e-02 -9.9583680e-03
   139 :  9.2562951e-03  1.0064092e-02 -1.9135450e-02
   140 :  1.3514449e-06  1.2663344e-06 -2.0206211e-07
   141 :  3.1301483e-06 -9.1053682e-06 -5.5570258e-07
   142 :  1.1592482e-03 -2.6518543e-03  7.5756193e-03
   143 : -1.5591656e-08  7.3676696e-08  8.2386309e-09
   144 : -5.9124881e-03 -9.9729637e-03 -1.0776677e-02
   145 : -1.0167229e-02 -9.5584740e-02  1.0267330e-01
   146 : -9.0461259e-04 -1.1977071e-03 -5.8775509e-04
   147 :  9.0506387e-09  5.3350195e-09 -3.0509299e-09
   148 :  5.8427651e-04 -1.0237687e-03  1.2684890e-03
   149 :  2.2118312e-03  4.2174511e-03  5.6248736e-03
   150 : -4.6162573e-03  1.5382283e-02  8.9327269e-03
   151 : -1.2376802e-06 -1.3412706e-05 -1.2516607e-05
   152 : -8.8252337e-04  1.6500125e-04  1.6965347e-04
   153 :  3.9764882e-02 -1.8940614e-02 -3.8961779e-02
   154 : -2.4511107e-12  5.3208088e-13  1.9243482e-12
   155 : -1.1529915e-08  1.0522341e-07 -1.4870143e-08
   156 : -6.8283211e-10 -2.0663634e-09  6.0205423e-10
   157 : -1.4133309e-03  4.3463365e-03  6.0775073e-03
   158 : -2.9787018e-02  1.2246026e-02 -1.8131486e-02
   159 :  2.1547393e-02  2.6974287e-02 -6.1617647e-03
   160 : -8.0794794e-12  3.0004383e-12  2.9098781e-12
   161 : -1.7002404e-11  1.1853589e-11 -1.7541259e-11
   162 :  8.5013945e-03  6.0269854e-03  3.6335409e-03
   163 :  4.9078218e-03  1.8247025e-02  9.6327576e-03
   164 : -2.2940093e-05  8.0127673e-05 -2.2679030e-06
   165 :  2.8546169e-02 -1.3538556e-02  1.2105945e-02
   166 :  1.2863754e-10 -8.2664695e-09 -8.8979170e-09
   167 : -1.2955411e-03 -7.9470917e-03  3.1639764e-03
   168 :  1.1890715e-02 -3.2483208e-03  8.5749261e-03
   169 : -4.5969462e-02  2.3652171e-03 -3.7038519e-03
   170 : -3.2947113e-08  1.8844735e-08 -3.1035748e-09
   171 : -5.8904637e-09  5.2758099e-09 -6.4360702e-09
   172 : -1.2763695e-03 -4.8370268e-03 -3.0544394e-03
   173 :  2.0113570e-02  1.2287244e-02  1.1739575e-02
   174 : -4.0842286e-03 -2.5798250e-03 -1.5828014e-03
   175 :  2.0300086e-03 -8.2144393e-04 -1.2964792e-03
   176 : -1.9215243e-07  1.8995722e-07  6.5901328e-08
   177 : -3.1622738e-03 -5.0673137e-03 -5.0920208e-03
   178 : -1.4902090e-03  3.7370015e-01 -4.1159057e-01
   179 :  2.7672177e-03 -2.3438782e-03  6.9996772e-03
   180 : -1.5347152e-09 -8.2652282e-10  8.0612578e-09
   181 : -1.8445429e-03  9.5078112e-05 -1.0489796e-02
   182 :  1.2804975e-04  1.2892210e-04 -4.8112671e-04
   183 : -3.6485033e-03 -5.4743296e-03 -1.0549573e-02
   184 :  1.5870869e-11  5.2683179e-11 -2.0426838e-11
   185 :  5.3663607e-05 -1.0686057e-05 -5.2807587e-05
   186 :  1.3130241e-02  3.2232174e-03  1.1510683e-02
   187 :  1.1370822e-04  1.1464472e-02  7.5147209e-03
   188 :  4.9827139e-03  3.6134128e-01 -4.0026585e-01
   189 : -7.1063503e-03 -1.7730589e-03  3.7588839e-03
   190 : -1.0930798e-02 -9.3349304e-03 -3.3992232e-03
   191 :  3.7211343e-11 -2.0678578e-10 -2.3531673e-10
   192 : -1.0070949e-03 -3.6241957e-04  6.7143584e-04
   193 :  8.5550949e-03  7.3681128e-03  9.9530652e-03
   194 :  5.4845543e-03  1.7469545e-01 -1.7582435e-01
   195 :  1.5033176e-02  1.3379324e-02  1.2876536e-02
   196 : -1.7324410e-09  4.5090321e-09 -2.1892370e-09
   197 : -1.5001229e-08  2.9750611e-08  1.6331256e-08
   198 :  3.6275497e-03  7.6160938e-03  9.2706595e-03
   199 :  7.6591758e-03  1.6235679e-02  7.1703564e-03
   200 :  2.7676968e-08 -5.7605764e-08  5.1728154e-08
   201 :  1.8081121e-03  2.5081878e-03 -5.5785686e-03
   202 :  1.3106719e-02 -2.0839868e-03 -5.2136965e-03
   203 : -9.9072305e-11  3.3119919e-10  9.1165819e-11
   204 :  9.0677249e-03 -1.7279439e-02  4.2114216e-03
   205 : -3.7524194e-03 -7.3268050e-02  7.7451344e-02
   206 : -1.2702301e-09  3.9391569e-10  2.8324022e-10
   207 : -7.7130799e-09 -4.2430463e-09 -7.6746782e-09
   208 : -2.1032625e-06 -1.5702716e-05 -4.7673462e-05
   209 : -9.9734924e-02  6.0342122e-02  3.3648129e-02
   210 :  6.2417068e-03 -4.3373286e-02  5.7397874e-02
   211 : -1.1240878e-10  2.9274466e-10 -9.3286932e-10
   212 : -2.3979715e-03 -3.0341005e-03 -2.5841378e-03
   213 : -1.6353619e-08  1.0804510e-08  9.8284508e-08
   214 :  1.9862830e-03  8.3833191e-04  4.6712913e-03
   215 :  1.8710983e-02 -2.6625982e-02 -1.0907393e-02
   216 : -5.3948005e-03  6.9374988e-03 -7.2033744e-03
   217 : -2.4706216e-13  1.3861335e-12 -4.7235504e-14
   218 :  4.4277833e-06  3.3432292e-09  4.3002955e-06
   219 :  1.1896417e-04  9.6424727e-04 -2.8610813e-03
   220 :  6.9401517e-05  1.3181520e-05  1.5951106e-04
   221 : -1.1701955e-07 -1.4356056e-07  1.2877537e-07
   222 : -1.0404779e-03 -6.1712978e-03 -3.0961253e-04
   223 : -8.1302392e-03 -5.4534702e-03 -4.4759617e-03
   224 : -5.9676074e-03  2.0196828e-02  1.4710349e-02
   225 :  4.7448493e-05  1.9578171e-04  2.0291678e-04
   226 : -8.8752844e-08 -2.1126716e-07 -1.4738019e-07
   227 :  6.5701755e-03 -1.5325875e-03 -1.7912113e-03
   228 : -6.1094174e-03 -1.3433845e-01  1.2584152e-01
   229 : -1.7976148e-03 -1.3192705e-03  3.4790423e-04
   230 : -6.4339005e-08 -6.3297588e-08  1.9885503e-08
   231 :  2.8930204e-08 -6.4049342e-08 -2.2061460e-08
   232 : -6.7638999e-13 -6.0880874e-13  5.6822791e-13
   233 : -2.6541719e-07 -4.2907993e-07  7.3867883e-07
   234 :  2.6433549e-03 -7.0295687e-04  2.0259407e-03
   235 :  4.2632029e-03 -2.8918822e-03  1.3245573e-02
   236 : -1.5343019e-07  5.6187799e-07  1.6179516e-06
   237 : -2.5346733e-05 -9.7924950e-06  2.4451187e-06
   238 : -8.6186062e-11  7.6766479e-12  5.0700441e-11
   239 :  9.6592177e-08 -1.5160638e-07  9.5475765e-08
   240 : -5.9030112e-10 -1.3965394e-09  1.0222273e-09
   241 :  4.0736369e-03  6.7868650e-04  5.2274480e-03
   242 : -6.7270861e-03 -2.0961239e-02  1.9229491e-02
   243 :  6.1859713e-03  4.0645996e-03  6.2260277e-03
   244 :  1.2718451e-03 -2.7684305e-04  2.9336696e-03
   245 : -3.2784605e-07  8.1251782e-07  6.4378300e-06
   246 : -6.7063813e-04 -4.2495037e-03 -7.4861151e-03
   247 :  1.9108075e-03 -4.5637534e-03 -1.3055172e-03
   248 : -3.9303507e-12  1.4424702e-11 -2.8018771e-12
   249 : -5.4597132e-06  1.0268948e-04  1.3783135e-04
   250 :  1.8241509e-03  6.4777958e-03  1.6553162e-02
   251 :  4.1324424e-03 -1.7241227e-03 -2.0642912e-03
   252 : -6.0328735e-07 -1.9011817e-07 -9.3813648e-08
   253 :  1.6878105e-09 -1.2207255e-10  1.2623352e-09
   254 :  6.5220242e-03  6.1734907e-03  6.8003257e-03
   255 :  1.4490820e-02  1.0955735e-02  2.0173822e-03
   256 : -3.2393245e-03 -3.2623284e-03 -5.4831790e-04
   257 : -7.8838199e-03 -8.7049546e-03 -7.3210778e-03
   258 :  1.7778588e-03 -1.2585132e-03  1.1956954e-02
   259 : -7.8558084e-06  2.3479801e-06 -1.2694776e-05
   260 :  2.3503413e-03 -3.5782770e-03 -1.4139514e-03
   261 : -3.1353300e-04  7.4099962e-03 -1.0228125e-03
   262 :  7.9287409e-07  4.4560166e-06  4.0836659e-06
   263 :  7.0811527e-08  2.1773976e-08  3.9048894e-08
   264 :  1.2896914e-02  3.1587887e-03  9.9782973e-03
   265 :  7.8055012e-03  2.7283585e-03 -2.0433742e-04
   266 :  1.3351907e-04 -4.3272800e-04  3.7024727e-04
   267 : -2.7578588e-04 -1.5515278e-03  1.9958659e-04
   268 :  4.1284331e-10  5.5185594e-09 -2.2202943e-08
   269 : -9.1729422e-04  7.9314153e-04 -6.6506174e-04
   270 : -2.0263465e-03  5.1219937e-03 -8.8519821e-04
   271 : -2.2429800e-03  3.7137430e-03 -3.0676884e-03
   272 : -9.3828603e-04  2.2837576e-04 -7.6293606e-04
   273 :  1.4126841e-07 -4.3458498e-07 -8.0252506e-08
   274 :  2.3784592e-03  2.6208883e-03 -1.5387274e-03
   275 :  1.8043946e-06 -3.0378959e-06  2.1835862e-06
   276 :  7.6325924e-03 -1.8931809e-02 -4.0146779e-03
   277 : -2.0810837e-07  5.7004452e-07 -1.4101350e-07
   278 : -5.5583749e-04  2.5233183e-03  1.6528557e-03
   279 : -1.0232359e-02  8.4701797e-03  1.6164856e-02
   280 :  1.3995253e-02 -4.9306341e-03 -1.7192828e-03
   281 :  1.2822090e-02  7.9601903e-03 -2.0083871e-04
   282 :  1.0651482e-02 -4.8805870e-05  4.6359814e-03
   283 :  5.1604346e-05 -1.5343880e-04  2.0489962e-05
   284 :  5.2080693e-07  2.6568410e-07 -6.7558706e-07
   285 :  9.0419209e-03  4.2377148e-03  7.1563772e-03
   286 :  3.7931604e-04  5.5972959e-03 -1.3215108e-03
   287 : -1.6761093e-02 -5.6681808e-03  6.8635676e-04
   288 : -3.4252104e-04  1.8099724e-03 -1.5448304e-03
   289 : -1.0247094e-02 -7.4900145e-03 -1.0836976e-02
   290 :  8.9211126e-03  3.4575899e-03  5.0190050e-03
   291 :  7.5321258e-03 -1.4358521e-02  1.9404863e-02
   292 : -6.3979735e-03 -3.1995431e-03  2.2914058e-03
   293 : -1.6638636e-05  2.1732006e-05  6.8628711e-05
   294 :  4.5359915e-04  4.3510151e-03  8.2525010e-03
   295 : -1.5530620e-11 -9.1376976e-10  3.8998981e-10
   296 : -2.3047263e-03 -6.3670817e-03 -1.0314637e-05
   297 :  7.0098032e-03 -1.5331534e-02 -6.6892925e-03
   298 : -2.9319712e-02 -1.4976806e-01  1.3688999e-01
   299 : -1.0834246e-11 -2.0712073e-11  9.4063100e-11
   300 : -9.1203848e-04  3.4959893e-03  8.2403169e-03
   301 :  3.7616351e-03 -1.5438368e-03  6.2716080e-03
   302 : -3.9477260e-03 -2.2586979e-04 -8.9563036e-03
   303 : -1.0717033e-02 -1.6341498e-02 -6.4078461e-03
   304 : -2.9665224e-03 -3.9643104e-03  2.6962251e-03
   305 :  8.2165267e-03  1.4522568e-03 -1.9352914e-03
   306 : -6.1250301e-03 -7.3053045e-03 -8.6588389e-03
   307 : -7.7149359e-05  1.2233171e-03  6.4095313e-03
   308 :  9.4008802e-03  6.8856675e-03  5.4157524e-03
   309 :  2.5145586e-10  1.7710266e-09 -8.2643856e-10
   310 :  3.1104689e-02 -6.8943245e-03 -1.8073464e-02
   311 :  6.6355486e-04  2.9481748e-03  1.0382131e-02
   312 : -8.1537007e-10 -1.4747263e-08 -1.1390880e-08
   313 : -2.0509842e-05  1.0110496e-05 -2.1435135e-05
   314 : -3.5911035e-10 -3.5350391e-10  1.0512128e-09
   315 : -5.0638099e-08  8.7155545e-07 -7.1441572e-07
   316 : -6.1469798e-03 -8.9054337e-03 -5.0749657e-03
   317 : -8.3613247e-11  1.3665559e-11  1.5889562e-10
   318 :  1.4689207e-03  9.1627082e-04 -1.3094557e-03
   319 : -4.5789066e-04 -2.6547483e-03  5.8779922e-04
   320 : -2.9976429e-02 -1.0227336e-02 -5.4805488e-03
   321 : -3.0739363e-03 -9.6303810e-03 -1.8719557e-03
   322 : -1.5381395e-10  4.1515539e-10 -6.3065887e-11
   323 :  3.3943955e-11 -1.7479457e-10  4.4940869e-11
   324 :  3.6261025e-06  1.5854242e-06  2.3878158e-07
   325 :  1.0486138e-06 -1.2178874e-05 -2.1554532e-05
   326 :  7.4172698e-02  6.1272908e-03 -2.6937546e-02
   327 : -1.3839277e-02  3.0521973e-01 -3.6365591e-01
   328 :  4.5320245e-03  5.0540927e-03  7.8324853e-03
   329 : -3.3385826e-08  1.0532820e-06 -1.2809854e-06
   330 :  7.5938482e-14  8.8293850e-12 -1.2139241e-11
   331 : -2.7193563e-03  9.5737693e-04  9.1208475e-03
   332 : -1.0765817e-02 -1.7049502e-02  7.6373718e-03
   333 : -9.8024498e-06  2.8621364e-07 -7.1906188e-06
   334 :  1.0595529e-02 -2.4352246e-03  7.8445421e-04
   335 : -7.1872416e-03 -1.1143273e-02 -2.3976177e-03
   336 : -1.5621377e-02  4.2504847e-03  5.8791534e-03
   337 :  2.2530463e-09 -9.5608968e-09  3.6293445e-10
   338 :  1.1332630e-02  1.1812505e-02  9.1463797e-05
   339 :  7.0488364e-07  4.4548248e-08  1.2318478e-06
   340 : -1.6901151e-05  2.6529886e-03 -9.0224467e-05
   341 :  5.7333451e-10  1.9118397e-09 -1.8446969e-09
   342 : -1.0371723e-07 -5.6778537e-07 -7.1939644e-07
   343 : -7.6508382e-03  9.1157595e-03  8.7967528e-03
   344 : -3.0100717e-04  7.6375241e-04  3.8550660e-04
   345 :  4.1406062e-03  8.6171678e-04 -8.2609600e-04
   346 :  8.1639539e-07 -1.4215095e-07 -7.6177797e-07
   347 :  1.3654848e-04 -2.6697185e-03  1.6636933e-03
   348 : -3.8771740e-03  1.3025240e-02 -9.5626461e-03
   349 :  1.1423979e-02 -1.0830283e-03  7.3386306e-03
   350 : -2.9234606e-03  4.2178484e-03  3.4162551e-03
   351 : -3.9480954e-05 -1.2351417e-05  2.9886634e-05
   352 : -1.5163854e-01  7.5955480e-02 -1.8565989e-01
   353 : -2.6151706e-03  1.8450639e-03 -6.1298301e-03
   354 : -1.8251311e-03  4.7270035e-04 -1.7483189e-03
   355 :  8.9344471e-04  6.8815560e-03  5.6701506e-03
   356 :  1.1774611e-09 -5.9964225e-11 -1.2073195e-08
   357 :  8.5679935e-03  1.8036374e-03 -9.4566512e-03
   358 : -1.2658825e-03  5.7405965e-03  6.8196457e-03
   359 : -1.4032509e-13  3.3464123e-13 -1.2505709e-14
   360 :  3.9162998e-03  6.3623376e-03  7.3937891e-03
   361 :  1.5462346e-04  1.2550264e-04  1.7175152e-05
   362 :  5.4763386e-03  8.3255225e-03  1.1559272e-02
   363 : -2.2364277e-03 -9.6642810e-04 -1.1529640e-03
   364 :  2.6334080e-04 -1.0484681e-03  3.0348592e-04
   365 :  6.4066020e-03  1.2123158e-01 -9.9738665e-02
   366 :  4.3534405e-09 -1.2927114e-08  7.7378399e-09
   367 :  1.8211269e-02  1.6682597e-02  6.0243371e-03
   368 :  8.5803656e-04 -2.8552673e-04 -1.1048077e-03
   369 :  2.1725020e-02  9.5623918e-03  1.8742714e-03
   370 :  5.4755549e-03 -8.0869529e-03  2.7951837e-02
   371 :  3.9255977e-08  3.3366472e-08 -1.2749325e-07
   372 :  4.7899827e-03 -3.2733770e-02 -1.1531301e-02
   373 : -3.7566929e-03 -6.2457807e-03  1.3175747e-03
   374 :  3.7494252e-03  2.5422651e-03 -1.5442711e-03
   375 : -1.0071311e-05 -1.2918641e-05 -5.2048384e-06
   376 :  1.6012867e-09 -4.3727531e-09  1.6434248e-09
   377 : -6.4431762e-03 -2.6288712e-03  5.1481009e-03
   378 :  6.9250123e-03 -1.9373402e-02  4.8296925e-02
   379 :  5.0401317e-12 -1.3928441e-11  5.6063424e-12
   380 :  6.5368498e-03  3.3485436e-03  2.6267509e-04
   381 :  2.3239384e-03 -1.3748579e-03 -1.0623645e-03
   382 : -9.0371391e-05 -2.9809831e-04 -9.8736178e-05
   383 : -4.0012821e-03 -9.8236698e-03 -6.6669913e-04
   384 : -1.4746993e-06  1.1522187e-04 -1.3638765e-05
   385 :  3.5773113e-05 -3.5326844e-03  2.6891548e-03
   386 : -6.6250434e-03 -3.8379585e-03 -4.2624245e-03
   387 :  1.0376812e-05 -1.0276560e-05 -9.5182917e-06
   388 : -4.2505109e-03  2.0167503e-03  1.5117214e-02
   389 : -3.7947819e-03  8.2583181e-03  2.2460719e-03
   390 : -3.9646616e-03  7.7467092e-03 -9.5776149e-03
   391 : -1.2716530e-03  5.2417413e-03 -2.8235977e-03
   392 : -3.3400840e-03  1.0818092e-03 -5.1997572e-03
   393 : -3.5869636e-03 -4.6013755e-03 -1.0284162e-02
   394 :  1.3147214e-04  8.4687165e-05  3.7573066e-04
   395 : -3.9346532e-03  1.0877441e-02 -6.1881111e-04
   396 : -1.2117022e-11  3.5183077e-11 -5.2362400e-11
   397 : -4.6274283e-03 -1.0618739e-02 -5.0220155e-03
   398 :  5.4811564e-04  1.3597221e-03 -2.0965707e-03
   399 : -7.2552202e-03 -2.3633654e-03 -4.3024794e-03
   400 :  6.0527945e-03  6.8254384e-03 -3.4645805e-03
   401 :  9.9890378e-04  3.7721423e-03  2.7474604e-03
   402 : -9.2773965e-04  1.9011121e-04  2.5096675e-04
   403 :  2.2234501e-04 -1.6655082e-03 -1.1243029e-03
   404 :  1.2331615e-09  3.7392851e-09 -5.2586680e-09
   405 : -1.2396711e-02 -2.5906071e-03 -6.7381000e-03
   406 :  3.4704135e-03  3.9100060e-03  6.7019422e-03
   407 : -4.4256494e-03 -3.8808371e-03 -2.4420512e-03
   408 : -1.4689986e-03 -4.6638987e-03 -2.1427459e-03
   409 :  1.4407948e-03 -3.5889310e-03 -8.7222464e-03
   410 : -1.3185834e-03 -9.4540594e-03  3.4253280e-04
   411 : -2.6865103e-03  8.2756464e-05  6.0788817e-03
   412 : -1.4724795e-02 -4.0158675e-03 -2.1144515e-03
   413 : -2.2124872e-10 -1.4562667e-13 -1.6700940e-10
   414 :  1.5079221e-03  1.0311527e-03  3.3872743e-03
   415 : -5.6384625e-03 -4.0329422e-03 -3.9953159e-03
   416 : -1.6263856e-06  6.7757506e-07  9.3853135e-07
   417 : -2.5353292e-03 -2.7436056e-03 -6.7028024e-03
   418 : -8.6261497e-03 -7.2761765e-03 -3.8984615e-03
   419 :  8.2868100e-08 -1.5192857e-07  8.1851133e-09
   420 : -5.6562883e-08  1.7385322e-07 -3.8214112e-11
   421 :  1.6755806e-06 -3.6893485e-06  4.5211597e-06
   422 :  1.1517347e-02  1.2563836e-02  8.3902868e-03
   423 : -7.5972436e-03 -2.0628846e-03  1.5906802e-02
   424 :  2.4937079e-04  2.1865779e-04  4.4760999e-05
   425 :  2.9602025e-05 -5.3288840e-05  1.0103652e-05
   426 : -1.1294588e-03 -1.1454107e-03  2.2811854e-04
   427 :  1.0205399e-02  4.4016743e-03  5.3474773e-03
   428 :  4.5581001e-04 -4.8387307e-04 -1.9681090e-04
   429 :  9.1660647e-03  8.5321731e-03 -3.1991321e-03
   430 : -1.6270551e-03  1.3042404e-03 -2.8920521e-04
   431 : -4.5707832e-03 -7.0765981e-03 -4.0912262e-03
   432 :  3.7676046e-03  1.2857504e-02 -1.4969428e-03
   433 : -6.6018282e-09  8.5140718e-09  6.5299083e-09
   434 : -1.4350522e-03 -9.1844817e-03 -5.8834918e-03
   435 : -3.4894482e-03  2.1368646e-02  1.0506365e-02
   436 : -3.3241681e-05  7.7043336e-06  9.9951573e-05
   437 :  1.7185695e-02  4.6576161e-03  7.5752443e-03
   438 :  4.4422308e-03  7.5420024e-03  6.1880204e-03
   439 : -1.6095376e-03  6.1374600e-04  1.7727426e-03
   440 :  4.0332448e-07 -1.9415959e-06  1.8225632e-07
   441 : -2.8689853e-10 -2.1969039e-10  1.3871304e-09
   442 :  3.8196584e-04  8.7782684e-06  1.5587011e-04
   443 :  1.8282619e-02 -7.3557872e-03 -1.2598863e-03
   444 : -1.4255436e-03 -1.4880664e-04  5.1180590e-05
   445 :  3.7245258e-03  5.6520838e-03  1.6426075e-03
   446 :  2.8347642e-03  6.5788234e-03  3.7184997e-03
   447 :  5.3059023e-03  3.0529576e-02  2.6265696e-03
   448 : -3.4314740e-03  2.5835544e-03 -2.8015119e-03
   449 : -8.5591294e-10  1.0806633e-09 -4.9952729e-10
   450 :  6.3645463e-11 -3.4235380e-11  1.2216968e-10
   451 :  5.6415367e-03  1.4109733e-04 -1.7788124e-04
   452 :  2.8954497e-03  1.0596947e-03  5.8095367e-03
   453 :  1.0002748e-02  2.5649847e-04  6.7824983e-03
   454 :  8.5402899e-04  2.4895964e-03 -1.2253769e-03
   455 : -2.1035647e-03  5.3428466e-04 -4.6535014e-04
   456 : -7.5680951e-05 -4.3517768e-03  3.3315628e-04
   457 : -3.9618609e-10  1.2487608e-09 -2.9741189e-10
   458 : -1.2261704e-03  6.2143921e-03 -6.9537161e-04
   459 : -5.0007320e-03  1.9947422e-03 -6.7967151e-04
   460 : -3.6366821e-03  1.6561193e-03 -2.8335120e-03
   461 :  2.4051136e-02  1.1529204e-02 -4.6135594e-03
   462 : -8.7473282e-03  2.0265094e-03 -7.4654838e-03
   463 :  2.7962566e-07  7.7925122e-07  9.2747595e-07
   464 :  1.0141798e-02  2.7987024e-03  1.1055590e-02
   465 : -3.7757491e-03 -6.6713305e-03 -7.8854191e-03
   466 : -4.3478076e-03 -2.8818246e-03 -3.1798258e-03
   467 :  4.7819385e-07 -3.7747741e-07  6.5679195e-07
   468 : -7.3541975e-06 -4.6572978e-05  3.7769133e-06
   469 :  1.2103218e-11 -2.1780586e-11 -1.6954417e-11
   470 : -8.2130108e-10  8.2747991e-10  6.1185417e-12
   471 :  3.7604414e-04 -4.3024668e-05  4.2835706e-05
   472 :  1.5736518e-06  3.3649263e-06  3.9456002e-06
   473 : -8.7054298e-03 -1.0970835e-03 -2.6896536e-05
   474 : -1.1128025e-09  1.0794212e-07  3.4355651e-08
   475 :  1.3591162e-05  1.3739647e-04  1.1364218e-04
   476 :  3.3969745e-04  2.3413375e-04 -1.1547844e-05
   477 :  5.0761222e-11  2.5304386e-11 -1.2338064e-10
   478 :  6.4307253e-03 -4.6614590e-03 -8.4035485e-03
   479 : -3.6306806e-12  5.3338840e-12  2.3083386e-12
   480 : -5.7694850e-03 -5.6585687e-03 -7.9889714e-04
   481 : -5.3309623e-04  2.1979795e-04 -1.6168610e-03
   482 : -4.8951098e-07 -8.1129666e-07  3.7847930e-07
   483 :  1.2774951e-03  3.0943243e-03  3.9513408e-03
   484 : -5.4337461e-03  3.4234274e-03  1.9311097e-03
   485 :  9.7400043e-03 -1.0521116e-01  8.5329792e-02
   486 :  5.8367576e-03 -3.8432614e-03 -8.2099101e-04
   487 :  1.2567660e-03 -1.8823893e-02 -9.9516115e-03
   488 :  6.0681155e-03  4.9270937e-03  3.9745256e-03
   489 :  3.0197515e-08  6.7986316e-08 -1.8537877e-07
   490 :  2.6464994e-07 -1.7438719e-07  9.4661491e-08
   491 :  2.6777344e-07  3.4626294e-07 -1.1991386e-07
   492 : -1.1930022e-02  1.8170374e-03  1.2881494e-02
   493 :  1.3394058e-03  8.4878380e-04  1.1179728e-03
   494 : -2.1016919e-03 -2.7532122e-04  1.4067740e-03
   495 :  3.9360202e-03 -3.3486064e-03 -5.5631885e-03
   496 : -2.2439480e-05 -7.6019771e-05  9.7723075e-05
   497 :  1.5534778e-09  1.6133306e-09 -2.0359871e-10
   498 : -1.7001852e-08 -1.7310310e-09 -8.1749249e-09
   499 : -9.9335343e-03  3.2536731e-03 -3.5026836e-04
   500 : -9.4478017e-11  1.3102051e-10  1.4627337e-10
   501 :  4.8927064e-11 -2.0058339e-10  4.1053792e-11
   502 : -8.8488088e-04  1.8933388e-03 -2.6053981e-03
   503 : -1.3311138e-03  6.7552211e-04 -1.2614672e-03
   504 : -5.3088773e-03 -4.8192382e-03 -6.5721116e-03
   505 : -1.7977409e-03 -1.7811871e-03 -9.4781532e-03
   506 : -3.1314037e-07  1.0175782e-06  3.7020527e-07
   507 : -6.2086463e-06  4.4072984e-06 -1.5605353e-05
   508 : -2.7712914e-06 -1.2039683e-05  2.2040945e-06
   509 : -1.3645366e-03 -2.8702508e-03  1.5437082e-03
   510 : -2.2691850e-05 -1.7688485e-05 -2.4183641e-05
   511 :  1.2157302e-02  5.7948030e-03  8.8717996e-04
   512 : -1.1467581e-03 -1.2087524e-03 -6.5428476e-04
   513 : -2.6885185e-02 -9.1116799e-03  2.9765866e-03
   514 :  1.6155566e-02 -4.6137069e-03 -5.3850523e-03
   515 : -8.3461248e-03 -1.7314482e-03 -1.5923771e-03
   516 : -6.9552201e-06 -1.8384342e-05  1.4591435e-05
   517 :  5.8610727e-03 -1.8530923e-02 -6.2340052e-03
   518 :  2.0814518e-02  1.9867818e-02 -3.1968730e-03
   519 :  1.0715532e-02  4.4744362e-03  6.0900489e-03
   520 :  7.9243836e-03  1.0310895e-02 -3.1458532e-03
   521 : -2.7838105e-03  6.5835818e-04  4.0613514e-03
   522 : -1.6946541e-03  8.4024964e-04 -2.6727097e-03
   523 :  1.7751375e-03  1.4569232e-02 -2.8761619e-02
   524 : -5.7404567e-03 -1.0196107e-01  1.0178432e-01
   525 :  8.0501057e-03  1.4119785e-02  6.0304718e-03
   526 : -3.8209308e-04  2.1397794e-04 -1.2130230e-03
   527 :  1.0162994e-08  7.8325701e-09 -3.6447343e-08
   528 : -7.2817100e-03  8.8751315e-03  7.8606214e-03
   529 :  5.2253642e-04  8.3422394e-03  5.9160813e-03
   530 : -2.8640544e-03 -2.3234861e-03 -3.9006727e-04
   531 :  3.1385709e-04  5.4574084e-03 -3.3193280e-03
   532 :  9.5044356e-03  1.0472037e-02  7.2399073e-03
   533 : -3.0323643e-13 -7.9548888e-13  1.4986941e-12
   534 : -4.5445877e-14  2.2559638e-13 -1.2552131e-12
   535 :  1.0339199e-07 -6.3163914e-07  2.3708031e-08
   536 : -4.8792975e-03 -3.0018899e-03 -4.1168023e-03
   537 : -1.0091977e-03 -1.4118709e-03 -4.2120011e-03
   538 : -2.8846419e-04  1.0426234e-03  3.6652921e-03
   539 :  2.8023884e-08 -8.4792417e-08 -4.2128092e-09
   540 : -2.7606153e-07  1.4269205e-06  7.3800945e-07
   541 :  4.5685125e-06 -2.3481708e-06 -1.1562756e-05
   542 :  7.4140203e-03 -6.5780487e-03  5.2950077e-03
   543 : -2.0935552e-09  8.1772269e-10  2.1646692e-08
   544 :  4.6665038e-03 -4.5720584e-03 -1.2181054e-03
   545 : -6.3904549e-05  1.5946811e-05  9.0889381e-05
   546 :  6.5265397e-03  6.3935892e-03  2.9260841e-03
   547 : -1.0264214e-07 -2.9772344e-07  3.4594270e-08
   548 :  4.5703886e-04  1.2443883e-03  1.4917736e-03
   549 : -2.0752752e-05  1.2779359e-06 -4.1696390e-05
   550 : -1.4889361e-02  2.0065012e-03 -1.0736596e-02
   551 : -1.5530526e-04  9.2892330e-04  2.9002990e-03
   552 : -2.2472786e-03 -4.2266664e-02  2.1130369e-04
   553 :  1.0922417e-02 -3.1235129e-03 -3.0355041e-03
   554 : -2.8907285e-05  4.6334754e-05 -3.2230848e-05
   555 :  1.1095581e-02 -2.5110426e-04  8.3366379e-03
   556 : -5.6268479e-06 -4.5312691e-06  8.8380333e-06
   557 :  7.2182120e-03 -7.1501373e-03 -4.1956564e-03
   558 : -2.2759252e-03  4.8785205e-03  2.0998125e-03
   559 : -4.5061323e-03 -4.8824520e-03 -2.4792450e-02
   560 :  5.7511116e-04 -2.9925133e-03 -1.9791643e-02
   561 : -1.6479503e-03  4.9274273e-06  1.6517186e-02
   562 :  1.1553866e-02  4.0204428e-03  4.7162949e-03
   563 :  6.2542593e-11 -2.1630050e-12  1.2537493e-10
   564 :  3.2838781e-03  8.6227951e-04  7.1949849e-04
   565 : -5.5171655e-03 -5.3023915e-03 -5.5443255e-03
   566 :  1.0203423e-06  2.3841177e-06  4.1769307e-06
   567 :  3.8345844e-02 -5.6822268e-02  6.9872798e-02
   568 : -3.6763865e-05 -3.1431636e-02  3.7064791e-02
   569 :  3.9420285e-04  1.2062504e-03  5.4816958e-05
   570 : -5.2105123e-05  7.7652485e-05  2.8918029e-05
   571 :  9.9196640e-03  7.7747930e-03  1.3041725e-02
   572 : -8.8691113e-11 -3.2716291e-10  1.5246142e-10
   573 : -3.4313740e-03 -2.0893793e-03 -9.3588463e-04
   574 :  9.0003254e-03 -3.5685470e-03  2.6183812e-03
   575 :  2.2569938e-03 -2.3081055e-04 -1.3084703e-03
   576 : -7.7767348e-03 -4.1656659e-03 -3.0839263e-03
   577 : -2.2884055e-03 -7.0775029e-04 -1.6700282e-03
   578 : -5.5530630e-12  1.9767227e-11 -1.3212964e-11
   579 :  6.9594278e-03  4.7247912e-03  5.6215965e-03
   580 :  2.1595243e-03  3.7306345e-03  5.7460061e-03
   581 : -1.7781468e-05  4.4773992e-05  8.0927123e-06
   582 : -3.2534873e-12 -1.0368927e-11  2.9507735e-12
   583 : -2.0413466e-03  1.8514945e-03  1.3372917e-04
   584 : -1.1859133e-09  3.0687429e-09 -6.8956275e-11
   585 : -2.0583861e-03  1.2539256e-03  8.2075507e-04
   586 : -1.9979224e-07  1.1387039e-06  1.1949036e-06
   587 :  4.2022943e-04 -1.3746626e-03 -4.4119361e-04
   588 :  1.6901945e-06  3.9100735e-06 -2.8079294e-08
   589 :  1.4220764e-02 -1.2055052e-02  9.8863801e-03
   590 : -1.3884509e-03 -2.1419672e-03 -4.6551014e-03
   591 :  4.0228471e-11 -6.5537627e-11 -3.1630054e-11
   592 :  6.8286122e-06 -7.6481307e-06  1.0729070e-05
   593 :  3.7928590e-03  8.8613956e-03  6.6881623e-03
   594 :  9.2539447e-03  8.7430344e-03  4.9178809e-03
   595 : -1.5343635e-02  1.0891498e-02 -2.5098386e-02
   596 : -1.3784625e-02 -1.5314760e-01  1.5099023e-01
   597 :  1.4554587e-02  2.8632113e-03  1.3405026e-02
   598 : -7.7606771e-04 -1.8106915e-03  5.8215928e-04
   599 :  9.2212649e-03 -2.9729438e-03  5.8655336e-03
   600 : -2.1554228e-03  4.3403384e-03 -6.1429873e-03
   601 :  7.1006289e-03  7.1443864e-03  3.5313545e-03
   602 : -2.1187999e-07  7.2297637e-07 -7.6713979e-07
   603 : -1.2471308e-08  1.1034985e-07 -1.3426632e-08
   604 :  9.7635512e-04 -7.0102451e-04  5.6200260e-04
   605 : -2.9545156e-03  1.0154893e-02  8.0731937e-03
   606 :  1.6079829e-03 -2.8802708e-03  1.0992886e-03
   607 :  6.6266101e-03 -5.9950743e-03 -8.3630935e-03
   608 :  5.9224460e-07 -4.2856465e-07  1.5936726e-06
   609 :  6.7935660e-05  1.6460609e-04  3.7929301e-06
   610 :  3.4030349e-08  6.7472075e-08 -2.9832842e-07
   611 :  6.7130299e-03  6.6140198e-03  7.0799890e-03
   612 : -3.1762024e-02  1.0291939e-02  1.0705482e-02
   613 :  6.0372712e-03  6.1793156e-03  4.1292199e-03
   614 :  3.5696435e-02  9.0930593e-02 -4.9607827e-02
   615 : -1.3832110e-02 -2.1638339e-02 -9.1589621e-03
   616 : -1.6882834e-08  3.7361256e-08  7.5593772e-09
   617 :  3.7421412e-03  6.1676657e-03  5.5223871e-03
   618 :  1.1289256e-02  1.3997696e-02 -6.9483617e-03
   619 : -4.4824433e-07 -6.9936951e-07  2.6575062e-06
   620 : -1.1953747e-04 -1.7771443e-03 -1.0217499e-03
   621 : -1.1724010e-02  1.8272982e-02  2.6988264e-02
   622 :  1.5340150e-03  1.8436357e-03  6.6640056e-03
   623 :  1.0953328e-02  1.1421953e-02  1.5094430e-03
   624 : -1.5275890e-03  2.6220442e-04  5.1658893e-03
   625 : -2.0520970e-03 -1.9182041e-02  7.3370199e-03
   626 : -9.5163530e-12  4.1660378e-11 -1.5738514e-11
   627 :  8.5777554e-08  1.6985256e-07 -3.3497851e-07
   628 :  1.5818663e-03  2.0134142e-03 -2.4639879e-03
   629 :  2.3355857e-03 -1.2533596e-03 -4.1792020e-04
   630 : -8.2538025e-03 -6.4462643e-03 -9.0454227e-03
   631 :  7.4482293e-03  5.5324263e-03  9.6262699e-03
   632 : -2.5769523e-09  5.5747587e-09  1.8865957e-09
   633 :  1.9245734e-03  2.3345278e-03  7.3054776e-03
   634 : -2.3297119e-03 -5.4941136e-03 -7.1082348e-03
   635 :  4.2443103e-03  6.0473714e-03  6.1267059e-03
   636 : -7.5543601e-05  1.9410269e-04 -1.2572757e-03
   637 :  1.6794733e-03 -7.1809056e-03  1.1598926e-04
   638 :  3.2102118e-03  7.5060645e-03  7.3171843e-03
   639 : -3.8132640e-03 -5.5443630e-03  6.6982297e-04
   640 :  1.8265671e-04  4.2025754e-03  7.9738660e-04
   641 : -2.5954348e-07 -9.6784933e-07 -1.6814046e-06
   642 : -2.0919362e-02 -2.3063276e-02 -1.4189993e-02
   643 : -2.0925165e-03  2.8640739e-04 -1.8696498e-03
   644 :  2.7036054e-02  6.1400699e-03  2.6606539e-02
   645 : -6.0517035e-03 -3.1893364e-03 -7.5495087e-03
   646 : -2.8175959e-03  7.2617019e-03 -9.7544421e-03
   647 : -9.4883225e-03  1.6349614e-02  8.8151055e-03
   648 : -9.3080670e-04 -3.2687559e-03 -2.5244476e-03
   649 : -1.9218846e-03  7.3886012e-05  2.9183241e-04
   650 :  3.3505318e-02  1.7471422e-03  8.2505126e-03
   651 :  4.8940195e-02 -1.3258125e-03 -2.4889408e-02
   652 :  1.5202965e-02 -4.1090428e-03  7.4022145e-03
   653 : -1.0023827e-02 -4.1698815e-03  3.1517768e-03
   654 :  2.5578505e-04  4.8007384e-05  1.4204383e-04
   655 : -7.3225530e-03  2.8401296e-03 -8.1713268e-03
   656 : -1.3895560e-03  1.4514728e-03 -2.2880194e-03
   657 : -9.8136568e-04 -1.0559211e-02 -6.3482808e-03
   658 : -1.1195407e-02 -5.6744594e-04  6.0536245e-04
   659 :  1.3736314e-04  3.3165892e-03 -3.3556165e-03
   660 :  2.8843761e-03  4.3591563e-04  7.4205696e-03
   661 :  1.0218371e-02  7.7219294e-03  5.8260217e-03
   662 :  1.1949185e-02  5.3409308e-03  6.5548959e-03
   663 : -3.0680209e-03  3.9723442e-03 -3.8979952e-03
   664 : -9.4592876e-03  1.2764829e-02  9.3254786e-03
   665 : -1.5020812e-03 -1.7522026e-03  1.3349618e-03
   666 : -6.1621209e-09  8.1961352e-09  6.8813031e-09
   667 :  4.6069091e-05 -2.0542322e-05  1.6526010e-06
   668 : -1.5431078e-03  1.8845378e-03  2.6842316e-03
   669 : -1.7071826e-11  1.9044201e-11  3.7430253e-11
   670 : -3.0705846e-03 -4.0696752e-03 -2.0774594e-03
   671 :  1.7254730e-03  1.5363074e-03  2.3994662e-04
   672 :  2.5220105e-03  1.2030932e-03 -7.2465201e-05
   673 :  2.4927571e-03  1.0195080e-02  3.7883426e-03
   674 :  1.0471525e-02 -7.5782396e-03 -3.5603273e-03
   675 :  6.0361618e-03  8.4513595e-03 -7.0663435e-04
   676 : -9.1056596e-03 -9.2236674e-02  8.5185322e-02
   677 : -2.1877135e-03  8.2666810e-03 -4.7307117e-03
   678 :  1.5039088e-03  4.0196380e-04  9.2348275e-04
   679 : -1.8607449e-03 -8.9665061e-04 -5.4549747e-03
   680 :  2.5808374e-04  5.6991363e-03  4.2919337e-03
   681 : -1.4957314e-05 -5.0447795e-06 -9.1108496e-06
   682 : -2.2222700e-05 -1.2005086e-05 -1.5562142e-05
   683 :  3.5097335e-05  1.9939193e-04  1.5429343e-04
   684 :  7.6077378e-06 -1.7795021e-06  1.3697710e-06
   685 : -8.4247149e-03 -3.0310373e-04 -3.9861086e-03
   686 : -1.0322664e-02 -2.5275865e-03  2.0913218e-02
   687 :  1.4650597e-05  4.5775871e-06 -1.1145964e-05
   688 :  8.5300669e-03  1.0851774e-02 -3.3964857e-03
   689 :  3.3869397e-03  6.9272392e-03  1.5108288e-03
   690 : -1.0081463e-02 -4.9058590e-03 -2.8394430e-03
   691 : -2.7099809e-03 -6.7909096e-03 -3.2665124e-03
   692 : -1.9690656e-02 -1.4401505e-02  7.7364917e-03
   693 : -1.0615349e-11  4.0385093e-11  2.9362240e-11
   694 : -8.5560009e-08 -8.7444746e-08  8.3583155e-08
   695 :  2.9257984e-03  6.3349903e-03  4.0220803e-03
   696 : -3.3280559e-02 -1.6742342e-03 -1.3799658e-02
   697 :  1.6166196e-03  8.5279771e-03  4.4316415e-03
   698 : -6.4696651e-03 -2.7894368e-03 -7.4237092e-03
   699 :  9.9404309e-03  5.3594280e-03  1.2717029e-02
   700 : -2.2400523e-10 -3.2542433e-10  1.0637093e-09
   701 :  3.9548356e-09 -1.0962540e-08  2.9771840e-09
   702 : -4.9655776e-05  1.1110466e-04 -2.7015064e-05
   703 :  1.0719849e-03 -2.2838694e-03 -6.6914379e-04
   704 : -2.2209230e-04  1.1210449e-02  1.5689420e-02
   705 :  6.6600875e-07  2.1861045e-06  2.5316036e-08
   706 : -2.5404914e-01  2.3943101e-01  3.8775224e-02
   707 :  1.5022801e-02  1.3468711e-02 -1.7707912e-02
   708 :  1.7941922e-02  5.8931483e-03  9.6610250e-03
   709 : -1.4235052e-03  8.1396983e-02 -6.0624267e-02
   710 : -1.6123799e-03 -6.1427905e-04 -1.0082063e-03
   711 : -6.0236318e-03  2.2836897e-03  1.8532245e-03
   712 : -1.4746113e-03  2.3834178e-04  1.9198497e-04
   713 : -1.5209661e-02 -1.4858207e-03 -6.4877708e-03
   714 : -1.6844618e-03  6.5993251e-04 -1.5998826e-03
   715 : -2.5893332e-03 -6.3329050e-03 -3.4572766e-03
   716 :  1.1191011e-07 -9.8759081e-08 -7.4104569e-08
   717 :  3.4848238e-03  6.1021429e-03  7.3157019e-03
   718 : -1.6561254e-02 -7.2836050e-04 -2.2311716e-04
   719 : -3.0360006e-04 -3.1766421e-03  2.9512798e-03
   720 :  1.4193894e-03  3.4871446e-03  5.5468308e-04
   721 : -6.5172236e-03 -1.0343008e-02  1.6333346e-02
   722 : -1.5267121e-05 -1.5486794e-05  4.3345434e-06
   723 :  2.8971826e-05  2.5475173e-05 -8.6084225e-05
   724 : -1.2827429e-05 -7.5594229e-06 -6.0482112e-06
   725 :  4.1103427e-04  2.8532705e-04  8.7232826e-04
   726 :  3.6896032e-03  1.0818108e-03  2.4744737e-02
   727 :  5.1623544e-06  3.9422253e-04  9.0476297e-04
   728 :  2.7852197e-03  4.6171957e-03  6.2427061e-03
   729 : -5.3211603e-03  2.2056279e-03 -8.6342385e-03
   730 : -8.9227941e-03 -6.5504249e-03 -6.3196980e-03
   731 : -1.1074596e-05  1.5860711e-05 -3.8237998e-07
   732 :  1.0094383e-02  2.2684788e-03  1.7929887e-04
   733 : -2.3511444e-03 -3.4392831e-03 -1.3758544e-03
   734 : -3.7139029e-02 -7.1752437e-01  8.1366153e-01
   735 : -9.5945783e-03 -3.8008733e-01  3.5748388e-01
   736 :  6.8886144e-03  7.2067362e-03  7.1001146e-03
   737 :  1.1398669e-02  9.5420947e-03  3.3647004e-03
   738 :  2.1705527e-03 -8.8328968e-04  5.8665738e-04
   739 :  4.5585670e-03  4.6664419e-03  8.9137938e-03
   740 : -9.1314377e-03 -8.4064776e-04 -7.8485731e-03
   741 : -1.9829907e-03  5.4527741e-04  1.2026022e-03
   742 :  2.2162511e-03  6.5548539e-03 -7.8535108e-03
   743 : -4.2372034e-03 -3.3194917e-03 -1.5191770e-03
   744 : -1.6676457e-02  4.1856010e-03 -9.2577021e-03
   745 :  3.2088566e-06 -1.2749043e-05 -3.3550801e-06
   746 :  8.5806918e-05  1.2755759e-04  1.3556862e-04
   747 :  8.5566911e-03  1.1616971e-02  1.3431712e-02
   748 : -8.7865888e-03 -6.8029470e-03 -2.1841515e-03
   749 :  1.7932726e-03  8.3948244e-03  4.6084145e-03
   750 :  1.6341672e-06 -1.0306166e-07  1.3635926e-06
   751 : -1.8365776e-03 -2.7696769e-03 -4.2310873e-03
   752 : -2.7929201e-02 -6.8877978e-03  8.5008805e-03
   753 :  6.8821180e-03  9.2043063e-03  7.7956381e-04
   754 : -5.0093826e-04 -5.2666193e-04 -2.5094635e-04
   755 : -5.2188269e-03  4.3748883e-03 -1.6042304e-02
   756 :  7.9600332e-03  4.2560583e-03  1.2177590e-04
   757 : -8.1449034e-12 -6.6413337e-12 -2.3606266e-12
   758 : -9.9120093e-03 -1.5882029e-02 -1.0657846e-02
   759 : -6.2973336e-03  7.0882010e-03 -3.0233459e-03
   760 :  2.1611963e-02 -1.4721133e-03  2.4289423e-02
   761 : -1.2189122e-02 -8.0367728e-03 -3.6938167e-03
   762 : -1.2769206e-02 -3.8704743e-02  1.6090954e-02
   763 : -6.1622344e-08  2.8461544e-07 -7.9761337e-08
   764 : -1.2807096e-08 -2.1432729e-08  1.0690939e-08
   765 : -1.6692542e-03 -1.7239588e-03 -4.2357962e-03
   766 :  1.0311253e-02 -4.3860439e-02  8.1778049e-02
   767 : -1.2098301e-02  2.5529156e-02 -6.3761357e-02
   768 : -6.3234068e-07  5.9646995e-06 -4.5006862e-06
   769 : -4.3948647e-03 -3.3181701e-04 -4.7893066e-03
   770 : -4.9411297e-04 -3.1310991e-03 -2.5054333e-03
   771 :  1.1528341e-03  2.2784629e-03  2.6180447e-03
   772 : -3.2056746e-03  3.5701806e-03 -4.4914383e-03
   773 :  2.0229334e-02  1.0582918e-02 -6.5295625e-03
   774 : -6.4656353e-03 -4.4828335e-03 -4.2831585e-03
   775 :  3.5678526e-02 -1.6457245e-01  1.8592213e-01
   776 :  9.0229675e-03 -1.3185438e-03 -5.3366029e-03
   777 : -1.4047047e-02 -6.2669553e-03 -4.8307035e-03
   778 : -3.8108546e-03 -2.2052190e-03 -3.0072347e-03
   779 : -6.3075857e-04  4.1381168e-04 -9.2124666e-06
   780 : -1.4811309e-02  1.4308120e-03  5.1573841e-03
   781 :  4.5584951e-07  4.0613719e-07  2.4429904e-06
   782 :  3.3179291e-12  1.2280061e-12 -4.4374390e-12
   783 : -2.4981566e-02  7.5007461e-03  3.1121307e-03
   784 :  1.5863742e-02  6.5065480e-03  1.2441076e-02
   785 :  4.1981142e-06 -3.6911894e-06  3.1582636e-06
   786 : -1.8571211e-03 -1.2535932e-02 -7.3568358e-03
   787 :  5.1020428e-04  3.5590918e-04 -1.6062789e-03
   788 : -1.5021111e-05  4.7890224e-06  6.1554564e-07
   789 : -7.7350558e-05 -4.7206542e-04  1.5909795e-04
   790 :  1.0363842e-03  8.5740708e-03  7.8320409e-03
   791 : -4.2593307e-02  2.2761029e-01 -4.0604335e-01
   792 : -4.3915258e-03  5.1100298e-03 -5.1437286e-03
   793 : -3.7004319e-03  4.1479732e-03  3.7458289e-03
   794 : -7.4991660e-03 -1.3672885e-03 -3.8645959e-05
   795 : -7.8169132e-03  1.5144574e-04 -9.1680568e-03
   796 :  3.5129767e-03  8.0121291e-03  3.9722642e-03
   797 : -5.6500537e-05  1.1085036e-05  2.6607139e-05
   798 :  5.8833281e-03  2.0744454e-02 -1.5797336e-02
   799 :  9.5127106e-03  1.2027915e-02  1.0098760e-02
   800 : -1.6535503e-03 -1.4185392e-03 -4.2584148e-03
   801 :  3.0972946e-05  4.0107729e-05 -3.1581373e-04
   802 : -1.1230276e-02 -2.3624852e-01  2.2202281e-01
   803 :  7.4356887e-03  1.4359019e-02  4.4810466e-03
   804 : -1.2580486e-03 -4.3829735e-03 -4.3776501e-03
   805 : -3.0683808e-02 -2.4045776e-03  4.2221431e-03
   806 :  3.9070264e-04  9.7606125e-05  6.6350989e-04
   807 :  5.6718755e-06 -1.3994975e-05  2.4173516e-05
   808 : -5.4115331e-03 -5.9757493e-03 -6.0390212e-03
   809 :  3.7351274e-04 -2.6551377e-02  3.7569856e-02
   810 : -1.6879577e-04  7.2345728e-05 -1.0300762e-04
   811 :  2.1914717e-12  2.8777691e-12 -9.8309595e-12
   812 :  8.4238982e-05  4.1302580e-03 -6.6320389e-03
   813 : -1.3938518e-02 -2.0739398e-01  1.9262989e-01
   814 :  4.6119256e-11 -1.8412456e-12 -4.2488065e-11
   815 :  6.8544779e-13 -1.3925286e-12  2.7087408e-12
   816 : -4.0344411e-09  3.5264280e-09  2.8699851e-10
   817 : -3.3745223e-11 -2.3191904e-10  3.1041743e-10
   818 :  1.6856720e-11 -1.3680299e-10  9.8467707e-11
   819 : -1.7773502e-02  2.7978424e-03  2.3230547e-02
   820 : -2.2693129e-11  6.8886550e-11 -1.5386331e-11
   821 : -3.9868679e-03 -5.2796783e-04  5.3593092e-03
   822 : -1.8010599e-02  6.3304801e-02 -8.1675409e-02
   823 : -2.8044328e-04 -5.7915537e-04 -7.1821399e-04
   824 :  4.4665040e-03 -2.0671419e-02  4.0333888e-02
   825 :  1.1371362e-07 -1.2023057e-07 -7.3203799e-08
   826 :  4.4306354e-04 -1.0871621e-02  1.4510052e-02
   827 : -2.5824794e-04 -1.7094746e-04  1.5383124e-04
   828 :  4.1361948e-03  8.1712859e-03 -2.3587228e-03
   829 : -1.9995158e-03 -6.4865956e-02  4.6029970e-02
   830 : -1.2923119e-02  1.4259887e-02 -2.5705286e-03
   831 :  1.4472127e-02 -3.1278232e-01  3.0541487e-01
   832 :  2.3674602e-02 -1.2438881e-01  1.7243062e-01
   833 :  1.2094872e-02  8.1342156e-02 -5.0451174e-02
   834 :  3.4022741e-10 -2.5938779e-10  3.1495724e-10
   835 : -1.4276297e-12  2.6164837e-12 -4.4131348e-12
   836 : -7.5625789e-03 -2.6138458e-02  1.3644437e-02
   837 : -1.3095987e-06 -3.4209023e-05 -1.7224977e-05
   838 :  2.3265060e-03 -2.2905231e-03  4.8027324e-03
   839 : -3.8425002e-03  5.1226006e-03  7.0434268e-03
   840 : -1.6861424e-05  5.1013101e-06 -1.8429885e-07
   841 :  8.1535220e-04 -1.4155511e-04 -5.4169994e-04
   842 :  3.4466426e-03  7.4546850e-03 -3.1621505e-03
   843 :  1.3171468e-04  2.3444794e-05  2.3443500e-04
   844 : -4.0008755e-03  1.2002875e-02 -1.3789660e-02
   845 : -8.0744395e-08 -5.1221094e-08 -4.4258279e-08
   846 : -3.9233514e-03 -1.0042394e-01  9.2655863e-02
   847 :  1.4097011e-02  8.1715193e-02 -5.4779426e-02
   848 :  5.9512781e-14 -1.7555172e-13  5.9158256e-14
   849 :  9.4322855e-03  7.0200463e-03  7.6936852e-03
   850 :  1.5019639e-02  2.3785776e-03  1.5679112e-02
   851 : -2.0983268e-03  1.7580271e-04  8.0723727e-04
   852 : -9.2893212e-09  3.4852084e-08 -4.7526616e-09
   853 : -1.8500362e-03  1.6959326e-02  3.0242366e-03
   854 :  2.4630092e-14 -6.1323388e-14 -1.7260739e-14
   855 :  1.4389538e-04  7.5166711e-03 -1.6126572e-03
   856 :  2.1085096e-02  1.0980681e-02  1.2854586e-02
   857 :  6.0399320e-04 -1.1725307e-03 -2.6653328e-03
   858 :  2.6104513e-03  3.4201863e-03 -4.3208582e-03
   859 :  8.3409649e-09  7.4968760e-08  1.2870152e-07
   860 : -3.2029111e-03  2.0236592e-03  2.1071875e-03
   861 : -3.7574247e-03 -3.4886322e-03 -5.9506987e-03
   862 : -4.8512075e-03 -3.4481972e-03 -6.2970625e-03
   863 : -1.5598468e-03 -5.7394436e-04 -6.7078193e-04
   864 : -7.6034399e-04 -6.3695812e-04  7.1275429e-05
   865 : -8.8047121e-04  8.9243480e-02 -7.1692004e-02
   866 :  6.6365492e-02 -2.0559702e-02 -4.5934165e-02
   867 : -3.1504471e-04 -1.9131361e-03  1.2711112e-03
   868 :  6.9525823e-03 -1.0282284e-02 -1.5220457e-02
   869 : -1.0770477e-02 -9.8188885e-03  8.9138790e-03
   870 : -6.2326681e-03 -1.1165219e-01  1.2328068e-01
   871 :  8.2555823e-03 -1.0401203e-02  2.8527946e-02
   872 :  3.7689321e-03  6.2768577e-03  1.2272547e-02
   873 :  5.7067557e-03  2.0421679e-03  1.1055561e-03
   874 :  8.4729774e-04  2.0611736e-03  6.0768042e-03
   875 : -5.0748382e-04  1.5890630e-04  1.3291464e-04
   876 :  2.1318233e-04 -1.0124244e-03 -7.5028581e-04
   877 : -1.3109784e-10  1.9017357e-10 -2.6192728e-10
   878 : -5.8670524e-09  1.1000828e-08 -1.4522855e-09
   879 : -3.0464813e-03 -4.0379555e-04  7.4837879e-03
   880 :  6.9791539e-03  1.0187837e-02 -6.3484747e-03
   881 :  1.2269955e-10 -3.4422579e-11 -4.8999847e-11
   882 : -4.1595461e-10  2.6030022e-10  6.9763790e-10
   883 :  1.2809359e-04 -1.0133521e-04  1.1612251e-04
   884 :  2.0922519e-04 -1.1203804e-04  1.9000643e-04
   885 : -9.4460961e-03  2.2289429e-03  3.7591637e-03
   886 :  3.8103909e-03 -1.0239795e-02 -9.8929215e-03
   887 : -4.7081170e-03 -1.5666798e-02 -4.3297776e-03
   888 : -3.1836738e-03  2.9220068e-03 -5.3814489e-03
   889 : -2.5982331e-03 -3.0022321e-04 -6.1369291e-03
   890 : -4.7452204e-03 -7.3873721e-03 -3.7931686e-03
   891 :  8.2571641e-04 -2.4577613e-04 -2.7076232e-04
   892 : -3.1610167e-03  2.6147910e-03  5.8745205e-03
   893 : -8.7015416e-02  9.8181073e-02  1.1296390e-01
   894 :  1.6627513e-02  3.8661343e-02 -6.4872467e-02
   895 :  1.6004279e-02  4.9841962e-04 -1.2044691e-02
   896 : -9.1499039e-04 -4.9232143e-03  4.1349733e-03
   897 :  9.2010121e-05 -2.5660039e-05 -8.3734564e-06
   898 : -1.4700287e-05  1.2729743e-04  1.2368061e-04
   899 :  1.1869961e-03  3.9289988e-03  4.6498064e-03
   900 :  5.2238642e-03  2.0161507e-03  7.4377518e-04
   901 : -2.6136537e-03  2.9735328e-02  5.3321495e-04
   902 : -5.3440141e-03 -1.1026788e-02 -2.3538678e-03
   903 : -9.5416335e-04 -3.2381197e-03  3.9586140e-03
   904 :  4.1577500e-03  3.5563507e-03  1.4992436e-05
   905 :  1.8678593e-05  1.3524709e-04 -5.2942362e-04
   906 :  6.3248834e-04  1.6646238e-03  1.2134653e-03
   907 : -1.4414704e-03  2.7020104e-04  9.8770761e-04
   908 :  5.1930327e+00 -9.4090331e+00 -3.6705535e-01
   909 : -1.6620288e+00  3.8781012e-01  3.7524482e+00
   910 : -1.1644074e-04 -1.7261027e-04 -6.5676558e-04
   911 : -8.4212185e-04 -1.3588560e-03  5.7729950e-05
