Number of elements 912
     0 :  4.2791761e-04  5.1459315e-04 -1.1565441e-03
     1 :  2.7202252e-02 -2.7000268e-02 -3.0214268e-02
     2 : -7.1199487e-03  4.6197702e-04 -5.8046208e-04
     3 : -6.1249207e-03  8.4856855e-03  1.8398413e-02
     4 :  4.2000638e-03  5.1294599e-03  3.7357755e-03
     5 : -1.0821863e-02  8.2258983e-04  2.3883259e-02
     6 :  2.7205272e-09  1.6045891e-08 -1.2771813e-08
     7 : -4.0348622e-01 -4.7713810e-02 -3.4111832e-02
     8 : -7.9004518e-03  5.0427368e-04 -6.2917033e-03
     9 : -4.0968760e-08 -1.2424359e-07  6.1959420e-08
    10 :  6.6638329e-04 -1.3432250e-03  1.3158531e-03
    11 : -6.2663756e-09  1.1979311e-08  3.4987290e-09
    12 :  5.3796056e-03  2.5257916e-01 -2.4285228e-01
    13 :  7.5438904e-03  1.9380349e-03  5.3194284e-03
    14 :  3.2773381e-03  6.6111188e-03  3.6903230e-03
    15 : -1.2491029e-03  3.7088905e-03  7.5197281e-03
    16 :  2.3993737e-10 -2.1896045e-09 -5.9306864e-10
    17 : -2.2738749e-05 -4.1300460e-05  2.7580816e-05
    18 :  2.4152355e-03 -7.0679078e-04 -8.4830392e-03
    19 : -5.4948439e-11 -6.0336971e-11 -5.0312542e-11
    20 : -5.8698434e-05 -5.2886001e-05  1.8129008e-04
    21 :  3.2447669e-03  3.3562913e-05  4.0168689e-03
    22 : -2.9028347e-03  3.1497514e-03 -3.1615709e-03
    23 :  8.5570369e-10  9.8238645e-10  2.6474379e-10
    24 : -1.0213176e-02 -6.1244969e-03 -8.4118589e-03
    25 : -1.6958344e-11  1.1050940e-10 -3.8498685e-11
    26 :  1.2880501e-02 -7.3362114e-03  5.3743496e-03
    27 : -6.6906562e-05  2.1869154e-02  5.7694974e-03
    28 :  4.9986788e-03 -2.6681856e-02  4.4632464e-02
    29 : -6.6512145e-03 -5.9329939e-03 -2.2052784e-03
    30 : -8.8070764e-03  2.8966131e-03 -1.2958978e-02
    31 :  5.7674426e-03  5.7525982e-03  2.3920782e-03
    32 :  2.0867849e-07  1.0399136e-07 -4.0694480e-07
    33 :  6.1121902e-03  7.5828748e-03  6.6637050e-03
    34 :  3.7873973e-12 -1.2231895e-11 -6.6830887e-12
    35 :  1.2253002e-02  1.3543958e-02  1.0585808e-02
    36 : -4.9434135e-03 -1.3544942e-03  1.5547555e-03
    37 : -7.2326363e-03 -5.8777897e-03 -4.2979816e-03
    38 :  2.7473026e-03  3.2035585e-03  1.0350152e-02
    39 :  2.4177852e-02  1.5978631e-02  1.2270645e-02
    40 : -1.9528088e-02 -3.0533998e-01  2.9690889e-01
    41 :  2.0774680e-02  4.5859746e-01 -5.9259088e-01
    42 :  1.4268824e-10  2.5306348e-10 -2.6099162e-10
    43 : -8.1853013e-05  1.5979096e-04  1.0672212e-04
    44 :  1.4429817e-04 -4.2273618e-03 -5.6638711e-03
    45 :  2.8158979e-04 -1.2079432e-03  7.0793119e-05
    46 :  8.4410957e-03 -1.7323448e-03 -2.3836318e-03
    47 : -6.5547233e-07  3.7938688e-07 -6.1778614e-07
    48 : -1.5402737e-09  7.4063812e-09 -3.0515322e-09
    49 : -8.4826148e-03  6.4225904e-03  1.6498972e-03
    50 :  7.8245327e-03  7.9853892e-03  7.1933103e-03
    51 :  3.5609721e-03 -7.0534395e-04  2.9470972e-03
    52 : -7.7723327e-03  7.0777402e-03 -1.3622651e-02
    53 :  2.5150428e-08  2.0759483e-10 -6.1708073e-09
    54 :  1.2222074e-02  3.2396640e-03  4.5025010e-03
    55 :  5.8218705e-03  3.7885335e-03  6.2281675e-03
    56 :  6.3716731e-03  3.0700798e-03  8.6533529e-03
    57 : -4.9476978e-03  8.9833856e-03  2.2588499e-02
    58 : -1.0910371e-02 -1.3523868e-01  1.4682048e-01
    59 :  5.1437771e-03  2.5397138e-03  2.5802949e-03
    60 :  3.4319437e-03  2.4908272e-03 -3.8919364e-03
    61 : -1.7852310e-03 -2.4376101e-03 -8.3366791e-05
    62 : -3.8398316e-03 -3.3808598e-03 -5.0788324e-03
    63 :  1.6066851e-03 -1.4928923e-03  3.5142056e-03
    64 : -1.7484109e-02  1.9292674e-02  9.2970662e-03
    65 : -4.6612802e-03 -1.6359399e-02 -1.7289705e-04
    66 : -4.4483952e-03 -1.5739767e-02  8.1620824e-03
    67 : -3.4307851e-08  4.2703519e-08  6.0680202e-08
    68 : -1.3232113e-08  5.6951565e-08 -1.4290231e-08
    69 : -4.0770455e-08  4.8985886e-08  5.5216463e-08
    70 :  1.4952233e-03 -6.3565667e-04 -2.7018334e-03
    71 :  2.1465346e-02  5.5932390e-03  2.0843821e-03
    72 :  5.8891317e-10 -2.3186866e-09  7.7684598e-10
    73 :  3.2702637e-03 -5.7030910e-03 -1.3915523e-03
    74 :  1.7601582e-04 -4.1141474e-04  2.0462943e-04
    75 : -2.0065740e-05  1.5220051e-05  1.9446878e-05
    76 :  1.9744756e-10 -1.3424260e-09  2.2416099e-10
    77 :  3.5952517e-06  3.3746917e-06 -2.4156678e-07
    78 : -1.4589699e-08 -2.1169068e-08 -3.5584984e-08
    79 :  1.9702902e-04 -4.5869970e-05  2.2611383e-04
    80 :  9.1130629e-15 -1.2835048e-14  1.1849358e-15
    81 :  1.0950822e-06 -2.8695924e-06  4.8398072e-07
    82 :  8.6608220e-03  2.2557798e-01 -2.2604963e-01
    83 :  8.3046887e-12 -1.0529682e-12 -1.7965327e-11
    84 :  1.3735119e-10 -1.8852229e-10 -5.1334356e-11
    85 :  2.9084812e-03  1.6260328e-01 -1.8628411e-01
    86 : -2.2103812e-05 -6.1289263e-06  2.0346161e-05
    87 : -7.3216784e-05  1.1440030e-04  1.3915184e-04
    88 : -4.4278918e-03 -6.9713045e-02  7.7387316e-02
    89 : -4.5393448e-03 -5.6457839e-03 -7.3723105e-03
    90 : -2.4723737e-10 -5.5011433e-10  5.7284427e-10
    91 :  4.7075006e-03  6.5718139e-03  5.2404233e-03
    92 :  8.3055761e-03  1.2533416e-02 -7.9179296e-03
    93 :  9.1649935e-14 -1.2210217e-13  2.0512364e-14
    94 : -6.8609142e-05  1.2619413e-04  9.1102706e-05
    95 :  8.5622183e-09 -3.7451828e-09 -8.1317933e-10
    96 :  1.3740485e-02  1.0749939e-02  8.1092022e-03
    97 : -1.3014824e-03  2.2587507e-03 -4.5835423e-03
    98 : -5.2149621e-03 -5.6983585e-03 -3.1663224e-03
    99 : -1.2122768e-07 -1.2845392e-07  6.1935135e-08
   100 :  1.1757144e-07  1.1523093e-07 -1.8839134e-07
   101 : -1.4214051e-02 -4.6893086e-03  5.7579120e-03
   102 : -3.1731259e-04 -1.9178122e-02  1.9288218e-02
   103 :  3.3759291e-12 -2.9510607e-12 -3.5342083e-12
   104 : -1.1039407e-03 -3.5909032e-04 -1.1019072e-03
   105 :  8.0916475e-03 -5.0177501e-03 -7.4771026e-03
   106 : -1.2539422e-03  4.1218119e-03 -1.1015392e-02
   107 : -2.3091194e-02 -1.4504453e-02 -5.8285767e-03
   108 : -7.2867859e-03 -7.1703675e-03 -1.2172423e-04
   109 : -4.3192752e-03 -1.2260998e-03  1.9967498e-03
   110 :  5.1754053e-03 -2.8139399e-03  3.9243071e-03
   111 : -3.4107221e-03 -1.1222000e-02 -1.2622394e-02
   112 : -1.0788093e-06  5.8757049e-07  1.2955817e-06
   113 :  3.8398445e-03 -2.5318052e-03 -1.2274107e-03
   114 :  8.7872077e-03 -3.6942776e-02  8.1534907e-02
   115 :  1.2400553e-02  5.9223164e-02 -3.3929742e-02
   116 : -3.2564479e-05 -8.6653746e-02  1.0838476e-01
   117 :  4.7356892e-03  4.8000533e-03  7.2426298e-03
   118 : -1.0835010e-02  2.1722719e-02  2.6478334e-03
   119 : -1.6680633e-08 -8.2574055e-09  2.0544480e-08
   120 :  3.3864358e-03 -2.3439910e-03  6.9001846e-04
   121 :  1.8088191e-06 -5.1839623e-06  2.1789500e-06
   122 :  3.6552184e-03  7.8014787e-02 -6.8878440e-02
   123 :  1.5589981e-11  4.4132540e-12 -3.0174543e-12
   124 :  1.9705172e-08 -2.3311950e-08  9.1512085e-09
   125 :  6.7996105e-15 -2.3920522e-14  1.0191714e-14
   126 : -1.9565304e-05 -3.3355722e-05  5.0519645e-05
   127 :  1.7849135e-05 -3.7737344e-05 -2.3536756e-05
   128 : -1.5156329e-02  8.4422640e-03  1.4945101e-02
   129 :  3.1011904e-04  2.4395166e-04 -6.8830016e-04
   130 : -2.2602878e-03  2.8857036e-04  1.6250930e-03
   131 : -4.1270159e-03  3.9949775e-03 -3.1547437e-03
   132 :  1.0909900e-02  6.0526865e-03 -1.3041811e-03
   133 :  1.0293502e-03  3.8085741e-03  7.3425124e-04
   134 :  5.6272748e-03 -5.3955303e-03  1.5303785e-03
   135 : -1.1585703e+00  1.1435577e-01  2.6795089e-01
   136 : -9.3970619e-03 -5.2640589e-03 -6.9781993e-03
   137 : -6.0483435e-03 -1.3583454e-04 -6.4225463e-04
   138 : -6.7203249e-03 -4.7702608e-02  2.8139489e-02
   139 :  3.7327827e-03  4.6947978e-03 -1.5853877e-02
   140 : -2.1967708e-08  7.7052832e-07 -3.3500967e-07
   141 :  1.5216688e-07  7.5930060e-07  1.6883880e-06
   142 : -6.0391058e-03  1.5889345e-03 -6.9750616e-03
   143 : -6.1391349e-09  1.3521492e-08 -1.3640315e-08
   144 : -1.5850564e-02 -1.0451597e-02 -4.5032931e-04
   145 : -6.0258045e-04 -9.7735469e-02  1.3239961e-01
   146 :  4.9890688e-04 -1.0020000e-03 -1.5634866e-03
   147 :  2.8267540e-09 -1.2256252e-09 -1.0736050e-09
   148 : -2.0074601e-04  3.6446092e-04  5.5328662e-04
   149 : -5.0148129e-05  3.2015982e-03  7.1771052e-04
   150 :  8.5315591e-03  1.9267534e-02  9.5565831e-03
   151 :  3.8422303e-06 -1.9993074e-06 -9.3234230e-06
   152 : -6.0434826e-06  1.2537092e-04  1.0651454e-04
   153 :  5.1602878e-02 -1.0951023e-02 -2.9147341e-02
   154 :  1.3488885e-13  1.4698745e-14 -7.2251017e-14
   155 : -8.8071374e-09  4.1020329e-10 -6.0032716e-09
   156 :  2.0006230e-10 -2.4440718e-10  1.5333625e-10
   157 : -3.2985252e-03  6.5659231e-03  3.3117018e-03
   158 : -1.5057564e-02  1.8927741e-02 -2.0367469e-02
   159 :  1.6398467e-02  2.6850287e-02 -1.4240286e-02
   160 : -1.1503265e-12  8.7648503e-13  2.1139230e-13
   161 :  4.0520330e-12  9.1385049e-13 -4.0699550e-12
   162 :  3.1630374e-03  1.4327391e-03  3.3157969e-03
   163 :  2.1324336e-02  1.1817630e-02  1.1342896e-02
   164 : -4.6124347e-06 -2.0175669e-06 -1.6003484e-05
   165 :  2.5280002e-02 -9.9467829e-04  1.5414530e-02
   166 :  2.3591947e-09 -6.3708510e-10 -3.8331292e-09
   167 : -7.6237204e-03 -8.0682500e-03 -5.0304766e-03
   168 :  4.6505475e-03  7.3140851e-03  1.3789150e-02
   169 : -1.3771911e-02  1.1394050e-02  9.6063804e-04
   170 :  5.2769655e-09 -2.3775887e-09  8.9298971e-09
   171 : -8.5348095e-09 -3.5584126e-09  1.6831837e-08
   172 :  6.9510485e-03  3.3430750e-04  3.0378744e-03
   173 :  8.8239796e-03 -5.7943927e-03  1.1423306e-02
   174 : -8.0422333e-03 -1.3821977e-04  1.6068103e-04
   175 : -8.3907054e-04 -1.6670090e-04 -5.0541360e-04
   176 :  6.5740207e-08 -1.4425198e-07 -1.4237781e-07
   177 :  4.2656545e-03 -1.1035210e-02 -9.7994203e-03
   178 :  7.8889867e-03  3.1822739e-01 -3.4086223e-01
   179 :  1.0417216e-02 -6.1087442e-04 -7.8604885e-03
   180 : -5.2343506e-10 -9.1348721e-10  6.5622827e-10
   181 :  1.1607555e-02  2.1081782e-02  5.0955470e-03
   182 :  1.1728470e-04  3.6597893e-05  4.9945814e-05
   183 : -6.8909247e-04  2.9937988e-03 -6.5742509e-03
   184 : -2.4175046e-12 -1.5915467e-13 -1.7600473e-12
   185 : -4.2851890e-05 -4.2908357e-05  1.6651990e-05
   186 :  1.2400370e-02 -3.8762213e-03  8.9408322e-03
   187 :  1.0843712e-02 -8.7138211e-03 -6.1416833e-03
   188 :  9.7477560e-03  2.7014862e-01 -2.6465316e-01
   189 : -9.9977093e-03  2.0234330e-03  1.0291370e-02
   190 : -9.3166677e-03 -7.8480140e-03  8.5569939e-03
   191 :  2.8593290e-11 -5.8978828e-12 -1.3461288e-11
   192 :  1.5332452e-02  3.2208129e-03  5.6619438e-03
   193 :  2.8923079e-03  6.6425568e-04  3.3062281e-03
   194 :  3.1845182e-03  1.5534823e-01 -1.7213477e-01
   195 :  1.6235929e-02  9.8325102e-03  2.7533627e-03
   196 :  4.9912082e-10 -1.2642411e-09 -1.0637101e-09
   197 : -7.6651871e-09  1.2480909e-08  4.5862792e-09
   198 :  1.1438335e-02  1.5172511e-03  1.0499015e-02
   199 : -1.6523890e-02  2.1065831e-02  1.2839769e-03
   200 :  6.3066337e-09 -5.2974679e-08  5.8256734e-08
   201 :  1.8499937e-02  1.1738564e-02 -3.5485401e-04
   202 :  5.5560795e-03  5.7380388e-03 -1.4758008e-03
   203 :  1.2284599e-10  3.9301541e-11 -6.2582996e-11
   204 :  5.6652175e-03 -5.0321006e-03  9.6016348e-03
   205 :  3.6639348e-03 -3.6703103e-02  5.9747118e-02
   206 :  3.3066424e-11  5.7382696e-12  2.2272522e-11
   207 : -6.6456368e-09  4.0291548e-09 -3.0629601e-09
   208 :  1.0255342e-05  9.3128607e-06 -2.2912807e-05
   209 : -9.4373318e-02  6.9915212e-02  4.3103750e-02
   210 :  9.6661882e-03 -3.2450777e-02  5.1887213e-02
   211 :  1.1121071e-10  5.6505529e-12  5.7241847e-11
   212 : -4.4584514e-03 -4.5608083e-03  8.8850762e-04
   213 : -1.3541631e-08 -1.1707232e-08  2.0136214e-08
   214 : -2.2416271e-04  8.1280375e-04  3.1332935e-03
   215 :  1.1517050e-02 -1.8760684e-02 -7.9721249e-03
   216 : -4.6190046e-03  8.5452085e-03  1.2375371e-02
   217 :  1.2148907e-13  2.5979441e-14 -1.1431542e-13
   218 : -2.9452529e-06  5.4470453e-06  4.6092481e-06
   219 : -4.2491175e-03  1.8035227e-03  4.7100045e-03
   220 : -9.3254989e-06 -2.7023906e-05  4.8114955e-05
   221 :  5.8488131e-08 -5.7667950e-08 -1.4262560e-07
   222 : -3.1566102e-03 -7.9855071e-03 -2.1751865e-03
   223 : -6.1615645e-03 -6.0854383e-03 -7.9318321e-03
   224 : -9.8564522e-03  2.0733472e-02  8.5140246e-03
   225 : -8.9736482e-05 -3.6011935e-05  2.4889744e-04
   226 : -3.8519065e-07  1.3096140e-07  1.1386790e-07
   227 :  1.2259704e-03 -8.1540986e-04 -1.0834310e-03
   228 : -3.0358422e-04 -1.2639904e-01  1.3997768e-01
   229 : -4.7112276e-04 -2.2728794e-04  4.2381114e-04
   230 :  3.5546613e-10 -7.8635639e-09  8.6250696e-09
   231 :  1.2611203e-09 -3.6797577e-09  1.0067134e-08
   232 :  5.9965209e-14  3.2156568e-14 -4.3131601e-15
   233 :  7.0873417e-08 -1.5504052e-07 -1.2315728e-07
   234 :  1.7209669e-03 -2.7217949e-03  1.6393900e-03
   235 :  1.0198605e-02  2.0704122e-02  6.2941405e-03
   236 : -6.1482231e-07  1.0295193e-06  1.7055745e-07
   237 : -7.2810454e-06  8.1294646e-06 -2.2288907e-05
   238 :  5.3080991e-11  6.1204462e-12 -2.5945014e-11
   239 : -9.9274359e-08  3.8582816e-08 -9.6948558e-08
   240 :  3.2776559e-10 -1.9024700e-10 -7.8846822e-10
   241 :  3.2736110e-03  2.0191070e-03 -7.9953366e-05
   242 : -2.8500611e-02 -1.9450208e-02  1.3679647e-02
   243 :  6.0139538e-03  5.5352404e-03  5.4112224e-03
   244 :  6.9424791e-03  4.0583041e-03  2.6449126e-03
   245 : -8.4399919e-07 -1.1213719e-06  1.8452692e-06
   246 : -4.2846561e-04 -6.1620168e-03 -6.9085162e-03
   247 : -4.2852417e-03 -7.5775625e-03 -2.9550448e-03
   248 : -3.0292039e-13 -1.3362238e-12  8.5837922e-13
   249 : -3.2735252e-05  2.3134482e-05  6.5392434e-05
   250 :  1.3253022e-02 -5.6184106e-04  1.0268189e-02
   251 :  4.1268471e-03 -2.9346891e-04 -2.9618050e-05
   252 : -1.6681235e-07  1.1972825e-07  1.0406308e-07
   253 :  3.2022092e-10 -3.5519541e-10  3.1482591e-10
   254 :  6.4776936e-03  5.5707852e-03  5.5044524e-03
   255 :  1.1375750e-02  3.0743851e-03 -3.3947075e-03
   256 : -3.9633600e-03 -3.1649362e-03  1.1845122e-03
   257 : -4.7468433e-03  3.0620310e-03 -3.7362112e-03
   258 : -2.2865581e-03 -2.1277275e-03  5.3075334e-03
   259 : -1.9518893e-07  2.1351895e-06 -4.8568160e-06
   260 : -3.0454659e-04 -7.6500887e-04  3.5360958e-03
   261 :  3.5646253e-03  4.4923768e-03 -4.6755963e-04
   262 : -1.2678941e-06  1.6060503e-06  7.4437360e-07
   263 : -3.9678686e-08  4.7760905e-08  7.6846078e-08
   264 :  1.1934986e-02 -3.0176997e-03  6.8485239e-03
   265 :  6.7593315e-03 -5.7409808e-03  5.0780578e-03
   266 :  1.9242568e-04  3.1817192e-04 -4.4926716e-05
   267 :  3.5318775e-04 -1.1843205e-03  3.2277728e-04
   268 : -3.0523233e-10  3.7654008e-09 -9.8329326e-09
   269 : -2.3728067e-03 -2.7351988e-03 -1.9593380e-03
   270 : -5.9644110e-04  5.2158001e-04 -1.2637833e-03
   271 :  3.7605907e-03  3.2857711e-03  4.7756070e-03
   272 : -3.1331226e-04  2.0527043e-04 -1.1168458e-04
   273 :  1.1347421e-07 -1.5533005e-07 -1.2553158e-07
   274 : -2.3796693e-03  3.1531679e-04  7.9027023e-04
   275 : -2.8474108e-07  6.5336570e-07  1.3025415e-06
   276 :  1.3458295e-02 -1.8651548e-02  5.8220916e-03
   277 :  6.1658471e-08 -1.4358731e-07 -1.2662597e-07
   278 : -7.6878692e-03 -1.7910205e-03  6.2267752e-03
   279 : -4.1960965e-03  1.4596545e-02  2.0438963e-02
   280 :  6.3942224e-04 -7.2610435e-03 -9.0736143e-03
   281 :  1.2600923e-02  1.2769449e-02  1.1267653e-02
   282 :  3.5030483e-03 -1.5194241e-03 -1.2345498e-03
   283 :  6.7998755e-06 -1.7055537e-05  1.5298719e-05
   284 : -1.4205007e-07 -1.3247803e-07  4.6841513e-07
   285 :  6.2335597e-03  3.8747311e-03  5.6610753e-04
   286 : -5.4876410e-03 -2.6912247e-03 -4.8380762e-03
   287 : -7.5973126e-03  2.9375488e-03  7.1812317e-03
   288 :  5.1655082e-03  5.0951691e-03  4.1047010e-03
   289 : -1.0619353e-02  4.5874459e-03 -9.6738780e-03
   290 :  3.8323669e-03  2.7149134e-03  3.3980671e-03
   291 :  1.3532741e-02 -7.0392567e-03  1.9567423e-02
   292 : -2.5270274e-03 -5.3688107e-03  4.4627038e-04
   293 : -5.0135967e-05  5.4857344e-05  5.4463877e-05
   294 : -4.6132766e-03  2.1962007e-03  1.4336972e-03
   295 :  1.0098027e-10  1.8848909e-10 -8.2389393e-11
   296 : -2.9298343e-03  3.6303288e-03 -1.5954269e-03
   297 :  1.6297512e-02 -7.7299545e-03  5.9628475e-03
   298 : -5.7230499e-03 -1.7100316e-01  1.7999023e-01
   299 : -1.7852508e-11 -6.5852637e-12  2.1050347e-11
   300 :  1.2597580e-03  1.6954399e-02  9.4160158e-03
   301 :  3.5095716e-03  2.1037466e-04  4.2563754e-03
   302 : -7.0409086e-03 -3.0612317e-02  1.2498146e-02
   303 : -1.5014431e-02 -9.7451160e-03  1.9755160e-03
   304 : -3.9628883e-03 -4.8959007e-03 -1.3360269e-03
   305 :  2.5546683e-03 -1.5537835e-03 -1.3334881e-03
   306 : -1.4900078e-03 -3.1602054e-03  2.7566098e-03
   307 : -6.9253956e-03 -4.8047272e-03 -2.2375135e-03
   308 :  7.0746326e-03  1.5137927e-03  1.2392596e-02
   309 : -1.1311477e-10 -2.9988274e-11  6.6575531e-13
   310 :  2.8456783e-02  4.8551207e-03 -6.8992462e-03
   311 :  4.0800933e-03  1.0896336e-02  5.8892895e-03
   312 :  2.1533105e-09 -1.5638389e-09 -2.3490169e-09
   313 :  6.2502024e-06 -3.6925588e-05  1.1665134e-05
   314 :  5.6324644e-11  7.1191990e-11 -2.3718394e-10
   315 : -2.1827226e-07 -6.9394384e-07  2.3806039e-07
   316 : -9.3178342e-03 -8.2095452e-03 -8.7890226e-03
   317 :  7.6681966e-12 -1.5124816e-11 -1.2069063e-11
   318 :  3.8944421e-03  6.9656744e-03  4.9003285e-03
   319 : -3.5341042e-03  5.0540706e-03  2.5682749e-03
   320 : -1.4575284e-02 -1.0708638e-03 -3.2806177e-03
   321 : -6.8127197e-04 -6.4522075e-03 -3.0428189e-03
   322 : -1.5242770e-11  3.5975563e-11 -7.8949562e-12
   323 :  8.6235746e-12  1.4673132e-11 -2.1856129e-12
   324 : -9.8760207e-07  3.5508964e-06 -8.7027796e-07
   325 : -1.9148905e-05  6.4417331e-06 -1.4628508e-05
   326 :  4.5509676e-02  7.1882168e-03 -2.9611244e-02
   327 :  7.3510694e-03  2.3365554e-01 -2.4818787e-01
   328 :  4.0411906e-03 -1.4207688e-04  2.5364177e-03
   329 : -4.6836786e-07 -2.8403682e-06  1.2371556e-06
   330 :  1.8630462e-12  1.1701286e-12 -6.6629586e-12
   331 : -1.6993457e-03 -2.3870408e-03  3.3727747e-04
   332 : -6.3239017e-03 -1.0902787e-02  1.4571227e-02
   333 : -3.9016619e-06  1.8366756e-06 -9.9475214e-07
   334 :  1.3588276e-02  8.0249747e-03  1.6089292e-02
   335 : -7.9494447e-03 -4.3139857e-02  2.3782410e-02
   336 : -1.3074468e-04 -2.4710281e-02 -2.3237075e-03
   337 :  3.4805555e-10 -5.7421734e-10  1.3497193e-09
   338 :  1.1769099e-02  9.4747610e-03  7.7068633e-03
   339 : -3.8134181e-07  1.1054262e-06  6.6713682e-07
   340 :  1.0780215e-03  4.7808488e-03  6.5968160e-03
   341 : -1.1258361e-10 -1.1657548e-09  6.3496523e-10
   342 :  3.0156352e-07 -4.2194825e-07 -3.3887079e-07
   343 :  6.1422365e-03  1.0771227e-02  4.3349937e-03
   344 :  6.4139446e-03  6.6629778e-03  2.9071093e-03
   345 :  3.3571305e-03  3.2175735e-04 -2.2616583e-03
   346 : -6.2779181e-07 -3.9483806e-07  2.7076659e-07
   347 : -2.0143204e-03 -3.4458081e-03 -1.0026290e-04
   348 : -5.6841400e-03  1.9850605e-03 -2.6533138e-03
   349 :  7.2511950e-03 -3.1377834e-03  2.9213087e-03
   350 : -1.4555458e-03  3.1251619e-03  3.9404638e-04
   351 : -3.5665164e-06  7.7028806e-06  2.0977594e-05
   352 : -7.2693363e-02  3.9847594e-02 -8.1315171e-02
   353 : -4.8363796e-03 -7.4770073e-03 -3.4590674e-03
   354 :  2.6137920e-03  1.4135406e-03  1.2021849e-03
   355 : -3.9908776e-03  1.9378865e-03 -3.8755221e-03
   356 :  1.2711585e-09  1.1264658e-09 -1.6734517e-09
   357 :  2.5670060e-02  1.7257901e-02 -8.4475272e-03
   358 : -1.9965777e-03  1.7912149e-03  2.2980498e-03
   359 : -2.6320526e-15  6.2507785e-15  1.0406582e-14
   360 :  1.3791726e-03  8.1537075e-03  7.1578054e-03
   361 :  7.4711505e-05  3.3082973e-05 -3.4262927e-05
   362 :  1.5334587e-03  2.0807311e-03  1.0630141e-02
   363 : -1.1141222e-03  6.2082268e-04 -2.1849319e-03
   364 :  2.4865845e-04  1.4406031e-05  9.0108486e-05
   365 :  1.2345741e-02  9.7419847e-02 -6.7573172e-02
   366 : -1.8825540e-09  4.2510400e-09  2.8217296e-09
   367 :  2.2555574e-02  6.5495626e-03  2.0364150e-02
   368 :  3.6381927e-03  7.1164418e-03  5.9496598e-05
   369 :  1.8194886e-02  1.0160766e-02  1.3655216e-02
   370 :  4.1965612e-03  1.0911336e-03  1.6635146e-02
   371 :  7.9102451e-09  2.4293181e-09 -5.7144344e-09
   372 :  2.7275766e-02 -4.2970684e-02  1.0318460e-02
   373 : -1.8173273e-03 -2.9912169e-03 -8.5585757e-03
   374 :  1.9178389e-03 -3.1843287e-03 -2.8324130e-03
   375 : -8.7788128e-06 -9.3935680e-06  4.2905454e-06
   376 : -4.6330301e-10  5.0688338e-10  7.3207228e-10
   377 :  6.1400414e-03  8.2470200e-03  1.3686274e-02
   378 :  8.2272102e-03  4.6082651e-04  2.9849276e-02
   379 :  3.4277817e-13 -4.8866800e-14 -2.3921321e-13
   380 :  4.0086250e-03  3.4294717e-03  1.9913561e-05
   381 : -7.8349043e-04 -1.0177796e-03 -2.2791634e-04
   382 :  3.2111896e-04 -6.3711713e-04 -3.1543072e-04
   383 :  6.0932056e-03  3.2546736e-03  1.5083518e-02
   384 : -1.4084258e-05  2.2492607e-05 -1.7055238e-05
   385 :  1.0034592e-03  6.5369015e-04  8.5844364e-05
   386 : -8.8126931e-03 -8.3502553e-03 -8.1100074e-03
   387 : -1.6999279e-06  4.5701657e-06  6.4203700e-06
   388 : -3.1360568e-05  3.5557620e-03  1.3260642e-02
   389 : -2.3703021e-03  2.2790607e-03  8.1706964e-04
   390 : -7.6653541e-03 -1.9720874e-02  9.4107163e-03
   391 : -1.1669105e-03  2.9702054e-04 -5.6661643e-04
   392 :  3.4371632e-05  2.0727031e-03  4.1118325e-03
   393 : -2.1333342e-03 -8.4650533e-03 -8.2565813e-03
   394 : -1.2068865e-04  2.9227638e-04  1.6031174e-04
   395 :  4.8385676e-03  9.2793979e-03  7.5773537e-03
   396 :  6.3619849e-12 -8.0693363e-12  1.8312888e-11
   397 : -2.0254060e-03 -7.4702244e-03  2.9078331e-03
   398 : -1.3705186e-04  1.1450499e-03 -1.1682888e-02
   399 : -9.5718139e-03 -4.9556089e-03  4.5195927e-03
   400 :  1.3393025e-02  2.5202809e-03 -2.0239885e-04
   401 : -6.5825753e-03 -8.9246247e-04 -1.3247734e-03
   402 :  5.1673213e-05  8.3333044e-05  6.7552624e-05
   403 :  3.7489065e-04 -8.1865472e-04  1.7221997e-04
   404 : -7.2642200e-10 -1.0353707e-09  3.3328551e-09
   405 : -9.7923938e-03  8.6373826e-03  4.9142276e-03
   406 :  1.6318408e-03  3.0012345e-03  5.6789946e-03
   407 : -6.7027952e-03 -5.6285745e-04 -4.4987843e-03
   408 : -3.9286981e-03 -6.7331657e-03 -4.7704574e-03
   409 : -6.3851821e-03 -1.2471934e-02 -6.1966930e-03
   410 : -2.0887059e-03 -7.2927695e-03  2.3924269e-03
   411 : -8.8031653e-03  1.4355212e-03 -5.0012777e-04
   412 : -1.1927881e-02 -3.7059202e-03 -4.7164989e-03
   413 :  1.4838978e-10  1.1699881e-10 -3.9062665e-10
   414 :  1.9940044e-03  3.4726723e-04  3.0027187e-03
   415 : -2.7376232e-03 -6.6351589e-03 -4.2783471e-03
   416 :  5.0522890e-07 -1.8815155e-07  9.3377511e-07
   417 : -3.3525354e-03 -6.5150358e-04  4.6354701e-03
   418 : -5.6505760e-03 -3.6374962e-03 -5.7112162e-03
   419 :  2.4341067e-08 -4.9705642e-08  6.6877753e-09
   420 : -2.1942903e-08  7.7514604e-08 -2.5960674e-08
   421 : -1.0643043e-06  3.9022613e-06 -1.2504445e-06
   422 :  1.1740051e-02  4.3357511e-03  1.5212600e-02
   423 : -6.9643408e-03  6.6878067e-03  1.7935434e-02
   424 :  1.3160096e-04 -2.9136590e-05 -4.5212268e-05
   425 :  2.0292874e-05  2.5554781e-05 -9.7683976e-06
   426 : -3.7653599e-04 -4.4602008e-04  2.9488976e-04
   427 :  4.3275408e-03  9.0475372e-04  7.6178464e-03
   428 : -3.8300543e-05  3.1287690e-04  3.5103978e-04
   429 : -6.8821909e-03 -7.4254904e-03  1.8547318e-03
   430 : -9.0165634e-04 -1.3620085e-03 -5.7615390e-04
   431 :  4.9539263e-03 -7.0748254e-03 -8.5495934e-03
   432 :  1.1076463e-02  1.3107558e-02  9.5261127e-03
   433 : -2.8506018e-11 -2.6840909e-10 -1.1447162e-12
   434 : -4.2873790e-03 -8.2341658e-03 -8.5310228e-03
   435 :  1.3530922e-02  1.4912883e-02  1.7425323e-02
   436 : -8.1197279e-06 -1.6471820e-05  3.2232943e-06
   437 :  2.0795713e-02 -2.4098539e-02  1.9043019e-02
   438 :  3.3793591e-03  3.1655951e-03  5.7126462e-03
   439 : -4.3124265e-03 -2.1242191e-03 -3.0996057e-03
   440 :  5.4786509e-07 -1.9220376e-06  4.1481197e-07
   441 : -8.0409510e-11 -5.5709022e-11  5.4453344e-12
   442 : -1.3835048e-05 -1.7964302e-03 -1.9928206e-03
   443 :  2.4349899e-02 -2.2079764e-02 -6.4368873e-03
   444 : -2.7843518e-03 -2.0095125e-03 -1.5401627e-03
   445 :  1.3132903e-03  3.9371645e-03  6.3660257e-03
   446 :  2.4428621e-03  5.8972024e-03 -2.7168626e-03
   447 :  1.0042915e-02  2.1116704e-02  4.8876421e-03
   448 : -7.3504666e-03 -3.7202112e-04 -6.9197976e-03
   449 :  1.7732411e-10 -4.4005737e-10 -2.8626966e-10
   450 : -3.1117355e-11  3.5648242e-11  4.8557867e-11
   451 :  5.6794398e-03 -2.7880507e-04 -3.8276793e-03
   452 : -2.2940576e-03 -7.8607113e-04  2.2548120e-04
   453 :  1.0444446e-02 -1.5788180e-04  6.1048380e-03
   454 :  3.9068648e-03  1.9450983e-03  2.9982412e-03
   455 : -3.4594694e-04  3.2439772e-04  3.6367341e-04
   456 : -9.4203021e-03  2.7852085e-03 -4.7389250e-03
   457 :  6.3973826e-11 -1.2867804e-10 -1.0453463e-10
   458 : -1.2174483e-03  9.4814531e-04 -1.4267033e-03
   459 : -1.0125477e-02  1.3195218e-03  4.0191629e-04
   460 : -7.2907471e-03 -6.4957523e-04 -6.6689267e-03
   461 :  2.0761885e-02  1.9539092e-02 -3.5276673e-03
   462 : -2.0967762e-03 -2.3496098e-03  7.9560359e-04
   463 : -2.7012231e-07 -1.9918404e-07  9.3366118e-07
   464 :  1.3418609e-02  1.7994284e-02  9.9218730e-03
   465 : -1.1448718e-02  1.1838167e-03 -6.7504053e-03
   466 : -7.3673045e-03 -4.4359510e-03  2.8363945e-03
   467 : -2.9100129e-07 -4.6115808e-07  1.0199462e-06
   468 :  9.5524321e-06 -1.1069914e-05  4.8545032e-06
   469 :  1.7807202e-12  4.0790792e-13 -5.1973086e-13
   470 :  1.8630665e-10 -2.2668725e-10 -2.3338598e-11
   471 :  6.2148836e-05 -4.5210084e-05 -6.5402445e-05
   472 : -2.0549692e-06  4.0286756e-06  2.2005569e-06
   473 : -1.2163504e-02 -3.8562755e-03 -3.8850312e-03
   474 : -1.7401984e-08  1.7430843e-08  2.1065907e-08
   475 :  1.8049846e-04 -2.3867406e-05  1.2655979e-04
   476 :  1.2314939e-04  6.3530053e-05 -7.5721902e-05
   477 :  1.9714089e-12 -2.8783437e-12  1.6787125e-11
   478 : -2.7160611e-04 -1.0226440e-02 -1.9320541e-02
   479 :  1.0734013e-12 -3.2741551e-12  9.9294250e-13
   480 : -8.0817909e-03 -5.9876815e-03 -2.3028348e-03
   481 :  3.9752140e-04  3.5717423e-04 -1.3065756e-03
   482 :  1.1802258e-07 -3.5538582e-07  1.2606985e-07
   483 :  6.5687230e-03  3.1994027e-03  5.4522786e-03
   484 :  6.4291001e-03  5.2427709e-03  8.0961766e-03
   485 :  2.4450762e-02 -8.6955173e-02  9.1208559e-02
   486 : -8.9374559e-05 -5.9458353e-03 -7.3398289e-04
   487 :  4.8219210e-03 -1.0040630e-02 -3.3244192e-02
   488 :  5.6260588e-03  6.5452772e-03  5.5829673e-03
   489 :  9.7756005e-09  9.6639141e-10 -1.6702196e-08
   490 :  2.8663167e-07  6.8279561e-08 -1.0135972e-07
   491 :  1.5992305e-07  2.4887779e-07 -1.5088973e-07
   492 : -1.1306870e-02 -4.6345139e-04  6.4478638e-03
   493 :  3.6329108e-03  6.7787414e-03  7.0779006e-03
   494 : -3.1612008e-04 -1.6261178e-03 -2.0332099e-03
   495 :  9.2490403e-03  5.6766126e-03 -7.9129932e-03
   496 :  2.6017262e-06  2.5654253e-05 -5.4450841e-05
   497 :  1.7845689e-11  3.6667218e-10 -2.8815818e-10
   498 : -3.9213665e-09  3.8628596e-09 -4.5863435e-09
   499 : -9.4333990e-03  3.0005694e-03  3.2647211e-03
   500 :  4.4061478e-14 -8.3229543e-12 -1.3363179e-11
   501 : -4.2560470e-12  1.4397375e-11  9.5504111e-12
   502 : -3.8410043e-03  5.7234602e-04 -4.1892604e-03
   503 :  7.9885703e-05  2.6475476e-03 -4.1758576e-03
   504 : -2.6199185e-03 -5.9855421e-03 -4.8154474e-03
   505 : -4.5539354e-03 -2.7120729e-03 -7.3506063e-03
   506 : -1.2055671e-07  2.1094599e-07 -9.8155216e-08
   507 :  2.8998465e-06  1.7343371e-06 -3.4025873e-06
   508 :  1.5690840e-06 -2.7047891e-06  1.1569314e-06
   509 : -1.3334122e-03 -7.1809564e-03 -8.5118611e-04
   510 :  3.4479316e-06 -2.5565189e-05  8.0452619e-06
   511 :  8.2722566e-03  1.1004053e-02  6.6835528e-04
   512 : -8.5693355e-04 -1.1393822e-03  3.7879864e-04
   513 : -9.8292049e-03 -2.7667696e-02 -1.3995320e-02
   514 :  2.5834870e-02  9.9247495e-03  8.9339560e-03
   515 :  5.2399385e-03  1.7990966e-02 -2.8528702e-04
   516 :  4.1337793e-06  6.5103589e-06 -2.6599156e-06
   517 :  1.0440697e-03 -2.1563994e-03 -4.3909596e-03
   518 :  2.7949227e-02  1.3630785e-02  1.3852828e-02
   519 :  1.1874483e-02  2.4246790e-03  4.4247047e-03
   520 :  1.2087487e-02  7.9534154e-03  6.9197415e-03
   521 : -2.3685815e-04  2.3287382e-03  2.4234504e-03
   522 :  1.1515311e-03  7.2234898e-04 -7.0873749e-04
   523 : -4.0804555e-04  3.1867049e-02 -2.5065876e-02
   524 : -5.7955886e-03 -9.9158505e-02  1.0217968e-01
   525 :  1.8149894e-02  5.9553575e-03  1.1727884e-03
   526 :  1.9876871e-04  1.9618263e-04 -3.8378479e-04
   527 : -5.7946841e-10  3.3376544e-09  2.8616860e-09
   528 : -1.9152275e-02  9.2261854e-04 -2.4489842e-03
   529 : -4.7535183e-03  1.6295942e-03 -1.6052354e-03
   530 : -8.5511841e-04 -2.6017729e-03 -1.5524546e-03
   531 :  6.9482294e-03  7.8278074e-03  1.8354687e-03
   532 :  4.6592547e-03  1.2736454e-02  9.1773997e-03
   533 : -3.6362870e-13  1.6422195e-13 -8.2357631e-14
   534 :  7.1539292e-14  2.6162834e-13 -6.1868667e-13
   535 :  8.8616065e-08 -5.9139563e-08  3.4734878e-08
   536 : -7.3909453e-03  2.9881561e-03 -1.7773069e-04
   537 : -1.9714720e-05 -4.2721109e-03 -6.5107155e-03
   538 : -4.9146346e-03  4.3419002e-03  2.0265245e-03
   539 :  1.8958413e-09 -1.0938617e-08  1.1747132e-08
   540 : -1.8865162e-07  4.9787088e-07 -2.0359498e-07
   541 :  5.4284524e-07  1.8048245e-06  1.3615806e-07
   542 :  1.3741500e-02  7.9481606e-03  1.3442369e-02
   543 :  4.9031792e-10  6.1593163e-10 -2.4036111e-09
   544 :  9.8086765e-03 -6.7677132e-03 -1.4910486e-03
   545 :  1.0215228e-05 -3.2588697e-05 -4.8622092e-05
   546 :  4.1181414e-03  5.6204611e-03  3.5775637e-03
   547 :  2.8802231e-07 -7.3861688e-07  3.1311189e-08
   548 : -2.2451688e-03  1.3061995e-03 -2.2463131e-03
   549 :  3.0484441e-06  6.1840190e-06 -1.4798420e-05
   550 : -5.8294179e-03  1.1391407e-02 -7.0071495e-03
   551 :  3.6021997e-03  4.2364631e-04  3.1092302e-03
   552 :  4.7298293e-03 -1.4542577e-02  6.1215152e-03
   553 :  1.0612119e-02  6.7855698e-03 -2.8425619e-03
   554 :  7.7626600e-06 -4.1839998e-05  2.5574463e-06
   555 :  1.1856534e-02  1.1360702e-02  1.0976378e-02
   556 :  4.7827199e-06  6.6716304e-06 -2.0443723e-06
   557 :  1.4430082e-02 -2.0531914e-03  2.4653766e-03
   558 : -5.5965648e-03 -1.3122935e-03 -5.8547235e-03
   559 :  3.8478663e-03 -3.9764949e-03 -5.6107009e-03
   560 :  5.8319306e-03  8.0373429e-04 -1.2940285e-02
   561 : -7.5007220e-04  2.7155000e-03  1.5844840e-02
   562 :  5.7706901e-03  6.6501113e-03  1.1307637e-03
   563 :  5.1827151e-11 -2.1517270e-11 -1.1207348e-12
   564 :  3.3166208e-03  4.4886605e-04 -3.4447019e-04
   565 : -8.2655117e-03 -8.0493095e-03 -6.0609594e-03
   566 : -1.5942954e-06 -9.2778401e-07  3.4977750e-06
   567 :  3.1590307e-02 -1.5595520e-02  6.3102569e-02
   568 :  5.4466834e-03  7.1154628e-03  1.1932438e-02
   569 : -2.7163540e-04  3.3581859e-04 -1.7371344e-03
   570 :  2.0225726e-06 -3.8970954e-05 -3.6585291e-05
   571 :  1.3764007e-02  1.5261604e-02  4.4016363e-03
   572 :  2.1484634e-11 -2.0464166e-12  6.6708780e-12
   573 : -1.2047546e-02 -8.0207949e-03 -1.0562469e-03
   574 : -6.1263011e-03 -1.7334923e-03 -7.6721428e-03
   575 :  2.1704965e-03  1.7341224e-03  2.8884908e-03
   576 : -1.1176014e-02 -7.5884590e-03 -8.2704720e-03
   577 :  4.4972051e-03  5.0317713e-03  4.0120619e-03
   578 : -2.1530220e-13 -3.6970495e-12  1.7648021e-12
   579 :  7.0759044e-03  2.2281950e-03  7.0407891e-03
   580 :  5.0958545e-03  6.3443318e-03  5.2914800e-03
   581 : -4.5198618e-06 -1.4446363e-05 -1.6366223e-05
   582 :  8.8779555e-13 -1.1443260e-12  4.6751551e-13
   583 :  5.8216855e-04 -1.8108895e-03 -1.1762074e-03
   584 : -4.2979573e-10  9.5742567e-10 -4.4237615e-11
   585 :  1.3594695e-04 -2.3923912e-03  2.0530477e-03
   586 :  1.9456577e-07 -1.1476569e-06  1.0622709e-06
   587 :  2.4837350e-04 -5.3257129e-04  2.3134441e-04
   588 :  3.1829370e-06 -1.4385650e-06 -8.3243539e-07
   589 :  1.7543012e-03 -6.4163846e-03 -2.4268011e-03
   590 :  6.8121826e-03  3.9700400e-03  1.0878054e-03
   591 :  5.2706945e-12 -7.8734839e-12 -1.4898651e-12
   592 :  6.8508668e-06 -6.8478120e-07 -7.2106262e-06
   593 :  4.6444564e-03  7.3674406e-03  6.6072499e-03
   594 :  4.6257863e-03  7.4019419e-03 -1.1671287e-03
   595 : -4.4808651e-04  1.7449486e-02 -1.5700339e-02
   596 : -2.9434423e-02 -2.4272062e-01  2.1513937e-01
   597 :  1.0049719e-02 -4.0386368e-03  1.2900178e-02
   598 : -1.5600995e-04 -9.1027614e-04  6.2166374e-04
   599 :  1.7053461e-02 -7.3178495e-03 -4.1809280e-03
   600 : -1.9547237e-02  2.9667622e-03 -1.0757136e-02
   601 :  6.4084844e-03  6.3828103e-04 -2.7173926e-03
   602 : -4.0749587e-07 -8.2313164e-07  2.9642480e-07
   603 :  1.5281757e-08  1.8271497e-08 -1.1934041e-08
   604 :  8.7597800e-05 -8.5735744e-05 -4.5139994e-06
   605 : -2.3933096e-03  1.3319262e-03  4.5946427e-04
   606 : -8.6008021e-04 -1.2253861e-03  1.1630092e-03
   607 :  1.3749742e-02 -8.0017526e-04 -3.7098774e-03
   608 :  1.0965495e-06  1.5794543e-06 -4.3758435e-07
   609 : -9.8907641e-06  6.8106514e-05 -2.9415773e-05
   610 :  3.4605139e-08  5.7323957e-08 -1.7387884e-07
   611 :  6.6244221e-03  5.4268003e-03  4.2159248e-03
   612 : -3.6162806e-03 -1.7468071e-03 -1.9466329e-03
   613 :  1.0242409e-02  5.8456407e-03  5.5199068e-03
   614 :  1.3347164e-02  1.1602364e-01 -7.0486722e-02
   615 :  2.2009757e-02 -3.4257186e-02 -4.1645160e-02
   616 : -3.5873724e-09  4.5565329e-09  2.9494378e-09
   617 :  2.5820324e-03  3.9698224e-03  4.4891410e-03
   618 :  6.5081070e-03  4.5202513e-03 -4.5052692e-03
   619 : -6.9924201e-07  6.7335604e-07  1.0784213e-06
   620 : -2.2931023e-03  2.5722795e-04 -1.4486936e-03
   621 : -1.5905505e-03  5.6240385e-03  1.9861495e-02
   622 :  4.9165896e-04 -4.8658272e-03 -5.6617432e-04
   623 :  7.6625578e-03 -5.5096068e-03 -5.6720866e-03
   624 :  5.4932322e-05  1.6881021e-03  5.2684183e-03
   625 : -1.0433835e-02 -2.2756760e-02  1.7903066e-02
   626 : -1.7243014e-13 -2.7702436e-12  3.2792159e-13
   627 : -3.1449442e-08  2.1499579e-07 -1.3527013e-07
   628 : -1.2116533e-03 -1.7136200e-03  5.0233032e-04
   629 : -1.4043917e-03 -2.9472344e-04 -1.3295803e-03
   630 : -6.2211187e-03  4.4902891e-04  3.4565358e-03
   631 :  1.0169961e-02  7.7678471e-03  1.0820582e-02
   632 : -6.0936753e-10  6.4820436e-10 -3.9234324e-10
   633 :  1.0984735e-02  4.2110998e-04 -5.4879015e-04
   634 :  5.3466466e-03  1.9366178e-03 -1.2657960e-02
   635 :  2.0575090e-03  5.8334382e-03  7.5941896e-03
   636 :  6.7186928e-03  2.5777178e-03 -8.3725178e-06
   637 :  8.8910743e-04  4.9893628e-03  1.4269979e-03
   638 :  3.2346957e-04  1.7184274e-03  4.4749808e-03
   639 : -8.4692917e-04  2.9496014e-03  2.3404515e-03
   640 :  1.7225483e-03  2.6421962e-03  9.5246576e-04
   641 :  1.1190787e-06 -3.4911675e-06 -3.3322691e-07
   642 : -9.3855989e-03 -1.6645175e-02 -3.5772876e-02
   643 : -2.6297429e-03 -2.4163118e-03 -5.5510874e-04
   644 :  3.0647029e-03 -2.4202197e-02  2.3109229e-02
   645 : -1.1745565e-02 -7.6079905e-03 -1.4280059e-02
   646 :  7.7195716e-03  1.3691720e-02 -4.4397450e-03
   647 : -1.5352205e-02  1.5570914e-02  1.0427370e-02
   648 : -3.3875754e-04 -5.2134538e-03 -3.5601331e-04
   649 : -2.7218442e-03 -3.1208407e-04 -1.9625966e-03
   650 :  2.2397568e-02  9.4569724e-03  7.5944187e-03
   651 :  4.3641808e-02  2.2543478e-03 -2.6987055e-02
   652 :  2.5125171e-02  1.2195428e-02  1.1812851e-02
   653 : -6.3890642e-03 -6.1204010e-03 -5.4458242e-03
   654 :  1.3612871e-04 -4.7463268e-05 -2.6311871e-05
   655 :  3.4819607e-03  1.7198444e-03 -1.0946301e-04
   656 : -2.9751394e-03 -6.6852964e-05 -2.8284639e-03
   657 :  1.5142384e-02  1.5029613e-03  3.9353061e-03
   658 : -1.2675407e-02  2.0340791e-03 -2.9167917e-03
   659 : -6.2488410e-03 -1.2655902e-03 -7.1115859e-03
   660 :  9.3210832e-04  5.3056386e-04 -1.6061448e-04
   661 : -8.2117907e-04 -2.4415880e-03  1.7941664e-03
   662 :  2.8233877e-03 -1.4391815e-03  8.6197781e-03
   663 : -1.8415336e-03 -2.1664690e-04 -7.4670204e-03
   664 : -8.3559583e-03  1.9234825e-02  1.0199478e-02
   665 : -3.0110930e-03 -4.9132108e-03 -3.0328795e-03
   666 :  3.1898413e-10 -1.3018449e-09 -1.4181079e-10
   667 : -1.5604241e-05 -4.4722560e-06 -1.5340311e-05
   668 : -4.0862548e-03 -1.3137205e-03  5.2675642e-03
   669 : -4.5914698e-13 -2.3908062e-12 -1.4247513e-12
   670 : -4.6235092e-03  4.1548143e-04  4.4973545e-03
   671 :  2.0360330e-03  1.5394890e-03  2.1470996e-03
   672 :  8.0732825e-03  7.2831183e-03  6.3122424e-03
   673 :  6.7704383e-03  7.7476160e-03  5.0588233e-03
   674 :  2.7153455e-03  3.2183677e-03  5.3971309e-03
   675 :  4.5152120e-03  8.6546493e-03  1.8201250e-03
   676 : -1.3463359e-02 -1.2225370e-01  1.0680136e-01
   677 :  5.6313758e-03  1.2091929e-02  3.8773804e-03
   678 :  3.3518823e-03  2.8243134e-03  6.9179298e-03
   679 : -1.1729344e-02  1.4823004e-04 -7.5201097e-03
   680 : -7.4798959e-03 -1.1713862e-03 -7.7318822e-04
   681 : -3.1907858e-06  2.8952854e-06 -9.3715041e-06
   682 :  3.8849570e-06 -1.2588481e-05 -3.4702873e-06
   683 : -4.1476664e-05  5.2782336e-05  6.4257913e-05
   684 : -5.8778130e-07  8.6336701e-07 -1.0391888e-06
   685 : -7.9257377e-03 -6.3131708e-03 -7.4678451e-03
   686 : -5.2118362e-03  1.8256890e-03  3.2958193e-02
   687 :  2.2018887e-06 -3.8724205e-06  1.3755039e-05
   688 :  1.0347280e-02  1.7068591e-02  2.7499938e-03
   689 : -3.3687511e-03  2.0127462e-04 -5.2578111e-03
   690 : -7.0617421e-03  2.1806911e-03  8.0897916e-03
   691 : -6.7688958e-03 -1.2469188e-02 -7.2346451e-03
   692 : -1.3579847e-02 -6.3344861e-03 -7.0131478e-03
   693 : -2.6662863e-12  3.9437980e-13 -1.9314901e-12
   694 :  2.8187811e-08 -4.4097806e-08 -8.5155978e-08
   695 :  3.4919632e-03  5.3927790e-03  5.5264043e-03
   696 : -1.1537465e-02  5.7200954e-03 -2.8813835e-04
   697 : -2.1559135e-02  1.2243677e-02  8.9368230e-03
   698 : -2.0393956e-03 -4.8996559e-04 -3.5178566e-03
   699 :  5.2387524e-03 -1.7215055e-03  1.1357825e-02
   700 : -4.4015779e-11 -7.4816463e-11  2.0727371e-10
   701 :  1.0038045e-09 -3.3120200e-09  1.0695683e-09
   702 : -1.4565513e-05 -3.4444682e-05 -4.3900421e-05
   703 :  6.4627073e-03  2.7388535e-03  5.3652089e-03
   704 : -2.0937766e-02 -3.4925956e-02  2.8043741e-02
   705 : -1.0686384e-07  4.2512610e-07 -3.6023443e-07
   706 : -2.6011854e-01  2.3100688e-01  5.1401704e-02
   707 :  6.3822530e-03  1.8698167e-02 -1.3593088e-02
   708 :  9.6212419e-03  8.1929743e-04 -5.0350371e-03
   709 :  3.2727087e-03  6.5749247e-02 -3.9593946e-02
   710 : -1.9367691e-03  5.2404959e-04  2.4929721e-04
   711 :  5.0463475e-03  7.7012393e-03  1.4424193e-03
   712 : -2.8126134e-03 -1.9702653e-03 -1.9279895e-03
   713 : -4.1090948e-03  7.1749119e-03 -3.7270996e-03
   714 :  3.9790265e-03  3.7767637e-03  2.8577818e-03
   715 : -1.0251973e-02  9.6170592e-04  3.8713861e-03
   716 : -6.6247914e-08  6.6934366e-08 -1.4455503e-07
   717 :  5.2642305e-03  5.9489730e-03  3.1574068e-03
   718 : -1.0213514e-02  4.8661362e-03 -2.1907553e-03
   719 :  9.9966819e-03  3.7883946e-04  3.5540793e-04
   720 :  1.8799462e-03  2.6284804e-03  1.9642734e-03
   721 :  1.7632782e-03  8.3990529e-03  1.1139728e-02
   722 :  3.7945883e-06 -9.9871024e-07  2.4226516e-06
   723 :  1.6044733e-05 -6.5751753e-05  2.2389347e-05
   724 : -3.5488040e-06 -1.1894342e-05  3.9319692e-06
   725 :  1.2292636e-04 -1.8054661e-03  2.9645469e-04
   726 :  8.0897546e-03  1.5556535e-02  6.4998142e-03
   727 :  3.7534292e-03  3.7693792e-04  2.2753399e-05
   728 :  4.7984877e-03  7.0740082e-03  5.8537119e-03
   729 : -7.6201328e-03 -1.5731336e-02 -1.0632583e-02
   730 : -3.8524867e-03  2.6037437e-03 -2.9865956e-04
   731 :  5.9656338e-06 -2.6336952e-07 -7.8018293e-07
   732 :  3.1441666e-03 -7.7533425e-04 -1.4732550e-03
   733 : -4.3712572e-03 -5.4693849e-03  4.0993995e-04
   734 : -6.6264480e-02 -7.8827273e-01  8.4057702e-01
   735 : -1.4927247e-02 -5.5601434e-01  5.2139173e-01
   736 :  6.6827063e-03  4.1603268e-03  1.1690985e-03
   737 :  1.0491568e-02  1.0844817e-02  7.2154650e-03
   738 :  3.7348338e-03 -4.1126889e-03  2.6976388e-03
   739 : -3.7926149e-03  6.6386504e-04 -2.9748454e-03
   740 : -4.9760413e-03 -7.4104767e-03 -7.8363927e-03
   741 :  6.1449954e-03  6.8879086e-03  8.0849097e-03
   742 : -2.4849032e-03  5.1605319e-03  3.0527806e-03
   743 : -1.0278334e-02 -5.7308155e-03 -7.7609681e-03
   744 : -1.1003600e-02  1.6081098e-02 -2.7784259e-04
   745 :  1.6252150e-06 -6.5586948e-07  1.6740392e-06
   746 : -1.7392266e-05  7.3835494e-05  1.0413748e-04
   747 :  1.5059052e-03  4.0068791e-03  1.1275462e-02
   748 : -4.2387895e-03  1.0895341e-03 -8.9559165e-03
   749 :  8.8280541e-03  9.0386384e-03  7.3226069e-03
   750 : -2.7828975e-07 -4.6287138e-07  1.4273132e-06
   751 :  7.6715377e-04 -2.4806612e-04  1.0766958e-03
   752 :  1.7466191e-02 -9.5102080e-03 -2.1315071e-02
   753 :  9.6562536e-03  1.1173637e-02  9.5607583e-03
   754 :  4.2204104e-04  4.2610785e-04 -1.5902822e-03
   755 :  3.6056831e-03  1.1957191e-02 -7.4764010e-03
   756 :  6.8309995e-03  3.4776504e-03  3.9299567e-03
   757 : -6.0173015e-12 -3.9636400e-12  4.1511881e-12
   758 : -9.8663623e-03  5.5899179e-04 -3.3270299e-03
   759 : -2.3051037e-05  9.9337170e-03  8.2045281e-03
   760 :  1.9387629e-02  6.6793016e-03  1.4534621e-02
   761 : -7.6769753e-03 -8.4913311e-03 -8.4491643e-03
   762 : -7.1356940e-03 -5.2595809e-02  5.5585686e-02
   763 : -3.2775945e-08  9.3343623e-08 -2.8012907e-08
   764 : -3.3586656e-09 -1.1885020e-08  6.6389582e-09
   765 :  2.7089041e-03  1.1770502e-03  1.2837151e-03
   766 :  1.2529401e-02 -8.8058842e-04  4.6446748e-02
   767 :  1.6538620e-02  2.3797216e-02 -1.2754972e-02
   768 :  1.2268742e-06  1.2721424e-06  2.3586984e-06
   769 :  3.8676493e-03  4.8728618e-03  1.9888726e-03
   770 : -7.0285859e-03  4.9928394e-03  3.9037951e-03
   771 :  2.9809076e-04  1.4998112e-02 -8.6472948e-03
   772 : -7.3472314e-03 -3.1078689e-03 -8.2828758e-03
   773 :  3.2759897e-02  7.7220921e-03 -2.7182301e-03
   774 : -2.4146857e-03  2.2235062e-03 -1.5079380e-03
   775 :  1.1489697e-02 -2.0582847e-01  2.0920763e-01
   776 :  1.2141578e-02  9.1848181e-03  4.1374251e-03
   777 : -1.1214795e-02 -2.9066461e-03 -6.6279589e-03
   778 : -5.5124656e-03 -8.8531896e-03 -5.5714122e-03
   779 : -2.9636641e-04 -1.1773223e-04  1.2067319e-04
   780 : -4.8046723e-03 -4.4328867e-04  2.1377603e-02
   781 :  1.4569508e-06 -6.9007795e-07  7.5408081e-07
   782 : -2.0749112e-12 -1.5364935e-13  4.1453852e-12
   783 : -3.0054164e-02  1.8866295e-03 -3.6757423e-04
   784 :  3.9133160e-03  4.0208094e-02 -3.8429234e-02
   785 : -1.0086467e-06  3.9053161e-06  1.2983168e-06
   786 :  8.7275800e-03 -2.1664444e-03 -7.1079525e-03
   787 :  1.7460176e-03  7.7551861e-04  1.0798282e-03
   788 :  3.9263670e-06  1.5529653e-06  3.2523424e-06
   789 : -8.1695586e-05 -9.4009966e-05 -1.5044413e-04
   790 : -5.8599435e-03 -4.1813419e-03 -1.2633111e-03
   791 : -1.1228585e-02  7.9428979e-02 -1.3141743e-01
   792 : -8.3076098e-03 -2.9205041e-03 -7.0527347e-03
   793 : -7.4115275e-03  6.7561481e-04 -2.2495522e-03
   794 : -9.3115117e-03 -6.3886412e-03 -5.1447020e-03
   795 : -5.8436430e-03 -7.6836054e-03 -6.2158653e-03
   796 :  9.8374334e-04  6.3905598e-03 -1.5701919e-03
   797 : -3.7306841e-06  1.6901933e-06  1.2659200e-06
   798 :  1.1408150e-02  5.9415562e-02 -3.7826811e-02
   799 :  1.5934127e-03  1.1158528e-02  1.2036474e-02
   800 :  3.9667487e-03  2.7813072e-03  2.8122198e-03
   801 :  7.2185527e-05 -1.9430363e-04  3.0139788e-05
   802 : -1.4744380e-02 -3.2258052e-01  3.0005152e-01
   803 :  6.1009294e-04  1.2571599e-02 -2.0892488e-03
   804 :  2.8309717e-03  1.2958080e-03  2.6385215e-03
   805 : -2.3147378e-02 -8.0680298e-03  8.4131675e-03
   806 :  1.1360888e-04 -2.8547863e-04 -1.4321044e-04
   807 :  2.6273518e-06  3.8929253e-06  4.8286385e-07
   808 :  2.2064866e-03  1.7807592e-03  5.6735977e-07
   809 :  6.7548323e-03 -1.8589962e-02  3.8071835e-02
   810 : -3.1973779e-05  1.7098203e-05  2.0192552e-05
   811 :  1.1256663e-12 -2.0793036e-13 -4.6062133e-14
   812 :  9.3097436e-03  7.4736948e-03  2.6204528e-03
   813 : -1.1124380e-02 -2.4005004e-01  2.3733971e-01
   814 :  1.4217110e-12  2.0172076e-13 -1.8077545e-12
   815 : -1.8208780e-13 -1.8853214e-14  9.4133031e-14
   816 : -7.0829831e-10  1.4013830e-10  2.5108107e-10
   817 : -6.1096887e-12  4.4236312e-11 -3.5267955e-11
   818 :  2.9412121e-12  3.8148506e-11 -3.0794745e-11
   819 :  3.7722824e-04 -9.5388686e-03  2.3381295e-02
   820 :  2.4914876e-13 -2.3861590e-12  5.3970226e-13
   821 : -4.4481184e-03  1.2767275e-02 -6.4715499e-03
   822 : -3.5631088e-02  2.4074830e-02 -5.6883224e-02
   823 :  3.6067545e-04 -1.3755538e-03  2.6780805e-04
   824 :  2.4810821e-03 -4.3693465e-03  2.1890827e-02
   825 : -2.6478329e-08 -4.6148180e-09  7.3531421e-08
   826 :  2.5670243e-03  3.4519377e-02 -2.0320720e-02
   827 : -2.8359502e-04  1.3651151e-04  5.7166143e-05
   828 :  1.3710829e-03  8.1410036e-03 -4.0189838e-03
   829 : -3.2505779e-03 -8.2668094e-02  6.8708655e-02
   830 : -2.5089934e-02  4.0863209e-03 -6.8763234e-03
   831 :  4.2088606e-03 -2.7081723e-01  2.3777090e-01
   832 :  1.9849711e-02 -3.7694684e-02  9.0447850e-02
   833 :  6.2094214e-03  1.0942683e-01 -1.0649120e-01
   834 :  5.2727773e-11 -4.5614549e-11  4.1419963e-11
   835 :  2.7426609e-13 -1.4892642e-13  4.7641831e-13
   836 : -1.1019909e-02 -3.8138870e-02  3.4109753e-02
   837 : -1.7840808e-05  5.7048179e-06 -2.9793916e-05
   838 :  4.3327817e-03  2.3634071e-03  7.3154057e-03
   839 : -3.5971168e-03  1.5602045e-03  4.7345476e-03
   840 :  1.4017482e-05 -1.7595841e-05  2.9483472e-05
   841 :  7.3777351e-05  1.6913956e-05 -1.7094655e-04
   842 :  4.9010165e-03  3.5451172e-03 -2.6687280e-04
   843 : -1.4902145e-04  3.2052708e-04  4.9437638e-05
   844 :  1.9181554e-03  1.5741062e-02 -8.5040222e-03
   845 : -6.7841570e-09  2.9317418e-08 -7.3234506e-08
   846 : -9.9171632e-03 -1.4585805e-01  1.1296891e-01
   847 :  1.6907989e-02  5.7112366e-02 -2.6382914e-02
   848 :  1.6387770e-14 -7.2332855e-15 -3.3789275e-15
   849 :  5.1711182e-03  7.6519998e-03  6.1952697e-03
   850 :  7.9537050e-03 -3.4121854e-03  1.2325357e-02
   851 :  6.9607816e-04 -2.2012542e-03 -1.6390822e-03
   852 : -7.2396204e-09  1.3505393e-08 -7.2699421e-09
   853 :  1.3466921e-02  1.1275635e-02  2.3788718e-02
   854 : -3.3361707e-15  7.0027491e-15  8.0874436e-16
   855 :  1.8799771e-03  8.3285689e-03  2.5441535e-03
   856 :  6.9686165e-03 -7.2836913e-03 -3.8694212e-03
   857 : -6.2599314e-05  3.5366033e-03 -3.9595894e-03
   858 :  3.5128576e-03  2.8822577e-03  3.6111244e-03
   859 : -3.0887087e-08  3.9267262e-08  3.0448976e-08
   860 :  5.5022356e-03  2.4553913e-03  5.2109631e-03
   861 : -7.3834041e-04 -4.8121987e-03 -2.1269515e-03
   862 : -3.2566217e-03 -5.8112451e-03 -5.4472979e-03
   863 : -3.0635155e-04  1.4506587e-03  3.4305469e-03
   864 :  3.2261426e-03  1.0178691e-03  1.4171476e-04
   865 :  1.6933884e-03  7.7108222e-02 -4.6096866e-02
   866 :  7.1006402e-02 -1.4770536e-02 -4.1984467e-02
   867 : -1.5854248e-03 -2.0799424e-03 -1.8485838e-03
   868 :  1.6827670e-02  2.2167886e-03 -8.6296862e-03
   869 : -5.7470434e-04  3.7828366e-03  1.3308706e-02
   870 :  8.6327776e-04 -1.1294843e-01  1.3125648e-01
   871 :  6.0177758e-03 -3.3876007e-02  3.3242481e-02
   872 : -1.9401979e-03  5.7209626e-03  9.0502825e-03
   873 :  5.5302981e-03  2.2271390e-03  3.8601869e-03
   874 :  4.0145418e-03  5.0246433e-03  5.5078035e-03
   875 :  4.0929390e-05  3.9089951e-05  1.1624998e-04
   876 :  2.2642898e-04 -2.0333028e-04 -1.3618199e-04
   877 : -7.9634310e-12  2.4220530e-12  4.9022449e-12
   878 : -7.2242818e-10  2.0147241e-09 -6.0204644e-10
   879 : -1.4748440e-03 -5.9304575e-04  3.6702638e-03
   880 :  6.5982104e-03  5.1160720e-03 -4.9459302e-03
   881 :  6.6492520e-12 -2.6923799e-12 -1.6104969e-12
   882 : -8.4527544e-11  3.3656276e-11  1.3672325e-10
   883 : -2.7619037e-05  8.4159176e-06 -3.0479370e-06
   884 :  7.6233234e-05  2.4378854e-04 -4.6195706e-05
   885 : -1.2026240e-02 -1.3282404e-03 -1.6482216e-03
   886 : -6.0052930e-03 -1.0680584e-02 -1.0659275e-02
   887 :  1.7562339e-03 -8.6175321e-03 -1.3578429e-03
   888 :  5.3037404e-04  3.9607089e-03  2.0172423e-03
   889 : -3.7288736e-04 -2.2586816e-03 -7.0730667e-03
   890 : -5.4701341e-03 -3.6850577e-03 -2.2007565e-03
   891 : -7.2854394e-05 -3.8195871e-05  1.0035296e-04
   892 : -2.8729561e-04 -1.4693428e-03  1.1692324e-03
   893 : -6.3317795e-02  6.4736893e-02  7.6957943e-02
   894 :  1.8760595e-02  3.5739573e-02 -4.3210937e-02
   895 :  1.1154440e-02 -8.5845672e-04 -1.8927668e-02
   896 : -1.3079794e-03 -8.6068432e-03 -5.6341525e-03
   897 :  1.1283021e-05 -3.6396597e-06 -1.6051928e-05
   898 : -3.8263744e-05  4.5581567e-05  5.9637444e-05
   899 :  6.6982730e-03  5.3517507e-03  6.3984474e-03
   900 :  6.5954986e-03  7.9802680e-03  6.3284481e-03
   901 :  3.6462995e-03  2.1546615e-02  1.2875751e-03
   902 : -1.5852434e-03 -1.1210624e-02  3.4805701e-03
   903 :  7.4628000e-03  5.1113151e-03  3.4012658e-03
   904 :  2.4461709e-03  1.2060479e-03  8.8356909e-03
   905 : -1.9561835e-03  6.1522762e-05  9.2579919e-04
   906 :  4.3307130e-04 -5.6573546e-03  7.6398362e-04
   907 : -5.9009573e-05  1.6534507e-02 -2.5897938e-04
   908 :  2.4914961e+00 -4.5173048e+00 -1.9457373e-01
   909 : -7.8250026e-01  1.6738262e-01  1.7764068e+00
   910 : -1.4712749e-03 -1.7293435e-03  4.4895426e-04
   911 :  8.3894288e-04  3.1250632e-06 -1.3291822e-03
