Number of elements 912
     0 : -1.0089598e-04  9.5352198e-06  2.2385404e-04
     1 :  3.2078252e-02 -3.5892299e-02  8.7715360e-03
     2 :  1.5079102e-02  2.7344336e-03  1.4930838e-02
     3 : -2.7720406e-03  1.5712708e-04 -5.8201242e-04
     4 :  2.8313899e-03 -1.1137357e-03  6.8470773e-05
     5 : -3.6075298e-02  2.0258826e-03  3.2146487e-02
     6 : -1.4196041e-09 -1.5026356e-09  4.2424745e-09
     7 : -1.4151307e-01 -5.1144655e-02  2.7866515e-02
     8 : -8.6341634e-03 -3.9828073e-03 -9.2081957e-03
     9 :  1.7313453e-08  1.0740127e-08 -4.2817527e-08
    10 : -1.4844634e-02  7.5973210e-03 -1.3341432e-02
    11 :  7.1926464e-10 -1.4538964e-09 -8.4363195e-10
    12 :  2.2100596e-04  1.9570946e-01 -1.9520184e-01
    13 : -2.2227571e-03 -2.5283200e-03  1.1368874e-03
    14 : -2.3324040e-03  1.0557701e-02 -1.7361044e-03
    15 : -7.8462197e-03  2.6381965e-03 -4.7129488e-03
    16 :  7.7601876e-11  2.4684204e-10 -1.9725306e-10
    17 :  1.4725198e-06  6.4262435e-06 -1.5675623e-05
    18 :  1.8775162e-04 -1.6896373e-03 -8.8045657e-04
    19 :  5.7577536e-12  3.2205509e-12  4.0665507e-12
    20 :  5.9664686e-06  2.5969070e-06 -3.4581331e-05
    21 :  3.9678455e-03  7.7843796e-03  1.1718883e-02
    22 :  9.0765879e-04  1.4990864e-03  4.8549389e-03
    23 : -8.2128903e-11 -1.1731380e-10  3.8390808e-11
    24 :  9.3481955e-03 -1.9483478e-02  7.1223795e-03
    25 :  8.4354030e-13 -1.0275187e-11  3.7998177e-12
    26 : -4.3738797e-03  1.5879683e-02  1.3658827e-02
    27 : -6.7129631e-03  5.5861785e-03 -3.2351226e-03
    28 :  1.7868645e-04 -1.3121083e-02  1.9121381e-02
    29 :  1.8524392e-02  2.3066888e-03 -1.5336317e-02
    30 : -9.2448245e-03 -1.2317085e-02  4.5666427e-03
    31 : -2.8756076e-03  4.7017676e-03  1.1688608e-02
    32 : -3.0272102e-08 -1.4191389e-08  7.0136576e-08
    33 :  3.2933375e-03  4.6124206e-03  1.8565646e-03
    34 : -1.6788041e-13  5.9581260e-13  7.0129489e-13
    35 :  1.0562869e-04  5.5313178e-03  1.1820000e-02
    36 :  4.0065274e-03  6.0414870e-03 -1.1102578e-03
    37 :  3.7858559e-03  3.2958109e-03  7.1559447e-03
    38 :  4.1315762e-03  1.3773948e-02 -1.8808718e-03
    39 : -1.0158179e-02 -8.6503622e-03  6.2555772e-03
    40 : -9.3861899e-03 -2.8572557e-01  3.0595036e-01
    41 :  4.3053766e-03  2.0970075e-01 -2.5711305e-01
    42 : -1.8709187e-11 -2.3189050e-11  2.4408400e-11
    43 :  5.0486369e-06 -1.9883700e-05 -2.1000106e-05
    44 :  7.0280210e-03  6.8641933e-03  4.4653725e-03
    45 : -1.0874263e-03  4.3180706e-04 -9.3584495e-04
    46 : -2.2710801e-03 -1.8567096e-04 -5.4397201e-04
    47 :  1.1080396e-07 -4.9698903e-08  9.2669458e-08
    48 :  6.9736095e-11 -9.6022205e-10  2.5640188e-10
    49 : -9.3466047e-03 -1.9591666e-05 -1.9495023e-03
    50 :  4.3078722e-03  5.0761301e-03  3.4833659e-03
    51 : -1.1229547e-02 -5.5498458e-03 -1.1355056e-02
    52 :  1.7794512e-03 -9.9628467e-03 -3.6260571e-03
    53 : -2.8915143e-09 -6.9849054e-10  3.3391097e-09
    54 : -1.5496374e-03  2.4325168e-04 -1.2053269e-03
    55 : -5.9461524e-04 -2.6026880e-03 -1.0971172e-03
    56 : -1.3673186e-03 -1.5872928e-03  4.8805653e-04
    57 :  5.0136523e-03  9.6725411e-03 -4.6823085e-03
    58 : -3.4513488e-03 -1.8346968e-01  2.0321330e-01
    59 : -1.0920049e-03 -6.2276570e-03 -4.0423675e-04
    60 : -1.0032796e-03  1.9575043e-03  8.6881042e-03
    61 : -6.6552458e-03 -3.4811353e-03 -4.6668651e-03
    62 : -1.0357235e-02 -8.9209875e-03  6.8919545e-03
    63 :  6.8245189e-03  1.0559132e-02  1.5345888e-02
    64 : -9.0198027e-03 -2.7705413e-03 -2.6069087e-02
    65 :  1.0197687e-02  2.5740003e-03  1.5471691e-02
    66 :  1.1164098e-02 -6.9663510e-04  7.4753640e-03
    67 :  4.5921821e-09 -6.3072102e-09 -8.9426199e-09
    68 :  3.3273758e-10 -3.9353750e-09  1.5712865e-09
    69 :  5.7597041e-09 -7.3083299e-09 -8.2968229e-09
    70 :  2.2418642e-04  2.5453450e-04  8.4675528e-04
    71 :  2.1470034e-02  1.0045022e-02  5.4250870e-03
    72 : -5.1138003e-11  2.0853635e-10 -3.4459224e-11
    73 :  8.6709619e-03  6.1930302e-03  6.8246192e-03
    74 : -1.6919776e-05  1.0314763e-04 -5.0267887e-05
    75 :  2.3583934e-06 -1.3456640e-06 -2.4440946e-06
    76 :  4.7845016e-13  5.1471889e-11 -3.0288940e-12
    77 : -6.5661087e-07 -2.6630586e-07  8.3613148e-07
    78 :  7.0266943e-09 -2.1962999e-08  8.1004071e-09
    79 : -4.3176492e-05 -9.1474731e-06 -2.2039793e-05
    80 : -6.7177111e-16  6.1787728e-16  1.2205342e-16
    81 : -2.7034775e-07  3.1911765e-07  1.0021973e-08
    82 :  1.8452627e-02  3.5542108e-01 -3.2455674e-01
    83 : -6.4093894e-13  7.6028296e-14  1.7417179e-12
    84 :  9.6376935e-12 -3.6744966e-11  1.4240870e-11
    85 :  9.3691847e-03  1.3583006e-01 -1.3267549e-01
    86 :  2.7855168e-06  3.4553568e-06 -1.1705638e-05
    87 :  1.2229386e-06 -2.2739853e-05 -1.0456605e-05
    88 :  4.5381048e-03 -4.6815081e-02  6.6745980e-02
    89 : -4.2597131e-03  2.9121933e-03  3.7914545e-03
    90 :  5.0651750e-11  1.1304117e-10 -9.4933307e-11
    91 :  7.8578855e-04 -1.7893719e-03 -8.7210946e-04
    92 : -4.1695515e-04  3.1497006e-03 -2.2605918e-03
    93 : -3.9812417e-16  6.3454352e-15 -3.4242075e-15
    94 :  1.0520127e-04 -1.6840812e-05 -2.1379497e-05
    95 : -1.2603253e-09  5.3205475e-10 -6.1646799e-11
    96 :  3.2325074e-03 -6.6763244e-04  1.4143234e-02
    97 :  1.1902457e-03 -4.0214604e-03 -1.0112516e-03
    98 :  1.2220758e-02  3.2348580e-03 -8.6464072e-04
    99 :  8.6549860e-09  2.1801229e-08 -4.9555237e-09
   100 : -1.8978145e-08 -1.6157265e-08  4.0943424e-08
   101 : -7.7522643e-04  9.9075082e-03  6.8031514e-03
   102 : -2.7401222e-03 -2.5619382e-02  2.3245564e-02
   103 : -3.1005971e-13  2.7182754e-13  5.4203556e-13
   104 : -6.4876547e-04  2.4893071e-04  3.1905142e-04
   105 : -1.3464828e-02  1.0468754e-02  1.1849521e-02
   106 :  1.2441200e-02  1.2671181e-02 -3.2968292e-03
   107 : -5.3935247e-04 -5.7927245e-02  4.0280882e-02
   108 : -9.0096327e-03 -9.8121346e-03 -1.5103901e-02
   109 :  2.8721487e-03 -4.8636077e-03 -7.4769175e-03
   110 :  8.3844582e-03  7.2133277e-03  9.7778219e-03
   111 : -2.0614809e-02  8.6173490e-03 -2.7395516e-03
   112 :  1.2554482e-07 -1.2502735e-07 -1.6504502e-07
   113 : -1.1736135e-02 -2.4097078e-03 -5.1476327e-03
   114 :  2.1095446e-02  2.1242559e-02  8.6421361e-03
   115 : -1.0677715e-02  2.0977578e-02 -5.8030500e-02
   116 :  9.6217002e-03  1.9410769e-02 -5.4465788e-03
   117 :  7.0755603e-04 -5.2175060e-04 -9.2727806e-04
   118 :  1.2914476e-03  2.7539982e-02  1.4044701e-02
   119 :  2.2502409e-09  1.0597160e-09 -3.4747559e-09
   120 : -1.5771236e-03  3.7646827e-04 -1.3239616e-03
   121 : -2.4733819e-07  1.4222028e-06 -1.6851441e-07
   122 : -1.0407227e-04  6.0247018e-02 -7.0250576e-02
   123 : -1.2235892e-12 -3.1828932e-13  1.6078094e-13
   124 : -1.6264924e-09  6.4150592e-09 -2.2781514e-09
   125 :  2.7076089e-16 -8.0041216e-16  2.9171798e-16
   126 : -4.0526313e-07  5.0569934e-06 -1.6026923e-05
   127 : -2.4291471e-06  7.5853988e-06  5.4851567e-06
   128 :  3.6389219e-04 -4.6014286e-03 -3.6298830e-03
   129 : -6.7259952e-05  4.8399225e-06  2.5903756e-04
   130 : -5.7695695e-03 -4.7232865e-03 -3.9855465e-03
   131 :  2.4337311e-03  1.9802218e-03  7.7766526e-04
   132 :  5.3150104e-04  1.6161863e-02  8.7678953e-03
   133 :  4.5420165e-03 -3.5026400e-03  1.0311438e-02
   134 : -5.7114899e-03 -3.6005122e-03 -6.3636847e-03
   135 : -4.0813319e-01  5.3355668e-02  1.2193797e-01
   136 : -8.5778428e-03 -1.6960711e-02  1.1445611e-02
   137 : -3.9050448e-03 -1.6243215e-03 -3.5470274e-03
   138 :  1.2806432e-03 -4.0309876e-02  4.6797227e-02
   139 : -1.1476454e-02 -3.2504513e-02  2.4990663e-02
   140 : -3.6690178e-08 -1.4874688e-07  5.4184165e-08
   141 : -1.4011844e-07  2.8660417e-07 -2.1093817e-07
   142 :  1.6140416e-02  1.6389204e-02  1.3869574e-02
   143 :  8.7973623e-10 -2.3451573e-09  1.8322311e-09
   144 :  8.7091787e-04  9.0247644e-03  1.6183831e-02
   145 :  3.5680913e-02 -1.6629724e-02  8.5138731e-02
   146 :  1.4703545e-04  1.8327861e-04  2.7604305e-05
   147 : -5.0386863e-10  4.1247662e-11  1.9158804e-10
   148 : -1.8699852e-04  3.9173909e-04 -2.0412728e-04
   149 : -1.8557398e-03 -9.8203025e-03 -6.9478005e-03
   150 :  4.4252502e-02 -5.1787794e-03  4.6946148e-03
   151 : -4.7552885e-07  9.6989141e-07  1.8939042e-06
   152 :  1.0828854e-04 -2.2668081e-05 -2.2453880e-05
   153 :  5.2048472e-02 -1.0607437e-02 -2.2868615e-02
   154 : -5.1046190e-15 -6.8690555e-16 -1.2937595e-15
   155 :  1.2000525e-09 -9.7764046e-10  7.7208313e-10
   156 : -1.8560762e-11  5.4798024e-11 -2.4300985e-11
   157 : -5.8559164e-04  1.5128954e-03 -1.5444652e-03
   158 : -1.3902045e-02  1.7354610e-02  9.7393806e-03
   159 :  2.6977451e-03  1.4076074e-02 -1.0786288e-02
   160 :  9.2657865e-14 -6.4566801e-14 -1.7778525e-14
   161 : -2.7433301e-13 -1.4045538e-13  4.4424426e-13
   162 : -1.4991105e-02 -7.3185216e-03 -8.9843360e-03
   163 : -8.8309241e-03 -1.5716131e-02 -1.1069055e-02
   164 :  2.1655485e-06 -5.6503391e-06  1.9376124e-06
   165 :  8.3327935e-03  1.9735863e-02  1.6771275e-02
   166 : -2.9887405e-10  1.1118592e-10  5.2782821e-10
   167 : -9.4036980e-03  4.9601824e-03 -1.6855537e-02
   168 :  6.7420001e-03 -4.7349240e-04 -1.3633589e-03
   169 :  8.1917909e-03  2.5702581e-02  1.9586298e-02
   170 :  3.1218977e-10 -1.2581664e-10 -1.1426841e-09
   171 :  1.1946719e-09  7.0249586e-10 -2.7104784e-09
   172 : -1.6649792e-03  5.1738869e-03  1.8128537e-03
   173 : -1.2922814e-02 -1.5064947e-04 -1.4938641e-02
   174 : -1.1785657e-02 -3.6351641e-03 -1.3177771e-02
   175 : -6.2083552e-04  1.1499625e-04  1.9473847e-04
   176 : -4.8132774e-09  1.4530775e-08  1.8525144e-08
   177 :  1.4430784e-02 -6.1248048e-03 -5.8040652e-03
   178 :  3.2085940e-02  4.9472683e-01 -4.7151847e-01
   179 : -4.3402142e-03 -4.1577514e-03  5.8939677e-03
   180 :  9.3390692e-11  1.0269499e-10 -2.2397894e-10
   181 :  5.0563073e-04 -5.7320591e-04  1.9138401e-02
   182 : -2.1534232e-05 -1.6896271e-05  6.4786094e-05
   183 : -3.3123795e-04 -2.6120532e-03  1.0492272e-02
   184 :  2.0560132e-13  1.8173483e-13  4.1935891e-14
   185 :  4.1756745e-06  7.8937695e-06 -4.7009278e-07
   186 : -2.1310247e-04 -1.3911501e-03 -1.6255849e-03
   187 : -1.8852935e-03  4.2589837e-03  1.1876267e-02
   188 :  1.2093757e-02  3.3739448e-01 -3.1970322e-01
   189 : -1.4178362e-02  1.1541708e-03 -1.1330428e-02
   190 :  1.0583983e-02  8.2277311e-03  1.3587128e-02
   191 : -2.3913325e-12  2.1870564e-13  1.0873816e-12
   192 :  8.9970054e-03  1.3291565e-02  1.3229976e-02
   193 : -1.2265655e-02 -5.0372185e-03 -1.7960073e-02
   194 :  1.4476455e-02  1.7591788e-01 -1.7009041e-01
   195 :  1.0411999e-02  1.4546904e-03 -4.5705307e-03
   196 : -5.0174416e-11  9.3360399e-11  1.6736848e-10
   197 :  7.0436979e-10 -1.2189193e-09 -5.1134307e-10
   198 :  9.6227910e-03 -3.0563130e-03  2.7193824e-03
   199 : -1.8090311e-02 -1.7862700e-02 -6.9370810e-03
   200 : -7.1710091e-10 -1.3223238e-09  2.3076983e-09
   201 :  2.7150417e-03 -4.3211960e-03  2.3947272e-02
   202 : -2.1033106e-03  1.5769619e-02  1.2090953e-02
   203 : -1.2629473e-11 -7.4885954e-12  6.7260539e-12
   204 : -3.0884628e-03  1.2407593e-02  2.2227213e-03
   205 :  2.4763494e-03  4.5980911e-03  3.7556659e-03
   206 :  1.0816498e-11 -4.8403006e-12 -4.7304978e-12
   207 :  9.0814579e-10 -5.0348875e-10  4.0312014e-10
   208 : -1.7730347e-06 -1.0371258e-06  5.7589377e-06
   209 : -1.0243650e-01  7.0803230e-02  4.6374211e-02
   210 :  4.2440197e-03 -2.6375348e-03  3.2191911e-02
   211 : -1.0695148e-11 -3.7871017e-12  4.3753410e-12
   212 :  2.3777846e-03  8.5296488e-03 -1.3818353e-02
   213 :  1.8996327e-09  1.5353485e-09 -3.7034587e-09
   214 : -1.8168047e-03 -7.4739872e-04 -9.9066730e-03
   215 :  1.5901691e-02  9.2935362e-03  3.0633893e-03
   216 : -1.6409898e-02  1.3814501e-02  1.4759137e-02
   217 : -9.4600820e-15 -8.2890936e-15  9.8616458e-15
   218 :  3.9710386e-07 -9.1230128e-07 -8.7607607e-07
   219 :  1.7579588e-03 -6.6722328e-03 -7.4182359e-03
   220 : -4.7547993e-06  2.1299484e-06 -1.5527687e-05
   221 : -5.7693841e-09  1.0956616e-08  1.6147069e-08
   222 : -2.4616604e-03  5.7100230e-03 -3.6009918e-03
   223 :  7.8547690e-03  4.6359357e-03  6.0299098e-03
   224 : -5.5260842e-03  1.1644857e-02 -1.7707712e-03
   225 :  1.3760321e-05 -7.5642620e-06 -4.9418545e-05
   226 :  6.2872425e-08 -1.8776475e-08 -1.6419504e-08
   227 : -1.4429424e-03  2.3664916e-04  2.8791409e-04
   228 :  2.1306118e-05 -9.4701641e-02  1.1396025e-01
   229 :  2.3649781e-04  1.7907413e-04 -9.3174858e-05
   230 :  1.9987773e-09  2.9508790e-09 -1.7906429e-09
   231 : -1.0044180e-09  2.5459650e-09 -7.0129719e-10
   232 :  7.6909526e-15  7.5453028e-15 -6.6183941e-15
   233 : -3.4699436e-09  2.5521593e-08 -1.9217314e-10
   234 : -2.1862821e-03 -5.9386839e-03 -3.5193633e-03
   235 : -8.9524631e-03  3.5592074e-02  1.7668197e-02
   236 :  8.6147447e-08 -1.5418129e-07 -6.8404530e-08
   237 :  2.2058887e-06 -7.6872551e-07  3.1942209e-06
   238 : -4.1284391e-12 -4.5403166e-13  1.9931631e-12
   239 :  7.4108530e-09 -5.0504528e-10  8.6551858e-09
   240 : -2.9533905e-11  4.1986117e-11  6.9915002e-11
   241 : -7.3278298e-03 -6.1741962e-03 -5.8458500e-03
   242 : -2.6497950e-02 -1.6559543e-03 -8.3313262e-03
   243 : -8.4299578e-04  5.2109225e-03 -1.7179448e-03
   244 :  1.0648683e-02  1.2100766e-02  6.4907342e-03
   245 :  1.3660730e-07  1.6805674e-07 -4.3882439e-07
   246 : -6.5545812e-04 -8.9356462e-04 -5.4456424e-04
   247 : -3.8436318e-03  3.9404301e-03 -7.2629027e-03
   248 :  2.2740827e-14  9.1623425e-14 -7.3209721e-14
   249 :  3.8765001e-06 -1.1087251e-05 -1.9733079e-05
   250 : -5.3172924e-03  1.8262179e-03 -1.2007567e-02
   251 :  7.4221929e-04 -3.6461567e-03 -3.7795974e-04
   252 :  3.3448856e-08 -1.6191629e-08 -1.5134697e-08
   253 : -3.8088783e-11  3.8507497e-11 -3.5699467e-11
   254 : -6.7162231e-03 -2.1146216e-03 -2.5984619e-03
   255 : -1.0772920e-03 -2.1146633e-03 -6.5327091e-04
   256 :  7.9014243e-03  8.2824111e-03 -1.2038132e-02
   257 :  7.8468694e-03  9.7533825e-03  6.4265376e-03
   258 : -4.4195730e-04  2.9546375e-04 -2.2438250e-03
   259 :  5.5525565e-07 -4.3323658e-07  1.4294163e-06
   260 : -1.2476997e-02  5.8894846e-03  4.1375885e-03
   261 :  1.8528068e-02  5.0730823e-03 -2.0683853e-04
   262 :  1.6643552e-07 -3.0337374e-07 -1.5798665e-07
   263 :  5.3085453e-09 -7.0714507e-09 -1.1761075e-08
   264 :  1.1955807e-03 -1.4517137e-03 -1.2092188e-03
   265 : -8.3160732e-03 -3.1184956e-03 -4.5029581e-03
   266 : -4.1600719e-05  2.2930253e-06 -2.5414266e-05
   267 :  1.7573079e-05  2.1696178e-04 -3.8438749e-05
   268 : -3.7561712e-11 -4.4306230e-11  3.3319886e-10
   269 : -6.7579221e-03 -3.9386063e-03 -4.0279636e-03
   270 :  4.1853868e-04 -1.3572140e-03  1.6760855e-04
   271 : -1.7967717e-03 -7.9553838e-03  7.7187015e-04
   272 :  1.5148984e-04 -3.7686315e-05  1.1779272e-04
   273 : -8.4641769e-09  1.7673780e-08  5.5252690e-09
   274 : -1.2229037e-02 -2.4654340e-03  4.8306841e-03
   275 : -6.6579280e-08  1.3681968e-07 -2.8957654e-07
   276 :  1.7412552e-02 -6.8588479e-03 -6.4332779e-03
   277 : -3.6698701e-09  5.6188942e-09  2.0928700e-08
   278 : -1.0341702e-02 -1.3475938e-02  4.4643787e-06
   279 :  8.0570403e-03  2.0975059e-02  1.2014512e-02
   280 :  1.0089827e-02 -1.6512501e-03 -6.9723610e-03
   281 : -5.0317244e-04  4.8547090e-03  1.1704452e-02
   282 : -1.5716474e-03  3.3111463e-04 -3.8307479e-04
   283 : -5.5558828e-06  9.9834777e-06  2.2433903e-06
   284 : -5.5170359e-09  5.7540969e-09 -9.3588708e-10
   285 : -1.5737640e-02 -9.3523287e-03 -1.1042931e-02
   286 :  2.5424438e-03 -3.3101995e-03  3.9373641e-03
   287 :  3.0526018e-02  7.3963773e-03 -1.5311942e-02
   288 :  1.2034539e-03 -1.2181007e-03  2.6768693e-03
   289 :  9.7233998e-03  1.5656501e-02  9.9027129e-03
   290 : -1.4009212e-02 -9.6134373e-03 -1.1725055e-02
   291 :  1.9767330e-02  1.0180706e-02  9.1136318e-03
   292 :  6.8194280e-03  6.3564992e-03 -1.9314014e-03
   293 :  5.5289816e-06 -5.0570628e-06 -8.4454421e-06
   294 :  1.5185386e-03 -1.3346898e-03 -4.4826054e-03
   295 : -4.7592433e-12 -1.2475372e-11  3.1451687e-12
   296 :  1.2350995e-02  1.4532088e-02  1.1206222e-02
   297 :  4.5181925e-03  1.6112163e-02  1.4340792e-02
   298 :  3.8105807e-02 -2.5942633e-02  1.0698796e-01
   299 :  1.8506054e-12  7.8682118e-13 -2.9221554e-12
   300 :  9.8884565e-03 -1.6026676e-03 -9.2876100e-03
   301 : -1.4639989e-04 -2.3902577e-04  7.8206659e-03
   302 : -1.2388515e-03 -3.9696165e-02  4.3815946e-02
   303 : -1.4287007e-02  7.3670455e-03  2.0904309e-02
   304 : -5.4295197e-03 -9.5780642e-03 -1.5099191e-03
   305 : -1.6559111e-03 -4.3566477e-04  2.8677305e-04
   306 :  6.5722843e-03  6.4462173e-03  9.6956327e-03
   307 :  2.5737988e-03  1.4340782e-02  3.4175873e-03
   308 : -6.6561718e-04 -2.2650210e-03  8.4959654e-03
   309 :  1.0616279e-11 -6.8937455e-13  1.3601588e-12
   310 :  1.2002740e-02  2.3787708e-02  1.5714913e-02
   311 : -8.7505707e-03  5.7400724e-03  1.6195422e-02
   312 : -2.2198581e-10  2.5423720e-10  3.1180132e-10
   313 : -2.6583654e-07  5.6006045e-06 -1.2160995e-06
   314 : -2.3535036e-12 -4.1777023e-12  1.3914541e-11
   315 :  3.3900208e-08  1.0437870e-07 -3.0469860e-08
   316 :  6.8129696e-03  9.5573500e-03  8.2397819e-03
   317 : -2.2798412e-13  1.4689837e-12  1.9603678e-14
   318 : -1.4700857e-04 -4.5639336e-04 -2.6148903e-03
   319 :  1.6996002e-03 -8.0859764e-03 -7.6171542e-03
   320 :  7.6352097e-03  2.4931273e-02  1.7420153e-02
   321 : -1.1640427e-03  8.9086302e-03 -1.8599446e-03
   322 :  2.7874784e-12 -7.3122663e-12  1.1774294e-12
   323 : -5.6609638e-13 -1.3658424e-12  2.4125397e-13
   324 :  1.1027182e-07 -6.3791191e-07  1.3531819e-07
   325 :  2.7036376e-06 -3.4337550e-07  3.1901501e-06
   326 :  6.4178681e-02 -1.4027374e-02 -2.5608244e-02
   327 :  2.5419385e-02  4.0257614e-01 -3.6410838e-01
   328 : -8.2816576e-03 -5.7540659e-03 -6.6883873e-03
   329 : -8.1264922e-08 -5.9774011e-07  3.3340240e-07
   330 : -2.1101149e-13 -9.3087259e-14  6.7704311e-13
   331 :  5.9325514e-04 -1.7844970e-04 -1.6721692e-03
   332 :  3.5618465e-03 -1.6928564e-03  2.1348737e-02
   333 :  1.0672812e-06 -2.4045130e-07  6.3222033e-07
   334 :  6.2726213e-04  5.8876411e-03  3.8639442e-03
   335 : -2.8602310e-03 -6.4421616e-02  6.5205042e-02
   336 : -5.9849422e-03 -4.1230683e-02 -1.4175542e-02
   337 : -3.9203347e-11  1.0269413e-10 -1.6241322e-10
   338 :  4.6533228e-03  6.0738276e-03  6.5032541e-03
   339 :  2.8563462e-08 -1.4299929e-07 -1.5343331e-07
   340 : -2.8611987e-03  8.8395806e-04 -2.0848148e-03
   341 :  2.1585611e-12  1.0097111e-10 -4.7076318e-11
   342 : -4.4415507e-08  7.4000709e-08  5.9418514e-08
   343 :  1.1753056e-02 -4.5870707e-04 -2.2386669e-03
   344 :  3.1375907e-03  1.9680291e-03  1.0755574e-03
   345 : -1.0048380e-02 -4.7820185e-03 -3.0745560e-03
   346 :  9.0993665e-08  6.3551986e-08 -3.4438496e-08
   347 : -1.2940723e-03  5.7693794e-03 -5.9540707e-03
   348 : -2.5177141e-03 -4.6158957e-03  2.5855972e-03
   349 : -1.8680263e-03  3.4636707e-05 -1.4390733e-03
   350 :  1.1837453e-03 -6.8739637e-03 -3.0727223e-03
   351 :  8.1121920e-06  4.9147286e-06 -7.0291094e-07
   352 : -2.1515372e-02  2.1698683e-02 -1.8350011e-02
   353 : -4.8494009e-03  7.2467814e-04 -5.8076048e-03
   354 :  4.3725453e-03 -3.6761089e-04  4.0710616e-03
   355 :  3.7401293e-04 -6.2547108e-03 -3.1784690e-03
   356 : -1.5241287e-10 -1.3075625e-10  2.6336209e-10
   357 :  1.5384565e-02  3.7604094e-03  1.6642168e-02
   358 :  1.8277196e-04 -1.4968343e-03 -1.3090246e-03
   359 :  1.1940961e-15 -2.7903969e-15  1.8557380e-16
   360 : -4.9942207e-03 -8.5653130e-03 -1.1029817e-02
   361 : -1.9024296e-05 -1.2579183e-05  2.3419792e-06
   362 : -1.2594041e-03 -1.4772716e-03  1.0890466e-03
   363 :  3.8869390e-04  4.4437512e-05  2.6163025e-04
   364 : -6.0460217e-05  1.1941098e-04 -3.1018828e-05
   365 :  1.6897678e-02  5.8344392e-02 -2.0801842e-02
   366 :  1.1862859e-10 -1.0654621e-10 -5.3063870e-10
   367 : -1.0658845e-02 -3.8537064e-04 -1.5639527e-02
   368 : -8.2370888e-04  3.4744428e-03  1.4263605e-03
   369 : -9.8747894e-04  1.4552885e-04  1.2997685e-02
   370 : -1.1930940e-03  7.2031635e-03  2.2533487e-03
   371 : -9.0542719e-10 -5.7221280e-10  1.5451022e-09
   372 :  8.3859437e-03  8.1337186e-03  1.4316003e-02
   373 : -3.7410364e-03 -6.1178790e-03  1.8819780e-03
   374 : -3.5341262e-03 -3.7284539e-03 -5.6958922e-03
   375 :  1.6035715e-06  1.9900357e-06 -2.3093450e-07
   376 :  4.8190033e-11 -3.8613524e-11 -8.9234578e-11
   377 :  1.4382984e-02  1.2075326e-02  5.7964705e-03
   378 :  2.5770440e-03  1.7194244e-02 -7.6151545e-04
   379 : -9.3372867e-14  2.2223909e-13 -7.1733584e-14
   380 : -2.7357996e-03  4.8328162e-03  9.5839705e-03
   381 : -7.1570343e-04  2.0618409e-04  1.9167014e-04
   382 : -4.5998478e-05  1.1287057e-04  3.8904771e-05
   383 :  7.8273037e-03  1.1476415e-02  5.3765306e-03
   384 :  1.6513147e-06 -1.3246280e-05  2.9787388e-06
   385 : -1.3016624e-02  6.5592015e-03 -1.4096340e-02
   386 :  6.9066585e-03  6.8983428e-03  5.8036090e-03
   387 :  6.4099670e-08 -5.8177197e-07 -8.5307836e-07
   388 : -7.5019818e-03 -4.0753692e-03  2.9858794e-03
   389 :  3.1778623e-04 -8.7006630e-04 -4.7177846e-04
   390 :  9.7245394e-04 -2.9023832e-02  2.9609099e-02
   391 :  1.1793413e-04 -1.4284995e-03  6.0874240e-04
   392 : -1.1511237e-03 -7.2531298e-03 -4.0739433e-03
   393 :  2.4121626e-03  8.1467291e-03  1.1332156e-02
   394 :  1.2445203e-05 -4.7140746e-05 -5.5552409e-05
   395 :  1.5109926e-02 -1.4322066e-03  1.2061195e-02
   396 : -3.6429085e-13  5.2336444e-13 -1.2195408e-12
   397 :  2.7134352e-03  1.1643882e-02 -2.9508879e-03
   398 : -1.6240564e-02 -1.6886576e-02 -5.3090208e-03
   399 :  6.3310029e-03  9.0008070e-03  7.6906226e-03
   400 : -9.1064292e-03 -1.5304342e-03 -5.4283695e-03
   401 :  3.1601886e-05 -2.8695231e-03 -1.5248739e-02
   402 :  1.0546344e-04 -2.0667998e-05 -2.2512949e-05
   403 : -8.4040294e-05  2.9340724e-04  1.2443105e-04
   404 :  3.7843381e-11  5.6739229e-11 -2.1266262e-10
   405 :  1.2791139e-02  1.2267103e-02  1.4580163e-02
   406 : -4.2878662e-03 -6.4902355e-03 -7.9495057e-03
   407 :  4.2842074e-03  4.5974942e-03  1.5944425e-03
   408 : -7.0208148e-03  3.8200788e-03  1.5631979e-03
   409 : -1.7836678e-02 -2.3590555e-03  1.1849979e-02
   410 :  6.0378199e-03  1.0962062e-02  7.2116955e-03
   411 :  1.9478150e-02 -1.4299556e-02 -9.7232996e-04
   412 : -2.4839381e-04  1.1377556e-03 -1.6609353e-03
   413 : -1.2608263e-11 -1.2665994e-11  4.2754247e-11
   414 : -4.1871905e-03 -4.8873904e-03 -8.7996272e-03
   415 :  1.2102681e-02 -8.7580093e-03 -1.1682889e-02
   416 :  5.1340624e-08 -7.3539646e-09 -1.7626195e-07
   417 :  1.2518383e-02  7.2731473e-03  1.5480875e-02
   418 :  8.2300391e-03  6.2912484e-03  3.3785590e-03
   419 : -2.5984404e-09  5.2475462e-09 -4.8992097e-10
   420 :  1.1090980e-09 -1.6350628e-09 -1.9476194e-09
   421 :  1.3511812e-07 -5.9092618e-07  1.4180422e-07
   422 :  2.0561151e-04 -3.1014006e-03  3.5984684e-03
   423 : -1.9600613e-02  4.7503183e-02 -6.6002423e-03
   424 : -4.0569319e-05 -1.1496291e-05  7.0022910e-06
   425 : -3.4755034e-06 -1.2755630e-06  7.3176091e-07
   426 :  1.7892172e-04  1.6797432e-04 -3.9483518e-05
   427 : -1.4235164e-03 -8.6197018e-04  5.7253783e-03
   428 : -3.4725755e-05  5.5258333e-06 -3.0596108e-05
   429 :  1.2794091e-02  1.4138188e-02  1.6415210e-02
   430 : -6.2001555e-03 -1.2375409e-02 -6.4027492e-04
   431 :  1.9428883e-02  9.2918460e-03  6.3966481e-03
   432 :  1.2856222e-02 -8.2472084e-04  1.3644141e-02
   433 :  4.5204693e-11 -3.2596775e-11 -4.7989875e-11
   434 : -1.5402957e-03  9.6093125e-03  5.9174268e-03
   435 :  2.7452750e-02 -3.1128011e-03  1.9987532e-02
   436 :  3.1409384e-06  1.2841588e-06 -7.3036507e-06
   437 : -6.7007289e-03 -3.3273816e-02  2.2659877e-03
   438 : -7.6785986e-03 -6.6976012e-03 -7.3813545e-03
   439 :  1.5154481e-03 -9.9499591e-04 -4.1665208e-03
   440 :  4.4721258e-08 -1.1683146e-07  3.3065514e-08
   441 :  8.0544230e-12  4.9091106e-12 -2.3045743e-12
   442 :  7.9698556e-03  6.1894741e-03  9.7852973e-03
   443 :  6.7289812e-02 -3.5522885e-02  2.7598056e-02
   444 :  1.1197915e-02  6.1444831e-03 -1.2484361e-04
   445 :  2.7718319e-03  4.6753119e-03  1.0779351e-02
   446 : -3.2363052e-03 -5.9134842e-03 -4.5391969e-03
   447 :  1.6659487e-02 -7.3493203e-04  8.1936699e-03
   448 : -5.5471080e-03 -1.5930887e-02 -9.7022427e-03
   449 : -6.7899414e-12  2.9864201e-11  3.4697807e-11
   450 :  2.6848609e-12 -3.1259657e-12 -6.2339946e-12
   451 : -1.1929593e-02 -4.3069762e-03 -3.3982674e-03
   452 : -2.0365991e-04 -1.4584244e-03 -6.7285330e-03
   453 : -2.9666377e-03 -8.2887904e-03 -1.3945022e-03
   454 :  2.9800476e-04 -2.6806817e-03  3.3677717e-03
   455 :  2.5532611e-04 -1.0451191e-04 -2.4107415e-06
   456 :  5.3957737e-03  1.2874312e-02  1.5103663e-02
   457 : -6.4928525e-12  1.1921867e-11  9.9639225e-12
   458 :  2.4808720e-04 -1.2481877e-03  1.3747876e-04
   459 : -1.2474553e-02 -1.5695666e-02 -2.3449107e-03
   460 : -9.3886897e-03 -1.4625592e-02 -7.2598973e-03
   461 :  2.3848990e-03  1.7118032e-02  7.6241802e-03
   462 :  2.4404857e-02 -1.5016429e-02  1.8590125e-02
   463 :  3.0918039e-08  4.1778398e-09 -1.6102912e-07
   464 :  1.4627178e-03 -1.3587387e-04  5.6137273e-03
   465 : -8.0858680e-03  1.3667018e-02  6.0382859e-03
   466 :  6.4188552e-03  7.3886315e-03  2.2814722e-03
   467 : -4.9352337e-08  6.2259021e-08 -1.7809495e-08
   468 : -1.3894009e-06  3.3591258e-06 -8.8311646e-07
   469 : -3.3471800e-13  2.4696060e-13  2.8208289e-13
   470 : -1.2208978e-11  1.4044735e-11  2.3730836e-12
   471 : -3.5009172e-05  9.9352360e-06  9.0207285e-06
   472 :  2.9515146e-07 -7.3392851e-07 -4.1268753e-07
   473 :  4.9931792e-04 -1.3966608e-03  9.1707697e-05
   474 :  2.1726779e-09 -3.2903205e-09 -2.7141674e-09
   475 : -2.4983341e-05 -8.0264031e-06 -2.1461525e-05
   476 : -4.2320969e-05 -2.1698579e-05  1.2242482e-05
   477 : -6.9618739e-14  2.3638814e-13 -1.4298464e-12
   478 :  1.3226496e-02 -1.0933097e-02 -4.7923743e-03
   479 : -7.6330302e-14  2.1675987e-13 -5.5482703e-14
   480 :  5.4543993e-03  4.5241955e-03 -2.9822196e-03
   481 :  1.2626585e-06 -4.8213444e-05  2.4893976e-04
   482 : -1.0518905e-08  5.6791378e-08 -2.0825863e-08
   483 :  1.0858340e-02  5.7049245e-03  5.2340327e-03
   484 :  6.3635095e-03 -1.6587302e-02 -1.6663118e-02
   485 :  3.0552440e-02 -3.2573570e-02  7.7507713e-02
   486 :  1.8525608e-03  3.1669774e-03 -2.4176319e-03
   487 : -1.7677325e-03  1.6184578e-02 -4.1922243e-02
   488 : -7.6952447e-04  6.1747112e-03  5.0851361e-03
   489 : -1.6661209e-09 -7.1242771e-10  4.2609581e-09
   490 :  1.8144969e-08  1.9497060e-08 -1.8956883e-08
   491 :  7.3638822e-11  5.9070538e-11 -3.8068851e-09
   492 :  1.2486870e-02 -3.8744783e-03  2.4247443e-02
   493 : -3.6759670e-04  1.9084386e-03 -3.6178831e-04
   494 : -2.2001134e-03 -3.9437529e-03 -4.8923805e-03
   495 :  1.2934429e-02  1.5691068e-02  1.1899508e-02
   496 :  1.2091325e-06  1.2309590e-05 -1.4687142e-05
   497 : -2.6105151e-12 -4.2657730e-11  3.0565406e-11
   498 :  5.7809014e-10 -4.8054566e-10  6.2182541e-10
   499 :  9.8775350e-03 -4.1029570e-03 -4.8725902e-04
   500 :  6.8139723e-13 -1.0456598e-13  1.4478810e-13
   501 :  4.5021044e-13 -1.5136833e-12 -6.2938641e-13
   502 :  2.7351808e-03 -6.8798015e-03  6.2770859e-03
   503 :  5.1698159e-04  9.7009054e-04 -2.0750701e-04
   504 :  1.2452272e-02 -1.2816141e-02  9.1445453e-03
   505 : -6.6551433e-04 -2.1198606e-03  9.1921577e-03
   506 :  3.1436651e-08 -7.8062048e-08 -4.6234562e-09
   507 : -1.9057369e-07 -4.5804411e-07  1.3188913e-06
   508 : -6.2178915e-08  1.0840369e-06 -2.8146218e-07
   509 : -6.5126331e-03 -7.5264576e-03 -1.3583909e-02
   510 : -5.3447990e-08  5.2252088e-06 -5.1912130e-07
   511 : -1.8777845e-03  8.4347768e-03  6.1307206e-03
   512 :  2.1640287e-04  2.3158581e-04  5.2556358e-05
   513 :  2.2738933e-02 -6.8912221e-03 -1.5813532e-02
   514 : -1.0214174e-02  7.3516857e-03  8.6095500e-03
   515 :  1.6384528e-02  4.4428053e-03  1.2186860e-02
   516 : -3.4497276e-07 -5.6756427e-07  7.8173171e-09
   517 :  1.0953131e-02  4.7208702e-03  5.8443222e-03
   518 :  1.9201865e-02 -5.2078185e-03  2.7895485e-02
   519 :  5.7625011e-03  5.1883664e-03  9.6838041e-03
   520 :  5.0797589e-03 -1.7376871e-03  1.5468116e-02
   521 : -4.6457059e-05 -6.3419891e-03 -6.4932269e-03
   522 :  4.2799048e-03 -2.5229101e-04  5.8077028e-03
   523 :  7.4821921e-03  1.2694850e-01 -9.1738301e-02
   524 : -7.0218864e-03 -1.1648099e-01  1.0854949e-01
   525 : -1.5773717e-02  1.1967809e-03 -1.4057799e-04
   526 :  4.0330757e-05 -3.9588075e-05  1.8391830e-04
   527 : -1.6257290e-10 -6.4521337e-10  7.1374672e-10
   528 :  3.4426688e-03  7.4082492e-04 -1.9356453e-03
   529 :  2.3898282e-03 -5.6549980e-03 -4.0398874e-03
   530 : -1.1262539e-03 -2.0751262e-03 -3.9222875e-03
   531 : -2.0286070e-03 -7.6434937e-03  6.7037439e-03
   532 : -1.6747627e-03 -7.2808200e-04  2.7768689e-03
   533 :  2.1819462e-14 -1.0125063e-14  4.9666754e-15
   534 : -4.4074638e-15 -1.6270382e-14  3.7485913e-14
   535 : -1.3721170e-08  1.5850768e-08 -3.9641989e-09
   536 :  6.7062512e-03  2.4738776e-03  4.3247276e-03
   537 : -1.2075342e-04  8.4795481e-05 -8.9578712e-04
   538 :  3.2566082e-03 -1.2363700e-02  9.2522097e-04
   539 : -1.0170708e-09  3.9210917e-09 -1.6488829e-09
   540 :  3.5022224e-08 -1.1386205e-07  6.9538375e-09
   541 : -2.4284164e-07 -1.7501548e-07  4.5868881e-07
   542 :  3.5324577e-03  1.4560913e-02  5.5464101e-03
   543 : -1.3202043e-10 -2.1131851e-10  1.3156540e-10
   544 :  1.5669168e-02  9.4071328e-03  1.3135604e-02
   545 :  1.5317873e-06  5.1463261e-06  2.8673493e-06
   546 : -3.2769750e-03 -2.0073993e-03  5.7968094e-03
   547 :  1.7325248e-09  6.6773072e-09  3.8289177e-09
   548 : -1.1292374e-03 -6.2450949e-03 -4.0154922e-03
   549 :  1.4600476e-07 -9.2250926e-07  3.6019211e-06
   550 : -4.0647197e-04 -3.4894360e-03  3.3148384e-02
   551 :  1.1503061e-02  9.7187773e-03  6.6325639e-03
   552 : -8.8884785e-04 -6.2848868e-03 -2.4444993e-03
   553 :  3.6515283e-03  5.2414252e-03  2.2564512e-02
   554 :  1.5212961e-07  5.2030506e-06  7.2240831e-07
   555 :  5.1812717e-04  1.0751986e-02  3.3541076e-03
   556 : -6.2298750e-07 -1.0016596e-06  9.9481496e-08
   557 :  1.1930637e-02 -8.0799317e-03  2.6256558e-03
   558 : -3.9233116e-03 -3.9916406e-03 -1.8943351e-03
   559 : -2.7019470e-03  7.2347115e-03 -1.9733918e-03
   560 : -1.8702127e-03  7.2564997e-03  2.8065935e-02
   561 : -1.1616677e-02 -5.6713294e-03  5.1673292e-03
   562 : -1.1730782e-03  6.1061523e-03 -1.0871320e-03
   563 : -5.9216378e-12  2.2924047e-12 -9.8592820e-13
   564 :  5.3651802e-03  9.8169429e-03  8.8159041e-03
   565 :  5.3856180e-03  6.7227982e-03  4.5410910e-03
   566 :  2.4913017e-07  9.9792365e-08 -6.9264056e-07
   567 : -6.8675475e-03  2.9859575e-02  1.9413559e-02
   568 :  9.8783919e-04  2.8605983e-02 -2.9530562e-02
   569 :  9.5129053e-03  9.2493183e-03  1.0190072e-02
   570 :  1.9225913e-06  2.8930697e-06  5.3103425e-06
   571 :  1.9355766e-03  3.9928773e-03 -3.4038040e-03
   572 : -1.9092233e-12 -1.5625454e-13 -3.1098201e-13
   573 :  1.6383532e-05 -5.2601632e-03 -8.0756447e-03
   574 :  1.3521670e-03 -2.9367432e-03 -6.1414046e-04
   575 : -1.8966176e-03  4.6113292e-04  3.4242978e-03
   576 :  9.8993406e-05 -5.8917813e-03 -9.8564664e-03
   577 :  5.0238621e-03  3.0300819e-04  2.6458159e-03
   578 : -9.9717184e-15  2.8088493e-13 -1.3771087e-13
   579 :  4.0348234e-04 -4.7094030e-03  6.9023760e-03
   580 : -1.7500939e-03 -2.1920322e-03 -6.4763813e-03
   581 :  1.5981666e-06 -1.6492503e-06  1.3291932e-06
   582 : -6.1771773e-14  1.7025607e-13 -6.0507361e-14
   583 :  1.6698744e-05  6.3304485e-05  2.0447219e-04
   584 :  2.7046621e-11 -6.4426720e-11 -8.8486203e-13
   585 : -2.5794256e-03 -3.7196930e-03 -6.5289295e-03
   586 :  5.6105143e-08 -1.4100809e-07 -4.6135580e-08
   587 : -7.4861546e-05  2.2077600e-04  2.0112480e-05
   588 : -5.6881595e-07  1.5986415e-07  1.3718464e-07
   589 : -1.2022182e-02  1.2675549e-02 -1.2895266e-02
   590 : -1.2212580e-03  1.4720023e-03  4.1479269e-03
   591 : -7.6721770e-13  1.2208598e-12  4.9818320e-13
   592 :  8.3053860e-07  1.1484650e-06 -3.7208037e-06
   593 :  7.7383572e-03  1.5205543e-03  4.6118554e-03
   594 : -1.2096970e-03  3.6419706e-04 -5.4343047e-04
   595 :  2.2120139e-02  2.1198360e-02  2.6572365e-03
   596 : -6.4993287e-03 -2.6455798e-01  2.9537590e-01
   597 : -1.5514355e-03 -1.4282106e-03  8.5012964e-04
   598 :  1.3447502e-04  2.9820380e-04 -1.1986803e-04
   599 : -1.4091547e-02 -2.7462215e-03 -8.2972835e-03
   600 : -1.3960845e-02 -2.1974387e-02 -8.0362867e-03
   601 : -7.2403140e-03 -4.8256535e-03 -4.1105915e-03
   602 :  6.7981226e-08  1.2252169e-07 -3.6499160e-08
   603 : -1.6317996e-09 -3.3785765e-09  1.5879984e-09
   604 : -1.2596314e-04  9.6404227e-05 -9.4405428e-05
   605 :  6.5738037e-04 -1.9625754e-03 -1.4876436e-03
   606 : -1.5824021e-03  5.7189839e-03 -2.1684013e-04
   607 :  7.5656318e-03  1.4362430e-02  1.4587467e-02
   608 : -1.6982136e-07 -1.9797248e-07  3.7813255e-09
   609 : -4.2072669e-06 -1.9148835e-05  3.0319729e-06
   610 : -2.3382468e-09 -3.2372050e-09  1.2003915e-08
   611 : -7.0822519e-03 -2.9492788e-03 -4.0640029e-03
   612 :  5.3943907e-02 -3.5363908e-03  7.3131561e-03
   613 :  1.5053137e-02  1.2490428e-02  6.9353600e-03
   614 : -3.7618465e-02  8.9640531e-02 -9.4133692e-02
   615 :  2.2036638e-02  3.3590432e-03 -9.6293630e-03
   616 :  4.4440992e-10 -6.9490914e-10 -3.4930976e-10
   617 :  2.6680029e-03  7.2439364e-03  5.7227873e-03
   618 : -1.2012277e-04 -1.1043107e-03  3.9036452e-04
   619 : -1.0381557e-07  2.0224656e-07 -4.5134374e-09
   620 :  6.4161529e-05  2.5987419e-04  2.4956826e-04
   621 :  5.1474877e-02 -6.8493054e-04 -1.8285747e-02
   622 :  6.5312606e-03  2.4962004e-03 -4.1271852e-03
   623 : -1.1539321e-02 -9.9873124e-04 -2.2267161e-03
   624 : -3.6479175e-03 -3.5784304e-03  2.9263752e-03
   625 : -1.4861697e-03  6.3501613e-03  5.5491656e-03
   626 : -3.1019029e-14  3.2917473e-13 -7.9030622e-14
   627 : -1.0085780e-08  2.0011655e-08  9.1804135e-10
   628 : -3.1763729e-04 -1.3357223e-04  2.8089183e-04
   629 : -1.3349012e-02  5.6166416e-03  4.2829384e-04
   630 :  8.4317842e-03  8.0644008e-03  1.0194424e-02
   631 :  1.3376515e-02  9.3602641e-03  9.7266925e-03
   632 :  1.2474817e-10 -1.9827528e-10  3.6349728e-12
   633 : -2.8682791e-03 -1.5513869e-03  5.1679532e-04
   634 :  1.3234492e-02  1.2402592e-02 -3.4853049e-03
   635 : -5.8316007e-03 -7.4388372e-03 -7.9597850e-03
   636 :  2.6817831e-03  1.1412942e-03  6.3106873e-04
   637 :  7.0368810e-03  1.5183640e-02  7.9211582e-03
   638 :  4.0141679e-03 -5.7515577e-03 -4.5225846e-03
   639 :  1.2283712e-03 -2.7901262e-03 -6.4930370e-03
   640 : -3.9879004e-04 -9.4653460e-03 -7.9890507e-04
   641 :  2.3502058e-07 -5.9657880e-07  1.1391133e-07
   642 :  1.7250253e-02  1.4634011e-03 -3.3144760e-02
   643 :  1.1579529e-02  6.6451199e-04  6.1151860e-03
   644 : -3.0038095e-02 -3.1713413e-02 -8.0263647e-03
   645 :  2.7418783e-03 -9.5475216e-03 -6.1650846e-03
   646 :  1.5109897e-02  6.0778546e-03  1.6980524e-02
   647 : -1.8723230e-02  5.7410767e-03  3.8939131e-03
   648 : -2.5325051e-03 -9.4115601e-04  4.9576043e-04
   649 :  1.1483071e-02  1.0494155e-02  9.8749047e-03
   650 :  5.7794429e-03  1.7758225e-02  4.8862768e-03
   651 :  3.7995539e-02  5.4124580e-03 -2.9923571e-02
   652 : -6.7023739e-03  1.9511718e-03  5.9846939e-03
   653 :  1.4134567e-02  1.0040973e-02 -2.9343140e-03
   654 : -4.1399369e-05  6.8149998e-06 -4.5824053e-06
   655 :  4.6862907e-03  9.7401119e-03  4.7947382e-03
   656 : -1.5413566e-03 -5.3409936e-03 -1.8207447e-03
   657 :  5.1750946e-03  1.3073585e-02  6.2659789e-03
   658 :  1.5422214e-03  5.8080194e-04 -7.6258858e-04
   659 :  1.0355236e-03 -1.6273340e-02 -5.8611678e-03
   660 :  4.5104761e-03  7.2836061e-03 -5.2622348e-03
   661 : -2.0906061e-02  4.6735124e-03 -4.1598301e-03
   662 : -1.5422019e-03 -3.1743455e-04  7.7480934e-05
   663 :  1.9935385e-03 -3.3595200e-03  7.0439166e-03
   664 : -6.7424718e-03  2.3346690e-02  9.6977577e-03
   665 : -6.6516896e-03  1.6369474e-03 -3.9413665e-03
   666 :  2.3078794e-11  5.7918968e-11 -5.5339152e-11
   667 : -1.7224951e-06  1.7250174e-06  1.1892011e-06
   668 : -2.8213014e-03  1.9125627e-03  1.0483374e-03
   669 : -4.0482554e-15  1.9305483e-13  1.5771898e-13
   670 :  3.3270877e-03  3.9369884e-03  1.2116989e-03
   671 : -1.1785314e-03 -3.7954943e-03 -4.3069112e-04
   672 :  1.1045385e-03 -2.9393055e-04  2.6628919e-03
   673 :  4.9109849e-03  1.1052205e-03  8.6707375e-03
   674 : -3.9057773e-03  6.4872506e-03  6.0657682e-03
   675 :  1.1133604e-02  6.8915658e-03  1.1658989e-02
   676 : -1.2311856e-02 -1.6343950e-01  1.5401581e-01
   677 :  1.2094471e-02  3.8742069e-03  1.2435680e-02
   678 : -2.3696855e-04  1.2036815e-03  1.6484971e-03
   679 :  1.7324695e-03 -9.7771707e-03 -4.7909475e-03
   680 :  2.1618015e-03  3.1473883e-03 -3.5481202e-03
   681 :  1.1342083e-06 -2.3196140e-07  1.5031942e-06
   682 :  3.4948320e-08  1.5812460e-06  1.1722893e-06
   683 :  1.4274173e-06 -1.4755107e-05 -1.5059537e-05
   684 : -5.3597897e-08  2.2612400e-08  9.9940561e-08
   685 :  2.8193296e-03  1.7332730e-03 -4.5307797e-03
   686 :  1.1266576e-02  1.2342954e-02  1.5273600e-02
   687 : -4.7238955e-07  2.4821519e-07 -1.2236605e-06
   688 :  5.2676554e-03  5.9037524e-04  1.3417000e-02
   689 : -4.4616601e-03 -4.1909344e-03  2.9694180e-03
   690 :  9.4918625e-03  1.1186691e-02  1.2570682e-02
   691 : -7.8794561e-03 -5.4290717e-03 -8.7533546e-03
   692 : -2.7219854e-03  2.5191680e-04 -2.4302641e-03
   693 :  1.3945274e-13  1.0676954e-13  2.0435858e-13
   694 : -1.4405654e-09  9.4167983e-09  6.8502149e-09
   695 :  5.9135533e-03 -1.5118045e-03  4.8318192e-03
   696 : -1.1414771e-02 -1.1451283e-03 -1.4887265e-03
   697 : -2.0109291e-02 -2.5018815e-02 -2.0973498e-02
   698 :  7.1720662e-03  1.0757509e-03  6.3977347e-03
   699 : -1.6480974e-03 -6.2975417e-04 -1.7182941e-03
   700 :  4.8597212e-12  6.9507825e-12 -2.2014444e-11
   701 : -8.5195640e-11  2.2160693e-10 -5.8357936e-11
   702 :  5.6203422e-06 -8.5539858e-07  8.0670250e-06
   703 :  2.2625959e-03 -2.9307155e-03  1.6947467e-03
   704 : -1.6852947e-02 -2.8986483e-02 -3.0904221e-02
   705 : -1.9237909e-08 -1.5016636e-07  5.8568705e-08
   706 : -2.4432350e-01  1.9795971e-01  4.8316475e-02
   707 :  1.9243145e-02 -8.3830993e-03  2.0235716e-02
   708 : -1.2826619e-02  1.3249013e-03  9.5804622e-03
   709 :  4.6170377e-03  4.4708788e-02 -1.8612871e-02
   710 :  3.2003827e-04 -4.3493446e-06  9.5524354e-05
   711 :  4.4675437e-03  6.0080539e-03  9.4386315e-03
   712 :  1.0734619e-02  9.8561844e-03  6.4240491e-03
   713 :  4.1640575e-03  8.9682864e-03  6.6186164e-03
   714 :  3.1144369e-03  1.6764799e-04  4.2018947e-03
   715 :  7.8034140e-03  7.5636738e-03  1.0797934e-02
   716 :  6.6951306e-09 -8.4053825e-09  2.5027113e-08
   717 : -1.7302874e-03 -7.4763772e-03 -6.5167968e-03
   718 :  3.3142173e-03  1.4065149e-02 -6.3000056e-03
   719 :  1.2213952e-03  6.8678741e-03 -2.5232042e-03
   720 : -3.8144402e-03 -8.7048561e-03 -1.1584558e-03
   721 :  3.8560331e-02 -1.8721078e-02 -6.6841269e-03
   722 : -1.2039287e-07  7.7710025e-07 -4.2353729e-07
   723 : -6.2688160e-07 -1.5907081e-05  1.3270270e-05
   724 :  1.1080096e-06  1.7397659e-06 -2.7151262e-07
   725 :  8.4661946e-03  9.5047665e-03  9.8256670e-03
   726 :  8.1676591e-03  3.6998972e-03 -2.9146317e-03
   727 :  1.0631080e-02  8.4278866e-03  9.8847826e-03
   728 : -8.4283124e-04 -6.1986578e-03 -7.7535617e-03
   729 :  2.5885692e-02 -6.6264028e-03 -8.4212453e-03
   730 :  6.4865990e-03  6.0795262e-03  7.6195131e-03
   731 :  3.2655915e-06 -2.5790933e-06 -9.1848585e-08
   732 : -1.2856512e-03 -3.7638135e-05  2.2667468e-04
   733 : -5.1588637e-03 -6.5651953e-04 -9.0500762e-04
   734 : -3.6535682e-02 -8.3040871e-01  9.3633316e-01
   735 : -5.7366776e-03 -6.4431081e-01  6.3605332e-01
   736 : -7.3550054e-03 -4.6610402e-03 -4.9318991e-03
   737 :  1.2388013e-02  9.5255480e-03  8.4037771e-03
   738 :  5.5934955e-05 -2.7201470e-04  1.0475666e-03
   739 : -1.7003969e-03 -7.5595869e-03 -2.9077564e-03
   740 :  6.3979497e-03  2.7530517e-03  2.4026885e-03
   741 :  4.0295634e-03  9.0574370e-03 -4.9991261e-05
   742 :  1.4569610e-02  3.8719158e-03  1.9117017e-03
   743 :  1.9467286e-03 -1.2263338e-03 -5.9185099e-03
   744 :  6.2072340e-04  2.5225663e-02 -9.4014019e-04
   745 : -2.7963518e-07  6.5084006e-07 -1.0171094e-07
   746 : -5.9301203e-06 -1.5608465e-05 -1.8957995e-05
   747 : -1.6498596e-03 -2.3931277e-03 -9.6316853e-04
   748 :  5.7555193e-03  7.9698095e-03  5.2038185e-03
   749 : -4.0167590e-03 -1.3281371e-02 -6.5360525e-03
   750 :  2.8718483e-10  7.7032621e-08 -2.7635811e-07
   751 :  3.7102827e-03  6.5507541e-03  8.8388624e-03
   752 :  5.3222770e-02  2.2647690e-02 -8.8597371e-03
   753 : -1.5272350e-02 -1.1866398e-02 -3.0241132e-03
   754 : -3.2763908e-05  6.2862279e-06  1.4108220e-04
   755 :  3.9344670e-03  1.6759806e-02 -2.1413775e-03
   756 :  1.1406162e-02  1.7511464e-02  7.7185557e-05
   757 :  4.7353584e-13  3.1131359e-13 -3.2415629e-13
   758 :  3.1240797e-02  3.2910888e-02  2.1968739e-02
   759 :  8.1777458e-03  4.0622085e-03  6.3299544e-03
   760 :  2.5472410e-03  1.2182943e-02 -1.5180295e-03
   761 :  1.8032326e-03  3.0565256e-03 -3.0992726e-03
   762 :  3.2480042e-02  4.3476617e-02  5.2228576e-03
   763 :  1.3010076e-09 -6.2203955e-09  1.8551097e-09
   764 :  2.9371412e-10  2.4176380e-10 -1.3868567e-10
   765 :  3.9638733e-03  4.5735813e-03  8.1253922e-03
   766 : -5.9341264e-04  1.8189986e-02 -3.1938469e-03
   767 :  2.8885529e-02  2.6031104e-01 -1.8151663e-01
   768 :  9.1624116e-08 -3.5747932e-07  5.1630431e-07
   769 :  3.7829214e-03  3.7613235e-03  6.8107030e-03
   770 :  1.8104914e-02  1.0463050e-02  1.4165591e-02
   771 : -1.6940342e-04  9.4840029e-03 -1.1742234e-02
   772 :  5.9544439e-03 -2.6956023e-03  6.2588092e-03
   773 :  5.8492984e-03  1.1360656e-02  1.8730658e-02
   774 :  1.6951378e-02  6.7166559e-03  4.2151229e-03
   775 :  5.4876755e-02 -2.5919713e-01  2.7126522e-01
   776 :  3.2728141e-03  1.1052175e-02  1.3009414e-02
   777 :  4.4400035e-03  7.6296951e-03  2.9517463e-03
   778 : -2.7694911e-03 -7.2792369e-03 -5.3879451e-04
   779 :  5.4532121e-05 -1.0780166e-04  2.2196848e-05
   780 :  3.8651931e-02 -1.0911814e-02 -4.7986556e-04
   781 : -2.4019788e-07  9.3479033e-08 -2.1378303e-07
   782 :  1.3418937e-13  5.4071551e-15 -2.7375824e-13
   783 : -2.2549463e-02  7.2049773e-03 -2.0846610e-03
   784 : -2.3535664e-02 -1.1688313e-02 -3.9099663e-02
   785 :  4.0588256e-08 -5.2568346e-07 -3.0291565e-07
   786 :  2.6790699e-02 -6.4266618e-03  1.2218750e-02
   787 : -6.1414209e-04 -6.7690014e-05  3.8472390e-03
   788 : -1.3788360e-07 -2.8889306e-07 -4.5181303e-07
   789 : -1.8120436e-07  1.9881437e-05 -4.1461373e-06
   790 :  1.5272724e-02  1.0100513e-02  1.1057630e-03
   791 :  1.6618589e-02  9.9923564e-02 -5.3033210e-02
   792 :  5.8446375e-03 -4.2797732e-03  7.1099632e-03
   793 :  6.5010847e-03 -4.1460412e-03 -3.0181483e-03
   794 : -2.7098663e-03 -1.0395832e-02 -6.9136437e-03
   795 :  7.4901074e-03  1.6257020e-03  1.1074892e-02
   796 : -3.6734685e-03 -1.1423132e-02 -3.6132094e-03
   797 :  4.0696873e-07  3.8256255e-07 -1.1240437e-06
   798 : -5.5673947e-03  5.1049977e-02 -5.9352914e-02
   799 : -2.3797970e-03 -3.9250385e-05  2.2381664e-03
   800 :  3.1508571e-03  4.1508948e-03  6.8604987e-03
   801 : -1.6405513e-05  2.2359021e-05  1.7341826e-05
   802 : -8.9615860e-03 -3.7056653e-01  3.6829151e-01
   803 : -1.4072032e-03 -1.2859813e-03 -7.4910214e-04
   804 :  3.8540640e-03  8.1727723e-03  6.9820068e-03
   805 : -3.8219777e-03  3.9707737e-03  9.5218541e-03
   806 : -6.3803599e-05  4.3335989e-05 -1.5186283e-05
   807 :  5.0501270e-08  8.1879530e-07 -3.8151744e-07
   808 :  1.4742303e-02  4.5127147e-03  6.1610072e-03
   809 :  4.7895239e-03  1.0153190e-02  1.5195679e-02
   810 :  2.9051111e-06 -3.9591339e-06  3.3867044e-06
   811 : -1.0930710e-13  5.8355243e-15  5.8344876e-14
   812 :  9.7265867e-03  6.7568052e-03  4.2260668e-03
   813 : -4.5873507e-03 -2.0501880e-01  2.2894924e-01
   814 : -7.2735369e-13  2.3779586e-14  6.7808069e-13
   815 :  6.8467250e-15  1.1538720e-15 -1.0738443e-14
   816 :  1.0123782e-10 -4.9338154e-11 -2.4146843e-11
   817 :  8.6547343e-13 -3.6910510e-12  2.2698120e-12
   818 : -2.5110855e-13 -3.4992316e-13  3.8623051e-13
   819 :  2.1579648e-02 -1.4780937e-02  8.0398801e-03
   820 :  3.0864184e-13 -9.0456124e-13  1.9896265e-13
   821 :  1.0259393e-02  2.8526103e-02 -1.2994559e-02
   822 : -3.9648153e-02 -3.1467497e-02 -1.7789051e-02
   823 : -2.0589301e-05  1.7489270e-04  2.4342549e-05
   824 : -1.4382080e-03  2.0800605e-03  5.1308734e-04
   825 :  3.2656201e-09  2.3397728e-09 -1.1319179e-08
   826 :  2.7356423e-03  4.3514356e-02 -4.6682155e-02
   827 : -1.0136329e-06  4.3120332e-06 -2.0565605e-07
   828 : -1.0376489e-03  9.2627771e-04 -3.6589486e-04
   829 : -3.3943400e-03 -8.0281729e-02  8.5710973e-02
   830 :  9.9346045e-03 -1.2330872e-02  3.9873521e-02
   831 :  2.0440087e-03 -2.4592220e-01  2.5689009e-01
   832 :  1.3713765e-02  4.4958414e-02 -7.0268128e-03
   833 : -9.1892664e-03  8.4782909e-03 -5.0145783e-02
   834 : -6.5500086e-12  5.2483959e-12 -6.0387703e-12
   835 :  1.5533592e-14 -3.1826649e-14  5.0420246e-14
   836 :  2.3714938e-03 -3.7740374e-02  4.1953404e-02
   837 :  1.6701316e-06  2.2775069e-07  4.9236036e-06
   838 : -3.5438811e-04  5.8213129e-03 -6.6925887e-03
   839 :  3.2722237e-04 -1.9930903e-03 -9.8268726e-04
   840 :  1.9627314e-06 -9.4745614e-08 -2.6527345e-06
   841 : -2.1063642e-04  4.0129192e-05  1.1016853e-04
   842 :  5.5654725e-03 -5.8563012e-03  1.1541690e-02
   843 :  1.6164965e-05 -4.8351371e-05 -2.2720166e-05
   844 :  2.9837741e-03  2.1916113e-02 -4.3597583e-03
   845 :  3.6727502e-09 -3.2622775e-09  1.0818581e-08
   846 : -3.1036854e-03 -1.6694677e-01  1.7964406e-01
   847 :  1.3026462e-02  2.5808104e-02  3.0387079e-03
   848 : -1.5628923e-15  1.1611446e-15  1.0300358e-16
   849 : -1.5895243e-03  3.0180845e-03  1.4431358e-03
   850 : -1.3823542e-03 -7.0670654e-04 -1.2690266e-03
   851 :  1.9228545e-04  4.3987707e-05  8.8670590e-05
   852 :  1.0184337e-09 -2.2206712e-09  1.0653833e-09
   853 : -7.3635307e-04 -1.4545021e-02 -8.0527826e-03
   854 :  2.3375982e-16 -2.5986934e-16 -2.9159362e-16
   855 :  7.5058199e-03 -8.1611620e-03 -7.1310497e-04
   856 : -1.1667715e-02  1.0397281e-02 -1.4765351e-03
   857 :  7.0912792e-03 -1.2327316e-03  8.3715458e-03
   858 :  1.3447761e-03 -1.1748062e-03  5.8948340e-03
   859 :  4.2245239e-09 -6.1870329e-09 -5.4056271e-09
   860 :  3.9689069e-03  2.3971797e-03 -1.4715037e-02
   861 : -7.5503738e-03  1.4372473e-03 -8.8533897e-03
   862 : -1.2237030e-02  3.6072962e-03  8.0472356e-03
   863 : -7.6239514e-03  1.0601200e-03  1.9848204e-03
   864 :  3.3996826e-03  1.7963747e-03  8.0212658e-03
   865 :  5.2890819e-03  3.0170737e-02  4.5050383e-03
   866 :  7.0426350e-02 -2.1627303e-02 -4.8285218e-02
   867 : -4.0473138e-03 -2.9459313e-03 -4.9514799e-03
   868 :  4.7051801e-03  1.4948060e-02  1.5938950e-02
   869 :  1.3191476e-02  1.4603441e-02 -1.9693438e-04
   870 :  2.5309473e-02 -5.1649803e-02  1.0652514e-01
   871 : -1.1306190e-02 -3.4861296e-02  8.7843030e-03
   872 : -3.5508544e-03 -1.1322885e-02 -1.6680597e-02
   873 : -6.0538086e-03 -1.9565173e-03 -4.6420149e-04
   874 : -2.9086486e-04 -1.7339679e-03 -6.3555490e-03
   875 :  6.1293038e-05 -1.7833526e-05 -2.0243917e-05
   876 : -3.3002751e-05  1.3843086e-04  9.6548035e-05
   877 :  2.1069845e-12 -2.4147538e-12  2.7492959e-12
   878 :  1.2090882e-10 -2.9816669e-10  6.9333461e-11
   879 : -3.1216039e-05 -9.0339960e-05  1.7341159e-04
   880 :  1.7982931e-03  7.2355543e-05 -9.5927410e-04
   881 : -1.9792264e-12  5.8159774e-13  7.5234372e-13
   882 :  8.7235174e-12 -5.0566167e-12 -1.4245021e-11
   883 : -2.4583037e-06  4.6028070e-06 -8.0937616e-06
   884 : -2.7899589e-05 -2.3639526e-05 -5.4625218e-06
   885 :  6.4867912e-03 -1.8296151e-02 -1.9004382e-02
   886 : -2.0425172e-02  9.6232641e-03  8.0237779e-03
   887 :  6.9380767e-03  2.7348989e-02  1.0591996e-02
   888 :  8.9747798e-03 -2.7349378e-04  8.2522279e-03
   889 : -1.4692563e-03 -3.9651149e-03  6.0553181e-03
   890 :  3.9329317e-03  6.5918227e-03  7.1743005e-04
   891 : -6.9517943e-05  2.6501900e-05  9.6461992e-06
   892 :  3.4401368e-04 -2.2098157e-04 -5.8785470e-04
   893 : -1.5025803e-02  5.3659945e-02  2.2009868e-02
   894 :  1.3605343e-02  5.4042027e-03  3.8214584e-02
   895 : -2.2937007e-03 -4.6929173e-03  6.6461845e-03
   896 :  4.5399006e-03  4.2803862e-03  1.4075389e-03
   897 : -9.3314144e-06  2.4237035e-06  2.4621346e-06
   898 :  4.9057507e-06 -1.6570122e-05 -1.6870827e-05
   899 :  1.1164219e-02  5.3374906e-03  6.0813994e-03
   900 :  6.7507683e-03  1.0900748e-02  1.0262125e-02
   901 :  1.7324474e-02  1.2783990e-02 -5.7846693e-03
   902 : -3.0340920e-03 -9.9570927e-03  1.3783443e-02
   903 : -2.0404670e-03  2.0181733e-04 -7.5734654e-03
   904 : -6.5267665e-03 -2.1750236e-03 -3.6265757e-03
   905 :  5.9940228e-03  7.9073593e-03  1.7015809e-03
   906 :  7.4242977e-03  3.5576813e-03  7.0784239e-03
   907 :  1.2090039e-02  3.5913691e-03  7.8583999e-03
   908 :  8.4162511e-01 -1.4905113e+00 -1.4022482e-01
   909 : -2.6304145e-01  4.8550774e-02  5.8671217e-01
   910 : -4.4560174e-04  5.9402606e-03  1.7502818e-03
   911 :  1.1846285e-03 -7.7551187e-03 -2.5444564e-04
