Number of elements 912
     0 : -8.7419243e-04 -2.1454426e-03  1.7715846e-03
     1 : -2.0973614e-03 -1.5288497e-03 -3.4387926e-02
     2 : -2.4483849e-03  1.3990771e-05  1.1103280e-02
     3 :  1.5327935e-03  5.7254105e-04  4.0794789e-02
     4 : -6.8514265e-04  8.9052498e-05 -3.8426803e-04
     5 :  2.0290760e-03 -1.5220730e-02  1.3130872e-02
     6 :  2.4478538e-08 -1.1653772e-07 -2.5310512e-08
     7 : -1.2822974e+00 -1.0586360e-01 -1.3979114e-01
     8 :  2.1404467e-03  3.2388702e-03 -9.4407677e-04
     9 : -1.5134901e-07  7.8471743e-07  7.1036151e-07
    10 : -3.1218010e-03 -1.5707600e-03 -1.9585002e-03
    11 :  4.9638324e-08 -7.8318304e-08 -7.7028981e-09
    12 :  6.4588742e-03  3.7532545e-01 -3.8693651e-01
    13 : -6.0374444e-03  7.6261105e-04 -5.2319540e-03
    14 :  6.5640157e-03 -1.0545452e-02  7.6824342e-03
    15 : -7.3099858e-04 -2.5410311e-03 -5.0801440e-03
    16 : -7.2082533e-09  1.8220199e-08  1.6175862e-08
    17 :  1.2221333e-04  1.3761951e-04  2.1400419e-04
    18 :  1.0996612e-03 -3.3975243e-03 -9.4466685e-03
    19 :  6.6043835e-10  3.8352252e-10  7.5135641e-10
    20 :  2.7554596e-04  2.3375764e-04 -3.8789159e-04
    21 : -2.3269812e-03 -1.8210588e-04 -7.3688381e-04
    22 :  2.1502097e-04 -3.5991419e-03 -1.5073535e-04
    23 : -9.2901212e-09 -8.9076526e-09 -3.2331181e-09
    24 : -6.0164677e-03  4.1662375e-03 -5.5714598e-03
    25 :  2.4827675e-10 -1.0468708e-09  3.3782817e-10
    26 :  3.2817571e-03  1.7773640e-02  7.3714484e-03
    27 :  6.7983493e-03 -1.5350212e-02 -2.5011389e-03
    28 : -6.1526960e-03 -5.2911104e-02  4.2386239e-02
    29 :  2.0671129e-03 -2.5776956e-03 -3.1346771e-04
    30 : -5.7337949e-03  6.2024396e-03 -8.6376287e-03
    31 :  6.1000515e-03 -4.6956718e-03 -1.0932788e-02
    32 : -1.2913472e-06 -6.8438422e-07  2.0629524e-06
    33 : -5.2284283e-03 -3.9999157e-03 -4.6264553e-03
    34 : -4.5176643e-11  1.5149352e-10  6.2515540e-11
    35 :  5.6746004e-03 -2.1915805e-03 -7.8862825e-03
    36 :  2.3586825e-03  2.1099162e-03  4.6279543e-03
    37 :  9.5334567e-04  5.7924758e-03  1.3641987e-03
    38 : -2.1191816e-03 -1.2894454e-03 -4.3641787e-03
    39 : -6.1958220e-03  8.1864254e-04  2.1911920e-03
    40 : -1.3333496e-02 -2.1948127e-01  2.1792486e-01
    41 :  3.9968745e-02  1.3829442e+00 -1.9118050e+00
    42 : -1.6921557e-09 -3.1995541e-09  2.9159613e-09
    43 :  2.4134945e-04 -2.8903630e-04 -7.8694721e-05
    44 :  1.6938538e-03  1.4787563e-03  5.0536628e-03
    45 :  7.4390179e-03 -2.1274872e-03  8.9566702e-03
    46 :  1.5377541e-02  7.7567514e-03  6.7521842e-03
    47 :  3.3630694e-06 -2.4107574e-06  3.5322886e-06
    48 :  1.5137751e-08 -4.2347949e-08  2.4032067e-08
    49 :  2.8813802e-03 -2.6752532e-03  1.4925565e-03
    50 : -8.6381118e-03 -1.3665999e-03 -3.1819151e-03
    51 :  2.9256522e-04 -1.6466848e-03 -1.2892183e-03
    52 : -6.9006659e-03  8.5735376e-03 -1.5217597e-02
    53 : -1.7287055e-07  2.2332813e-08 -7.2896439e-08
    54 : -4.2490526e-03 -1.6398088e-02 -1.0423294e-02
    55 : -1.4221006e-02 -1.7732550e-02 -1.1162322e-02
    56 :  1.2231384e-03 -1.9547256e-03  2.2789720e-03
    57 :  4.7037703e-03  4.2152531e-03 -1.0391338e-02
    58 : -3.5427057e-03 -1.3248958e-01  1.7834667e-01
    59 : -2.1372362e-03  2.5576851e-03  7.3851023e-04
    60 : -3.0209359e-04 -4.9506433e-03  4.2057175e-04
    61 :  1.7196529e-03 -1.3447895e-03 -4.6190908e-04
    62 : -2.0259263e-03 -4.3336244e-03 -7.0636067e-03
    63 :  1.0025030e-04  8.1095838e-04 -5.3045777e-03
    64 : -5.7962576e-03  1.2979465e-03  4.5921729e-03
    65 : -6.5317575e-03 -4.0174388e-04 -9.7706416e-03
    66 : -1.3810080e-02 -4.8243901e-03 -7.3422993e-03
    67 :  2.3773717e-07 -2.8954815e-07 -3.9170633e-07
    68 : -2.4648709e-09  2.1781433e-07 -8.8192550e-08
    69 :  2.7023487e-07 -3.1534554e-07 -3.5762699e-07
    70 : -1.2376105e-03 -8.5979306e-04 -5.7656834e-03
    71 :  5.6697881e-03  9.4630772e-04 -5.1748149e-03
    72 :  2.7231084e-09 -1.3957586e-08 -2.7654610e-11
    73 : -5.8857819e-03  8.6571920e-04 -4.1156478e-03
    74 : -1.0273858e-03 -9.0723578e-05 -1.0924345e-04
    75 :  4.1623189e-06  2.5529094e-05  4.5706197e-06
    76 : -3.0249556e-09  1.4989388e-08 -2.6418356e-09
    77 : -1.7568389e-05 -1.6797216e-05 -2.3031767e-05
    78 : -8.0850121e-08  8.0087504e-07  6.7219032e-08
    79 : -3.5891820e-04  3.6215013e-04 -7.1395027e-04
    80 : -7.9953402e-14  3.2376513e-13 -6.6282396e-14
    81 :  6.1815337e-06  1.4047010e-05 -6.0638750e-06
    82 :  6.9995513e-03  3.9585839e-01 -4.1760122e-01
    83 : -1.1251094e-10  3.4138318e-11  1.7335407e-10
    84 : -5.9361157e-09  1.3049746e-08 -1.7246954e-09
    85 :  1.5026064e-02  1.7443013e-01 -1.6127623e-01
    86 :  5.7959240e-05 -2.9468634e-05  1.0285755e-04
    87 :  2.5684946e-04 -1.0095097e-04 -3.3337334e-04
    88 : -1.0911975e-02 -8.4202893e-02  6.7531581e-02
    89 :  6.6069427e-03  5.9408365e-03  1.1163652e-03
    90 :  1.4735835e-09  3.0476086e-09 -3.9993287e-09
    91 : -1.0259100e-03  5.8405722e-04  3.2278816e-04
    92 :  3.9918882e-03 -1.5791538e-03  7.7861939e-03
    93 : -4.9824659e-12  2.8243106e-12  7.8072420e-13
    94 : -9.6105364e-04 -1.6268405e-04 -4.6093236e-06
    95 : -4.9981692e-08  2.3553512e-08  1.2890792e-08
    96 : -8.9891378e-05  2.9294914e-03 -1.3680084e-02
    97 : -4.2445249e-03  1.5970940e-02  1.4944718e-04
    98 :  3.2425917e-03  1.5070993e-03  7.8363648e-03
    99 :  7.8174370e-07  5.2931518e-07 -4.3585492e-07
   100 : -6.9025949e-07 -7.4379467e-07  6.6565775e-07
   101 : -5.5441284e-03 -7.1140564e-03 -6.8365198e-03
   102 : -3.9408609e-03 -2.0810511e-02  1.3567578e-02
   103 : -3.5701026e-11  3.3488362e-11  1.9430057e-11
   104 :  8.5839644e-03 -2.0031262e-03  6.7249312e-05
   105 :  9.7934966e-03  1.4143819e-02  1.8777275e-02
   106 : -5.9603164e-03 -4.5756749e-03 -3.7234916e-03
   107 : -5.2087666e-03  2.1817207e-02 -2.6315608e-02
   108 :  7.3410673e-05 -6.9837928e-04 -1.4002912e-03
   109 :  5.5956213e-05  3.2627253e-03 -5.9774435e-04
   110 : -6.7240331e-03 -3.1096163e-03 -8.7774323e-03
   111 :  1.3384446e-03 -5.2771890e-03  8.7345499e-05
   112 :  6.9347021e-06 -1.0326299e-06 -6.2146086e-06
   113 :  2.3717714e-04 -1.5397132e-03 -1.4869575e-03
   114 : -2.6502259e-03 -1.3167829e-01  1.6720147e-01
   115 :  4.3489244e-04  6.7987563e-03 -1.3997357e-02
   116 : -6.3360935e-03 -1.0892217e-01  9.9399414e-02
   117 : -7.8965885e-04 -1.2686443e-03  1.5175958e-03
   118 : -2.4236729e-02  1.6627760e-02  4.9404619e-03
   119 :  1.1935536e-07  6.4924087e-08 -1.2140884e-07
   120 :  1.0419033e-02 -1.3982652e-03  7.7926916e-03
   121 : -7.6461522e-06  2.6453909e-08 -1.0610458e-05
   122 : -2.0968655e-03  5.3046921e-02 -9.0666152e-02
   123 : -2.3686596e-10  2.1938527e-11  1.3620379e-10
   124 : -1.5585788e-07 -1.3229551e-10 -1.5177669e-08
   125 : -1.6978950e-13  5.4105078e-13 -1.9991092e-13
   126 :  1.2908039e-04  7.3343633e-05  5.9099907e-05
   127 : -8.4031323e-05  1.1243210e-04  5.1561188e-05
   128 : -2.6620032e-03  3.5850456e-03  2.7143083e-03
   129 : -5.0979546e-04 -9.7829914e-04 -7.5311805e-04
   130 :  1.6965435e-03 -6.3650157e-04  7.9503181e-05
   131 : -7.3987589e-04 -4.4154671e-03  4.7956826e-04
   132 : -3.6902168e-03 -6.3676626e-03 -4.5118099e-05
   133 :  9.1112869e-04  3.6720538e-03 -5.4968154e-05
   134 : -9.6602457e-05  7.1940900e-03 -2.2860731e-05
   135 : -3.8044743e+00  2.8468479e-01  8.3911028e-01
   136 : -3.3709651e-03 -7.1224667e-04 -6.1965099e-03
   137 :  6.6304830e-04  2.7247124e-03  2.6144659e-03
   138 : -1.3957659e-02  9.6149779e-03 -3.6083143e-02
   139 :  1.0763439e-02  1.1835476e-02 -1.4793287e-02
   140 :  1.3295200e-06 -2.0609367e-06  1.4250459e-06
   141 :  2.0210032e-06 -1.3988895e-05 -7.2858560e-06
   142 :  9.2580225e-03  8.9118500e-03  1.4816877e-02
   143 :  4.6153828e-08 -8.5358680e-08  9.9816399e-08
   144 :  8.2685365e-05 -5.7368070e-03 -9.7659198e-03
   145 : -6.3467629e-03 -1.0675908e-01  1.0184917e-01
   146 : -2.2068671e-03 -1.3732116e-04  2.1814359e-03
   147 : -1.2427068e-08  1.2510645e-08  5.3971020e-09
   148 :  1.2343203e-03 -2.2295176e-03  1.2740513e-03
   149 :  3.5593706e-03  3.5221158e-04  4.3938427e-03
   150 :  2.0300918e-03 -6.7170907e-03 -4.2919898e-03
   151 : -1.4996144e-05 -8.2132308e-06  1.4443636e-05
   152 : -1.4035443e-03 -7.7199418e-05 -3.2909377e-05
   153 :  4.1837917e-02 -1.7188919e-02 -3.1153475e-02
   154 : -3.3824130e-12 -2.3478791e-13  1.7939359e-12
   155 :  6.6368911e-08  3.1908365e-08  4.9231420e-08
   156 : -1.8465598e-09  7.3188743e-10 -1.0018302e-09
   157 :  1.5143153e-03  6.6396192e-04  5.2729496e-03
   158 : -2.8232452e-02  6.7718274e-03 -1.1078762e-02
   159 :  2.1522502e-02  2.1677811e-02  3.9294335e-03
   160 :  9.1140289e-12 -9.9471385e-12 -9.6985437e-13
   161 : -4.7792692e-11 -9.2806710e-12  4.4290185e-11
   162 :  1.8370033e-03  4.4659692e-03  3.0444923e-05
   163 : -7.2673453e-03  7.2430769e-03  4.1741719e-03
   164 : -9.7513050e-06  1.2108064e-04  4.3252023e-05
   165 :  2.6544412e-02 -1.8266911e-02  8.1693782e-03
   166 : -1.9017423e-08  5.3015052e-09  3.0413209e-08
   167 :  2.0154244e-03 -5.0303141e-03  3.7071136e-03
   168 :  6.0323431e-03 -8.3434593e-03 -3.8962557e-03
   169 : -2.5956804e-02  1.1638790e-02  1.0353799e-02
   170 : -6.6140064e-08  3.0773875e-08 -5.6690360e-08
   171 :  5.0880581e-08  1.5742068e-08 -9.6895878e-08
   172 : -6.1180921e-03 -5.2163427e-03 -5.3518425e-03
   173 :  1.0311493e-02  1.7072967e-02  5.2045080e-03
   174 : -2.8425522e-03  1.0641592e-03 -3.0888589e-03
   175 :  5.0729303e-03 -1.0096722e-03 -1.0722011e-03
   176 : -4.9100547e-07  9.4257357e-07  7.8230801e-07
   177 : -5.6906743e-03 -3.9736491e-04 -1.9179772e-03
   178 :  1.6182133e-02  4.0456573e-01 -4.0762841e-01
   179 :  4.1123971e-03  1.4277431e-03  1.7423107e-02
   180 :  2.4308538e-09  5.6584067e-09  3.1291405e-09
   181 : -4.4989144e-03 -1.0354024e-02 -7.5663600e-03
   182 : -5.5337446e-05  7.6083051e-05 -8.8592548e-04
   183 : -4.8086914e-03 -6.4284261e-03 -3.0866228e-03
   184 :  1.9988384e-11 -5.1460972e-11  4.9071824e-11
   185 :  2.0712960e-04  1.4652754e-04 -1.0692975e-04
   186 :  6.5639862e-03  9.2890515e-03  6.9039522e-03
   187 :  3.2589244e-03  1.8939920e-02  1.7811867e-02
   188 :  1.2233409e-02  4.6924544e-01 -4.9229491e-01
   189 : -2.4552806e-03  4.5461543e-04 -4.7376582e-03
   190 : -6.9281848e-03 -6.2873758e-03 -8.0768456e-03
   191 : -3.6369183e-10  2.0270032e-10  2.7505003e-10
   192 : -6.0339894e-03 -4.7032524e-05  4.9688331e-04
   193 :  2.8095382e-03  7.3017395e-03  2.8697601e-03
   194 :  1.2224133e-02  1.6268324e-01 -1.4943923e-01
   195 :  1.3454149e-02  1.4020960e-02  1.7931163e-02
   196 : -4.0982334e-09  1.2390765e-08  6.2608760e-09
   197 :  5.8191129e-09  5.4042727e-09  8.0448924e-09
   198 : -2.1116359e-03  1.0044278e-02  5.0786160e-03
   199 :  3.7830741e-03  1.2209187e-03  2.6818703e-04
   200 :  4.8868535e-08  4.3329361e-08 -8.8479305e-08
   201 : -6.5362988e-03 -4.4076276e-03 -9.1000874e-04
   202 :  1.4626509e-02 -3.0046433e-03 -5.0984048e-03
   203 : -1.1412559e-09 -2.1915251e-10  5.5183481e-10
   204 :  7.3410301e-03 -1.7586699e-02 -2.4783672e-03
   205 : -7.0153600e-03 -7.4924605e-02  6.5331071e-02
   206 : -9.7341922e-10  1.4230641e-10 -1.1219802e-10
   207 :  5.0729847e-08 -3.1661686e-08  2.5802450e-08
   208 : -4.5100791e-05 -5.0049957e-05  4.4906777e-05
   209 : -9.2566474e-02  5.6998967e-02  3.4303203e-02
   210 :  4.0828214e-03 -4.7990314e-02  6.0121599e-02
   211 : -9.5583303e-10  8.7526264e-11 -1.0090850e-09
   212 :  2.8370842e-03  8.3638301e-04 -3.8090634e-03
   213 :  9.8824305e-08  8.6221290e-08 -1.0875374e-07
   214 :  3.3992432e-03  2.0758240e-03  7.9039525e-04
   215 :  3.9647482e-02 -2.0974215e-02 -9.8655087e-03
   216 : -1.1236520e-02  1.0463759e-02 -1.9163952e-02
   217 : -1.6532303e-12  2.5048311e-13  1.5925738e-12
   218 :  1.6365347e-05 -2.4259788e-05 -1.8561177e-05
   219 :  7.7731071e-04 -9.4188106e-04 -5.9663016e-03
   220 :  1.3039783e-04  1.2202298e-04  9.3517562e-05
   221 : -4.0361850e-07  2.0463331e-07  8.8082077e-07
   222 : -9.4889735e-04  5.3632593e-05 -1.2164895e-03
   223 : -2.1512008e-03 -5.0924267e-04  2.5460743e-03
   224 :  1.1206146e-04  1.6774235e-02  1.5976831e-02
   225 :  3.3568190e-04  3.2045549e-04 -5.1350334e-04
   226 :  2.1784467e-06 -8.3208170e-07 -7.0893866e-07
   227 :  9.4182232e-03 -9.6148298e-04 -1.1501816e-03
   228 : -7.1471257e-03 -1.2198211e-01  1.1379927e-01
   229 : -1.3389260e-03 -1.4715640e-03 -5.8743201e-04
   230 : -7.1806626e-08 -2.8714379e-08 -2.5670454e-08
   231 :  2.4864295e-08 -5.4439430e-08 -7.9926115e-08
   232 : -2.4566780e-12 -1.9606124e-12  1.4260512e-12
   233 : -6.6761423e-07  7.4582244e-07  1.2938537e-06
   234 :  1.3634611e-03  1.9722585e-03  4.1261956e-05
   235 : -5.9311973e-03 -1.4043902e-02  2.4078432e-02
   236 :  3.5883697e-06 -4.2131150e-06  4.7125579e-07
   237 :  4.7077688e-06 -3.8803127e-05  8.1999116e-05
   238 : -6.3032211e-10 -6.1538165e-11  3.1249435e-10
   239 :  6.2375098e-07 -3.4417285e-07  5.6156803e-07
   240 : -2.8230024e-09  5.5766186e-10  6.5054294e-09
   241 :  9.5441385e-04 -9.1761260e-04  2.9832354e-03
   242 :  1.0397071e-02 -1.5627563e-02  1.2401158e-02
   243 :  2.7145332e-03  1.9597995e-03  2.7499990e-03
   244 :  2.8592888e-05 -6.9240823e-04  2.0807810e-03
   245 :  4.5535459e-06  6.1475115e-06 -4.5791631e-06
   246 : -2.4211632e-03 -2.8236821e-03 -7.1815124e-03
   247 :  6.2538513e-03  1.3019964e-03  2.2895103e-03
   248 :  6.7743082e-12  1.2068995e-11 -8.6992977e-12
   249 :  7.7367269e-05  8.1306611e-05  4.6239850e-05
   250 : -3.9218001e-03  6.7572713e-03  7.1035031e-03
   251 :  2.7981226e-03 -1.3160703e-03 -1.5090432e-03
   252 :  7.0937140e-07 -7.8155163e-07 -6.7655152e-07
   253 : -3.4020036e-09  3.4503669e-09 -3.3494658e-09
   254 :  2.3880335e-03  2.4897472e-03  3.2158050e-03
   255 :  9.0016108e-03  1.2790501e-02  7.6847951e-03
   256 : -7.7688377e-04 -2.5442649e-04 -1.7342055e-03
   257 : -2.6160636e-03 -8.3467629e-03 -3.2707483e-03
   258 :  6.2731681e-03  1.6214958e-03  1.1022644e-02
   259 : -1.0343333e-05 -3.8456099e-06 -1.5952617e-06
   260 :  1.1839781e-03 -1.6661858e-03 -3.3114962e-03
   261 : -1.5597024e-04  6.8450680e-03 -1.4218323e-03
   262 :  7.6308458e-06 -5.8932668e-06 -1.6160336e-06
   263 :  2.7098502e-07 -3.0986773e-07 -4.7844681e-07
   264 :  8.8999133e-03  8.2519478e-03  8.8501870e-03
   265 :  6.8057185e-03  7.8133429e-03  3.6232985e-04
   266 : -3.4117726e-04 -1.3504870e-03  5.1529545e-04
   267 : -1.1495011e-03  2.5354967e-04 -5.0813302e-04
   268 :  2.8192900e-09 -1.9830786e-09 -1.2801816e-08
   269 :  1.5563877e-03 -3.1493667e-04 -1.3372941e-03
   270 : -1.9344529e-03  6.9674664e-03  7.9992055e-04
   271 : -1.0795929e-03 -5.4679955e-04 -5.8633993e-03
   272 : -9.2900045e-04 -5.8964493e-05 -9.8077499e-04
   273 : -2.1978095e-07 -1.8576683e-09  2.2615979e-07
   274 : -7.6633727e-04  1.7927741e-03 -3.0928419e-04
   275 :  3.3950954e-06 -6.7323960e-06 -2.0385348e-06
   276 : -2.5872503e-03 -1.9676886e-02 -2.4832963e-02
   277 : -5.0861523e-07  1.2788689e-06  5.5840529e-07
   278 :  2.8710736e-03  1.9953145e-03 -2.0217416e-03
   279 : -1.4406321e-02  4.4294404e-03  1.2720708e-02
   280 :  2.2555848e-02 -3.5750903e-03 -8.8343993e-04
   281 :  8.5290136e-03  2.8969778e-03 -3.9403028e-03
   282 :  1.1379216e-02  3.3456482e-03  8.7444286e-03
   283 :  6.5511676e-05 -2.5583524e-04  1.1078723e-05
   284 :  1.2790600e-06  8.6162999e-07 -2.8218047e-06
   285 : -1.4706726e-04 -1.3584927e-03 -3.6027902e-04
   286 :  4.7819574e-03  4.5157592e-03  4.6107311e-04
   287 : -3.5301379e-03 -3.2637204e-03 -1.5274242e-03
   288 : -5.9274457e-04  5.9774598e-05 -7.9146124e-04
   289 : -5.6618068e-03 -9.9242960e-03 -6.8952526e-03
   290 :  1.7276224e-03  9.0549194e-05 -1.7394077e-03
   291 :  3.1469917e-03 -1.8794337e-02  1.6920417e-02
   292 : -4.4312319e-03  1.9317328e-04 -1.1549499e-03
   293 :  1.4953410e-04 -1.5163741e-04 -1.0466353e-04
   294 :  4.0512230e-03  1.8472675e-03  3.5367147e-03
   295 : -1.3950933e-09 -1.9145041e-09  1.1346445e-09
   296 :  5.2179174e-04 -4.7627087e-03  1.0396409e-03
   297 : -2.5575927e-03 -1.1882559e-02 -1.0240862e-02
   298 : -1.4139549e-02 -1.2920881e-01  1.1978533e-01
   299 :  1.6139633e-10  5.8075790e-11 -1.3412831e-10
   300 :  1.5315194e-04 -5.9948139e-03  4.3630639e-03
   301 :  2.5328688e-03 -1.9148612e-03  5.6576302e-03
   302 : -5.5310094e-04  9.1121884e-03 -6.3666279e-03
   303 : -7.3333299e-03 -1.4615016e-02 -1.0838233e-02
   304 : -4.4982636e-04 -1.8859874e-03  4.1373741e-03
   305 :  1.0351414e-02  4.8935535e-03 -9.3978055e-04
   306 : -4.1746106e-03 -3.7458133e-03 -7.9822784e-03
   307 :  1.2392677e-03  8.2498907e-03  7.8150051e-03
   308 :  8.2281095e-03  8.9786778e-03 -3.8708650e-04
   309 :  1.1476437e-09 -5.5595809e-12  1.7295665e-10
   310 :  2.9330444e-02 -1.2552696e-02 -2.0171833e-02
   311 :  3.0304551e-03 -2.5861557e-03  7.9240387e-03
   312 : -2.0424244e-08  1.2447101e-08  1.9856200e-08
   313 : -4.1986397e-05  1.4400005e-04 -6.2869379e-05
   314 : -1.1004372e-09 -1.0837644e-09  3.6264222e-09
   315 :  1.1832244e-06  4.0184323e-06 -1.5004127e-06
   316 :  1.3167241e-03 -9.9609812e-04  3.2994851e-03
   317 : -9.3900801e-11  1.5248874e-10  1.6851689e-10
   318 : -5.0143440e-03 -8.8596667e-03 -1.4740349e-02
   319 :  2.3232053e-05 -6.4367490e-03 -3.8729427e-03
   320 :  2.5349302e-03 -3.1759371e-03  2.0668536e-03
   321 : -4.3083959e-03 -2.9721163e-03 -1.7155958e-03
   322 : -2.9660777e-10  8.4927126e-10 -1.1029873e-10
   323 : -1.4187983e-10 -8.1248527e-11 -4.9826392e-12
   324 :  6.5097517e-06 -1.5430033e-05  4.7388120e-06
   325 :  7.1046447e-05 -3.3840638e-05  2.0051571e-05
   326 :  8.6032294e-02 -8.2583999e-04 -2.9635621e-02
   327 :  6.2801756e-03  3.7312444e-01 -3.8457915e-01
   328 :  5.2663377e-04  2.9316008e-03  2.8264846e-03
   329 :  1.0521462e-06  8.4785229e-06 -5.2141599e-06
   330 : -1.3479237e-11 -2.0333345e-11  6.8644548e-11
   331 : -2.2752515e-04  5.6200604e-03  1.3776457e-02
   332 : -1.0609369e-02 -1.8320719e-02  1.2890560e-03
   333 : -8.0929068e-07 -6.2196674e-06 -6.5814658e-06
   334 : -4.5102353e-04 -6.6518599e-03 -1.0273741e-02
   335 : -6.0945166e-03  4.2807718e-03 -1.2121955e-02
   336 : -2.1662271e-02  2.0352601e-02  1.0334860e-02
   337 : -3.9532847e-09  5.3009069e-09 -1.1711866e-08
   338 :  1.0551624e-03  6.0271402e-03 -4.6013393e-03
   339 :  2.2342266e-06 -4.5801293e-06 -1.1279653e-06
   340 : -8.7631996e-03 -3.1333872e-03 -1.3868452e-02
   341 :  4.8389737e-10  1.3834735e-08 -7.7437284e-09
   342 : -1.8238659e-06  2.0798776e-06  1.6778099e-06
   343 : -1.2178946e-02  2.9044270e-03  7.7412851e-03
   344 : -4.7151456e-03 -4.8916221e-03 -3.1725600e-03
   345 :  1.4681912e-04 -9.7376678e-04 -1.5486586e-03
   346 :  3.8096025e-06  2.1655916e-06 -1.7711256e-06
   347 :  2.9590348e-04 -9.0658385e-05 -1.3596940e-03
   348 : -2.4258290e-04  2.0104687e-02 -1.2927269e-02
   349 :  8.4459053e-03  2.7262438e-03  7.4998928e-03
   350 : -2.9337268e-04  9.4065313e-04  2.0533804e-03
   351 : -5.9631875e-05 -3.4987261e-05  1.0033566e-05
   352 : -2.3657605e-01  1.2091636e-01 -3.0813197e-01
   353 : -3.4582019e-04  7.1917725e-03 -3.7496895e-03
   354 : -1.4769710e-04  5.9182273e-04  9.8280480e-04
   355 :  3.6629258e-03  5.2848948e-03  8.0663292e-03
   356 : -1.1320259e-08 -1.0034133e-08  1.3168548e-08
   357 :  7.3151994e-04 -4.5220947e-03 -2.6241222e-03
   358 :  1.0316747e-03  6.3739898e-03  7.7111812e-03
   359 : -3.6825746e-14  2.3691497e-13 -2.4961184e-13
   360 :  1.7055832e-03 -2.4309012e-03 -6.1792030e-04
   361 :  1.6364661e-05  8.4151876e-05  1.2683748e-04
   362 :  7.4498925e-03  1.0709848e-02  7.5962333e-03
   363 : -5.3026335e-04 -2.5859001e-03  2.7917588e-03
   364 : -3.4065076e-04 -1.6238208e-03  1.3011127e-04
   365 :  4.7678092e-03  1.3229289e-01 -1.1766598e-01
   366 :  1.5653410e-08 -3.9215870e-08 -9.8608029e-09
   367 : -5.2881711e-03  1.1280943e-03 -2.4884749e-03
   368 : -3.2268702e-03 -5.0785335e-03 -2.6854380e-03
   369 :  1.4700248e-02  6.3105821e-03 -2.4315361e-03
   370 :  4.7054497e-03 -1.3368684e-02  3.4522408e-02
   371 :  2.8252940e-08  3.7095894e-08 -1.8178646e-07
   372 : -1.6449689e-02 -9.2628138e-03 -2.2023081e-02
   373 :  8.5983083e-04 -4.4457117e-03  8.7375134e-03
   374 :  2.0362544e-03  5.6255392e-03  1.7525402e-03
   375 :  1.6155641e-05  1.1983255e-05 -1.9927767e-05
   376 :  4.0486396e-09 -4.6792130e-09 -6.7088060e-09
   377 : -9.9673177e-03 -7.1693324e-03 -2.4770104e-03
   378 :  4.9408085e-03 -3.0798609e-02  5.4370295e-02
   379 :  8.7703775e-12 -3.8743009e-11  1.8543010e-11
   380 :  3.2781204e-03  1.9898982e-03  5.4249205e-04
   381 :  5.3183490e-03 -5.5656113e-04 -1.2001370e-03
   382 : -1.0792557e-03  1.5067737e-03  1.0514306e-03
   383 : -6.5682078e-03 -9.1718481e-03 -1.0863479e-02
   384 :  4.1601598e-05  1.1178624e-04  2.8722899e-05
   385 : -1.5392772e-03 -1.6991084e-03  9.7556797e-04
   386 :  6.9699346e-04  3.7035346e-03  2.6303262e-03
   387 :  1.3025129e-05 -2.7879314e-05 -3.4401474e-05
   388 : -6.7919607e-03 -4.3828986e-04  1.1169978e-02
   389 : -2.7460296e-03  1.1950737e-02  2.8950011e-03
   390 :  1.6897115e-03  1.3731399e-02 -1.0978787e-02
   391 : -2.3958464e-04  7.7234460e-03 -3.3836314e-03
   392 : -5.0919617e-03 -3.2333635e-03 -7.3470520e-03
   393 : -1.6962093e-04  3.2599627e-03 -1.7851553e-03
   394 :  4.9791020e-04 -7.5802912e-04 -3.4276276e-05
   395 : -6.7075409e-03  8.8087662e-03 -4.3612939e-03
   396 : -9.3036763e-11  1.1773431e-10 -2.4497882e-10
   397 : -7.7351223e-04 -2.4858548e-03 -6.0271899e-03
   398 : -2.1908651e-03 -1.4624230e-03  2.7745319e-04
   399 :  4.1052438e-04  2.5421852e-03 -5.3613297e-03
   400 :  2.5116360e-03  1.1517941e-03  6.5613751e-04
   401 :  1.2461404e-03  2.9050577e-03 -1.3156179e-03
   402 : -1.5687248e-03  4.2245910e-05  1.2592786e-04
   403 : -5.9393615e-04 -6.0476233e-04 -1.7957507e-03
   404 :  6.2902005e-09  9.9801218e-09 -2.6284212e-08
   405 : -8.0040031e-03 -7.3771188e-03 -9.4683040e-03
   406 :  1.2207640e-03  8.1584419e-04  1.3094147e-04
   407 : -1.7741961e-04 -4.2083275e-03 -6.5410839e-04
   408 :  2.4317313e-03  3.8607082e-04 -4.0826321e-04
   409 :  2.5377938e-04  3.4278276e-05 -6.5912417e-03
   410 :  4.6786805e-03  3.1051468e-04  5.3512230e-03
   411 :  3.1575340e-03 -1.8877692e-04  2.6057849e-03
   412 : -1.3747378e-02 -3.2527288e-03 -1.2497969e-03
   413 : -1.3095965e-09 -9.6499874e-10  2.8343810e-09
   414 : -2.3333130e-04 -9.7690190e-04  1.4828014e-04
   415 : -6.6023645e-03 -2.3669928e-03 -2.4059435e-03
   416 : -4.2764427e-06  1.4721018e-06 -2.2596795e-06
   417 :  4.2846918e-04 -1.8503716e-04 -4.9790427e-03
   418 : -2.8065393e-03 -3.6833496e-03  6.6735279e-04
   419 :  3.7674846e-08 -1.1122458e-07  4.0184999e-09
   420 : -4.7638651e-08  1.3116001e-07  8.2238307e-08
   421 :  6.5662353e-06 -2.1139624e-05  7.8538573e-06
   422 :  5.8599996e-03  1.3017140e-02 -4.9961779e-04
   423 : -1.2883187e-02  1.8463755e-02  1.8177180e-02
   424 : -8.5699007e-05  3.1698670e-04  1.9024777e-04
   425 : -4.7266157e-05 -1.3910955e-04  4.6255686e-05
   426 : -1.0948379e-03 -9.3826232e-04 -2.3400628e-04
   427 :  1.2111180e-02  7.0684835e-03  4.3550359e-03
   428 :  6.0510909e-04 -1.4141650e-03 -1.2115999e-03
   429 :  1.8499596e-02  1.5454144e-02  8.6559885e-03
   430 : -1.4028352e-03 -1.0272171e-03 -7.1977127e-04
   431 : -4.4804400e-03 -6.4642805e-03 -2.6620708e-03
   432 :  2.1099793e-03  8.3069145e-03 -3.6062606e-03
   433 : -1.0218744e-08  1.4544961e-08  1.2647005e-08
   434 : -6.9061754e-04 -1.2041372e-03  7.6855338e-04
   435 : -1.3329110e-02  2.0413532e-02  4.8745618e-03
   436 : -1.3816703e-05  6.7356257e-05  1.3345647e-04
   437 :  1.0957479e-02  2.0156400e-02 -2.4686489e-03
   438 :  8.8173659e-04  2.1237641e-03 -1.8312905e-04
   439 : -2.2588172e-04  4.1424512e-04  1.9415214e-04
   440 : -6.0441615e-07  1.0542853e-06 -7.4103128e-07
   441 :  9.5899289e-10  7.4346753e-10 -4.3101298e-10
   442 :  2.1826479e-04  2.5852533e-04  8.3904117e-04
   443 :  2.7204292e-02 -2.1449393e-02  4.2516794e-03
   444 :  6.2028450e-04  1.4301918e-04 -2.5288176e-04
   445 :  3.7236356e-03  7.4930627e-03  1.4115079e-03
   446 :  9.4707096e-04  2.4378232e-03  5.9622625e-03
   447 :  2.7725890e-03  3.1158251e-02  1.4898793e-03
   448 : -1.7759158e-03 -1.1329128e-03 -7.0408668e-04
   449 : -1.9158806e-09  4.3822514e-09  1.3390278e-09
   450 :  2.9998943e-10 -3.7132872e-10 -2.8918393e-10
   451 : -2.0874406e-03 -1.7555938e-03 -1.8645944e-03
   452 :  5.7271080e-03  2.8806094e-03  4.5391931e-03
   453 :  6.2234351e-03 -3.7985783e-03  3.1410259e-03
   454 : -1.3847486e-04  6.8977507e-04 -3.6638588e-04
   455 : -1.9582868e-03 -2.1075781e-04 -1.5251158e-03
   456 :  2.4058590e-03  8.1924387e-04  8.0780645e-03
   457 : -4.7632735e-10  9.1939693e-10  1.2525016e-09
   458 :  3.8612205e-04  8.3654003e-03  1.5015540e-03
   459 : -2.5292761e-03  1.0510470e-03  2.0826061e-03
   460 : -6.6165481e-05 -1.3898886e-03  6.1132311e-04
   461 :  2.2331456e-02  1.0466695e-02 -4.4364791e-03
   462 : -7.8847482e-03  3.9656272e-03 -1.1801058e-02
   463 :  1.4624200e-06  1.6790623e-06 -2.9905837e-06
   464 : -4.1416539e-04 -1.0069167e-02  4.2066579e-03
   465 :  1.1706087e-03 -7.9951618e-03 -5.5378794e-03
   466 :  1.8855011e-04  9.6469280e-04 -5.1027280e-03
   467 :  1.4985733e-06  1.2938536e-06 -1.4744100e-06
   468 : -4.5476133e-05  1.5026479e-06 -2.0916601e-05
   469 :  2.3598302e-11 -5.6433282e-11 -4.8034393e-11
   470 : -2.6300993e-09  3.1085409e-09  2.1965557e-10
   471 :  2.3812385e-04  1.1905425e-04  2.5880960e-04
   472 :  1.1324459e-05 -1.6423880e-05 -8.6647563e-06
   473 : -3.9702478e-03  9.0773358e-05  2.3813329e-03
   474 :  1.3307465e-07 -8.7068742e-08 -1.4471099e-07
   475 : -4.8946693e-04  2.2923580e-04 -2.0584544e-04
   476 :  4.0812390e-05  1.0880709e-04  2.3022992e-04
   477 : -6.3144318e-11  2.1514345e-11 -1.4585084e-10
   478 :  1.3236321e-02 -1.9296199e-03 -1.0290942e-03
   479 : -1.4377763e-11  4.3002750e-11 -1.1806640e-11
   480 :  5.7311361e-04 -9.0057940e-04 -1.5604174e-03
   481 : -1.6388120e-03 -6.0374055e-04  4.9601590e-04
   482 : -1.1553925e-06  4.1926259e-07 -8.5193235e-08
   483 :  1.7794811e-04  1.8573238e-03  1.9904121e-03
   484 : -4.5508705e-03 -6.7723896e-05 -1.3444440e-03
   485 :  3.7674231e-04 -1.0555601e-01  7.2378891e-02
   486 :  9.3777899e-03  2.3360091e-03 -3.7633315e-04
   487 : -4.5097075e-03 -2.1792534e-02  6.7884433e-03
   488 :  2.7084269e-03  3.0240353e-03  1.8068737e-03
   489 : -2.8714419e-09  7.8050190e-08 -1.9389349e-07
   490 : -2.2067013e-07 -5.6607098e-07  4.5324243e-07
   491 :  7.2109106e-08 -5.5560195e-08  2.2410146e-07
   492 : -3.8631428e-03  1.0248231e-02  9.3499809e-03
   493 : -5.2266353e-03 -5.0682152e-03 -8.4129017e-03
   494 : -4.1365689e-03 -1.8134420e-03 -4.9389596e-04
   495 :  3.7498453e-03 -3.8748099e-03 -2.6141839e-03
   496 : -5.0580546e-05 -2.1973362e-04  3.5263861e-04
   497 : -7.0799458e-10 -3.8663157e-09  2.8940463e-09
   498 :  3.0309457e-08 -3.1024557e-08  3.5986419e-08
   499 : -4.5955439e-03 -2.0657848e-03 -3.0475130e-03
   500 : -2.4983276e-11  1.2184532e-10  1.8121046e-10
   501 :  1.2924056e-11 -4.1391443e-11 -1.5689401e-10
   502 : -4.5963242e-04 -1.9270070e-03  2.3839755e-04
   503 : -3.2973147e-03 -2.6015525e-03 -2.7026748e-04
   504 : -5.9342907e-03 -3.3682848e-03 -6.6052820e-03
   505 : -5.5748487e-04 -1.8815758e-03 -2.3565060e-03
   506 :  1.2651209e-07  4.3905136e-07  8.5658036e-07
   507 : -1.7524832e-05 -1.6846323e-06 -8.6500312e-06
   508 : -9.2572419e-06 -7.0797699e-06 -1.3522701e-06
   509 : -9.4528648e-04  6.3866159e-04 -1.2744613e-03
   510 : -2.9754072e-05  8.4307892e-05 -5.0525575e-05
   511 :  1.1276585e-02  2.8852462e-03  5.1864906e-03
   512 :  3.8979123e-05  5.3050033e-04 -1.5786207e-03
   513 : -2.3513902e-02  3.8511474e-03  8.0793607e-03
   514 : -6.2077422e-03  2.8170604e-03 -2.7678880e-03
   515 : -6.8244886e-03 -1.0019553e-02 -8.0144359e-04
   516 : -2.4242573e-05 -4.1900833e-05  2.2442364e-05
   517 :  2.0810525e-02 -3.8300674e-02 -8.2859484e-03
   518 :  1.4408429e-02  1.8123692e-02 -1.2595310e-02
   519 :  1.0160240e-02  6.5302289e-03  6.2503982e-03
   520 :  3.3670985e-03  8.6926591e-03 -6.8465821e-03
   521 : -9.5210853e-04 -1.1122454e-03  1.4667758e-03
   522 :  1.0854984e-03  2.1167428e-03  2.2697902e-03
   523 :  3.3924347e-03  2.6520172e-02 -4.4151042e-02
   524 : -4.5340723e-03 -9.7780645e-02  9.7345005e-02
   525 : -4.6253138e-04  3.4494490e-04  7.2776346e-04
   526 : -1.0173018e-03 -9.6897525e-05 -1.1356423e-03
   527 :  1.3650254e-08 -1.2358706e-08 -5.6850242e-08
   528 : -8.7073409e-04  9.4328343e-03  9.7370374e-03
   529 :  4.1951873e-03  3.6668513e-03  4.1017235e-03
   530 : -4.1539649e-03 -1.9470502e-03 -1.9506209e-03
   531 : -7.8911803e-03 -2.9141045e-03 -5.5525306e-03
   532 :  9.5318831e-03  4.5354456e-03  5.8827235e-03
   533 :  4.7155354e-12 -2.2373831e-12  1.1483761e-12
   534 : -1.0954032e-12 -3.3623189e-12  7.6805301e-12
   535 : -5.3510578e-07  3.9001052e-08 -2.5972536e-07
   536 : -3.1340470e-04 -5.1701269e-03 -4.6132699e-03
   537 : -3.2046440e-03  6.8279250e-05 -2.5209393e-03
   538 :  3.8213616e-03 -7.0141538e-04  2.0597626e-03
   539 :  1.4918429e-08 -2.3203682e-08 -7.0064979e-08
   540 :  7.3642019e-07 -7.9861951e-07  1.6245734e-06
   541 :  2.0729496e-06 -1.0441440e-05 -1.4382770e-05
   542 : -6.3672986e-04 -1.1370577e-02 -2.2811793e-03
   543 : -9.4735218e-09 -3.3528064e-09  4.7129509e-08
   544 :  4.4611014e-03 -2.1700699e-03  2.7497925e-03
   545 : -9.1953752e-05  1.3362559e-04  2.5465611e-04
   546 :  3.1902360e-03  2.9449405e-03  1.5324815e-03
   547 : -1.1347693e-06  1.8068936e-06  4.6647175e-08
   548 :  4.5715858e-04 -2.5611013e-03 -7.0125863e-04
   549 : -3.5116887e-05 -2.8458086e-05  2.0836101e-05
   550 : -2.6247143e-02 -8.7352561e-03  3.7598002e-03
   551 : -5.5914881e-04  1.1175841e-03  1.9279394e-03
   552 : -1.6416457e-02 -7.7903959e-02 -1.1970098e-02
   553 : -1.6452242e-03 -1.0440353e-02 -6.2847334e-03
   554 : -6.0615969e-05  1.9422221e-04 -3.2642375e-05
   555 :  5.4188951e-03 -6.9589847e-03  3.3603181e-03
   556 : -2.5449535e-05 -3.1880344e-05  1.4761236e-05
   557 :  6.6126822e-03 -7.3046273e-03 -1.7315061e-03
   558 :  3.1382323e-04  3.0590365e-03  5.8471543e-03
   559 : -2.2516967e-02 -5.2995837e-03 -4.9559714e-02
   560 : -8.3392186e-03 -4.6254721e-03 -8.0370095e-03
   561 : -5.4572110e-03 -2.9473350e-03  1.2730570e-02
   562 :  1.2992582e-02  3.5594067e-03  7.3778276e-03
   563 : -4.0938835e-10  1.8908801e-10  6.3202939e-11
   564 :  2.0134717e-03  1.1371528e-03  1.0811818e-03
   565 :  8.8084465e-04  1.9458646e-03 -7.7215370e-04
   566 :  8.4556954e-06  6.0653388e-06 -1.2917631e-05
   567 :  2.1111788e-02 -6.8374736e-02  6.8425530e-02
   568 : -6.4926108e-03 -3.9675832e-02  2.3889771e-02
   569 :  9.4230753e-04  1.3308298e-03  9.6879540e-04
   570 : -4.8437192e-05  2.1197683e-04  1.5996465e-04
   571 :  1.8789363e-03 -1.2568344e-03  1.3524596e-02
   572 : -2.0716656e-10  2.1008534e-10 -1.8381159e-10
   573 :  3.5092361e-03  1.8326559e-03 -8.1076086e-04
   574 :  1.6473562e-02  1.3800818e-03  8.5232724e-03
   575 :  5.0322758e-04  2.7407762e-05 -3.6880064e-04
   576 :  8.9249791e-04 -2.7601857e-03 -6.1403784e-04
   577 : -1.5660448e-04 -1.2344098e-03 -8.2941538e-04
   578 :  1.0583173e-11  3.9320482e-11 -1.4683583e-11
   579 :  3.4438950e-03  1.7649804e-03  3.7625119e-03
   580 :  1.6951667e-04  9.4457207e-04  1.9576160e-03
   581 : -5.7062792e-06  1.1316373e-04  6.8036885e-05
   582 : -1.0705136e-11  8.0375863e-12 -4.0475133e-12
   583 : -3.8786638e-03  6.9067600e-03  3.3958417e-03
   584 : -8.2017877e-10  2.8576108e-09  1.4348773e-10
   585 : -4.5365101e-03 -6.1025626e-04 -3.3178383e-03
   586 : -7.9717830e-07  5.3153513e-06 -1.3172599e-06
   587 : -5.4121592e-05 -8.7097849e-04 -1.0784118e-03
   588 : -1.3682853e-05  9.0090695e-06  4.3747518e-06
   589 :  1.4443581e-02 -5.7534057e-03  7.3536848e-03
   590 : -6.0460013e-03 -4.3165645e-03 -5.3157008e-03
   591 :  6.5762276e-11 -1.1380684e-10 -7.4309953e-11
   592 : -7.2924500e-07 -1.1558425e-05  3.2099272e-05
   593 :  4.9297858e-03  9.7432470e-03  7.3120348e-03
   594 :  9.5892156e-03  8.1119638e-03  9.6876332e-03
   595 : -2.0951102e-02  4.3436951e-03 -2.5782036e-02
   596 : -2.8844668e-03 -1.3569218e-01  1.5785545e-01
   597 :  1.1706159e-02  8.7462776e-03  8.4671309e-03
   598 : -8.2356011e-04 -8.7693963e-04 -4.8625915e-04
   599 : -2.1802102e-03 -3.9147947e-03  6.9682340e-04
   600 :  4.4296302e-03  1.5293485e-03 -2.6294116e-03
   601 :  2.5086390e-03  6.0334243e-03  5.7737102e-03
   602 :  2.1427826e-06  4.6292073e-06 -1.9111356e-06
   603 : -1.1759440e-07  4.3517123e-08  3.8322926e-08
   604 :  1.7596719e-03 -1.2099354e-03  1.1734310e-03
   605 :  2.2233238e-04  1.3709163e-02  1.2023964e-02
   606 :  3.2990595e-03  2.2125031e-03  2.2509917e-03
   607 :  1.7085378e-03 -6.7901202e-03 -7.9280528e-03
   608 : -4.1781081e-06 -6.8273830e-06  3.3474892e-06
   609 :  1.2847006e-04  4.6561430e-05  9.6684094e-05
   610 : -8.8354028e-08 -6.8944350e-08  5.8205485e-08
   611 :  2.4213851e-03  3.0041227e-03  3.8104707e-03
   612 : -1.3089634e-02  4.3305367e-03  3.5457368e-03
   613 :  7.0806446e-03  6.8503865e-03 -1.3102828e-03
   614 :  3.7791887e-02  6.8355746e-02 -4.1167931e-02
   615 : -2.9351408e-02 -3.3774576e-03  1.3745018e-02
   616 : -1.3945056e-08  4.7054051e-08  4.0287179e-09
   617 :  2.9261494e-03  5.8228525e-03  7.0339987e-03
   618 :  1.2191873e-02  1.9245083e-02 -5.1336875e-03
   619 :  5.5147351e-07 -2.8289052e-06  3.1809591e-06
   620 :  4.1066353e-03 -2.6987213e-03  1.2173487e-03
   621 : -5.6601669e-03  4.3052052e-03 -5.9690652e-05
   622 :  1.1670399e-03  5.3205984e-03  6.0458895e-03
   623 :  7.7975774e-03  1.6361507e-02  6.9598113e-03
   624 : -3.2724423e-03  7.8720566e-04  4.2422447e-03
   625 :  2.6934851e-03 -1.0010870e-02 -3.1218830e-04
   626 :  1.5276560e-11 -5.0164340e-12  1.3970369e-11
   627 :  2.5477789e-07 -1.8623983e-07 -3.8269416e-07
   628 :  5.3827290e-03  6.6812159e-03 -4.5542170e-03
   629 : -8.2193138e-04  1.0522474e-04 -4.8366628e-04
   630 : -1.5805011e-03 -5.7608192e-03 -8.8693073e-03
   631 :  8.1031375e-03  5.5595278e-04  8.0973491e-03
   632 :  2.0952945e-09  9.1373478e-10  4.3846661e-09
   633 : -2.1479528e-03  1.9661125e-03  6.8956054e-03
   634 : -5.2412373e-03 -7.1438101e-03 -1.8678704e-03
   635 :  1.4453632e-03 -4.3122467e-04 -2.1246562e-03
   636 : -5.0456711e-03 -2.9244939e-03 -3.0879983e-03
   637 :  5.5343101e-04 -6.4166125e-03 -6.0503916e-04
   638 :  1.8008287e-03  5.4114140e-03  3.4306134e-03
   639 : -1.0746254e-03 -6.3423880e-03 -1.0921961e-03
   640 :  4.3118829e-04  8.8214489e-04  1.9159048e-03
   641 : -2.9340391e-06  5.8363264e-06 -2.3847343e-06
   642 : -2.4007785e-02 -1.9493699e-02  4.6621221e-03
   643 :  2.2020077e-04  1.2454431e-04 -1.6165940e-04
   644 :  3.2601161e-02  2.3066111e-02  2.0436735e-02
   645 :  3.5072080e-03 -7.1391820e-04  2.7180864e-04
   646 : -4.7989471e-03  2.2759067e-03 -8.6460249e-03
   647 : -1.1051789e-02  1.2385073e-02  6.9577502e-03
   648 : -1.0395813e-04  1.1004224e-04 -1.7238255e-03
   649 :  2.1908479e-04  7.3560440e-04  1.1760722e-03
   650 :  3.7586408e-02 -3.7153861e-03  7.6630177e-03
   651 :  4.9472458e-02 -2.4775346e-03 -2.8548334e-02
   652 : -6.1568205e-03 -4.9573476e-03 -4.1134228e-03
   653 : -5.8808531e-03  5.0793689e-03  7.5883715e-03
   654 : -9.8908200e-05  2.0179918e-04  2.3102358e-04
   655 : -6.5597908e-03 -7.9103210e-04 -5.3133115e-03
   656 : -1.2763266e-03 -5.5942022e-04 -1.9163423e-03
   657 : -1.0969910e-02 -8.5144935e-03 -8.6632077e-03
   658 : -4.4935948e-03 -7.1183207e-04  3.1815375e-03
   659 :  7.1868729e-04 -6.7207479e-04 -2.3007574e-03
   660 :  1.3886562e-03  2.3028968e-04  6.1874249e-03
   661 :  7.5547370e-03  7.5807962e-03  5.2356436e-03
   662 :  1.4524825e-02  1.1095291e-02  2.2447501e-03
   663 : -1.9286516e-04  2.8696477e-03  2.8655000e-03
   664 : -1.0066502e-02  1.1008894e-02  7.7122413e-03
   665 :  1.4398613e-03 -5.9183676e-05  2.7746740e-04
   666 : -1.0563891e-08  2.1611636e-08  1.0669771e-08
   667 :  1.2048453e-04 -1.0310842e-05  6.7871168e-05
   668 : -3.3244021e-03  3.0864147e-03 -3.9028085e-03
   669 :  2.2408878e-11  1.9706380e-11 -8.6143509e-12
   670 : -9.4780369e-04 -4.6395287e-03 -4.4449893e-03
   671 :  4.7278337e-04 -4.1344025e-05 -8.6558381e-05
   672 : -4.3987363e-03 -8.1912595e-03 -5.4816494e-03
   673 :  3.6359781e-03  1.0955982e-02  5.2260950e-03
   674 :  1.2001196e-02 -1.2527738e-02 -7.7334767e-03
   675 :  6.9940385e-03  9.1079837e-03 -1.0500773e-03
   676 : -4.2725957e-03 -7.8161768e-02  8.2506625e-02
   677 : -5.1791573e-03  2.6651576e-03 -7.5442118e-03
   678 : -4.5365070e-03 -2.8814080e-03 -5.3265049e-03
   679 :  5.4908397e-03 -1.9573465e-03 -4.4275706e-04
   680 :  1.6823817e-03  6.8927004e-03  3.1245011e-03
   681 : -5.8335483e-06 -1.6902460e-05  2.4285078e-05
   682 : -3.7866111e-05  4.3570695e-05 -7.6800033e-06
   683 :  2.0409209e-04  9.1820259e-05  3.1588844e-05
   684 :  1.1579859e-05 -2.4106610e-06  4.5084746e-06
   685 : -3.5711387e-03  6.9153083e-04 -2.2034453e-03
   686 : -7.9450036e-03 -1.4576849e-03  1.3617283e-02
   687 :  1.0127642e-05  1.7401623e-05 -5.6930152e-05
   688 :  7.7204339e-03  3.6407889e-03 -2.9769485e-03
   689 :  6.1300414e-03  6.0297088e-03  5.3884750e-03
   690 : -7.4011897e-03 -6.7082129e-03 -7.3482356e-03
   691 :  1.2288609e-03  4.2963921e-04 -1.2087519e-04
   692 : -1.2542969e-02 -8.9071505e-03  1.2772315e-02
   693 :  5.0068938e-11 -4.8009618e-11  1.4941322e-12
   694 : -2.2186108e-07  1.0385513e-07  5.0115676e-07
   695 :  1.5960812e-03  2.9713681e-03  1.8833357e-03
   696 : -6.6938536e-02 -1.5630238e-02 -3.2040772e-02
   697 :  7.9553485e-03  1.2856716e-03 -1.2910522e-03
   698 : -4.6098926e-03 -3.0764701e-03 -3.8556312e-03
   699 :  9.1697788e-03  9.5551878e-03  7.2469305e-03
   700 : -2.9795204e-10 -3.9272013e-10  1.5114259e-09
   701 :  4.6123045e-09 -1.0922167e-08  2.2120854e-09
   702 :  9.1773265e-06  2.2413433e-04  1.3435817e-04
   703 :  1.5618613e-03 -3.3634767e-03 -1.2568619e-03
   704 :  6.2626406e-03  2.5293613e-02 -1.4542987e-03
   705 :  1.3841323e-06  7.2282057e-07  1.5146341e-06
   706 : -2.5799188e-01  2.4080144e-01  3.6505740e-02
   707 :  1.9285719e-02 -7.1247739e-03 -2.7942961e-02
   708 :  8.2635779e-03  5.6398387e-03  1.3843604e-02
   709 : -4.8309804e-03  8.4063649e-02 -7.3211699e-02
   710 :  1.7217050e-03 -2.0032290e-03 -1.8385956e-03
   711 : -6.6390406e-03 -1.9109019e-03 -1.3280747e-03
   712 :  4.2868739e-04  9.7186842e-04  5.2191898e-04
   713 : -1.2870581e-02 -1.1434274e-03 -9.7692114e-04
   714 : -6.7592645e-04 -2.9735609e-04 -1.0624559e-05
   715 :  2.2880096e-03 -4.2611526e-03  5.2173678e-05
   716 :  4.6280300e-07 -3.9652482e-07  6.2144460e-07
   717 : -2.0768398e-03 -5.4089990e-04  2.0353487e-03
   718 : -1.4564848e-02 -2.5343149e-03  2.8571549e-03
   719 : -2.6938819e-03 -1.0629604e-03  2.2628432e-03
   720 : -3.7500813e-04  5.8182011e-04  4.0361557e-04
   721 : -3.7270146e-03 -2.5183052e-02  1.3658202e-02
   722 : -3.3886740e-05 -1.6249813e-05 -9.8177115e-06
   723 :  9.7135129e-06  2.1580264e-04 -2.2132112e-04
   724 : -3.4748864e-06  3.5023095e-05 -2.1999578e-05
   725 :  3.5658469e-04  9.4945892e-04  9.7190982e-04
   726 :  3.1888309e-03 -1.4735889e-02  3.6066338e-02
   727 : -6.8136752e-04  2.9012473e-04  1.0685064e-03
   728 : -2.2863636e-03 -2.9109623e-03 -3.4769861e-04
   729 :  6.8939847e-03  7.9034232e-03 -2.5279601e-03
   730 : -4.3750387e-03 -5.5185638e-03 -3.5287543e-03
   731 : -3.1028540e-05  2.7334821e-05  1.1121142e-06
   732 :  1.1708271e-02  5.9711252e-03  3.3683040e-03
   733 :  5.3256834e-04 -2.3185956e-04 -9.2028036e-04
   734 : -2.8125541e-02 -7.4471758e-01  8.6120711e-01
   735 : -2.9202333e-03 -3.1709434e-01  3.2016538e-01
   736 :  2.5484671e-03  3.6748883e-03  5.5417293e-03
   737 :  9.0314411e-03  7.8553966e-03 -1.8529392e-03
   738 : -3.7017609e-03  2.6332128e-04 -2.8917862e-03
   739 :  6.2093267e-03  2.6692393e-03  1.1079496e-02
   740 : -4.3689523e-03  9.5307881e-04 -3.3164565e-03
   741 : -5.8007124e-03 -1.7576030e-03 -5.5545929e-03
   742 :  2.5780888e-03 -1.3427188e-03 -7.9854818e-03
   743 :  2.1455156e-03 -8.0297107e-05  1.9587800e-03
   744 : -5.4058154e-03  9.1124941e-03 -7.4672238e-03
   745 : -6.8193209e-06 -1.4996229e-05 -1.0465697e-05
   746 :  1.7108076e-04 -1.5862909e-05 -8.3660948e-05
   747 :  1.1366036e-02  1.2356317e-02  8.2866694e-03
   748 : -4.5316589e-03 -4.0064712e-03  1.4156118e-03
   749 : -7.9101846e-03 -1.1965767e-03 -3.1555124e-03
   750 :  2.6984615e-06  1.8615865e-06 -4.7729678e-06
   751 :  8.5380308e-04  2.4335992e-03  1.2149832e-03
   752 : -2.4600367e-02  2.1933667e-03  1.5374527e-02
   753 : -6.2455885e-03 -7.5367783e-04 -9.0814620e-03
   754 : -1.8148059e-03 -1.9555619e-03  3.8469120e-03
   755 : -3.3963613e-03  7.7453446e-03 -9.0798481e-03
   756 :  7.9171440e-03  1.8156887e-03 -5.8151923e-03
   757 :  6.4335744e-11  4.4326345e-11 -4.8878343e-11
   758 :  2.5378187e-03 -1.0362272e-02 -3.6876119e-03
   759 : -3.8615927e-03 -3.1268959e-03 -2.4673986e-03
   760 :  1.8956878e-02 -4.1960655e-03  2.6026036e-02
   761 : -5.5411870e-03 -3.2704432e-03 -9.1632790e-04
   762 : -5.8932762e-04 -1.7416356e-02  7.8419463e-03
   763 : -5.9806719e-09  2.9087396e-07 -6.8553320e-08
   764 : -1.5908289e-08 -2.3575607e-09 -2.2271641e-09
   765 : -1.7637362e-04  1.2476476e-03  8.8691988e-04
   766 :  3.2410907e-03 -6.5748770e-02  8.6303958e-02
   767 : -1.5369060e-02  7.7784338e-02 -1.0489409e-01
   768 : -4.7987361e-06  6.6969649e-06 -1.5653679e-05
   769 : -2.3563554e-03  4.7690216e-04 -4.4720233e-04
   770 :  9.4589137e-03 -4.4038733e-05  7.3617308e-03
   771 : -1.0377360e-03 -4.9539708e-03 -5.5930728e-03
   772 :  3.2553077e-03  4.7927308e-03  2.5896391e-03
   773 :  1.4811152e-04  1.4209458e-02 -3.6872544e-04
   774 :  4.0555103e-03  4.9977351e-04  7.3656458e-04
   775 :  5.1312486e-02 -1.6607133e-01  1.9075685e-01
   776 :  3.3952267e-03 -6.6671175e-03 -8.2631808e-03
   777 : -8.3359472e-03 -1.8516828e-03 -3.9553191e-04
   778 : -5.3269276e-04  1.8975847e-03  4.7717482e-04
   779 : -4.8092380e-04  1.0575203e-03 -3.0019125e-04
   780 : -6.1398731e-03 -1.9919963e-03 -2.9162802e-03
   781 : -5.7171114e-06  3.2407821e-06 -4.2317544e-07
   782 :  2.7462730e-11  9.6368758e-13 -5.0482335e-11
   783 : -1.6385273e-02  1.3710035e-02  6.3100696e-03
   784 :  1.1489687e-02 -1.0377874e-02  2.3275747e-02
   785 :  6.9929204e-06 -1.8366312e-05 -3.9668422e-06
   786 :  6.4926999e-03 -1.1052933e-02  6.7613698e-03
   787 :  4.2580910e-04  1.7844674e-03  1.0124430e-03
   788 : -3.4807218e-05 -5.9563874e-06 -1.6961978e-05
   789 :  1.1870656e-04 -7.1015455e-04  5.3433142e-04
   790 :  9.0984782e-03  1.3293115e-02  7.3900546e-03
   791 : -7.6353150e-02  4.3317268e-01 -7.1426542e-01
   792 :  2.6119966e-03  6.0975848e-03  9.3527103e-04
   793 :  2.9314716e-03  2.3022562e-03  4.3068541e-03
   794 : -3.9378978e-03  2.8028967e-03  3.1827008e-03
   795 : -2.0072831e-03  6.3222309e-03 -3.0319373e-03
   796 :  1.5372382e-03  3.9606008e-04  4.2246808e-03
   797 : -1.2216919e-04  2.6560451e-05  1.7449112e-05
   798 : -3.4555089e-03  8.7591951e-03 -2.9482538e-02
   799 :  1.2327958e-02  6.9592045e-03  4.4366013e-03
   800 : -6.4064261e-04  1.8612078e-04 -3.7442789e-04
   801 : -2.1287364e-04  7.7084697e-04 -4.8683663e-04
   802 : -1.5537196e-03 -2.0359900e-01  2.0734060e-01
   803 :  1.1110609e-02  8.2197711e-03  8.6450164e-03
   804 :  1.1365628e-04  8.6187736e-04 -3.7355218e-04
   805 : -2.4803081e-02  9.0041657e-04  1.0814591e-02
   806 :  5.8500924e-05  1.1897527e-03  1.3805219e-03
   807 :  7.1192292e-06 -3.1660403e-05  3.2893197e-05
   808 :  3.6732997e-03 -2.5202032e-03 -1.2976440e-03
   809 :  1.3164049e-03 -2.6450486e-02  3.9372373e-02
   810 : -2.5231126e-04  5.4377981e-05 -1.6228895e-04
   811 : -1.2342804e-11  3.0272427e-12 -2.8095637e-12
   812 : -4.5798600e-03  5.1995377e-04 -5.7432492e-03
   813 : -1.0394993e-02 -1.7878729e-01  1.7460413e-01
   814 :  1.1899229e-10 -8.5427775e-12 -1.0211136e-10
   815 :  3.7820334e-12 -2.0317206e-12  3.4757645e-12
   816 : -4.4203255e-09  6.8195739e-09 -7.9539825e-10
   817 :  5.9458334e-11 -4.5030110e-10  3.6100356e-10
   818 : -7.1486879e-12 -7.5616348e-10  5.8348588e-10
   819 : -2.4889081e-02  1.1812533e-02  1.7530682e-02
   820 : -6.3747117e-11  2.1214318e-10 -4.7154792e-11
   821 :  7.4920476e-04 -9.3966075e-03  9.8830382e-03
   822 : -1.1138248e-02  8.5473384e-02 -8.5263346e-02
   823 : -1.2615933e-03  2.9179653e-03 -2.1427927e-03
   824 :  3.6822151e-03 -3.1572762e-02  5.2587780e-02
   825 :  1.8624650e-07 -5.5185273e-08 -4.2653688e-07
   826 : -8.3570272e-03 -3.6815601e-02  8.1063081e-03
   827 :  2.7695234e-04 -6.2867470e-04  9.4280450e-05
   828 :  4.3344235e-03  4.1017212e-03  1.6803359e-03
   829 : -3.2028708e-03 -5.0078880e-02  3.0614249e-02
   830 : -2.9160557e-03  7.1573078e-03  1.2428488e-02
   831 :  1.3749475e-02 -2.8483719e-01  2.9128796e-01
   832 :  2.4107267e-02 -1.8309211e-01  2.2375761e-01
   833 :  6.9758972e-03  4.0641846e-02 -2.9555966e-02
   834 :  5.8005577e-10 -3.9315517e-10  5.6183893e-10
   835 : -7.1337114e-12  8.5276111e-12 -1.7152103e-11
   836 : -5.5647169e-03 -1.9316144e-02  2.9497339e-03
   837 :  8.2519128e-05 -5.5716267e-05  9.9989820e-05
   838 : -2.1579567e-03 -4.8209976e-03 -3.2621184e-03
   839 : -1.6229576e-03  5.7038460e-03  5.4255645e-03
   840 : -8.6302409e-05  7.3220293e-05 -1.0884948e-04
   841 :  1.2757530e-03 -2.7863303e-04 -6.2354041e-04
   842 :  1.1581466e-03  8.0716263e-03 -3.0221380e-03
   843 :  5.8219469e-04 -8.8003260e-04  1.3866011e-04
   844 : -4.7342743e-03  5.1007979e-03 -1.2662879e-02
   845 : -5.6615494e-08 -1.9329459e-07  3.4924684e-07
   846 : -2.5154261e-04 -9.1625495e-02  1.0496625e-01
   847 :  1.0523581e-02  9.6460347e-02 -7.3698874e-02
   848 : -2.1476053e-13  1.2767266e-13  3.0012344e-14
   849 :  9.2122809e-03  6.6531927e-03  8.7389814e-03
   850 :  1.4313180e-02  7.7412113e-03  1.0946888e-02
   851 : -4.1868712e-03  4.6080755e-03  5.1653532e-03
   852 :  5.3154802e-08 -8.2355421e-08  4.9507505e-08
   853 : -6.2166452e-03  6.7246885e-03 -9.7581954e-03
   854 :  4.2850749e-14 -8.1822624e-14 -3.1719936e-14
   855 :  6.8692269e-04  5.0350330e-03  7.4266562e-04
   856 :  1.1543053e-02  1.8580535e-02  1.6667735e-02
   857 :  2.1382864e-03  1.5658943e-04  8.1174792e-04
   858 : -1.6725166e-03  8.2759397e-04 -3.3581901e-03
   859 :  2.1659316e-07 -2.4396249e-07 -1.6814659e-07
   860 : -3.4247850e-03  7.1558091e-04 -5.3130149e-04
   861 : -7.0139584e-04 -4.4023235e-03 -5.2590772e-03
   862 : -5.3099043e-03 -3.6533276e-03 -6.2733323e-03
   863 : -1.4904187e-03 -1.8779168e-03 -2.6212634e-03
   864 : -2.3118185e-03 -1.6619092e-03 -1.9267232e-04
   865 : -1.7756340e-03  8.2486819e-02 -7.2955573e-02
   866 :  6.3622098e-02 -2.1919042e-02 -4.3386374e-02
   867 : -1.8615128e-03 -2.0700379e-03 -6.5121572e-04
   868 : -2.9305803e-03 -1.1296443e-02 -1.1192957e-02
   869 : -1.0854138e-02 -1.1582122e-02  1.2696916e-03
   870 : -1.8838505e-03 -1.2537084e-01  1.2849646e-01
   871 :  2.4490962e-03 -2.1590394e-03  1.6660287e-02
   872 :  4.3342994e-03 -9.9060184e-04  2.5423838e-03
   873 :  2.0752664e-03  6.6267322e-04 -2.4666121e-04
   874 : -3.6007617e-04  5.8347364e-05  2.2679243e-03
   875 : -9.3396756e-04  1.2335244e-04 -1.0916330e-04
   876 : -2.0299119e-04 -1.2109605e-03 -9.3969487e-04
   877 : -2.1921072e-10  4.1507705e-10 -6.5647581e-10
   878 : -8.4691711e-09  1.3091242e-08  3.2320972e-10
   879 : -3.9014053e-03  2.5528166e-04  9.7090557e-03
   880 :  6.2585326e-03  1.3133011e-02 -6.5496008e-03
   881 :  2.8170495e-10 -7.2067613e-11 -1.2049352e-10
   882 : -5.2883807e-10  4.6549270e-10  9.2849372e-10
   883 :  2.1860361e-04 -1.4336244e-04  1.6488111e-04
   884 :  5.6866531e-05 -7.6427474e-04  3.3211122e-04
   885 : -5.1072269e-03  3.2643154e-04  2.2641939e-03
   886 :  3.9898385e-03 -5.7263224e-03 -5.9045773e-03
   887 : -2.2451481e-03 -3.9172810e-03 -4.3760717e-03
   888 : -3.8376309e-03 -1.9894471e-03 -2.9260652e-03
   889 : -4.1643438e-03 -1.4117201e-03 -1.6932823e-04
   890 : -6.3371426e-05 -3.5298439e-03 -3.8328641e-03
   891 :  1.8988652e-03 -4.5151964e-04 -6.8015288e-04
   892 : -4.4368317e-03  7.1502238e-03  8.6858806e-03
   893 : -9.2534331e-02  1.1532361e-01  1.3178854e-01
   894 :  1.7921398e-02  3.6273980e-02 -5.5876606e-02
   895 :  9.3211615e-03 -3.9936170e-03 -3.6677766e-03
   896 : -4.2685543e-04  3.9273982e-03  2.8956042e-03
   897 :  1.0635309e-04 -2.4790215e-05  3.5012358e-05
   898 :  7.5957401e-05  7.3155876e-05  3.2262566e-05
   899 :  8.0934537e-05  1.9876794e-03  2.7597299e-03
   900 :  3.5527098e-03  3.5632282e-04 -4.0405627e-04
   901 : -6.7876934e-03  3.2318307e-02  1.7357066e-03
   902 :  2.3402078e-04 -6.8033539e-03 -8.4932096e-03
   903 : -6.2981322e-03 -6.3105692e-03 -5.0576649e-04
   904 : -1.9560878e-04  1.1476898e-03 -6.4375251e-03
   905 :  2.7978845e-04 -1.4319573e-04 -1.5910856e-03
   906 :  1.2035931e-03  5.4497095e-03  9.0814532e-04
   907 : -8.0255672e-04 -8.0923586e-03  1.9763898e-03
   908 :  8.3431434e+00 -1.5083932e+01 -6.0873441e-01
   909 : -2.6918845e+00  6.5698421e-01  6.0505198e+00
   910 : -2.7561486e-04  4.5489652e-05 -1.5053404e-03
   911 : -1.8748697e-03 -1.6599853e-03 -2.0920897e-04
