Number of elements 912
     0 : -2.3591053e-10  5.7618819e-11  5.0546995e-10
     1 :  1.6094839e-05 -3.9181854e-05 -7.0545560e-06
     2 :  4.6838558e-02  4.8575690e-02  2.3817656e-02
     3 : -6.7801672e-07  4.3567526e-07  1.3023327e-06
     4 :  4.9802280e-02  1.8922972e-02  2.7649133e-02
     5 : -7.3940051e-02  2.9848019e-02  1.0714526e-01
     6 : -2.4575314e-18 -1.1749272e-17  1.7029913e-17
     7 : -4.4888771e-05  1.3109077e-04 -6.4722672e-05
     8 :  1.2966530e-04  3.6879503e-04 -1.5011021e-04
     9 : -2.1059521e-16 -3.8109813e-16  8.1333118e-16
    10 : -1.2257552e-04  6.0288599e-04 -7.3948454e-05
    11 : -5.9735341e-18  1.0166372e-17  8.0108293e-18
    12 :  4.4860444e-03 -2.9253742e-01  4.5450171e-01
    13 : -4.9465740e-03  1.4915285e-03 -4.3955013e-03
    14 :  7.0481482e-08 -1.3596768e-07 -4.4401944e-09
    15 : -3.9478810e-03  7.6852404e-03 -2.1641211e-03
    16 : -5.5517991e-19 -1.4114346e-18  2.2905561e-18
    17 : -5.2743438e-13 -6.1798381e-13  4.4673685e-12
    18 :  1.8180566e-04 -9.2405588e-04 -1.6157522e-06
    19 : -1.1584365e-21  1.2515897e-21 -7.4008641e-23
    20 :  2.8360769e-12 -5.4515270e-12 -1.0777248e-12
    21 :  2.0354466e-02  4.2501526e-02  5.9089031e-02
    22 : -1.7338631e-03 -4.9696480e-03 -2.1282706e-03
    23 :  5.5779392e-21  2.8167497e-20 -1.4288168e-20
    24 : -5.0012060e-06 -9.6812459e-06 -2.5541315e-05
    25 :  3.3117052e-22 -7.1076587e-22 -2.4255177e-22
    26 : -3.4742068e-05 -3.7668899e-05 -2.9034910e-05
    27 : -1.8848462e-02  1.9126320e-02  3.1769656e-02
    28 : -2.8728272e-04  8.7652249e-03 -5.8787921e-03
    29 :  4.7629613e-06  1.0475377e-05 -1.9214199e-05
    30 :  6.5386995e-04 -1.6264836e-03  2.6938140e-04
    31 :  1.7963899e-07 -3.4151984e-07 -1.3488408e-07
    32 :  1.4343526e-17 -2.1716835e-17 -2.1549550e-17
    33 :  1.0306379e-02  4.7104348e-03  8.0440856e-03
    34 :  3.8027662e-23  4.0532299e-23 -1.3161272e-22
    35 : -1.6392812e-08 -1.5112872e-07 -2.6835466e-07
    36 :  5.7210214e-03  2.7816071e-02 -1.8312032e-02
    37 :  3.5702261e-02  3.0956963e-02  4.2370105e-02
    38 :  1.8340357e-02  6.2533198e-02 -9.3386946e-03
    39 :  9.0225725e-06 -9.9552552e-06 -3.6092042e-06
    40 :  8.5198283e-06 -1.0605063e-05  2.0227071e-05
    41 : -2.3874903e-03 -5.9497586e-03 -5.6893805e-03
    42 :  2.6130435e-21  1.5742704e-21 -5.7714546e-22
    43 : -2.9621919e-11  3.8566454e-11  3.0121930e-11
    44 :  3.8080836e-02  4.0878400e-02  3.8941118e-02
    45 : -1.4055752e-08  3.6865334e-09  7.0464015e-09
    46 : -7.2147822e-09  1.8958539e-09 -4.6832135e-09
    47 : -1.1964360e-16 -1.8030178e-16  3.4846782e-16
    48 :  1.0756641e-18 -2.3876800e-19 -5.9261530e-19
    49 :  4.0372585e-04 -1.3223003e-03  5.8111134e-04
    50 :  1.3479823e-02  4.3927301e-03  1.1317395e-02
    51 : -9.1440878e-02 -5.8891192e-02 -8.6897410e-02
    52 :  3.7747647e-04 -1.6606946e-04 -1.0885498e-04
    53 :  3.8295006e-17 -6.0305574e-18 -3.0806846e-17
    54 :  9.6502192e-03  2.1495436e-03  6.1090720e-03
    55 :  3.1212810e-03  1.9003916e-03  7.5257014e-03
    56 :  1.0238197e-02  3.7549295e-02 -1.6075397e-03
    57 : -5.3794402e-03 -1.9626144e-03  1.9575760e-03
    58 : -6.1658700e-02 -5.7010560e-01  4.6609481e-01
    59 :  4.0083933e-04  1.4455282e-04  4.6716777e-04
    60 : -4.3111432e-03  4.2429016e-03  3.7934259e-02
    61 : -1.5936888e-02  6.7915622e-03 -3.4794086e-02
    62 : -8.6656372e-05 -5.9838486e-05  3.7536552e-05
    63 :  3.7163439e-02  4.0707860e-02  4.4766015e-02
    64 : -7.5336781e-05  1.7165572e-04 -6.1235088e-05
    65 :  5.9982282e-07  9.9927584e-06 -3.2078572e-06
    66 : -4.7550351e-07  2.4229448e-06 -9.0628868e-07
    67 : -5.0662872e-18  8.5283110e-18  1.1760877e-17
    68 :  3.5688907e-18 -9.9377019e-18  1.6884764e-18
    69 : -5.7697875e-18  8.0680787e-18  1.0838927e-17
    70 :  5.2847375e-09  4.5765119e-09 -1.4487338e-08
    71 :  1.1906791e-01  1.5541571e-02  3.6694743e-02
    72 : -2.9798543e-20  8.2210713e-20 -2.1607807e-20
    73 :  6.4275405e-02 -4.2185838e-03 -3.6887691e-03
    74 :  3.0276474e-13  4.4356050e-13 -2.5338485e-13
    75 :  9.3316383e-14 -4.9527469e-15 -4.9657665e-14
    76 : -1.3661324e-20  4.2828637e-19 -1.3139782e-19
    77 : -3.1877010e-14  1.1303935e-14  1.9021589e-14
    78 : -8.7407118e-17  3.9956542e-16 -7.5828745e-17
    79 : -1.9326517e-11  4.3503899e-12 -1.5983923e-11
    80 : -6.6197406e-27 -4.9786757e-26  2.2950919e-26
    81 : -4.4216348e-16  3.2030899e-16  8.5793556e-17
    82 :  1.4189843e-01 -3.6548610e-01  6.9306891e-01
    83 :  5.2850500e-23 -4.1095488e-23 -1.0713253e-22
    84 :  1.7141491e-21 -4.9932943e-21  1.4151887e-21
    85 : -9.1711476e-02  2.5058522e-02 -2.7594539e-01
    86 : -1.5266851e-12  1.7623940e-13  1.3563777e-12
    87 : -1.9804255e-11  1.5312714e-11  3.0326729e-11
    88 :  2.6039202e-06  2.4181914e-06 -2.3724959e-06
    89 : -1.6684009e-02  2.5762342e-02  3.6706821e-02
    90 : -9.8440666e-20 -2.1608059e-19  1.4319381e-19
    91 :  4.3284122e-02  7.2626156e-03  2.0477705e-02
    92 :  9.5110770e-09  1.0371881e-08 -1.0931826e-08
    93 :  4.5169240e-25 -5.5364398e-26 -2.0955655e-25
    94 : -1.0727723e-10  4.9783315e-11 -3.1545248e-12
    95 :  7.1401605e-18 -2.8578742e-18 -3.4794071e-19
    96 : -2.8399499e-07  4.2430151e-07 -8.7745741e-07
    97 :  3.2639739e-08  5.1401414e-08 -1.2808669e-07
    98 :  9.6699346e-03  1.1559839e-02 -5.1683288e-02
    99 :  1.6619994e-16  2.0241939e-16 -1.1383654e-16
   100 :  4.6267793e-17 -3.5969146e-18 -6.5539007e-17
   101 :  3.8796714e-06  8.4987953e-07 -1.8869162e-06
   102 : -8.1181762e-04 -1.1824947e-03  2.4424747e-04
   103 :  1.4844352e-23 -1.6097766e-23 -1.3466471e-23
   104 :  1.7768317e-09  7.2335850e-10 -8.1580245e-10
   105 :  7.2323199e-04  1.2052470e-04  4.0020739e-05
   106 :  9.0991780e-06  1.1739226e-06 -1.0949977e-05
   107 : -8.7988630e-06  5.9000474e-06  5.9176336e-06
   108 : -6.3073777e-05 -3.5036385e-05  3.7947342e-04
   109 : -1.1587794e-03 -7.1983711e-04 -5.5187497e-03
   110 :  6.2185976e-02 -4.9175231e-03  4.2579456e-02
   111 : -8.8028840e-05  1.2550733e-05  2.1988282e-05
   112 : -3.7911584e-15 -2.7928400e-15  9.9542919e-15
   113 : -1.0113661e-01 -3.1708028e-02 -5.7144180e-02
   114 :  4.8778523e-08 -6.2185980e-08 -2.5148784e-08
   115 : -3.3471729e-03 -6.2223075e-04 -5.0219104e-03
   116 : -3.7584903e-02 -1.3955674e-01  1.4850986e-01
   117 :  4.4123029e-02  3.2760102e-02  6.5745019e-03
   118 :  2.3092343e-01  1.2314621e-01  7.0451458e-02
   119 : -2.4350080e-18 -1.0274380e-18  5.3675582e-18
   120 : -1.0035883e-08  1.1445072e-08 -1.1889116e-08
   121 : -7.4765365e-15 -9.2200557e-14  4.2033421e-14
   122 :  1.3397078e-03  6.0688232e-03 -5.9043355e-03
   123 :  7.7019955e-23 -1.0976375e-22 -4.8486412e-23
   124 :  3.0698330e-17 -9.8046784e-17  2.4351489e-17
   125 : -1.0662197e-26  2.9842620e-26 -8.7290329e-27
   126 : -6.5365291e-13 -3.8597484e-12  4.3658065e-12
   127 :  3.7739921e-16  1.0432377e-13 -1.6419683e-13
   128 : -1.1531868e-03 -4.5012176e-03  4.0572852e-03
   129 : -2.0418913e-11  7.8812464e-12  1.3693493e-10
   130 : -1.7370611e-02 -4.2047223e-02 -5.6814616e-02
   131 :  2.8788846e-02 -9.6821459e-03  4.8987773e-03
   132 : -6.7368970e-03  2.1442238e-02 -3.1365929e-03
   133 :  2.2729856e-02 -3.8513640e-02  3.3256399e-02
   134 : -5.3033619e-03  1.1853403e-03 -1.2446478e-03
   135 : -2.4130520e-04  1.8686226e-04  6.0304979e-04
   136 :  1.2198923e-05 -2.1548022e-05  3.9400634e-06
   137 : -7.4584622e-05  7.7498701e-04  3.4747389e-04
   138 :  1.2815899e-05  1.5593473e-04 -3.0227597e-05
   139 : -5.5002849e-05  6.8309831e-05 -1.6641549e-05
   140 : -7.2922524e-16  5.3528577e-15 -1.2360267e-15
   141 : -6.2327951e-15 -1.6066170e-15  1.3736551e-14
   142 : -5.8857381e-05 -6.0341580e-05  5.6867795e-06
   143 : -8.7449202e-19  4.0495592e-18 -2.2717600e-18
   144 :  1.3479090e-05  1.0480443e-05 -4.6755376e-06
   145 :  1.4032867e-07 -9.1849996e-07  4.0578213e-07
   146 :  1.1677873e-09 -1.2895238e-09 -2.3373155e-09
   147 :  1.5189078e-18 -2.0467913e-19 -4.6617491e-19
   148 : -5.0153051e-10  9.6125906e-10 -3.7817128e-11
   149 : -1.5672179e-02 -7.0449268e-02 -4.6771878e-02
   150 :  6.0911347e-07 -1.0900147e-06 -9.5007159e-07
   151 :  8.0886890e-15  7.9052549e-14 -1.9266717e-13
   152 : -6.4101900e-11 -3.3612705e-11  2.3543847e-11
   153 :  1.4361615e-01  6.0190562e-02  9.2511430e-02
   154 :  7.6795611e-26 -4.3023084e-26 -8.8828742e-26
   155 : -4.1711678e-19  1.3991086e-18 -1.5100866e-18
   156 :  3.7558236e-20 -1.2681115e-19  3.9516632e-20
   157 : -1.1788420e-09 -1.2766165e-08  2.8067932e-08
   158 :  1.3243537e-04 -2.7060444e-04  1.5220952e-04
   159 : -1.8338144e-06 -3.6673539e-06  2.4984888e-06
   160 :  2.5181032e-24 -1.3458244e-24 -6.1224087e-25
   161 :  1.6555079e-25  2.6694229e-23 -5.2602229e-23
   162 : -9.0359640e-02 -4.2117374e-02 -6.9019610e-02
   163 : -2.0355736e-03 -4.6127219e-04 -4.0713524e-03
   164 :  4.9839042e-13 -6.3590915e-13 -4.5535522e-13
   165 : -1.1938800e-05  4.7921690e-05 -1.9985095e-05
   166 :  2.6620834e-19 -1.6348073e-19 -5.6935384e-19
   167 :  6.2178730e-05 -7.7833382e-05  7.4434090e-05
   168 : -1.5123314e-02  3.5609937e-02 -1.0991269e-02
   169 :  1.1490127e-01  9.1015644e-02  1.9559110e-02
   170 : -2.9471762e-18 -7.5344997e-19  6.1886195e-18
   171 :  4.2500052e-18  1.2225082e-17 -2.9321376e-17
   172 : -7.6955940e-03  1.2653215e-02  3.6732080e-03
   173 :  6.6661404e-05  7.9849138e-04 -3.1540548e-03
   174 :  2.5936320e-05 -7.5061613e-05 -6.8039006e-05
   175 : -2.3720591e-09  1.0543665e-09  1.6093425e-10
   176 :  2.0312552e-16 -2.9305172e-16 -3.2751950e-16
   177 :  5.2033608e-06 -1.3488766e-06 -3.6766988e-05
   178 :  6.6400765e-02  4.2871149e-02  7.2346470e-02
   179 : -6.1826665e-05 -1.1002218e-04  1.8998241e-04
   180 : -1.2252983e-19  3.7165640e-20  2.9279263e-19
   181 : -7.7829974e-03  1.8381798e-03  2.4304275e-02
   182 :  1.6779335e-11 -2.2473230e-11  4.8416746e-11
   183 :  5.0544092e-02  2.8305626e-02  3.6513826e-02
   184 :  7.8918006e-26  4.8844859e-24 -3.2489742e-24
   185 :  1.1220612e-12  2.4063386e-13 -4.9691058e-13
   186 : -2.5231240e-08 -2.4359194e-08  1.0369758e-07
   187 : -1.2571246e-04  3.0071212e-04  4.7126378e-05
   188 :  8.3821754e-02 -3.2059082e-01  7.8854940e-01
   189 :  1.6667898e-03 -2.3703140e-03 -2.9872164e-03
   190 :  4.5207424e-07 -3.8478131e-06  4.9503075e-06
   191 :  2.4196675e-22 -2.4687597e-22 -3.1716860e-22
   192 :  6.0736014e-02  4.9652120e-02  4.3222348e-02
   193 : -3.6895237e-02 -4.6928321e-02 -1.0042251e-01
   194 : -2.6289911e-02  8.7231696e-02 -2.9135181e-01
   195 :  4.5367899e-09  3.3268297e-09 -2.9687854e-09
   196 :  2.6319836e-19 -1.1970116e-19 -5.9080344e-19
   197 : -2.6543258e-20  4.0517970e-20 -1.8687144e-20
   198 :  7.0072842e-07 -2.1203131e-07 -1.2458434e-07
   199 : -1.3459873e-01 -7.0003378e-02 -5.6685738e-02
   200 : -9.8516569e-18  2.3414741e-17 -7.2659713e-18
   201 :  3.5286896e-02 -1.4096365e-02  7.0179484e-02
   202 : -7.9223014e-08  3.3607187e-08  4.7440031e-08
   203 :  8.0161072e-21  8.8285065e-21 -6.6055772e-21
   204 : -1.3964764e-09 -1.0319092e-08  2.0409635e-08
   205 :  8.4201317e-03  1.4650319e-02  1.5063382e-03
   206 : -2.5140771e-20  8.2041022e-21  3.9566038e-21
   207 : -7.8288886e-19  4.0735638e-19 -3.6739383e-19
   208 :  4.6161246e-14 -1.1175581e-13  2.0130222e-14
   209 :  2.6103550e-02  9.7858958e-02  1.0056865e-01
   210 : -1.5131417e-08  2.5272460e-08  1.3025052e-08
   211 :  8.5531100e-21  1.0436798e-21 -1.0515398e-20
   212 :  3.0434752e-05  6.6530275e-04 -1.5970549e-04
   213 : -1.4434120e-18 -1.3671287e-18  4.3481805e-18
   214 : -1.5121792e-02 -1.5008916e-03 -7.2757458e-02
   215 : -4.3049355e-02  7.8697505e-02  3.6757408e-02
   216 : -3.1182093e-04  3.3636323e-04  4.4684655e-04
   217 :  1.1485168e-25  1.4089838e-25 -1.6027473e-25
   218 :  3.6567127e-15 -1.5567100e-14  9.3602078e-15
   219 : -3.8535352e-03 -5.3145863e-03  2.2614345e-03
   220 :  8.3698184e-13 -1.8655080e-12  5.1600151e-12
   221 :  1.5292967e-16 -1.1352503e-16 -3.2380943e-16
   222 : -3.1211101e-02 -3.8320540e-03 -4.7407520e-02
   223 :  9.8458371e-03 -1.0956596e-02  1.5865892e-02
   224 :  5.2635227e-07 -2.2104960e-06  1.3142554e-06
   225 :  1.2672034e-12  3.1152766e-12 -4.6716077e-12
   226 : -2.3041926e-17 -1.2593829e-17 -7.4912485e-18
   227 :  5.5385370e-09 -5.9760345e-10 -1.9863716e-10
   228 : -1.1427466e-06  1.2800541e-06  6.7875574e-07
   229 : -7.7059512e-11  1.6918320e-11  1.1944597e-11
   230 : -1.5532977e-17 -1.4358544e-17  9.7632811e-18
   231 :  5.4644695e-18 -1.7042713e-17  3.1011215e-18
   232 : -3.1181558e-25 -2.3695934e-25  2.3308823e-25
   233 :  1.3417124e-16 -4.2012741e-16  7.1533329e-17
   234 : -4.0528054e-02 -2.5102907e-02 -4.6279507e-02
   235 :  1.5302618e-01  1.4057002e-01  8.3593446e-03
   236 : -2.2517522e-15  6.7728619e-15  1.2729244e-15
   237 :  3.8897395e-14  1.0399503e-13 -3.4325350e-14
   238 : -9.7871453e-23 -1.1613001e-23  4.5628148e-23
   239 :  1.8418912e-16 -2.8327983e-17 -9.2843087e-17
   240 :  4.8821692e-20 -6.5214302e-20 -6.3738059e-20
   241 : -5.1645731e-03 -6.1494980e-03 -1.7129220e-03
   242 : -4.8435209e-03 -5.3361405e-04  3.0985402e-03
   243 : -3.1646984e-03  1.2575747e-02 -7.6992453e-03
   244 :  3.0766991e-02  5.2389366e-02  1.9698044e-03
   245 : -1.6067887e-15  2.3802069e-16  2.9977051e-15
   246 : -8.4788958e-04 -5.7647929e-04  1.0617801e-05
   247 : -2.1089314e-02  4.0075284e-02 -1.4503689e-02
   248 : -9.8628900e-25  1.9334201e-24  2.3836950e-26
   249 :  2.7651396e-13 -5.7790209e-12  7.8443595e-12
   250 : -2.6936719e-03  8.4229029e-04  2.1326709e-04
   251 : -1.2563097e-06  2.7262568e-06  1.5413899e-06
   252 : -5.7662995e-17 -1.6258046e-17  1.9501562e-17
   253 :  1.2309534e-20 -1.0820518e-20  1.4643795e-20
   254 : -2.9628633e-02 -6.2771976e-03 -1.0238125e-02
   255 : -1.8482610e-08  1.3100708e-08 -2.8594684e-09
   256 :  3.6787651e-04  3.6638136e-04  2.8325659e-04
   257 :  1.3990837e-02  4.3409603e-02 -4.5965899e-03
   258 : -5.1640249e-09 -8.4378648e-09  1.9661916e-08
   259 : -5.8594237e-14  7.5169804e-14 -1.5975718e-13
   260 :  1.5201970e-03 -4.9676740e-04 -2.8407350e-03
   261 :  2.5414547e-09  3.6157546e-08 -1.6153148e-07
   262 : -2.0998947e-15  5.2350735e-15 -2.1687396e-15
   263 : -4.6347872e-18  6.9196168e-18  1.3580756e-17
   264 : -1.3519699e-08  3.0136255e-08 -8.9165655e-09
   265 : -4.0913908e-03  8.0392382e-04 -4.7883240e-03
   266 : -3.2413538e-11  1.9266034e-12 -4.3244200e-13
   267 :  2.9001432e-10 -8.2459750e-10  2.2915574e-10
   268 : -2.2077889e-19 -5.6238339e-19  1.4062270e-18
   269 : -1.1733950e-02  2.9594513e-02 -2.3902045e-03
   270 : -3.3030741e-11  1.6115853e-09 -1.8031691e-09
   271 : -4.7039748e-03 -3.3395164e-03 -1.5736525e-03
   272 : -1.8629414e-10 -4.3893337e-11  1.8031065e-10
   273 :  9.9956100e-18 -2.3596583e-19 -2.0471024e-17
   274 : -1.3615120e-05 -2.6856427e-04 -3.5122578e-03
   275 : -1.2898806e-15 -4.3565660e-15  2.4401397e-15
   276 :  8.3619342e-03  2.0757308e-02  4.7377000e-03
   277 :  2.2678093e-16 -1.8944123e-16 -4.4946767e-16
   278 :  2.3115347e-04  3.9946278e-04 -9.4016858e-04
   279 :  1.5048745e-07 -1.3308136e-07 -2.5025779e-08
   280 : -1.6029026e-01 -1.1587035e-02 -5.2886939e-02
   281 :  1.5921557e-07 -1.7693827e-07 -8.6513845e-08
   282 :  8.3859963e-11 -5.2291668e-11  4.0039718e-11
   283 : -1.1731780e-14  9.9343903e-15  2.2570900e-14
   284 :  7.0049343e-16 -5.3003771e-16 -1.5317243e-15
   285 : -8.2743509e-02 -8.3048348e-02 -7.7037611e-02
   286 :  5.4221452e-04  1.2730941e-04  2.0392099e-04
   287 : -4.0236047e-05 -6.9162478e-05 -1.1729093e-05
   288 :  4.2003561e-02  1.8342049e-02  5.0262489e-02
   289 :  2.3192105e-06 -2.0263773e-07  1.1333442e-05
   290 : -8.3893846e-02 -7.7220683e-02 -9.0392605e-02
   291 : -8.7141508e-08  4.1666193e-08  1.0420653e-08
   292 :  5.8930573e-03 -1.3289286e-03 -2.7406579e-02
   293 : -4.7527734e-14  3.0465493e-14  8.4757588e-14
   294 :  7.9658017e-05  1.0424941e-04  5.0440873e-04
   295 : -1.6822070e-21 -2.1261958e-20  1.0447611e-20
   296 :  2.9361342e-02  3.7573705e-02  5.1537055e-02
   297 : -1.7010192e-06  5.9847358e-06 -2.3058571e-07
   298 : -3.1498687e-07 -9.7974541e-07  5.1916965e-07
   299 : -1.4931385e-22 -1.1452326e-22  3.9491805e-22
   300 :  2.9107811e-02  4.6428598e-03 -6.7214658e-03
   301 : -4.0555233e-07  8.3628374e-09  4.5636923e-08
   302 :  2.5507834e-04 -1.3475345e-03  1.5764923e-05
   303 :  1.2242702e-04  1.1466858e-04 -9.9884175e-05
   304 : -9.0899290e-05 -1.3242423e-04  3.6842338e-04
   305 :  1.0031696e-08 -2.3016186e-09 -2.7540953e-09
   306 :  1.7370685e-03 -1.0948440e-03  4.1148845e-02
   307 :  6.5085111e-06 -5.0031767e-05  3.7024266e-04
   308 : -1.5994354e-07 -2.0222798e-08  3.0547478e-07
   309 : -3.4708785e-22  1.1640532e-20 -5.2595836e-21
   310 : -4.4064420e-06 -1.7751848e-05  3.2991908e-05
   311 :  6.4695211e-05  7.0088647e-04  1.0550239e-04
   312 :  1.3196267e-20  4.1805156e-20 -5.0759782e-19
   313 : -2.1001150e-13  7.2360510e-13 -2.0602659e-13
   314 :  7.5220774e-23 -1.3255023e-22  2.8455129e-22
   315 :  1.1451704e-16  7.4384260e-16 -4.3334311e-16
   316 : -9.1576161e-03  1.8737577e-02  3.8020135e-02
   317 : -1.4815804e-22 -4.9311464e-22  7.0478705e-22
   318 :  5.0791925e-03  7.3821212e-03  2.5605064e-03
   319 : -6.2026345e-03  4.7445506e-03 -1.2801979e-03
   320 :  6.8357051e-02  5.3419057e-02  4.9438338e-02
   321 :  3.8278100e-02  1.7132329e-02 -8.2349818e-03
   322 : -1.1677055e-22  3.0362403e-22 -4.0522953e-23
   323 :  3.5885501e-23 -3.8163475e-23  4.7613108e-24
   324 :  3.8123059e-15 -7.7596835e-15  1.7253532e-15
   325 : -9.8724806e-14  2.9791955e-13 -4.0262769e-13
   326 : -1.2834718e-02 -8.0781259e-02 -2.2898795e-02
   327 :  6.4987363e-02 -3.7357986e-01  5.6119728e-01
   328 : -6.0484042e-03 -1.1790313e-03 -3.0266616e-04
   329 :  3.6352490e-16  5.6896276e-16 -2.7952087e-16
   330 :  4.6443927e-24  1.2197051e-23 -2.3415205e-23
   331 : -8.6908312e-10 -5.6849340e-10 -3.1554502e-10
   332 :  2.5516773e-04  1.0789070e-04 -1.0447245e-04
   333 : -4.8179548e-14  3.0052878e-14 -7.1550217e-15
   334 : -1.1656783e-02  4.7448286e-02  2.6970738e-02
   335 :  1.6591810e-04 -3.7470182e-04  2.8085833e-04
   336 :  1.4248529e-03 -8.0470685e-04 -2.1768859e-03
   337 :  2.6469372e-20 -1.4383160e-19  9.4139693e-20
   338 : -4.9890167e-03 -1.7844515e-03  1.8904269e-03
   339 : -3.4567938e-15  5.3507583e-15  6.2908883e-15
   340 :  1.4571023e-03  5.5685136e-03  2.9746896e-03
   341 : -1.7230706e-20  2.6232531e-20 -2.7415238e-21
   342 :  1.4952145e-16 -9.8214921e-17 -3.0757239e-16
   343 : -2.2230882e-07  2.1085698e-07  1.5249573e-10
   344 :  9.0440996e-03  9.2581869e-03  5.1683227e-03
   345 : -9.4151483e-02 -4.7789179e-02 -3.6292078e-02
   346 :  3.1200338e-16  2.0138601e-16 -3.0863518e-16
   347 : -2.1403087e-04 -4.4924409e-03 -1.0434363e-03
   348 :  4.3660005e-08  2.7269342e-07 -1.5137031e-07
   349 :  4.6065771e-08 -2.2103391e-08  9.1122759e-09
   350 :  2.2999347e-02 -5.4779944e-03  1.8055956e-02
   351 :  7.3286257e-13  9.4198562e-13 -7.0818039e-13
   352 :  2.7974271e-02 -1.0313853e-02 -4.2787438e-03
   353 : -8.8271887e-05  5.4940127e-04 -1.5162723e-04
   354 :  4.8544816e-02  7.7460191e-03  3.3458331e-02
   355 : -3.3959350e-02 -4.6771934e-02 -6.6356185e-02
   356 :  6.0836370e-20  7.0261827e-20 -2.1147354e-19
   357 :  1.1846837e-01  5.6365889e-02  2.9855470e-02
   358 : -6.2124898e-09  1.0395654e-08  6.4025623e-09
   359 : -8.6829051e-27  2.3635395e-26 -1.1099168e-26
   360 :  1.5260261e-02 -7.7565009e-03  3.2999055e-03
   361 :  1.2355710e-12 -3.5215633e-12  3.9057704e-12
   362 : -6.6497748e-08  3.6846718e-08 -7.4229727e-08
   363 :  1.0893443e-10  1.1447462e-10 -2.6492723e-10
   364 :  1.1892249e-11 -5.7028487e-11 -4.4901628e-12
   365 :  4.6383413e-07 -2.0242084e-08 -1.2335993e-07
   366 :  2.3075312e-19 -1.7856195e-18  1.1175286e-18
   367 :  1.7191459e-06  9.8364563e-08  2.7073170e-07
   368 : -2.3703761e-03  5.9281588e-03 -1.3774537e-04
   369 : -1.7110310e-08  5.0993051e-08  7.2928357e-08
   370 :  1.2872990e-09 -2.3712770e-09 -7.8411434e-10
   371 :  3.2100758e-20 -2.2817138e-19  4.5437457e-19
   372 :  4.3443187e-07 -7.6926636e-07 -1.5030091e-07
   373 : -1.2256934e-04 -8.2689741e-05  4.3481985e-04
   374 : -5.7316407e-02 -2.8874914e-02 -1.8859694e-02
   375 : -4.6119234e-14 -3.8297256e-13  1.0898319e-13
   376 : -1.1903472e-20 -3.6120213e-20  6.4301649e-20
   377 : -8.0770621e-07  1.8565290e-07 -4.4200947e-07
   378 : -2.0532579e-09  1.0100818e-08 -4.7019684e-09
   379 :  1.1973853e-24 -5.6760233e-24  2.7287579e-24
   380 : -3.3401782e-02 -2.3916098e-03  3.2811629e-02
   381 : -2.5911129e-09  4.1051193e-10  5.2251572e-10
   382 :  3.2279973e-13  5.6973400e-13 -1.1683129e-12
   383 :  5.9354522e-02  5.9167624e-02  3.7512438e-02
   384 :  4.4532360e-13  3.2930321e-12 -1.6361351e-12
   385 : -1.2434852e-04  5.1126965e-04  2.9750043e-04
   386 : -8.7906434e-03  3.8372639e-02  1.6420526e-02
   387 :  3.3599623e-14 -2.2287257e-14 -5.7744156e-14
   388 :  8.1280964e-03 -1.5083901e-02 -3.6847810e-02
   389 : -6.9718625e-11  6.6919024e-11  8.3105730e-11
   390 : -7.2946552e-04  2.5325771e-04 -2.1596405e-03
   391 : -1.9761280e-09  3.7097041e-09 -1.2320966e-09
   392 :  6.0713392e-02  6.6061646e-03  2.0125400e-02
   393 :  3.1299421e-02  4.1548187e-02  3.4978847e-02
   394 :  1.8474284e-12 -2.9494315e-12 -5.7726719e-12
   395 :  1.3804478e-06 -1.0014949e-06  1.0185125e-06
   396 : -4.7901729e-24  1.4718743e-23 -3.1976118e-23
   397 :  2.5510480e-02  4.7423960e-02  2.2006744e-02
   398 : -7.1931852e-05 -1.2078554e-04  2.7022786e-05
   399 :  1.0288285e-01 -2.9135466e-02  6.0357813e-02
   400 : -2.4164697e-05  2.4755649e-05 -6.0402979e-05
   401 :  1.4114331e-04  1.5222369e-04  1.8716712e-04
   402 : -6.9880954e-11  1.4930834e-11  3.2741200e-12
   403 : -8.8200946e-11  1.7363161e-10  2.3372416e-10
   404 :  2.2484823e-19 -1.8326753e-19 -5.2138331e-19
   405 :  3.1805738e-06  1.2861768e-06 -1.0997008e-06
   406 :  1.2453339e-02 -3.8144268e-03 -6.0912569e-03
   407 :  4.2001275e-02  1.8672803e-02  3.5083986e-02
   408 :  1.0448023e-03  3.5326024e-02  3.9914110e-02
   409 : -2.1290175e-05  1.4824936e-05  3.5829420e-06
   410 :  1.0975009e-02  3.6306115e-02  2.9077825e-02
   411 :  6.9537704e-06 -2.5016743e-05  1.0818263e-05
   412 :  1.9640120e-04  3.4352305e-06 -3.5241570e-04
   413 :  1.0393778e-21  8.1495099e-21 -1.2596257e-20
   414 : -3.9939528e-02 -5.2457485e-02 -7.3899316e-02
   415 :  3.3124292e-05 -3.4468571e-05 -6.5557382e-05
   416 : -4.4710330e-15 -2.9755366e-15  1.2434286e-14
   417 :  2.3898746e-02 -6.0171119e-03  3.1891415e-02
   418 :  1.0612371e-02 -1.0658232e-03 -1.0179332e-02
   419 :  1.6049578e-19 -5.1382057e-19  2.3067256e-19
   420 :  1.0044347e-17 -3.3160800e-17  1.1610341e-17
   421 :  1.8983898e-15 -1.2820086e-14  8.1258015e-15
   422 :  9.2520045e-10  5.5954050e-08  8.8588563e-09
   423 :  1.1873222e-05 -4.8405218e-05  7.2904798e-06
   424 : -1.6131208e-11  3.9912609e-12  2.8867954e-12
   425 : -9.1903097e-15  2.7384066e-14 -1.1086068e-14
   426 : -2.4985485e-10 -3.1461072e-10  1.2739733e-10
   427 :  3.5481145e-10  3.0263634e-10 -1.1373058e-09
   428 : -1.9006932e-12 -6.9591576e-12 -8.9693408e-12
   429 : -8.1856584e-06  1.4483261e-05 -7.7371642e-05
   430 : -1.8278252e-03  1.7835999e-04 -2.6779791e-03
   431 : -4.1411237e-06  7.6717234e-06  3.2877561e-06
   432 : -3.7410879e-08  1.7532086e-07 -1.8944553e-07
   433 :  9.6435256e-21 -1.1417683e-20 -8.6129390e-21
   434 : -2.5013330e-02  1.8095298e-02 -8.2870263e-03
   435 : -8.0324624e-06  7.8408092e-06 -1.6228627e-05
   436 : -7.2513486e-14  3.1014241e-13  1.6492941e-13
   437 :  3.7667460e-02 -2.1914578e-02  2.4735683e-02
   438 : -5.6291458e-03 -6.1347469e-04 -5.0423927e-03
   439 :  3.7195358e-02  6.8613301e-03  4.3401225e-02
   440 : -4.4459505e-16  1.7649547e-15 -5.6608534e-16
   441 : -1.7333223e-21 -1.2651363e-21  4.1953137e-21
   442 :  4.3463892e-02  2.3243706e-02  4.7446839e-02
   443 :  3.5249990e-07 -8.8423728e-07 -2.7872000e-07
   444 :  2.5294607e-02  1.9081910e-02 -2.8941577e-03
   445 :  1.5788475e-09  4.8244692e-09  3.7022877e-09
   446 : -3.4217758e-02 -3.1886355e-02 -3.8534564e-02
   447 : -1.1789385e-09  8.1788731e-10 -3.0340081e-09
   448 : -6.1136293e-05  3.3220310e-04 -1.3704882e-05
   449 : -1.4920031e-21 -2.1085567e-20  2.4017475e-20
   450 : -6.1489415e-22  1.1612933e-21  2.2331993e-22
   451 : -8.7592569e-02 -4.9676639e-02 -4.5139903e-02
   452 : -2.9181770e-02 -2.2963652e-02 -5.2524159e-02
   453 : -2.0414772e-02 -2.6490637e-02 -8.7372109e-03
   454 :  2.8533808e-02 -1.2137585e-02  4.9370079e-02
   455 :  1.1107549e-10 -2.6503484e-11  2.0148802e-11
   456 : -4.4447852e-05 -1.4338929e-05 -4.7385973e-05
   457 :  2.3069609e-22  2.3281498e-21 -2.5980548e-21
   458 :  1.1881445e-10  2.6012022e-09 -3.0718418e-09
   459 :  3.2597084e-05  5.6760179e-07 -9.3210728e-05
   460 : -4.6231668e-05  3.5808307e-04  2.3434515e-04
   461 :  1.9638232e-09 -2.8905620e-09 -3.7771534e-09
   462 : -2.9314040e-07  6.7082411e-07 -4.0243695e-07
   463 : -1.5224276e-15 -7.2058076e-16  4.7712030e-15
   464 : -6.8388881e-03  8.5933656e-03 -4.8377496e-03
   465 : -3.6927673e-06  3.1259830e-06 -2.1547349e-05
   466 :  4.5927829e-02  4.0571571e-02  4.0412559e-03
   467 : -3.7339960e-16  9.4247829e-17  3.7636319e-16
   468 :  1.3948897e-14 -1.3094428e-13  2.4196637e-14
   469 : -8.8510248e-24 -2.6787439e-23  9.4041340e-25
   470 :  1.5283500e-21 -1.5318432e-21  8.3647325e-23
   471 : -2.7112351e-14 -9.1740455e-14  2.6885748e-13
   472 : -3.4715889e-15  5.2824537e-15  6.4875200e-15
   473 :  3.2633949e-04 -5.8152921e-04 -1.0028181e-03
   474 : -7.2486470e-18  6.7930213e-18  1.2122415e-17
   475 :  4.8759519e-12 -1.0320048e-11  2.2002330e-11
   476 :  3.9881785e-12  4.5466479e-12 -9.1495992e-13
   477 :  1.0069068e-23 -2.0409562e-25 -5.9522033e-24
   478 : -1.3685428e-04  1.4481899e-04  1.1625401e-04
   479 : -1.4089540e-24  3.4945772e-24 -6.0974635e-25
   480 : -4.9078368e-03 -6.3247406e-03 -4.0685826e-02
   481 :  4.3976011e-11  1.5890954e-10 -5.1031893e-10
   482 : -1.3894039e-17  9.3616073e-17 -3.4558394e-17
   483 :  3.1669742e-02  2.4490619e-03  9.4135646e-03
   484 : -7.4444253e-05  4.6101036e-06  1.0313656e-05
   485 :  2.5911214e-06 -2.0844445e-05 -1.9955015e-05
   486 : -3.3162884e-02  1.8908308e-03 -1.3836069e-02
   487 :  1.6531044e-04 -6.2588072e-05 -1.9462877e-05
   488 : -5.1407958e-03 -1.8618094e-03  1.2718531e-02
   489 : -1.9243396e-18 -1.1994173e-18  5.5184034e-18
   490 : -2.5379136e-16 -4.3515593e-18  1.0390020e-16
   491 : -6.3649007e-17 -1.6118097e-16  1.0287340e-16
   492 : -7.4436529e-04  8.4615036e-04 -2.1946960e-04
   493 :  4.8452656e-03  7.8891481e-03  7.0845308e-03
   494 :  4.0434503e-02  2.1574228e-02  2.9748319e-02
   495 : -3.4019728e-07 -1.0133481e-06  4.5653555e-07
   496 :  4.5807460e-14 -5.1476980e-14 -5.5233766e-14
   497 :  7.4506052e-21  2.0226202e-20 -1.0851669e-20
   498 : -3.1716290e-19  2.6885024e-19 -4.4605746e-19
   499 :  1.4195322e-03 -2.8823858e-02 -1.2165934e-02
   500 : -5.0499778e-22  4.2346055e-22  6.7453105e-22
   501 :  6.1976733e-24 -6.6644456e-23  4.5892586e-23
   502 : -1.5079218e-03 -6.0902291e-03 -9.6718886e-04
   503 :  2.9647840e-05  4.2431788e-03 -2.8017229e-04
   504 :  1.6429466e-05 -4.5572233e-05  1.3095802e-05
   505 : -2.1253469e-02 -6.9026387e-05  1.5919346e-02
   506 : -8.0874829e-16  2.2607629e-15 -1.9583791e-16
   507 :  1.4477899e-14 -5.5308982e-15  1.6981155e-14
   508 :  1.2206933e-14 -8.3865439e-14  2.5939647e-14
   509 : -7.7243092e-04  4.2588095e-04  1.9071558e-04
   510 : -8.9247614e-14  2.0419799e-13 -2.3471341e-13
   511 :  8.2938680e-10 -6.5738722e-10 -2.8334536e-09
   512 : -6.7358774e-11 -4.5865942e-10  2.9666977e-10
   513 : -2.4304334e-06 -2.4957345e-06  7.2522669e-06
   514 :  4.8086170e-06  3.9147748e-07  6.6978282e-06
   515 :  3.6813214e-02  3.9343774e-03  6.1098819e-02
   516 : -3.5380162e-14 -9.0035022e-14  5.6237841e-14
   517 :  2.9040716e-02  2.1940446e-02  1.2292906e-02
   518 :  5.2621100e-06  3.1071182e-06 -1.0046200e-05
   519 : -8.9977145e-09  2.9538059e-09  1.8668714e-08
   520 : -3.8860639e-07 -1.6780133e-07  2.6857705e-07
   521 :  1.6761983e-02 -6.8217347e-03 -4.0125287e-03
   522 :  3.3917421e-02 -9.2898114e-04  2.9613690e-02
   523 : -3.2538174e-02 -7.5807492e-03  9.0715369e-02
   524 : -9.1737472e-07  6.6446423e-06 -5.7226286e-07
   525 : -3.0053296e-06  2.4150060e-06  1.3340885e-05
   526 :  2.0041321e-10  4.7386353e-11 -2.6381886e-10
   527 :  4.3062390e-19  2.0444495e-18 -4.3278015e-18
   528 : -1.1441960e-01 -5.9722856e-02 -5.3495551e-02
   529 :  4.4700314e-04  1.9888917e-04  7.7574422e-05
   530 :  3.8813069e-02 -9.1038969e-03  2.1627339e-02
   531 : -1.4194073e-03 -3.9423989e-03  6.7766103e-04
   532 :  7.9727693e-10 -2.8800172e-09 -1.1347245e-10
   533 :  1.8218554e-25 -4.3814279e-26 -7.3132065e-26
   534 : -3.9389746e-26 -1.3699976e-25  3.3620311e-25
   535 :  3.9697786e-17 -1.1503557e-16  3.5598517e-17
   536 :  4.6454356e-02  3.8379005e-03  1.6008324e-02
   537 : -3.4726744e-04 -4.8566239e-04 -8.2887428e-04
   538 : -6.9377567e-05 -5.2743079e-05 -2.8215931e-06
   539 : -8.4258714e-18  3.1791935e-17 -1.1789340e-17
   540 : -2.4962309e-16  2.8269664e-15 -1.1962512e-15
   541 :  7.9892327e-15  1.5107151e-14 -3.0250359e-14
   542 : -5.2312273e-07 -6.6118015e-07 -7.9461989e-08
   543 : -6.3722153e-19 -1.0293052e-18  5.9421577e-19
   544 : -1.3822137e-06  2.5226008e-06  6.3404513e-07
   545 : -1.1387783e-12  8.2323456e-13  2.4938367e-12
   546 : -3.1963883e-02 -1.2347267e-02  3.8835300e-03
   547 :  9.9123947e-17 -2.3571876e-16  3.4736767e-17
   548 :  3.4605643e-03  7.4356074e-03  4.7928151e-02
   549 :  2.9619339e-14  5.2581431e-14 -2.1372284e-13
   550 :  5.2608789e-04 -1.9348940e-04  1.7108424e-04
   551 :  5.2565837e-02  4.2806473e-02  4.4858611e-03
   552 :  2.1496414e-03 -2.5533588e-03  1.5686176e-03
   553 : -4.5426670e-03  1.3992720e-03  1.0435237e-03
   554 : -2.1672647e-13  1.0405534e-12 -2.7184313e-13
   555 : -9.6581337e-08 -1.0686564e-07 -2.9109467e-07
   556 : -4.1932661e-14 -4.3548568e-14  3.4858392e-14
   557 :  6.2094992e-02  3.3968659e-02  6.4903532e-02
   558 : -1.6089306e-05  2.4799180e-04  7.0077951e-04
   559 : -4.1127067e-04  1.8671270e-02  1.3167015e-03
   560 : -4.4951084e-04  4.8585794e-04  3.9940030e-04
   561 : -2.1404674e-02  7.9020774e-05 -2.1485917e-02
   562 :  3.4193762e-10 -1.5685422e-09  5.3585817e-10
   563 :  1.7832688e-21 -8.6250495e-22  3.0705955e-22
   564 :  3.2008195e-04  4.1831680e-02  3.1068887e-02
   565 : -8.4201086e-03  1.6071443e-02 -9.1897566e-03
   566 : -3.6345744e-17  4.2645838e-15 -5.3688985e-15
   567 :  1.7030184e-07 -2.8710752e-07 -7.1952042e-08
   568 :  3.9254078e-03 -2.4736642e-02  4.3393631e-02
   569 :  3.5107564e-02  4.1510861e-02  4.7345522e-02
   570 : -7.0160145e-13  1.8275233e-12  8.0494334e-13
   571 : -1.8322728e-07  9.9164511e-09  9.9779477e-08
   572 :  1.1599479e-23 -4.3227207e-22  2.0593028e-22
   573 :  1.9029531e-04  2.5606799e-04 -5.1028186e-04
   574 :  3.8090549e-04 -2.1353038e-04  6.0794785e-04
   575 : -6.3092531e-03  2.0064785e-02  4.8802035e-02
   576 :  3.7472109e-06 -3.1450526e-05 -2.1265261e-05
   577 :  6.5299555e-02  4.2053801e-02  5.0191674e-02
   578 :  1.5929451e-25 -1.2023077e-24  4.9003096e-25
   579 : -4.1356807e-03 -3.0367142e-02 -9.2888059e-03
   580 :  1.3477504e-02  4.9756884e-03 -2.8102359e-02
   581 : -1.3187524e-13 -1.4998388e-13 -2.6282437e-13
   582 :  2.1166192e-24 -1.1533021e-23  5.0167133e-24
   583 :  4.6791601e-12 -5.4050534e-12 -7.3015849e-12
   584 :  2.3914792e-20 -3.9225198e-20 -8.8927071e-21
   585 :  5.3980025e-02  4.3612329e-02  1.2025473e-02
   586 :  5.3255928e-16 -1.4488794e-15  2.5842156e-16
   587 : -1.9849687e-11 -4.2204779e-11  4.3358359e-11
   588 : -7.3283288e-15  6.9684988e-15  4.2152553e-16
   589 : -1.1482345e-02  5.3273359e-02  3.6961706e-02
   590 : -5.5744646e-03 -5.4198848e-03  7.7088795e-03
   591 :  3.3459031e-23 -4.8984448e-23 -2.7128419e-23
   592 :  4.3002356e-14  2.6910182e-14 -9.7935186e-14
   593 : -2.2254490e-09 -8.7435946e-10 -9.2485519e-10
   594 :  1.1592944e-10  1.8802174e-10 -8.5867648e-11
   595 :  3.0065764e-05 -7.7570381e-05  1.3029652e-04
   596 : -7.2319063e-05  1.9741249e-04 -1.8808717e-04
   597 :  1.1807778e-08 -6.9330757e-09  2.1748704e-08
   598 :  1.0612258e-10 -3.2753405e-10  1.4593499e-10
   599 : -6.8410139e-02 -4.7290512e-02 -8.4200732e-02
   600 : -6.4261318e-06  9.5522732e-06  1.7017951e-05
   601 : -4.9247750e-02 -2.8318838e-02 -3.2530219e-02
   602 :  8.2051099e-17  7.2510494e-16 -4.5987607e-16
   603 : -7.0820317e-19 -3.6274513e-18  4.1835277e-19
   604 :  4.5032178e-12 -5.3789926e-12  6.3142982e-12
   605 : -2.1432181e-09 -2.1345173e-09  3.2353124e-09
   606 : -1.9473965e-02  2.7084433e-02 -5.9477018e-04
   607 : -2.8335031e-06  3.7530103e-06  3.3532490e-06
   608 :  3.6300962e-15  1.3333582e-14 -3.5995852e-15
   609 :  4.4131708e-13  4.3227067e-12  1.4270107e-13
   610 :  1.5808958e-18  5.2034723e-18 -1.1977193e-17
   611 : -3.0862565e-02 -1.2310348e-02 -3.3679790e-02
   612 : -2.8499726e-06  5.4457159e-06  3.2387376e-07
   613 : -1.4648233e-08  1.2351093e-08  3.4812446e-08
   614 : -3.9759428e-02  5.4671353e-02  6.0443983e-02
   615 :  6.0422513e-07 -8.3650393e-08 -1.1997663e-06
   616 :  3.3892353e-20 -5.6030733e-20 -2.6702845e-20
   617 : -5.5773328e-08  2.7674775e-08  2.9000366e-08
   618 :  9.3962622e-11  7.4002763e-11 -8.2011314e-11
   619 :  3.3184847e-16  6.4731127e-17 -9.8523187e-16
   620 : -1.8181449e-09  1.4816634e-09 -1.2212482e-09
   621 : -2.9410160e-07 -5.8069830e-07 -3.7570475e-07
   622 :  4.4044353e-02  2.6466022e-02 -1.6841016e-02
   623 : -2.9151951e-03  6.8881513e-04  5.9404795e-04
   624 : -5.0809750e-07  1.9816909e-06 -8.5926813e-07
   625 : -1.0384694e-08 -4.5066495e-07  2.1600010e-07
   626 :  7.8837864e-26 -9.9380726e-25  3.1839874e-25
   627 :  3.7181692e-18 -1.0666201e-16  1.0191148e-16
   628 :  3.7917345e-11  6.7878319e-11 -4.8808170e-11
   629 : -2.7007278e-04 -3.0450137e-03 -2.0565568e-03
   630 :  1.2998721e-02  7.0413831e-02  4.3682139e-02
   631 : -6.9604339e-09  3.5760795e-08 -3.2605674e-09
   632 : -1.9578979e-19  4.0382020e-19  5.6191712e-20
   633 : -2.9122204e-03 -2.5465568e-04  9.2351982e-04
   634 :  3.3221465e-06  2.1825047e-06 -1.1819111e-05
   635 :  1.0566442e-02 -5.6278009e-03 -5.7288994e-03
   636 :  7.4009058e-03  5.3210182e-03 -7.9020762e-04
   637 :  3.9404215e-02  4.3615709e-02  4.8739675e-02
   638 :  2.1470643e-02 -3.4253290e-02 -4.3871697e-02
   639 :  2.1381029e-02  1.6587448e-02 -8.9018863e-03
   640 :  9.6446088e-03 -7.3080976e-02 -3.4830704e-04
   641 : -1.5659455e-16  8.1378321e-16  5.9332408e-16
   642 :  3.9063786e-04  1.0102774e-04 -6.7833841e-04
   643 :  1.8487914e-02 -4.3257621e-04 -2.5879811e-03
   644 : -1.2460059e-02 -3.8834092e-03  1.8624007e-02
   645 :  1.6748840e-05 -3.7941770e-05 -2.1764008e-05
   646 : -5.9300113e-07 -1.0327521e-06  1.8076044e-06
   647 : -6.7154463e-02 -2.8043676e-02 -5.5501377e-03
   648 :  5.4612242e-06 -6.8044446e-06  4.5242731e-06
   649 :  3.1079038e-02  4.6077995e-02  4.5197332e-02
   650 : -4.8649258e-08 -1.9796817e-08  3.3810894e-08
   651 : -6.5468827e-02  1.6071588e-03 -3.7270721e-02
   652 :  1.7005075e-07  6.4645088e-06 -2.0112227e-06
   653 :  1.1133356e-01  6.1081643e-02 -7.5633784e-02
   654 : -1.3078421e-11  1.7009349e-12  3.8779829e-12
   655 :  6.2434776e-07 -1.7328666e-06  4.2052111e-06
   656 : -2.7578035e-02 -3.7784528e-02  1.0299134e-02
   657 :  3.4108561e-02  6.5340763e-02  6.5721407e-02
   658 : -1.1190155e-05  1.2474686e-05 -1.7732427e-05
   659 :  2.8513582e-05  2.8481032e-04 -5.0232050e-05
   660 :  2.4747692e-02  4.6121929e-02 -2.6532670e-02
   661 : -2.8196374e-02 -2.9372546e-02 -8.0444873e-02
   662 : -9.2488163e-11 -5.3601271e-11  2.3664759e-10
   663 :  2.6681863e-02  2.0255079e-02  4.8260452e-02
   664 : -3.6789878e-02  3.5023520e-02 -1.3487728e-02
   665 : -1.1697538e-03  4.3686328e-02  3.2710653e-02
   666 :  5.8306515e-20 -5.0907092e-20 -7.2777909e-20
   667 : -3.0099660e-13  8.6015908e-15 -4.5582424e-13
   668 : -2.1279390e-04 -5.5316745e-04  4.8183757e-03
   669 : -6.6282901e-25 -9.3913792e-25  1.3330907e-24
   670 :  2.9389711e-02  1.3622803e-02 -1.0447391e-02
   671 : -2.7687871e-03 -3.2385715e-02  1.8880298e-02
   672 : -9.7453040e-04  1.0139891e-02  7.9789469e-03
   673 :  2.6118300e-10 -1.2840220e-10 -3.6193445e-09
   674 :  1.0409868e-07 -5.1441433e-08 -1.3564441e-07
   675 :  5.4711378e-09 -8.5298334e-10  1.6238232e-09
   676 : -2.1323109e-05 -8.1140815e-05 -4.0979740e-05
   677 :  2.0129777e-06 -5.1053349e-07  1.2919718e-06
   678 :  4.5170745e-03  5.4242242e-03  8.9996124e-03
   679 :  3.9893081e-04 -9.0236574e-04  5.3850100e-04
   680 :  2.1288545e-05  4.1826907e-04  2.5233525e-04
   681 : -5.3794458e-14  8.9540864e-16 -1.5813278e-13
   682 :  6.6538047e-14 -1.9522378e-13  4.0840019e-14
   683 : -1.4152379e-12  4.2988493e-12  6.1215144e-12
   684 : -1.8256644e-16  2.7135841e-16  2.3015447e-16
   685 : -2.4440362e-05 -2.4580146e-05 -3.0968124e-05
   686 :  3.1820799e-08 -2.3582563e-09 -1.5059979e-09
   687 : -1.0008979e-15 -7.5668842e-16  7.1894085e-16
   688 :  2.2685043e-09 -8.3985291e-09  5.4610087e-09
   689 : -2.7382595e-02 -2.1251930e-02  3.0170771e-02
   690 : -1.4892648e-06  1.5733615e-06  3.4347948e-06
   691 : -5.4208192e-05 -3.2062022e-05 -2.6202391e-05
   692 :  6.7925226e-06  1.0227111e-05 -2.9877746e-05
   693 : -2.8979029e-24  3.4614778e-24  1.9454773e-25
   694 :  4.4312222e-17 -1.1328960e-16 -6.0297106e-17
   695 :  3.0237886e-03 -8.4506002e-03  1.1800245e-02
   696 : -3.4329091e-03  2.2195707e-03 -3.3569195e-03
   697 : -6.1466065e-06  9.7368288e-06  1.4202384e-05
   698 :  4.1717391e-03 -1.1388131e-02  3.8401528e-04
   699 :  2.0670466e-10  2.7105778e-10 -8.4024645e-10
   700 :  3.4077818e-22  5.0175967e-22 -1.2468755e-21
   701 : -4.4540306e-20  1.3313977e-19 -4.4253966e-20
   702 :  8.5064886e-13 -1.7454861e-12  6.5938851e-13
   703 :  4.8636536e-02  3.2079395e-02  4.4139243e-02
   704 : -4.3301394e-06 -1.0670900e-06  7.3464604e-06
   705 :  2.7467383e-16 -1.5168864e-15  8.9096034e-16
   706 : -1.8127504e-01  5.4691330e-02  8.7644979e-02
   707 : -7.3117265e-03 -8.5803667e-03  2.7505412e-03
   708 :  5.8725017e-04  5.5533561e-04  2.2828808e-04
   709 : -1.3779392e-07  1.0587445e-07 -8.3008028e-08
   710 : -3.2363130e-10  8.0102545e-12  1.7214749e-10
   711 : -2.8853876e-07 -9.9511168e-08 -4.0108673e-07
   712 :  2.8457984e-02  4.7072183e-02  2.4224512e-02
   713 :  3.8156530e-06  5.1271951e-07  6.4862572e-06
   714 :  5.1015667e-02  2.7491023e-02  4.8377864e-02
   715 : -5.4652546e-05  9.9845505e-06 -3.4050150e-07
   716 :  7.6858283e-17 -2.0957869e-16  4.5479123e-16
   717 :  1.3937657e-04 -4.6925301e-03 -5.6151516e-04
   718 :  8.6636161e-07 -1.2626862e-06  4.3318158e-06
   719 : -4.3059350e-03 -3.8437298e-03 -2.4650000e-04
   720 : -3.1920756e-02 -6.7011000e-02  8.6428988e-03
   721 : -8.7168631e-02  8.1116643e-02 -4.6393681e-03
   722 :  3.1317670e-14  5.2881173e-14 -1.6563589e-14
   723 : -1.6661580e-14  3.7335103e-14 -1.1701015e-14
   724 :  2.9508152e-15 -2.7102752e-13  7.9829923e-14
   725 :  4.6597027e-02  4.4847110e-02  4.7334829e-02
   726 :  5.5343527e-09 -3.8931065e-09 -1.0488024e-09
   727 :  5.1833576e-02  4.7770335e-02  4.4265591e-02
   728 :  1.6840959e-04 -4.1954987e-03 -4.8303390e-03
   729 : -1.8749022e-04  2.6915542e-04  3.2506786e-04
   730 :  4.6442882e-06  1.6414735e-06  4.8330884e-06
   731 :  5.0991510e-14 -1.3687176e-13  4.2574427e-14
   732 :  2.3064457e-11 -2.1105409e-11 -8.1014905e-12
   733 : -1.1260547e-05 -1.7647501e-05  9.4627296e-06
   734 : -7.2398603e-02 -1.1319333e+00  1.1531670e+00
   735 :  7.7196762e-06 -2.2972270e-05  2.5409657e-05
   736 : -4.1681229e-02 -3.6134621e-02 -3.2297523e-02
   737 :  1.7612914e-08 -1.6097023e-09  3.0356536e-08
   738 :  4.6163941e-03 -8.1528937e-04  4.7805866e-03
   739 : -5.5485353e-02 -4.3513543e-02 -6.3507305e-02
   740 :  5.7104391e-06 -5.0609952e-05 -9.5110663e-06
   741 :  7.7375477e-04 -2.0017163e-02  1.6707022e-02
   742 : -1.2232432e-06 -6.4122440e-07  3.9566598e-06
   743 : -5.5585998e-05 -3.4902343e-05  4.4710003e-05
   744 :  5.8972922e-02  1.1839601e-01  7.9149255e-02
   745 : -9.0353979e-15  3.5466965e-14  3.0044308e-14
   746 :  4.2182272e-12  7.9675141e-12 -3.1246905e-12
   747 :  1.2395368e-08  7.9388198e-09  1.6959855e-08
   748 :  4.6212516e-06  8.1854483e-06 -5.2170430e-05
   749 : -1.7429549e-03 -9.3421447e-04 -4.3921587e-03
   750 :  8.5812936e-16  2.5157275e-15 -8.4930484e-15
   751 :  3.2379002e-02  3.3162867e-02  5.8856922e-02
   752 : -2.3045721e-06  4.6168941e-07  4.2321880e-06
   753 : -1.7838815e-03 -1.9263645e-03 -1.3708876e-03
   754 :  1.6514295e-13 -1.8146316e-12 -6.6642837e-15
   755 :  8.0010985e-02  7.7799126e-02  8.5625628e-02
   756 :  6.8670886e-08 -7.7274226e-08 -2.3362336e-08
   757 :  1.3578946e-23  8.4529749e-24 -9.0072257e-24
   758 : -1.6092512e-01 -1.0604925e-01 -7.6765853e-02
   759 :  6.2705164e-06 -6.3567929e-07  5.7663614e-06
   760 :  1.1392323e-09 -3.3321068e-09  5.2913681e-10
   761 :  1.5871979e-05 -1.2465429e-05 -3.5088003e-05
   762 : -1.5675546e-01 -1.8718685e-01 -1.9597960e-02
   763 :  6.9752434e-18 -2.1614975e-17  7.1047495e-18
   764 :  6.4583563e-19  1.8082077e-18 -1.1785548e-18
   765 :  4.7420135e-02  3.4283599e-02  5.9108100e-02
   766 :  8.1479468e-08 -1.0993951e-07  6.6945959e-08
   767 : -3.3062665e-02 -5.0951318e-01  2.9811304e-01
   768 :  1.4529960e-15 -1.4280158e-15  3.8660087e-15
   769 :  7.2711993e-02  4.8140873e-02  7.1001229e-02
   770 : -6.2513257e-05  5.7349042e-06 -2.3225196e-05
   771 :  1.7279398e-04  9.1655763e-03 -3.4594180e-03
   772 :  3.6749423e-02  3.5135607e-02  2.4078751e-02
   773 :  2.7949256e-07 -5.7419614e-07 -2.0798728e-07
   774 :  4.2256822e-02  6.4944879e-02  3.6953785e-02
   775 :  1.0742104e-02 -4.0930990e-01  3.2870312e-01
   776 : -7.7200549e-07  7.4609130e-07  1.7394173e-06
   777 :  1.3727653e-05  1.2053449e-06 -1.0890889e-05
   778 : -5.1231792e-05  3.7168321e-05 -2.8761989e-05
   779 : -2.1473664e-12  2.1724625e-12 -9.4822377e-14
   780 : -1.3897274e-01  2.2604977e-02  3.4949682e-02
   781 : -5.7529360e-15  1.9396955e-15 -3.1829901e-15
   782 :  2.1037909e-24 -2.4160589e-25 -3.9143203e-24
   783 : -1.6906616e-05 -2.4738129e-05 -6.6903063e-05
   784 :  2.9635206e-06  1.2694194e-05 -4.8581325e-06
   785 :  7.7953022e-15 -2.6307553e-14 -2.6364767e-15
   786 :  8.9118353e-02  9.1866405e-02  8.6977803e-03
   787 :  7.0418629e-03  7.6998850e-04  3.2009924e-02
   788 :  2.0168255e-14 -9.4259777e-15  1.8106659e-14
   789 : -1.2082420e-13  4.2100590e-13 -4.0886036e-13
   790 : -1.0436186e-04  1.5247794e-04  4.9568190e-04
   791 : -2.1812420e-03  8.0103365e-04  6.4095820e-04
   792 :  2.2518202e-02  3.4221545e-02  4.7685175e-02
   793 :  4.5068403e-02  2.1034388e-02  3.3871325e-02
   794 : -1.1537538e-04 -2.8178930e-05  1.3008476e-04
   795 :  1.0732024e-02  4.7659479e-03  6.0351151e-02
   796 :  2.0380854e-02  2.9312751e-03  3.4544980e-02
   797 : -1.9625228e-15  4.0081360e-15 -5.7427160e-15
   798 : -6.5632849e-04 -1.5055220e-03  1.5848017e-03
   799 :  7.1497746e-08 -2.8359897e-08 -1.5115922e-07
   800 :  5.1397827e-02  4.5388329e-02  7.0138920e-02
   801 : -2.3988279e-13 -2.4631197e-13  7.1792592e-13
   802 :  1.2239968e-05 -3.3691140e-05  1.1489775e-05
   803 :  6.1670525e-13 -1.3984837e-09  5.9751278e-10
   804 :  4.4628860e-02  5.9759295e-02  6.9987210e-02
   805 :  1.0181672e-05 -7.6091417e-06  9.4439595e-06
   806 : -2.6492811e-12  9.7698497e-13 -1.8486909e-12
   807 :  9.3994777e-16  6.0743591e-15 -8.6652379e-16
   808 :  7.3355232e-02  7.5324871e-02  6.0264794e-02
   809 : -3.5353251e-10 -2.8394982e-09 -5.7664320e-09
   810 : -8.2219088e-15 -4.0519141e-14  8.8821045e-14
   811 :  1.1276252e-24  6.1566651e-26 -9.9428155e-25
   812 : -5.5259483e-07 -1.0172136e-07 -1.7595731e-07
   813 :  5.4114666e-06  2.1939473e-06  1.5394108e-05
   814 :  2.9470703e-23  7.0385800e-27 -2.9653966e-23
   815 : -2.2075963e-26  1.8551468e-25 -2.0817445e-25
   816 :  9.9489021e-21 -4.6042401e-21 -2.5620892e-21
   817 : -8.6245124e-22 -2.2733270e-21  4.0756686e-21
   818 : -9.4813828e-24  6.8811575e-23 -4.6770935e-23
   819 : -6.6577100e-08 -6.6586145e-07  1.4488236e-06
   820 : -1.3406286e-23  3.8816795e-23 -8.2460809e-24
   821 :  4.8770533e-02  7.5942032e-02 -3.8436260e-02
   822 : -4.9778245e-05 -3.8339604e-05  1.6429954e-04
   823 : -2.1340049e-10  5.7618166e-10 -9.4295999e-11
   824 : -7.9324451e-11  2.5453527e-10  3.2807940e-10
   825 :  9.0878417e-18 -1.8279062e-18 -1.3133226e-17
   826 : -7.2799752e-04  4.5800750e-03  4.2686229e-03
   827 :  1.8240003e-12 -1.0315665e-12 -3.6270498e-13
   828 :  1.3692384e-09  1.5790812e-08 -8.1025794e-09
   829 :  1.1740392e-04  6.9835126e-05  3.5160896e-05
   830 : -1.1988926e-01  2.0228449e-02 -1.7324905e-01
   831 : -1.6181198e-02 -2.3740624e-01  3.2470831e-02
   832 :  8.5287497e-07 -4.0711862e-07 -8.7114393e-07
   833 : -5.1596905e-02 -6.6145523e-02 -1.9050300e-01
   834 : -2.3252816e-22  2.6916238e-22 -2.0890459e-22
   835 : -5.8802661e-25  1.2815843e-24 -2.3562667e-24
   836 :  4.7864721e-06 -3.7219765e-05  1.6160350e-05
   837 : -2.8168397e-13  8.2860459e-14 -4.5273638e-13
   838 :  8.0207985e-05  6.9167566e-04 -3.7346448e-03
   839 :  2.2173287e-10  6.3082038e-10 -1.1547073e-09
   840 :  1.1735878e-12  1.1380868e-12 -3.7540421e-12
   841 : -9.4483597e-11  3.5529389e-11  2.0536789e-11
   842 : -2.5165740e-07 -3.6098399e-07  2.0751553e-07
   843 :  9.9258411e-12 -4.0665242e-12 -1.8135221e-11
   844 :  1.2857578e-06 -1.3813401e-06  1.8668878e-06
   845 : -2.8962094e-17  5.0032734e-17 -9.4063131e-17
   846 : -8.6662344e-05  1.2722640e-04 -8.5590632e-05
   847 :  6.8858735e-08 -1.7095398e-08 -5.2980878e-08
   848 :  9.8660578e-27  1.9527514e-26 -1.3233580e-26
   849 :  4.6885567e-10 -5.6553919e-10 -1.3478959e-10
   850 : -5.6880397e-09  1.6372056e-10 -6.4161709e-09
   851 :  2.8190243e-10 -1.6430206e-09  1.1176605e-09
   852 : -1.0499689e-18  2.9162515e-18 -1.2361266e-18
   853 : -4.0390406e-03 -5.2734766e-05 -2.8332768e-03
   854 : -1.3969952e-27  4.4712023e-27  7.8987016e-29
   855 :  2.6095717e-02 -6.1948792e-03 -2.8127047e-03
   856 :  5.0943673e-04  1.6210085e-04  4.7601518e-04
   857 :  3.4790508e-02 -5.6948920e-03  4.0618888e-02
   858 :  7.0302740e-04  2.2566188e-04 -4.0997126e-05
   859 : -4.0091635e-18  5.1024440e-18  6.8493244e-18
   860 : -5.4099666e-05  1.1159994e-05 -4.0778961e-05
   861 : -5.5513116e-05  2.9078842e-05 -3.9231193e-05
   862 : -2.1650064e-05  9.2131836e-06  1.4654182e-05
   863 : -5.2171977e-03  4.7746515e-03  8.8043518e-03
   864 :  1.9566517e-02  9.1929548e-03  4.1494245e-02
   865 : -1.6259343e-02  3.9649517e-01 -1.9739301e-01
   866 :  7.7371083e-02  2.1268265e-02  1.7536724e-02
   867 :  2.2901146e-02 -2.8351468e-03  3.4150249e-02
   868 : -1.1048255e-06 -2.1008360e-06  5.1748742e-06
   869 : -4.6604722e-07 -1.3554850e-06  5.0630936e-07
   870 :  3.5626638e-07 -6.8987742e-07  2.0318790e-07
   871 : -6.8450844e-03 -1.4747935e-02  3.9761505e-02
   872 :  3.3341563e-02  2.1746893e-03 -7.6349088e-03
   873 : -2.4101867e-02 -9.4923416e-03  2.2622987e-02
   874 :  2.3510062e-02  1.3961292e-02 -3.0099481e-02
   875 :  3.9874451e-11 -1.7216577e-11 -1.6990351e-11
   876 : -1.4466463e-10 -5.6674182e-12  2.6211941e-10
   877 :  1.5785537e-22 -2.0933187e-22  2.6611057e-22
   878 :  1.2296030e-20 -2.8816034e-20  6.3079249e-21
   879 : -3.1775367e-12  1.3489190e-12  9.7569513e-13
   880 : -6.6579859e-11  9.0961419e-11 -8.9615119e-12
   881 :  7.0556625e-23 -1.9275494e-23 -3.0347791e-23
   882 :  2.8405013e-22 -1.8168754e-22 -3.0318050e-22
   883 :  1.7511520e-12 -7.7104441e-13 -8.1578213e-14
   884 : -1.5102530e-12 -9.8511005e-12  1.0087482e-12
   885 : -1.3767956e-05 -1.1092956e-04  2.7631328e-05
   886 : -1.8975002e-05 -1.2848450e-06  1.3882005e-05
   887 : -1.2490508e-05  3.6864661e-05  5.9603828e-04
   888 :  6.1138624e-04  5.8652993e-04  5.0867351e-05
   889 : -2.7475920e-02 -4.5178921e-02 -3.9427049e-03
   890 : -5.9715025e-03  1.4788828e-03 -2.2451246e-02
   891 : -3.1217451e-11  4.9433111e-11 -7.1279272e-11
   892 : -3.4646723e-10  1.5850826e-09 -6.6633920e-10
   893 : -2.6128752e-05  1.6199656e-05 -7.8676477e-07
   894 : -1.1270793e-04  1.2640181e-04  7.6113000e-05
   895 : -5.4508863e-02 -2.9608021e-02 -5.3567832e-03
   896 : -7.9152501e-03  5.1914297e-02 -9.0724337e-02
   897 :  2.3867566e-12 -5.9541138e-13 -8.6287489e-13
   898 : -5.5952279e-12  3.9976999e-12  1.2953585e-11
   899 :  3.2953760e-02  9.8995505e-03  1.1277081e-03
   900 : -5.2486334e-03  3.3162847e-02  3.4763186e-02
   901 : -8.3888554e-07  2.3030663e-06 -3.0716196e-06
   902 : -2.4610429e-05  3.5942010e-05 -1.7642557e-05
   903 : -5.7103913e-03 -2.8885592e-03 -2.2075743e-03
   904 : -1.0727561e-03  1.5054551e-03 -4.9421706e-03
   905 :  2.3470161e-02  4.0950960e-02  9.8143479e-03
   906 :  3.8626985e-02  3.4277000e-02  4.5707754e-02
   907 :  5.9416886e-02  6.5079528e-03  3.7147977e-02
   908 : -5.8395919e-04  3.9707587e-04  3.1498695e-04
   909 : -4.1920360e-04  2.6824219e-03 -1.1571082e-03
   910 : -1.5239603e-03  1.7511157e-02  8.3639588e-03
   911 :  2.9926744e-03 -3.0962743e-03 -1.5224382e-03
