Number of elements 912
     0 : -1.6761485e-10  2.2844730e-11  3.5823905e-10
     1 :  1.6725940e-05 -3.8722139e-05 -4.9366035e-06
     2 :  5.2027760e-02  4.2227013e-02  2.6944241e-02
     3 : -5.1995947e-07  2.6413027e-07  1.0092119e-06
     4 :  4.4362981e-02  1.2063782e-02  2.2117690e-02
     5 : -1.0760250e-01  1.6449235e-02  9.9227974e-02
     6 : -4.4562687e-19 -7.7317702e-18  8.2875205e-18
     7 : -3.6859069e-05  7.9154560e-05 -3.1915807e-05
     8 :  7.9183453e-05  2.9441006e-04 -1.3177076e-04
     9 : -1.0956465e-16 -2.6551886e-16  4.7452237e-16
    10 : -1.1531950e-04  5.7219577e-04 -1.4269397e-04
    11 : -4.2080467e-18  7.0222060e-18  5.3144211e-18
    12 : -1.2338893e-02 -2.7765983e-01  4.0232919e-01
    13 : -4.2944177e-03  1.7405276e-03 -3.8327715e-03
    14 :  4.6767545e-08 -1.1174484e-07  5.6909770e-09
    15 : -2.9728980e-03  3.8269575e-03 -3.0252964e-03
    16 : -3.0197608e-19 -9.3089663e-19  1.3603419e-18
    17 : -6.2934569e-13 -7.0323812e-13  3.9838179e-12
    18 :  2.2195050e-04 -9.2187080e-04  6.5045980e-05
    19 : -5.0596103e-22  3.9148683e-22 -2.0779193e-23
    20 :  1.9896507e-12 -2.6790672e-12 -1.8929993e-12
    21 :  1.4362501e-02  3.7552041e-02  5.8628526e-02
    22 : -3.3516894e-03 -4.8319857e-03 -1.1094334e-03
    23 :  8.3696115e-22  1.5477640e-20  9.4743109e-22
    24 :  3.7000261e-07 -2.6581647e-05 -1.3502857e-05
    25 : -1.4887735e-24  4.9077395e-24 -1.7345411e-22
    26 : -2.4056993e-05 -5.6616553e-05 -1.1219511e-05
    27 : -1.5262792e-02  1.1285336e-02  2.4535281e-02
    28 : -1.1376005e-03  6.2054687e-03 -4.7695853e-03
    29 :  2.3869401e-06  7.6351897e-06 -9.6569698e-06
    30 :  4.8676665e-04 -1.2668730e-03  3.1620070e-04
    31 :  1.5743299e-07 -1.9384615e-07 -1.7941411e-07
    32 :  3.8961707e-17  1.0615934e-17 -9.7697845e-17
    33 :  9.4297959e-03  8.3851086e-03  9.8090434e-03
    34 :  2.4766605e-23 -6.3036686e-24 -5.4727672e-23
    35 :  3.1254069e-08 -4.4900872e-08 -3.9793851e-07
    36 :  3.4851082e-03  2.5276507e-02 -2.0239227e-02
    37 :  3.8321564e-02  3.6094191e-02  4.0981048e-02
    38 :  1.2810671e-02  5.9160756e-02 -1.2388672e-02
    39 :  4.6251804e-06 -3.8543781e-06  2.7677424e-06
    40 :  7.9617301e-06  1.5976722e-06  1.1630992e-05
    41 : -1.3398428e-03 -7.6572036e-03 -3.2042560e-03
    42 :  9.0061658e-22  7.6132061e-22 -2.8770406e-22
    43 : -1.8705036e-11  2.2930861e-11  1.7982110e-11
    44 :  3.4328804e-02  3.9053389e-02  4.4142937e-02
    45 : -8.8907472e-09  2.1142124e-09  5.4745542e-09
    46 : -8.9058054e-09  3.5874461e-09 -4.6465833e-09
    47 : -1.6943511e-16 -8.1449779e-18  4.3152656e-17
    48 :  5.8667433e-19  3.4506220e-20 -3.1352632e-19
    49 :  2.7091930e-04 -8.8311471e-04  5.8916170e-04
    50 :  1.6297584e-02  8.3572097e-03  9.6307519e-03
    51 : -9.8524584e-02 -5.3479434e-02 -8.9642824e-02
    52 :  6.3067073e-04 -1.0205588e-03  7.2288902e-05
    53 :  2.7330152e-17 -5.0791588e-18 -1.9394237e-17
    54 :  8.8740380e-03  1.0989791e-03  6.5028014e-03
    55 :  1.9596272e-03  1.2455080e-03  7.4200512e-03
    56 :  2.8845007e-03  2.3009500e-02 -1.7095987e-02
    57 : -3.5800719e-03 -7.1484114e-04 -2.0275036e-03
    58 : -6.3979374e-02 -5.7393464e-01  4.9168121e-01
    59 :  6.5139788e-04  4.9721210e-04  2.0571306e-04
    60 : -6.4717430e-03  1.2597308e-03  3.3137730e-02
    61 : -8.8093358e-03  6.5476692e-03 -2.5582149e-02
    62 : -8.0263049e-05 -4.6024612e-05  3.9016482e-05
    63 :  4.4128429e-02  4.6607296e-02  3.9320802e-02
    64 : -2.4921247e-05  8.7484881e-05 -8.5669980e-05
    65 : -6.9080774e-08  7.8092615e-06 -3.0212322e-06
    66 : -2.8391650e-07  1.2489989e-06 -4.9851760e-07
    67 : -6.3132229e-18  6.9751270e-18  1.2956524e-17
    68 :  1.9533761e-18 -5.0050348e-18  7.1745130e-19
    69 : -7.3198197e-18  8.4330985e-18  1.1598674e-17
    70 :  1.7879768e-09  3.6966367e-09 -5.7968843e-09
    71 :  1.1705610e-01  2.1818006e-02  4.6745377e-02
    72 : -9.7245271e-21  2.3436190e-20 -6.7554465e-21
    73 :  6.9241676e-02  1.4251061e-03  4.1239779e-04
    74 :  2.1357519e-13  6.4587958e-13 -3.6938716e-13
    75 :  3.9015460e-14 -3.6788456e-14  1.8439700e-15
    76 :  4.8492006e-22  2.2134009e-19 -7.2832236e-20
    77 : -6.8926602e-15 -3.1750060e-14  1.1992375e-14
    78 : -5.2954031e-17  2.4700603e-16 -4.3627299e-17
    79 : -1.9460246e-11  8.7067712e-12 -1.8886504e-11
    80 : -3.5244962e-27 -2.0047319e-26  1.0043944e-26
    81 : -1.9146310e-16  8.8633085e-16 -3.1974278e-16
    82 :  1.6772664e-01 -2.5529832e-01  6.5328764e-01
    83 :  3.7783504e-23 -4.8153512e-23 -5.7577185e-23
    84 :  1.0234890e-21 -3.2884278e-21  1.0236365e-21
    85 : -1.0438601e-01 -5.8052090e-02 -2.1033346e-01
    86 : -7.3344282e-13  1.1961644e-13  6.5318185e-13
    87 : -1.2486957e-11  8.8218637e-12  1.8615302e-11
    88 :  1.2913716e-06  1.1985526e-06 -1.3844638e-06
    89 : -1.0378471e-02  3.0501040e-02  3.8774394e-02
    90 : -6.7230077e-20 -1.5159698e-19  1.0133498e-19
    91 :  3.3543768e-02 -1.8449673e-03  1.4170710e-02
    92 :  1.0242314e-09  1.2898873e-08 -9.3199454e-09
    93 :  2.0095644e-25 -2.0441808e-26 -1.0810459e-25
    94 : -8.5709369e-11  4.2926422e-11 -4.4367564e-13
    95 :  4.6200898e-18 -1.8405659e-18 -3.5104278e-19
    96 : -1.8372277e-07  3.4967772e-07 -6.1251362e-07
    97 :  2.9501776e-08  1.6807972e-08 -8.2438307e-08
    98 : -2.2234433e-03  1.1553729e-02 -5.9087537e-02
    99 :  1.3026822e-16  1.4030342e-16 -9.1483846e-17
   100 :  2.6024710e-17  1.1405437e-17 -4.9788805e-17
   101 :  2.7549072e-06  2.7520871e-07 -1.3709813e-06
   102 : -6.3808772e-04 -1.2902988e-03  4.5264519e-04
   103 :  4.9491111e-24 -4.6817343e-24 -2.8804721e-24
   104 :  1.0974259e-09  3.0925385e-10 -3.8242130e-10
   105 :  7.6472922e-04  1.5328921e-05 -4.7420757e-05
   106 :  6.5621491e-06  1.4035260e-06 -5.6875439e-06
   107 : -1.8373670e-06 -2.0005742e-05  1.3610735e-05
   108 : -8.3364512e-05 -4.9755670e-05  3.3173178e-04
   109 : -1.9946655e-04 -8.7352981e-05 -4.8671429e-03
   110 :  6.5292028e-02  2.4167399e-03  4.9427413e-02
   111 : -7.3394490e-05  1.5185876e-05  2.1956043e-05
   112 : -2.5136452e-15 -2.7372205e-15  7.2393580e-15
   113 : -1.0545243e-01 -2.1778570e-02 -5.1942315e-02
   114 :  6.7286389e-08 -3.6121310e-08 -4.2457565e-08
   115 : -3.5209508e-03 -3.4590785e-03 -2.6209964e-03
   116 : -2.9100904e-02 -1.2552470e-01  1.4868519e-01
   117 :  3.4255657e-02  1.8331414e-02 -2.3301306e-03
   118 :  2.5303159e-01  1.3822025e-01  8.4635306e-02
   119 : -2.0309538e-18 -8.3314617e-19  4.1470634e-18
   120 :  9.9181812e-10  5.3388114e-09 -8.9721795e-09
   121 :  6.7759479e-16 -7.9873667e-14  3.1397422e-14
   122 :  5.3718014e-04  4.3629481e-03 -5.0346394e-03
   123 :  2.8449162e-23 -2.7825966e-23 -2.1826537e-23
   124 :  2.3300054e-17 -6.9261721e-17  1.7333200e-17
   125 : -5.7521335e-27  1.5800533e-26 -4.4372977e-27
   126 : -2.3808410e-13 -1.9146210e-12  1.5411843e-12
   127 :  1.7036431e-14  7.7347341e-14 -1.6860575e-13
   128 :  1.4752249e-04 -4.6365030e-03  1.7453379e-03
   129 : -3.5781394e-11 -2.1848222e-11  1.9006799e-10
   130 : -1.0095698e-02 -3.5138066e-02 -6.1358106e-02
   131 :  2.4699554e-02 -9.5409991e-03  2.2350370e-03
   132 : -5.8269807e-03  1.5404413e-02 -3.8952579e-03
   133 :  3.1696651e-02 -3.1801822e-02  4.0174418e-02
   134 : -4.9868965e-03  1.3937746e-03 -5.4043324e-04
   135 : -2.3723798e-04  1.2427458e-04  4.9677662e-04
   136 :  1.1780925e-05 -1.4481030e-05  1.4856964e-06
   137 : -2.0903600e-04  7.1389851e-04  5.4451640e-04
   138 : -1.9267024e-05  1.3454196e-04 -3.6630301e-05
   139 : -3.2399030e-05  1.3289957e-05  1.9708416e-06
   140 : -5.1821744e-16  4.4811601e-15 -1.1796157e-15
   141 : -4.8733184e-15 -4.5222833e-15  1.3494471e-14
   142 : -6.7223871e-05 -2.8205982e-05 -4.7550575e-05
   143 : -5.7482132e-19  2.8601876e-18 -1.8477429e-18
   144 :  1.1246002e-05  9.7494335e-06 -5.4043541e-06
   145 :  1.8732020e-07 -8.1973192e-07  3.2968207e-07
   146 :  1.1301747e-09 -9.9798146e-10 -2.1384786e-09
   147 :  9.2092573e-19 -1.4595235e-19 -2.7759830e-19
   148 : -1.6267897e-10  5.7632685e-10 -3.4331883e-10
   149 : -1.6919571e-02 -7.4918482e-02 -4.9054875e-02
   150 :  6.4790831e-07 -1.1394193e-06 -7.0299205e-07
   151 :  2.3063147e-14  3.9984447e-14 -1.7478151e-13
   152 : -6.2113522e-11 -1.1000013e-11  2.0254586e-11
   153 :  1.4980962e-01  5.4504328e-02  1.0777612e-01
   154 :  5.9102087e-26 -4.2672471e-26 -8.9961110e-26
   155 : -2.1340876e-19  4.6217446e-19 -8.1003253e-19
   156 :  2.3447112e-20 -6.7987851e-20  2.0687254e-20
   157 : -9.1947992e-09  7.7652132e-09  2.1267445e-08
   158 :  9.6315862e-05 -1.8432169e-04  1.5899039e-04
   159 : -1.1200460e-06 -2.5715270e-06  1.7223658e-06
   160 :  1.3851121e-24 -7.1791751e-25 -3.4075172e-25
   161 :  8.8432553e-24  6.5539034e-24 -1.9159192e-23
   162 : -9.7759874e-02 -4.5197509e-02 -7.3577977e-02
   163 : -3.0758389e-03  3.6704078e-04 -4.0242575e-03
   164 :  3.5341343e-13 -1.4598001e-13 -4.6493992e-13
   165 : -8.5338589e-06  3.6045502e-05 -1.7435098e-05
   166 :  1.8190900e-19 -9.8859934e-20 -3.7567198e-19
   167 :  2.9566048e-05 -5.2988382e-05  3.0504415e-05
   168 : -1.3467182e-02  2.8921539e-02 -9.9510163e-03
   169 :  1.6915196e-01  9.3217183e-02  2.6883203e-02
   170 : -1.5916795e-18 -6.8546790e-19  4.0926915e-18
   171 :  2.6066870e-18  7.6052314e-18 -1.8094000e-17
   172 : -7.6417080e-03  8.7057878e-03  6.4499807e-04
   173 :  3.8811728e-04  7.2205198e-04 -2.5457252e-03
   174 :  3.6456093e-05 -8.2611165e-05 -6.1385660e-05
   175 : -1.1149184e-09  7.1249607e-10 -8.5455276e-12
   176 :  1.5214071e-16 -2.2779516e-16 -2.2347873e-16
   177 :  8.1413477e-06 -1.0571999e-05 -2.9454673e-05
   178 :  9.5667431e-02  9.3419194e-02  3.6283310e-02
   179 : -3.6015291e-05 -1.0488082e-04  1.1116901e-04
   180 : -8.0766243e-20  2.0192220e-20  1.9126088e-19
   181 : -6.9832615e-03 -7.6025938e-04  1.8022445e-02
   182 :  2.0721752e-11 -2.0418467e-11  2.8776930e-11
   183 :  5.5424023e-02  2.2115158e-02  4.3720971e-02
   184 : -5.4839550e-25 -1.5246429e-24  2.6260155e-25
   185 :  8.4038455e-13  1.0002079e-13 -3.7344750e-13
   186 : -4.6329702e-09 -2.2941411e-08  6.9632457e-08
   187 : -9.5355672e-05  2.1288626e-04 -8.9368745e-06
   188 :  9.8153038e-02 -1.2386423e-01  6.2792781e-01
   189 :  1.5444503e-03 -1.6823278e-03 -2.6419051e-03
   190 :  2.4615254e-06  6.0774965e-07  2.5961681e-06
   191 :  9.8232530e-23 -9.1591538e-23 -1.1007777e-22
   192 :  5.0832207e-02  5.2036843e-02  5.1324064e-02
   193 : -4.9906393e-02 -4.7324871e-02 -1.0825117e-01
   194 : -3.6394137e-02  1.8338450e-02 -2.4495766e-01
   195 :  6.4829850e-09  3.2265836e-09 -4.1367119e-09
   196 :  1.7202027e-19 -9.9576056e-20 -3.5300599e-19
   197 :  8.5584076e-20 -1.4493678e-19 -5.2749303e-20
   198 :  5.4717700e-07 -1.6939573e-07 -1.2577749e-07
   199 : -1.3770233e-01 -8.4056526e-02 -5.6661814e-02
   200 : -6.6373621e-18  1.5989810e-17 -5.0520993e-18
   201 :  2.6785143e-02 -1.7073721e-02  6.7237882e-02
   202 : -4.7347306e-10  3.1165416e-09  2.5945608e-08
   203 :  4.5148439e-21  4.1500641e-21 -3.5749746e-21
   204 :  2.0008007e-09 -8.9006800e-11  3.0932175e-09
   205 :  9.1092239e-03  1.4548439e-02 -1.5169061e-03
   206 : -1.1761839e-20  3.9902364e-21  1.6873578e-21
   207 : -5.2788835e-19  2.9108502e-19 -2.4520097e-19
   208 :  4.1676528e-14 -7.2717254e-14 -2.2783897e-15
   209 :  2.4001410e-02  8.5121220e-02  1.0000440e-01
   210 : -1.4665903e-08  2.1546269e-08  1.1904152e-08
   211 :  4.6715520e-21  3.0092225e-22 -4.8689111e-21
   212 : -6.9294409e-05  6.7206347e-04 -1.6175095e-04
   213 : -8.5397110e-19 -1.2536245e-18  3.0874264e-18
   214 : -1.6444756e-02 -3.5582777e-03 -7.6843985e-02
   215 : -4.7185955e-02  8.4025070e-02  3.1432090e-02
   216 : -2.4379730e-04  2.6943273e-04  2.9965854e-04
   217 :  5.9339818e-26 -1.4167557e-25  7.3713040e-27
   218 :  9.1492701e-16 -7.3339399e-15  7.3778127e-15
   219 : -1.8380276e-03 -5.2937128e-03 -1.3782233e-03
   220 : -1.1981538e-13 -1.3187573e-12  3.8151321e-12
   221 :  1.1945115e-16 -8.3816700e-17 -2.4430601e-16
   222 : -2.3362841e-02 -1.9807436e-03 -4.1578297e-02
   223 :  1.6427938e-02 -9.2644766e-03  2.0769364e-02
   224 :  1.9814629e-07 -1.3372882e-06  1.0891564e-06
   225 :  4.9686273e-13  3.5713727e-12 -3.6098856e-12
   226 : -8.6802140e-17  2.2138519e-17  1.4777971e-17
   227 :  5.6785281e-09 -7.4926684e-10 -7.3581246e-10
   228 : -7.4633033e-07  2.8792396e-07 -1.0231982e-07
   229 : -9.5382431e-12 -5.5423501e-11  1.8376689e-11
   230 : -9.7019658e-18 -8.8563345e-18  5.9856324e-18
   231 :  3.2532308e-18 -1.0673988e-17  2.3367235e-18
   232 : -2.0473543e-25 -1.5540857e-25  1.5863988e-25
   233 :  1.1747624e-16 -2.9751427e-16  1.0500573e-17
   234 : -5.2345284e-02 -1.5572394e-02 -5.3696910e-02
   235 :  1.4052864e-01  1.2786209e-01  3.5154602e-02
   236 : -1.8282117e-15  5.3101454e-15  8.1594501e-16
   237 :  2.2043272e-14 -1.5182024e-14  1.2481979e-13
   238 : -1.4033097e-22 -1.3864727e-23  7.0810312e-23
   239 :  1.4193293e-16 -3.0869726e-17 -5.6369379e-17
   240 :  2.9562631e-20 -3.6576489e-20 -3.8768991e-20
   241 : -5.4968615e-03 -6.1413574e-03 -5.2624725e-04
   242 : -3.6423192e-03  1.1779232e-04  9.4619998e-04
   243 :  3.3137100e-05  1.3686435e-02 -9.0346898e-03
   244 :  3.4908874e-02  5.5156918e-02  5.3739311e-03
   245 : -1.0276806e-15 -8.6716725e-17  1.9643536e-15
   246 : -9.3903455e-04 -4.1202003e-04  1.2061922e-04
   247 : -1.4939520e-02  4.1819808e-02 -8.4991855e-03
   248 : -3.7440192e-25  8.5700101e-25 -1.9127941e-25
   249 : -2.7405464e-13 -3.9729052e-12  7.0856426e-12
   250 : -1.9453680e-03  7.3134354e-04  5.2043922e-04
   251 : -8.1924801e-07  1.4600733e-06  4.9138990e-07
   252 : -6.6362096e-17  2.0291443e-17  2.1118546e-17
   253 :  6.0909081e-21 -5.8582287e-21  7.8444051e-21
   254 : -3.3415480e-02 -3.5931782e-03 -1.0877918e-02
   255 : -2.6742574e-09  4.8625541e-09 -2.3842169e-09
   256 :  6.9562885e-04  6.5377113e-04 -3.3076113e-05
   257 :  2.1133253e-02  5.0122675e-02 -8.2379098e-04
   258 : -3.9739333e-09 -4.2158472e-09  8.2624628e-09
   259 : -3.2232619e-14  4.6787323e-14 -1.0310596e-13
   260 :  1.2498365e-03 -4.7519833e-05 -2.2619798e-03
   261 :  3.8767468e-08  5.3870708e-08 -2.3548665e-07
   262 : -1.3481997e-15  3.5536524e-15 -1.9792483e-15
   263 : -6.4531748e-18  8.2182976e-18  1.2894943e-17
   264 :  1.9456434e-08  3.0117397e-09  1.5437122e-08
   265 : -3.7039979e-03  1.3061472e-03 -4.9094745e-03
   266 : -3.0995826e-11 -1.8927570e-11  1.1457281e-11
   267 :  2.1729269e-10 -5.9052836e-10  1.6884801e-10
   268 : -1.1905503e-19 -3.0094069e-19  7.3643842e-19
   269 : -7.5607675e-03  3.2169463e-02 -1.7213866e-03
   270 :  4.2738654e-10  2.3635173e-11 -1.2076072e-09
   271 : -5.8076382e-03 -1.7901464e-03 -3.7494637e-03
   272 : -2.1962219e-10 -7.2874323e-12  1.4515110e-10
   273 :  3.9860934e-18  5.3035650e-19 -8.1871641e-18
   274 :  2.5221210e-04  9.2891964e-05 -3.1621687e-03
   275 :  1.1279535e-15 -4.3661727e-15 -2.3010633e-15
   276 :  7.6237673e-03  2.0213867e-02  1.8074217e-03
   277 :  1.8753089e-16 -1.5326161e-16 -3.5989936e-16
   278 :  1.5319735e-04  2.7319766e-04 -5.7648750e-04
   279 : -1.8833231e-08 -4.8095970e-08  1.8649206e-08
   280 : -1.7372293e-01 -1.8372846e-02 -5.9450742e-02
   281 :  7.5836993e-08 -4.6689171e-08 -1.3831587e-08
   282 :  4.3873503e-11 -2.5448805e-11  2.3465478e-12
   283 : -3.5068883e-14  4.6795676e-14  3.0055554e-14
   284 :  7.2645831e-16 -3.6619272e-16 -1.1206453e-15
   285 : -9.2501127e-02 -8.6090794e-02 -7.5016248e-02
   286 :  1.5588286e-04  4.7104265e-04  6.8025780e-04
   287 : -5.2695746e-05 -8.5970120e-05  1.2769156e-05
   288 :  3.3113076e-02  1.1357154e-02  4.4734740e-02
   289 :  3.0465657e-06 -1.6014401e-06  1.1410537e-05
   290 : -9.0942103e-02 -8.2834220e-02 -9.4822811e-02
   291 : -5.5160145e-09 -6.7580018e-08  2.2537277e-08
   292 :  9.2886014e-03  2.6267152e-03 -2.9078755e-02
   293 : -5.9228333e-14  5.1868777e-14  7.6683270e-14
   294 : -7.7529869e-05  2.1766254e-05  5.7489969e-04
   295 :  8.5623817e-22 -9.8107688e-21  4.5750774e-21
   296 :  2.4136434e-02  3.2592851e-02  5.5592553e-02
   297 : -1.3797163e-06  4.6786205e-06 -5.4957985e-07
   298 : -6.7985251e-08 -9.9429695e-07  5.2933608e-07
   299 : -6.0957357e-23 -4.7477577e-23  1.5682286e-22
   300 :  2.3538645e-02  1.5640693e-03 -6.7845914e-03
   301 : -2.3319038e-07 -2.2533655e-07  1.1764917e-07
   302 :  3.1658851e-04 -1.3272686e-03  2.4112584e-04
   303 :  7.1979057e-05  9.3953598e-05 -7.4864140e-05
   304 : -1.1645832e-04 -9.6112270e-05  2.6725779e-04
   305 :  1.0328733e-08 -4.6096599e-09 -2.2163735e-09
   306 :  5.2000797e-03  2.3858865e-03  4.8178188e-02
   307 : -3.8351426e-05 -6.1891032e-05  2.6842277e-04
   308 : -8.4496956e-08 -2.6152953e-08  2.1420074e-07
   309 : -2.4267468e-22  5.9149279e-21 -2.7008130e-21
   310 : -3.5526057e-06 -1.0451640e-05  2.2900027e-05
   311 : -1.2768937e-04  5.5932425e-04  4.6894162e-04
   312 :  1.9733422e-21  4.8391234e-20 -2.7185196e-19
   313 : -1.4307088e-13  4.6891198e-13 -1.3597163e-13
   314 : -3.4029888e-23 -2.1117082e-22  5.3967097e-22
   315 :  2.4703624e-17  1.9029668e-16 -1.5402327e-16
   316 : -5.3588566e-03  2.4147302e-02  4.3180123e-02
   317 : -9.0610797e-24 -2.4487896e-22  2.1309899e-22
   318 :  4.2739340e-03  7.3703257e-03  1.8301567e-03
   319 : -3.7746683e-03  5.9050652e-04 -4.4633869e-03
   320 :  1.2546934e-01  5.9079287e-02  4.7364885e-02
   321 :  4.5216261e-02  2.1769599e-02 -7.2651306e-03
   322 : -1.3734264e-22  3.4202475e-22 -4.6596075e-23
   323 :  1.0022424e-23 -6.0182253e-25 -1.6929853e-24
   324 :  1.5784660e-15 -2.4591672e-15  6.6248739e-16
   325 :  4.8355929e-14  9.4532349e-14 -6.8795338e-14
   326 :  9.8976858e-03 -7.7543967e-02 -1.5635262e-02
   327 :  1.1633132e-01 -2.8541644e-01  5.6598055e-01
   328 : -5.6903960e-03 -3.2410745e-04  3.3755870e-04
   329 : -3.3238917e-17  5.2049857e-15 -2.4385858e-15
   330 :  3.4441230e-25  7.6674157e-24 -9.0210922e-24
   331 :  3.7153542e-11 -5.4959878e-10 -1.7949915e-09
   332 :  2.4175666e-04  1.2300413e-04 -1.1974996e-04
   333 : -1.5737962e-15  1.0032876e-14 -5.3175058e-15
   334 : -1.2445249e-02  4.1901425e-02  1.9261397e-02
   335 :  1.1337535e-04 -1.8875907e-04  2.2405662e-04
   336 :  9.3707713e-04 -3.5887190e-04 -1.3331718e-03
   337 :  1.4453103e-20 -8.2166994e-20  5.7435134e-20
   338 : -4.0461199e-03 -8.8150573e-04  1.6580186e-03
   339 : -2.2774135e-15  4.0668631e-15  3.7103563e-15
   340 :  1.2359741e-04  4.6339500e-03  2.2992632e-03
   341 :  1.8937947e-21  9.2412008e-21 -4.9286762e-21
   342 :  1.0366210e-16 -9.1963736e-17 -1.7795445e-16
   343 : -1.8430865e-07  1.6574286e-07  3.7787719e-09
   344 :  8.3889574e-03  1.0545521e-02  4.1914203e-03
   345 : -9.9060883e-02 -4.0778125e-02 -2.5905151e-02
   346 : -1.2391145e-17 -1.1696763e-17 -6.6292056e-17
   347 : -2.4471796e-03 -2.8524392e-03 -3.6523440e-03
   348 : -5.8586281e-09  1.8137991e-07 -8.8868180e-08
   349 :  2.7572041e-08 -1.5152452e-08  6.9210836e-09
   350 :  1.7911204e-02 -6.8347270e-03  1.2546848e-02
   351 :  4.3237047e-13  5.2925515e-13 -4.5498078e-13
   352 :  2.3019303e-02 -8.3766716e-03 -6.1176082e-03
   353 : -1.3365790e-04  4.4038377e-04 -1.2989373e-04
   354 :  4.4750074e-02  5.1265958e-03  3.0207539e-02
   355 : -3.8907916e-02 -4.7383137e-02 -7.2565580e-02
   356 :  3.4572714e-20  4.4480705e-20 -1.2254777e-19
   357 :  1.0935678e-01  4.4562794e-02  4.4097342e-02
   358 : -4.5731412e-09  5.1475028e-09  6.0071872e-09
   359 : -5.2504434e-27  1.3880502e-26 -5.6626156e-27
   360 :  9.3088104e-03 -6.9689796e-03  3.9101873e-04
   361 :  3.9126987e-12 -4.7165917e-13  1.1935474e-12
   362 : -5.0630854e-08  3.1070324e-08 -5.8622123e-08
   363 :  2.4423504e-10  1.4183698e-11 -1.6367407e-10
   364 :  8.7977355e-12 -6.8159626e-11  6.0255449e-12
   365 :  4.0269783e-07 -5.0514336e-08 -7.5559158e-08
   366 :  1.4111582e-19 -1.1253989e-18  7.2530395e-19
   367 : -8.4517286e-09 -8.0722052e-07  3.1666001e-06
   368 : -2.0264011e-03  4.5046994e-03 -5.5948437e-04
   369 : -2.3213093e-08  8.1912700e-09  1.0811393e-07
   370 :  1.2625829e-09 -2.5336682e-09 -2.3108937e-10
   371 : -7.2289018e-20 -7.6676672e-20  2.0423732e-19
   372 :  2.5446808e-07 -4.4454001e-07 -4.4005814e-08
   373 : -1.1282955e-04 -7.0582375e-05  3.2741117e-04
   374 : -6.4917172e-02 -2.3241402e-02 -1.1217271e-02
   375 : -6.9188864e-14 -2.6247800e-13  8.6671220e-14
   376 : -7.9168287e-21 -2.0050834e-20  3.8304300e-20
   377 : -8.8523853e-07 -2.0498388e-07 -1.8262506e-07
   378 : -9.9216961e-10  5.6227198e-09 -2.7636562e-09
   379 :  1.3441383e-24 -4.6439706e-24  1.9303472e-24
   380 : -2.9393336e-02  4.0327396e-05  4.0407487e-02
   381 : -1.7754849e-09 -4.1198804e-10  6.7647644e-10
   382 : -2.2762959e-13  1.0933855e-12 -5.1303891e-13
   383 :  5.9716371e-02  6.6846154e-02  2.7932134e-02
   384 :  2.0953035e-13  2.5760540e-12 -1.1978190e-12
   385 : -2.1796849e-04  5.8117969e-04  2.1718992e-04
   386 : -5.1624994e-03  4.3428008e-02  2.1779707e-02
   387 :  1.9093514e-14 -1.0496820e-14 -3.1413737e-14
   388 : -2.4909052e-03 -2.6221139e-02 -3.1149184e-02
   389 : -3.8662476e-11  3.5743595e-11  4.2215025e-11
   390 : -4.0354897e-04 -2.7233287e-04 -1.9821910e-03
   391 : -1.9700677e-09  1.6617745e-09 -1.9957442e-10
   392 :  6.0926667e-02  1.0775023e-03  1.4375233e-02
   393 :  2.6260189e-02  4.5175698e-02  4.2625142e-02
   394 :  2.5744578e-12 -4.3963106e-12 -4.4372631e-12
   395 :  6.8195446e-07 -7.0169339e-07  8.0261884e-07
   396 : -4.8031734e-24  1.3131823e-23 -2.5943497e-23
   397 :  2.0248277e-02  5.3277851e-02  1.5717883e-02
   398 : -6.2854965e-05 -1.2231056e-04  3.9506644e-05
   399 :  1.0729791e-01 -1.7857618e-02  6.2396528e-02
   400 : -1.2259296e-05  2.1954489e-05 -4.6398782e-05
   401 :  1.4329279e-05  2.8772511e-04  2.8317332e-04
   402 : -6.4311399e-11  1.3953058e-11  6.1235196e-12
   403 : -1.0794471e-10  2.9606494e-10  9.2567014e-11
   404 :  1.3844559e-19 -1.2658203e-19 -3.0565780e-19
   405 :  3.3922392e-06  5.4116624e-07 -1.4568204e-06
   406 :  6.8384929e-03 -5.0214637e-03 -5.5644916e-03
   407 :  4.3870761e-02  1.4886154e-02  3.3411378e-02
   408 :  6.8504278e-03  3.7374028e-02  3.8265989e-02
   409 : -1.3584670e-05  1.5407272e-05  6.4106778e-07
   410 :  8.3137391e-03  3.8386125e-02  2.6110018e-02
   411 :  3.9229959e-06 -1.4009186e-05  7.9797893e-06
   412 :  1.2996537e-04  6.3832856e-05 -1.9143943e-04
   413 :  5.6618832e-22  4.4915631e-21 -6.8368951e-21
   414 : -4.7482670e-02 -4.6612653e-02 -8.0092419e-02
   415 :  2.9052535e-05 -2.1018568e-05 -5.5356507e-05
   416 : -2.1162891e-15 -1.9969499e-15  7.5546501e-15
   417 :  1.8810041e-02 -7.1235889e-03  2.5801419e-02
   418 :  1.7209772e-02  1.8966123e-03 -9.2726986e-03
   419 : -1.8240371e-19  4.4153349e-19 -4.6990343e-20
   420 :  6.5074609e-18 -2.1982512e-17  8.2882296e-18
   421 :  9.3740360e-16 -6.2687844e-15  4.0352967e-15
   422 :  1.7241955e-08  2.4089485e-08  4.1947841e-08
   423 :  7.9536870e-06 -4.1011095e-05  1.4490214e-05
   424 : -1.1770234e-11  5.5623779e-12  1.4903712e-12
   425 : -6.0791186e-15 -1.2803764e-16 -5.5350271e-16
   426 : -2.5030335e-10 -2.7915798e-10  1.4905125e-10
   427 :  2.0194456e-10  2.2529442e-10 -7.3813901e-10
   428 :  8.1629024e-12 -2.2516173e-11 -1.1712322e-11
   429 : -5.0803879e-05 -4.1155634e-05 -4.1091610e-05
   430 : -1.2426556e-03  4.9107953e-04 -2.6879643e-03
   431 : -3.1448348e-06  5.3860585e-06  1.4793126e-06
   432 :  6.8629986e-08  7.5123939e-08 -5.7340274e-08
   433 :  3.5732131e-21 -1.1570611e-21 -6.1947501e-21
   434 : -2.0856482e-02  2.1902947e-02 -5.7143776e-03
   435 : -9.1150935e-06  7.4592171e-06 -1.2276646e-05
   436 : -1.7521879e-13 -1.6022814e-13  7.5243201e-13
   437 :  3.0662595e-02 -1.8407630e-02  1.8078500e-02
   438 : -5.9058839e-03  3.6176045e-04 -4.5240203e-03
   439 :  3.5390147e-02  3.2556067e-03  4.4657342e-02
   440 : -4.0696934e-16  1.5962780e-15 -5.2870615e-16
   441 : -7.8467213e-22 -6.0481920e-22  1.8527479e-21
   442 :  3.8423390e-02  1.7378479e-02  4.4893320e-02
   443 :  3.3233461e-07 -7.5654057e-07 -1.3262541e-07
   444 :  1.9938014e-02  1.4035193e-02 -4.2838569e-03
   445 :  2.3040603e-08 -4.2603835e-09 -1.1901438e-09
   446 : -4.5329889e-02 -3.8300500e-02 -3.2147294e-02
   447 : -2.4592855e-09  2.2404178e-09 -4.0151595e-09
   448 : -5.5421028e-05  2.7463428e-04 -2.6745896e-05
   449 : -4.4228702e-22 -1.2637497e-20  1.3432995e-20
   450 : -3.1066083e-22  5.5921957e-22  1.1019152e-22
   451 : -8.9957221e-02 -4.5470620e-02 -3.6037909e-02
   452 : -3.4502075e-02 -2.3394536e-02 -5.3688402e-02
   453 : -2.5576951e-02 -2.2904593e-02 -5.2048838e-03
   454 :  2.2443310e-02 -2.2647015e-02  4.5989700e-02
   455 :  1.1363730e-10 -2.2514670e-11  9.1223331e-13
   456 : -6.3166950e-05  5.3042342e-06 -5.0048004e-05
   457 :  1.6560077e-22  9.5714658e-22 -1.2253932e-21
   458 :  1.0809899e-10  1.8979015e-09 -1.7158292e-09
   459 :  3.2510440e-05  1.0055612e-05 -8.8599741e-05
   460 : -9.7714966e-05  3.6703957e-04  1.2914879e-04
   461 :  2.0093123e-09 -1.9750879e-09 -3.5540877e-09
   462 :  5.0166792e-08 -4.7027943e-08 -3.6042759e-07
   463 : -1.0083706e-15 -7.1515109e-16  3.4609703e-15
   464 : -7.1084844e-03  2.9852697e-03 -2.8889321e-03
   465 : -1.2347462e-05  5.8741744e-06 -1.1309477e-05
   466 :  4.6888338e-02  3.8061212e-02  9.3379226e-05
   467 : -2.3579705e-16  6.2274118e-17  2.3331261e-16
   468 :  1.3557304e-14 -1.0142802e-13  2.0546448e-14
   469 : -1.7797515e-24 -1.6527388e-23 -1.4020822e-24
   470 : -1.5660120e-22  2.9248648e-22  3.0533340e-23
   471 :  1.9784230e-13 -3.9503581e-13  3.9497382e-13
   472 : -2.8548461e-15  4.1800754e-15  4.8666092e-15
   473 :  4.0277536e-04 -4.1075983e-04 -1.0340046e-03
   474 : -4.5048536e-18  3.4633455e-18  7.8007234e-18
   475 :  9.3185486e-13 -6.0656342e-12  1.1852087e-11
   476 :  3.5353768e-12  5.8220631e-12 -1.8481256e-12
   477 :  1.8580413e-24 -1.7921183e-24  6.8897314e-24
   478 : -9.8258562e-05  5.6341276e-05  5.3519503e-05
   479 : -8.7927597e-25  2.1941941e-24 -4.0613731e-25
   480 : -2.9842698e-03 -4.0882391e-03 -3.5651501e-02
   481 :  1.4933393e-11  1.0879178e-10 -3.0996939e-10
   482 : -1.4681428e-17  7.4621660e-17 -2.7165552e-17
   483 :  3.5374840e-02  3.0077699e-03  9.2878868e-03
   484 : -6.7790424e-05  1.7529157e-05  1.3185308e-05
   485 :  1.1504884e-05 -2.3108535e-05 -3.0326921e-05
   486 : -3.9803197e-02 -3.5790363e-05 -1.3650743e-02
   487 :  7.1797160e-05 -8.2749887e-05  8.3419410e-05
   488 : -1.6075917e-03  4.1800370e-03  1.3628329e-02
   489 : -1.1584858e-18 -6.4206277e-19  3.1423180e-18
   490 : -2.3035661e-16 -1.4834082e-17  1.0588914e-16
   491 : -4.2165115e-17 -1.0989524e-16  7.1165907e-17
   492 : -1.9417083e-04  3.6173827e-04  3.6682130e-04
   493 :  3.8966458e-03  9.0180100e-03  7.2835386e-03
   494 :  4.6345207e-02  2.5530626e-02  3.1762226e-02
   495 : -7.0358929e-08 -6.4125657e-07 -2.6511431e-07
   496 :  2.4773333e-14  6.6445938e-14 -1.2639780e-13
   497 :  3.6924560e-21  1.0634258e-20 -5.9170051e-21
   498 : -1.7308852e-19  1.7825161e-19 -3.0334665e-19
   499 :  8.7336439e-03 -3.0208010e-02 -9.5951161e-03
   500 : -1.9318016e-22  1.2264980e-22  2.5437061e-22
   501 :  2.0983195e-25 -1.0786568e-23  1.2382884e-23
   502 : -3.6041361e-04 -7.0940938e-03 -1.5327498e-04
   503 : -4.4123701e-04  3.1884859e-03 -6.0255648e-04
   504 :  1.2216266e-05 -3.3771395e-05  1.1062533e-05
   505 : -1.7570434e-02 -6.8451992e-04  1.9430845e-02
   506 : -4.6446118e-16  1.3603592e-15 -1.7516990e-16
   507 : -9.1285508e-15 -8.7813092e-15  4.1744519e-14
   508 :  1.0629379e-14 -5.4056340e-14  1.5350162e-14
   509 : -3.0676279e-04  2.5313011e-04  3.3212175e-04
   510 : -5.0966196e-14  9.2982319e-14 -1.5842898e-13
   511 :  1.7763827e-09 -9.7419229e-10 -3.9433584e-09
   512 : -2.4102601e-11 -8.5978353e-11  1.2285750e-10
   513 : -1.4809895e-06 -2.1821644e-06  4.6674299e-06
   514 :  8.4897779e-07  5.6333281e-06  7.5219183e-06
   515 :  3.1313843e-02 -1.0049036e-03  6.1205035e-02
   516 : -2.1546195e-14 -5.8486296e-14  3.7144411e-14
   517 :  2.8470808e-02  1.6746502e-02  1.4652172e-02
   518 :  5.5466137e-06  1.9455669e-06 -8.2258050e-06
   519 : -4.9488434e-09 -3.0274645e-09  1.3395304e-08
   520 : -2.0199110e-07 -5.4937290e-08 -9.2231142e-08
   521 :  1.1303926e-02 -7.2111105e-03 -4.8706191e-03
   522 :  3.0386637e-02 -3.0695339e-03  2.6339906e-02
   523 : -2.6791296e-02  3.6441058e-03  7.9229366e-02
   524 :  1.4147348e-06  5.0565972e-06 -1.4974367e-06
   525 :  2.6339448e-06 -3.9216759e-07  1.0857643e-05
   526 :  1.5750338e-10  2.6140401e-11 -1.6890933e-10
   527 :  2.5404314e-19  1.3309157e-18 -2.7626807e-18
   528 : -1.1928857e-01 -6.7692418e-02 -5.8040008e-02
   529 :  1.2075677e-04  4.4775219e-04  4.5742521e-04
   530 :  4.5654258e-02 -8.4960574e-03  2.5747300e-02
   531 : -8.4290272e-04 -3.0931795e-03  9.0045923e-04
   532 :  6.1646233e-10 -1.7628674e-09 -1.9094840e-10
   533 :  9.5104846e-26 -3.0641437e-26 -2.4396707e-26
   534 : -1.8794817e-26 -7.0039329e-26  1.6676702e-25
   535 :  2.3535598e-17 -6.6066108e-17  2.4918582e-17
   536 :  4.6528483e-02  2.0344748e-04  1.2465856e-02
   537 : -7.0153496e-04 -7.5778055e-04 -5.9254976e-04
   538 : -1.3042926e-04  2.2812600e-06 -4.4740815e-05
   539 : -4.6425146e-18  1.7825199e-17 -7.2722656e-18
   540 : -2.5134146e-16  2.2657881e-15 -9.8963942e-16
   541 :  5.0530644e-15  1.7869403e-14 -2.6386494e-14
   542 : -3.9500985e-07 -6.7453182e-07  4.4888348e-08
   543 : -2.7259800e-19 -4.9657307e-19  3.0859376e-19
   544 : -9.4397055e-07  1.2637724e-06  1.3808515e-07
   545 : -9.5581711e-13  4.8358716e-13  2.0597080e-12
   546 : -3.0450199e-02 -1.5603694e-02  4.6891393e-03
   547 :  4.8230855e-17 -1.1581738e-16  1.9949370e-17
   548 :  1.2944972e-04  2.5550863e-03  4.7704905e-02
   549 :  3.3509985e-14  4.0841542e-14 -1.6504234e-13
   550 :  3.6755805e-04  2.0766867e-04  4.5595360e-05
   551 :  5.4603631e-02  4.6812409e-02  9.7254140e-03
   552 :  7.5180257e-04 -3.4548234e-03  9.7793030e-04
   553 : -3.3330419e-03  1.0852603e-03  1.0961281e-03
   554 : -1.5958696e-13  7.4472037e-13 -2.1614131e-13
   555 : -1.9737827e-08 -2.7328787e-07 -2.3954758e-07
   556 : -2.3072836e-14 -2.3078344e-14  2.0579744e-14
   557 :  5.0358331e-02  2.3159502e-02  6.2378705e-02
   558 : -1.6418382e-04  4.5913580e-04  7.0724118e-04
   559 : -2.0147841e-03  1.7969019e-02 -5.3753654e-04
   560 : -1.4800467e-05  5.7684861e-04  1.7940941e-04
   561 : -2.5898591e-02 -7.1140609e-03 -1.9599176e-02
   562 :  2.8133095e-10 -1.1442925e-09  4.0617281e-10
   563 :  8.6448112e-22 -4.2522224e-22  1.0351775e-22
   564 :  5.3208602e-03  4.5696716e-02  3.7448924e-02
   565 : -6.7324723e-03  2.1317942e-02 -6.9809274e-03
   566 : -5.0996652e-16  2.0501826e-15 -1.5485825e-15
   567 :  1.2147305e-07 -2.8546943e-07  3.2310841e-08
   568 :  4.0623466e-03 -2.0530182e-02  4.0446173e-02
   569 :  4.1490163e-02  4.5594476e-02  4.5125602e-02
   570 : -5.9906751e-13  1.4151548e-12  5.4624850e-13
   571 : -1.0834551e-07  5.3502477e-08  5.5000133e-08
   572 :  1.1160688e-23 -1.5568801e-22  7.5655613e-23
   573 :  1.0034271e-04  1.2822241e-04 -1.1856687e-04
   574 :  2.9924286e-04 -2.4179138e-04  5.6681108e-04
   575 : -1.7228264e-02  1.7141147e-02  4.5408892e-02
   576 :  9.7356197e-06 -2.7367981e-05 -2.4958110e-05
   577 :  6.1711949e-02  3.2395653e-02  4.4965798e-02
   578 :  3.2314196e-25 -1.0440329e-24  4.0185916e-25
   579 : -3.9403824e-04 -2.3075333e-02 -3.2694472e-03
   580 :  6.3010246e-03 -1.8455948e-03 -3.1471933e-02
   581 :  3.4731067e-14 -3.0188598e-13 -4.1842820e-13
   582 :  1.3351380e-24 -2.3330433e-24  1.1486811e-24
   583 :  4.3471290e-12 -8.7596680e-12 -2.1359349e-12
   584 :  8.2501075e-21 -1.2748496e-20 -3.1728861e-21
   585 :  5.6651040e-02  4.5990528e-02  5.8936169e-03
   586 :  4.3085780e-16 -1.0450281e-15  1.0040035e-16
   587 : -8.7700321e-12 -9.5125142e-12  1.8660800e-12
   588 : -2.4470592e-15  3.1513318e-15 -6.3051129e-17
   589 : -1.5650323e-02  4.8101335e-02  3.5721110e-02
   590 : -5.4299591e-03 -5.1093464e-03  4.2096884e-03
   591 :  3.9870551e-23 -5.8368135e-23 -2.7531123e-23
   592 :  5.6116795e-15  1.0766791e-14 -2.7281814e-14
   593 : -3.3271434e-09  1.3407164e-10 -1.1750759e-09
   594 :  4.6231816e-11  2.0070245e-10 -8.5822832e-11
   595 :  6.2768219e-06 -6.5327137e-05  1.2230446e-04
   596 : -5.9211495e-05  8.7523364e-05 -1.3494833e-04
   597 : -1.6731395e-09 -1.1461611e-08  3.8367619e-08
   598 :  1.2117863e-10 -1.4547647e-10  4.4696707e-11
   599 : -7.7785227e-02 -3.5493856e-02 -7.8200684e-02
   600 : -7.6210678e-06  9.9471873e-06  1.4565611e-05
   601 : -5.4765197e-02 -2.0843772e-02 -2.6539173e-02
   602 : -6.7341262e-17  9.5774298e-17 -1.1799920e-16
   603 : -5.0115074e-19 -2.2088608e-18  5.3038373e-19
   604 :  1.0423302e-12 -1.9341590e-12  2.6545016e-12
   605 : -4.9484687e-10 -3.8008591e-09  1.5806662e-09
   606 : -2.0867534e-02  2.4138334e-02 -2.6841777e-03
   607 : -2.0229720e-06  2.1600820e-06  2.1528079e-06
   608 :  4.1341518e-15  1.0050920e-14 -3.3616268e-15
   609 : -1.9685737e-13  5.5504337e-12 -7.9016701e-13
   610 :  1.8029911e-19  1.2995047e-18 -2.4414808e-18
   611 : -3.5591112e-02 -1.4203061e-02 -3.2890223e-02
   612 : -1.7174179e-06  3.2197591e-06 -5.5640367e-07
   613 : -1.6027985e-08 -2.9304063e-09  4.1407647e-08
   614 : -3.6276409e-02  4.6531615e-02  4.5959751e-02
   615 :  3.6598089e-07 -1.5605307e-08 -7.1360800e-07
   616 :  4.5714900e-20 -6.3661783e-20 -3.8029238e-20
   617 : -5.0291580e-09  3.6817197e-08  3.6353898e-09
   618 :  5.0273681e-11  4.5413297e-11 -4.7849873e-11
   619 :  1.0141081e-15 -7.7637995e-16 -1.4550433e-15
   620 : -1.0249338e-09  7.8944754e-10 -1.7596809e-10
   621 :  1.7504527e-07 -8.5991187e-07 -8.7212328e-07
   622 :  4.7861466e-02  3.0657911e-02 -9.3497128e-03
   623 : -2.2257937e-03  5.8519459e-04  7.8306026e-04
   624 : -6.1634043e-07  7.7522364e-07 -4.8522091e-07
   625 : -6.9538816e-08 -3.1407454e-07  1.8277753e-07
   626 :  4.5000074e-25 -2.1221552e-24  7.5306312e-25
   627 :  9.3212787e-18 -9.9907616e-17  8.2873922e-17
   628 :  3.1273445e-11  2.8743865e-11 -2.9123767e-11
   629 :  3.5712741e-04 -3.2244378e-03 -2.4188399e-03
   630 :  2.4375822e-02  6.8960138e-02  5.1051095e-02
   631 : -7.3769346e-09  3.4038011e-08 -5.0273250e-09
   632 : -1.2816264e-19  2.6415692e-19  3.2601933e-20
   633 : -2.1215774e-03  1.3146304e-04  8.0114952e-04
   634 :  4.0137746e-06  2.5268011e-06 -1.4324524e-05
   635 :  4.9939073e-03 -4.9854319e-03 -4.9548885e-03
   636 :  6.3287465e-03  4.3487224e-03 -1.3043912e-03
   637 :  4.5712172e-02  3.8508781e-02  5.1706787e-02
   638 :  3.1301897e-02 -2.9064436e-02 -3.9972097e-02
   639 :  1.6021401e-02  1.0942609e-02 -9.5544527e-03
   640 :  6.7157969e-03 -7.6805702e-02 -2.4731192e-03
   641 : -1.8342233e-15  4.1431667e-15  4.4601910e-16
   642 :  2.0422518e-04  2.2457558e-04 -3.6355367e-04
   643 :  1.3374554e-02 -1.6901836e-03 -3.3984242e-03
   644 : -9.7131891e-03 -2.4236321e-03  1.3319446e-02
   645 :  1.6784182e-05 -3.5132476e-05 -9.4487768e-06
   646 : -3.6578569e-07 -5.8949496e-07  8.5721169e-07
   647 : -6.7753414e-02 -2.1793691e-02 -1.8079475e-02
   648 :  3.9879030e-06  2.9829496e-07  2.2738216e-06
   649 :  2.5024150e-02  5.1371787e-02  4.2853316e-02
   650 : -1.6844605e-07 -3.1800788e-08  2.1213974e-07
   651 : -6.8985934e-02  6.6609877e-03 -2.9301503e-02
   652 : -1.0518079e-06  5.2503180e-06 -1.8469458e-06
   653 :  1.1579254e-01  7.4461045e-02 -6.4563930e-02
   654 : -9.7800781e-12  1.1280099e-12  3.9593769e-12
   655 : -1.1398005e-07 -1.2544694e-06  3.0856491e-06
   656 : -1.9424533e-02 -2.7307560e-02  9.5082393e-03
   657 :  2.4458266e-02  7.3620478e-02  5.9002974e-02
   658 : -2.3757326e-06  7.4095382e-06 -7.0668555e-06
   659 : -2.5711933e-05  2.6037273e-04 -5.5326581e-05
   660 :  3.3114498e-02  4.9857778e-02 -1.8814796e-02
   661 : -3.1980306e-02 -3.7424471e-02 -8.4252234e-02
   662 : -7.9124837e-11 -4.1879424e-11  1.8688853e-10
   663 :  2.2500176e-02  1.4755882e-02  4.9779596e-02
   664 : -3.0690926e-02  4.4032545e-02 -1.2501182e-02
   665 :  4.3782576e-03  4.2510910e-02  3.6050322e-02
   666 :  2.2679735e-20 -1.7714912e-20 -2.8420020e-20
   667 : -4.5539488e-13  1.0487267e-13 -3.2387862e-13
   668 : -9.2376650e-04 -8.1617370e-04  3.6204694e-03
   669 :  3.9337733e-25 -1.1532151e-24 -4.4178291e-25
   670 :  2.5480045e-02  1.0142088e-02 -1.0333048e-02
   671 : -1.4675023e-02 -4.0622954e-02  1.4876103e-02
   672 :  7.4899080e-04  1.0295706e-02  9.8316973e-03
   673 :  6.2767648e-10  3.8056159e-10 -3.6674046e-09
   674 :  3.9203776e-08 -1.5765057e-08 -2.9438550e-08
   675 : -2.1702296e-09 -7.0947761e-10  6.7795514e-09
   676 :  1.3995214e-06 -9.3188007e-05 -4.9023331e-06
   677 :  1.9011403e-06 -6.1721404e-07  1.2584902e-06
   678 :  3.7058417e-03  4.5606802e-03  9.8139685e-03
   679 :  2.6082179e-04 -4.0791212e-04  4.4248217e-04
   680 : -6.1490025e-05  3.5395986e-04  3.5521618e-04
   681 : -6.8922752e-14  3.2002420e-14 -1.7444429e-13
   682 :  4.5445923e-14 -1.3075112e-13  6.2013725e-14
   683 : -1.8356319e-12  4.4360284e-12  5.1131330e-12
   684 : -3.4181976e-17  3.6993209e-17  3.1996603e-16
   685 : -7.8342365e-06 -4.6955425e-05 -3.4353736e-05
   686 :  2.4111143e-08  5.5179414e-09 -6.5613973e-09
   687 :  2.7383395e-16  7.6173918e-16 -3.3207059e-15
   688 :  1.8709833e-09 -6.6948038e-09  5.8836363e-09
   689 : -2.1511505e-02 -1.4544574e-02  3.4544963e-02
   690 :  1.7132079e-06  2.0778881e-06  1.7220823e-06
   691 : -6.4457641e-05 -1.5237306e-05 -3.5311243e-05
   692 :  6.6756229e-06  7.5727584e-06 -2.0809863e-05
   693 :  1.8767147e-25 -1.1445889e-24 -1.5614513e-24
   694 :  2.7570206e-17 -6.7487409e-17 -4.4667672e-17
   695 :  3.9684877e-03 -1.0714694e-02  1.1577664e-02
   696 : -2.7037341e-03  1.5213702e-03 -4.0858067e-03
   697 : -7.8021912e-06  8.6891407e-06  1.4684933e-05
   698 :  7.5875574e-03 -9.0019725e-03  3.6293095e-03
   699 :  1.6251538e-10  1.1276852e-10 -3.4613174e-10
   700 : -1.9127319e-22 -2.1200117e-22  7.1501657e-22
   701 : -1.4213921e-20  4.4395732e-20 -1.5399592e-20
   702 :  3.4332565e-13 -4.7725214e-13  4.3157856e-13
   703 :  3.6323106e-02  1.7311583e-02  3.5206758e-02
   704 : -3.7255415e-06 -5.7817964e-07  4.8574613e-06
   705 :  3.5207639e-16 -1.3206148e-15  8.4103197e-16
   706 : -2.0944574e-01  4.7085116e-02  7.0847827e-02
   707 : -5.9205800e-03 -7.4103706e-03  3.1011413e-03
   708 :  7.3664041e-04  4.8978129e-04  6.7383566e-05
   709 : -6.0906085e-08  5.2273983e-08  1.2223860e-08
   710 : -1.4409251e-10 -1.5133688e-11  4.3748558e-11
   711 : -5.2655613e-07  1.5283741e-09 -2.2908194e-07
   712 :  2.3814062e-02  4.3909700e-02  1.8679980e-02
   713 :  1.8254626e-06 -6.9718849e-07  6.7717763e-06
   714 :  4.6286832e-02  2.1703814e-02  4.5086520e-02
   715 : -4.9718635e-05  1.1079226e-05  6.1367233e-06
   716 :  5.7265649e-17 -1.5908724e-16  3.2745604e-16
   717 :  5.6635643e-04 -3.7179522e-03  3.9105369e-05
   718 :  2.3540297e-06 -1.4060131e-06  2.4853548e-06
   719 : -3.6817123e-03 -3.9540514e-03  4.0923669e-04
   720 : -3.9116380e-02 -7.0279325e-02  4.5665799e-03
   721 : -8.3339674e-02  8.6870425e-02 -3.3618282e-03
   722 :  2.1098225e-14  4.8403420e-14 -1.7548318e-14
   723 : -8.3331543e-15 -9.3985299e-14  8.5752591e-14
   724 :  3.6275609e-14 -2.5208709e-13  7.4222793e-14
   725 :  4.1637221e-02  4.2734221e-02  5.1627164e-02
   726 :  2.6232452e-09 -3.9900231e-09  2.1565426e-10
   727 :  5.3479192e-02  4.2588779e-02  4.9114875e-02
   728 :  7.5380036e-04 -3.4214079e-03 -4.0772635e-03
   729 : -1.6896153e-04  1.7992590e-04  2.1420137e-04
   730 :  5.3643715e-06  7.6210552e-08  4.9365766e-06
   731 :  1.2308263e-14 -4.4177039e-14  1.5816382e-14
   732 : -1.0819986e-13 -1.4840044e-11  2.6008086e-12
   733 : -3.3304933e-06 -7.1272416e-06  7.5086189e-06
   734 : -4.7594147e-02 -1.1158293e+00  1.1513259e+00
   735 :  6.6632984e-06 -4.8999894e-06  1.3811306e-05
   736 : -4.7959548e-02 -3.4324142e-02 -2.5401480e-02
   737 :  4.7589765e-09 -7.3743343e-09  3.9124335e-08
   738 :  3.6337630e-03 -1.1867920e-03  3.8703354e-03
   739 : -6.1688953e-02 -4.4867813e-02 -6.8998689e-02
   740 :  1.1581940e-05 -5.4753420e-05  2.1314155e-07
   741 :  5.5132144e-03 -1.4968778e-02  1.8216447e-02
   742 : -7.8833453e-07 -9.4523962e-07  2.7463480e-06
   743 : -3.3387525e-05 -1.7761720e-05 -1.7349879e-05
   744 :  6.8549987e-02  1.2989767e-01  7.2246342e-02
   745 : -1.2102987e-14  3.4445780e-14  2.5698184e-14
   746 :  9.7012352e-13  7.0007806e-12  3.9463493e-12
   747 :  9.1864329e-09 -1.7350757e-09  2.1460175e-08
   748 :  6.6174200e-06  8.8259662e-06 -4.5349375e-05
   749 : -8.9602748e-04 -2.7474917e-03 -4.0002138e-03
   750 :  8.6581455e-16  2.2628717e-15 -6.9299892e-15
   751 :  2.8660061e-02  2.9779006e-02  5.6460413e-02
   752 : -1.3466464e-06 -1.1089863e-07  2.2598190e-06
   753 : -7.7544150e-04 -3.3536992e-03 -6.0983518e-04
   754 :  1.1873903e-12 -2.9334393e-13 -3.4299544e-12
   755 :  7.7146080e-02  7.5127227e-02  9.6460434e-02
   756 :  2.1922371e-08 -1.7988188e-08  2.9579900e-08
   757 :  9.3426957e-24  5.0761708e-24 -6.1858290e-24
   758 : -1.6976724e-01 -1.0650770e-01 -6.6237366e-02
   759 :  6.0442323e-06 -2.1510362e-06  6.7166773e-06
   760 :  8.9288688e-10 -2.5014261e-09  5.6975942e-10
   761 :  1.3795304e-05 -2.9481552e-06 -2.7822346e-05
   762 : -1.5805618e-01 -2.0623697e-01  2.9185876e-02
   763 :  3.6921384e-18 -1.1358956e-17  3.7771780e-18
   764 :  3.2988570e-19  9.7167615e-19 -6.3708146e-19
   765 :  4.3783119e-02  3.0663761e-02  5.6496842e-02
   766 :  2.8073324e-08  1.0458601e-08  4.2305577e-08
   767 : -9.3843174e-03 -5.1692803e-01  3.4357492e-01
   768 :  9.6014657e-16 -1.8071257e-15  4.1307479e-15
   769 :  6.9692868e-02  4.2433308e-02  7.1025853e-02
   770 : -5.3743260e-05  1.1841937e-05 -8.2443285e-06
   771 : -4.7515034e-04  7.7219816e-03 -4.5513418e-03
   772 :  4.0874838e-02  3.2813148e-02  3.0358231e-02
   773 :  2.3143306e-07 -3.0477971e-07 -2.8414504e-07
   774 :  4.5348174e-02  6.2197969e-02  3.2832193e-02
   775 :  1.2396766e-02 -4.2286081e-01  3.1338459e-01
   776 : -6.3845581e-07  2.1447605e-07  1.5063250e-06
   777 :  1.2632568e-05  5.5902760e-06 -1.8301999e-06
   778 : -2.7355006e-05 -2.4220728e-05 -1.3379401e-05
   779 : -5.9209457e-13 -3.4952942e-14  2.3239259e-13
   780 : -1.3034717e-01  2.4022505e-02  4.8839529e-02
   781 : -6.3155822e-15  2.8606874e-15 -3.2194441e-15
   782 :  1.3699146e-24 -1.1423103e-25 -2.4415397e-24
   783 :  2.4503500e-06 -1.0540762e-05 -7.1904630e-05
   784 :  1.5775091e-06  1.1615958e-05 -4.9801820e-06
   785 :  1.0801663e-14 -3.0706576e-14  2.3142180e-16
   786 :  9.7565579e-02  8.5068422e-02  1.3071282e-02
   787 :  4.6123221e-03 -1.3808668e-03  2.8602591e-02
   788 :  1.6148004e-14 -9.6153256e-15  1.4185547e-14
   789 : -8.4962728e-14  2.3689080e-13 -1.8155754e-13
   790 : -1.1531480e-04  5.0667548e-05  3.7713293e-04
   791 : -1.4726258e-03  8.7204415e-04  4.6081020e-04
   792 :  2.9610280e-02  3.1421122e-02  4.9287470e-02
   793 :  4.7703160e-02  1.5199146e-02  3.1671943e-02
   794 : -6.8352526e-05 -6.3980801e-05  3.4936235e-05
   795 :  1.9122953e-02  9.5892407e-03  6.4996869e-02
   796 :  1.4986022e-02 -2.0385837e-04  3.0752399e-02
   797 : -1.2181239e-15  1.0970690e-15 -5.2583142e-16
   798 : -1.9926348e-04 -5.8515368e-04  1.1529336e-03
   799 :  5.0196576e-08  1.6410919e-09 -1.0563577e-07
   800 :  4.6603834e-02  4.1690599e-02  6.8606661e-02
   801 : -1.3922287e-13 -6.2217973e-14  3.2836820e-13
   802 :  8.9556763e-06 -1.7127726e-05  1.6821864e-05
   803 :  1.4047313e-10 -8.5029256e-10  3.6900328e-10
   804 :  4.0565486e-02  5.7660841e-02  6.8595364e-02
   805 :  6.6100997e-06  1.0212191e-06  7.3728942e-06
   806 : -1.7031890e-12  9.0756372e-13 -1.0785495e-12
   807 :  1.1434066e-15  5.9972294e-15 -1.5695003e-15
   808 :  8.0349317e-02  7.3789088e-02  5.6652649e-02
   809 :  2.4330551e-09 -6.7301816e-09 -4.4885647e-09
   810 : -5.9956375e-15 -1.4817406e-14  2.6918257e-14
   811 : -1.0845401e-25 -2.3871960e-25  9.4694976e-25
   812 : -3.3187813e-07  3.6121605e-08 -5.2073308e-07
   813 :  2.6242272e-06  7.2028897e-06  9.9682260e-06
   814 :  2.8572688e-23  8.6479792e-25 -3.0423581e-23
   815 : -3.3370669e-27  6.3935507e-26 -4.6368300e-26
   816 :  9.0473579e-21 -3.3149836e-21 -2.7799459e-21
   817 : -5.4128801e-22 -1.2813893e-21  2.4026536e-21
   818 : -4.9047760e-24  2.8142077e-23 -1.8319703e-23
   819 :  1.9830654e-08 -5.2469126e-07  1.0522272e-06
   820 : -9.4514693e-24  2.6977370e-23 -5.6996911e-24
   821 :  4.5141089e-02  6.7686083e-02 -3.8909780e-02
   822 : -3.5677700e-05 -1.0928353e-04  1.9867995e-04
   823 : -1.5865632e-10  4.1673193e-10 -7.6757584e-11
   824 : -1.9701423e-10  3.8466042e-10  2.7932656e-10
   825 : -1.1243639e-18 -3.3105632e-18  8.4910110e-18
   826 : -1.2395368e-03  3.8112994e-03  2.5589073e-03
   827 :  1.1126956e-12 -2.1709965e-13 -4.3117468e-13
   828 : -3.0090955e-09  2.4502672e-08 -9.8601169e-09
   829 :  1.0655085e-04  1.0920447e-04  1.2562588e-05
   830 : -1.2737072e-01  1.5750424e-02 -1.8474808e-01
   831 : -2.9350299e-02 -1.6378213e-01 -6.9073955e-02
   832 :  1.7809067e-07  2.6451122e-07 -4.5938442e-07
   833 : -6.1890516e-02 -1.1947211e-01 -1.5784863e-01
   834 :  2.1853298e-22 -1.6930808e-22  2.1734452e-22
   835 : -3.3786675e-25  8.4704554e-25 -1.5546119e-24
   836 :  7.7380830e-06 -2.9798131e-05  1.1395180e-05
   837 : -2.5595578e-13  1.2093893e-13 -4.2023828e-13
   838 :  5.2294433e-04  8.1699427e-04 -2.7247036e-03
   839 :  7.2487495e-10  4.8800962e-10 -2.0281742e-09
   840 :  4.5218330e-13  8.4368455e-13 -2.2464821e-12
   841 : -7.3967259e-11  2.7248082e-11  1.7941576e-11
   842 : -1.9625899e-07 -1.8215707e-07  1.4531816e-07
   843 :  7.0700426e-12 -5.4942111e-12 -9.6402288e-12
   844 :  8.8640923e-07 -9.0431185e-07  1.0403717e-06
   845 : -1.6628090e-17  3.3810620e-17 -6.3438204e-17
   846 : -6.0146569e-05  4.7761629e-05 -5.5493643e-05
   847 :  2.9995665e-08 -1.1747913e-08 -1.7392149e-08
   848 :  5.3067446e-27  2.6311339e-26 -1.4781223e-26
   849 :  2.3626684e-10 -4.7269780e-10  1.9505029e-10
   850 : -5.2209560e-09  4.7866438e-09 -1.4314674e-08
   851 :  9.9221944e-11 -1.1941986e-09  1.0684751e-09
   852 : -9.2496053e-19  2.6918411e-18 -1.1501133e-18
   853 : -3.5001205e-03  6.8521929e-04 -3.6501270e-03
   854 : -7.7718035e-28  3.8508281e-27 -1.0051904e-27
   855 :  2.0375314e-02 -6.0555834e-03 -4.6005139e-03
   856 :  6.4022887e-04  2.6109562e-05  4.3944511e-04
   857 :  3.0073108e-02 -8.2825884e-03  3.6591180e-02
   858 :  7.2869265e-04  8.2961329e-05 -1.3135203e-04
   859 : -2.8718290e-18  4.4856587e-18  3.4367114e-18
   860 : -8.3168353e-05 -4.5764987e-05  7.7643291e-06
   861 : -4.2160460e-05  2.5793493e-05 -2.8619926e-05
   862 : -1.1799013e-05  5.7282300e-06  1.2796811e-05
   863 : -3.8987143e-03  1.5387102e-03  4.8156726e-03
   864 :  1.4393688e-02  4.4040487e-03  3.5524097e-02
   865 : -9.1351296e-03  3.6110489e-01 -1.4780003e-01
   866 :  5.2174481e-02  5.3242456e-03  5.2366517e-03
   867 :  2.6343484e-02 -1.6798861e-03  3.6836327e-02
   868 : -7.7150941e-07 -1.8885579e-06  3.8465691e-06
   869 : -5.1909204e-07 -1.0497959e-06  5.2048592e-07
   870 :  3.0033516e-07 -4.1900115e-07  1.1195380e-07
   871 : -8.0295934e-03 -1.5424067e-02  3.3838279e-02
   872 :  2.8519097e-02 -5.4180785e-04 -8.4761360e-03
   873 : -2.8112048e-02 -2.0396768e-02  1.5508857e-02
   874 :  1.6495664e-02  7.0826354e-03 -3.4368112e-02
   875 :  6.3422442e-12 -8.9232557e-12 -4.0019489e-12
   876 : -7.4847741e-11 -4.7476767e-11  1.3316661e-10
   877 :  9.6115997e-23 -1.2597270e-22  1.5807354e-22
   878 :  1.0812884e-20 -2.5968506e-20  5.9213013e-21
   879 : -2.1256381e-12 -2.1272106e-13  3.0020135e-12
   880 : -1.9865139e-11  6.1415745e-11 -1.9226115e-11
   881 :  6.5659669e-23 -1.8178368e-23 -2.8266206e-23
   882 : -3.0617327e-22  1.9281704e-22  4.9680189e-22
   883 :  1.7798835e-12 -8.4315568e-13  2.8817012e-14
   884 : -7.3789825e-13 -1.3590978e-11  3.4771636e-12
   885 :  1.0259398e-05 -1.1525334e-04 -3.1772858e-06
   886 : -2.9733751e-05  2.1140537e-07  1.9733021e-05
   887 : -9.1562840e-05 -1.9744215e-05  5.0216371e-04
   888 :  6.0904850e-04  7.2678390e-04 -1.1187978e-04
   889 : -2.3300487e-02 -4.0032775e-02 -4.1555303e-04
   890 : -3.5213121e-03  4.3609752e-03 -1.8241449e-02
   891 : -1.3441973e-11  3.4553127e-11 -5.6863856e-11
   892 : -5.7384254e-10  1.7440068e-09 -4.0280089e-10
   893 : -3.7474319e-05  1.6519121e-05  8.1721626e-06
   894 : -5.9777912e-05  5.9493773e-05  3.3990945e-06
   895 : -6.2666379e-02 -3.2819457e-02  4.1916645e-03
   896 : -6.0407419e-03  6.4249697e-02 -9.0748207e-02
   897 :  1.4777690e-12 -3.6276510e-13 -6.0572585e-13
   898 : -4.3573289e-12  3.3949745e-12  9.3764293e-12
   899 :  3.6964858e-02  1.0721737e-02  6.0324305e-03
   900 : -1.0611547e-03  4.1415807e-02  3.8468155e-02
   901 :  7.6114197e-07  5.9758911e-07 -9.5127845e-07
   902 : -1.6955012e-05  8.4081779e-06 -6.8142008e-06
   903 : -5.5409169e-03 -4.7590813e-03 -9.7894916e-04
   904 : -3.7637748e-04  1.5463746e-03 -4.1070052e-03
   905 :  1.7885092e-02  3.4885855e-02  5.0105881e-03
   906 :  3.5049324e-02  3.9511916e-02  4.8949043e-02
   907 :  6.0187505e-02  1.1422790e-03  3.3679789e-02
   908 : -4.4110220e-04  2.3490182e-04  4.1882722e-04
   909 : -1.6288460e-04  1.5778382e-03 -7.8311118e-04
   910 : -2.6421949e-03  1.2225447e-02  4.1354420e-03
   911 :  1.6866446e-04 -2.2228211e-03 -2.4714632e-03
