Number of elements 912
     0 :  4.0959699e-05  3.5476156e-04 -1.9580616e-04
     1 :  3.5192766e-02 -3.7285868e-02 -1.5358454e-02
     2 :  1.2545428e-02  5.5016723e-03  1.3735730e-02
     3 : -5.4098775e-03  4.5842185e-03  7.9379362e-03
     4 :  6.5608460e-03  3.1212295e-03  3.4886934e-03
     5 : -2.7457857e-02  4.1352227e-03  3.2683755e-02
     6 : -4.4711375e-09  4.0245296e-09  9.7937853e-09
     7 : -2.4462861e-01 -4.2393070e-02 -4.1567553e-03
     8 : -1.0235594e-02 -3.5024814e-04 -8.6129967e-03
     9 :  3.4406665e-08 -4.4044940e-08 -9.8186059e-08
    10 : -5.6580745e-03  6.3028729e-03 -4.3935301e-03
    11 : -1.7324687e-10  3.7360194e-10 -2.2383191e-09
    12 :  3.7168193e-03  2.3961661e-01 -2.2699018e-01
    13 :  5.2883852e-03 -1.2715350e-03  5.6165129e-03
    14 : -4.2824132e-04  1.2008124e-02 -1.9253764e-05
    15 : -4.1538907e-03  5.1511443e-03  4.5293705e-03
    16 :  6.3053467e-10  1.3060558e-10 -1.7127010e-09
    17 : -5.6908804e-06 -7.4177606e-06 -2.8310678e-05
    18 :  2.3760387e-04 -1.5910230e-03 -6.1082940e-03
    19 :  3.0958270e-11 -1.0093504e-10  3.0343261e-11
    20 : -2.6811112e-05 -2.6891071e-05  2.8843605e-05
    21 :  5.5079312e-03  3.6106819e-03  9.3055769e-03
    22 : -1.3037037e-03  4.1167463e-03  8.6068121e-04
    23 : -2.2732102e-10 -2.2607685e-10  1.2643525e-09
    24 : -2.1049162e-03 -1.6000783e-02 -2.0179049e-03
    25 : -2.9303346e-12  8.0072355e-12 -4.6254677e-12
    26 :  1.2008798e-02  5.9924673e-03  2.0845369e-02
    27 : -7.6408184e-03  2.2093437e-02  4.4570875e-03
    28 :  5.3508341e-03 -1.2652492e-02  3.0678865e-02
    29 :  3.0932572e-03 -5.5238604e-03 -8.9758589e-03
    30 : -1.0672765e-02 -8.3697200e-03 -3.7367706e-03
    31 :  9.6807016e-04  6.9216219e-03  9.8489622e-03
    32 :  1.9449368e-08  1.4678217e-08  4.5210566e-08
    33 :  6.6935867e-03  8.8792588e-03  5.8427334e-03
    34 :  2.4228835e-12 -5.7062245e-12  5.7710472e-13
    35 :  6.4185125e-03  1.1933479e-02  1.4804073e-02
    36 :  2.1981461e-03  6.5171255e-03  1.1828639e-03
    37 : -3.8519807e-03 -4.4880999e-03  3.5540513e-05
    38 :  5.2558922e-03  1.0288081e-02  8.8354550e-03
    39 :  2.5254617e-03  1.0838411e-02  2.3509669e-02
    40 : -1.3110995e-02 -3.0691902e-01  3.1833689e-01
    41 :  1.2689137e-02  3.0675274e-01 -3.8102355e-01
    42 : -1.5519090e-10 -1.2831733e-10  5.3955196e-11
    43 : -3.6478337e-05  4.7364069e-05  1.3674913e-05
    44 :  3.5411339e-03  1.1634760e-04 -4.0431268e-03
    45 : -1.1125811e-03 -4.1177982e-05 -1.2449043e-03
    46 :  9.8658650e-04 -1.4905818e-03 -2.1156414e-03
    47 :  4.2118711e-08  9.8298884e-08 -4.3615685e-08
    48 : -6.2005648e-10  9.2366670e-11 -7.2488523e-10
    49 : -1.0580464e-02  4.7928000e-03  2.8553727e-04
    50 :  1.0065002e-02  9.0743479e-03  6.9540335e-03
    51 : -5.4367634e-03 -5.6709165e-03 -7.5275795e-03
    52 : -2.3866466e-03 -3.5896342e-03 -8.4495616e-03
    53 :  5.0575823e-09 -5.0642250e-09  1.3329451e-08
    54 :  5.3655810e-03  1.8553687e-03  2.8742734e-03
    55 :  2.9167589e-03  1.4601259e-03  3.3638352e-03
    56 :  3.5313146e-03  2.7099490e-03  5.5475480e-03
    57 : -3.8591512e-03  6.4885780e-03  1.3567739e-02
    58 : -8.8027109e-03 -1.7045028e-01  1.7425039e-01
    59 :  1.4243446e-03 -5.6896521e-03  1.2239157e-03
    60 :  4.8880932e-03  4.5026272e-03  2.3503969e-03
    61 : -3.3375960e-03 -3.3930871e-03 -3.2474421e-03
    62 : -5.4832374e-03 -4.9896512e-03 -1.5773918e-03
    63 :  2.3535142e-03  1.9062664e-03  1.3971510e-02
    64 : -2.0316266e-02  1.7236826e-02 -3.9062768e-03
    65 :  3.1577020e-03 -1.1813718e-02  1.0974336e-02
    66 :  6.1766575e-03 -1.1618756e-02  1.0928365e-02
    67 : -4.4534306e-09 -7.8905095e-09 -2.7509644e-09
    68 : -3.4148450e-09  7.0113371e-09 -9.3881946e-11
    69 : -2.6552416e-09 -4.8186472e-09 -5.0492864e-09
    70 :  9.9339192e-04 -4.3895197e-05 -4.7951307e-04
    71 :  2.5740113e-02  1.0279662e-02  5.3952956e-03
    72 :  3.4524948e-11 -9.2069962e-11  1.4557797e-10
    73 :  9.0926283e-03 -1.8643022e-04  5.0757741e-03
    74 :  9.1587341e-05  9.6860952e-05 -5.9384271e-05
    75 : -1.7503869e-06  1.8647506e-06  1.7948871e-06
    76 :  1.3295516e-10 -7.0467213e-10  1.9413548e-10
    77 :  2.9746671e-07  1.7613649e-06  3.0591276e-06
    78 :  1.5739730e-08 -7.9880316e-08  6.6200253e-09
    79 :  2.4917881e-05 -5.9538894e-05  9.6818049e-05
    80 :  3.5376267e-16 -3.3883741e-14  1.0314039e-14
    81 : -9.7885634e-07 -9.3478085e-07  8.0610960e-07
    82 :  2.3591736e-02  2.9711375e-01 -2.4260864e-01
    83 : -9.9999333e-13  2.4181391e-12  1.2228784e-13
    84 :  1.3567424e-10 -2.9104940e-10  4.2539504e-11
    85 :  2.7193937e-03  1.2618529e-01 -1.4763136e-01
    86 : -6.3636550e-06  4.1421458e-06 -1.2832870e-05
    87 : -4.0071140e-05  2.0142034e-05  5.2367127e-05
    88 :  3.0738884e-03 -5.7650621e-02  7.1522098e-02
    89 : -6.1685262e-03 -4.4323321e-03 -3.6210545e-03
    90 :  3.8505966e-10  6.7396738e-10 -4.3204930e-10
    91 :  5.2803499e-03  3.3674219e-03  3.4154083e-03
    92 :  3.7261088e-03  8.9865799e-03 -6.3854454e-03
    93 :  2.6180871e-13 -4.5117253e-14 -9.6714109e-14
    94 :  1.2506768e-04  3.8795071e-05  1.0371432e-05
    95 : -5.7444513e-10  2.0597164e-10 -1.2971412e-09
    96 :  9.9962369e-03  5.3236258e-03  1.6099402e-02
    97 :  4.3416989e-04 -2.4174831e-03 -3.2069515e-03
    98 :  9.1460295e-03  2.1094498e-03 -2.9371944e-03
    99 : -3.5849059e-08 -1.0576800e-09  2.3053817e-08
   100 : -2.3445818e-08  9.2160426e-09  9.8354764e-08
   101 : -1.0845497e-02  2.8048749e-03  8.7586636e-03
   102 : -8.8438063e-04 -2.1947255e-02  2.0066781e-02
   103 : -5.8776028e-14  4.0531892e-13  1.8737675e-12
   104 : -1.5560871e-03  2.2910575e-04 -6.0487389e-05
   105 : -1.3645211e-02 -3.1416452e-03 -2.5307201e-03
   106 :  5.2180115e-03  9.8226086e-03 -1.0825734e-02
   107 : -1.6281126e-02 -3.7583629e-02  1.6713338e-02
   108 : -8.8970261e-03 -1.0510323e-02 -1.0021466e-02
   109 : -2.7194555e-03 -6.6155670e-03 -3.8710909e-03
   110 :  1.0147142e-02  4.3976481e-03  1.0633538e-02
   111 : -1.4467523e-02 -3.4736880e-03 -1.2694500e-02
   112 : -1.8826667e-07 -2.5817198e-07  2.3785387e-07
   113 : -6.0574033e-03 -3.8411355e-03 -5.5071117e-03
   114 :  1.7155938e-02 -1.3400415e-03  4.0917607e-02
   115 :  3.3846219e-04  5.1812837e-02 -6.1963442e-02
   116 :  8.8566489e-03 -2.4687271e-02  5.2033403e-02
   117 :  5.2157635e-03  4.1384021e-03  4.1131627e-03
   118 :  6.8390436e-03  3.0550000e-02  1.7168321e-02
   119 : -1.4785155e-10  7.2217292e-10 -8.1909775e-09
   120 : -8.7665961e-05 -7.8958971e-04 -1.1411880e-03
   121 :  3.4822886e-07  8.5409984e-07  9.0485449e-07
   122 :  1.7845133e-03  8.0045175e-02 -7.9006910e-02
   123 : -8.2365391e-12  1.3532242e-11  1.4092418e-11
   124 :  6.7541931e-09  1.5279565e-08 -5.7323708e-09
   125 :  2.9509248e-15 -9.4883247e-15  3.6091151e-15
   126 : -1.4226129e-05 -6.7524670e-06 -9.6282736e-06
   127 :  5.2983494e-06 -1.3482089e-06  3.0461408e-06
   128 : -9.5946128e-03  6.3826599e-04  6.4615391e-03
   129 :  5.3489029e-05  1.6807327e-04  8.0980686e-05
   130 : -2.8244348e-03 -3.3100826e-03 -1.5514953e-03
   131 : -1.3975330e-03  5.4302491e-03 -1.5313978e-03
   132 :  1.2772409e-02  1.8094215e-02  6.9972520e-03
   133 :  3.6406695e-04 -2.9546277e-03  3.3228410e-03
   134 :  3.5018379e-03 -7.1604462e-03 -4.7536754e-03
   135 : -6.9067451e-01  8.8419305e-02  1.8288996e-01
   136 : -1.2086950e-02 -1.3796950e-02  1.2195943e-03
   137 : -4.3828014e-03 -2.0706054e-03 -5.9076398e-03
   138 :  1.3872507e-03 -4.9379426e-02  4.2981088e-02
   139 : -5.4734291e-03 -9.4382275e-03  1.2425338e-04
   140 : -1.8095989e-07 -4.2716884e-08 -1.2107201e-08
   141 : -4.6593098e-07  1.4392094e-06  4.1006002e-07
   142 :  4.4472951e-03  1.8827228e-02 -1.1556913e-03
   143 :  2.4045709e-09 -9.0451694e-09  4.1333007e-10
   144 : -1.2632035e-02 -2.4802006e-03  1.1036965e-02
   145 :  2.2011374e-02 -7.4187389e-02  1.3230842e-01
   146 :  5.1452371e-04 -2.7262222e-04 -7.3953236e-04
   147 : -8.1047431e-10 -6.3322030e-10  3.1136833e-10
   148 : -3.2217199e-04  6.0594874e-04  3.6703284e-05
   149 :  1.3977154e-04 -4.1561471e-03 -4.5097413e-03
   150 :  3.3793802e-02  3.2015687e-04  1.0917217e-03
   151 :  1.0638218e-06  1.7301548e-06 -5.3430446e-07
   152 :  1.7849043e-04  2.1289699e-05  1.1618878e-05
   153 :  5.6713508e-02 -6.5971739e-03 -1.9311913e-02
   154 :  1.0468227e-13 -2.9399266e-14 -9.6828129e-14
   155 :  1.8732701e-09 -1.0382272e-08  1.9066733e-09
   156 :  5.1521620e-11  1.9524513e-10 -6.0887424e-11
   157 : -2.3060482e-03  4.6724979e-03  2.0099541e-04
   158 : -6.5253621e-03  2.0666510e-02 -9.7758553e-03
   159 :  9.7883122e-03  2.1770852e-02 -1.4393045e-02
   160 :  4.5702351e-13 -2.1809809e-13 -1.4632737e-13
   161 :  9.9829392e-13 -9.7830261e-13  1.5760327e-12
   162 : -9.9268216e-03 -4.1551350e-03 -3.1940918e-03
   163 :  1.3672376e-02 -8.2368441e-03  2.1846684e-03
   164 :  3.2086905e-06 -1.4412429e-05 -4.8252331e-06
   165 :  1.8133326e-02  9.5041235e-03  1.6658823e-02
   166 : -3.1926713e-10  9.1111763e-10  1.3175099e-09
   167 : -1.0337914e-02 -3.2671294e-03 -1.3204143e-02
   168 : -6.5571033e-04  8.4758405e-03  6.6723823e-03
   169 :  2.2426761e-02  2.5705540e-02  2.0419573e-02
   170 :  4.3737075e-09 -2.2867832e-09  8.2016011e-10
   171 :  1.0946398e-10 -6.0830219e-10  1.1893391e-09
   172 :  5.7910327e-03  5.0368067e-03  4.9677699e-03
   173 : -1.0660343e-02 -9.5446161e-03 -1.7191521e-03
   174 : -1.2336729e-02  2.9542051e-03 -5.0967218e-03
   175 : -1.1365141e-03  9.4643334e-05  3.2287461e-05
   176 :  3.0206072e-08 -3.7372776e-08 -2.3218051e-08
   177 :  1.0654014e-02 -1.1222408e-02 -1.0692789e-02
   178 :  3.4055462e-02  3.9734775e-01 -3.7124139e-01
   179 :  9.8485393e-03 -7.1496041e-06 -3.0458253e-03
   180 :  1.4320936e-10 -2.3109689e-11 -7.2939797e-10
   181 :  1.3777312e-02  1.8934388e-02  1.9580036e-02
   182 :  2.7156284e-05 -1.4406146e-05  1.3110310e-04
   183 : -2.6095853e-04  4.5619538e-03  4.6904460e-03
   184 : -6.1791639e-13 -3.9679921e-12  1.9193834e-12
   185 : -1.7700402e-05 -4.9839179e-06  1.2162665e-05
   186 :  5.7811526e-03 -3.9303723e-03  2.7769571e-03
   187 :  1.3855212e-02 -8.4622790e-03  2.0964675e-03
   188 :  1.5009005e-02  3.1124131e-01 -2.7855336e-01
   189 : -1.2720161e-02  5.0810315e-03  2.4585870e-04
   190 : -3.0734747e-04 -8.9532932e-04  1.4501122e-02
   191 : -9.0391832e-12  1.7702763e-11  2.2052794e-11
   192 :  1.9621441e-02  9.5819025e-03  1.1374241e-02
   193 : -9.0878200e-03 -4.0296501e-03 -1.1718638e-02
   194 :  1.1449588e-02  1.5389146e-01 -1.5998128e-01
   195 :  1.4921355e-02  5.6404470e-03 -2.9324911e-03
   196 :  1.5780209e-10 -4.1580706e-10  2.1825717e-10
   197 : -7.5467557e-10  9.5374951e-10 -1.1851447e-10
   198 :  1.2784654e-02 -1.9807939e-03  7.2477282e-03
   199 : -3.0634292e-02 -8.1415972e-05 -7.7570932e-03
   200 :  4.5247827e-10 -1.9153699e-08  2.2126464e-08
   201 :  1.8170596e-02  7.6290135e-03  1.4490924e-02
   202 : -1.1196903e-03  1.3583660e-02  5.7454842e-03
   203 :  1.4840671e-12 -3.0795654e-11 -3.3415258e-12
   204 :  6.2863688e-04  6.4536401e-03  7.2376769e-03
   205 :  5.6703334e-03 -6.0083402e-03  2.8583041e-02
   206 :  1.1343823e-10 -3.5046310e-11 -2.5328380e-11
   207 :  1.4201489e-09 -3.1358015e-11  1.0713021e-09
   208 :  1.0563250e-06  3.7504490e-06  4.4198528e-06
   209 : -9.3599051e-02  7.2875606e-02  4.8910873e-02
   210 :  8.8336999e-03 -1.8261600e-02  4.4213176e-02
   211 :  1.2260515e-11 -2.6823614e-11  8.1633618e-11
   212 :  1.0269061e-03  2.4635300e-03 -3.6966031e-03
   213 :  2.9472334e-09 -3.2475576e-10 -1.1491903e-08
   214 :  7.5241468e-05  2.0133429e-03 -4.5619487e-03
   215 :  2.2921832e-02  1.0033342e-03 -7.2762953e-04
   216 : -1.1832837e-02  1.5130752e-02  2.1149369e-02
   217 :  5.9326028e-15 -8.4614914e-14  1.5000753e-14
   218 : -8.2018357e-07  4.9061293e-07 -3.3489715e-07
   219 : -4.3975918e-03 -2.7842111e-03  1.6750873e-03
   220 : -1.5687184e-05 -8.6314454e-06 -8.7327116e-06
   221 :  1.8646390e-08  1.2198406e-08 -2.9271207e-08
   222 : -4.4817448e-03 -1.2006996e-03 -4.8633679e-03
   223 :  1.8548531e-03 -3.9404395e-04 -1.5534850e-03
   224 : -8.7413541e-03  1.7471776e-02  2.7933284e-03
   225 : -2.5690592e-05 -4.8227151e-05  2.8441874e-05
   226 :  2.4315192e-08  2.0088631e-08  1.3647007e-08
   227 : -1.0987375e-03 -8.3007773e-05 -1.9078289e-04
   228 :  7.5552600e-04 -1.0763449e-01  1.3076097e-01
   229 :  2.1299107e-04  1.9262575e-04  6.8834457e-05
   230 :  7.8557315e-09  6.5516931e-09 -1.5863444e-09
   231 : -3.2168076e-09  7.2279454e-09  3.5518160e-09
   232 :  4.4966919e-14  3.6262588e-14 -2.8057018e-14
   233 :  3.6420311e-08  3.6341699e-08 -1.0151639e-07
   234 :  2.2421846e-04 -3.4851280e-03 -1.0351577e-03
   235 :  6.0156474e-03  3.2786334e-02  8.1220669e-03
   236 : -1.1077142e-08  7.1860057e-08 -2.1420113e-07
   237 :  3.0859039e-06  3.3145430e-06 -5.1438578e-06
   238 :  5.4886748e-12  3.6712302e-14 -3.4108948e-12
   239 : -2.9830531e-08  2.4356829e-08 -2.8486667e-08
   240 :  6.4119510e-11  1.3095096e-10 -1.4140736e-10
   241 : -2.5070217e-03 -1.8777590e-03 -6.5209755e-03
   242 : -3.2102455e-02 -1.1292131e-02  6.9740909e-04
   243 :  2.9624490e-03  6.3174180e-03  1.5348595e-03
   244 :  1.1339502e-02  9.4918457e-03  3.4730385e-03
   245 :  4.5023449e-08 -1.4423071e-07 -7.5095711e-07
   246 : -1.1997703e-03 -5.2638064e-03 -5.0463914e-03
   247 : -5.0467657e-03 -3.5822562e-03 -4.2540056e-03
   248 :  2.5800958e-13 -5.9103266e-13 -2.0708054e-15
   249 : -1.0850368e-05 -1.1295238e-05 -1.3122024e-06
   250 :  9.6213509e-03 -3.8808915e-03 -6.9319277e-03
   251 :  1.5204320e-03 -7.6586687e-04  5.2256256e-04
   252 :  7.3026542e-08  2.1872544e-08  3.7211166e-09
   253 : -1.9490204e-10  6.6419823e-11 -1.5528874e-10
   254 : -7.4195544e-04  1.7506354e-03  9.7966881e-04
   255 :  4.2406574e-03 -1.2194317e-03 -2.8278833e-03
   256 :  1.8714171e-03  3.3951826e-03 -2.7264379e-03
   257 :  2.8068860e-03  1.0039723e-02  3.2962836e-03
   258 : -1.9111088e-03 -8.2313715e-04 -1.5424892e-04
   259 :  1.2239128e-06  1.8470495e-07  7.2175751e-07
   260 : -6.0459925e-03  4.3114421e-03  5.1683574e-03
   261 :  1.1047668e-02  3.3161673e-03 -1.6867876e-03
   262 : -1.4932192e-07 -4.5344182e-07 -3.7473294e-07
   263 : -6.0698805e-09 -4.0869521e-09 -7.8612686e-09
   264 :  6.6503370e-03 -3.4310378e-03  2.3018056e-03
   265 :  1.0680436e-03 -7.1895570e-03  4.2459758e-03
   266 :  3.0559543e-05  2.0767337e-04 -9.8469993e-05
   267 :  2.3007644e-04 -2.2859724e-04  9.6421695e-05
   268 : -1.6208969e-10  1.0559349e-09 -2.1266345e-09
   269 : -3.9860975e-03 -5.7234989e-03 -3.4016180e-03
   270 :  2.6186020e-04 -1.3901106e-03 -4.7586485e-04
   271 :  4.9965549e-03 -4.0312483e-03  6.1626757e-03
   272 :  5.7491842e-05  5.0701539e-05  1.2511533e-04
   273 :  1.6875304e-08  8.2398207e-09 -3.8493187e-08
   274 : -1.0804035e-02 -1.5587710e-03  5.7132570e-03
   275 : -3.5110051e-07  6.6780202e-07 -2.1214336e-08
   276 :  1.6747513e-02 -1.3654882e-02  8.2258095e-04
   277 :  3.0782146e-08 -8.0482403e-08  5.6671415e-09
   278 : -1.0718088e-02 -8.0623615e-03  5.2305874e-03
   279 : -8.6902887e-04  1.9742227e-02  1.9668151e-02
   280 :  2.6852343e-03 -4.6091977e-03 -1.1724234e-02
   281 :  6.1318845e-03  1.0627552e-02  1.5511260e-02
   282 : -9.9515729e-04 -4.0612405e-04 -1.6818493e-03
   283 : -7.4731821e-06  1.4723542e-05  7.7840868e-06
   284 : -1.0089779e-07 -6.2995636e-08  2.2908617e-07
   285 : -8.4526271e-03 -4.8649499e-03 -1.1077490e-02
   286 : -1.7827482e-03 -7.9812160e-03 -2.5486578e-03
   287 :  1.9180676e-02  1.1140219e-02  9.7360437e-04
   288 :  5.6996924e-03  3.0719652e-03  6.4491173e-03
   289 : -2.1055920e-03  1.3578935e-02 -1.0480081e-03
   290 : -9.0434156e-03 -4.3215279e-03 -7.2568554e-03
   291 :  1.8009379e-02 -1.5654069e-03  1.6392552e-02
   292 :  4.4177537e-03 -2.8276040e-05 -2.2528669e-03
   293 : -1.0268555e-05  1.2975141e-05  2.9244749e-06
   294 : -1.7524076e-03 -1.9446315e-04 -5.9678615e-03
   295 :  1.0787434e-11  7.4896255e-11 -2.7559382e-11
   296 :  4.9814754e-03  1.3715688e-02  2.0904284e-03
   297 :  1.3134518e-02  5.4176311e-03  1.3704444e-02
   298 :  2.8481315e-02 -1.2000463e-01  1.7064548e-01
   299 :  9.8077693e-13  1.7835498e-12 -6.8572914e-12
   300 :  7.6440351e-03  1.3987286e-02  2.4634785e-03
   301 :  6.7163228e-04 -3.3524385e-04  4.4719814e-03
   302 : -5.9016574e-03 -4.2310276e-02  3.3987463e-02
   303 : -1.6376514e-02 -4.3484731e-04  1.0139536e-02
   304 : -3.2312427e-03 -7.2492238e-03 -6.1657807e-04
   305 : -6.4163497e-04 -1.4100485e-03 -3.1571753e-04
   306 :  5.0543816e-03  3.7123018e-03  9.8008167e-03
   307 : -7.4721248e-03  3.9229183e-03 -4.6118070e-03
   308 :  2.9960875e-03 -1.4873791e-03  1.2611965e-02
   309 : -6.1886818e-12 -1.5681760e-10  7.3753151e-11
   310 :  2.1867175e-02  1.4951143e-02  4.2772546e-03
   311 :  4.1846442e-03  1.2447592e-02  8.0036482e-03
   312 : -1.7193503e-10  1.5018391e-09  1.1601091e-09
   313 :  4.3483745e-06 -8.4028493e-06  5.1450586e-06
   314 :  2.2556395e-11  2.5875823e-11 -7.4167547e-11
   315 :  2.6909157e-09 -1.1285806e-07  9.6163542e-08
   316 : -1.8801847e-03  1.9931999e-03 -4.3979383e-04
   317 :  6.1793597e-12  9.0973023e-14 -1.2172754e-11
   318 :  2.0187582e-03  3.9972155e-03  1.7153469e-03
   319 : -3.5985461e-03  1.3099666e-03 -3.0698733e-03
   320 :  2.2015030e-02  1.9684357e-02  1.2021055e-02
   321 : -1.0532314e-03  3.3611229e-03 -3.1501577e-03
   322 :  4.7740421e-12 -1.3814708e-11  1.5268227e-12
   323 : -4.5967551e-12  1.1278387e-11 -2.9834202e-12
   324 : -5.4008782e-07  1.2950676e-09 -4.9010521e-08
   325 : -4.2688886e-06  3.5858623e-06 -4.2463753e-07
   326 :  4.3173293e-02 -2.1478900e-03 -3.0985723e-02
   327 :  3.7192552e-02  3.2296583e-01 -2.6469490e-01
   328 : -2.9059697e-03 -6.3344002e-03 -5.7169528e-03
   329 : -2.7793767e-07 -1.9271476e-06  9.7140332e-07
   330 : -2.6111687e-13 -4.9261150e-13  1.5510056e-12
   331 : -9.6179038e-06 -1.5923102e-03 -2.2963605e-03
   332 : -1.3207916e-03 -6.0906651e-03  1.8035206e-02
   333 :  4.3098555e-07  4.4803844e-07  9.5030675e-07
   334 :  7.0569738e-03  1.1287409e-02  1.5517080e-02
   335 : -7.0406943e-03 -6.3000021e-02  4.7862160e-02
   336 :  2.2070713e-03 -3.8840627e-02 -8.0622790e-03
   337 : -2.7220604e-10  9.7211875e-10 -2.1913878e-10
   338 :  5.3912231e-03  5.2955362e-03  1.1031566e-02
   339 : -1.7110347e-07  2.0912918e-07 -5.1477189e-08
   340 : -1.2960158e-03  2.8299489e-03  3.0299242e-03
   341 : -1.0606901e-10 -1.3478681e-10  1.6353717e-10
   342 :  7.4672445e-09  6.6046122e-08  8.5315722e-08
   343 :  1.2859785e-02  5.4298599e-03 -1.0303549e-04
   344 :  6.7495329e-03  5.8347028e-03  2.2932211e-03
   345 : -4.9531967e-03 -3.5463212e-03 -4.4042293e-03
   346 : -9.7775312e-08  1.5139849e-08  9.6544252e-08
   347 : -2.3120290e-03  8.8014955e-04 -4.8523848e-03
   348 : -4.6032926e-03 -3.0643039e-03  1.0765806e-03
   349 :  1.5020452e-03 -1.7279284e-03 -2.7688472e-04
   350 :  2.4165453e-03 -2.4211791e-03 -1.9217324e-03
   351 :  8.4365895e-06  9.0244849e-06  6.9502711e-06
   352 : -3.8059610e-02  2.8006381e-02 -4.2329405e-02
   353 : -4.1448806e-03 -6.3061097e-03 -2.2577843e-03
   354 :  6.8620616e-03  2.1432011e-03  6.1009147e-03
   355 : -2.3607537e-03 -3.8485741e-03 -7.0670852e-03
   356 : -2.7792704e-10 -1.4075077e-10  1.3294409e-09
   357 :  2.7437324e-02  1.7424940e-02  4.1936658e-03
   358 : -8.9153109e-04 -7.5083671e-04 -4.5237003e-04
   359 :  1.0520710e-14 -2.1502797e-14  1.4121810e-15
   360 : -2.2444258e-03 -1.8683134e-03 -3.1467686e-03
   361 : -1.7113171e-07 -1.0703757e-05 -1.4002762e-05
   362 : -5.3458367e-04 -9.1473723e-04  5.8884099e-03
   363 :  8.5229999e-05  4.8383082e-04 -7.6532538e-04
   364 :  1.9560402e-05  2.2452500e-04 -2.6741678e-05
   365 :  1.5958229e-02  7.7746963e-02 -4.3583507e-02
   366 : -6.5586100e-10  1.9915246e-09 -6.1468396e-10
   367 : -2.3117713e-04 -8.3927807e-03  8.4429738e-03
   368 :  2.6057304e-03  7.7097540e-03  2.5777300e-04
   369 :  7.5046172e-03  5.5422752e-03  1.7756021e-02
   370 :  1.2708536e-03  6.2022675e-03  8.4766619e-03
   371 : -1.1425418e-09 -2.5808121e-09  8.3655945e-09
   372 :  2.3499228e-02 -2.1674594e-02  1.8086870e-02
   373 : -2.1077595e-04 -2.3027603e-03 -5.6770489e-03
   374 : -6.6546685e-04 -4.6008005e-03 -2.8749959e-03
   375 : -8.2625527e-07 -5.9468939e-07  2.0729736e-06
   376 : -8.1716855e-11  3.5600514e-10 -2.6651955e-10
   377 :  1.3865958e-02  1.3276807e-02  1.2297078e-02
   378 :  6.2468982e-03  1.2421579e-02  1.2581725e-02
   379 : -2.7176955e-13  7.6826391e-13 -3.1848481e-13
   380 : -1.8727926e-03  3.0996098e-03  2.2407337e-03
   381 : -1.2276449e-03 -2.6181525e-04  1.6025761e-04
   382 :  9.7048703e-05 -9.3589019e-05 -7.4268736e-05
   383 :  1.0441802e-02  1.0926869e-02  1.5518287e-02
   384 : -4.0638896e-06 -1.3909312e-05 -3.2811844e-06
   385 : -4.0192769e-03  7.0020627e-03 -6.9596592e-03
   386 : -1.1147929e-03 -1.3325277e-03 -1.9860136e-03
   387 : -1.7740410e-06  1.6859691e-06  2.0255849e-06
   388 : -2.5350326e-03  1.7314846e-05  7.4729286e-03
   389 : -6.0871529e-04 -3.0175486e-04 -1.2300732e-04
   390 : -3.3008910e-03 -3.0035285e-02  2.4966767e-02
   391 : -4.2647843e-04 -1.5556005e-03  5.0096413e-04
   392 :  3.0753901e-04 -3.0904239e-03  4.2594342e-03
   393 :  2.8531803e-03 -3.4866217e-04  3.3836175e-03
   394 : -5.3863765e-05  6.6395133e-05 -3.5889923e-05
   395 :  1.2029575e-02  4.1931569e-03  1.2054274e-02
   396 :  7.1807462e-13 -2.1009263e-12  3.2002700e-12
   397 :  3.7209525e-03  4.7138737e-03  4.2471451e-03
   398 : -8.2630075e-03 -7.0993769e-03 -1.3958876e-02
   399 : -3.5574310e-03  1.5078331e-03  9.3645404e-03
   400 :  6.8604716e-03 -4.5589097e-03  5.7338204e-04
   401 : -9.3707289e-03 -4.2190720e-03 -1.1723316e-02
   402 :  2.1224631e-04 -4.3407405e-07 -2.0587266e-05
   403 :  7.4366112e-05  5.0333252e-05  3.5860795e-04
   404 : -2.2014033e-10 -4.3214297e-10  9.9124598e-10
   405 :  8.8961755e-04  1.3656562e-02  1.3060452e-02
   406 : -1.5417976e-03 -2.1986688e-03 -3.1584725e-03
   407 : -3.0167251e-03  3.3384453e-03 -2.7204358e-03
   408 : -5.8215692e-03 -2.8697498e-03 -3.1933207e-03
   409 : -1.6053790e-02 -1.2212937e-02  2.6137899e-03
   410 :  5.2777402e-03  8.0771149e-03  8.9429424e-03
   411 :  1.1012355e-03 -5.3134931e-03 -6.3336628e-03
   412 : -7.3137265e-03 -2.0363784e-03 -5.2829130e-03
   413 :  2.6326484e-11  8.6573393e-13 -8.0229756e-12
   414 : -1.1146326e-03 -3.7977779e-03 -3.8265760e-03
   415 :  2.9378709e-03 -9.4778855e-03 -7.1685435e-03
   416 :  3.8200905e-07 -1.4610785e-07  6.7516996e-08
   417 :  4.8661923e-03  6.2172928e-03  1.5635008e-02
   418 :  2.6538482e-03  3.1125601e-03 -1.1880936e-03
   419 : -7.3976603e-10 -2.3416689e-09  2.0060417e-09
   420 : -4.1401452e-09  1.9130760e-08 -1.2403581e-08
   421 : -2.5384226e-07  6.6934107e-07 -7.1625600e-07
   422 :  6.0693779e-03 -1.4096276e-03  1.1257951e-02
   423 : -1.5026744e-02  3.7800421e-02  1.0824843e-02
   424 : -1.6244078e-05 -5.4012392e-05 -1.5374195e-05
   425 : -1.5636634e-06  1.5703900e-05 -4.2129358e-06
   426 :  6.9504925e-05  3.0700986e-05  9.7796412e-05
   427 :  2.6905117e-04 -5.1163169e-04  7.8651542e-03
   428 : -1.1520065e-04  2.1220100e-04  1.4945094e-04
   429 :  2.6312230e-04 -1.9775220e-03  1.9453582e-02
   430 : -3.0774334e-03 -8.8773903e-03 -1.3356943e-03
   431 :  1.5698795e-02 -1.5793175e-03 -5.6804152e-03
   432 :  1.5230038e-02  6.4626311e-03  1.5661853e-02
   433 :  4.3259973e-10 -6.2581746e-10 -3.5399488e-10
   434 : -4.5606853e-03  2.1902014e-03 -1.7360724e-03
   435 :  2.3281434e-02  5.9247243e-03  2.0322241e-02
   436 :  3.6952129e-06 -5.9007747e-06 -1.5779681e-05
   437 :  1.1132455e-02 -3.4974835e-02  1.4709137e-02
   438 : -2.9855895e-03 -5.1825683e-03 -2.5361693e-03
   439 : -2.7406093e-03 -2.3027660e-03 -6.5177143e-03
   440 :  2.5189122e-07 -8.1057809e-07  1.9868420e-07
   441 :  3.8835023e-11  2.8774192e-11 -1.2079169e-10
   442 :  3.4871681e-03  1.1733871e-03  2.2139313e-03
   443 :  5.1920196e-02 -4.2715260e-02  6.6526421e-03
   444 :  3.9747749e-03  9.1565362e-04 -2.1814740e-03
   445 :  1.3121869e-04  4.3527774e-03  1.0440942e-02
   446 : -3.6141457e-04 -1.4996957e-03 -5.4225845e-03
   447 :  1.5295989e-02  9.4208209e-03  7.1469687e-03
   448 : -9.9085369e-03 -1.1129555e-02 -1.0508456e-02
   449 :  8.9315720e-11 -1.1632030e-10  6.7941763e-13
   450 : -5.0296176e-12  2.0058631e-12 -6.6916762e-12
   451 : -5.8143873e-03 -3.8792384e-03 -6.4365785e-03
   452 : -1.6654403e-03  2.5885595e-04 -5.3122498e-03
   453 :  3.3678048e-03 -4.5481084e-03  2.3474739e-03
   454 :  3.5788785e-03 -6.0055776e-04  6.0906344e-03
   455 :  3.3836353e-04 -2.5828284e-05  2.2476798e-04
   456 : -8.4162328e-03  1.4602315e-02  5.5509866e-03
   457 :  2.1907623e-11 -8.7811541e-11  4.6142326e-11
   458 : -3.1012272e-04 -1.1920656e-03 -5.9371273e-04
   459 : -1.4069219e-02 -5.2934617e-03  3.0328856e-03
   460 : -9.5822196e-03 -9.7136193e-03 -7.3704800e-03
   461 :  1.1986189e-02  2.2936425e-02  2.0722453e-03
   462 :  1.1103658e-02 -9.9860717e-03  8.1108467e-03
   463 : -7.6579787e-08 -1.2776973e-07  3.6296193e-08
   464 :  7.2383098e-03  1.4382931e-02  5.2216246e-03
   465 : -1.2826393e-02  8.6423134e-03 -1.4953600e-03
   466 : -2.6425350e-03  5.2730929e-04  5.0738320e-03
   467 : -2.4663974e-07 -2.8550220e-08  3.5806459e-07
   468 :  2.1292478e-06  5.3706774e-06 -3.1506748e-07
   469 : -4.6453284e-13  1.1928915e-12  6.7380807e-13
   470 :  6.2367738e-11 -7.2107765e-11  2.3541041e-12
   471 : -5.5978502e-05  3.7312885e-07 -2.0640255e-05
   472 : -3.0445927e-07 -1.6311926e-07 -3.8558848e-07
   473 : -8.7558888e-03 -4.4634374e-03 -2.3986789e-03
   474 :  1.0379214e-09 -1.1648712e-08 -2.8971753e-09
   475 :  5.2696825e-05 -3.6358608e-05  2.2358785e-05
   476 : -3.1626181e-05 -2.0567919e-05 -1.5191446e-05
   477 : -4.0268647e-12 -1.2489412e-12  6.6219388e-12
   478 :  4.8155205e-03 -1.1777394e-02 -1.5591462e-02
   479 :  1.4584997e-13 -2.0414289e-13 -8.4757116e-14
   480 : -1.5638853e-03 -4.0310162e-04 -4.3166705e-03
   481 :  2.6092812e-04  9.5080310e-05 -2.4607919e-04
   482 :  5.5770365e-08  3.5246278e-08 -2.2468740e-08
   483 :  1.1106004e-02  3.6966400e-03  6.2525562e-03
   484 :  1.3758833e-02 -2.9991329e-03  3.9765383e-04
   485 :  3.1660714e-02 -6.2422913e-02  8.6628603e-02
   486 :  6.1756903e-04  1.3288806e-03 -1.1785806e-04
   487 :  1.1028439e-03  9.0469287e-04 -4.2503862e-02
   488 :  2.7225153e-03  7.5506313e-03  6.3217976e-03
   489 : -2.2936684e-09 -5.6487991e-09  1.4979306e-08
   490 :  1.2271540e-07  5.8661611e-08 -6.8679711e-08
   491 :  4.8158398e-08  7.9037956e-08 -5.7284806e-08
   492 :  1.7148524e-03  3.2113640e-03  9.5232537e-03
   493 :  1.7162148e-03  5.7249765e-03  4.1495696e-03
   494 : -1.7094017e-03 -4.2459402e-03 -5.8534978e-03
   495 :  1.3794736e-02  1.3925325e-02 -1.0444123e-03
   496 :  4.4513847e-06  2.9371426e-05 -4.6461628e-05
   497 : -1.4253648e-10 -2.0200801e-10  6.7974628e-11
   498 :  2.0507127e-09 -2.5562386e-10  1.2073292e-09
   499 :  1.4002283e-03 -1.7507046e-03  2.3738114e-03
   500 :  7.7292333e-12 -9.9336857e-12 -1.1606276e-11
   501 : -2.7893964e-12  1.3225125e-11 -5.4899212e-12
   502 : -3.0562631e-03 -5.7274264e-03  5.8607674e-04
   503 : -1.5716416e-04  1.9991990e-03 -3.0857887e-03
   504 :  3.4582117e-03 -9.7219537e-03  3.2659788e-04
   505 : -4.0168338e-03 -2.7720240e-03  2.6675794e-03
   506 :  2.3684499e-08 -1.0452783e-07 -7.2525816e-08
   507 :  1.4591178e-06 -3.3107210e-07  1.5525156e-06
   508 :  7.7891365e-07  1.2100647e-06 -7.6500509e-08
   509 : -3.3602629e-03 -7.8808517e-03 -9.2805965e-03
   510 :  3.8719287e-06 -6.5993561e-08  5.1366061e-06
   511 :  2.5425199e-03  1.1651572e-02  4.0945774e-03
   512 : -1.2231869e-04 -2.4843248e-04  3.4069177e-04
   513 :  1.1186096e-02 -2.4828483e-02 -2.1908201e-02
   514 :  4.5655730e-03  2.1641237e-02  1.8102964e-02
   515 :  1.6295152e-02  1.9419156e-02  4.7874594e-03
   516 :  1.6825567e-06  3.4800913e-06 -2.5480198e-06
   517 :  6.5657720e-03  2.6418222e-03  3.7393603e-04
   518 :  2.7131106e-02  3.9970679e-03  2.3877768e-02
   519 :  1.0337713e-02  3.5586930e-03  6.1741030e-03
   520 :  1.0254238e-02  2.9615767e-03  1.3834643e-02
   521 :  2.8988804e-03 -1.5656565e-03 -2.7300332e-03
   522 :  6.1286580e-03  2.0302929e-03  6.5719144e-03
   523 :  2.4676986e-03  7.5473560e-02 -4.9152755e-02
   524 : -5.8541479e-03 -1.0108392e-01  1.0040012e-01
   525 :  5.5257636e-03 -6.6740539e-03 -5.0802403e-03
   526 :  1.7907597e-04  4.2319595e-05  8.8309175e-05
   527 : -1.1290652e-09 -6.6852105e-10  4.5127495e-09
   528 : -1.3828861e-02 -2.8306113e-03 -7.0876673e-03
   529 : -1.4252103e-03 -6.3379493e-03 -7.4481880e-03
   530 : -1.3305240e-03 -2.4384345e-03 -4.1109657e-03
   531 :  2.4079779e-03 -1.4787151e-03  5.2787250e-03
   532 :  1.5337106e-04  6.2230220e-03  7.3848800e-03
   533 :  2.6934917e-14  3.6656460e-14 -8.0505642e-14
   534 : -4.5273375e-15 -2.2521860e-14  8.0825007e-14
   535 : -1.4369508e-08  6.5180630e-08 -1.4966816e-09
   536 : -2.1848327e-03  5.2370269e-03  3.6707574e-03
   537 : -6.5700565e-04 -2.8824103e-03 -5.5088869e-03
   538 : -6.8935545e-04 -1.5024241e-04  1.3219948e-03
   539 : -3.2101465e-09  9.4039171e-09  9.7467794e-10
   540 :  2.0885459e-08 -1.1195938e-07 -1.2533184e-07
   541 : -5.9377133e-07  5.7582215e-07  1.6461881e-06
   542 :  1.0357477e-02  1.5432165e-02  1.1866604e-02
   543 : -9.5229758e-11 -7.4825923e-11 -1.7472412e-09
   544 :  1.5348087e-02 -1.6774725e-03  5.5222681e-03
   545 :  1.4185875e-05 -7.7036329e-06 -2.7316333e-05
   546 : -1.7444952e-03  1.6151769e-03  4.0993469e-03
   547 :  1.2509093e-07 -2.7233540e-07  1.9267855e-08
   548 : -2.4524914e-03 -3.1904014e-03 -5.4083165e-03
   549 :  2.7976694e-06  4.2009431e-07  3.7842631e-06
   550 : -4.1290532e-03  4.3533328e-03  1.8650590e-02
   551 :  8.8111267e-03  3.6092580e-03  3.8012317e-03
   552 :  2.3071662e-03 -7.6564376e-03  2.7435709e-03
   553 :  2.7417161e-03  1.0201610e-02  7.9617772e-03
   554 :  6.0609170e-06 -1.4870331e-05  6.1627431e-06
   555 :  6.4950081e-03  1.4340020e-02  8.1147950e-03
   556 :  1.3604171e-06  1.3834195e-06 -1.5976186e-06
   557 :  1.5947177e-02 -2.5185781e-03  6.3911987e-03
   558 : -4.4373317e-03 -6.4308112e-03 -7.0933636e-03
   559 :  1.1445329e-03  1.2536166e-03 -1.9043066e-03
   560 :  6.5310771e-04  4.6103442e-03  1.3418442e-02
   561 : -6.6032799e-03 -8.7234576e-04  1.0368348e-02
   562 :  1.2030691e-03  7.6881248e-03 -5.4028975e-04
   563 : -4.3421938e-12  5.2080275e-13 -1.0390329e-11
   564 :  3.0937966e-03  3.7505844e-03  1.5644826e-03
   565 : -1.8281880e-03 -9.7251667e-04 -5.3592644e-04
   566 : -1.8167399e-07 -3.9228263e-07 -3.1503460e-07
   567 :  9.7660720e-03  1.6032501e-02  4.3966936e-02
   568 :  3.9790630e-03  2.7387788e-02 -1.6516222e-02
   569 :  2.2883716e-03  3.1767839e-03  2.8334484e-03
   570 :  1.0183534e-05 -2.0951197e-05 -1.0326256e-05
   571 :  8.7898637e-03  1.1645551e-02 -1.6351352e-03
   572 :  3.0387520e-12  2.7622703e-11 -1.3787955e-11
   573 : -8.2134043e-03 -7.8853417e-03 -4.2296034e-03
   574 : -6.1802267e-03  4.9317176e-04 -7.5481195e-03
   575 :  1.4286909e-04  3.2227987e-03  6.1823690e-03
   576 : -2.0934414e-03 -1.0239834e-02 -1.1622170e-02
   577 :  8.5253049e-03  5.1872355e-03  6.4695941e-03
   578 :  4.5319046e-13 -6.2832354e-13  4.8138418e-13
   579 :  4.2146453e-03 -1.9066548e-03  8.1647903e-03
   580 :  2.5403070e-03  2.7582977e-03 -1.4884827e-03
   581 :  1.7329166e-06 -1.1858453e-05 -5.7061539e-06
   582 :  1.8416432e-13  7.4439319e-13 -2.2735472e-13
   583 :  5.5788864e-04 -9.8590068e-04 -2.8771671e-04
   584 : -5.9584497e-11  1.1144575e-10 -1.3156307e-11
   585 : -1.3141495e-03 -5.4585773e-03 -2.4317983e-03
   586 :  1.7153279e-07 -7.4648186e-07  2.9456030e-07
   587 : -4.7511089e-06  8.6610681e-05  1.9266199e-04
   588 : -4.8256721e-09 -6.5948894e-07 -7.0665013e-09
   589 : -9.5793334e-03  7.0385094e-03 -1.1990263e-02
   590 :  5.8650873e-03  4.8643717e-03  5.1595879e-03
   591 : -9.9850756e-13  1.7380621e-12  1.3160657e-12
   592 :  3.4497109e-06  1.3423448e-06 -7.6222073e-06
   593 :  7.2222345e-03  5.0058508e-03  6.7140278e-03
   594 :  5.5556606e-04  3.9906146e-03 -1.8683545e-03
   595 :  1.1997713e-02  2.0054514e-02 -6.5648737e-03
   596 : -2.3413094e-02 -2.8730227e-01  2.8217120e-01
   597 :  3.0484173e-03 -4.0345158e-03  6.9367970e-03
   598 :  1.2749377e-04 -1.2474147e-05  1.4715903e-04
   599 :  1.8670066e-03 -8.1359332e-03 -1.3184878e-02
   600 : -2.4526016e-02 -8.2899640e-03 -1.1826820e-02
   601 : -1.5455941e-03 -4.9812256e-03 -5.1677596e-03
   602 :  2.2299065e-08 -1.2121092e-07  1.1006568e-07
   603 :  1.2737905e-09 -8.8714012e-09  6.1147866e-10
   604 : -1.5159080e-04  9.9927007e-05 -1.2521672e-04
   605 : -3.6355056e-04 -2.1188807e-03 -1.9630117e-03
   606 : -3.0685142e-04  6.2123518e-03  2.3284308e-03
   607 :  1.3661214e-02  6.9172678e-03  5.1645821e-03
   608 :  9.6335587e-08  3.6894752e-07 -3.0609258e-07
   609 : -1.5132573e-05 -4.5238250e-06 -9.5849095e-06
   610 :  6.7949856e-09  1.3827650e-08 -3.2069580e-08
   611 : -5.1343892e-04  7.4378366e-04 -1.9016853e-03
   612 :  3.9378584e-02 -1.2004579e-02 -7.6006917e-03
   613 :  1.5665936e-02  9.4982614e-03  3.8481476e-03
   614 : -1.3172339e-02  1.1410745e-01 -8.4628072e-02
   615 :  3.2896535e-02 -2.0379733e-02 -3.7178736e-02
   616 :  3.9798649e-10 -1.5107034e-09  1.1914908e-10
   617 :  1.0823720e-03  4.1943450e-03  5.3735709e-03
   618 :  2.3120738e-03  1.2598545e-04 -1.3844876e-03
   619 : -3.8588415e-07  5.4538035e-07  3.0350153e-07
   620 : -1.1774079e-03  6.3273747e-04 -4.5021875e-04
   621 :  2.9590644e-02 -9.5679056e-03 -1.1830708e-02
   622 :  2.2708682e-03 -3.9099292e-03 -5.1565654e-03
   623 : -2.4060470e-03 -9.0112991e-03 -5.9090414e-03
   624 : -2.5572432e-03  5.6873255e-04  3.4029674e-03
   625 : -9.7550624e-03 -1.0961388e-02  1.5994482e-02
   626 :  7.3159194e-13 -2.4711841e-12  1.0506322e-12
   627 : -2.9041648e-08  1.0091772e-07 -3.6239473e-08
   628 : -1.0308100e-03 -1.1891268e-03  8.1146596e-04
   629 : -1.0376624e-02  4.3794560e-03 -1.3903555e-03
   630 :  1.7290260e-03  6.5559070e-03  1.0329123e-02
   631 :  1.3958645e-02  7.1978726e-03  1.1298114e-02
   632 :  2.4529412e-10 -5.5007826e-10 -2.3046880e-10
   633 :  9.1802964e-03 -1.1371068e-03 -5.1585373e-03
   634 :  1.0971137e-02  8.4932123e-03 -1.1035053e-02
   635 : -2.3095588e-03 -2.5372602e-03 -1.9014704e-03
   636 :  6.7172259e-03  2.1278243e-03 -1.0023523e-05
   637 :  2.3039045e-03  1.4835354e-02  4.0251543e-03
   638 : -4.9832209e-04 -4.3139688e-03 -2.6258053e-03
   639 :  3.5885802e-03  4.5814782e-03 -1.5730508e-03
   640 :  2.7383633e-03 -4.4937025e-03  2.1239523e-03
   641 :  7.4990923e-07 -2.0658793e-06  8.3086130e-08
   642 :  3.0836526e-03 -6.7721351e-03 -3.9160277e-02
   643 :  4.8032463e-03 -2.8716623e-03  4.6411283e-03
   644 : -1.7420143e-02 -3.4838973e-02  9.6165652e-03
   645 : -1.3746329e-03 -1.0890106e-02 -9.8403540e-03
   646 :  1.5063545e-02  1.2578926e-02  6.3704428e-03
   647 : -2.0315722e-02  1.0619209e-02  7.5991135e-03
   648 : -4.0182399e-04 -2.6846058e-03  8.9234895e-04
   649 :  4.3906615e-03  2.8776806e-03  2.2945958e-03
   650 :  1.3320954e-02  1.4534537e-02  5.9274126e-03
   651 :  3.9656605e-02  5.9875957e-03 -2.9448016e-02
   652 :  6.2107800e-03  1.5684595e-02  5.3077325e-03
   653 :  3.4095370e-03  1.4128679e-03 -5.3338706e-03
   654 : -1.7538480e-05 -1.6566309e-05 -3.4435862e-05
   655 :  7.6434452e-03  1.1938404e-03  6.0744830e-03
   656 : -3.7718159e-03 -4.2702547e-03 -2.1349530e-03
   657 :  1.5710303e-02  9.8066259e-03  9.4177625e-03
   658 : -5.1552259e-03  2.1463363e-03 -1.8187057e-03
   659 : -8.0432861e-03 -1.2863955e-02 -1.0265120e-02
   660 :  6.7288822e-04  3.1524478e-03 -5.8024518e-03
   661 : -1.5989437e-02 -5.7712732e-03 -1.4733460e-03
   662 : -1.7223942e-03 -1.8173422e-03  4.6191602e-03
   663 :  2.4380156e-03 -2.8675292e-03 -2.6420972e-04
   664 : -7.7990068e-03  2.3059585e-02  1.1275702e-02
   665 : -4.8931161e-03 -3.5015768e-03 -6.1119056e-03
   666 :  5.1833137e-10 -6.4884907e-10 -6.0899911e-10
   667 : -1.2439189e-05  1.9917271e-06 -4.2572734e-06
   668 : -3.6423400e-03 -3.6468714e-04  3.1970569e-03
   669 :  1.2525012e-12 -8.5010637e-13 -2.2660620e-12
   670 : -1.1927462e-03  4.0110166e-03  5.3086885e-03
   671 :  1.1175582e-03 -1.1330520e-03  2.6814160e-03
   672 :  5.7817006e-03  4.3297585e-03  6.1860194e-03
   673 :  8.4485542e-03  4.6024325e-03  8.2592277e-03
   674 : -2.4043481e-03  7.4514506e-03  8.2472616e-03
   675 :  7.6524735e-03  9.2501552e-03  6.9712785e-03
   676 : -1.4137281e-02 -1.4696831e-01  1.2973149e-01
   677 :  1.0736730e-02  9.3727462e-03  9.9608809e-03
   678 :  1.5488497e-03  2.3713166e-03  5.6362970e-03
   679 : -7.5352387e-03 -4.2114725e-03 -5.8822338e-03
   680 : -8.2696395e-03 -3.0916060e-03 -5.2427643e-03
   681 :  1.5823336e-06  1.2451755e-06 -9.1112082e-07
   682 :  3.3044062e-06 -1.2641405e-06  1.2198931e-06
   683 : -1.6352729e-05 -1.3108323e-05 -1.0337853e-06
   684 : -9.5021321e-07  7.1549329e-07 -4.3659688e-07
   685 : -1.6632518e-03 -7.3629297e-03 -9.2049235e-03
   686 :  5.0498852e-03  8.4823143e-03  2.9094761e-02
   687 : -1.5347917e-06 -1.7624472e-06  5.0752422e-06
   688 :  9.4872987e-03  1.0463887e-02  1.0146792e-02
   689 : -5.8583156e-03 -4.6782936e-03 -3.8593162e-03
   690 :  6.5519554e-04  7.9269989e-03  1.3390057e-02
   691 : -8.6387739e-03 -8.5891322e-03 -9.2010328e-03
   692 : -2.6805774e-03  1.7477135e-03 -9.2546828e-03
   693 :  1.4392130e-12 -3.1287447e-12 -1.7759871e-12
   694 :  1.4293029e-08  5.1371068e-09 -2.5702196e-08
   695 :  4.0505177e-03  1.6264291e-03  6.1502386e-03
   696 : -8.9106970e-03  3.0083959e-03  1.0399273e-03
   697 : -3.1140308e-02 -2.9330482e-03 -2.2026748e-03
   698 :  4.9378239e-03  1.2617860e-03  3.3801670e-03
   699 :  2.9393458e-04 -2.4673053e-03  3.8291487e-03
   700 :  1.6903029e-12 -1.7838735e-12 -4.5582974e-12
   701 :  6.0313503e-11 -3.8128951e-10  1.6496778e-10
   702 :  8.3601248e-06 -2.8351462e-05 -3.9179116e-06
   703 :  6.9902211e-03  1.8393690e-03  6.1095304e-03
   704 : -2.8052895e-02 -4.9579239e-02  4.5940780e-03
   705 : -1.1155057e-07 -2.2696837e-07 -5.0248962e-08
   706 : -2.6168899e-01  2.1543832e-01  5.5902034e-02
   707 :  7.4723568e-03  3.1241291e-03 -1.8439291e-04
   708 : -9.1510609e-03 -2.6614733e-03 -4.2226860e-03
   709 :  3.6766748e-03  5.4760996e-02 -3.0446087e-02
   710 : -5.1869890e-04  3.2970633e-04  3.5052833e-04
   711 :  7.5350710e-03  6.6955574e-03  1.8784455e-03
   712 :  3.4808084e-03  2.2545182e-03  1.0553309e-03
   713 :  4.5107025e-03  1.0790374e-02  4.7723518e-03
   714 :  6.6761574e-03  3.4519709e-03  6.7784406e-03
   715 : -5.1723472e-03  7.6947804e-03  1.3350661e-02
   716 : -1.7730171e-08  1.7904006e-08 -3.6983065e-09
   717 :  9.7185704e-04 -2.6898728e-03 -4.8083080e-03
   718 : -1.5629036e-03  8.5573579e-03 -3.6606741e-03
   719 :  1.1710302e-02  7.3457357e-03 -1.7698022e-03
   720 : -9.9722533e-04 -3.8000597e-03  2.3191414e-03
   721 :  2.0255823e-02  1.9390779e-03  1.7556613e-03
   722 :  2.1517461e-06  1.7447715e-06 -2.9351133e-07
   723 :  3.6797666e-06 -4.6954684e-05  3.0209474e-05
   724 :  1.1100265e-06 -1.7742082e-06  1.7405539e-06
   725 :  3.9386847e-03  2.2043621e-03  3.5341518e-03
   726 :  1.0344538e-02  1.2341671e-02 -1.3610056e-03
   727 :  8.3764696e-03  4.1703619e-03  3.2739445e-03
   728 :  1.2699190e-03 -8.2455088e-04 -2.8594024e-03
   729 :  1.2513777e-02 -1.8292224e-02 -9.0675077e-03
   730 :  4.7664193e-03  7.4172749e-03  6.5302568e-03
   731 :  6.6176281e-06 -3.8340041e-06 -3.8483632e-07
   732 : -7.5352084e-04 -6.6213166e-04 -5.3850754e-04
   733 : -4.7168011e-03 -3.1290796e-03  1.0086204e-03
   734 : -6.6678286e-02 -8.5973593e-01  9.1763126e-01
   735 : -8.6090427e-03 -6.2309484e-01  6.0907428e-01
   736 : -7.7594928e-04 -2.4669891e-03 -4.5649881e-03
   737 :  1.0921487e-02  1.1232924e-02  6.8026315e-03
   738 :  1.9214988e-03 -2.9471480e-03  1.9977380e-03
   739 : -6.2668284e-03 -4.6360454e-03 -8.3046306e-03
   740 :  3.8670660e-03 -7.3767596e-03 -2.0468019e-03
   741 :  8.1898227e-03  1.0469460e-02  5.8486466e-03
   742 :  1.2671225e-03 -2.6398596e-04  6.3764035e-03
   743 : -5.3558104e-03 -3.4402486e-03 -8.5297143e-03
   744 :  2.1527427e-03  2.7002138e-02  4.3798554e-03
   745 : -2.1471774e-07  1.5443609e-06  8.2703881e-07
   746 : -2.2552540e-05  6.2306577e-06  1.5989888e-05
   747 : -1.5079028e-03 -9.9105700e-04  4.5519390e-03
   748 :  3.6545580e-03  8.5481341e-03 -5.7629496e-03
   749 :  2.2394427e-03 -3.3459593e-03 -6.7334825e-04
   750 : -2.3486406e-07 -4.9997045e-08 -9.2873038e-09
   751 :  5.4630023e-03  7.5745996e-03  1.0114250e-02
   752 :  5.2715049e-02  5.0335919e-03 -2.8507786e-02
   753 : -5.1998225e-03 -9.9669603e-04  3.7051205e-03
   754 :  1.9105009e-04  2.3756962e-04 -5.0722994e-04
   755 :  8.1889781e-03  1.9187762e-02  1.4163317e-03
   756 :  9.2546702e-03  7.3788375e-03  9.1204906e-05
   757 :  6.0620768e-13  5.8005794e-13 -5.9350916e-14
   758 :  1.1250111e-02  2.4214598e-02  1.2737350e-02
   759 :  6.9940220e-03  3.1956531e-03  1.4090398e-02
   760 :  1.1236020e-02  1.2305947e-02  4.9895555e-03
   761 :  1.4821189e-03 -2.1886231e-03 -8.9154250e-03
   762 :  1.6290407e-02 -1.3459712e-02  5.4047529e-02
   763 : -7.2372853e-09  1.3012739e-08 -4.0725686e-09
   764 : -2.5012110e-10 -3.0165219e-09  1.7251375e-09
   765 :  6.4781186e-03  6.4005457e-03  9.8286753e-03
   766 :  6.2505118e-03  1.7987694e-02  1.5596821e-02
   767 :  3.4365622e-02  1.2751834e-01 -6.0946484e-02
   768 :  6.8897365e-07 -3.4067548e-07  1.8974988e-06
   769 :  8.2401409e-03  7.2248779e-03  9.2602579e-03
   770 :  6.5125194e-03  1.4202243e-02  1.9162006e-02
   771 : -1.6133280e-04  1.4182218e-02 -1.2620621e-02
   772 : -1.2815913e-03 -5.0393353e-03 -1.8971066e-03
   773 :  2.2289258e-02  1.0357346e-02  9.7621230e-03
   774 :  1.4596639e-02  9.9828812e-03  5.7636242e-03
   775 :  2.2003395e-02 -2.5076815e-01  2.4810629e-01
   776 :  8.8635890e-03  1.3004320e-02  1.0676981e-02
   777 : -3.2992779e-04  5.0148796e-03 -1.8550273e-03
   778 : -5.0153731e-03 -9.9329576e-03 -3.0841976e-03
   779 : -3.4677983e-05 -1.8524534e-04  7.6370709e-05
   780 :  2.1889542e-02 -6.1561404e-03  1.8225415e-02
   781 :  1.4747730e-07 -1.6170686e-07 -2.2488365e-07
   782 : -1.3555495e-13 -1.3494485e-13  2.1448243e-13
   783 : -2.6413322e-02  4.6656251e-03 -2.9492005e-03
   784 : -1.5423721e-02  3.0369913e-02 -5.9692793e-02
   785 : -7.8204445e-07  1.1229988e-06 -3.8633438e-07
   786 :  2.5563033e-02  1.3614472e-03  1.0290517e-02
   787 :  2.1940559e-03  2.4717199e-03  5.8145254e-03
   788 :  2.0940331e-06 -4.6535978e-07  1.4032540e-07
   789 : -2.6074131e-05  2.3172735e-05 -9.6878908e-05
   790 :  3.9801453e-03 -2.0161423e-03 -6.4010837e-03
   791 :  4.7782235e-03  7.3131048e-02 -5.2121529e-02
   792 : -2.2323228e-03 -6.1312666e-03 -4.2615705e-04
   793 : -7.1371387e-04 -2.6323659e-03 -4.6256272e-03
   794 : -8.2436331e-03 -1.0110292e-02 -6.8396494e-03
   795 :  1.6721508e-03 -5.0867837e-03  3.1925587e-03
   796 : -2.0198857e-03 -4.1242294e-03 -4.1161973e-03
   797 :  1.6260220e-06  1.5710834e-06 -5.1044904e-06
   798 :  2.5434042e-03  6.4280396e-02 -5.8579968e-02
   799 : -2.0983258e-03  5.3873036e-03  7.8392696e-03
   800 :  6.6646438e-03  6.6309369e-03  9.7081658e-03
   801 : -1.8809835e-06 -5.0463418e-05  8.0375032e-05
   802 : -8.0221890e-03 -3.5658001e-01  3.4695009e-01
   803 : -1.6554491e-03  4.5763472e-03 -2.5949325e-03
   804 :  6.3357186e-03  9.9814022e-03  9.6949684e-03
   805 : -1.0023668e-02 -3.5014183e-03  1.4117625e-02
   806 : -9.5105103e-05 -6.9963352e-05 -1.6140807e-04
   807 :  9.9706178e-07  3.7796223e-06 -2.2322893e-06
   808 :  1.5729479e-02  8.0889266e-03  8.3417446e-03
   809 :  9.3093602e-03 -2.7155571e-03  3.0472547e-02
   810 :  1.9650106e-06 -7.0265895e-06  2.7840453e-05
   811 : -2.0817462e-13 -1.6785996e-13  6.3986652e-13
   812 :  1.0068630e-02  6.4086863e-03  6.0859519e-03
   813 : -5.3745071e-03 -2.2772127e-01  2.4696963e-01
   814 : -2.0217055e-12  1.1427774e-13  1.7974226e-12
   815 : -3.5289202e-14  3.7770781e-14 -8.2442970e-14
   816 :  1.2938298e-10 -1.7859382e-10  1.9635107e-11
   817 :  4.2561815e-12  1.6877181e-11 -2.6068772e-11
   818 : -5.0062853e-13  1.2162489e-11 -9.3357309e-12
   819 :  1.3881187e-02 -1.4592928e-02  1.7049357e-02
   820 :  1.2005761e-12 -3.9480503e-12  8.7785430e-13
   821 :  1.5713332e-03  1.8835937e-02 -1.0330150e-02
   822 : -4.6336954e-02 -3.7790771e-03 -3.4297203e-02
   823 :  1.8509601e-04 -3.9966016e-04  2.0194030e-04
   824 : -4.1163044e-04  2.1058454e-03  8.9335039e-03
   825 : -1.2015637e-08  1.2427250e-08  6.6597767e-09
   826 :  2.4566017e-03  4.6465266e-02 -4.1332403e-02
   827 : -1.0642834e-04  8.0669108e-05  1.1232366e-05
   828 : -5.0209628e-04  4.6315533e-03 -2.3682803e-03
   829 : -4.5393482e-03 -8.7689035e-02  8.1459629e-02
   830 : -1.3425635e-02 -1.1354584e-02  1.5812187e-02
   831 : -2.7807651e-03 -2.2045031e-01  1.9722853e-01
   832 :  1.7006897e-02  1.3459644e-02  3.5491347e-02
   833 : -5.3478783e-03  6.3894598e-02 -1.0233876e-01
   834 : -4.5254447e-12  2.4954913e-12 -6.8272884e-12
   835 :  1.2519610e-13 -1.6089022e-13  3.1524653e-13
   836 : -7.7384210e-03 -4.3453507e-02  4.4413904e-02
   837 : -3.2290319e-06  5.4141998e-06 -2.4707364e-06
   838 :  1.5098371e-03  4.9100009e-03 -1.2754380e-03
   839 : -1.5068987e-03 -9.7016090e-04  1.3551588e-03
   840 :  9.0364047e-06 -7.8775399e-06  9.0661336e-06
   841 : -1.9791933e-04  5.3406086e-05  4.3898980e-05
   842 :  4.1511922e-03 -2.6829107e-03  5.8434290e-03
   843 : -6.2258478e-05  8.7720595e-05 -3.0344660e-05
   844 :  3.6349730e-03  1.7822149e-02 -6.6426850e-03
   845 :  9.3030717e-09  8.1551181e-09 -2.8159405e-09
   846 : -8.5950009e-03 -1.7170199e-01  1.5345817e-01
   847 :  1.5524803e-02  4.0323781e-02 -8.5068341e-03
   848 : -4.3953781e-15  1.1599420e-14 -3.6962219e-15
   849 :  6.4538696e-04  6.4609473e-03  4.3219285e-03
   850 :  1.6295818e-03 -2.9978719e-03  4.4689455e-03
   851 :  8.2795076e-04 -1.1517497e-03 -8.1768267e-04
   852 :  1.6219837e-09 -4.7551213e-09  1.1388556e-09
   853 :  1.4224452e-02 -7.2814104e-03  1.6953239e-02
   854 : -9.5020516e-16  3.3011418e-15 -4.2685505e-16
   855 :  6.7634202e-03  2.8674201e-03  4.7900880e-03
   856 : -1.3095332e-02 -3.4152184e-03 -8.6444128e-03
   857 :  4.0057350e-03  5.1180555e-03  1.5142831e-03
   858 :  1.5427150e-03  9.6134793e-04  9.9473532e-03
   859 :  1.1333725e-09 -9.6583956e-09 -1.5251472e-08
   860 :  1.0052810e-02  3.2760215e-03 -1.1954204e-03
   861 : -1.4784978e-03 -5.3807083e-03 -3.5325321e-03
   862 : -7.7075819e-03 -4.9779449e-03 -9.5529318e-04
   863 : -3.3091959e-03  1.8664688e-03  4.4308285e-03
   864 :  5.1065877e-03  2.0031588e-03  3.9307025e-03
   865 :  3.3994278e-03  5.6762375e-02 -2.0930038e-02
   866 :  7.0993839e-02 -1.5991809e-02 -4.2187692e-02
   867 : -4.1902516e-03 -2.6063702e-03 -5.7474397e-03
   868 :  1.3684515e-02  1.2304777e-02  4.5719988e-03
   869 :  9.1936448e-03  1.3375026e-02  7.7571952e-03
   870 :  1.6950952e-02 -1.0027207e-01  1.3455034e-01
   871 : -3.3587345e-03 -4.3523893e-02  2.4111823e-02
   872 : -4.0500699e-03 -3.8355620e-03 -5.9618560e-03
   873 : -1.3680347e-03  3.3181760e-04  2.8164951e-03
   874 :  3.1101023e-03  2.5133723e-03 -1.4987146e-03
   875 :  1.2348367e-04 -1.6262327e-05  2.1906453e-05
   876 :  6.0221898e-05  1.1602217e-04  8.9581943e-05
   877 :  7.2541844e-12 -1.0829000e-11  1.5325452e-11
   878 :  2.2277701e-10 -3.5617361e-10  6.0575683e-12
   879 : -5.2729089e-04 -3.4274213e-04  1.4057416e-03
   880 :  4.5008375e-03  1.9185675e-03 -2.9510946e-03
   881 : -4.7846532e-12  1.1617148e-12  2.1486218e-12
   882 :  1.5545299e-12 -6.0433094e-12 -3.2023591e-12
   883 : -3.0000792e-05  2.0016110e-05 -2.1769399e-05
   884 : -1.8642898e-05  1.0312280e-04 -5.0711020e-05
   885 : -5.7892802e-03 -1.0470277e-02 -1.1507231e-02
   886 : -1.6571468e-02 -2.3119692e-03 -3.4202230e-03
   887 :  9.2217757e-03  1.5609026e-02  5.3490652e-03
   888 :  5.7225400e-03  7.7329515e-04  1.0492509e-02
   889 : -9.5246095e-04 -5.1015519e-03 -1.7397311e-04
   890 : -5.4481266e-04  3.3841792e-03 -5.4310390e-04
   891 : -1.6466790e-04  2.3267288e-05  8.6068500e-05
   892 :  5.4712425e-04 -1.2868448e-03 -4.9062511e-04
   893 : -3.3226851e-02  4.8312103e-02  4.5561163e-02
   894 :  1.9260007e-02  2.3167700e-02  4.4471495e-03
   895 :  1.0226367e-03 -4.5153675e-03 -8.1793670e-03
   896 :  1.7587612e-03 -2.6653268e-03 -7.0444875e-03
   897 : -1.2924179e-05  3.4144075e-06 -3.6872582e-06
   898 : -1.1827258e-05 -7.3493796e-06 -3.4869657e-07
   899 :  1.1250859e-02  6.2634096e-03  7.3841217e-03
   900 :  7.6284158e-03  1.1344085e-02  1.0844822e-02
   901 :  9.4092691e-03  1.6317108e-02 -1.4658143e-03
   902 :  2.4793273e-03 -9.8145241e-03  6.0151895e-03
   903 :  5.8675822e-03  6.2665236e-03 -3.7836709e-03
   904 : -4.3289035e-03 -1.6898894e-03  5.3757754e-03
   905 :  8.1572587e-04  3.7359927e-03  1.7700480e-03
   906 :  3.8592777e-03 -4.4347530e-03  2.5636187e-03
   907 :  4.5879023e-03  1.7267328e-02  3.3824528e-03
   908 :  1.4561299e+00 -2.6258028e+00 -1.5235224e-01
   909 : -4.5140299e-01  8.9971383e-02  1.0232700e+00
   910 : -2.2305576e-03  1.1513716e-03  1.3155849e-03
   911 :  1.4083733e-03 -3.2691267e-03 -2.1184387e-03
