Number of elements 912
     0 :  1.8056224e-07  1.5388863e-07 -4.5737894e-07
     1 :  1.5755770e-03 -2.2719963e-03 -4.0432964e-03
     2 :  1.6171491e-02  5.7715830e-03  9.7098773e-03
     3 : -1.2191791e-04  1.4164544e-06  2.6204535e-04
     4 : -4.8390605e-03 -1.2505443e-02 -1.2156985e-02
     5 : -5.2299953e-02  6.2139774e-03  4.0400213e-02
     6 : -1.8873538e-14  2.0908694e-13 -7.5672413e-14
     7 : -6.7036660e-03  1.0522639e-02 -5.6731103e-03
     8 : -1.2702036e-03  1.5501513e-02 -4.8192958e-03
     9 : -2.9696048e-12 -4.8522515e-12  9.9432287e-12
    10 : -4.4765420e-03  2.4499076e-02 -7.8308513e-04
    11 : -3.1611555e-14  9.8803543e-14  6.3190667e-15
    12 : -3.2417166e-03  2.1864010e-02 -2.4469606e-02
    13 :  1.5970609e-02  2.8801681e-02  1.9221358e-02
    14 : -8.1411625e-06  2.3722853e-05 -1.0109879e-05
    15 :  1.8372134e-02 -5.6552109e-03  3.4319249e-03
    16 :  3.7571517e-15 -1.0178663e-14 -6.2066443e-15
    17 :  1.9944169e-09 -1.7451604e-09  2.7115039e-09
    18 :  2.5301564e-03 -7.2450851e-03  3.1139762e-03
    19 :  1.2143679e-16 -1.4681372e-16  1.7075517e-17
    20 : -1.0341592e-08 -8.0107511e-09  3.1652150e-08
    21 : -8.8037799e-03 -5.9603967e-03 -1.3537120e-02
    22 : -5.3615408e-03  1.5959976e-02  2.6011201e-02
    23 : -3.9753992e-16 -3.3072924e-15  5.1154298e-15
    24 :  1.4479762e-05 -2.5713946e-03 -8.2524591e-04
    25 : -2.5092315e-17  2.4014252e-17 -1.8443969e-18
    26 : -3.6363267e-03  7.5628446e-03 -4.3797801e-03
    27 :  1.6861313e-02 -6.8118284e-02 -5.3774385e-02
    28 : -6.2138479e-03  6.8627947e-03 -2.3227931e-02
    29 :  7.2244592e-04 -8.4492148e-06 -2.9581449e-03
    30 :  1.8079301e-02  4.9095654e-02  2.9471888e-03
    31 : -6.0992560e-05 -2.8453495e-05  1.2066109e-04
    32 : -9.1762227e-13 -4.0781163e-13  3.7563689e-12
    33 :  6.1266238e-03  1.5701636e-02  9.0660727e-03
    34 :  9.8911650e-18 -2.4979479e-17 -3.4491845e-18
    35 : -4.1137714e-05 -7.5227961e-05  5.3650069e-05
    36 :  1.4156881e-02  8.3015301e-03  1.1171253e-02
    37 : -3.0778169e-03  1.0725381e-02 -1.5122231e-02
    38 : -7.8745331e-03 -2.0371765e-02 -7.9068483e-03
    39 :  4.5544043e-04 -3.1804129e-03 -4.5331132e-03
    40 : -2.7188985e-03  3.8895357e-03 -1.1322997e-02
    41 : -1.1510795e-02 -1.3374985e-01  1.3866163e-01
    42 : -5.8986256e-16  6.8482136e-19  2.5535316e-16
    43 : -5.3807725e-09  1.8465098e-08  1.8153152e-08
    44 : -1.9332453e-02 -1.5474739e-02  9.7359513e-03
    45 : -3.8682799e-06  1.7833439e-06  1.7036236e-06
    46 :  8.6530980e-06 -2.7863139e-06  3.0822121e-06
    47 :  2.7639891e-12  1.6918136e-12  3.0889648e-13
    48 : -1.2334163e-15  4.1926709e-14 -2.8579726e-14
    49 : -3.6568586e-03  2.9063437e-02  2.2121711e-02
    50 :  2.1372284e-02  1.3407075e-02  2.7537730e-03
    51 :  9.2645147e-03  1.4975953e-02  8.3386194e-03
    52 :  1.1989349e-02  3.8894028e-02  1.2213224e-02
    53 :  3.4384048e-13 -1.4561887e-13  2.7078813e-14
    54 : -6.4388135e-03 -4.9227577e-03  5.8702888e-03
    55 : -8.5963773e-03 -5.1943816e-03  3.0030188e-03
    56 : -1.3259503e-02 -3.6891857e-04 -1.0427780e-02
    57 :  2.9393158e-02  2.0372611e-02 -5.9055476e-02
    58 :  2.0885802e-02 -3.1623180e-01  3.3816061e-01
    59 :  1.2921463e-02  1.4442415e-02  2.4980654e-02
    60 : -9.0147039e-03 -1.2844883e-02 -2.5757082e-02
    61 : -2.5663095e-03  1.0748161e-02  6.8932892e-03
    62 : -2.9284287e-03 -2.8032785e-03 -3.7509497e-04
    63 :  1.0654493e-02  9.1907446e-03 -1.2133725e-02
    64 : -8.6843398e-03  1.3457994e-02  4.3346594e-03
    65 :  3.8940332e-04  2.4590927e-04  2.1312504e-04
    66 :  1.9119122e-05  1.8843030e-04 -5.6168746e-05
    67 :  2.3049165e-13 -3.9588666e-13 -4.8774533e-13
    68 : -5.7886621e-14  1.8775076e-13 -3.9184120e-14
    69 :  3.3802936e-13 -4.5187569e-13 -5.3582395e-13
    70 : -9.2163459e-07  5.4387700e-06  6.7311035e-06
    71 : -2.2011980e-02  2.4445843e-03  2.1338938e-03
    72 :  9.9976212e-16 -3.2885152e-15  1.1010681e-15
    73 : -4.5214606e-02 -2.2807056e-03 -5.6777294e-03
    74 : -1.5843253e-09  1.5403952e-08 -7.4419452e-09
    75 : -2.7955739e-10  2.3437555e-10  2.3543773e-10
    76 :  1.1321937e-15 -3.7412391e-15  8.4033155e-16
    77 : -6.4141184e-11  6.2208368e-10  5.7209915e-11
    78 : -1.1726200e-12  4.5322156e-12 -1.4909073e-12
    79 :  5.4406585e-08 -2.9837079e-08  6.8379318e-08
    80 :  9.8464289e-23  1.1480813e-20 -3.1985884e-21
    81 :  1.2763644e-12  4.3611132e-11 -2.0424505e-11
    82 :  3.3883228e-03  2.1412703e-01 -1.9470816e-01
    83 :  8.4209360e-19 -5.3380863e-18  5.3890329e-18
    84 :  2.0961062e-17 -2.4987092e-16  1.3178660e-16
    85 :  3.0355091e-02  1.5244610e-01 -8.6241482e-02
    86 : -3.1877850e-09 -2.4842767e-09  9.9667281e-09
    87 : -1.8685228e-09  2.2032011e-08  6.7140026e-09
    88 : -1.9136878e-03 -1.8248645e-03  1.5304684e-03
    89 :  9.9317326e-03  1.1211379e-02 -2.8870584e-03
    90 :  4.4670421e-15  9.2827404e-15 -6.4961566e-15
    91 : -3.8323812e-03 -1.4959207e-02 -1.2296799e-02
    92 : -4.4556824e-06 -2.1764596e-05  1.5352124e-05
    93 : -8.1765254e-20  1.6679422e-20  1.5322873e-20
    94 : -8.0743326e-08 -1.5711497e-08  1.6724282e-09
    95 :  4.8183449e-14 -1.5970412e-14 -1.9090076e-14
    96 : -6.1529961e-05 -4.7608424e-05 -1.6540755e-05
    97 :  2.5388316e-05 -4.4803572e-05 -2.6785026e-05
    98 :  2.9357431e-02  1.1644818e-02  1.4330257e-02
    99 : -1.7252859e-12 -3.3267840e-12  1.9315245e-12
   100 : -7.2798054e-13 -3.9074818e-13  2.4079163e-12
   101 :  7.4595114e-05  3.8559538e-04 -8.0823781e-06
   102 : -7.0285736e-03 -1.6942568e-02  8.0285035e-03
   103 :  1.4530425e-18  2.5217377e-19 -2.0311222e-18
   104 :  1.5533906e-06  4.1617030e-07 -1.0456960e-06
   105 :  4.5458126e-02  2.2925373e-02  1.5858473e-02
   106 :  5.1103099e-04  3.6462177e-04 -1.4776183e-03
   107 : -1.4958122e-03  4.8381481e-03 -2.3816054e-03
   108 :  1.8674298e-02  1.7064910e-02  2.3491995e-02
   109 :  2.5224824e-02  1.3386717e-02 -2.0253889e-03
   110 : -4.6548245e-02 -1.5861401e-03 -2.3848717e-02
   111 : -3.7317878e-03  3.4409186e-05 -3.8464647e-04
   112 : -1.0294695e-11  1.9553620e-11  1.7414530e-11
   113 :  9.0894946e-03  1.9042976e-02  1.6738313e-02
   114 :  6.3519112e-05  1.2674663e-04 -9.3418968e-05
   115 : -2.3769112e-02 -9.9868991e-02  6.2226568e-02
   116 :  2.8871012e-02  3.4086984e-02  1.9241726e-02
   117 : -3.8829218e-03 -3.8473570e-03 -1.3945887e-02
   118 : -5.0171407e-03  2.3255029e-02  3.2015396e-03
   119 :  1.0152721e-13  5.1208501e-14 -2.3149058e-13
   120 : -1.2707405e-05  7.3930493e-06 -4.0707012e-06
   121 :  6.5693124e-11 -5.2970746e-10  1.7385234e-10
   122 : -1.7849524e-03 -8.0531029e-02  6.3490113e-02
   123 : -8.0234319e-18  8.3533958e-18 -2.2535631e-18
   124 :  3.1893161e-13 -3.2123574e-13  2.5994260e-14
   125 :  1.2317593e-21 -3.8043481e-21  1.2419379e-21
   126 : -2.8293853e-09 -4.5697756e-09  1.2591929e-08
   127 :  1.1042980e-09 -2.3473424e-09 -5.0820991e-10
   128 :  3.4315189e-02  2.9776167e-02  1.2169085e-02
   129 :  1.2364802e-07  1.0023574e-07 -4.9118249e-07
   130 : -3.9488080e-03  3.5211701e-03 -9.9287738e-03
   131 : -2.9110875e-02  1.7648720e-02 -9.7645478e-03
   132 : -9.6836068e-04 -1.9644277e-02 -5.2087680e-03
   133 :  1.5212936e-02  2.1280009e-02  1.0482223e-02
   134 :  4.3540876e-03  2.6041712e-02  2.7106352e-02
   135 : -1.8535280e-02  1.5138600e-02  2.8511375e-02
   136 : -9.7870772e-04 -2.6429262e-03  1.0702577e-03
   137 : -1.5133762e-03  2.3477445e-02  3.0799762e-02
   138 :  1.7654154e-04  2.2426239e-03  5.1610039e-03
   139 : -4.9905742e-03  8.4321295e-03 -3.4092865e-03
   140 : -6.4801300e-12  3.0316410e-11 -8.5645828e-12
   141 : -1.6476880e-11  2.7782173e-11  9.0260341e-11
   142 :  1.0223496e-02 -5.3667169e-03  1.8548408e-02
   143 :  4.7402167e-14 -1.7249162e-13  9.3488320e-14
   144 :  1.0697371e-04  2.9846480e-04  4.4740315e-04
   145 : -1.2301730e-04  7.1557764e-04 -3.3034563e-04
   146 : -9.1653405e-07  3.8329821e-07  1.1256843e-06
   147 :  1.0332423e-14 -8.5895707e-15 -2.9771497e-15
   148 : -5.3155855e-07  2.5279600e-06 -1.9974767e-06
   149 :  1.0214039e-02  9.2907110e-03  7.9491566e-03
   150 : -2.6563698e-04  7.2039453e-04  4.4133961e-04
   151 :  2.6450392e-10 -1.6226563e-10 -9.0619093e-10
   152 : -1.0043587e-07 -1.7384564e-08  9.4232721e-09
   153 :  4.4785035e-02 -1.1812498e-02 -2.3587208e-02
   154 : -9.3031621e-21 -1.0920775e-20 -3.4586089e-20
   155 :  3.8662810e-14 -6.3307211e-14  4.4659589e-15
   156 :  4.2534957e-16  5.1820788e-16 -1.6265339e-16
   157 :  1.3161056e-05 -2.2877462e-05 -7.5258162e-06
   158 :  5.6830718e-03  1.4822619e-03  1.0389402e-02
   159 :  4.9715547e-04  3.1113894e-04 -1.8385846e-04
   160 : -2.8538983e-20  1.7364962e-20  1.7660960e-20
   161 :  3.7837110e-18 -2.3532396e-18  2.3492285e-18
   162 :  4.1107127e-03  5.7931911e-03  1.0170694e-02
   163 : -1.8983102e-02  3.9045174e-02  2.4502712e-03
   164 : -9.1351782e-10  1.8789958e-09 -9.7625892e-10
   165 :  1.2424907e-03 -4.4583884e-03 -8.7509780e-04
   166 : -1.2610025e-14  7.1781383e-15  2.5787520e-14
   167 : -2.0991861e-03 -1.7605486e-03 -8.4071947e-04
   168 :  2.9305073e-03 -7.4987925e-02 -3.4758010e-03
   169 :  2.2213697e-02  1.1794504e-02  9.0606119e-03
   170 :  6.7166152e-15 -2.7933710e-14  1.0090965e-13
   171 : -3.3756643e-14 -1.0587831e-13  2.3735797e-13
   172 :  9.2970826e-03 -2.0340739e-02 -1.2993915e-02
   173 :  3.8023890e-02  2.7108924e-02  1.4663521e-02
   174 : -2.9417482e-03  5.9858919e-03 -2.9465781e-03
   175 : -3.4248687e-07  1.5447316e-07  1.5126447e-07
   176 :  2.3140049e-12 -2.7116796e-12 -4.1899235e-12
   177 :  6.1977462e-04 -2.1902623e-03 -2.3043960e-03
   178 :  4.2118939e-02  4.9868751e-01 -4.5402314e-01
   179 : -4.1589268e-03 -1.4030933e-03  1.9162920e-02
   180 : -1.4796281e-15 -3.7016614e-15  1.3935512e-15
   181 :  5.3582837e-04 -2.8607515e-02 -2.2423290e-02
   182 : -2.1603028e-08  2.6584511e-08 -6.1576147e-08
   183 : -2.9520383e-02 -3.5623765e-02 -1.5864525e-02
   184 :  1.0974756e-18  2.6484165e-18 -9.2839915e-19
   185 : -5.4904481e-09 -2.6411240e-09  3.0268208e-09
   186 : -3.1601179e-05  1.6946055e-05 -4.6326336e-06
   187 : -6.8495230e-03  2.3780671e-02  1.1918584e-02
   188 :  3.4187446e-03  1.9197461e-01 -1.9079356e-01
   189 :  5.1035532e-02 -8.5847637e-03  2.3376618e-02
   190 :  9.4191397e-05 -3.0205316e-04  3.6563627e-04
   191 : -2.1744713e-17  2.3739981e-18  2.0659165e-17
   192 : -4.5417335e-02 -8.5850724e-03  5.0077986e-04
   193 : -9.1953732e-03  9.0513306e-03 -1.9247198e-04
   194 :  2.4842413e-02  2.3268600e-01 -1.7207752e-01
   195 : -1.8737268e-06 -7.8782725e-06  3.5671776e-06
   196 :  2.7976367e-15 -4.3307978e-15 -1.9775356e-15
   197 :  1.4173429e-14 -2.3913176e-14 -7.9124957e-15
   198 :  1.3236076e-04 -4.1201520e-05 -1.5330681e-05
   199 :  4.1682196e-02 -1.8638959e-02  1.1370142e-02
   200 :  9.6434603e-14 -1.9776354e-13  4.4968454e-14
   201 : -4.1086131e-02 -1.7145226e-03 -3.1852170e-02
   202 :  1.5351577e-04 -6.0169515e-05  1.0969161e-05
   203 :  2.3663465e-17 -1.0833816e-16 -1.7716226e-17
   204 : -5.9794732e-06  2.9040467e-05 -2.8686189e-05
   205 :  9.9487493e-03  3.9438176e-02 -3.2625621e-02
   206 :  5.3774547e-16 -1.5851759e-16 -8.9968954e-17
   207 :  4.0204643e-14 -2.0066669e-14  1.7934691e-14
   208 :  7.5634997e-11  7.7981054e-10 -5.2162818e-10
   209 : -1.0196020e-01  6.9292167e-02  4.0361639e-02
   210 : -3.5215719e-05  4.2215891e-05  1.5966154e-05
   211 :  3.1680904e-16 -1.5918954e-16  4.1929389e-16
   212 :  1.4856820e-02  2.8056489e-02 -6.2810464e-03
   213 :  7.0062101e-14  6.7758754e-14 -2.2994631e-13
   214 :  1.0055891e-02  7.4822080e-03  9.9004923e-03
   215 : -1.6333549e-02  4.2655862e-02  2.8818335e-02
   216 : -1.1919271e-02  2.0335328e-02  1.9918394e-02
   217 :  3.4429133e-20 -8.0966996e-20  1.0982046e-20
   218 : -7.1769255e-11  1.1202595e-10  1.6462846e-12
   219 :  2.9336952e-02 -3.6613331e-03 -2.6009346e-02
   220 :  3.5474882e-09 -7.1923560e-10  8.9836149e-09
   221 :  1.3409888e-12 -3.0658567e-13 -2.8844213e-12
   222 :  2.1113473e-02  1.3461133e-02  1.6907242e-02
   223 :  5.6960542e-04  1.2203084e-02 -3.1240548e-03
   224 : -2.0765687e-04  3.9942436e-04  1.5646954e-04
   225 : -1.0681836e-08 -1.5535320e-08  3.5157993e-08
   226 :  4.4470132e-12 -9.2993479e-13 -9.0874147e-13
   227 : -1.9249773e-06  4.8631267e-07  1.4660124e-06
   228 :  2.9428016e-04 -1.1504720e-03 -7.1422557e-04
   229 : -3.6545918e-07 -2.0567240e-08  8.5331249e-08
   230 : -1.6944781e-13 -2.6487643e-13  2.1400697e-13
   231 :  6.8844217e-14 -2.4724546e-13  1.4843966e-13
   232 :  2.3637806e-20  1.4505158e-20 -1.3525604e-20
   233 :  7.9351396e-13 -7.5237231e-14 -1.9956718e-12
   234 : -2.6222352e-02 -8.5316858e-04 -1.0746942e-02
   235 : -1.1541744e-01 -1.4569210e-02  7.8146113e-02
   236 : -2.2350530e-13  6.4384970e-12 -4.1364660e-12
   237 :  6.4666076e-11  1.0913668e-09 -2.4016682e-09
   238 : -3.7968176e-17 -3.0840607e-18  1.9754686e-17
   239 : -1.8411957e-12  1.3345838e-12 -2.2325956e-12
   240 :  1.3332806e-15  1.7615194e-16 -3.3410190e-15
   241 : -1.1430080e-02 -6.1210101e-03  1.2836270e-02
   242 :  4.8008124e-02  2.2201144e-02  2.4383285e-02
   243 : -1.9062029e-02 -3.1753110e-03 -1.0829127e-02
   244 : -4.2716688e-03 -1.0285605e-02  1.1887054e-02
   245 :  4.5914196e-12 -7.8958814e-12 -1.1255606e-11
   246 : -4.9099791e-03 -6.0197853e-04  2.4138948e-03
   247 :  4.9164671e-03  9.7465587e-05  6.4320793e-04
   248 :  5.3978352e-20  4.0412006e-19 -4.5291688e-19
   249 : -8.9841516e-10  7.8699033e-09  9.4778737e-09
   250 :  9.3870316e-03  3.0707130e-02  3.6915877e-02
   251 :  1.9975872e-04 -1.6215072e-03 -1.5705673e-03
   252 :  2.9115302e-12 -3.1820896e-13 -1.0736366e-12
   253 : -1.0673124e-15  8.7021300e-16 -9.6546878e-16
   254 : -2.8478603e-02 -2.1099119e-02 -1.1136665e-02
   255 : -2.1971900e-05  7.4432212e-06  5.9939926e-06
   256 :  2.7491623e-02  2.8743304e-02 -8.5753709e-04
   257 : -1.0252592e-03 -2.4600323e-02  2.7261614e-03
   258 :  3.8460171e-06 -1.5945619e-06  7.0586022e-06
   259 : -3.1293396e-10  2.9154586e-10 -8.0644826e-10
   260 :  4.8460636e-03  2.6873013e-02  2.7685497e-02
   261 :  1.2948295e-04  1.2357492e-04 -3.5369719e-04
   262 : -1.1115119e-11 -1.7701349e-12  1.7098982e-11
   263 :  2.0847164e-13 -3.7649062e-13 -5.8112979e-13
   264 : -2.9577712e-05  2.0064651e-05 -3.0416546e-05
   265 :  5.9405433e-03  2.8451356e-02 -1.0361248e-04
   266 :  8.1222369e-08  9.9656902e-08 -4.1096946e-08
   267 : -1.0454868e-07 -4.4403486e-08 -1.5160091e-08
   268 :  2.8447754e-15  1.0420061e-14 -2.6903653e-14
   269 :  6.4557371e-03 -2.1128772e-02  6.2602472e-03
   270 : -1.2319542e-06  3.4608108e-06  2.3791367e-07
   271 : -7.2477848e-03  3.0424740e-02 -1.1794331e-02
   272 :  1.1939956e-07 -9.2816411e-08 -8.9650159e-08
   273 :  1.5710176e-14  5.9162579e-14 -1.7584288e-14
   274 :  1.5182584e-02  1.6086666e-02 -6.7653868e-03
   275 : -6.7490607e-12 -6.3587459e-11  1.6304243e-10
   276 : -2.5206709e-02  1.1911715e-02 -1.0664007e-02
   277 :  1.7910209e-12 -3.1822719e-12 -2.3543205e-12
   278 : -3.8476141e-03  2.2158349e-03  2.8584055e-02
   279 : -1.9681632e-04  1.7954061e-04  3.0422806e-05
   280 :  3.0016253e-02  2.5005685e-02  1.8262196e-02
   281 :  8.5849575e-07 -6.0574775e-05 -3.9246573e-05
   282 : -3.7807456e-07  1.2934983e-07 -3.0438849e-07
   283 : -7.5205643e-10  1.2270848e-09  4.5679211e-10
   284 : -5.7638452e-12 -3.4971255e-12 -8.1768485e-12
   285 :  2.3973371e-04  4.8881007e-03  1.2631446e-02
   286 :  2.0148805e-02  2.0846609e-02  2.6028374e-02
   287 :  2.1212497e-02  1.8456054e-02 -3.4425650e-03
   288 : -5.1112466e-03 -1.2799589e-02 -5.1690003e-03
   289 :  2.1674092e-04  4.2682609e-04  2.3666713e-04
   290 :  5.8596059e-03  9.5738078e-03  7.0654667e-03
   291 :  1.4571941e-04 -4.7510971e-05 -2.0040961e-05
   292 : -7.7992922e-03 -7.2924167e-03 -3.8310162e-03
   293 : -4.3102402e-10  6.3266255e-10  1.0292903e-10
   294 :  1.8802090e-02  2.3262046e-02  2.2121401e-02
   295 :  3.3790843e-16  2.4826566e-16 -1.6469703e-16
   296 : -5.3952660e-03 -1.1225226e-02  6.7816113e-03
   297 : -1.2893790e-04  5.2847973e-04  2.0910028e-04
   298 : -6.9668711e-05  5.6274626e-04 -2.8794265e-04
   299 : -1.9026988e-17  6.2865005e-19  1.7742862e-17
   300 : -3.1893752e-02 -2.8141666e-02  6.1392445e-04
   301 :  2.1572075e-05 -6.8737874e-04  2.9004812e-04
   302 :  1.3613787e-03 -2.8737047e-02  2.0690473e-02
   303 :  9.1178369e-03 -3.6564645e-03 -5.2446870e-03
   304 : -1.0033803e-03 -5.1328742e-03  1.5953267e-02
   305 : -4.7107561e-06  4.4428782e-06  1.2815396e-06
   306 : -8.1547697e-03  7.2535703e-04 -2.3718821e-02
   307 :  1.4985090e-02  1.1923697e-02  2.9819308e-02
   308 : -4.7649381e-05 -1.1369248e-05  7.9287130e-05
   309 :  1.1247063e-16 -4.0534663e-16  1.8779531e-16
   310 :  2.0121400e-03 -9.1584257e-04 -5.3473235e-03
   311 :  1.3718040e-02  1.9729738e-02  3.6163911e-02
   312 : -2.9308691e-15  1.0100175e-14 -1.6901181e-16
   313 :  9.3889125e-10 -3.2378707e-09  1.1595065e-09
   314 : -3.9313575e-17 -7.3310808e-17  2.0386767e-16
   315 :  1.5954268e-12  1.9054918e-12  1.0942349e-12
   316 :  1.5235276e-02 -4.5407039e-03 -1.8180612e-02
   317 :  2.0963508e-17  8.4554080e-20 -4.3829565e-17
   318 :  2.7301969e-03  2.2350574e-03 -4.9854446e-03
   319 :  2.9444415e-02 -2.6907298e-02 -1.6177076e-02
   320 :  1.2668608e-02  3.6828230e-02  2.4479073e-02
   321 : -2.4714076e-02 -3.5706883e-03  1.1506024e-02
   322 : -4.4226501e-19  4.1323592e-19 -1.6004322e-18
   323 : -1.6004478e-18 -6.1221855e-18  1.2845638e-18
   324 : -1.7013243e-11  6.8943032e-13 -2.4807115e-12
   325 : -1.8811070e-09  1.0668747e-09 -2.4967767e-09
   326 :  7.6519531e-02 -5.1369275e-02  9.3077810e-03
   327 :  3.2286989e-02  3.1940565e-01 -2.4343748e-01
   328 : -1.1173358e-02  1.2048871e-02  1.2558916e-02
   329 :  7.3701574e-13  5.4925958e-11 -2.8823006e-11
   330 : -1.5408583e-18  3.8295422e-19  3.1910979e-18
   331 : -2.2657981e-06  1.4822286e-06  5.1934055e-06
   332 :  5.9840134e-04  3.8200745e-03 -5.9932582e-03
   333 : -6.8386983e-10  2.3867837e-10 -3.4646491e-10
   334 : -8.7507669e-03 -6.1633261e-02 -4.3410557e-02
   335 :  4.7619762e-03 -1.5465793e-02  2.5626112e-02
   336 : -1.9166242e-02  4.0377509e-02  5.3520963e-02
   337 : -1.2002932e-15  6.4451707e-15 -5.4755134e-15
   338 :  5.6776604e-03  2.1505402e-02  2.4113726e-02
   339 : -2.7778954e-11  4.7217458e-11  5.8753866e-11
   340 :  5.9010368e-04  3.6541457e-03 -6.2487555e-03
   341 : -3.2188851e-15  3.1405093e-15 -1.6302820e-16
   342 : -5.3943842e-13  1.9872601e-12  1.5453784e-12
   343 :  2.8688845e-05 -3.4809457e-05 -6.6205310e-06
   344 :  5.8502895e-03  9.8278661e-03  1.3420095e-03
   345 :  9.0321152e-03  5.2187893e-03  2.0236594e-02
   346 :  3.5662758e-12  2.3321831e-12  4.1337902e-13
   347 : -8.4425373e-03  2.9697069e-02 -1.3134723e-02
   348 : -9.1917077e-05 -1.5378465e-05  2.0080652e-05
   349 :  2.6998860e-07  3.4627859e-06 -4.0201671e-07
   350 : -3.0223497e-02 -1.1375445e-02 -2.5519508e-02
   351 : -2.2795059e-09 -2.7496699e-09  1.4604435e-09
   352 : -2.6694333e-02  2.5599750e-02 -6.8152990e-03
   353 : -2.6500512e-04  2.3559076e-02 -3.4931779e-03
   354 : -5.9412346e-03  1.0597799e-04  2.1311672e-03
   355 :  2.1185393e-02  5.3892821e-03  1.3549165e-02
   356 : -4.4409440e-15 -4.1321672e-15  1.2924604e-14
   357 : -4.7105695e-02 -4.2229923e-02  2.1258287e-02
   358 :  2.1607186e-06  2.0515338e-06 -1.7919404e-06
   359 : -5.9030448e-22  1.8545765e-22  1.8628581e-21
   360 : -2.7271259e-02 -1.2634850e-03 -2.1377863e-02
   361 :  4.0321076e-09 -3.6802121e-10  2.2133086e-09
   362 : -1.3917748e-05  2.4953844e-06 -2.3862689e-05
   363 : -8.6768964e-07  1.4023115e-07 -2.8314323e-07
   364 :  6.0357290e-08 -6.9521125e-08 -1.7668561e-08
   365 : -4.5782906e-04 -1.5234788e-05  4.0225139e-05
   366 : -1.4395142e-14  1.8022018e-14  2.8001958e-14
   367 :  5.9313822e-04  7.4427095e-04 -2.6329848e-03
   368 : -1.2404818e-02  1.7765084e-03 -3.2005375e-03
   369 :  7.7856279e-06 -9.4791236e-07 -6.3688990e-05
   370 :  4.9354980e-06 -1.0235654e-05  6.6728337e-07
   371 : -4.9357177e-15  5.5485819e-15 -1.7895187e-14
   372 : -1.3332602e-04  3.4715259e-04 -9.2857600e-05
   373 : -1.6493658e-03 -2.7548490e-03  2.2274392e-02
   374 : -3.0208536e-02 -4.9668749e-03 -1.6941220e-03
   375 : -6.4947014e-10 -1.2176187e-09  2.9028357e-10
   376 :  9.6157514e-16  8.0347905e-16 -3.2295250e-15
   377 :  1.4715996e-04  1.2932757e-04 -1.0553027e-04
   378 : -7.5522101e-07 -1.0934836e-06  8.3943142e-08
   379 : -3.9651361e-19  6.9693472e-19 -2.1481683e-19
   380 :  1.7527665e-02  1.1910124e-02  1.2577732e-02
   381 :  8.1844652e-10  1.5883328e-06 -3.2044876e-07
   382 : -1.3383062e-08  2.6403390e-08  6.1393545e-09
   383 : -4.8323897e-02 -2.3197968e-02 -4.6786968e-02
   384 : -8.5942594e-10  9.8001444e-09 -1.8763731e-09
   385 : -1.7148433e-03  2.6656089e-02  1.7341053e-03
   386 :  1.3801701e-02 -1.8343366e-02 -3.5017663e-03
   387 : -1.7573992e-10  5.5752786e-11  2.5423097e-10
   388 : -1.6868885e-02 -1.1743454e-02 -2.0999422e-02
   389 : -2.3323881e-07  2.5563209e-07  1.8851835e-07
   390 : -4.4858264e-03 -2.5017679e-02  9.3345819e-03
   391 :  1.2333175e-06  2.6757401e-06 -1.3741949e-06
   392 : -3.9319973e-02 -1.9488104e-02 -3.1665427e-02
   393 : -3.3516418e-02 -1.9632839e-02 -1.2561082e-02
   394 : -2.7719335e-08  5.4036800e-08  3.4937337e-08
   395 :  2.7652992e-04 -1.3369480e-04  2.1250344e-04
   396 : -1.3392974e-18  3.9934607e-18 -7.0282189e-18
   397 : -3.1704816e-02 -2.2315824e-02 -3.3269219e-02
   398 : -3.1896310e-03 -2.8331177e-03 -1.2718604e-03
   399 : -1.5701174e-02  1.0401877e-02 -5.5636089e-02
   400 : -2.8116645e-03 -1.0145137e-03 -2.4172853e-03
   401 :  1.8261769e-02  2.1760805e-02  2.0388749e-02
   402 : -1.0071062e-07  7.6946987e-09 -4.5373907e-09
   403 :  2.7282779e-07 -7.4741939e-07 -4.2880780e-08
   404 : -2.5090769e-15 -7.2165375e-15  1.8607836e-14
   405 :  3.5785949e-04  1.6038792e-04  2.4437520e-04
   406 : -2.5942085e-02 -1.1281461e-02 -2.7561286e-03
   407 : -1.0057565e-02 -2.0105749e-02 -2.0963696e-02
   408 :  4.5926459e-03 -3.6800569e-03 -2.3367952e-02
   409 : -2.5253117e-03 -4.7887610e-04  9.1988351e-04
   410 :  1.4233989e-02  1.6545662e-02  6.1611678e-03
   411 :  9.1991909e-04 -3.0596157e-03 -4.5442482e-04
   412 :  6.8882027e-03  9.4365997e-04 -1.2426419e-04
   413 :  5.1081579e-16  2.1779550e-16 -1.2064073e-15
   414 : -7.1382039e-03  4.4104225e-03  1.0813447e-02
   415 :  7.9889445e-04 -2.7014105e-03 -3.2548543e-03
   416 : -3.6080162e-11 -1.1329554e-11  8.8550552e-11
   417 : -5.6163107e-03 -4.8040390e-03 -1.3881267e-02
   418 : -6.1127706e-04  2.5821447e-03  1.1272850e-02
   419 : -2.7769299e-14  9.8276705e-14 -2.1926726e-14
   420 : -1.2021569e-13  3.3674155e-13 -6.8911611e-14
   421 :  2.1191843e-13  2.0905331e-11 -4.2033062e-11
   422 : -2.3527545e-05  1.9124809e-05 -5.9102092e-05
   423 : -4.6735621e-03  1.8891289e-02 -2.4553884e-03
   424 :  2.9333584e-08 -2.1096750e-08 -7.2898611e-09
   425 : -1.6610772e-10 -5.6628708e-10  1.9472325e-10
   426 :  7.8134879e-08  1.7200195e-09 -1.5293896e-07
   427 :  9.1757818e-07  9.6431575e-07 -3.1997829e-06
   428 : -2.9603547e-08  9.4069255e-08  7.2266628e-08
   429 :  1.2941183e-02  1.9126656e-02 -5.6141932e-03
   430 :  1.2873198e-02  1.5167761e-02  2.9266959e-03
   431 :  1.6329697e-04  3.8371946e-04  4.0653476e-04
   432 : -5.1960971e-05 -1.1304540e-05 -4.2104481e-05
   433 : -8.0360531e-16  1.6973839e-15  2.1282290e-17
   434 :  2.6871296e-02 -3.8860417e-03  1.4738220e-02
   435 : -1.3443659e-03  7.5447975e-04 -2.3262115e-06
   436 : -3.6148471e-10  4.5680939e-10  5.3519606e-10
   437 : -3.3035957e-02  6.6116624e-02 -2.7598989e-02
   438 : -1.1146537e-02  1.2958687e-02 -3.7121811e-03
   439 : -2.4427069e-02 -1.3011994e-02 -2.9023235e-02
   440 :  5.3203760e-13 -4.6479063e-12  1.5558217e-12
   441 :  1.5256661e-16  6.8460213e-17 -2.0660721e-16
   442 : -5.5388253e-03 -3.0200236e-03 -2.1634580e-03
   443 : -1.1711730e-04  4.8956217e-04  2.5574024e-04
   444 : -5.8173581e-03 -2.2251111e-03  3.7793851e-03
   445 :  1.1019049e-04 -2.0881694e-05 -1.9177238e-05
   446 : -3.0254023e-02 -2.5509460e-02 -4.7875618e-03
   447 : -1.5153265e-05  1.2373161e-05 -1.7516112e-05
   448 :  1.0758505e-02  2.5857200e-02  1.6210383e-02
   449 :  1.0003114e-15 -1.5867726e-15 -1.5269505e-15
   450 : -6.2930801e-17  2.9119144e-17  1.1960828e-16
   451 :  3.9520580e-03  1.2263168e-02  1.4632962e-02
   452 :  1.5896407e-02  1.1308146e-02  8.4743044e-03
   453 : -2.3645155e-02 -2.9763512e-02 -2.0120706e-02
   454 : -1.2791392e-02 -2.0590306e-02 -4.7829690e-03
   455 : -3.0114152e-07  1.1041941e-07  9.4352601e-08
   456 :  1.4564654e-02 -4.6351944e-03  9.4608534e-03
   457 : -8.2300012e-17  5.5679647e-17  1.6764643e-16
   458 : -3.9898432e-07  1.2731268e-06 -9.4838439e-08
   459 : -3.7445003e-03 -2.3164068e-03  7.2745187e-03
   460 :  1.9882621e-02  2.0744981e-02  2.1005216e-02
   461 :  7.0319370e-06 -2.5959562e-06 -1.2678140e-05
   462 :  5.2233433e-04 -1.1337332e-03  1.1061730e-04
   463 : -1.4887436e-11 -6.6180077e-12  4.1904155e-11
   464 : -6.5967537e-03 -4.7931017e-02  2.1082823e-02
   465 : -2.6089386e-03  5.3448917e-04 -8.8360156e-04
   466 : -1.2523870e-02 -1.8192239e-02 -1.6193144e-02
   467 : -5.8573774e-12  2.6144272e-12  4.2770771e-12
   468 :  3.5979394e-10 -1.1132323e-10 -6.1085386e-11
   469 : -6.2758949e-19  9.5430097e-19 -7.0880668e-21
   470 : -2.7780348e-16  3.2167529e-16  1.9192599e-18
   471 :  1.0802015e-08 -9.1503063e-10 -9.4929136e-09
   472 : -2.1982864e-11  4.3333567e-11 -1.0899817e-11
   473 :  5.4802908e-03 -1.4456842e-03 -7.3074067e-03
   474 :  1.4314372e-14 -1.0783314e-13  5.9097454e-14
   475 :  3.6122153e-08 -4.8785263e-09  2.0061371e-08
   476 :  2.1483380e-08 -1.1924166e-10 -3.7040746e-09
   477 :  8.0391883e-19  4.5693898e-19 -5.6516316e-18
   478 :  1.5650108e-02  2.1420141e-02  2.8301533e-02
   479 : -1.8104385e-19  3.6241053e-19 -5.5465400e-21
   480 :  1.3127006e-02  9.3183036e-03  1.6768043e-02
   481 :  1.1569636e-07  1.7442474e-08 -2.8359657e-07
   482 : -8.7372026e-13  2.4427784e-12 -8.1202061e-13
   483 : -3.9608482e-03  8.0831334e-03 -1.5077629e-03
   484 :  1.6395475e-02 -2.0730195e-03 -2.3940073e-03
   485 :  2.6766235e-03 -3.0380886e-03 -6.2693240e-03
   486 :  1.5649252e-02  1.2700318e-02  1.2508211e-02
   487 : -9.6364659e-03 -9.7191365e-03  1.9790511e-02
   488 : -1.7640046e-02 -4.3970606e-03 -3.9963144e-03
   489 : -2.7873141e-14  8.5480460e-15  3.2304341e-14
   490 :  6.4003794e-13 -7.8498088e-13  3.1829659e-13
   491 :  6.2112155e-13  1.4953696e-12 -8.8153395e-13
   492 :  4.7240448e-02  1.5498947e-02  3.2581973e-02
   493 :  1.1226799e-03  8.9614447e-03  2.8295683e-03
   494 : -2.5107332e-02 -1.3938904e-02 -2.0700834e-02
   495 : -3.3227817e-05  2.5709507e-05  4.0552110e-04
   496 :  3.8234808e-10  1.8490113e-09 -2.8333554e-09
   497 : -2.2036080e-16 -1.2735215e-15  7.0232069e-16
   498 :  2.2408509e-14 -1.5829964e-14  2.5871056e-14
   499 : -2.6919366e-04 -6.7535709e-03 -1.8414795e-03
   500 :  2.9978284e-17 -3.4140686e-17 -5.5199948e-17
   501 :  3.8530945e-18 -1.2357448e-17 -1.8729950e-18
   502 :  2.5130256e-02 -7.1318600e-03  2.6706911e-02
   503 : -3.0563243e-03  9.0630323e-04 -3.6656757e-03
   504 :  8.6724986e-04 -3.3121997e-03  1.5252724e-04
   505 :  2.7761120e-02  1.0625755e-02 -2.6197513e-03
   506 : -9.8261526e-12  2.5277887e-11 -9.7867492e-13
   507 :  3.0374955e-10  1.8530829e-10 -6.7653042e-10
   508 :  7.2349766e-11 -5.2548608e-10  1.4190789e-10
   509 :  1.4569174e-02  2.2028039e-02  1.6820038e-02
   510 :  3.7891656e-10 -1.1333094e-10  1.0548697e-09
   511 :  8.3598071e-06 -7.3447564e-06 -1.4751436e-05
   512 : -3.4691681e-07 -5.3012521e-07  7.2645559e-08
   513 :  2.0055356e-04  5.7511572e-04 -2.0319427e-04
   514 :  4.1021914e-04 -4.4091546e-03 -3.1448230e-03
   515 : -1.0470324e-02 -3.6174685e-02  2.5067925e-03
   516 :  1.6279959e-10  4.4860227e-10 -2.9532945e-10
   517 : -3.6174020e-03 -1.8942140e-02  1.2059119e-03
   518 :  1.2789807e-03  9.5941506e-05 -7.6432892e-04
   519 : -9.7864081e-06 -1.6999692e-05  2.1176783e-05
   520 : -4.8441107e-05 -8.3968811e-05  2.1343963e-04
   521 : -3.1396457e-02 -6.7567331e-03 -1.0849053e-02
   522 :  1.9099427e-03  7.5879262e-03  7.3765426e-03
   523 : -1.4245550e-02 -6.8204304e-02  1.7379639e-02
   524 :  8.1166412e-04 -1.5098642e-03 -1.7865754e-03
   525 : -2.8540885e-03  7.7895724e-04 -6.4215654e-04
   526 : -1.1614016e-07  2.4043323e-08 -1.7299059e-07
   527 : -5.3010154e-15  4.3856913e-14 -1.4378755e-14
   528 :  3.1759402e-02  2.2366900e-02  7.2707948e-03
   529 :  2.1272654e-02  1.8407411e-02  1.8526853e-02
   530 : -2.4399659e-02  1.0259495e-02 -1.3710090e-02
   531 :  7.4271384e-03 -1.1019687e-03  1.7059115e-02
   532 : -9.0360907e-08  4.3655664e-06  2.0429280e-06
   533 : -1.0876131e-20 -1.2234298e-20  2.7765414e-20
   534 :  2.8944240e-21  9.6867421e-21 -3.4060661e-20
   535 : -3.5954555e-13  3.4105562e-13  1.3772993e-13
   536 : -1.7425397e-02 -1.4288485e-02 -1.9048219e-02
   537 : -3.5324647e-03 -4.0891531e-03 -1.0883214e-03
   538 :  1.7665830e-02 -3.2195061e-03  2.4343072e-02
   539 : -5.8838411e-15 -4.6018568e-14  1.2099553e-13
   540 : -6.7231158e-13  1.3313887e-11 -1.0288181e-11
   541 : -3.7751221e-12 -8.6114053e-12  2.7081912e-11
   542 : -6.1696253e-05  1.0583091e-04 -7.9959835e-05
   543 : -1.6877462e-14 -3.3598769e-15  9.2095882e-15
   544 :  6.4840372e-05  2.8987582e-04  2.3383746e-04
   545 :  4.6882579e-09 -2.5149322e-09 -1.0418455e-08
   546 :  1.0066095e-02 -7.1935136e-03  9.3698454e-03
   547 :  1.0191824e-12 -2.3463469e-12  5.3457132e-13
   548 : -1.1213526e-02 -1.8967294e-02 -3.4225890e-02
   549 : -1.0658613e-10  7.6984522e-11 -3.1764426e-10
   550 :  3.8159620e-02  2.4188312e-03  2.4300097e-02
   551 : -9.6890104e-03  3.6529757e-03  1.2249881e-02
   552 : -8.1060621e-03 -9.6010853e-03 -7.7744405e-03
   553 :  7.7435243e-03  2.0281668e-02  3.8115508e-02
   554 :  8.3126700e-10 -4.2687036e-09  1.3957679e-09
   555 : -4.6426245e-05  7.1489309e-05 -1.9241888e-05
   556 :  2.0141275e-10  2.5585189e-10 -2.1570003e-10
   557 :  1.1685096e-02 -1.6486950e-02 -2.1022075e-03
   558 : -4.5088873e-04  2.9533612e-02  2.5281752e-02
   559 : -1.1507839e-02 -1.8136173e-03 -1.0042801e-02
   560 :  1.1459380e-02  1.7647710e-02  2.7647133e-02
   561 : -2.8927139e-02 -1.8829304e-02 -1.9552791e-02
   562 :  2.0155653e-06 -4.6784304e-06  1.4552158e-06
   563 :  7.8255090e-17 -2.3580863e-17 -4.5516739e-17
   564 :  1.3458827e-02  3.7801087e-03  1.2171188e-02
   565 :  1.3469583e-02 -3.4118523e-03  1.1525849e-02
   566 : -5.6427484e-12 -2.8836265e-11  1.0715889e-11
   567 : -6.8289342e-05  1.6542331e-04 -5.7600634e-05
   568 :  3.3847624e-04 -5.6605841e-04  1.1154868e-02
   569 :  1.0557418e-02  4.8037815e-03 -2.0507930e-03
   570 :  2.7064138e-09 -6.3002467e-09 -2.3489301e-09
   571 : -5.4739827e-05 -6.4835817e-05  2.1176043e-05
   572 : -1.4486946e-17  4.2663456e-18 -2.5808095e-18
   573 :  2.7474341e-02  2.1379308e-02  1.8353166e-02
   574 :  2.2867742e-02 -3.2123616e-03  2.5238425e-02
   575 : -2.1215386e-02 -6.2077149e-04 -5.9783358e-03
   576 : -4.4067647e-03  1.1490045e-02  1.6459739e-02
   577 :  4.1212214e-04 -5.9933148e-03 -5.9325096e-03
   578 : -2.5704434e-19  9.2742081e-19 -4.1764134e-19
   579 : -1.9511542e-02 -1.9550297e-02 -3.2207745e-03
   580 : -1.4934094e-02 -1.6633583e-02 -2.5352145e-02
   581 : -7.6253109e-10  9.5234078e-10  2.6566268e-10
   582 :  7.3828793e-19  5.2903642e-19 -2.7932139e-19
   583 :  1.7495869e-08 -7.7910715e-08  5.7215897e-08
   584 : -8.1461051e-16  1.5310306e-15  1.2066459e-16
   585 : -3.4036046e-02 -2.7841795e-02 -2.2667992e-02
   586 :  9.9155077e-12 -2.4493752e-11  1.5736132e-12
   587 :  7.6346993e-08 -2.8671545e-07  7.6165077e-08
   588 :  5.3537400e-12 -4.9192013e-11  6.6933191e-12
   589 : -7.3096748e-02 -3.8517088e-02  6.6300096e-03
   590 :  9.7589627e-03  1.7231522e-02 -1.8528623e-02
   591 :  3.2076514e-19 -7.6121664e-19  8.6618660e-19
   592 : -2.7187186e-10 -2.1370201e-10  7.4399951e-10
   593 : -1.1318387e-05  4.6265710e-06 -1.8819462e-06
   594 : -3.3855685e-07  1.2579384e-06 -5.1683146e-07
   595 : -4.0502290e-03 -1.4873687e-03  5.2539726e-05
   596 :  2.1014019e-02  3.6531037e-02  2.4126580e-02
   597 :  6.3887109e-06  1.1616171e-05 -2.8229811e-05
   598 : -2.8678322e-07 -4.2111736e-07  2.2400050e-07
   599 : -1.6108558e-02  1.7201694e-02  2.2006551e-02
   600 :  8.7083410e-04 -3.0695721e-03 -1.4347203e-03
   601 : -3.0057079e-02  1.0590593e-02 -5.3466376e-03
   602 :  3.5632746e-12 -1.5690380e-12  2.9776394e-12
   603 : -3.1133035e-14 -3.8100241e-14  3.1477452e-14
   604 : -7.6797012e-09 -1.7272328e-09  6.6668966e-09
   605 : -2.6295720e-06  6.9760100e-06  3.3881650e-06
   606 :  1.1313586e-02  8.4954899e-03  7.2940884e-03
   607 : -9.9178794e-05  4.8207255e-04  3.3656836e-04
   608 :  3.0984181e-11  9.3667966e-11 -2.8128038e-11
   609 :  2.8930020e-09  4.7425289e-09  5.4617168e-10
   610 : -4.4244095e-14 -4.8198861e-14  1.9076417e-13
   611 : -3.3114748e-02 -1.0097131e-02  9.6975806e-03
   612 :  1.2395426e-04  7.1216750e-06  4.3862210e-04
   613 : -2.7364524e-05 -5.4479303e-05  7.4673986e-05
   614 :  4.2053102e-02 -1.6562363e-01  7.2807058e-02
   615 : -2.9390950e-04  1.7466605e-04  5.8445707e-04
   616 :  5.8470456e-15 -6.3737877e-15 -6.5545774e-15
   617 :  1.0860091e-04  9.3130694e-05 -3.4714220e-05
   618 :  5.7494385e-08  2.5899000e-07 -1.9660601e-07
   619 :  8.4027509e-12 -1.6708816e-11  1.6468532e-12
   620 :  3.3696255e-07 -4.5682833e-07 -1.2304763e-06
   621 : -1.3562333e-04  5.5395729e-04  7.7307133e-04
   622 :  1.0078873e-02  1.1018143e-02  1.8637495e-02
   623 :  1.6667931e-02  2.5671384e-02  2.3669408e-02
   624 : -4.6884074e-04 -1.6597199e-03  1.9101487e-04
   625 : -2.2770995e-05  2.5102059e-04 -9.0349639e-05
   626 : -5.3047904e-19  2.3642065e-18 -7.6249113e-19
   627 :  4.0587361e-13 -2.5070541e-13 -5.8824660e-13
   628 : -6.1753780e-08 -2.5789545e-07  1.2028009e-07
   629 :  1.6952860e-02 -4.6184758e-03  1.8816520e-03
   630 :  4.6697312e-03 -3.6588955e-02 -2.1025298e-02
   631 : -1.7523574e-05  5.3677183e-05 -1.7513418e-05
   632 : -1.9182274e-15  2.4737298e-15 -2.4796450e-15
   633 :  7.3799961e-03  1.7461019e-02  3.1232323e-02
   634 :  5.0198068e-04  3.4273920e-04 -2.0979341e-03
   635 : -2.6707556e-02 -2.1265604e-03 -1.3668479e-03
   636 :  3.0921075e-03  2.0973400e-03 -4.8795585e-03
   637 :  1.1670944e-02 -1.2582537e-02  6.5555045e-03
   638 :  2.1479902e-02  1.0649883e-02  1.2780402e-02
   639 : -3.2105112e-02 -3.0815144e-02 -6.6487083e-03
   640 :  1.7630509e-05  1.1737857e-02  7.2084425e-03
   641 : -2.1330016e-11  4.8136678e-11 -1.1122643e-11
   642 : -1.4074694e-02  1.1672746e-02  2.7373505e-02
   643 : -6.1696915e-03  3.5166229e-03 -4.3617633e-03
   644 :  7.4358800e-02  5.9815472e-02 -1.4718145e-02
   645 : -5.8825533e-03  1.7043702e-02  6.2350764e-03
   646 :  1.9228934e-05 -1.1755572e-04  3.8483127e-04
   647 : -1.3197782e-02 -1.8404822e-02 -2.0559346e-03
   648 : -1.4537570e-03  2.7606005e-03 -2.1511039e-03
   649 : -6.4473031e-03  7.6398918e-03 -1.2558810e-03
   650 :  4.6411619e-05  9.0970307e-05 -2.6026633e-04
   651 :  3.0612982e-02 -5.1423318e-03 -3.1748695e-02
   652 :  5.7957371e-04 -2.7291089e-03  4.3523890e-04
   653 : -3.7411748e-02 -2.1096083e-02  2.5376012e-02
   654 :  2.3192444e-08 -5.3202776e-09 -1.3910147e-08
   655 : -6.6250782e-04  9.5065339e-04 -1.8089936e-03
   656 :  2.1351252e-02  9.6377055e-03  1.0356409e-02
   657 : -4.8916475e-02 -1.8066744e-02 -4.9206820e-02
   658 :  3.1999465e-03 -3.5236235e-03  4.8993167e-03
   659 :  1.5747695e-02  2.6028871e-02  1.0885146e-02
   660 :  1.7474942e-02  8.8027832e-03  1.9101282e-02
   661 : -3.3379709e-02  2.1587556e-02  1.7073170e-02
   662 : -6.0508214e-07 -1.3337309e-07  7.3912126e-07
   663 : -2.9690135e-02 -2.5037406e-02 -2.4654617e-02
   664 :  1.1080433e-02  6.8219466e-03 -2.4149034e-03
   665 :  4.6187451e-03 -2.4893720e-02 -2.3023520e-02
   666 : -1.5852258e-15  2.9622041e-15  1.7680364e-15
   667 :  1.0108161e-09 -8.0754909e-10 -4.1432529e-10
   668 : -5.1200145e-03 -3.9568384e-03  3.4684089e-03
   669 : -3.6607536e-19  5.9578184e-19  1.1433036e-18
   670 : -2.7513472e-02 -1.8047582e-02  1.7602509e-02
   671 : -2.2529177e-02 -6.3843971e-03 -1.3283929e-03
   672 :  9.3419929e-03  1.6794761e-03  1.0851792e-02
   673 :  4.2419577e-06  3.4597624e-06 -9.2333415e-06
   674 :  1.6673141e-05 -1.6877852e-05 -5.0877285e-05
   675 : -3.0997362e-05 -3.2564625e-06  8.8354361e-06
   676 :  8.0220329e-03  2.9446426e-02  8.5946683e-03
   677 :  2.8480680e-04 -2.9182571e-05  2.4824278e-04
   678 :  1.4282000e-03  2.1096835e-03  8.5878981e-03
   679 :  2.7156719e-02  1.5182664e-02  3.7374455e-02
   680 :  1.5420605e-02  2.7774322e-02  2.4737307e-02
   681 : -8.6035561e-12 -2.0964201e-11 -1.1122902e-10
   682 :  8.6320423e-11 -3.5060318e-10 -4.2580078e-10
   683 :  3.9843970e-09 -1.2789257e-09  6.3388627e-09
   684 :  6.0742445e-12 -5.3674592e-12  1.4615010e-11
   685 : -1.1701405e-03  1.3674314e-02  9.6886761e-03
   686 : -1.9377426e-05  8.4653515e-06 -1.6119536e-05
   687 :  3.1793546e-11  5.7425004e-11 -2.0341923e-10
   688 :  1.1915527e-06  4.0505178e-06 -5.9738282e-06
   689 :  4.3199570e-04  1.1161164e-02  1.3076938e-02
   690 : -2.1756705e-04  2.0433313e-04  3.1441668e-04
   691 :  1.8999498e-02  6.5271727e-03  1.5836789e-02
   692 : -4.0270894e-03 -4.9842905e-03  9.3396569e-03
   693 : -2.8445260e-19  1.8879190e-18  1.2798002e-18
   694 :  1.0657031e-12 -2.0086715e-12 -1.4173014e-12
   695 :  9.2783137e-03 -6.9301576e-03 -4.1867228e-03
   696 : -1.7653571e-02 -3.3506561e-03 -1.0724737e-02
   697 :  5.1041087e-04 -2.9792338e-03 -3.5228104e-03
   698 : -8.7269875e-03  1.4759466e-03  5.1339879e-04
   699 : -5.0882365e-08 -7.7358926e-07  3.0154231e-06
   700 : -2.9703227e-17 -6.1234256e-17  1.5635412e-16
   701 :  1.5799267e-15 -5.2627456e-15  1.7758321e-15
   702 :  1.5734641e-09 -7.2369457e-09 -3.3374061e-09
   703 : -5.5718477e-04 -6.1121157e-03 -4.4878076e-03
   704 :  8.0504393e-04  5.7262451e-04 -3.4913997e-03
   705 :  1.3597473e-12  3.6720370e-11 -2.1703612e-11
   706 : -1.7211258e-01  1.3751498e-01  4.2007967e-02
   707 :  1.8571692e-02 -2.1108448e-02  4.7851163e-02
   708 :  4.0483475e-02  2.9583954e-02  2.5296248e-02
   709 :  1.4758704e-04 -4.6468682e-05  2.6346576e-04
   710 : -4.4939508e-07  1.2558046e-07  3.1740790e-08
   711 : -1.5996268e-04  1.8077269e-04  3.5306438e-04
   712 : -4.6716092e-03 -2.2377402e-03 -2.7259899e-03
   713 : -2.2352377e-03 -5.3701543e-04 -3.1903168e-03
   714 : -4.9551906e-03 -1.2072810e-02 -4.2368585e-03
   715 :  8.9135000e-03 -3.2985300e-03 -2.9429985e-03
   716 : -1.0943533e-12  2.5381817e-12 -4.5501162e-12
   717 :  1.2234315e-02 -2.7349154e-03  1.1920683e-02
   718 : -6.0854509e-04 -8.6381586e-05 -1.9477461e-03
   719 :  9.7670399e-04 -9.1834941e-03  1.7399858e-02
   720 : -6.4004673e-03  1.3055101e-02 -9.0792589e-04
   721 :  9.2429834e-02 -2.1156731e-02 -2.0015789e-02
   722 :  3.3452944e-11 -1.6288736e-10  9.6598976e-11
   723 : -1.3414296e-10 -2.3719709e-09  2.0657108e-09
   724 : -3.0913525e-10 -1.8629810e-10  4.6516641e-11
   725 : -6.2483577e-03 -1.0324829e-03  3.0840173e-03
   726 : -8.9928219e-06  1.0760778e-07  3.7602169e-06
   727 : -9.5279091e-03 -6.5546857e-03  4.1886361e-03
   728 :  1.3218971e-02 -1.7216666e-04 -2.4097270e-03
   729 :  1.7676945e-02  2.1238133e-02  4.0327281e-02
   730 : -2.6974926e-03 -8.8644721e-04 -2.0568898e-03
   731 : -4.9892655e-10  8.2324887e-10 -1.7320641e-10
   732 : -3.8860486e-07 -3.8351147e-08  1.2422185e-07
   733 :  3.5567219e-03  4.7036736e-03 -2.0181778e-03
   734 : -8.9255150e-03 -6.9261360e-01  7.9373647e-01
   735 : -2.8589957e-03  3.0308017e-02 -3.1254068e-02
   736 : -3.2937787e-02  1.0349345e-02  1.1458035e-02
   737 : -2.6828279e-05 -3.0406588e-05  9.0381884e-05
   738 :  1.9488824e-03 -4.9731478e-03  1.7193920e-03
   739 :  1.7711783e-02  6.3484802e-03  6.2333664e-03
   740 : -4.1780729e-03  1.1992548e-02 -1.1634617e-03
   741 :  1.5718304e-02  2.5716156e-02  4.9120863e-03
   742 :  6.6447060e-04  2.1306626e-04 -1.5894806e-03
   743 :  1.0524508e-02  4.5587703e-03  2.4624389e-02
   744 : -1.1185470e-02  2.4511872e-02 -8.3824539e-03
   745 :  6.7568555e-11 -1.0586779e-10  1.4554187e-11
   746 :  7.8429229e-09  6.5645212e-09 -3.9605637e-09
   747 :  2.3286773e-06  1.2569012e-05 -1.3462652e-05
   748 : -2.7060860e-03 -3.0980894e-03  8.2482236e-03
   749 :  7.2967047e-03 -2.2514419e-02 -9.8927263e-04
   750 : -1.5061413e-11 -3.0098216e-11  7.2053718e-11
   751 :  1.6993319e-03  6.9282181e-03  2.6402204e-03
   752 :  6.3432990e-05  4.5092890e-04  1.0316129e-04
   753 : -8.9923129e-04 -2.6100204e-02  7.3488350e-03
   754 :  1.3841714e-08  2.1841999e-08 -5.4139327e-08
   755 : -9.6504187e-05  8.3918260e-03 -7.4145196e-03
   756 : -1.0499883e-04  1.3481044e-04  1.7195271e-04
   757 :  1.3027808e-18  4.8125469e-19 -1.0124840e-18
   758 :  9.2224297e-02  1.0382991e-01  6.5731997e-02
   759 : -2.2820455e-03  4.2103549e-04 -3.0183300e-03
   760 :  2.4159859e-06 -6.4500684e-06  5.0056909e-06
   761 : -4.9428134e-03 -9.5592972e-04  8.1810182e-03
   762 :  9.3684401e-02  9.7005875e-02  4.8347470e-02
   763 : -1.2461340e-13  3.7660405e-13 -1.2104250e-13
   764 : -1.1924035e-14 -3.2958398e-14  2.0915344e-14
   765 : -5.3112293e-03  2.1258529e-03  2.3505798e-03
   766 : -3.7378465e-06 -4.7387444e-05 -2.0867683e-05
   767 :  8.9486911e-02  4.5032247e-01 -2.0851199e-01
   768 :  2.2071599e-11 -4.0864687e-11  8.9871214e-11
   769 : -1.9852472e-03 -4.5892617e-03  3.0671074e-04
   770 :  6.6549082e-03 -2.9739170e-03 -3.9480375e-03
   771 : -1.1758820e-03  2.4319045e-03 -2.5389991e-03
   772 : -1.7508527e-02 -2.7987879e-02 -6.2937229e-03
   773 : -9.0041129e-05  1.5377977e-05  1.7552807e-04
   774 :  1.1033955e-02  7.1888979e-04  5.1680884e-03
   775 :  3.6594237e-02 -2.2618259e-01  2.4786629e-01
   776 : -4.5541220e-05  1.5864848e-04  2.7876544e-04
   777 : -4.4320017e-03 -2.7346219e-03 -4.6397770e-04
   778 :  9.2104548e-03  2.4516042e-02  4.1832484e-03
   779 : -3.1357858e-09 -1.0567560e-08  5.6105773e-09
   780 :  9.7201435e-02 -9.7469740e-03 -4.8408726e-03
   781 :  8.3914606e-11 -5.1657662e-11  6.1614776e-11
   782 :  2.2916273e-19  5.3776927e-20 -3.9989248e-19
   783 :  8.5156963e-03  6.1037401e-03  2.0362179e-02
   784 : -1.8893717e-03 -4.3484082e-03  1.1611553e-03
   785 : -1.4362755e-10  3.7172000e-10 -2.9830300e-11
   786 :  2.6191114e-02 -9.2299323e-03 -3.8422529e-03
   787 :  2.1872021e-05  7.4986915e-03  1.7893070e-03
   788 : -5.2037772e-12  4.8897427e-11  3.6610693e-12
   789 : -7.0695013e-10  1.1969532e-09  7.9449022e-10
   790 :  1.0490212e-02  2.2673320e-02  3.2322507e-02
   791 :  2.3553880e-02  2.3907819e-02  3.3952917e-02
   792 : -3.5258274e-03 -2.9647904e-02 -2.0040811e-02
   793 : -2.1726839e-02 -2.6363862e-02 -2.7740513e-02
   794 :  1.3021496e-02  2.0296124e-02  2.2231758e-02
   795 :  1.6132620e-03  1.4141382e-03 -2.1873757e-02
   796 : -2.4758499e-02 -2.1475621e-02 -3.2212212e-02
   797 : -3.0293676e-11 -2.1701488e-11  8.1544164e-11
   798 : -4.3333975e-03 -7.6100329e-02  1.1306302e-01
   799 :  6.6762143e-06 -2.6721030e-05 -3.5523497e-05
   800 : -5.3120575e-03 -4.5907799e-03 -5.2500902e-05
   801 : -1.8229074e-09  3.3184905e-09  1.1870601e-10
   802 : -3.4112822e-03  1.9113083e-02 -9.0643392e-03
   803 :  6.2160590e-07  2.9802412e-06 -8.4173228e-07
   804 : -4.7339373e-03  2.3315369e-03 -5.2656907e-04
   805 : -4.5068368e-03 -2.3254253e-04 -3.9920123e-03
   806 : -1.2285007e-08  1.1106633e-08 -3.0127955e-10
   807 :  1.4324974e-11  1.2160797e-10 -9.1666011e-12
   808 :  6.1149057e-03 -2.3853537e-03  4.8423283e-04
   809 :  1.5142694e-05 -2.8677941e-05 -2.6084821e-06
   810 : -1.1279095e-10  5.8015840e-11 -5.1479080e-10
   811 :  9.7489338e-20 -2.9675831e-19  7.2716578e-19
   812 :  2.8895334e-04  2.3084494e-04 -3.3466541e-04
   813 : -1.9861378e-03 -1.3424241e-04 -8.2708559e-03
   814 : -3.8954166e-19 -1.3385096e-19  6.7859092e-19
   815 :  2.2207388e-20 -3.1691927e-20  2.7310672e-20
   816 :  1.2217540e-15 -4.0622238e-16 -3.9209127e-16
   817 :  3.7142770e-17  5.1339562e-17 -1.2526847e-16
   818 : -7.4435839e-19 -2.3074522e-18  2.5128636e-18
   819 : -2.1157144e-04 -3.2799646e-05  3.0726527e-04
   820 :  7.9201064e-19 -2.4278640e-18  5.3062736e-19
   821 : -3.2663193e-02 -1.9780061e-01  9.2828632e-02
   822 : -1.2532838e-02 -1.8943708e-03  3.7996331e-02
   823 :  1.9632661e-07 -5.2476603e-07  8.5750142e-08
   824 : -1.4489481e-06  2.1911447e-06  1.4124202e-06
   825 :  1.0033458e-13  2.4111879e-13 -6.1306983e-13
   826 : -1.0776443e-02 -3.6779626e-02  1.6174674e-02
   827 : -8.3821955e-09  9.6913629e-09 -8.4257529e-10
   828 :  5.3343460e-06 -2.2092773e-05  7.7850156e-06
   829 :  1.9223890e-03  2.2308842e-03  1.2840586e-02
   830 :  4.7126557e-02 -1.5348013e-02  9.0488942e-02
   831 : -4.5828551e-03 -9.8265473e-02  1.6212833e-01
   832 :  2.6358707e-04 -3.5643851e-04  1.0687336e-03
   833 : -5.3260865e-03 -6.6071888e-02  9.6202007e-02
   834 :  3.7767929e-17 -3.2454865e-17  2.4021404e-17
   835 :  5.3858133e-20 -9.6994308e-20  1.8704502e-19
   836 : -1.0817743e-03 -2.4677070e-03  1.6396553e-03
   837 :  3.6903274e-10 -1.8937823e-10 -6.4499880e-10
   838 :  1.2285467e-02  1.5948643e-02  2.5626549e-04
   839 :  1.9528940e-06 -2.0263442e-06 -1.9784920e-06
   840 : -7.0121562e-10 -1.6984817e-09  4.4455058e-09
   841 :  1.1990829e-07 -5.1667758e-08 -7.3153624e-09
   842 : -1.4772832e-05  7.4406280e-05  8.5136583e-05
   843 : -3.4303061e-08  6.8741631e-08  4.6907071e-09
   844 : -1.1476794e-03  1.0337883e-03 -1.4606032e-03
   845 : -4.2189405e-13  7.7540708e-13 -1.4167050e-12
   846 :  9.9779795e-03  2.2519498e-02  3.1217116e-02
   847 : -1.0418444e-04  3.8535690e-05  7.6474155e-05
   848 :  2.0410860e-21  1.1214527e-20 -6.2074425e-21
   849 : -3.1181157e-07  1.5471944e-06  2.6679972e-06
   850 :  3.9116404e-06 -1.4703336e-06  9.1253386e-06
   851 :  1.5698719e-07  5.8382597e-08 -1.0952000e-06
   852 :  5.8591058e-14 -1.5457950e-13  6.3351422e-14
   853 :  1.8990543e-03  3.9275842e-02 -2.1440444e-02
   854 :  4.8716168e-23  2.2699649e-21 -1.6706570e-21
   855 : -3.0909192e-02  2.6831971e-04 -8.0425671e-03
   856 :  4.2316598e-02  1.7186473e-02  2.5312658e-02
   857 : -2.3308701e-02 -1.0353615e-02 -2.1218276e-02
   858 :  1.7119136e-02  2.3702364e-02  2.0677666e-02
   859 :  1.3169731e-13 -2.8498494e-13 -2.1299763e-13
   860 :  1.9705356e-02  2.4830036e-02 -3.4475205e-03
   861 : -2.4568173e-03 -4.7146636e-04 -2.4783854e-03
   862 : -2.8549180e-03  2.1797561e-04  8.8841748e-05
   863 :  1.6210016e-02 -4.4666962e-04 -4.2284074e-03
   864 : -7.2773020e-03 -1.7853066e-03 -7.7341489e-03
   865 :  5.3736594e-04  2.0366550e-01 -2.1284995e-01
   866 :  6.9907485e-02 -2.4354944e-02 -4.5773127e-02
   867 : -1.4123510e-02  7.0454161e-03 -2.3468448e-02
   868 : -1.4700679e-04  1.5832226e-04  5.4348304e-04
   869 :  1.6739691e-04  4.5329416e-05 -1.2611208e-04
   870 : -1.7620057e-04  4.8204115e-04 -1.3955925e-04
   871 : -2.5359075e-02  6.9442284e-03 -9.2372273e-02
   872 : -3.2378330e-02 -1.7987851e-02 -3.2263606e-02
   873 : -2.2827064e-02 -2.1936138e-02 -1.5053883e-02
   874 : -1.3838181e-02 -1.5028698e-02 -2.4395811e-02
   875 : -1.0602821e-08  2.4424466e-09 -5.6139948e-09
   876 : -6.4534062e-08 -5.2738358e-08  6.8080456e-08
   877 :  1.1575563e-17 -1.4316435e-17  1.6921623e-17
   878 :  1.4036139e-15 -3.6252177e-15  9.0551039e-16
   879 : -1.6269924e-08 -1.5728693e-08  5.2127096e-08
   880 :  2.6586280e-07  2.1894442e-07 -2.3826937e-07
   881 : -3.0693670e-19 -3.0422843e-19  8.0814093e-19
   882 : -5.2618126e-17  1.8049526e-17  8.3805519e-17
   883 : -9.3044637e-09  3.5515586e-09  1.3275281e-09
   884 :  1.5503779e-08  6.3834688e-08 -2.0447457e-08
   885 : -1.1796978e-03 -3.0546994e-03 -1.8094493e-03
   886 : -2.9092572e-03  2.0182933e-04 -1.6123465e-04
   887 :  1.9150714e-02  2.3067307e-02  2.1722039e-02
   888 :  1.7895742e-02  1.4466034e-02  2.1500682e-02
   889 :  5.7437394e-03  1.5387733e-02  1.1445101e-02
   890 :  9.3067489e-03  1.5512253e-03  7.4636270e-03
   891 :  2.6389524e-08 -4.4952562e-08  6.4995248e-08
   892 :  1.8447490e-07 -1.1727406e-06  5.9605564e-07
   893 :  1.9274703e-02 -8.4002608e-03 -6.8917363e-03
   894 : -2.5410586e-03  2.9468158e-02  2.9934721e-02
   895 : -1.2470442e-02 -3.3312475e-03  4.3134559e-03
   896 : -7.6821953e-04 -2.0785278e-02 -1.2167406e-03
   897 :  7.4132724e-09 -1.6806725e-09 -1.7209226e-09
   898 : -1.1203815e-09  1.0176407e-08  1.0464648e-08
   899 : -1.9034771e-03 -2.4681766e-03 -2.4380355e-03
   900 :  6.1240705e-04  1.6201138e-03 -3.4694907e-03
   901 : -1.4160499e-03  5.7208630e-04 -5.3715145e-04
   902 :  3.8681731e-03  1.4258609e-02 -7.4921324e-03
   903 :  9.8428003e-03 -1.0792432e-02  2.9053008e-02
   904 :  2.7908358e-02  2.7394201e-02  1.7955666e-02
   905 : -2.5889995e-03 -7.0750323e-03 -1.8678732e-03
   906 : -2.1026495e-02  1.2529698e-02  7.8617057e-03
   907 :  1.1739897e-03 -3.6291688e-02 -2.0326079e-02
   908 :  2.0039676e-02 -3.2329915e-02  6.2021310e-04
   909 : -1.0804854e-02  2.3585878e-02  1.1137416e-02
   910 :  4.8128506e-03 -2.5755836e-03 -2.8463351e-04
   911 :  7.8459454e-04  1.4759660e-02  4.2250468e-03
