Number of elements 912
     0 : -2.1292274e-07  9.8935629e-06 -4.1356711e-06
     1 : -1.3699333e-02  3.3648583e-02  1.6673467e-02
     2 :  2.9226102e-03  2.8661946e-04 -2.3321789e-03
     3 :  8.1107984e-04  3.1964615e-05 -1.4164119e-03
     4 :  2.1650388e-03  4.7185848e-03  4.2654874e-03
     5 : -4.5109162e-02  2.1875784e-02  2.6340020e-02
     6 : -2.6553796e-11  9.0409113e-12  6.4035688e-11
     7 :  1.1016137e-02 -1.0234410e-02  2.0409662e-02
     8 :  1.5852163e-02 -1.5712012e-04  2.1172969e-02
     9 :  2.3747452e-10 -2.9621708e-10 -6.3011379e-10
    10 :  1.9207540e-02 -1.9910992e-02  1.7998808e-02
    11 :  2.4002030e-12 -2.3887140e-12 -1.0465938e-11
    12 : -1.1785231e-02 -2.4062753e-01  2.5393970e-01
    13 : -1.0577277e-02 -1.4450333e-02 -1.5323981e-02
    14 :  4.3263641e-04 -1.3160453e-03  2.3899699e-04
    15 :  7.9082231e-03  4.0636341e-03  9.0626220e-03
    16 :  1.9063863e-12  7.7303774e-13 -4.8956816e-12
    17 : -5.2077479e-08 -1.0672629e-07  8.2799473e-08
    18 :  1.0872503e-02  7.8057351e-03  1.7670412e-03
    19 :  3.3978863e-14 -5.4724950e-15  9.9293017e-15
    20 : -3.0761439e-07 -5.4098400e-07  6.4903787e-07
    21 :  1.6250130e-05 -1.1868016e-02 -1.1845913e-02
    22 : -8.1891702e-03 -1.4470082e-02 -2.3540702e-02
    23 : -3.1009197e-13 -9.1893983e-13  9.3322830e-13
    24 :  1.2024809e-03  2.2289585e-02  3.6690153e-03
    25 : -5.0466223e-15 -3.1186500e-14  1.5514505e-14
    26 :  2.9320208e-02 -3.2970591e-03  2.2842838e-02
    27 : -2.0085133e-02  1.8361252e-02  1.6789414e-02
    28 :  4.2493452e-03 -2.2186775e-02  3.8453549e-02
    29 : -2.3663075e-03  5.9944231e-03  2.7639567e-02
    30 :  1.8505161e-02 -2.2017319e-02  3.4278868e-02
    31 :  7.9786874e-04 -6.4339659e-04 -1.9018332e-03
    32 : -3.2614528e-10 -1.4538252e-10  9.1488662e-10
    33 :  8.6588583e-04 -5.2117913e-03 -3.3707102e-03
    34 :  1.6436856e-15 -4.5054867e-15  3.0377143e-15
    35 :  4.7397444e-04 -1.9644810e-04 -1.6819405e-03
    36 : -3.7354872e-03 -9.8560642e-04 -1.4711334e-03
    37 : -1.1319836e-02 -1.4590404e-02 -1.0839404e-02
    38 :  1.3026082e-04 -1.2654574e-02  1.4689453e-02
    39 :  1.6733793e-02  3.1033973e-02  3.2189512e-02
    40 :  9.7521216e-03 -1.3462646e-01  1.9611111e-01
    41 : -1.7444164e-03  2.2034393e-02 -5.6862402e-02
    42 : -1.4596436e-13 -6.4056988e-14  1.0640497e-13
    43 : -1.2398351e-06  1.9557641e-06  1.0959341e-06
    44 : -6.6687782e-03 -1.0056478e-02 -1.6842220e-02
    45 :  9.8730929e-05 -5.3146578e-05  4.3026524e-05
    46 :  1.7668015e-04 -6.4402967e-05 -6.8880860e-05
    47 :  1.3154022e-09 -3.6727584e-10  9.2269176e-10
    48 : -1.6367629e-12 -2.7478507e-12 -1.8932635e-12
    49 :  1.9338792e-02 -2.0181034e-02 -8.6890269e-03
    50 : -6.1830101e-03 -4.0626853e-03  2.8394762e-03
    51 :  5.5903659e-03 -1.8528425e-03  5.3639267e-03
    52 :  2.7200368e-02 -2.8662420e-02  2.7686168e-02
    53 :  3.5964940e-13 -1.9430599e-11  5.4787071e-11
    54 : -6.3292040e-03  3.2399119e-03 -4.0586879e-03
    55 : -9.1242603e-04 -2.6229387e-03 -3.6889636e-03
    56 :  4.3649115e-03 -1.9851079e-03  9.2250134e-03
    57 : -4.5301980e-02 -3.6674468e-02  2.2302605e-02
    58 : -1.2644835e-02 -1.2855063e-01  1.1758777e-01
    59 : -2.1122091e-02 -2.1304227e-02 -1.9543963e-02
    60 :  5.3386273e-03  1.0123565e-04 -5.7342093e-03
    61 :  1.0642681e-02 -9.7156066e-04  3.8065831e-03
    62 :  2.3829004e-02  2.2978945e-02  4.0349955e-03
    63 : -2.2468565e-02 -2.2493534e-02 -1.1806419e-02
    64 :  2.2342748e-02 -6.3980342e-03  1.7469316e-02
    65 : -2.1788684e-03  2.9824203e-03 -3.0089064e-03
    66 : -2.1399501e-03  4.0088218e-03 -1.5599777e-03
    67 :  4.9744989e-11 -7.2197365e-11 -1.0307220e-10
    68 : -1.3115758e-11  3.7865181e-11 -5.8937071e-12
    69 :  6.6403580e-11 -8.4855995e-11 -1.0029141e-10
    70 : -1.0639719e-05 -5.3616926e-05 -9.4172670e-05
    71 : -2.0769594e-02 -5.3988391e-03 -1.9231898e-02
    72 :  2.0436584e-13 -7.3816972e-13  3.5069572e-13
    73 :  1.5360338e-02 -1.7035751e-03 -2.2100955e-03
    74 : -1.6320901e-07  1.9257749e-06 -9.1405382e-07
    75 : -7.4685724e-09  2.1005170e-08  4.3939624e-09
    76 :  2.9412107e-13 -1.2350865e-12  3.0015454e-13
    77 : -1.2829466e-08  2.6125954e-08  2.3376677e-08
    78 :  1.0264724e-10 -5.4394152e-10  4.7423542e-11
    79 :  7.1840933e-07 -1.4106220e-06  2.4140740e-06
    80 : -1.3260451e-18  6.0284807e-18 -7.4185068e-19
    81 : -1.9578577e-09  4.6421910e-09 -9.7796405e-10
    82 : -1.9147617e-03 -5.9287657e-02  8.4305782e-02
    83 : -1.6498765e-15 -7.4403167e-16  7.5987051e-15
    84 :  2.9373060e-14 -1.5180626e-13  6.4503296e-14
    85 : -4.4564632e-03  4.6506863e-02 -8.3068761e-02
    86 : -1.9597305e-07 -7.4329799e-09  1.0485349e-07
    87 : -1.2463102e-06  1.5358474e-06  1.6543187e-06
    88 :  2.5089598e-02  4.0966496e-02 -8.1718408e-03
    89 :  1.7027798e-03 -1.3295595e-02 -1.0645483e-02
    90 :  6.7452699e-13  1.4938610e-12 -1.1047351e-12
    91 :  1.6496363e-03  6.3676477e-03  4.7398529e-03
    92 :  1.9033364e-04 -2.8760684e-05 -2.3347804e-05
    93 : -3.1719034e-17  1.6653466e-17  1.8715167e-19
    94 : -3.8154385e-06  2.3165206e-06  1.4125577e-06
    95 : -8.5283228e-12  3.6590231e-12 -2.9325733e-12
    96 : -4.4001154e-05  7.0283714e-04 -1.7203363e-03
    97 : -2.3253068e-04  5.7614121e-04  2.4070583e-04
    98 :  8.1995208e-03 -4.6892497e-03 -8.7195454e-03
    99 : -2.4270839e-10  9.2284699e-11  1.0837872e-10
   100 : -2.1471760e-10 -1.6218837e-10  6.0424897e-10
   101 :  4.1077824e-03 -2.0958385e-03 -1.5759419e-03
   102 :  7.8082576e-03  8.1932803e-03  1.3733000e-02
   103 : -1.0404318e-15  1.0792441e-15  3.0067024e-15
   104 : -1.0018252e-05 -1.0793935e-05 -1.1126788e-05
   105 : -2.6628208e-02 -1.8659164e-02 -1.4614192e-02
   106 : -1.2148632e-03 -2.7700601e-03  1.2811810e-02
   107 :  6.8887135e-03  1.4625624e-02  8.9971960e-03
   108 :  1.4891218e-02  1.5421813e-02  4.7470365e-03
   109 : -2.5131805e-02 -1.7632320e-02 -6.2158746e-03
   110 :  1.5917324e-02 -4.7348430e-03  1.3309883e-03
   111 :  2.2525590e-02  1.1009316e-03  6.3902691e-03
   112 : -1.2904851e-10 -8.0947720e-10  8.5639710e-10
   113 :  6.4378034e-03 -5.0224216e-03 -3.3183426e-03
   114 : -1.8459943e-03  9.2203176e-04 -3.5742402e-04
   115 :  7.6501664e-03  5.1660137e-02 -4.9632962e-02
   116 : -1.7622237e-02 -7.6643049e-02  5.7832206e-02
   117 :  1.5237805e-03  2.3003426e-03  6.5975162e-03
   118 : -4.0588490e-04  1.5826744e-02 -1.5309966e-03
   119 :  2.3243330e-11  1.0182587e-11 -4.3364786e-11
   120 :  2.1359458e-04 -9.6413064e-05  1.2444457e-04
   121 :  2.6218133e-09 -6.9888229e-09  1.4372079e-08
   122 : -2.3577339e-03 -2.6015924e-02  2.0711033e-02
   123 : -3.5075986e-15 -1.0433574e-15 -1.3254863e-15
   124 :  1.8970772e-11  7.1976828e-11 -2.8506866e-11
   125 :  1.0765446e-18 -3.2546243e-18  1.1210157e-18
   126 : -1.9888437e-07 -2.6208211e-07  2.0530805e-07
   127 :  2.6982970e-08  2.3027490e-08  4.8376937e-08
   128 :  1.5158725e-02 -1.6400095e-02 -1.6376430e-02
   129 :  2.2891659e-06  5.1819516e-06 -6.2945433e-06
   130 :  1.0507003e-02  3.7372460e-03  7.8357094e-03
   131 :  1.7770476e-03 -1.4944929e-02 -4.8688550e-03
   132 :  1.1067342e-02  1.7860935e-04  7.6599698e-03
   133 : -1.9469771e-02 -1.0385589e-03 -1.8521525e-02
   134 :  1.6426467e-03 -1.0680242e-02 -1.4029431e-02
   135 :  1.2931291e-03 -2.0570876e-04 -3.4449178e-02
   136 :  9.8445031e-03  1.7784515e-02 -4.2139167e-03
   137 :  1.6920360e-02 -1.1490204e-02 -1.9327650e-02
   138 :  6.6458434e-03 -2.1970748e-02  2.6520778e-02
   139 :  1.6517242e-02  3.3886178e-03  1.2671374e-02
   140 : -1.3428153e-09  3.2176181e-11  3.5267433e-11
   141 : -5.1708724e-09  1.1836343e-08  5.2415765e-09
   142 : -4.7896614e-03  1.8589680e-02 -1.6576566e-02
   143 :  8.8264878e-12 -2.9080176e-11  1.9098986e-11
   144 :  4.0551730e-03  7.2446484e-04 -3.8645549e-03
   145 : -4.4749499e-03  3.2215899e-03 -4.1401536e-03
   146 :  1.4771807e-05 -3.0608846e-05 -3.1869955e-05
   147 : -4.6165455e-12 -1.9650656e-12  1.9655772e-12
   148 :  1.5341478e-05 -4.1995984e-05  2.6660325e-05
   149 : -3.3328912e-03  4.1101953e-03 -4.2986159e-03
   150 : -8.4441831e-03  9.6516678e-03  7.0775456e-03
   151 :  1.7948954e-08  1.9971424e-08 -4.0669711e-08
   152 : -2.1129978e-06  1.6708284e-06  1.3387021e-06
   153 :  4.7898799e-02 -1.0594134e-02 -3.2192548e-02
   154 : -4.8999462e-18  1.4362203e-18 -3.9759087e-17
   155 :  1.1090903e-11 -1.7431684e-11  5.2618044e-12
   156 : -6.2254445e-14  6.6295037e-13 -2.3024289e-13
   157 : -5.2943359e-05  6.5049134e-06  2.7755421e-04
   158 :  1.7287274e-02 -3.0078914e-02  2.2490756e-02
   159 : -3.0433752e-03 -4.3379493e-03  2.6644489e-03
   160 :  1.7763747e-16 -1.2010981e-16 -2.7329599e-17
   161 :  1.0729638e-16 -1.2321027e-15  2.4316265e-15
   162 :  2.9804463e-03 -4.0807843e-03  4.4306120e-03
   163 :  1.7837842e-02 -1.5335684e-02  6.7011936e-03
   164 :  5.4591875e-08 -1.1599971e-07 -1.5152188e-07
   165 : -7.9733443e-03  2.2864379e-02 -2.3566156e-03
   166 : -2.6983753e-12  1.1667094e-12  5.1681481e-12
   167 :  1.7233596e-02  5.6156313e-03  1.9570077e-02
   168 : -3.7698461e-02  4.3890861e-02 -1.0472814e-02
   169 :  1.4245807e-02  7.9598115e-03  6.1932312e-04
   170 :  2.1515004e-11 -9.3664259e-12 -2.8940995e-12
   171 :  6.9955178e-12  6.9343250e-12 -2.3215354e-11
   172 : -5.7969672e-03 -9.4660966e-04  6.3714158e-04
   173 : -1.8705689e-02 -1.5958118e-02  1.7405691e-03
   174 :  1.3968539e-02  2.4648859e-03  1.6846394e-02
   175 :  3.2178580e-05 -5.1514480e-06 -1.6418857e-05
   176 :  1.4181532e-10 -1.3246006e-10 -7.3720434e-11
   177 : -4.2983674e-03  1.5412044e-02  1.5553867e-02
   178 :  1.4721646e-02  2.3315761e-01 -2.2961570e-01
   179 :  2.7508237e-02  1.9783648e-02 -1.0725186e-02
   180 :  9.1102394e-13 -8.5206573e-14 -2.8497584e-12
   181 :  1.0095096e-02  1.7707144e-02  1.1411758e-03
   182 :  2.3983142e-06 -3.7583837e-08 -2.4848973e-07
   183 :  4.6660409e-03  1.3339261e-02 -2.7829263e-03
   184 :  7.5320985e-16  1.7939346e-15 -5.3645067e-16
   185 : -1.9420006e-07  9.1888867e-09  1.3644026e-07
   186 :  3.1813994e-04 -1.1285719e-04  4.2690340e-04
   187 :  3.1054372e-02 -1.8044742e-02 -6.3247059e-03
   188 : -1.2504087e-02 -2.1216257e-01  2.2865602e-01
   189 :  5.0082941e-03  1.2654649e-02 -2.2337748e-03
   190 :  7.0721862e-04  2.5942409e-03 -3.0542570e-03
   191 : -8.2740117e-15 -2.4490124e-15  2.8185110e-15
   192 :  3.3995680e-03 -1.1153110e-02 -1.4969621e-02
   193 :  1.1599512e-03 -9.7640017e-03  1.0501317e-03
   194 :  5.4453581e-03  1.1388616e-01 -1.2683242e-01
   195 : -8.6585933e-04 -4.9328938e-04  6.5631069e-04
   196 : -1.3660363e-13 -2.4596642e-13  1.4855329e-12
   197 :  2.2544345e-12 -4.0010003e-12 -1.9130987e-12
   198 : -1.5080578e-03  4.8136802e-04 -2.6712206e-04
   199 : -4.4189114e-03  1.7597653e-02  9.4086967e-03
   200 :  1.6004762e-11 -6.2314828e-11  4.3578921e-11
   201 :  9.8149206e-03  1.0632769e-02 -1.0472252e-02
   202 :  5.5344425e-03 -2.9431320e-03 -1.8102016e-03
   203 : -6.2673366e-14 -8.2251879e-14  3.8506798e-14
   204 : -1.7333698e-05 -5.8107527e-04  6.9274884e-05
   205 : -2.8871976e-03 -4.4384490e-02  5.2560063e-02
   206 :  2.5098210e-13 -8.2110000e-14 -5.3785078e-14
   207 :  8.9308089e-12 -4.6185319e-12  3.6749979e-12
   208 : -1.5932596e-08  2.1785191e-08  7.7653255e-08
   209 : -1.0650839e-01  7.3660118e-02  4.3922679e-02
   210 : -4.0159474e-04 -8.9630547e-05 -7.4560648e-04
   211 : -9.2479769e-15 -6.4783324e-14  1.6498777e-13
   212 : -8.8569593e-03 -2.5858565e-02  2.0854261e-02
   213 :  1.8508190e-11  1.5384923e-11 -4.7498380e-11
   214 : -3.2824417e-03 -7.6663989e-04  3.2807694e-03
   215 : -2.0626994e-02  1.4507706e-02  9.2703299e-03
   216 :  2.8734463e-02 -2.7132435e-02 -2.1188302e-02
   217 : -2.3707718e-17 -6.8682400e-17  3.8731341e-17
   218 :  6.5987741e-10 -6.3308538e-09 -1.0373130e-08
   219 : -2.8608021e-02 -4.3894761e-03  1.1071159e-02
   220 : -2.1185960e-07 -1.5343274e-07  3.3662639e-07
   221 :  5.6644737e-11  9.8246728e-11 -8.6730407e-11
   222 : -6.0303752e-03 -1.1812100e-02 -4.7702975e-03
   223 : -6.9593854e-03 -9.6203982e-03 -6.7311390e-03
   224 :  1.6265992e-03 -3.6948734e-03 -4.1478335e-04
   225 : -2.3294615e-07 -9.1908600e-07  6.3576907e-07
   226 :  8.4461760e-10 -2.2399927e-10 -1.9221631e-10
   227 :  1.2571904e-04 -2.6165275e-05 -4.2649623e-05
   228 :  6.3452492e-03 -2.2007149e-03  4.1978715e-02
   229 :  1.2399156e-06 -5.4641476e-06  4.5244746e-06
   230 :  4.5284561e-11  3.9188446e-11 -1.4012264e-11
   231 : -1.7448522e-11  4.1889722e-11  1.3127097e-11
   232 :  1.9544384e-17  1.3955628e-17 -1.1840461e-17
   233 :  1.0521092e-10  1.8828838e-10 -3.4030704e-10
   234 :  1.2154689e-02  9.5648753e-03  7.5536517e-03
   235 : -1.0093311e-01  1.5930162e-02  7.6755683e-03
   236 :  4.5794753e-10 -1.6512679e-10 -1.3203756e-09
   237 :  4.2465919e-08  4.7203792e-08 -6.6567128e-08
   238 : -1.9152352e-14 -1.6110144e-15  9.4960436e-15
   239 : -1.9898077e-10  1.4577335e-10 -1.8841519e-10
   240 :  3.4217724e-14  4.9366402e-13 -2.2099751e-13
   241 : -2.1620447e-04 -1.6829459e-03 -1.7257428e-02
   242 :  6.0642509e-03  2.1549582e-02 -2.8675685e-02
   243 :  2.7928599e-03 -4.2093463e-03  1.6695298e-03
   244 : -9.2915168e-03 -1.1847670e-02 -1.0594564e-02
   245 :  1.4846376e-09  1.3362355e-09 -6.4793596e-09
   246 :  6.2473550e-03  3.6623264e-03  2.7079890e-03
   247 :  4.2476261e-03 -1.1964910e-02  1.0775283e-02
   248 :  7.9041773e-17  2.2880503e-16 -2.8756380e-16
   249 : -4.1583751e-07  2.5186269e-08  9.2185879e-07
   250 :  5.4916561e-03 -1.3982501e-02 -1.7604911e-02
   251 :  5.5455485e-03  1.6459948e-02  1.9149306e-02
   252 :  5.0377709e-10 -1.5957565e-10 -1.8746149e-10
   253 : -2.7391402e-13  2.5212301e-13 -2.4037502e-13
   254 :  1.0586225e-02  2.9086855e-03  2.2691595e-03
   255 :  3.3045478e-04  1.4564046e-04 -1.1437341e-04
   256 : -2.6637376e-02 -2.5260121e-02  1.9225733e-02
   257 : -6.4755381e-03  2.0124019e-03 -6.9259318e-03
   258 : -7.1764796e-05 -8.0836848e-05  2.2057025e-04
   259 :  6.4285134e-09  1.0753247e-08 -1.5469042e-08
   260 :  1.4478592e-02 -2.2341268e-02 -2.4036145e-02
   261 : -6.9156095e-05  2.4432656e-04  1.5875715e-02
   262 :  5.2875972e-10 -2.7708319e-09 -1.1449573e-09
   263 :  5.5355638e-11 -8.0540994e-11 -1.3614689e-10
   264 :  1.2923696e-04 -3.6933446e-05  3.5433847e-04
   265 :  3.7171538e-03 -1.2229537e-02  3.9039088e-03
   266 :  1.1170269e-06  5.8193629e-06 -2.6880289e-06
   267 :  7.5645926e-06 -1.8008957e-05  4.5596161e-06
   268 :  1.2854921e-13  3.0177659e-12 -7.0609328e-12
   269 :  6.9826674e-03  2.8082052e-03  7.2276082e-04
   270 : -2.2290606e-05  7.4227495e-05 -4.3490508e-05
   271 :  5.7411618e-03 -1.3502295e-02  2.2966681e-03
   272 : -1.1460123e-05  4.9382213e-06 -4.0295449e-06
   273 :  1.3738061e-12  6.8849687e-11 -5.4265409e-11
   274 :  6.6767576e-03  6.3065038e-04  9.7775467e-03
   275 : -3.8475585e-09  6.0527760e-09  2.4526484e-09
   276 : -1.3480070e-02 -5.1195756e-03 -8.5120381e-03
   277 :  1.4335115e-10 -3.3892967e-10  7.1928040e-11
   278 :  1.9880577e-02  1.5564527e-02 -1.8806016e-02
   279 :  1.7480879e-02 -5.9308597e-03 -5.5928657e-03
   280 : -1.1232954e-02  3.1012401e-04 -1.1994303e-02
   281 :  5.8721625e-04 -2.1805920e-04 -8.4693040e-04
   282 : -3.1594240e-05  6.6244799e-06 -2.1687342e-05
   283 : -6.4411268e-08  1.2700058e-07  3.3010668e-08
   284 : -8.6679017e-10 -5.2877992e-10  2.3160610e-09
   285 :  8.2168244e-03  3.7934638e-03  8.3150142e-03
   286 : -1.2952943e-02 -2.3970277e-02 -2.6172286e-02
   287 : -3.6313842e-02 -1.4810418e-02  1.5914584e-02
   288 :  2.7542677e-03  4.7541265e-03  2.3548467e-03
   289 :  9.1386674e-04 -3.5809334e-03  6.7480796e-04
   290 :  3.0911257e-03  3.7694395e-03  7.0765227e-03
   291 : -3.6081916e-03  1.6340926e-02 -4.2629044e-03
   292 : -1.3363244e-03  1.4263198e-03  5.6197348e-03
   293 : -1.3503637e-08  3.8911480e-08 -3.5347474e-08
   294 : -1.1632186e-02 -1.8342199e-02 -2.5672495e-02
   295 :  6.3532147e-14  4.2135649e-14 -4.8930320e-14
   296 : -1.2708482e-02 -1.0278988e-02 -2.5408944e-02
   297 : -2.7060932e-04 -2.1120797e-03 -2.5340044e-03
   298 : -2.8172440e-03 -1.9729861e-03 -4.3630903e-03
   299 :  6.0374736e-15  4.3917329e-15 -1.5479223e-14
   300 : -5.4760289e-04  1.5413383e-02  6.7632714e-03
   301 :  7.3649708e-03  1.6361814e-02 -7.2132798e-04
   302 :  3.3304253e-03  6.2427005e-03  6.9115939e-03
   303 :  3.2097003e-02  3.3535705e-02  7.0885982e-03
   304 :  1.8048002e-02  2.2365698e-02 -2.6661407e-03
   305 :  1.8617593e-04 -3.0951462e-05 -4.9942824e-05
   306 : -1.8129310e-03 -6.4254344e-03  1.6560314e-03
   307 :  8.9479128e-04 -4.8239311e-03 -1.4188731e-02
   308 :  2.9019934e-04  2.8875121e-04 -1.2006563e-03
   309 :  5.3133820e-14 -3.2107379e-14  1.7671286e-14
   310 : -1.1858481e-02  1.0778824e-03  2.7942178e-02
   311 :  2.0151508e-04 -1.7800159e-02 -5.2271567e-02
   312 : -1.1567954e-12  2.5320842e-12  2.0571131e-12
   313 :  3.7545117e-08 -5.3537988e-08  3.5493091e-08
   314 : -1.4721994e-14 -2.6196063e-14  7.9278414e-14
   315 :  3.7039596e-10  1.1939432e-09 -2.4666772e-10
   316 : -1.3507029e-02 -7.3284852e-03 -4.8467254e-03
   317 :  5.4241394e-15  6.7997253e-15 -1.4437630e-14
   318 : -1.7195458e-03 -2.9359201e-03 -2.5939910e-03
   319 : -2.8419246e-02  1.1497389e-02  3.5948862e-03
   320 : -1.6592030e-02  2.1674999e-02  1.1803796e-02
   321 :  3.3440204e-03 -6.1768148e-03 -3.5566935e-03
   322 :  2.2780894e-15 -6.3266873e-15  2.4100105e-16
   323 : -6.2816105e-16 -6.5524127e-15  1.3218180e-15
   324 :  3.2550064e-10 -7.7635109e-09  1.3372044e-09
   325 : -5.4517030e-08  5.9836675e-08 -5.8987106e-08
   326 : -4.4785501e-05  1.3501618e-02 -2.3427526e-02
   327 :  1.4466880e-02  8.5515037e-02 -5.9996965e-02
   328 : -8.4719169e-04 -1.6651413e-02 -1.9367840e-02
   329 :  2.0336612e-10 -4.5750120e-09  1.7583594e-09
   330 : -1.1283464e-15 -2.4520851e-16  3.1616675e-15
   331 : -2.5576257e-05 -6.2642461e-05  1.4043538e-05
   332 :  3.0619513e-02  3.1836237e-02  2.0331864e-05
   333 : -1.1121408e-08  1.1123511e-08  3.6289677e-09
   334 : -1.0042658e-02  2.5444603e-02  1.2022882e-02
   335 :  1.3063463e-04  1.2154787e-02 -6.3292139e-03
   336 :  3.9362050e-02  1.6928421e-02 -2.8729881e-02
   337 : -2.3259928e-13  1.0931924e-12 -1.3255269e-12
   338 : -2.5277232e-02 -3.6048117e-02 -2.0377107e-02
   339 : -1.8184935e-09  2.3444947e-09  3.6992550e-10
   340 : -1.4430506e-03 -1.5647480e-03 -3.2101920e-03
   341 : -4.6095739e-13  8.8386662e-13 -2.0732702e-13
   342 : -4.2615155e-10  8.8664500e-10  6.6452257e-10
   343 : -1.4602655e-03  5.6369881e-04  3.1789157e-04
   344 :  8.8080993e-04 -3.4417576e-03  1.0301810e-03
   345 :  5.1029919e-03  3.0149225e-03 -5.1153682e-03
   346 :  1.0532621e-09  7.5711673e-10 -3.0409393e-10
   347 : -4.0052500e-03 -2.6537136e-02 -1.0660899e-04
   348 :  7.2211615e-04  5.2137458e-04 -3.2933531e-04
   349 :  3.2069186e-04 -1.2835649e-04  1.4795905e-04
   350 :  7.1728518e-03 -5.4461241e-04  2.4639308e-03
   351 : -2.0602933e-07 -7.3627522e-08  1.2477963e-07
   352 : -2.6695421e-02 -1.5270176e-02 -7.1040689e-04
   353 :  1.6208245e-02 -1.2106253e-02  2.2602669e-02
   354 :  2.0487900e-03  1.2537480e-03  3.3424369e-05
   355 : -4.1976780e-03 -4.7503302e-03 -1.4499645e-02
   356 : -1.1952654e-12 -1.0126943e-12  2.6984930e-12
   357 : -1.9923069e-02  3.3125428e-03 -1.3721048e-02
   358 : -8.5852766e-05  1.6203533e-04  1.3018001e-04
   359 :  1.4004998e-18 -3.3092429e-18  1.2046914e-18
   360 :  5.1405913e-03 -6.8970173e-03  4.2954401e-03
   361 :  6.1418541e-07  7.3192253e-08 -2.8303504e-07
   362 :  1.7939382e-04  1.2009381e-04  1.4203968e-05
   363 : -7.0646727e-06  1.5883652e-05 -4.0161402e-05
   364 :  1.3777897e-06 -1.4411203e-06  3.8400730e-07
   365 :  1.3819896e-02  2.9641009e-03  4.8109306e-03
   366 : -2.3708574e-12  9.6509772e-12 -4.2855709e-12
   367 :  1.3688164e-02  1.8535528e-03  3.3092458e-02
   368 :  1.1076862e-02  1.0008659e-03  3.4273504e-03
   369 :  4.0373297e-04  4.4253818e-04 -8.0508411e-04
   370 :  2.0027950e-04 -4.4044598e-04  1.0156049e-04
   371 : -1.8594031e-12 -2.1135937e-12  3.0592629e-12
   372 : -5.9299294e-05 -3.3476637e-04 -1.9067985e-03
   373 :  1.9931256e-02  2.1938309e-02 -1.1161640e-02
   374 :  1.5422104e-02  6.4315667e-03  1.0587861e-02
   375 : -3.4067160e-08 -5.2527235e-08  3.9128464e-08
   376 :  3.2055165e-13 -1.0357752e-13 -7.0670964e-13
   377 : -2.5538795e-03 -2.0105369e-03 -2.4992679e-04
   378 :  8.0316851e-05 -1.0132367e-03  4.6006937e-04
   379 : -2.6782700e-16  5.4597279e-16 -1.7962428e-16
   380 : -1.9973895e-03 -8.6119672e-03 -1.9713612e-02
   381 :  3.5909066e-05 -3.6660151e-05 -8.6733764e-06
   382 : -8.6328199e-07  2.2254388e-06  3.2928150e-07
   383 :  1.7662564e-02  6.0749560e-04  1.0898765e-02
   384 : -9.7545895e-08  2.0626296e-07 -1.7073607e-07
   385 :  1.8478577e-02 -1.9382320e-02  1.6078084e-02
   386 : -1.2349517e-02 -4.2421217e-03 -6.8015739e-03
   387 : -6.9760004e-09 -3.8792708e-09  7.7272633e-10
   388 : -4.7365725e-04  1.2733105e-03  1.2129325e-02
   389 : -1.6121729e-05  1.4730729e-05  1.3937413e-05
   390 :  4.0431988e-03 -1.2701914e-02  2.2184659e-02
   391 : -3.0703441e-05  8.5109389e-05 -3.7090224e-05
   392 :  9.7899724e-03  5.6713913e-03  1.2681416e-02
   393 :  7.7090862e-03 -4.6225727e-03 -5.4538788e-03
   394 : -9.6521760e-07  1.5069986e-06 -4.2422149e-07
   395 : -2.1836200e-03  4.8476337e-04 -2.0259327e-03
   396 : -1.0779589e-15  2.3794858e-15 -4.7345692e-15
   397 :  8.1316365e-03 -1.5049086e-03  1.3167282e-02
   398 :  1.8634565e-02  2.0824648e-02  8.4402819e-03
   399 :  9.7050482e-03 -1.3347855e-02  1.8494359e-02
   400 :  2.7070750e-02  1.3051530e-02  2.3036511e-02
   401 :  1.6203734e-04 -3.2230830e-03  5.8803543e-03
   402 : -9.9788285e-07  1.0346951e-06  4.0273325e-07
   403 :  3.9653241e-06 -9.4010059e-06  1.1260237e-05
   404 : -1.0611296e-12 -1.0897530e-12  4.5120026e-12
   405 : -6.1974210e-04 -2.1913304e-03 -2.8530333e-03
   406 :  4.5224543e-03 -8.9363545e-04 -6.6343522e-03
   407 : -9.3635395e-03 -2.2232025e-03 -2.1222552e-03
   408 :  5.7333720e-03 -1.0048071e-02 -1.9490970e-03
   409 :  1.7733632e-02  6.4074604e-03 -4.0041406e-03
   410 : -1.3500534e-03  3.9241971e-04 -3.9434791e-04
   411 : -2.8361831e-03  2.7510085e-02  1.1515139e-02
   412 : -1.0593942e-03  3.4494165e-03  5.7230363e-03
   413 :  3.5373835e-14 -4.3262259e-14  4.7433449e-14
   414 :  6.7053330e-03  3.1388133e-03  3.4369215e-03
   415 : -2.1523516e-03  1.8506884e-02  2.4640834e-02
   416 :  3.3210833e-09 -1.7440532e-09  2.4669485e-09
   417 : -1.0799416e-02  8.4215288e-03 -7.4473960e-03
   418 : -6.7014906e-03 -6.4811437e-03 -9.1540999e-03
   419 : -7.0965930e-12  1.7084239e-11 -1.1350424e-12
   420 : -2.4630817e-11  8.3688666e-11 -3.1810944e-11
   421 :  9.7681244e-10 -5.7283699e-09 -2.2405943e-10
   422 :  3.5046127e-04  2.9322562e-04  1.9869942e-04
   423 :  2.4841668e-02 -4.3251031e-02  1.1861691e-02
   424 : -3.1583730e-07 -1.2259084e-06 -5.0593670e-08
   425 : -4.1021834e-08 -1.8426522e-08  8.2749951e-09
   426 : -1.2827887e-05 -1.1585129e-05  7.4028536e-06
   427 :  5.5253175e-05  4.7340210e-05 -1.6084152e-04
   428 : -2.9055216e-06  5.5135066e-06  3.5106724e-06
   429 : -1.0830340e-02 -1.8593687e-02  1.9557013e-02
   430 :  8.3004427e-03  8.1389339e-03  6.8893037e-03
   431 : -4.2795813e-03  1.6613490e-03  3.0148730e-03
   432 : -1.1691783e-03  7.2227969e-04 -1.2318547e-03
   433 : -2.3493341e-14  1.6137724e-13 -7.1712948e-14
   434 : -9.0921464e-03 -7.7161699e-03 -1.2702977e-02
   435 :  2.4909786e-04 -1.9521340e-03 -3.9285559e-03
   436 :  3.4303563e-08 -9.1657608e-08 -9.6769561e-08
   437 :  2.1058905e-03 -2.7216398e-03 -2.3360617e-03
   438 : -5.0373979e-04 -1.9654212e-02 -6.7264181e-03
   439 : -4.9999980e-04 -1.6109452e-03  5.7688154e-03
   440 :  7.4755572e-10 -2.9743050e-09  8.8308569e-10
   441 :  4.3411153e-14  1.8927721e-14 -2.1617760e-14
   442 : -1.2411581e-02 -8.3750447e-03 -1.7824180e-02
   443 : -6.7723562e-03  1.1643403e-02 -2.0430610e-03
   444 : -1.1087400e-02 -7.3714935e-03  4.9190307e-03
   445 :  3.4543149e-03 -6.8589056e-04 -1.0094326e-03
   446 :  1.3136182e-02  9.4857494e-03  6.7577010e-03
   447 : -8.6439132e-04  6.0902102e-04 -7.7826459e-04
   448 :  1.5419516e-02  4.4064484e-03  1.5286255e-02
   449 :  2.1535510e-13 -1.9409444e-13 -9.5348668e-14
   450 :  1.6319210e-15 -8.9567016e-15 -1.7979668e-14
   451 :  9.3817571e-03 -1.5148490e-03 -5.0523963e-03
   452 : -5.5864427e-03 -2.7720709e-03 -5.8582608e-03
   453 :  1.2300576e-02  1.1018143e-03  3.2018533e-03
   454 :  4.8332049e-03  7.9917685e-03  1.4120709e-03
   455 :  5.0794730e-06  3.2487338e-07  5.7672589e-06
   456 : -2.6691929e-03  1.7207549e-02 -2.4534698e-03
   457 : -3.7628209e-14  6.3134811e-14  4.6999444e-14
   458 : -3.1533525e-05  6.1461217e-05 -4.1833266e-05
   459 :  1.5450808e-02  1.3167368e-02 -8.0228850e-04
   460 :  1.3985450e-02  6.3094295e-03  8.5587261e-03
   461 :  3.5476637e-04 -1.5552391e-04 -7.0574861e-04
   462 : -4.8495993e-03  2.2965323e-02  1.0719349e-02
   463 : -6.1164966e-10 -7.9709758e-10  6.1674889e-10
   464 : -1.1459542e-02  1.5034510e-02 -3.5771160e-02
   465 :  1.6617884e-02 -2.6529667e-03  4.3506101e-03
   466 : -1.1789268e-02 -8.8524540e-03  1.2072860e-03
   467 : -1.2480847e-09  6.4991925e-10  9.0507824e-10
   468 :  3.2653651e-09  4.4967671e-08 -1.0708165e-08
   469 : -8.0926701e-16  4.9644102e-16  4.0091693e-16
   470 : -7.8909801e-14  8.6190696e-14  9.4907618e-15
   471 : -6.9582235e-07  7.1462131e-08 -2.6134445e-07
   472 :  1.4719267e-09 -6.5013063e-09 -4.5308126e-09
   473 :  3.3619182e-03  5.2039650e-03  5.9580104e-03
   474 :  1.4939915e-11 -3.7273269e-11 -1.2733387e-11
   475 :  1.3224881e-06 -7.9472348e-07  9.8830822e-07
   476 : -8.5815007e-08  2.3836887e-07 -2.9678008e-07
   477 :  5.6327759e-16  7.6610919e-16 -5.6380428e-15
   478 :  1.8182159e-02  1.6917145e-03 -6.4503731e-03
   479 : -2.3393651e-16  5.5763697e-16 -7.6202850e-17
   480 : -1.1247079e-02 -8.6586533e-03 -5.1430325e-03
   481 :  7.4384502e-06  3.7543038e-06 -1.8038864e-05
   482 : -1.4080132e-10  5.7743882e-10 -2.0267416e-10
   483 : -9.4264572e-03 -8.5424742e-03 -4.5774798e-03
   484 : -1.2321691e-02  1.2684015e-02  1.5291455e-02
   485 : -1.1894382e-02  1.2823504e-02  8.7541302e-03
   486 : -5.2822337e-03 -5.3887074e-03  4.3190330e-05
   487 :  2.8889795e-02  1.5406805e-02  4.0620761e-02
   488 :  2.5130350e-03 -2.2533627e-03 -4.0334591e-03
   489 : -1.3594408e-11 -3.3862829e-12  3.0708126e-11
   490 :  4.3478310e-10  7.1770585e-12 -1.4652838e-10
   491 :  1.7393614e-10  3.5980837e-10 -2.3107161e-10
   492 : -5.7819692e-02 -1.3193614e-05 -5.5171834e-02
   493 : -1.2189276e-03 -3.2334952e-03 -3.2479100e-03
   494 :  3.6779849e-03  2.3089652e-03  3.4006035e-03
   495 : -1.5292595e-03 -2.2416650e-03  2.1024226e-04
   496 :  4.8653885e-08  1.6388079e-07 -2.9816569e-07
   497 : -9.9207385e-15 -3.0123755e-13  1.9037982e-13
   498 :  5.6375854e-12 -4.1651728e-12  5.9025098e-12
   499 : -4.8259597e-03  6.1445797e-03  1.0324346e-03
   500 :  1.1888570e-14 -1.1390977e-14 -1.5121364e-14
   501 :  2.3509637e-15 -8.6682981e-15 -6.1412232e-16
   502 : -2.6040658e-02 -5.6058129e-03 -2.4962952e-02
   503 :  4.5685625e-03  1.2374837e-03  2.8993057e-03
   504 : -2.4862852e-03  2.5093448e-02  2.4223823e-03
   505 : -9.2858088e-03 -2.0851093e-03 -7.6636955e-03
   506 :  1.0134131e-10 -5.2331649e-10 -6.2293082e-10
   507 :  1.5102001e-08 -8.6139514e-10  4.3944575e-09
   508 :  9.4117959e-09 -4.8922528e-10  2.3673175e-09
   509 :  6.2836865e-03  8.1831677e-03  7.3778743e-03
   510 :  1.4689548e-08  7.4394717e-08  3.9013079e-08
   511 :  3.6496000e-04 -3.5392847e-04 -5.5652014e-04
   512 : -1.5225957e-05 -2.1429419e-05  1.2873464e-05
   513 : -7.1027522e-03  5.1250792e-03  1.0979574e-02
   514 :  1.8004537e-02  2.9530328e-02  2.3962564e-02
   515 : -8.6610893e-03  1.8617690e-02 -2.2725338e-02
   516 :  8.2334976e-09  1.4872125e-08 -1.5199804e-08
   517 : -6.7523781e-03 -1.4836121e-02 -8.3272203e-03
   518 : -7.1285498e-03  2.7385940e-04 -1.9986138e-03
   519 : -7.5671173e-05 -6.8663035e-04 -5.8567459e-04
   520 : -3.8199450e-04  5.5942863e-04 -2.2870777e-03
   521 :  9.7309317e-03 -6.9431256e-04 -1.0275232e-03
   522 :  2.7999837e-04 -9.2116023e-04 -9.2631943e-04
   523 : -1.3066863e-03  1.1284213e-01 -1.3332756e-01
   524 :  7.5704703e-03 -2.4239722e-02  6.5465582e-02
   525 :  3.1088530e-02  2.7134720e-03  1.0775647e-02
   526 :  4.1846934e-06  4.1176681e-06 -9.8423180e-06
   527 : -4.7276350e-12 -5.7968273e-12  2.2797059e-11
   528 : -2.4270343e-02 -5.5029562e-03 -1.8578012e-02
   529 : -1.3503646e-02 -2.2972920e-02 -2.2428376e-02
   530 :  2.7624798e-03 -2.0068306e-03  2.3649881e-03
   531 : -1.7515205e-02 -7.8289894e-03 -2.6861161e-02
   532 : -2.1681669e-05  2.7540495e-04  1.8781289e-04
   533 :  2.8228421e-17 -2.2847891e-17  2.1356921e-17
   534 : -6.1278932e-18 -2.1242341e-17  4.1670568e-17
   535 : -1.4021584e-10  2.0003936e-10 -7.6356007e-12
   536 : -9.5011202e-03  2.8762402e-04 -1.7415762e-03
   537 :  4.6806003e-03  3.7103517e-03  4.1361091e-03
   538 : -1.2451692e-02  1.0931597e-02 -1.9262025e-02
   539 : -2.0822427e-11  6.8287916e-11 -9.3078326e-12
   540 :  3.4635025e-10 -7.1816054e-10 -8.6965551e-10
   541 : -4.7893927e-09  2.3456796e-09  1.1788137e-08
   542 : -1.1326107e-04 -2.3586864e-03 -2.1421234e-04
   543 : -4.3875755e-12 -3.9854892e-12  3.0250986e-12
   544 : -2.3239592e-03  1.8707595e-03 -8.8867854e-04
   545 :  2.1751787e-07 -5.8125551e-09 -3.9864122e-07
   546 :  2.8692966e-05  1.8161806e-03 -9.1673936e-03
   547 :  3.4766135e-10 -7.7103538e-10  1.1287576e-10
   548 : -1.8893487e-03  4.9824987e-03  8.3627427e-03
   549 :  9.6971044e-09  5.0870049e-10  2.3555838e-08
   550 : -3.7986662e-02 -1.2958771e-02 -4.3149608e-02
   551 : -1.2154188e-02 -1.7010966e-02 -1.1237328e-02
   552 : -2.0524302e-03 -3.0853410e-03 -1.7362893e-03
   553 : -2.6557030e-02 -1.6090033e-02 -5.0173119e-02
   554 :  5.3050458e-08 -1.0587163e-07  6.9308728e-08
   555 :  3.5324400e-04 -1.4588146e-03 -3.6636739e-04
   556 :  1.7990525e-09 -1.3869451e-09 -8.9576871e-09
   557 :  1.3722262e-02 -5.9385910e-03 -1.4227697e-03
   558 :  1.5776325e-02 -1.8028223e-02 -1.2455218e-02
   559 : -2.5224715e-03 -7.4591771e-03 -3.4869646e-03
   560 : -2.1628609e-02 -2.7964750e-02 -4.3807031e-02
   561 :  3.4426648e-03  2.7188749e-03  1.3294970e-02
   562 :  1.0553255e-04 -2.1110545e-04  6.3145539e-05
   563 : -2.1999508e-14  9.1963399e-15 -1.7922930e-14
   564 : -9.9979552e-03 -1.6986293e-02 -1.9166054e-02
   565 : -1.1523147e-02 -6.8276173e-03 -9.1710134e-03
   566 :  2.3769420e-09 -4.3167116e-10 -8.7266176e-09
   567 :  1.2533435e-03 -2.9096174e-03 -7.5525545e-04
   568 : -3.1998065e-03 -2.4749757e-02  1.7020959e-02
   569 : -1.9816030e-02 -1.7076815e-02 -1.7412426e-02
   570 :  1.3665931e-07 -2.1378391e-07 -1.7721067e-08
   571 :  1.6358521e-04  1.2991015e-04  3.6793111e-04
   572 : -8.1639564e-15 -5.1685599e-15  1.6431830e-15
   573 :  4.4094663e-04  6.6578949e-03  4.7779835e-03
   574 : -1.2310803e-02  2.0989003e-02 -1.3399860e-02
   575 :  8.2993593e-03  1.2972530e-03  1.8261202e-03
   576 :  2.7598023e-02  1.5090384e-02  1.4412751e-02
   577 :  1.6584724e-03  2.8962166e-03  2.4956790e-03
   578 : -1.7803709e-16  8.4572953e-16 -3.9673058e-16
   579 :  3.4800968e-03  2.0353907e-03 -7.6090786e-04
   580 :  5.3853484e-03  5.8539531e-03  8.3471748e-03
   581 :  1.9903919e-08 -1.4452514e-07 -8.5103669e-08
   582 : -3.2359182e-17  1.0939942e-15 -3.7678683e-16
   583 :  2.1578858e-06 -5.8043321e-06  3.9960733e-06
   584 : -1.9310495e-13  3.9127386e-13 -1.5990942e-14
   585 :  7.4234491e-03  4.8662419e-03  6.7249634e-03
   586 :  1.2511369e-09 -3.8859979e-09  7.4135244e-10
   587 :  1.4066473e-06 -6.9658230e-06  5.8827934e-06
   588 : -6.6288979e-09 -6.7910749e-10  1.7685902e-09
   589 :  1.3691215e-02  1.4245726e-02  2.3107101e-03
   590 : -6.7991003e-03 -1.4433749e-02 -4.7341668e-04
   591 : -5.1712180e-16  7.0225658e-16  8.8479009e-16
   592 :  1.3790382e-08 -1.9052635e-08  2.7456489e-08
   593 : -3.7780582e-04  1.8759627e-04  6.2062845e-05
   594 : -1.2210269e-05  8.6607995e-05 -3.7040126e-05
   595 :  9.0077437e-03 -3.7030146e-03  3.4054198e-02
   596 : -1.4688564e-02 -3.4601596e-01  3.6184682e-01
   597 :  2.9868348e-04 -1.0051095e-04  2.2098795e-04
   598 : -2.6739848e-06 -1.9169674e-05  1.2192646e-05
   599 :  1.5224028e-02 -6.6641081e-03  4.5598796e-03
   600 :  9.6146840e-03  1.9033033e-02  1.0720250e-02
   601 :  1.3713107e-02  4.8158690e-04  6.5907254e-03
   602 :  8.7477754e-10  1.1834280e-09 -1.9981059e-10
   603 : -1.1343821e-11 -2.3655276e-11  9.9266683e-12
   604 : -4.0603296e-07 -2.9694668e-07  5.7281691e-07
   605 : -5.2198075e-05  2.8813552e-05  1.2329047e-05
   606 : -3.1966356e-03 -1.2344488e-03 -4.8862254e-04
   607 : -1.2352245e-03 -2.0527826e-03 -5.5344461e-04
   608 :  6.9088928e-10  4.5773420e-09 -2.8980689e-09
   609 : -1.8680691e-07  5.1769283e-07 -2.1046674e-07
   610 : -7.3392293e-14  1.3105755e-11 -1.5206930e-11
   611 :  1.1884634e-02  2.3202187e-03  1.3288983e-03
   612 : -6.6647401e-03  9.1977413e-03  1.9052390e-03
   613 : -7.4945334e-04 -1.4124195e-03  5.0683811e-04
   614 : -4.2250898e-02 -5.0205531e-02  5.0960079e-03
   615 : -4.1628005e-03  1.9720628e-03  4.5153285e-03
   616 :  1.6697638e-12 -2.3001960e-12 -1.7396000e-12
   617 :  4.2934217e-03  4.5261334e-04 -1.1376771e-03
   618 :  1.4097892e-05  1.6340613e-05 -1.8965386e-05
   619 : -9.6492254e-10 -4.5341951e-12  2.4124070e-09
   620 : -5.8621928e-05  2.3129864e-05 -3.8054617e-05
   621 : -8.4985438e-03  2.0889452e-03  1.0245354e-02
   622 : -1.8801901e-02 -1.2074284e-02 -4.4118478e-03
   623 : -2.3905814e-03 -1.3992293e-02 -9.9582391e-03
   624 :  1.3625806e-02  1.5926950e-02  4.9685080e-03
   625 :  4.5472948e-03  1.3774791e-03 -2.9800346e-03
   626 : -3.4235301e-16  1.7013830e-15 -5.4155076e-16
   627 : -3.8650398e-12  2.0080402e-10 -1.8630599e-10
   628 : -9.0496918e-06 -1.6728035e-05  1.0192725e-05
   629 :  7.4435197e-03  7.5257373e-03  6.3222905e-03
   630 : -8.2638569e-03  5.2140252e-03  1.3735092e-03
   631 : -6.2443650e-04  1.9880427e-04 -6.6746676e-04
   632 :  1.3822491e-12 -2.7690445e-12 -7.8658282e-13
   633 :  4.9758629e-03 -1.7232097e-04 -1.3963068e-02
   634 : -3.2235295e-03 -1.7642115e-03  1.3622339e-02
   635 :  5.7897269e-03 -6.6803961e-03 -7.0318677e-03
   636 :  1.6203771e-03  8.3220316e-04  4.9232180e-03
   637 : -2.2867745e-02 -1.1028207e-02 -1.9349090e-02
   638 : -1.9895760e-02  2.9410358e-03  2.8127663e-03
   639 :  9.6879854e-03  1.2764777e-02 -6.9959810e-04
   640 :  1.9904069e-03  2.6196685e-03 -7.3516664e-04
   641 :  1.4952718e-09 -3.3801567e-09 -1.7158997e-09
   642 :  2.0119485e-02  2.4696050e-02  2.9824319e-02
   643 : -8.3050940e-03  3.3517686e-03  7.2932484e-03
   644 : -5.4803140e-02 -4.2065987e-03 -1.3945580e-02
   645 :  2.9598573e-02  1.3842293e-02  1.7918300e-02
   646 : -1.8730650e-03 -6.1969497e-04 -1.5727779e-03
   647 : -1.8538889e-02  1.5661075e-02  5.8351540e-03
   648 :  1.4939061e-02  1.5670460e-02  1.8914309e-02
   649 : -1.2598202e-02 -2.2126665e-02 -1.7404640e-02
   650 :  3.1609175e-04 -8.8246128e-04  7.3433818e-03
   651 :  3.0941384e-02 -5.7004381e-03 -1.9338317e-02
   652 :  1.4565165e-02  2.7663327e-02  8.9864132e-03
   653 : -1.3626347e-02 -1.5092996e-02  1.4691862e-02
   654 : -3.7187120e-07 -7.4982551e-08 -6.2625017e-07
   655 :  1.8404023e-02  1.4803691e-03  2.2756471e-02
   656 : -6.3834282e-03  2.2765330e-03 -1.5002305e-03
   657 :  1.2909923e-02 -8.5323280e-04  1.0983201e-02
   658 :  2.6987698e-02  1.7072774e-02  6.8374136e-03
   659 :  1.4345542e-03  3.9017986e-03  1.4712655e-02
   660 : -1.9513403e-02 -1.9404127e-02 -2.2736077e-03
   661 : -1.6631809e-02 -1.2095523e-02 -3.0247426e-03
   662 : -5.0413408e-05 -1.6039567e-05  6.2825301e-05
   663 :  5.9206876e-03  1.6442870e-03 -2.2021415e-03
   664 : -1.8154284e-02 -7.4006299e-03  4.4896156e-03
   665 :  5.3445220e-03 -1.9831805e-03  3.5116708e-03
   666 :  2.3755127e-14  4.4955817e-13 -1.8093587e-13
   667 : -1.6492382e-07  2.1253575e-08 -7.4380829e-08
   668 :  9.1599934e-04  3.8629892e-03 -1.5396180e-03
   669 : -2.5818124e-16  6.3605489e-16  8.2428710e-16
   670 : -8.4463144e-05 -1.6314985e-03 -1.4117654e-02
   671 :  8.9108542e-03  5.7082310e-03  1.8268688e-03
   672 : -6.7073158e-03 -1.6870227e-03 -3.3627920e-03
   673 :  2.0616278e-04  1.4541816e-04 -3.1571549e-04
   674 :  5.4239168e-04 -5.7670498e-04 -6.0213020e-04
   675 : -1.1450698e-03  2.8239092e-05 -9.3535395e-04
   676 :  4.7072699e-03 -1.3963264e-01  1.8658530e-01
   677 : -2.0803999e-03 -5.2835649e-04 -1.6141637e-03
   678 : -1.3323527e-03  9.6470108e-04 -2.9653395e-03
   679 : -1.6360578e-03  5.5948500e-03  2.2473117e-03
   680 :  6.5249867e-04 -1.2045883e-02 -4.5807169e-03
   681 :  1.3498727e-08  7.5235125e-09 -2.0875832e-08
   682 :  1.6319348e-08 -3.4013126e-08  1.0266007e-08
   683 : -2.7320262e-07  3.5338361e-07  5.5625101e-07
   684 :  1.3156276e-10  4.2829547e-10  1.5522606e-09
   685 :  2.1098216e-02  2.0937170e-03  1.5221221e-02
   686 : -9.8420032e-04 -9.2502507e-04 -4.7387160e-05
   687 : -2.0770271e-09  3.4051817e-09 -1.6974000e-08
   688 :  1.0979897e-04  4.5255888e-04 -8.8712293e-04
   689 :  5.1416508e-03 -1.1093738e-03 -1.3559955e-02
   690 :  2.0204477e-03 -8.9075081e-04 -2.5397163e-03
   691 :  1.3765470e-02  1.8906611e-02  1.7065854e-02
   692 :  4.6742411e-02  3.9602459e-02 -7.1503451e-03
   693 : -1.0219932e-16  1.2836241e-15  1.0284210e-15
   694 :  8.4044440e-11  3.4930098e-11 -1.8313973e-10
   695 : -8.8697569e-03  1.0805211e-03 -4.0150803e-03
   696 :  4.1376572e-03 -3.5722112e-03 -4.5086450e-03
   697 :  1.3755783e-02  1.9904119e-02  1.7918564e-02
   698 : -1.5465068e-03 -2.9351056e-03 -6.5022207e-03
   699 : -9.7434541e-06 -5.0032492e-05  1.6411351e-04
   700 : -3.5180473e-15 -1.4650121e-14  3.2062428e-14
   701 :  3.4156068e-13 -1.3829899e-12  5.0216153e-13
   702 :  2.0371189e-07 -4.4894687e-07 -8.6907327e-09
   703 :  9.0459742e-04  4.9061937e-04  4.7335968e-03
   704 :  1.0748761e-02  1.2457721e-02  2.5681475e-02
   705 : -9.2867758e-10 -1.5550609e-09 -2.0082102e-10
   706 : -2.4238730e-01  1.8794769e-01  5.7048665e-02
   707 : -4.4398643e-02  3.0898940e-03 -5.7226290e-02
   708 : -2.0732001e-02 -1.2698434e-02 -1.9441743e-02
   709 :  3.8124098e-03 -2.9660333e-03  5.7043127e-03
   710 : -3.3339454e-05  9.8131794e-06  1.1048794e-05
   711 :  1.7209529e-02  3.5595979e-03  1.9223909e-03
   712 : -1.1886844e-02 -1.7966146e-02 -8.7860841e-03
   713 :  2.2417189e-02  1.5847381e-02  1.8670831e-02
   714 :  1.9821775e-03  4.2586746e-03  1.7803456e-03
   715 :  1.5099413e-03  2.0427707e-02  1.7076431e-02
   716 : -2.8944622e-11  3.0251527e-11  1.3205620e-10
   717 : -1.9409289e-02 -7.6346421e-03 -1.8742432e-02
   718 :  2.7466162e-02  1.2568335e-02  1.6378194e-02
   719 :  8.0512388e-03  1.1267647e-02  1.2079135e-04
   720 :  6.0440684e-03  2.2465665e-03  2.4820673e-03
   721 : -4.4396369e-02  9.2018062e-03  1.1301451e-02
   722 :  8.9295324e-09  1.4830506e-08 -2.0066838e-09
   723 : -1.2701814e-08 -2.1876397e-07  1.8586037e-07
   724 :  1.1317429e-08 -3.2876796e-08  1.5790165e-08
   725 : -1.2830700e-02 -1.7117689e-02 -1.8047777e-02
   726 : -2.6590673e-04  3.0118878e-04  4.1940111e-05
   727 : -1.1344246e-02 -1.2647940e-02 -1.7885538e-02
   728 : -2.0393284e-02 -8.3337834e-03 -6.7900859e-03
   729 :  1.9281610e-02 -2.4804724e-02  7.9563891e-03
   730 :  1.9751115e-02  1.7220663e-02  1.8907977e-02
   731 : -2.6420628e-08  2.2757927e-08  1.6281252e-09
   732 : -2.8682105e-05 -5.1115845e-06  4.9216888e-06
   733 :  1.1307771e-02  1.5444712e-02  1.8714603e-02
   734 : -9.6550123e-02 -8.5562558e-01  8.3359823e-01
   735 :  1.2693819e-02 -6.3646792e-01  7.1469728e-01
   736 :  1.3857259e-02  1.3680626e-03  1.4434786e-03
   737 : -1.3248887e-03 -9.2820510e-04  1.0522643e-03
   738 : -1.2153851e-03  3.3153589e-03  9.6381997e-04
   739 : -1.1097073e-02 -2.2550499e-03 -1.9996177e-02
   740 :  2.1021387e-02  2.6453639e-03  2.0043690e-02
   741 : -6.9460088e-03 -9.7650525e-03 -2.0208559e-03
   742 :  3.5639797e-04  1.0179161e-02  2.3759051e-02
   743 :  1.3189492e-02  1.4244016e-02  3.2551506e-03
   744 : -1.7903222e-02  1.8364726e-02  2.8919107e-04
   745 : -1.4248753e-09  1.3629756e-08  5.5868304e-09
   746 : -3.7943671e-07  7.0956991e-07  1.0928393e-06
   747 :  5.8730572e-05  1.6389797e-04  3.7351169e-04
   748 :  2.0024013e-02  2.0201377e-02  4.2460666e-03
   749 : -1.5867635e-02  5.8873950e-03 -7.8400286e-03
   750 : -1.1660776e-09 -2.1258663e-10 -1.2347338e-09
   751 : -3.5806370e-04  8.0896804e-05  3.7667622e-04
   752 : -5.5701968e-03 -1.8925469e-03  9.1542355e-03
   753 : -9.3471295e-03  1.0154537e-02 -1.5327256e-02
   754 :  7.8740257e-07  1.7469320e-06 -3.1750494e-06
   755 :  3.6265674e-03  1.1501739e-02 -1.2464085e-02
   756 : -2.2542837e-03 -8.6766861e-04  2.9457511e-03
   757 :  1.4465203e-15  8.5393370e-16 -1.0623473e-15
   758 : -4.8242250e-02 -5.4190594e-02 -4.2160611e-02
   759 :  1.9105777e-02  1.1126257e-02  2.2247991e-02
   760 :  1.5109013e-04 -3.7054754e-04  2.9139523e-04
   761 :  3.3544984e-02  1.8906765e-02  1.3791043e-02
   762 : -5.0975665e-02 -7.0564162e-02 -1.5049990e-02
   763 : -2.7395762e-11  7.2788673e-11 -2.2849146e-11
   764 : -2.1213431e-12 -9.1849793e-12  5.4435295e-12
   765 :  1.8377512e-03  2.8841547e-04  3.5481973e-04
   766 :  5.3705404e-04 -1.4198440e-03  7.9068134e-04
   767 : -4.9865976e-02 -2.0082420e-01  6.2426493e-02
   768 :  3.6737510e-09 -4.0308678e-09  1.0936379e-08
   769 :  2.7575042e-03  2.9692743e-03 -5.7451716e-04
   770 : -2.3651523e-03  1.8523507e-02  1.9972855e-02
   771 : -1.5643831e-03 -2.8438790e-02  2.5802301e-02
   772 : -4.1390000e-03  3.2819199e-03 -6.1870161e-03
   773 :  4.9466136e-04 -1.6878198e-03 -2.1615960e-03
   774 :  1.8666821e-03 -2.3891112e-04 -1.4018658e-03
   775 : -2.9959619e-02 -3.0278386e-01  2.7270302e-01
   776 : -3.8254830e-04 -1.6971740e-03 -1.7985551e-03
   777 :  2.3743588e-02  1.8738664e-02  1.6748468e-02
   778 :  1.7707884e-02  3.2092972e-03  1.3711524e-02
   779 : -5.1579189e-07 -4.9038510e-07  3.7899496e-07
   780 : -5.1540329e-02  5.8742922e-03  4.1660419e-03
   781 :  5.3724790e-10 -1.2848957e-09 -1.5960378e-09
   782 :  3.3916735e-16  2.0927935e-17 -6.5981747e-16
   783 :  1.5870943e-02  2.2174618e-02  1.6686013e-02
   784 :  2.4591944e-02  1.6353729e-02  1.6939419e-02
   785 : -6.5588258e-09  9.0128848e-09 -5.8888836e-09
   786 :  1.5569808e-02 -8.9321070e-04 -1.3347073e-02
   787 :  1.6338296e-03 -7.3307609e-04  7.8209341e-05
   788 :  7.2248555e-09 -1.9362032e-09 -1.0021541e-09
   789 : -9.5731755e-08  2.9070009e-07 -2.2512793e-07
   790 : -4.0333103e-03 -1.6666709e-02 -1.6215922e-02
   791 : -4.1510907e-02 -9.3482590e-02  1.5974661e-02
   792 : -7.1735036e-03  4.0336021e-03 -4.7760051e-04
   793 : -2.8735706e-03  2.7453232e-03  3.3406302e-03
   794 :  2.0404750e-02  1.0038251e-02  4.2889330e-03
   795 : -7.3685980e-03 -8.8854040e-03  1.1997622e-03
   796 :  2.0116382e-03  4.5167373e-03  6.3164889e-03
   797 : -4.6343172e-09  6.4479136e-09 -9.1024374e-09
   798 : -5.3529259e-03 -8.2252743e-03 -4.2290374e-02
   799 :  1.7975798e-04  2.8088494e-04 -5.6522634e-05
   800 :  2.2716621e-03  1.9037156e-03  1.0295470e-03
   801 : -3.2278158e-07  2.6941222e-07  4.3078377e-07
   802 :  2.2809683e-02 -3.4574072e-01  4.1106912e-01
   803 :  3.9219039e-06  1.8500761e-04 -5.8730887e-05
   804 :  1.8308088e-03  3.4719971e-04  1.0957951e-03
   805 :  3.4724346e-02  1.1443290e-03  3.8368169e-02
   806 : -1.7281952e-06  8.8671668e-07 -5.6944670e-07
   807 :  2.1789106e-09  1.5729493e-08 -1.0908592e-10
   808 :  4.4490248e-04  5.8852807e-04  3.7048154e-04
   809 :  5.3988726e-04 -1.0062308e-03  6.2746873e-05
   810 : -6.3637170e-09 -4.5733558e-08  5.3895076e-08
   811 : -4.3182374e-16 -7.9483729e-17  5.9239761e-16
   812 :  9.5276568e-03  1.7804744e-03  1.6270794e-02
   813 :  8.4760612e-03 -8.2428549e-02  1.3761716e-01
   814 : -8.4966002e-16 -4.1008546e-17  9.4159850e-16
   815 :  1.3059995e-17 -4.4015152e-18 -1.5729168e-17
   816 :  4.3710546e-13 -2.1702015e-13 -1.0427189e-13
   817 :  7.8351809e-15 -1.1774926e-14 -2.6466288e-15
   818 : -6.9546151e-16  2.1694957e-15 -1.2548696e-15
   819 : -7.5222141e-04  1.6909820e-03 -3.1892207e-03
   820 :  6.3803750e-16 -1.9742165e-15  4.3205751e-16
   821 :  6.5975360e-03  1.4310048e-01 -1.3290347e-01
   822 :  4.1598557e-02 -3.4300993e-02  4.4076452e-02
   823 :  4.5817060e-06 -9.7839245e-06  2.7764680e-06
   824 : -5.7521587e-05  1.0538527e-04  1.0794372e-04
   825 :  3.6478356e-11  3.7432334e-11 -1.4059694e-10
   826 : -2.3014306e-03  1.2990308e-02 -1.9268447e-02
   827 : -8.3087738e-07  7.3050351e-07  3.3849290e-08
   828 :  9.1437924e-05  7.7705292e-05 -7.2290570e-05
   829 :  4.6458945e-03 -3.1518608e-02  3.7741733e-02
   830 : -3.1235491e-02  1.0848445e-02 -5.9643505e-02
   831 : -1.1395658e-02 -9.2635196e-02  1.9317165e-02
   832 : -3.1312924e-03  1.2352835e-04 -7.0156090e-03
   833 :  1.6282083e-03  1.2551981e-01 -1.1989835e-01
   834 :  6.8625651e-15 -5.7013779e-15  1.0635588e-15
   835 :  4.7426868e-17 -7.8001998e-17  1.4730180e-16
   836 :  4.5673087e-03  3.2554876e-02 -1.4637551e-02
   837 : -4.0697279e-08  2.8196944e-08 -2.8487489e-08
   838 : -1.9858288e-02 -2.5620016e-02 -9.1851776e-03
   839 : -6.3198718e-05  6.8755597e-05  1.3158764e-04
   840 :  8.0654070e-08 -8.6888464e-08  9.1631600e-08
   841 :  8.7123508e-06 -1.7433497e-06 -5.0436013e-06
   842 :  7.7717294e-03  7.5651503e-03 -2.7401425e-03
   843 : -1.0149719e-06  1.9721107e-06 -7.5199265e-07
   844 :  2.3881308e-02 -1.1199476e-02  3.0554328e-02
   845 :  5.9370991e-11  2.0323519e-11  1.3952384e-11
   846 : -1.9086865e-03 -1.9224761e-01  2.0024690e-01
   847 :  5.4031789e-03 -4.8716446e-05 -2.5598549e-03
   848 : -5.5150045e-18  8.5184392e-18 -1.7224259e-18
   849 : -6.3354754e-06  1.5377275e-04  1.3597657e-04
   850 :  1.1525860e-04 -1.2754989e-04  3.2208839e-04
   851 :  2.6231525e-05 -4.6293304e-05 -2.4819057e-05
   852 :  1.1080746e-11 -2.7521097e-11  1.1998029e-11
   853 :  8.2316626e-03 -1.6303794e-02  1.9491913e-02
   854 :  5.1319691e-19  7.3315979e-19 -1.3975842e-18
   855 :  1.1302047e-03  7.3924618e-03  5.0323964e-03
   856 : -2.5141216e-02 -1.4401811e-02 -1.4392962e-02
   857 : -4.3185211e-03  6.4379826e-03 -8.5109187e-03
   858 : -2.5217844e-02 -1.8164916e-02 -1.5643890e-02
   859 :  4.0708483e-11 -6.9870339e-11 -6.2971474e-11
   860 : -1.3601626e-02 -1.9730869e-02  1.2946948e-02
   861 :  2.3769957e-02  7.5344929e-03  2.3018874e-02
   862 :  2.4419375e-02  5.2465980e-03  2.8381746e-03
   863 :  9.4892824e-03  2.5121807e-03  2.6020967e-03
   864 :  1.5012221e-04  4.4503978e-04 -1.1474905e-02
   865 : -1.3220070e-02  1.4764196e-01 -1.9723230e-01
   866 :  7.0249665e-02 -1.5014412e-02 -5.2523386e-02
   867 :  2.6319414e-03 -3.4932295e-04  4.1906814e-03
   868 : -2.8454121e-04 -2.5797029e-03 -2.1452840e-03
   869 : -2.2836470e-03 -2.1560907e-03  8.6345097e-04
   870 : -4.7679346e-03  6.2095194e-03 -4.6549067e-03
   871 :  1.2208836e-02 -2.9177586e-02  5.6645412e-02
   872 :  8.5711772e-03  3.5230046e-03  1.2195740e-02
   873 :  8.0739402e-03  9.3615681e-03  5.1742418e-03
   874 :  5.0702853e-03  5.1998084e-03  8.7079040e-03
   875 : -4.9870868e-07  5.3191454e-08  1.4404548e-06
   876 :  3.9055052e-06 -6.4747009e-06 -3.6811043e-06
   877 :  8.7929143e-15 -1.0749646e-14  1.2934791e-14
   878 :  5.1912938e-13 -1.3406618e-12  3.2088539e-13
   879 : -2.6294502e-06 -1.6572536e-06  6.6444530e-06
   880 :  2.3521945e-05  2.0830596e-05 -2.0933046e-05
   881 : -1.7726431e-15  3.1118845e-16  1.0378986e-15
   882 : -1.1037407e-14 -3.3274045e-16  1.9086329e-14
   883 : -4.6461241e-07  2.7766501e-07 -2.3171974e-07
   884 : -2.8766655e-08  2.5460996e-06 -1.1126306e-06
   885 :  3.0987952e-03  2.1304128e-02  2.1796508e-02
   886 :  2.2958481e-02  9.6343209e-04  1.7290206e-03
   887 : -1.5928342e-02 -3.7532661e-02 -3.2832832e-02
   888 : -2.9125713e-02 -2.2483720e-02 -1.8025611e-02
   889 : -1.5403767e-03 -4.4400694e-03 -1.0677407e-02
   890 : -9.7954307e-03 -6.4016175e-03 -3.4671174e-03
   891 : -1.1988627e-06 -4.8936475e-07  1.8597126e-06
   892 :  1.3875654e-05 -4.1532709e-05  4.9989955e-06
   893 : -4.4233634e-02  3.7411466e-02  4.2089761e-02
   894 :  5.9568857e-03 -1.1059488e-02 -7.0876816e-02
   895 :  1.0502919e-02  7.2591616e-03 -2.4631232e-03
   896 :  2.3492599e-03 -1.5804193e-02  1.3254084e-02
   897 :  5.5205986e-08 -1.9542668e-09 -1.3823858e-07
   898 : -5.2583872e-07  5.2169522e-07  7.4650396e-07
   899 : -1.0371972e-02 -4.2372840e-03 -3.5529077e-03
   900 : -3.0397093e-03 -1.4780674e-02 -1.0136879e-02
   901 :  7.3302416e-03 -4.6185190e-03  2.3069151e-02
   902 :  2.5413815e-02  2.5613776e-02  1.2507857e-02
   903 : -6.2439477e-03  2.5801966e-03 -1.3251100e-02
   904 : -1.4479877e-02 -1.4164722e-02 -1.0618620e-02
   905 : -8.4626640e-03 -1.1783145e-02  2.2629459e-04
   906 : -6.1363763e-03 -1.6248678e-02 -1.7551336e-02
   907 : -2.0569239e-02  1.6717465e-02 -7.1942240e-03
   908 :  9.8596612e-02 -1.2257572e-01 -5.7511460e-02
   909 : -6.1891653e-02  2.6688188e-02  8.8355974e-02
   910 :  4.3857698e-03 -6.6158623e-03 -1.1905645e-04
   911 :  2.3180743e-03  9.1297704e-03  4.6630133e-03
