Number of elements 912
     0 :  1.2091688e-18 -5.2686388e-19 -2.0319396e-18
     1 :  6.9438875e-11 -1.4688079e-10  1.1250041e-12
     2 : -1.1915936e-01  3.1015407e-02 -1.9853911e-01
     3 : -1.4706419e-13  6.5865007e-14  2.3910909e-13
     4 :  2.3315610e-02  1.1892108e-01  7.2328946e-02
     5 :  4.9194091e-01  2.1470069e-01  8.7113587e-02
     6 : -9.7150908e-30 -5.6670445e-29  7.6779184e-29
     7 : -2.2602721e-10  8.7968199e-10 -3.8479093e-10
     8 : -5.9632562e-09  2.7110649e-09  2.1104633e-09
     9 :  9.1703184e-27  7.5164129e-27 -2.6941129e-26
    10 : -2.2484006e-09 -2.4868145e-09  8.4134434e-09
    11 : -1.5134078e-29  1.3682845e-29  1.9271136e-29
    12 :  1.9852505e-01 -1.5137986e+00  2.1129502e+00
    13 :  1.3411187e-07 -5.3484631e-07  8.6189773e-07
    14 :  4.2751287e-15 -1.5806027e-15 -1.6641648e-15
    15 :  9.4549344e-08 -2.0199308e-07 -1.1778670e-07
    16 : -3.1494184e-31 -9.5739977e-31  1.5549731e-30
    17 :  1.0279937e-21  1.7367682e-21 -3.9511638e-21
    18 :  1.4963288e-08 -4.8118506e-08  1.2078109e-08
    19 : -2.4612335e-36  4.0316877e-37  2.8902843e-36
    20 : -1.4817964e-21  6.2700411e-21 -3.7192238e-21
    21 : -9.0884404e-07  2.8813456e-06  3.7279456e-06
    22 :  1.8817818e-06  1.6056159e-06 -7.9256851e-07
    23 : -9.1073218e-34  1.2576797e-34  1.5432390e-33
    24 : -2.3673269e-10  5.1190866e-10  2.1037991e-10
    25 :  2.3511825e-35 -7.8640601e-35  2.3355681e-35
    26 : -3.9930387e-10 -8.5055374e-10  4.0716961e-10
    27 : -5.5559131e-07 -2.2061427e-07  9.0039375e-07
    28 :  3.0578359e-07  2.3311053e-06 -1.1539985e-06
    29 :  1.1433759e-11  5.5290729e-11 -8.2133422e-11
    30 :  2.6760224e-09 -1.1059416e-08  5.0835669e-09
    31 :  2.7230442e-14 -7.0197201e-14  3.6857497e-15
    32 :  2.1022145e-28  2.1205621e-28 -6.3469626e-28
    33 : -9.1905180e-07 -5.8441420e-06 -3.7864625e-05
    34 :  4.8419514e-37 -4.2214878e-37 -5.7660814e-37
    35 : -1.2263412e-15 -1.2878953e-13  1.9214129e-13
    36 : -1.3956536e-01 -1.2811631e-01 -3.3876307e-02
    37 :  7.3346028e-04  3.7333793e-04 -3.4755872e-04
    38 : -6.0562278e-07  3.5195559e-06 -1.1338008e-06
    39 : -8.6328391e-12 -2.8312847e-11  7.0206677e-11
    40 : -6.3198255e-12  8.7405182e-12 -4.0035218e-12
    41 : -3.9615944e-07  8.4437077e-07 -3.8352999e-07
    42 : -3.4000012e-35 -3.1681518e-35  7.2110885e-35
    43 :  1.7290459e-19 -2.3442505e-19 -1.3001953e-19
    44 : -3.3106875e-05 -1.6137296e-04  2.0636888e-04
    45 : -1.7933006e-15  2.7959245e-16  1.1879447e-15
    46 :  5.9251319e-16 -4.6274641e-16  4.5043170e-16
    47 : -6.6512897e-28  2.3517087e-27 -4.3763471e-27
    48 : -5.2538994e-31 -2.0800956e-30  8.4346093e-31
    49 : -3.1986458e-08  9.8221785e-08 -1.9579293e-08
    50 : -2.8691650e-05 -2.4895345e-05  2.8303025e-06
    51 :  1.4293178e-01 -3.4747098e-02  1.6151862e-02
    52 :  9.9104014e-09 -9.6591969e-09  2.1492476e-10
    53 :  7.1626728e-29 -9.5970289e-30 -5.7924486e-29
    54 : -2.1880342e-06  1.3187959e-06 -2.4239368e-06
    55 :  9.8976754e-07  3.1021523e-07 -2.2358678e-06
    56 :  1.2502265e-01  1.9995297e-01  2.4040126e-01
    57 :  1.2518653e-08  1.6695229e-07 -4.6161737e-07
    58 : -3.0776657e-03  9.6544407e-03 -7.0038061e-03
    59 :  1.3815380e-08  1.9972768e-08 -1.0721205e-08
    60 :  1.4115312e-05 -5.4731808e-06 -2.4471793e-05
    61 : -1.7034421e-02  7.2767958e-03 -1.2871950e-02
    62 : -4.1105105e-10 -7.9546658e-10  4.4422536e-10
    63 :  5.7012315e-05  2.9164640e-05 -4.5198720e-05
    64 :  7.2676172e-10 -3.5113920e-10 -1.2304335e-09
    65 :  3.8241723e-12 -3.1465921e-12  8.6030508e-13
    66 : -9.2271378e-14  4.6830837e-13 -1.6989207e-13
    67 : -8.0109486e-30  1.3177437e-30  1.5943989e-29
    68 : -3.8860312e-29  9.1328309e-29 -9.2266225e-30
    69 : -1.0284095e-29  9.4061551e-30  1.2198246e-29
    70 : -1.2050096e-16  1.0159645e-16  1.8832376e-16
    71 : -3.5375274e-05 -4.4248896e-05  3.0313840e-05
    72 :  1.1800062e-31 -3.5128380e-31  1.0534447e-31
    73 : -4.1417214e-04  4.7111593e-04  5.1774154e-04
    74 :  3.0152832e-22  6.1601011e-22 -4.4565599e-22
    75 :  4.8603116e-24  1.3935610e-23 -8.3510793e-24
    76 :  4.6259900e-34  8.8534588e-32 -3.9933477e-32
    77 :  5.3881040e-24 -1.2746926e-23  1.1467737e-24
    78 :  1.9257827e-27 -6.7532273e-27  2.4556141e-27
    79 :  5.5290497e-20 -5.2287720e-20  6.8549225e-20
    80 :  4.4659448e-42  1.3505599e-41 -9.4098678e-42
    81 :  7.7689092e-27  3.0526364e-26 -1.8866240e-26
    82 :  3.4334633e-02 -2.5155314e+00  2.6905038e+00
    83 : -9.7193580e-37  9.1942452e-37  1.1471849e-36
    84 : -3.2145015e-34  7.7816923e-34 -1.5794850e-34
    85 :  2.2026587e-01  1.9047391e-01  3.3720054e-01
    86 :  4.2602491e-21  6.9654619e-22 -5.7835085e-21
    87 :  1.6565031e-19 -1.7274504e-19 -1.7851609e-19
    88 : -3.6116341e-13 -2.7192083e-13  3.2921915e-13
    89 : -3.5680039e-03  5.8223445e-04  1.8461561e-03
    90 : -1.0126233e-32 -2.8140563e-32  1.8817424e-32
    91 :  1.3220533e-01  1.5211726e-01  1.0398568e-01
    92 :  6.4382714e-16 -1.1995280e-15  4.1229702e-16
    93 : -1.3047590e-40  2.2564409e-41  5.4951952e-41
    94 :  2.6702979e-18 -2.1067486e-18  2.8874392e-20
    95 :  3.2476139e-30 -1.4907951e-30 -1.2497689e-31
    96 :  1.2254603e-13 -1.2764616e-13  1.4573408e-13
    97 :  2.5102394e-15 -5.9045557e-16 -4.2601434e-15
    98 : -1.2084661e-01 -1.4333333e-01  3.4012325e-02
    99 :  2.1373972e-27  4.1941219e-27 -2.9529310e-27
   100 : -8.7254605e-29  1.0909496e-28 -4.4739360e-31
   101 :  1.2754082e-12  4.0360779e-13 -7.0294673e-13
   102 : -5.6102461e-08 -1.7974209e-07  1.0083219e-07
   103 :  2.8897581e-38 -2.1844627e-38 -3.8941161e-38
   104 :  7.2818753e-17  4.4111558e-17 -5.6848445e-17
   105 :  1.2905889e-08 -2.3208537e-09 -4.2165793e-09
   106 :  1.4683919e-11  3.7750019e-11 -6.9141351e-11
   107 :  9.9577604e-12 -6.5498325e-11  4.0385486e-11
   108 : -1.4200211e-10 -2.4602125e-10  6.9754164e-10
   109 : -1.7238973e-07  4.4663702e-08 -1.3374106e-08
   110 : -9.9767098e-05  1.4513508e-04 -7.3608138e-05
   111 :  4.7326498e-10 -1.8405922e-10 -9.8981158e-11
   112 : -4.0740277e-26  1.8875813e-26  7.2327372e-26
   113 :  1.1847499e-01 -1.5814339e-02 -1.9406242e-02
   114 : -1.8605935e-15  4.1443268e-16  2.0031584e-16
   115 : -2.7510139e-07 -7.6613630e-07  3.4349448e-07
   116 :  1.4895011e-04  3.6810243e-05 -4.9984695e-05
   117 :  1.3867724e-01  2.0952018e-01  1.4727317e-01
   118 :  1.8228726e-01 -5.1353092e-02 -5.8638778e-02
   119 : -6.8779879e-31 -1.7982218e-31  1.0660306e-30
   120 : -1.8131697e-14  9.9043669e-15 -3.4809075e-15
   121 :  1.7327832e-23 -1.4375495e-23 -1.1346683e-23
   122 : -1.7139069e-07  3.0297796e-07 -1.3225213e-07
   123 : -5.6583826e-38 -6.2958543e-38  1.3321504e-37
   124 :  1.5119559e-28 -6.2956902e-28  2.2652525e-28
   125 : -9.8380126e-41  2.7595213e-40 -7.9229448e-41
   126 : -5.6259286e-22  8.8324186e-21 -6.7582928e-21
   127 : -4.4354401e-23 -1.6935240e-23  1.1684193e-22
   128 :  7.4218084e-08 -2.2044913e-07  4.0847622e-08
   129 :  3.2557965e-19  4.7851405e-19 -1.3948529e-18
   130 : -3.2994581e-02 -6.9137258e-03  8.9422385e-02
   131 : -1.1419003e-05  4.9954852e-06 -3.2245838e-06
   132 : -7.0237832e-07  2.3082424e-06 -2.5826694e-07
   133 :  3.5932923e-04 -5.5525040e-04  1.1185332e-04
   134 :  5.0782179e-08 -1.4774630e-08 -2.2296569e-07
   135 : -5.2886794e-09  5.6391253e-10  1.2475549e-08
   136 :  6.5195964e-12 -1.2016920e-11  3.3539574e-12
   137 :  8.2002037e-09  1.5484263e-08 -3.7033175e-08
   138 : -6.2776395e-11  2.2560985e-10 -2.5550073e-10
   139 : -2.3904269e-10  2.0683904e-10  6.9444619e-12
   140 :  1.2400967e-25  3.9845341e-25 -2.3928056e-25
   141 :  2.4727244e-24 -1.0451080e-23  4.8539067e-24
   142 : -2.9461395e-10  6.2618559e-10 -1.2159144e-09
   143 : -3.7997728e-33  3.5813953e-31 -4.8660664e-31
   144 : -1.8223734e-11 -3.5165415e-11  2.2307574e-11
   145 :  1.2008320e-13 -3.4093925e-13  9.6188094e-14
   146 : -1.0584416e-16  8.5630018e-17  1.4674825e-16
   147 : -9.5212219e-33 -3.2188464e-31  1.6114046e-31
   148 :  7.0172395e-18  1.6564332e-18 -1.6502751e-17
   149 : -2.5590949e-02  1.4629200e-01  1.0141949e-01
   150 : -8.4964782e-14 -1.7797423e-13  3.7477055e-13
   151 :  9.9514463e-23 -2.2278016e-22 -8.2426692e-24
   152 :  4.3437694e-19 -2.7395521e-19 -6.3207739e-20
   153 : -1.3013521e-02  5.4671092e-02 -1.0637290e-01
   154 : -1.5729822e-41  5.5352288e-42  1.9583192e-41
   155 : -2.3009261e-32 -1.6939595e-32 -6.9230797e-32
   156 :  2.0485746e-33 -5.6555827e-33  1.7351554e-33
   157 :  1.3282624e-15 -4.4687173e-15  1.7962886e-15
   158 :  1.8236719e-10 -7.3106629e-10  3.3664363e-10
   159 : -4.2758488e-13 -1.7002163e-12  1.0460946e-12
   160 : -2.8561522e-39  9.8504653e-40  9.2898740e-40
   161 : -2.5603541e-38  6.2150010e-38 -1.0059980e-37
   162 :  1.2037575e-01  1.2330740e-01  1.3875851e-01
   163 :  1.1898841e-06 -6.4278816e-07  3.2400442e-07
   164 : -3.5251878e-21  6.6250892e-21  1.2233438e-21
   165 : -8.1868081e-12  5.7384888e-11 -4.1269563e-11
   166 :  1.1898975e-32 -2.6324734e-33 -2.2746968e-32
   167 : -3.5264156e-09  1.0881589e-09  1.1627048e-09
   168 : -5.7716651e-07  2.7635130e-06 -5.0990662e-07
   169 :  6.3597919e-02 -3.0961254e-04 -2.3525753e-01
   170 :  1.4855121e-29 -4.9237449e-30 -4.5147226e-30
   171 : -1.8543945e-32  1.7550669e-29 -3.5350509e-29
   172 :  6.8065555e-06 -7.6689467e-06 -1.5167086e-06
   173 : -8.7020387e-08  5.6799654e-08 -1.3693695e-07
   174 : -1.1883267e-11 -9.3785928e-12 -6.4384078e-12
   175 : -1.2677014e-16  2.6667764e-17  1.7613439e-17
   176 :  3.1544855e-28 -2.1131315e-27  1.3375486e-27
   177 :  2.6350043e-10 -5.1054684e-10 -1.5695088e-10
   178 : -3.9243558e-01 -3.2346575e+00  2.7012545e+00
   179 :  6.3523038e-10 -3.1692631e-09  1.4597968e-09
   180 :  5.2475773e-32  7.4605574e-33 -1.1516357e-31
   181 : -1.4729327e-06  2.6511492e-06  3.1415333e-06
   182 : -1.4763654e-18  1.3460803e-18 -1.5749989e-18
   183 : -1.4901102e-04  8.7848293e-06  8.3064630e-05
   184 :  4.9363246e-41  7.1868018e-40 -3.7218565e-40
   185 : -4.0927625e-22  7.7215248e-24  1.8400218e-22
   186 :  7.7022100e-15 -5.3287010e-16 -6.3200081e-15
   187 : -2.5207577e-09  7.1301443e-09 -1.1207296e-09
   188 : -1.7345684e-01 -3.2654544e+00  3.4148336e+00
   189 : -4.6757008e-09  2.4383448e-08 -1.3602615e-08
   190 : -3.2325525e-11  7.4531430e-12  5.1158868e-12
   191 :  1.2751288e-37 -1.0588796e-37 -1.6813370e-37
   192 :  2.2494847e-05 -7.2638019e-06 -5.6639266e-05
   193 :  2.0293503e-01  1.2518452e-01  1.0361368e-01
   194 : -8.5284199e-02 -8.0888459e-01  1.1203932e+00
   195 : -3.7652834e-16 -1.3580792e-16  2.3927963e-16
   196 :  4.9149581e-32 -1.8378691e-32 -8.7073475e-32
   197 : -2.1120613e-31  3.5579239e-31  7.3345914e-32
   198 :  7.2087918e-13 -1.8101418e-13 -2.9475877e-13
   199 : -2.4916337e-02  8.0754959e-02 -2.0288001e-02
   200 :  3.3240546e-28 -9.6107648e-28  4.3404059e-28
   201 :  2.7010638e-06 -2.3570252e-06  3.7758167e-06
   202 : -2.0943999e-15  5.7922559e-16  1.3933281e-16
   203 :  1.2283320e-34  1.3881248e-34 -1.2168826e-34
   204 :  9.7224627e-17  3.8221132e-15 -3.4013381e-15
   205 : -7.7053342e-06  2.0569249e-06  2.5166782e-06
   206 : -3.4299762e-34  1.2052824e-34  4.6903228e-35
   207 : -4.2332216e-32  2.6817552e-32 -1.5052234e-32
   208 : -1.0967116e-23  1.3981467e-23  3.5457660e-24
   209 :  5.6594670e-02  1.8911277e-01  2.5257317e-02
   210 :  1.4849003e-16 -1.8218533e-16 -1.3537641e-16
   211 :  4.4822391e-34 -2.7237696e-34  1.4473986e-34
   212 :  7.8470718e-10 -2.7312709e-09  5.3043720e-10
   213 :  3.9882704e-32 -5.2160926e-31  6.2451529e-31
   214 : -4.3086657e-02 -7.1899485e-02  1.7224948e-01
   215 : -1.9259560e-01 -2.1931536e-01 -4.5696286e-02
   216 : -3.8080039e-09  4.6512664e-09  3.6757692e-09
   217 :  6.5276386e-41  2.6288156e-40 -1.5740692e-40
   218 : -5.1245138e-26  6.4151203e-25 -5.3654873e-25
   219 : -6.7007750e-07  1.7999460e-07  7.8462259e-07
   220 :  2.5312069e-21 -2.5984017e-23 -2.2478809e-21
   221 :  1.3001219e-27 -1.2232280e-27 -1.6590288e-27
   222 : -8.7012392e-03  1.3688176e-03 -1.0301929e-02
   223 : -5.6959387e-05  7.9178395e-04 -3.9500090e-05
   224 : -2.8835401e-13 -2.0107240e-13  8.1997838e-13
   225 :  9.7962453e-22 -6.9120685e-21  4.8888800e-21
   226 : -4.9705011e-28  2.1988144e-28  1.7520958e-28
   227 : -1.4544368e-15  3.5324201e-16  5.2824109e-16
   228 :  6.3406338e-15  1.9039829e-13  3.0938112e-14
   229 : -3.7281875e-18  4.1484060e-18 -1.8053736e-19
   230 :  8.7154550e-29  1.1440397e-28 -9.3112314e-29
   231 : -4.5410626e-29  1.3186392e-28 -3.6420682e-29
   232 : -1.3251444e-38 -1.0653792e-38  1.1590850e-38
   233 :  7.4187975e-28 -3.8662289e-27  2.8351733e-27
   234 :  1.3237283e-01 -6.1914174e-02  1.2602300e-01
   235 : -2.6567789e-05  1.2591875e-05 -2.3797972e-05
   236 : -9.9873373e-26  1.3610480e-25  8.1061066e-26
   237 :  1.2432852e-23 -6.7377739e-23  5.3545836e-23
   238 :  8.1567985e-36  1.1761384e-36 -4.6139981e-36
   239 :  1.9569904e-27 -1.6116342e-27  1.1523114e-27
   240 :  6.0593948e-33  3.5011046e-33 -1.6225759e-32
   241 : -4.5295164e-08  2.7656128e-08 -6.9359241e-08
   242 : -1.2117424e-07 -3.7639963e-08  1.8708098e-07
   243 : -7.6702853e-03  1.2527896e-03 -6.1663205e-03
   244 : -5.8981874e-05 -6.9356169e-05  1.5737819e-04
   245 :  2.9119510e-26 -4.2532669e-27 -4.5846935e-26
   246 : -5.4378240e-08  2.1777497e-08  1.2821373e-08
   247 : -6.3017479e-03  4.7383216e-03 -8.1084999e-03
   248 :  7.6032253e-40 -1.2789450e-39 -2.7493047e-40
   249 :  4.1408352e-21  9.2163908e-20 -9.7249775e-20
   250 : -1.5587886e-07  5.2725809e-08  1.1829237e-08
   251 : -2.6279451e-14  4.8433106e-14  7.1546030e-14
   252 : -1.4221918e-28  2.6851504e-28 -1.7582427e-29
   253 :  4.7368774e-35 -5.1887198e-35  6.2934238e-35
   254 :  4.8966527e-02 -1.1365427e-02 -1.5337216e-02
   255 :  2.2246935e-15  7.9310069e-16 -1.2504778e-15
   256 : -4.8745592e-08 -1.1295500e-07  6.5543662e-08
   257 : -1.9782796e-05 -1.3957213e-04  1.6862271e-04
   258 : -2.0392985e-16  1.4129965e-16 -7.8113301e-17
   259 :  5.7907000e-23 -8.1971232e-23  1.2045177e-22
   260 : -6.2473913e-08 -2.5578712e-07  3.3311523e-07
   261 : -2.0230334e-15 -1.4157347e-15  7.5936952e-15
   262 :  1.6976603e-26 -7.7699299e-26  5.4608425e-26
   263 : -1.0734579e-29  1.1249546e-29  1.2004319e-29
   264 : -3.2402003e-14  3.2600319e-14 -4.0239225e-14
   265 : -3.7374077e-07 -6.3917134e-08  1.5997220e-07
   266 :  2.9299337e-20  1.5950023e-19 -8.2459316e-20
   267 : -6.3754613e-18  1.1821261e-17 -2.6395412e-18
   268 :  1.8538760e-30  6.6921035e-30 -1.5538890e-29
   269 : -5.1047155e-03  1.5724455e-03  2.3636501e-03
   270 : -2.0591350e-17  7.4228976e-17 -2.8095892e-17
   271 :  2.3678314e-06 -1.1683266e-06  1.8980665e-06
   272 :  3.6474410e-17 -1.0277593e-17 -1.2949421e-17
   273 :  8.6879479e-29 -8.3903147e-29 -9.4131100e-29
   274 :  1.6011968e-08  3.5208985e-08 -1.0702745e-07
   275 :  2.0950483e-24  1.6097056e-24 -6.4569612e-24
   276 :  4.0090626e-06 -1.0824486e-05 -2.2027324e-06
   277 :  5.4419849e-27  2.0120110e-27 -1.3613994e-26
   278 : -2.7244828e-08  5.5595749e-09  5.8768310e-08
   279 :  1.5774195e-14 -3.1840798e-16 -6.5134211e-15
   280 :  3.0496624e-01  9.7700573e-03  1.8556443e-01
   281 :  9.5229230e-14 -1.5550059e-13 -6.6751154e-14
   282 : -2.8555330e-20  2.4073541e-19 -5.2978082e-19
   283 : -6.7454325e-24  3.4298265e-24  1.0198100e-23
   284 :  6.4514381e-26  1.3723074e-26  1.2185759e-25
   285 :  8.6840237e-02  3.1965308e-02 -2.7023095e-02
   286 :  1.2690283e-08  4.9214930e-09 -3.1476977e-08
   287 :  1.0114451e-12  1.1238413e-10 -3.4561424e-12
   288 :  1.2262674e-01  1.1613094e-01  3.3378306e-02
   289 : -8.8285352e-12  2.6310189e-11 -6.1698376e-11
   290 :  9.2953709e-02  1.4596752e-01  3.5828301e-02
   291 : -1.8671960e-15  6.1772548e-15 -1.5216844e-15
   292 :  1.1802088e-03  6.8939957e-04 -2.4759528e-03
   293 : -9.8528040e-23  4.5049344e-23  1.5612095e-22
   294 : -1.7746379e-09 -1.7488992e-09  5.8549397e-09
   295 : -1.8196900e-34 -2.1526118e-33  1.1084407e-33
   296 :  1.4156795e-06 -7.9128136e-06 -7.1072502e-06
   297 :  2.1143821e-12 -7.3087559e-12  2.4019808e-12
   298 :  5.3915169e-14 -9.3694206e-13  4.7983995e-13
   299 : -1.0649008e-36 -2.4535271e-37  2.0742680e-36
   300 : -8.8330835e-06  5.6659030e-06  2.8261324e-06
   301 : -8.2166793e-15  1.3886525e-14 -2.7179740e-15
   302 :  8.4193142e-09 -3.4568115e-08  1.5507113e-08
   303 :  6.9709650e-11  3.7760112e-10 -2.1838978e-10
   304 :  2.0240652e-10 -2.0784675e-09  6.7374153e-09
   305 : -2.7042622e-15  1.7041409e-15  4.4104920e-16
   306 :  4.0505357e-04  1.7243651e-04 -2.3539252e-04
   307 : -1.7309612e-09  2.5145481e-10  6.5717425e-10
   308 : -2.3677988e-13 -2.0964219e-14  2.9879677e-13
   309 :  7.4192455e-37  4.2154146e-35 -2.1023950e-35
   310 : -9.4141450e-12 -5.5513962e-12  2.8342134e-11
   311 : -1.3553059e-08  3.3306354e-09  2.9288528e-08
   312 : -1.8971519e-32  3.0278376e-32 -5.2090864e-32
   313 :  2.2765686e-23 -8.6857170e-23  2.8486958e-23
   314 : -3.1522623e-35 -1.5446846e-35  5.9814946e-35
   315 : -2.2361901e-27 -9.6379632e-27  5.5184806e-27
   316 :  6.7284597e-04  3.7240323e-04 -1.8194189e-04
   317 : -6.8912560e-37 -2.8452942e-36  4.1303980e-36
   318 :  1.4555392e-06 -5.4852881e-06  1.4957633e-06
   319 : -2.2077849e-06  1.8379108e-06  3.9989953e-06
   320 : -3.2599755e-01 -1.9656424e-01 -2.5839781e-01
   321 : -4.9943598e-04  4.8648534e-04  1.3459363e-03
   322 : -6.9748307e-35  1.6550508e-34 -2.4418043e-35
   323 :  7.2791725e-39 -1.0946361e-38  1.9368751e-39
   324 : -4.6309792e-26  1.3858540e-25 -3.8377624e-26
   325 :  6.7428738e-23 -2.7332173e-22  5.3615199e-22
   326 : -2.6482789e-02  5.1802708e-02  6.2460929e-02
   327 :  9.6508734e-02 -2.9103884e+00  2.7351527e+00
   328 : -1.3634061e-07 -4.2161413e-09  4.4023817e-08
   329 :  4.3232009e-25 -8.3207795e-24  3.9195820e-24
   330 : -7.9100149e-39 -3.3860956e-38  4.9292699e-38
   331 :  5.8070062e-18 -8.5794665e-17  7.2586281e-17
   332 :  1.2966602e-09  7.4876686e-10 -9.0646718e-10
   333 :  1.0146622e-22 -6.1465099e-23  3.6180615e-23
   334 : -1.0822855e-06  2.4735235e-06  1.9589495e-06
   335 : -2.9460467e-09  6.1264695e-09 -4.4497044e-10
   336 :  1.4040735e-08 -1.0602002e-08 -1.7582006e-08
   337 :  1.5797709e-35 -1.3763070e-33  1.4577055e-33
   338 : -1.4290100e-07  9.1798139e-08  1.9826469e-08
   339 :  3.9047806e-25 -6.8451996e-26 -7.5866241e-25
   340 : -4.9833430e-07  1.9037685e-06  9.6240118e-07
   341 : -3.7732875e-33  2.3918481e-33  8.8875737e-34
   342 : -8.0951808e-28  1.5231839e-28  1.5727445e-27
   343 :  1.8935107e-14 -2.7225375e-15 -7.6929027e-15
   344 : -1.3426726e-07 -2.3887348e-05  5.1360409e-06
   345 :  1.4278772e-01 -1.4096509e-02 -2.9325311e-02
   346 : -2.9174017e-27 -2.9442439e-27  2.6966363e-27
   347 :  2.7989958e-06 -1.3080274e-06  3.2378009e-06
   348 : -1.4260724e-14  3.2220193e-14 -9.4752897e-15
   349 :  8.0963570e-16 -1.9235034e-16 -1.7250393e-16
   350 : -8.4857320e-07  8.3564859e-08  5.1473911e-06
   351 :  3.9438845e-21  3.7793829e-21 -3.5157447e-21
   352 : -2.1180664e-06 -1.0791942e-06  5.2609741e-06
   353 :  2.3922042e-10  1.3350712e-08 -4.4008018e-09
   354 : -1.0458708e-01 -4.0852949e-02 -1.5483407e-01
   355 :  4.4591231e-02  1.0936053e-01  1.5862998e-01
   356 :  7.6064868e-34  1.2369694e-33 -2.8373775e-33
   357 :  8.0195137e-06  2.1977594e-05 -6.3833965e-05
   358 : -1.9911441e-16  4.5711332e-16  3.0176856e-17
   359 : -1.1760769e-40  3.0905705e-40 -9.7103041e-41
   360 :  2.1821504e-06 -7.2637199e-07 -8.6624201e-07
   361 : -1.4795138e-20  9.0575132e-21  2.4023321e-21
   362 : -2.4978875e-14  2.3451789e-14 -2.8142039e-14
   363 : -2.1893394e-18  3.9971084e-18 -6.8868022e-18
   364 :  1.0110010e-20  6.8669053e-19 -3.0181352e-19
   365 : -1.7473902e-14  7.7880405e-15 -1.3606925e-15
   366 :  5.9539847e-31  1.6575769e-30 -2.8580404e-30
   367 : -8.2520309e-12 -3.8392769e-12  1.4138516e-11
   368 : -3.0731240e-07  1.3731389e-06 -3.9193028e-07
   369 : -3.3807814e-15  1.5833186e-14 -1.0258155e-14
   370 : -6.0971023e-18  1.4871638e-17 -2.2254314e-18
   371 :  7.3383567e-31  9.3916960e-32 -9.0885028e-31
   372 :  4.1023198e-14 -4.2318338e-14 -4.3015568e-14
   373 : -2.6431946e-09 -2.2565153e-09  9.9606644e-09
   374 :  7.3989845e-02 -1.2983993e-02 -2.3409651e-02
   375 : -1.4998151e-22  3.9035378e-22 -1.1433382e-22
   376 : -1.0613192e-34 -6.1210777e-34  8.4203263e-34
   377 :  1.2073396e-12  5.9488826e-13 -6.0918491e-13
   378 :  6.6382113e-19 -1.7290356e-17  1.0348539e-17
   379 :  1.4473765e-37 -4.3032377e-37  1.4455208e-37
   380 : -8.0761674e-04  4.6055270e-04  2.0339482e-04
   381 : -4.6051054e-17  7.0116678e-16 -2.8447059e-16
   382 :  2.5890415e-22 -2.9572038e-22 -2.4852916e-22
   383 : -1.8062925e-05 -1.9213273e-05  2.2075684e-05
   384 : -2.9416443e-21 -5.9734045e-21  6.5605916e-21
   385 :  2.5621168e-08 -5.7396246e-08 -5.8469942e-09
   386 :  6.4875319e-04 -1.6393491e-04 -2.5084060e-05
   387 : -1.0807012e-24  2.2572849e-25  2.1198176e-24
   388 :  1.6855395e-01  1.9948300e-01  4.8921961e-02
   389 :  4.0235103e-20  2.1497656e-21 -6.8306381e-20
   390 :  7.4943951e-08 -1.3951284e-07 -4.9933097e-08
   391 :  3.9855128e-17  1.8329974e-16 -1.0587671e-16
   392 : -4.7107664e-05  1.7065423e-05  6.2851855e-06
   393 : -3.1225911e-05 -7.5085380e-05  1.0545434e-04
   394 : -9.1733689e-21  2.4717129e-20 -4.3737105e-21
   395 :  2.8886132e-12 -2.8995476e-12  3.9163160e-12
   396 : -2.2813342e-37  3.6937784e-37 -5.3928333e-37
   397 : -9.9845082e-06  3.4791044e-05  2.5590805e-06
   398 : -3.1145974e-10  1.3145720e-09 -4.3197821e-10
   399 : -7.1252373e-05  3.1767628e-04 -1.6858328e-04
   400 :  1.3029759e-10  2.1545229e-10 -6.5380358e-10
   401 : -5.4536258e-09  9.6626821e-09  5.5170746e-09
   402 :  1.8841112e-19 -4.1916662e-20 -5.8074873e-20
   403 : -1.6426105e-19 -1.3000889e-18  1.5920162e-18
   404 : -1.1926669e-31 -1.1479926e-31  4.1913450e-31
   405 : -7.0294777e-12 -7.2637237e-14  5.9629202e-12
   406 :  2.7498481e-06  1.0882579e-07 -9.0746570e-07
   407 :  3.2304527e-04 -1.9340406e-04  1.2224728e-04
   408 : -1.5811544e-03  1.0110565e-03  3.7048110e-04
   409 : -5.4945788e-11 -4.2265449e-11  4.1790093e-11
   410 : -1.3195653e-01 -1.8718758e-01 -6.4342029e-02
   411 :  4.5240470e-11 -1.2952296e-10  1.7973089e-11
   412 : -3.7529934e-09  2.7961612e-09  6.0635252e-09
   413 :  4.0145008e-34  2.0558104e-34 -9.6999830e-34
   414 :  1.7564479e-01 -2.0153004e-02  1.9165876e-01
   415 :  2.0555690e-10 -3.7817424e-10 -1.9672794e-10
   416 :  1.6577517e-24  1.1757044e-24 -4.0950417e-24
   417 :  3.5523307e-07  4.3889908e-07  1.2023120e-06
   418 : -1.1069551e-04  5.1465002e-04  8.8848919e-04
   419 :  1.7394553e-30 -2.2393204e-30  1.9214655e-31
   420 : -2.9538482e-28  1.1790467e-27 -5.7780436e-28
   421 : -8.2754256e-26  3.8478814e-25 -1.9573540e-25
   422 : -4.0763482e-15  8.4308967e-15 -2.2584299e-14
   423 : -1.5785593e-12  3.2519503e-11 -1.8884841e-11
   424 :  3.6107481e-21 -1.1340578e-20  3.7052344e-21
   425 :  4.5863903e-25 -2.2370402e-24  7.8188822e-25
   426 :  3.0121863e-17  3.3435057e-17 -2.8048383e-17
   427 : -2.8961947e-19 -6.0081158e-19  1.5606625e-18
   428 : -9.5448395e-20  1.4253653e-19  7.4710471e-20
   429 : -1.6523003e-09 -1.1162156e-09  7.4609726e-10
   430 :  4.6821344e-10  1.1601158e-08  2.6726547e-09
   431 : -1.1680952e-11  1.8515931e-11  1.0408602e-11
   432 : -5.8356166e-14  8.9890446e-14 -1.4295037e-13
   433 : -5.6935947e-33  4.5697676e-33  7.0035934e-33
   434 : -5.0706502e-03  1.0175170e-03  8.5022961e-04
   435 : -2.6509968e-11  1.6714861e-11 -1.0376108e-11
   436 : -9.1911313e-22  2.5440775e-23  1.9921237e-21
   437 :  1.6010658e-06 -1.9660819e-06  2.7029923e-06
   438 : -2.2201283e-07  1.2415883e-07 -3.5838017e-07
   439 :  4.9879080e-05 -5.2180481e-05  1.4632103e-05
   440 :  9.3375849e-26 -3.4491035e-25  1.1692787e-25
   441 : -2.5672293e-36 -1.4785930e-36  5.3283872e-36
   442 :  3.6777979e-06  2.4325180e-07  1.4379293e-06
   443 : -9.8990399e-14  2.1095176e-13  5.0858054e-14
   444 :  5.0143412e-07  2.3944068e-07 -1.8374204e-07
   445 : -4.8532634e-16  1.7863716e-16  4.1609043e-17
   446 :  1.1226366e-01  6.1141802e-02 -3.2497104e-02
   447 :  9.6545235e-17 -1.2727505e-16  1.8990671e-16
   448 :  7.3307279e-11  5.1230099e-10 -2.1796545e-10
   449 :  4.3138738e-33 -5.6231923e-33 -3.2782776e-33
   450 : -1.2391566e-35  1.2456059e-35  1.3206537e-35
   451 :  1.1772703e-02 -1.1838174e-02 -1.0969331e-02
   452 :  2.9987620e-02 -4.4730902e-02  1.2178719e-01
   453 :  7.0655179e-02  5.0425380e-02 -1.6661241e-02
   454 :  9.0796394e-02  1.7396444e-01 -3.8944191e-02
   455 : -4.2993543e-19 -1.3314364e-19  3.9991706e-19
   456 : -4.0112291e-10  1.8339016e-10  5.5699948e-11
   457 :  8.3679572e-37  2.0275541e-36 -3.4552651e-36
   458 : -2.2614311e-18  1.6568405e-17 -4.8241270e-17
   459 :  4.0199825e-11  3.2349909e-11 -1.2647091e-10
   460 : -4.7942285e-10  1.6145629e-09 -1.5748753e-10
   461 : -6.8678703e-17  5.4395516e-17  1.0517193e-16
   462 : -2.9585633e-14  5.9791798e-14  7.6811045e-15
   463 :  4.5322599e-26 -4.7466679e-26 -6.5344119e-27
   464 : -5.4161705e-07 -5.3694549e-07  1.9579855e-07
   465 : -6.0826029e-10  2.3243685e-10  1.9734551e-11
   466 :  1.1946476e-04 -7.4807570e-05 -3.4625850e-05
   467 : -4.7125414e-27 -9.8801140e-28  7.5550911e-27
   468 : -4.1194383e-24  1.3439635e-23 -3.6821990e-24
   469 :  6.1744436e-37 -9.0062510e-37 -6.0572804e-37
   470 :  3.6239660e-34 -4.3808739e-34  3.2431395e-35
   471 : -1.3854396e-21  1.8202646e-21 -8.2870053e-22
   472 :  2.5607732e-25 -3.1844734e-25 -2.5872842e-25
   473 :  4.5039819e-09  2.4820179e-08 -3.0831355e-08
   474 : -2.6891959e-30  3.0644821e-30  1.9527863e-30
   475 : -2.3310213e-20  2.8560674e-20 -4.3653835e-20
   476 : -1.0891833e-20 -3.1858839e-20  1.8415995e-20
   477 : -4.3522249e-39  3.7858233e-39 -4.1149870e-39
   478 :  5.8638568e-11 -1.6413752e-10  9.6318097e-11
   479 : -5.2242841e-39  1.4266844e-38 -3.7726745e-39
   480 :  7.3884979e-04  1.1636236e-03 -8.0323286e-03
   481 : -3.5560100e-19 -8.8722860e-19  2.7468595e-18
   482 : -1.3809794e-28  4.3972389e-28 -1.4633251e-28
   483 : -2.7708202e-05  4.8176904e-04  6.5940047e-04
   484 :  6.4354687e-11  3.6688474e-11 -3.2257589e-11
   485 :  6.6149328e-11 -9.3701120e-11 -5.6092602e-11
   486 : -1.3219092e-03 -1.5293146e-01 -1.3912510e-02
   487 :  2.5105685e-10 -6.6897651e-10  8.3163532e-10
   488 : -6.4793453e-03 -2.1716901e-03  9.6265581e-04
   489 : -2.4510878e-30 -8.1383097e-31  5.8830918e-30
   490 :  5.0202728e-26  1.0854462e-26 -2.9572506e-26
   491 :  2.3280988e-27  6.0313744e-27 -4.0884533e-27
   492 :  1.1001361e-08 -2.2052100e-08  4.4046932e-08
   493 :  3.8768795e-06 -1.8991499e-05 -1.1304711e-05
   494 : -4.4162885e-04  2.4022724e-04  4.8062733e-04
   495 : -2.6899910e-13 -1.2369955e-12  1.6529463e-12
   496 : -1.5159653e-23  6.1185381e-23 -3.0983099e-23
   497 :  1.4100578e-35  8.1360060e-35 -4.4659862e-35
   498 : -2.5535949e-33  1.3039008e-32 -2.5650979e-32
   499 :  1.6175068e-03 -4.1089983e-03 -2.0480714e-03
   500 : -2.2879583e-36  1.8509248e-36  2.9902455e-36
   501 :  5.8433708e-40 -1.3505608e-38  9.7824051e-39
   502 : -3.5633605e-07  1.1882132e-06 -4.8859918e-07
   503 : -2.1206152e-07  8.8095184e-07 -2.3713930e-07
   504 :  5.0082528e-11 -1.0290240e-10  5.3870152e-11
   505 : -5.8100984e-03  2.3578223e-03  1.0044716e-03
   506 :  8.9409198e-26 -1.9739315e-25  5.3047114e-27
   507 : -1.1275724e-23 -7.9308083e-24  2.4452903e-23
   508 : -8.3558362e-25  1.9819610e-23 -1.0445687e-23
   509 : -1.0278109e-09 -1.4074352e-09  4.2342132e-09
   510 :  3.4136583e-25  6.9666532e-24  2.4364559e-23
   511 : -8.8116915e-18  1.2059747e-18  2.6525123e-17
   512 : -1.4758591e-18 -9.7459588e-18  4.7270893e-18
   513 : -6.3957441e-13 -5.6441491e-13  1.9734770e-12
   514 : -6.2909469e-12  2.8005318e-11 -1.0887200e-11
   515 : -3.8120391e-06  1.5615597e-05 -3.6160561e-05
   516 :  3.0557733e-24  8.6152183e-24 -5.6320422e-24
   517 : -2.5853824e-05  1.1023457e-05 -1.1888085e-05
   518 :  5.7287396e-12  1.2291514e-12 -7.8980891e-12
   519 : -4.1665081e-17  1.2161962e-16 -2.8440960e-17
   520 : -3.6147108e-13 -3.5430192e-13  8.5845967e-13
   521 :  5.4858504e-07  2.2998324e-07  3.5249145e-08
   522 : -1.2756920e-01 -8.8031986e-02 -1.2128308e-01
   523 : -9.0589367e-05 -5.9230268e-05  8.3528157e-05
   524 : -1.1803150e-13 -2.3544853e-14  3.0012752e-14
   525 :  6.5379594e-11 -4.2064315e-11  5.7314088e-11
   526 : -4.1543950e-18 -1.7439205e-18  6.1369188e-18
   527 : -6.0350069e-31 -5.0241920e-30  7.3852665e-30
   528 :  1.4038973e-01  2.1360590e-01  1.5498278e-01
   529 : -2.7574148e-09  9.9459308e-09  6.3734628e-09
   530 : -5.7992465e-04  1.4386252e-03  2.4043546e-04
   531 :  6.1636733e-08 -2.4201750e-08  1.3366230e-09
   532 : -6.9002780e-18  6.9166615e-17 -5.2488725e-17
   533 :  1.4985401e-40 -1.5878479e-40  1.7684373e-40
   534 : -3.3569170e-41 -1.4576426e-40  3.3596123e-40
   535 :  6.1084522e-29 -1.2624664e-28 -8.0285270e-30
   536 :  5.4804607e-05 -1.3239954e-05 -4.1170835e-05
   537 : -1.4804234e-07 -1.1463187e-07  7.1720656e-08
   538 : -7.2711544e-10  4.2125855e-10 -3.5283836e-10
   539 : -1.0703498e-29  3.6477525e-29 -1.2562010e-29
   540 : -3.1654824e-26  8.5699340e-26 -2.1063994e-26
   541 :  1.4486078e-24  2.6427849e-24 -6.0432528e-24
   542 :  3.2451402e-13  5.7365791e-13 -3.5555287e-13
   543 : -2.5554511e-31 -2.8113484e-31  2.0346155e-31
   544 : -3.1623601e-12  6.7961392e-12  1.1734878e-12
   545 :  4.1798911e-22  1.2002830e-22 -1.0367637e-21
   546 : -2.8739572e-03 -2.7041675e-03  1.3992758e-03
   547 :  6.0056447e-28 -1.5205505e-27  3.0938370e-28
   548 : -7.4306849e-06  1.2122685e-05 -2.5402083e-05
   549 : -1.2995567e-23 -8.2602375e-24  3.1784725e-23
   550 : -5.0296287e-09  1.3540332e-08 -3.1830984e-09
   551 : -2.7094414e-05 -4.0943238e-05  9.2431896e-05
   552 :  6.4783122e-07  9.0158052e-07 -2.1325957e-07
   553 : -1.3162778e-07  2.5414357e-08  5.0935868e-08
   554 :  6.0365137e-23 -2.6360884e-22  9.2013340e-23
   555 :  7.2123835e-14  1.4508635e-13 -2.5884545e-13
   556 :  1.7203199e-24  2.1268414e-24 -1.7489232e-24
   557 :  1.7997364e-01  1.4756173e-01  3.3636810e-02
   558 :  7.2025119e-09 -4.0432659e-08  2.1300972e-08
   559 : -2.1507229e-07 -5.6219405e-06  4.3375902e-06
   560 :  2.0927842e-08 -4.6585971e-10 -8.8608291e-09
   561 :  6.4183462e-02  1.4373930e-01  7.5767148e-02
   562 :  1.8740750e-19  2.5969572e-18 -1.2975563e-18
   563 :  2.7321373e-35 -8.2029172e-36 -1.0080244e-35
   564 :  2.1125139e-04 -9.5607087e-05  9.8377694e-05
   565 :  7.7287590e-04  1.0240705e-05  7.4833307e-04
   566 : -1.3849764e-27 -8.7064542e-26  1.2595037e-25
   567 : -5.2020012e-14  1.4931923e-13 -2.5531529e-14
   568 : -6.0176726e-06 -1.2889981e-06  2.2582728e-05
   569 :  1.7489540e-05 -4.8324928e-05 -1.0053065e-05
   570 :  3.3635093e-22 -6.5051440e-22 -1.3907817e-22
   571 :  3.1281861e-14 -4.6307634e-14  5.0440577e-15
   572 :  1.3148045e-38 -1.9692569e-37  9.0328674e-38
   573 :  1.6914915e-10 -8.2332509e-10  2.4190736e-10
   574 :  8.1471935e-09 -1.2988911e-08  2.8055477e-08
   575 :  1.8442770e-01 -1.7031536e-02 -6.6196452e-02
   576 :  1.1723170e-11  1.5716326e-11 -4.2381567e-11
   577 :  3.9074200e-02  1.3797789e-01  2.0724332e-02
   578 : -1.9409479e-41  2.4651487e-41  2.5370287e-42
   579 : -5.3787605e-03  1.1932119e-02 -6.1205054e-03
   580 :  1.2538945e-01  1.3184396e-01  5.7277515e-02
   581 : -1.3167582e-22  2.7115308e-22  4.7412333e-23
   582 :  5.6266103e-39 -2.0783823e-38  7.2327488e-39
   583 :  1.3182129e-20 -4.3076297e-20  1.4332959e-20
   584 : -9.9390338e-32  1.7173761e-31  2.9199668e-32
   585 : -9.8977144e-05  2.4591459e-05  9.6171472e-06
   586 :  1.8225285e-26 -3.4706454e-26 -3.1555502e-27
   587 : -1.3107188e-19 -3.7239914e-19  6.2422894e-19
   588 :  1.3615449e-25 -1.4603024e-25  4.4316718e-27
   589 : -3.2699356e-06  2.5218229e-06  8.7001784e-06
   590 :  2.2646142e-06  2.4068715e-06 -3.2605798e-06
   591 :  2.0474756e-35 -3.0527820e-35 -1.0820078e-35
   592 :  1.0929482e-22  6.7951308e-23 -2.4699580e-22
   593 :  9.6056728e-17 -3.1345190e-18 -8.4511710e-17
   594 :  4.9183277e-19 -2.0088353e-19 -1.3294069e-19
   595 : -1.8323447e-10 -1.3136514e-10  3.8400205e-10
   596 :  4.0461674e-11 -7.6679587e-11  3.5578276e-11
   597 :  5.7186914e-15  4.2222263e-15 -1.2997166e-14
   598 : -1.0527665e-18 -3.7784557e-18  2.2878202e-18
   599 :  1.5554373e-02 -1.1922561e-02 -1.6130086e-02
   600 : -5.7131172e-12  4.1841672e-12  9.9895019e-12
   601 :  3.1583173e-02 -9.3114784e-03 -1.5576217e-02
   602 : -1.4243125e-27 -9.1751209e-27  4.8550022e-27
   603 : -1.3525028e-30 -4.6352476e-30  2.4610969e-30
   604 : -2.3721958e-21  3.4205375e-21 -4.5902375e-21
   605 : -1.3224139e-16  1.3290007e-16  1.7895190e-16
   606 : -4.8114608e-02 -1.3200697e-01 -8.8821817e-02
   607 : -5.7500004e-12  8.0444502e-12  5.9709515e-12
   608 :  1.1463262e-24 -3.6259787e-25 -3.2367699e-25
   609 :  2.6277835e-21 -5.1678447e-21  6.6638626e-22
   610 :  4.7000438e-30  1.5802908e-29 -3.7039190e-29
   611 :  3.1025277e-02 -6.4536902e-03 -9.2398097e-03
   612 : -6.1149198e-13  5.1608457e-12 -5.2181417e-12
   613 :  1.7757864e-15  2.0946868e-16 -4.4643694e-15
   614 : -1.4356238e-06  3.9017015e-06 -3.5075275e-07
   615 : -8.4115775e-14  2.9189410e-14  1.5157806e-13
   616 : -4.1145819e-32  6.9439168e-32  1.4218411e-32
   617 : -1.5689770e-15 -4.2743053e-16  7.6183936e-16
   618 : -5.0542246e-19 -2.8720502e-19  3.8306987e-19
   619 : -1.3689102e-24  1.5739332e-24  1.1958600e-24
   620 : -2.4190514e-17  1.1143842e-17 -3.9234187e-18
   621 :  1.3982263e-12 -1.2973052e-12 -2.2524859e-12
   622 :  2.1374962e-04  1.2616710e-03 -9.1271813e-04
   623 : -1.6243656e-07  4.5990283e-08  4.8567599e-08
   624 :  1.4608328e-14  5.8424743e-14 -1.7611160e-14
   625 : -1.4061186e-14  1.3851855e-13 -6.1129710e-14
   626 : -1.9773437e-41  7.7848953e-41 -2.9809235e-41
   627 : -5.9223391e-27  2.5993957e-26 -1.4182742e-26
   628 :  3.9309018e-19 -6.2050745e-19  1.0786033e-19
   629 :  4.5126660e-08 -1.4824859e-07 -1.1726238e-08
   630 : -4.9498929e-05  2.7212959e-05 -4.0401244e-05
   631 :  4.5615771e-16 -1.8966514e-15  4.0205109e-16
   632 :  1.0215675e-31 -1.8376745e-31 -2.6023793e-32
   633 : -1.1186219e-07  4.2648823e-08  2.4127393e-08
   634 :  5.5808897e-11  2.9201171e-11 -1.1338086e-10
   635 :  1.4990209e-06 -3.6572390e-07 -3.7573832e-07
   636 :  1.6772636e-06  2.0581791e-06 -5.9078117e-07
   637 :  6.3029100e-05 -4.0603529e-05 -3.1440779e-05
   638 :  1.6689848e-03 -1.7093470e-03 -2.4113813e-03
   639 : -1.4103498e-06  1.5291233e-06  9.7604840e-07
   640 : -2.7041689e-02  1.7254575e-01 -8.8933884e-02
   641 :  3.0145266e-24 -6.4030886e-24  2.0550399e-25
   642 :  1.5546503e-09  7.3402173e-10 -2.5023092e-09
   643 :  3.9639418e-07 -7.0436997e-08 -1.6868565e-07
   644 : -2.0094121e-07 -2.2716919e-07  5.4401954e-07
   645 :  3.8237610e-12 -2.1694769e-11  1.4670068e-11
   646 : -6.7849416e-13 -1.2484365e-12  2.4585618e-12
   647 :  1.2778941e-01  3.0688722e-02  2.1818995e-01
   648 : -1.4478537e-13 -8.2682396e-13  2.8365486e-13
   649 : -9.1194829e-07 -5.9901174e-06 -7.8288068e-08
   650 : -2.4440272e-14  6.9587249e-15  5.9653533e-15
   651 : -9.1750860e-04 -2.2512796e-03  3.8121803e-03
   652 : -1.4921562e-12 -3.9763536e-12  2.0688356e-12
   653 : -4.2423775e-04 -9.3266594e-06  1.0066702e-03
   654 :  7.2168727e-21  3.1481009e-23 -6.1456429e-21
   655 :  1.4229769e-13  3.0385606e-13 -1.0702994e-12
   656 : -1.3598223e-02 -1.5565945e-02  6.1454940e-03
   657 :  4.3352093e-06 -4.2487158e-06  6.0610251e-06
   658 : -1.5686713e-12 -1.4178086e-13  4.7139255e-13
   659 : -1.5223743e-09  1.2369672e-09  9.6840916e-11
   660 :  5.0047145e-04  3.6843913e-06 -2.9329612e-04
   661 :  2.2472006e-01  1.8166598e-01  7.4735944e-02
   662 :  1.1498747e-19 -3.3231119e-20 -8.7029007e-20
   663 : -9.9117247e-06  1.1590880e-05 -4.2066236e-05
   664 :  1.7833359e-04  5.7535149e-04 -4.0800909e-04
   665 : -1.3144968e-03  4.2229089e-04  2.1139579e-04
   666 :  2.1393332e-32 -1.5248638e-32 -2.8832195e-32
   667 :  3.0413174e-22 -1.4156601e-22  4.1790502e-23
   668 : -1.8673236e-07 -3.1047784e-07  1.0495051e-06
   669 :  6.4475694e-41  2.4771322e-40 -3.7810090e-40
   670 : -9.3459499e-06 -3.0199342e-05  1.1198586e-05
   671 :  1.5685918e-01  1.9408299e-01  7.0155679e-02
   672 :  6.9996614e-05 -7.5523345e-06 -1.2389197e-05
   673 : -2.0550693e-17  3.4044993e-18  4.0590110e-17
   674 :  1.3197907e-14 -8.0350013e-15 -2.0367807e-14
   675 :  6.2303776e-16 -4.7690701e-16  5.7765034e-16
   676 :  2.2785122e-11 -7.3299977e-11  1.9746713e-11
   677 :  8.5978077e-12 -5.3181746e-12  3.6780700e-12
   678 :  2.4186754e-06  1.9948372e-06 -1.6166676e-05
   679 : -2.0754527e-09  5.0313198e-09 -4.0004408e-10
   680 : -5.6017710e-09  4.2060925e-09  1.0322915e-08
   681 : -6.4088653e-23  3.4919554e-23 -1.3630476e-23
   682 : -8.2791707e-24  8.4564173e-24 -1.3935472e-23
   683 :  5.8803496e-21 -8.0144204e-21 -5.9206330e-21
   684 : -8.9646455e-27  4.9469705e-27  4.3825849e-27
   685 :  1.7624608e-10 -4.0887261e-10 -3.1462852e-11
   686 : -4.1681649e-15  1.5141796e-15  7.4669532e-16
   687 : -5.0379316e-27  2.5078906e-26 -5.5119679e-26
   688 : -3.2943484e-16  4.8893939e-16  2.4239245e-16
   689 : -8.5857352e-03 -4.0550706e-03  2.8873437e-03
   690 : -2.7498681e-12  2.1261301e-11 -6.7773539e-12
   691 : -6.9487493e-11  4.5514813e-11 -7.8530136e-11
   692 :  1.4344198e-12 -4.6521697e-12  4.9251577e-12
   693 : -3.5904873e-40  5.1292208e-40  2.5057094e-40
   694 : -2.2288495e-27  4.1437235e-27  4.7094462e-28
   695 :  1.1834949e-03 -2.8890325e-03  5.1693021e-04
   696 : -1.2826599e-07 -7.3137020e-08  2.2792243e-07
   697 :  1.8914634e-12 -7.2272764e-12 -3.5653772e-14
   698 :  9.4441716e-04 -1.0669877e-04  3.4404570e-04
   699 :  9.9352922e-19 -5.2568249e-18  1.0138259e-17
   700 : -1.2902429e-33 -1.8966972e-33  5.1310547e-33
   701 :  1.8199221e-31 -5.9791516e-31  2.0670011e-31
   702 : -4.8063556e-22  1.0752124e-21 -4.1245734e-23
   703 :  1.8074625e-01  2.1967353e-01  1.3266161e-01
   704 :  9.7092133e-13  6.4142647e-13 -2.6925550e-12
   705 :  3.6406379e-26 -2.7251611e-25  1.1776358e-25
   706 :  4.1630246e-01  1.5783083e-01  2.3918773e-01
   707 : -3.9521828e-07 -4.5446003e-07  2.3979412e-07
   708 :  2.2703420e-08  1.8091247e-08 -1.0119486e-08
   709 : -4.6408613e-15  7.3298000e-15 -1.5006581e-14
   710 : -2.8423104e-18  8.3395761e-19  1.3506743e-18
   711 :  1.3362844e-13 -3.5399394e-14  4.3300030e-14
   712 :  3.3599742e-08  1.2888452e-06  1.1157213e-06
   713 : -3.0061465e-15 -1.6246117e-14 -1.8316507e-12
   714 : -1.0987414e-04  8.1856262e-02 -9.0268735e-02
   715 : -3.0472718e-11  1.6139001e-11  9.4584755e-12
   716 :  7.2009158e-29 -1.1953271e-27  2.4231777e-27
   717 :  4.1254216e-08 -1.3106247e-07  3.5600435e-08
   718 : -3.3283776e-13  8.6959352e-14  1.1119973e-13
   719 : -3.0674076e-07 -2.4511483e-07  1.3655774e-07
   720 :  1.9461875e-01  1.5769752e-01  6.0604787e-02
   721 :  1.8177498e-04  1.8652402e-04  1.1518285e-04
   722 : -1.3671742e-24 -2.2416906e-24  1.5198994e-24
   723 :  1.4973817e-23 -7.7392471e-23  4.5230341e-23
   724 : -1.4974638e-23 -1.3273087e-24  8.9030067e-24
   725 :  1.1013553e-05 -3.8457237e-06 -2.4340366e-05
   726 : -4.1852274e-16  2.9243586e-17  1.6599011e-16
   727 : -2.2836002e-06  1.0583773e-05 -2.0869560e-05
   728 :  7.7232254e-08 -8.4801119e-08 -1.4562769e-07
   729 :  2.8486484e-10 -4.7975644e-10 -1.5747015e-10
   730 : -1.5851537e-12 -7.1393609e-13 -6.7874347e-13
   731 :  1.4401457e-22 -3.0678468e-22  8.1425107e-23
   732 :  5.7645538e-20 -1.4040057e-20 -2.7672755e-22
   733 :  9.3566350e-13 -6.0472755e-13 -8.5649523e-13
   734 : -2.9434588e-02  6.9439215e-02 -2.9059310e-02
   735 : -1.9498549e-13  6.5547734e-12 -3.4304171e-12
   736 :  2.2085109e-02 -5.9203482e-03 -5.0251564e-03
   737 :  8.8069738e-16  9.1643852e-16 -3.5908092e-15
   738 :  1.2908085e-06 -4.5555787e-07  1.0419311e-06
   739 :  1.5270009e-01  9.0638526e-02  1.6653054e-01
   740 :  3.5135622e-11 -1.0502235e-10  4.0972285e-11
   741 :  7.8253440e-05  2.3827290e-04 -5.8811490e-05
   742 :  2.2262682e-13  3.9368578e-13 -1.1314545e-12
   743 : -1.0338336e-12  1.2041877e-11 -2.2858547e-11
   744 : -9.5972911e-02 -5.1961738e-02  1.2375838e-02
   745 :  2.3359381e-25 -1.1927638e-24  7.6808908e-25
   746 :  2.3537938e-20 -1.6661459e-20 -4.0696540e-20
   747 :  1.5123039e-15  5.1173299e-16 -1.3439010e-15
   748 :  1.4228488e-12  5.6912424e-12 -1.4524399e-13
   749 :  1.7974344e-07 -5.1436542e-07 -1.8206025e-07
   750 :  3.8547338e-27  6.6653081e-26 -8.9823608e-26
   751 : -1.2773256e-01 -1.0918280e-01 -1.0596953e-01
   752 : -2.2151429e-12  3.0188447e-12  2.1492216e-12
   753 :  1.1810980e-07 -4.1828923e-07  1.1303839e-07
   754 :  1.5264343e-20  1.9480720e-21 -3.4789545e-20
   755 :  3.9087549e-02 -4.4531423e-02 -8.8621934e-02
   756 :  1.7335346e-15  7.4183555e-15 -1.2816512e-14
   757 : -6.7377396e-38 -4.7205068e-39  3.4634565e-38
   758 :  2.6945469e-03 -1.7267846e-02  2.1285425e-04
   759 : -6.2946124e-13 -2.4962100e-13 -2.3082960e-12
   760 : -1.6123422e-17  4.4307937e-17 -8.7167752e-18
   761 : -2.2218451e-11  4.6831643e-11  7.2358963e-12
   762 : -2.5379721e-03  1.9273811e-03 -1.4516455e-03
   763 : -6.9185095e-29  2.0745720e-28 -6.8346439e-29
   764 : -5.7099335e-30 -2.1360452e-29  1.3344621e-29
   765 : -8.9335852e-02 -1.4264828e-01 -1.2698887e-01
   766 :  3.7023618e-14 -9.3865928e-14  1.7158558e-14
   767 :  1.6198884e-03  1.7590872e-03 -7.2058370e-03
   768 : -2.8724463e-26 -2.0198405e-25  4.6702633e-25
   769 :  3.8357825e-02  2.0153621e-02 -8.1095147e-02
   770 :  4.2182121e-11 -1.8705310e-11  1.2240687e-10
   771 : -2.8931751e-07  1.3698915e-06 -3.3927295e-07
   772 : -7.5120012e-05  9.5852095e-06 -5.2226017e-05
   773 :  2.4688819e-13 -6.1685953e-13  6.7544602e-14
   774 : -1.1992602e-01 -4.4960830e-02 -7.7591622e-02
   775 : -3.9580801e-02  1.4400469e-01  2.6653248e-01
   776 : -1.4922686e-12  3.6597643e-13  2.5903456e-12
   777 : -1.6305560e-11  1.4587195e-11  2.1078063e-11
   778 :  1.3882792e-11  4.0168486e-12  1.0183621e-12
   779 :  2.3923842e-22 -1.4804990e-21  5.9596699e-22
   780 :  1.8287773e-04  1.9574107e-04  5.0644650e-04
   781 : -5.3800797e-25  5.1301437e-25 -5.8473664e-25
   782 :  7.3126959e-39  4.9013956e-39 -1.4512155e-38
   783 :  8.5303606e-12  2.5153846e-11 -4.5367581e-11
   784 : -9.0565343e-13 -8.2487631e-12  3.6703095e-12
   785 :  6.4539983e-25 -1.5317631e-24  2.0679242e-25
   786 : -6.0438780e-02  6.8714144e-02 -1.7811428e-01
   787 : -3.3548760e-02 -1.0606235e-01 -1.4354182e-01
   788 : -1.5079256e-24  1.1927991e-24 -1.2596899e-24
   789 :  4.0085191e-23  4.4861772e-24 -6.8688180e-23
   790 : -1.3081667e-09 -3.2893975e-09  4.1466695e-09
   791 : -7.9028158e-08  4.8488171e-08  8.4195064e-09
   792 : -6.3960198e-05  1.1393502e-05 -9.5184299e-07
   793 : -4.3814155e-05  1.0893694e-05  5.7584293e-06
   794 :  9.7842790e-11 -2.0453844e-10 -5.6019245e-11
   795 : -4.8197269e-05 -6.3400821e-05 -8.2050344e-06
   796 :  5.2400262e-06 -1.6724867e-06  6.4024105e-06
   797 :  5.8281123e-26  8.2797456e-26 -1.3575771e-25
   798 :  2.9439520e-08  5.5094056e-08 -3.3379363e-08
   799 :  1.8317452e-14 -2.7961615e-15 -4.0068532e-14
   800 :  1.5174978e-02 -9.4856990e-02 -7.1310359e-02
   801 :  4.5240754e-23 -3.0421398e-24 -8.8076833e-23
   802 : -4.3920374e-12  1.0073727e-11  1.4712417e-12
   803 :  1.2665916e-17  1.6021242e-17 -1.1892788e-17
   804 : -9.1017815e-02 -1.2237558e-01 -6.1054443e-02
   805 : -5.2290881e-12  1.3271168e-11 -4.7379907e-12
   806 :  9.5002142e-22 -2.9957189e-22 -3.5003399e-23
   807 :  2.9479030e-25  6.1320739e-25 -4.1042688e-25
   808 : -7.5828538e-02 -3.7612939e-02 -8.5147598e-02
   809 : -1.4662127e-16  1.5116280e-16  2.3760572e-16
   810 :  1.7320027e-24 -1.3428526e-24  1.1734036e-24
   811 :  1.3952418e-39  7.6939040e-42 -1.6957975e-39
   812 : -1.5281653e-14 -3.8379725e-14  1.5628803e-13
   813 : -1.2989552e-12  1.3942475e-12 -4.0379417e-12
   814 :  1.1143147e-35  7.0341111e-37 -1.2557136e-35
   815 : -3.8848778e-40  6.2508890e-40  4.0281668e-40
   816 : -2.5776070e-33  5.2608300e-34  1.0176146e-33
   817 : -3.1158914e-35 -4.3253724e-35  1.0608983e-34
   818 :  1.3071543e-37 -6.9389916e-37  4.1762521e-37
   819 : -3.7171016e-13 -2.3635060e-13  8.2290149e-13
   820 : -7.6053984e-37  2.0935607e-36 -4.3396333e-37
   821 : -5.4597626e-06 -1.0240950e-05  8.9004270e-06
   822 :  6.8878602e-10 -2.6432656e-09  1.2683510e-09
   823 :  9.8441872e-20 -4.6564856e-19  2.8046560e-19
   824 :  1.0986625e-18 -3.2373232e-19 -2.2536841e-18
   825 : -7.4769030e-29 -3.0617507e-29  1.8271778e-28
   826 :  3.4606010e-07 -8.7328677e-07  2.0552000e-07
   827 :  6.4205822e-21  2.8170938e-21 -4.5490339e-21
   828 :  4.7127890e-16 -1.3007525e-15  3.1801051e-16
   829 :  1.5889834e-09  3.0596736e-09 -2.2861647e-09
   830 :  6.7850022e-02  1.8782932e-01 -7.2276802e-02
   831 :  1.2621539e-01 -5.4459026e-02  2.7732670e-01
   832 :  6.2568072e-14  1.6546857e-13 -2.6829568e-13
   833 :  9.2455171e-02  1.5358036e-01 -5.6715896e-02
   834 :  1.2291213e-33 -1.1341304e-33  1.0775582e-33
   835 : -1.1827374e-38  5.4019966e-38 -9.9300910e-38
   836 :  2.7320601e-11 -5.2324717e-11  1.3279320e-11
   837 :  1.1105942e-22 -1.7781201e-22  3.0814104e-22
   838 :  2.7107074e-08  2.1324748e-10 -1.3619647e-08
   839 :  8.6089138e-17 -1.6610958e-17 -1.5949822e-16
   840 :  1.2979744e-21 -9.0644567e-22  4.9325558e-22
   841 : -1.2649959e-18  3.9789235e-19  4.5748121e-19
   842 :  2.3393551e-15 -5.7824242e-15  1.7206859e-15
   843 : -4.3279580e-21 -1.6470429e-20  2.5441993e-20
   844 : -3.5831891e-14  7.7852698e-14 -1.2405594e-13
   845 :  3.8426783e-28 -2.5754864e-28  2.1320430e-28
   846 :  1.3782631e-11  6.3923838e-11 -2.3945363e-11
   847 : -3.8015188e-15  2.3808630e-15 -1.2663534e-15
   848 :  1.0640071e-42 -5.5004006e-42  2.2012779e-42
   849 :  3.7991717e-18 -2.1256403e-17 -2.3962843e-18
   850 : -1.7090926e-16 -5.4857422e-16  1.2994290e-15
   851 : -2.1974243e-18  2.9127225e-17 -2.4347951e-17
   852 : -6.7963838e-31  2.6232834e-30 -1.0410993e-30
   853 : -4.7795601e-07 -4.8475717e-08  4.2235905e-07
   854 : -2.1672765e-43 -1.1605752e-42  2.4078204e-42
   855 :  2.7753756e-07 -1.4590964e-06  4.4212436e-06
   856 : -2.8653785e-09  3.0280110e-10  2.4524246e-08
   857 : -9.8709458e-06  2.0730750e-05 -4.0136305e-05
   858 :  2.8032767e-09 -3.0111725e-09 -5.2129430e-10
   859 : -3.7123511e-32  3.6074885e-30 -3.5537980e-30
   860 : -4.2458080e-11 -5.4042356e-10  3.1781307e-10
   861 : -5.2070235e-10  3.9546437e-10 -5.0398815e-10
   862 : -1.7539642e-10  5.1899384e-11  7.3986556e-11
   863 :  1.2194449e-07 -1.1164122e-07 -2.3190161e-07
   864 : -5.1204265e-07 -6.1747684e-07  1.0712561e-06
   865 :  1.3843647e-04 -1.2371030e-04  1.5791592e-04
   866 :  3.5938420e-01  2.3851516e-01  1.5891965e-01
   867 :  4.9573683e-04  1.8091243e-03  8.4306903e-04
   868 :  1.0035551e-12  1.9457469e-12 -4.5431643e-12
   869 :  3.5442966e-13  3.5653579e-14 -1.9638700e-13
   870 : -2.6750868e-14  1.3882911e-13 -4.7187770e-14
   871 : -1.5608689e-06 -1.9572199e-06  5.9271552e-06
   872 :  5.3404671e-06 -1.1781688e-06 -1.3004554e-06
   873 :  6.8726275e-02  1.4768087e-01  1.2290478e-01
   874 :  1.1716394e-01  1.2279660e-01  7.0719810e-02
   875 :  3.7037972e-20  9.5484117e-20 -1.7077941e-19
   876 : -2.4870116e-18  2.7749010e-18  2.7963758e-18
   877 : -5.4537871e-36  7.7967756e-36 -1.0187405e-35
   878 : -3.0441550e-33  6.8741014e-33 -1.4560060e-33
   879 :  6.7335170e-21 -1.2489855e-20  1.8898280e-20
   880 :  6.2132858e-19 -8.3657931e-19  9.6040140e-20
   881 :  2.3776924e-35 -6.9601010e-36 -9.7947255e-36
   882 : -1.5549752e-33  9.1766174e-34  2.2181753e-33
   883 : -2.7840505e-21  1.4604536e-21 -2.1861688e-22
   884 : -2.3930956e-21  6.3118364e-20 -2.6764270e-20
   885 : -1.5263154e-09  3.3456245e-09  5.4649994e-10
   886 :  2.2772179e-10  3.6662040e-11 -3.2969352e-10
   887 :  1.1449071e-10 -5.9261460e-10 -1.3706510e-09
   888 : -4.2788105e-10  5.7226019e-09 -2.4950103e-09
   889 : -2.8941563e-03 -9.3242938e-03  1.1495401e-03
   890 :  5.4284682e-04  8.1432444e-04 -9.9470830e-04
   891 : -1.4960853e-19  8.9102401e-21  1.2760968e-19
   892 :  1.5100659e-17 -2.2358305e-17 -8.7274134e-18
   893 :  1.5169088e-11 -1.2551415e-11  7.2860030e-12
   894 :  5.4834807e-10 -5.2106879e-10 -5.9103169e-10
   895 : -2.9515821e-03 -4.7069715e-03  5.6905928e-04
   896 :  1.5759247e-03  1.3690612e-05 -1.4109313e-03
   897 : -6.6042953e-21  1.7352937e-21  2.7653738e-21
   898 :  7.0964322e-20 -2.0784652e-20 -1.3189764e-19
   899 :  3.3912960e-04  6.6368929e-04 -2.5409075e-04
   900 :  2.0748580e-04  1.8561624e-04  5.9409704e-05
   901 :  2.0846514e-13 -3.9069792e-13  6.3322665e-13
   902 :  1.5377977e-11 -1.7490529e-11 -8.1287839e-12
   903 :  9.4068575e-07  2.1482648e-06 -7.8414672e-07
   904 : -1.7535243e-07 -2.8965747e-08 -1.1242670e-07
   905 :  1.1280386e-07  1.2368814e-06 -6.6215119e-07
   906 : -1.8412284e-04  5.2126965e-04  7.5276676e-05
   907 : -3.3592773e-05  2.7187758e-05 -5.8205442e-05
   908 : -1.9932844e-08  1.6587455e-08 -1.6309120e-08
   909 : -8.7743730e-08  1.9384110e-07 -4.1523319e-08
   910 :  1.7530558e-08 -8.6626817e-08 -1.9317574e-07
   911 : -3.4200671e-08  3.4696596e-08 -5.5100759e-10
