Number of elements 912
     0 :  3.9321273e-12 -7.4290685e-13 -8.0249117e-12
     1 : -1.2804780e-06  2.9069646e-06  5.6750531e-08
     2 :  1.0533520e-01 -5.8537030e-02  1.6633896e-02
     3 :  2.0024265e-08 -8.4297816e-09 -3.9186843e-08
     4 : -7.4662291e-02 -7.1633432e-02 -9.6665230e-02
     5 : -4.9737816e-02  2.9238401e-02 -3.0126160e-04
     6 :  8.9560048e-21  6.7259600e-20 -8.3154827e-20
     7 :  2.8522447e-06 -5.8355348e-06  1.8289470e-06
     8 : -1.9369332e-05 -3.8556754e-05  1.7396594e-05
     9 : -2.1677047e-19 -2.3668311e-18  2.6160852e-18
    10 :  1.3752800e-05 -6.6076875e-05  1.7741934e-05
    11 :  1.9459309e-20 -2.8001293e-20 -3.2776308e-20
    12 : -1.5876841e-02 -6.9213285e-01  5.7920770e-01
    13 :  8.2579639e-04 -2.3372917e-04  6.7604622e-04
    14 : -1.4392371e-09  4.0082531e-09 -3.3709095e-10
    15 :  3.2619406e-04 -4.1283095e-04  2.9199600e-04
    16 :  2.3894531e-21  4.8305637e-21 -8.8271575e-21
    17 : -6.4923220e-15  1.9120368e-15  1.1962747e-14
    18 : -3.0840558e-05  1.1510964e-04 -1.3424374e-05
    19 :  2.0110261e-24 -2.0671209e-24 -5.2720421e-26
    20 : -2.6581097e-14  5.5185468e-14  2.1212303e-15
    21 : -3.1135348e-03 -4.5031906e-03 -6.5628671e-04
    22 : -8.2895949e-04  6.6407602e-04  6.1602775e-04
    23 :  6.1710709e-25 -5.4848863e-23 -7.8649401e-24
    24 :  6.5328419e-07 -9.1037498e-07  2.8494944e-06
    25 : -6.6542477e-25  2.3125025e-24  6.9241149e-25
    26 :  1.9864775e-06  5.8299550e-06 -8.5824685e-07
    27 :  2.1493438e-03 -1.7354600e-03 -3.1474503e-03
    28 :  3.3148809e-05 -1.4752961e-03  8.1368261e-04
    29 : -5.4319896e-08 -4.5483830e-07  2.8884231e-07
    30 : -4.1825017e-05  1.0809340e-04 -1.5218951e-05
    31 : -6.5303323e-09  7.0926546e-09  6.9490405e-09
    32 : -2.9125642e-19 -6.7811281e-20  6.1448826e-19
    33 : -2.3640608e-03  5.8543012e-03  2.0407404e-03
    34 :  1.5291877e-27 -5.0337784e-25  4.4639820e-25
    35 :  7.2086091e-10  1.4067071e-09  1.3624778e-08
    36 : -2.9234393e-02 -2.5997013e-02 -8.3280465e-02
    37 :  2.6573295e-02  4.2372072e-02 -6.8660086e-03
    38 : -2.0281519e-03 -2.8358242e-03  5.8870941e-04
    39 : -4.5962013e-08  8.2123855e-08 -6.5932531e-07
    40 : -2.5177065e-07 -1.1165365e-06  2.4326103e-07
    41 :  3.3069764e-04  2.8427767e-04  7.9356470e-04
    42 : -2.0517085e-24 -3.5597162e-24 -1.3891281e-24
    43 :  3.5070150e-13 -3.8785084e-13 -3.9743159e-13
    44 : -7.1192301e-03 -5.6579172e-03  3.4882753e-02
    45 :  6.0186914e-10 -1.9279939e-10 -1.5928805e-10
    46 :  4.0475891e-10 -1.9772603e-10  1.7535513e-10
    47 :  1.6130026e-18 -3.3545079e-19 -2.9787527e-20
    48 : -3.1571434e-21  2.7097040e-21  4.5437849e-22
    49 : -5.7239219e-05  2.3659047e-04 -7.9431912e-05
    50 :  5.2772411e-04  5.8332589e-03 -2.9461224e-03
    51 : -1.8547148e-05 -3.3913413e-03 -1.8079675e-02
    52 :  7.6931834e-06 -1.2831843e-04  3.5697986e-05
    53 : -1.0930425e-19 -6.6964062e-21  1.3902506e-19
    54 : -1.1071069e-03 -8.9484252e-04  1.1933039e-04
    55 : -8.4670368e-04 -5.6031270e-04 -5.8958071e-04
    56 : -4.7647034e-02 -3.3393796e-02 -5.5577347e-03
    57 :  3.5956997e-04 -1.8520534e-05  3.1824343e-04
    58 :  1.5920604e-01 -5.3464460e-01  5.5347363e-01
    59 : -8.7688648e-05 -8.0654191e-05  1.7258460e-05
    60 :  6.0732437e-04 -3.3255588e-03 -7.6113833e-03
    61 :  1.5331898e-02  4.9307757e-02 -3.6179198e-02
    62 :  8.1105616e-06  4.3835971e-06 -4.3374406e-06
    63 :  3.0747067e-02  2.0878770e-02 -9.6538890e-03
    64 : -1.7786857e-06 -2.7031281e-06  9.7737331e-06
    65 :  2.8575880e-08 -5.8262934e-07  2.3112714e-07
    66 :  9.3266739e-09 -2.9427455e-08  1.3993441e-08
    67 :  3.3480149e-20 -3.0301869e-20 -6.9308975e-20
    68 : -5.6127118e-21  1.1319453e-20 -8.8738352e-22
    69 :  3.6937196e-20 -4.0189314e-20 -5.7525764e-20
    70 : -1.8066440e-11 -1.3314102e-10  1.3285264e-10
    71 :  1.3436403e-03  5.9804221e-02  7.1036808e-02
    72 : -3.0991354e-23  1.4841805e-22 -5.5947013e-23
    73 : -2.2904954e-03  6.6189005e-02  6.9073283e-02
    74 : -1.0808819e-15 -8.1695421e-15  4.9780879e-15
    75 : -1.5032868e-16  1.2082757e-15 -6.7222167e-16
    76 :  4.8698318e-23 -1.4926337e-21  4.5897485e-22
    77 : -6.0776250e-17  5.7850279e-16 -1.3682331e-16
    78 : -3.0067873e-19  8.4773561e-19 -3.0940380e-19
    79 :  4.4949427e-13 -2.5490947e-13  4.4505192e-13
    80 :  4.7975269e-30  1.4028097e-29 -8.1507664e-30
    81 : -8.0711868e-19 -1.0974166e-17  5.7570018e-18
    82 :  1.7448305e-03  8.1268870e-01 -5.1907411e-01
    83 : -1.8247919e-25  1.3828109e-25  3.5067752e-25
    84 : -1.4088309e-24  5.7038781e-24 -2.0484823e-24
    85 : -1.3501662e-02 -5.4439105e-01  3.6821881e-01
    86 :  4.4310768e-16 -1.5371566e-14  3.5291306e-14
    87 :  1.0164324e-13  1.6830887e-13 -3.4317751e-13
    88 :  4.5793624e-08  3.5981202e-08 -2.2635756e-08
    89 :  5.7357467e-02  4.5087933e-02  3.0847899e-02
    90 :  2.8617675e-22  6.5516608e-22 -4.3671405e-22
    91 : -5.8840877e-02 -4.6896446e-02 -7.3771708e-02
    92 :  2.3254896e-10 -5.0356501e-10  2.5624807e-10
    93 : -9.8117359e-29  3.9510844e-29 -3.7304217e-29
    94 : -7.9735913e-13 -3.9107382e-13  9.7489331e-13
    95 : -2.4653691e-20  1.0270214e-20  3.7543108e-22
    96 :  1.0385937e-08 -1.8871105e-08  3.0247125e-08
    97 : -1.1293999e-09 -2.5684868e-11  2.5841291e-09
    98 :  9.4032625e-03 -3.0249626e-02 -7.0211350e-02
    99 : -9.3791921e-19 -1.8453489e-18  1.1139123e-18
   100 : -1.6052870e-19 -1.0625841e-19  3.4865040e-19
   101 : -1.5021972e-07 -1.5146481e-08  7.9477081e-08
   102 :  8.9206493e-05  1.6018614e-04 -6.6354623e-05
   103 : -4.9073273e-26  7.2966423e-26  4.2841163e-26
   104 : -5.3734368e-11 -3.6045425e-11  2.3592907e-11
   105 : -8.0016758e-05  6.0465096e-06  9.9268226e-06
   106 : -6.3141738e-07  9.8375816e-08  6.5498099e-07
   107 : -1.8788882e-07  2.3003854e-06 -1.2454459e-06
   108 :  5.1089080e-06  3.2169208e-06 -1.5173623e-05
   109 :  9.7099703e-05 -9.4606714e-05  6.5485179e-04
   110 : -4.6805416e-03  7.1400918e-02  1.6339590e-02
   111 :  7.3307744e-06 -9.8196140e-07 -2.3639443e-06
   112 :  1.2742152e-17  5.9368337e-18 -2.8342893e-17
   113 :  3.1950884e-03 -3.8176849e-03 -2.1249038e-03
   114 : -2.0636618e-09 -4.1931110e-10  2.0192460e-09
   115 :  4.5935195e-04  6.3390657e-04  5.6523308e-05
   116 :  2.8488597e-02  1.1094483e-02  1.3919688e-02
   117 : -5.8811054e-02 -3.4280678e-02 -4.4482509e-02
   118 : -5.2035440e-02 -8.7392255e-02  5.5696086e-02
   119 :  1.0012178e-20  3.5607883e-21 -1.9056827e-20
   120 :  4.5461600e-11 -2.4832804e-10  5.3740148e-10
   121 :  1.6102006e-16 -1.1268191e-15  7.0421998e-16
   122 : -2.0784012e-04 -8.6867739e-04  5.3669073e-04
   123 : -1.3766068e-25  2.0135868e-25  8.4860118e-26
   124 : -1.6207831e-20  3.4014012e-19 -1.2290657e-19
   125 :  1.0415944e-29 -3.0175741e-29  9.1987926e-30
   126 :  9.2817174e-15  2.3158562e-14 -3.5313457e-14
   127 : -7.8195600e-17  9.9694056e-16 -2.1524587e-16
   128 :  1.7423256e-04  3.5015476e-04 -5.4410156e-04
   129 :  1.0007682e-12  8.3059814e-13 -5.2472350e-12
   130 :  2.1000330e-02 -1.5061188e-02 -7.2491098e-03
   131 : -5.5839213e-03  1.4577635e-03 -3.2270531e-03
   132 :  9.1750039e-04 -3.2512954e-03  4.4886556e-04
   133 :  4.8396312e-02  7.5555752e-02  2.5355263e-02
   134 :  7.8243597e-04 -2.4340947e-04  2.0526609e-04
   135 :  2.1746185e-05 -8.7793015e-06 -4.6706336e-05
   136 : -9.5940724e-07  1.1514400e-06 -4.1873927e-08
   137 :  2.9349787e-05 -1.0488689e-04 -4.7062637e-05
   138 :  1.4960743e-06 -1.4696162e-05  6.5923082e-06
   139 :  1.7423470e-06  8.3168194e-07 -8.9466654e-07
   140 : -2.0101562e-17  1.8145803e-17 -2.6372968e-18
   141 : -2.0831966e-16  2.3062638e-16  3.0695659e-16
   142 :  6.5446830e-06 -1.2191779e-06  8.5064777e-06
   143 :  2.2116220e-21 -1.2397945e-20  8.6372005e-21
   144 : -9.2959421e-07 -6.6296498e-07  4.5943218e-07
   145 : -1.0465619e-08  2.9612018e-08 -8.7249534e-09
   146 : -3.6801423e-11  1.9381267e-11  7.2084732e-11
   147 : -5.2122543e-21  4.7275458e-22  1.6007806e-21
   148 :  3.4504818e-12 -1.6487675e-11  1.0757618e-11
   149 : -9.3562336e-02 -2.8767606e-02 -1.0619747e-01
   150 : -2.5522735e-08  4.8941997e-08  6.1880483e-09
   151 :  2.3056981e-15  3.5404043e-16 -5.6615898e-15
   152 : -5.0159023e-13  1.6775444e-12 -2.7431635e-13
   153 : -9.0343598e-02 -6.2922571e-02 -9.1315590e-02
   154 :  2.4253290e-28 -2.2174395e-28 -3.0890559e-28
   155 :  1.2619986e-21 -3.5934123e-21  4.3356482e-21
   156 : -1.3299137e-22  4.4272921e-22 -1.3397134e-22
   157 :  4.8502249e-10 -6.7640891e-10 -6.3326841e-10
   158 : -7.9648221e-06  2.2895858e-05 -1.0229314e-05
   159 :  4.2078220e-08  1.0004260e-07 -6.7192884e-08
   160 : -1.7924466e-27  8.4223637e-28  4.7913703e-28
   161 :  7.3303347e-26 -1.2186719e-25  1.9153371e-25
   162 : -5.5943043e-02 -1.1456786e-01 -2.0676254e-02
   163 : -1.1641344e-04  9.9294271e-05  5.3364526e-04
   164 :  3.3521630e-15  2.0113021e-14 -3.0186642e-14
   165 :  4.2256562e-07 -1.6329724e-06  7.4114419e-07
   166 : -7.6340331e-22  4.0070806e-22  1.5813108e-21
   167 : -1.1497828e-05  9.3508246e-06 -1.0677628e-05
   168 :  1.6019599e-03 -4.7563097e-03  1.4643291e-03
   169 :  2.9652825e-01  6.5016608e-02  1.3696015e-01
   170 :  6.7124713e-21  5.8076572e-22 -1.2788654e-20
   171 : -1.3359331e-20 -5.4595052e-20  1.2427078e-19
   172 :  1.7712925e-03 -5.4289862e-03 -2.9553482e-03
   173 : -7.0761377e-06 -1.0478793e-04  3.6992357e-04
   174 : -4.3773526e-06  7.8223571e-06  5.8454162e-06
   175 :  1.3716870e-10 -4.0053153e-11 -1.7573306e-11
   176 :  2.5459596e-19  3.3632439e-19 -3.5799188e-19
   177 : -1.0411640e-07 -1.9945456e-06  3.1761437e-06
   178 :  8.4119196e-02  3.3352099e-01 -2.7105103e-01
   179 :  8.0900518e-07  1.2432518e-05 -7.3993929e-06
   180 :  4.7139950e-22 -1.8807032e-22 -1.1739668e-21
   181 :  1.2686699e-03 -9.8596736e-04 -3.9200193e-03
   182 :  9.5948321e-13  6.4818360e-13 -2.9570245e-12
   183 :  6.4877275e-03 -1.5398141e-02  3.1434158e-02
   184 : -2.8000640e-27 -1.8810186e-26  9.6958834e-27
   185 : -1.2568715e-14  2.7439371e-16  5.2659257e-15
   186 :  9.1734080e-10  7.8759043e-10 -2.8033934e-09
   187 :  9.2624818e-06 -2.1458094e-05  3.0160306e-06
   188 : -1.1231140e-01 -9.4441139e-02 -1.8581999e-01
   189 : -1.3887760e-04  1.0737592e-04  2.2637006e-04
   190 :  3.1238519e-08  4.8206930e-07 -3.9626190e-07
   191 : -4.2057313e-25  4.7540094e-25  5.8916188e-25
   192 : -1.2051053e-02  5.9259002e-03  4.8002168e-02
   193 : -9.9520825e-02 -1.0663135e-01 -6.2370013e-02
   194 :  6.1542629e-04 -2.2581086e-01  2.1508709e-01
   195 : -2.3721549e-10 -7.9329490e-11  1.5327514e-10
   196 : -9.3622812e-22  4.3986436e-22  2.0848732e-21
   197 : -1.0261309e-21  1.7144983e-21  4.1536501e-22
   198 : -2.3281379e-08  8.2332733e-09 -4.1332159e-10
   199 : -3.0164340e-02 -1.5673886e-01 -3.6417078e-02
   200 :  4.0141052e-20 -9.3400328e-20  2.5327711e-20
   201 : -4.2850567e-03  2.6326101e-05 -1.8979060e-03
   202 : -2.8850972e-09  1.0148860e-09  5.4831171e-10
   203 : -2.7169720e-23 -3.0360612e-23  2.1924750e-23
   204 : -1.6935788e-10 -5.2056690e-10  7.2733016e-10
   205 : -6.5574025e-04 -2.2888396e-03 -7.1937524e-04
   206 :  9.3068802e-23 -3.0469565e-23 -1.3755458e-23
   207 :  2.2402290e-21 -1.2442084e-21  1.0096592e-21
   208 : -5.2246346e-16  6.1463567e-16  6.7787724e-16
   209 : -1.6580975e-01  2.8983492e-03 -3.7285975e-02
   210 :  9.3005402e-11 -4.8939884e-11 -7.2067314e-11
   211 : -2.3907373e-23 -7.9622503e-24  4.5996054e-23
   212 :  1.6693498e-05 -7.6548655e-05  1.5650045e-05
   213 :  4.0830853e-21  6.0714572e-21 -1.4319705e-20
   214 : -9.0413854e-02 -8.7702963e-02 -3.3673765e-02
   215 : -5.7105311e-02  6.7369144e-02 -1.7378945e-02
   216 :  2.0164054e-05 -2.3252680e-05 -2.1626695e-05
   217 : -1.0571809e-29 -2.3406230e-27  1.0455279e-27
   218 :  1.2679339e-17  3.1045068e-17 -7.9764051e-17
   219 :  6.4153590e-04  7.7811209e-04 -8.8019682e-04
   220 : -3.7852778e-14  2.3146974e-14 -3.3748473e-14
   221 : -2.3192865e-19  6.6110236e-19  3.1209878e-19
   222 : -3.6346275e-03  5.3229095e-02 -2.6901481e-04
   223 :  4.9785431e-02  5.9087401e-02  3.6216432e-02
   224 : -6.3528040e-09  4.9688616e-08 -4.1178015e-08
   225 :  2.4816623e-15 -8.2465772e-14  4.4111274e-14
   226 :  4.1517873e-19 -1.1632502e-19 -6.4899299e-20
   227 : -1.2474549e-10  1.3405998e-11 -5.4028160e-12
   228 : -1.5801758e-08  7.0914491e-08  4.6897680e-08
   229 :  4.3241130e-12 -6.5078744e-12  1.3623133e-12
   230 :  3.5331994e-22 -4.3279274e-21  1.6515792e-20
   231 : -4.2448481e-21 -5.5618408e-21  2.4500074e-20
   232 :  6.0658801e-28  5.2717049e-28 -5.2736954e-28
   233 : -1.2176900e-19  1.6569918e-18 -1.1939891e-18
   234 : -2.7818829e-02  2.8055399e-02 -1.3070100e-02
   235 : -2.4293001e-02 -8.0507348e-03  8.1038276e-02
   236 :  9.1769708e-18 -1.9057211e-17 -1.1940706e-17
   237 : -3.4909743e-16  4.8433813e-16 -8.2327956e-16
   238 :  6.4707733e-25  5.2914363e-26 -3.3687112e-25
   239 : -1.0393529e-18  7.7384487e-19 -7.3941693e-19
   240 : -1.4595143e-22  2.5030164e-22  1.4792426e-22
   241 :  6.9004276e-04  9.5528625e-04 -3.4748849e-05
   242 :  4.2216299e-04  2.2982906e-04 -8.0038568e-04
   243 : -1.5296561e-02  4.6807461e-02  6.5435637e-03
   244 :  5.2888543e-02  3.7964105e-03  6.5890690e-02
   245 :  6.6297904e-18  4.0578406e-18 -1.7782466e-17
   246 :  1.2175448e-04  3.6250872e-05 -2.6102096e-05
   247 :  4.3295401e-02  3.9775071e-02  4.1846942e-02
   248 :  3.8728432e-27 -6.6861511e-27 -1.9080243e-27
   249 : -1.6675859e-13  1.6453083e-13  2.9337387e-13
   250 :  2.7004189e-04 -9.5648156e-05 -4.9016611e-05
   251 : -1.9708110e-08  5.4004565e-08  5.1043587e-08
   252 :  3.1165593e-19 -1.4618004e-19 -8.4917708e-20
   253 : -2.3818042e-23  2.1608171e-23 -2.9419002e-23
   254 : -4.1716280e-02 -2.3168775e-02  3.5965652e-03
   255 :  6.1237170e-10 -1.1186588e-10 -1.1085913e-10
   256 : -7.9973599e-05 -5.3448621e-05 -7.7540323e-06
   257 :  4.4322673e-02  1.7709875e-02  6.6159956e-02
   258 :  5.3987453e-11  1.3635527e-10 -2.0457941e-10
   259 : -9.0983353e-17  7.1168589e-16 -1.8504152e-15
   260 : -2.4263748e-04  1.2607830e-04  4.7325027e-04
   261 : -1.9883552e-09 -1.1578347e-09  5.9956647e-09
   262 :  1.0574231e-17 -2.1522060e-17  7.5423622e-18
   263 :  3.8768444e-20 -4.3135587e-20 -7.2078120e-20
   264 : -1.4044781e-09  2.8050527e-10 -8.3696151e-10
   265 :  5.6472329e-04 -1.9023942e-04  7.1396127e-04
   266 :  6.2988547e-13  8.5512852e-13 -4.7218075e-13
   267 : -5.0637329e-12  1.5956639e-11 -4.7675092e-12
   268 :  4.8264403e-22  5.8704862e-22 -1.4747572e-21
   269 :  4.5309916e-02  3.9212636e-02  6.5771617e-02
   270 : -2.3251120e-11  2.3630910e-11  3.0820707e-11
   271 :  6.4972606e-04  7.8007079e-04 -9.3226303e-04
   272 : -2.2989559e-12  4.7350304e-12 -1.1454986e-11
   273 :  3.9999282e-20 -2.3965315e-20 -6.5198766e-20
   274 : -4.8866191e-05 -3.6382205e-05  3.3245025e-04
   275 : -1.6782931e-17 -1.0624005e-16  2.1438215e-16
   276 : -3.6411795e-04 -2.3184714e-03 -3.1632688e-03
   277 :  7.3636762e-19 -1.9302321e-18  6.7625777e-19
   278 : -3.8028043e-05 -5.7047947e-05  1.8106403e-04
   279 :  9.1830080e-09 -2.6541251e-09 -2.9822707e-09
   280 :  1.6198137e-02 -5.2869578e-02 -8.3787565e-02
   281 : -8.0823293e-10 -8.8176477e-10 -2.1797637e-09
   282 :  2.2394721e-13 -3.8342601e-13  1.0484235e-12
   283 :  4.3260820e-16 -5.9790340e-16 -2.6858951e-16
   284 : -5.7022084e-18 -3.7604319e-18 -6.3493531e-18
   285 : -5.7448230e-02 -6.8012458e-03 -5.8310427e-02
   286 :  1.3203694e-05 -7.9071380e-05 -8.9415575e-05
   287 :  3.7063054e-06  5.8864046e-06 -3.2020889e-06
   288 : -5.7711623e-02 -7.3307578e-02 -7.4160637e-02
   289 :  1.8685652e-08  6.7022994e-08 -8.0517609e-07
   290 : -4.9565632e-02 -9.8010763e-03 -1.1310029e-02
   291 : -4.1544239e-09  7.2189972e-09 -1.1250332e-09
   292 :  6.6897496e-02  6.3387997e-02 -1.9830257e-03
   293 :  8.1643727e-16 -9.1924554e-16 -7.2307305e-16
   294 :  2.4835431e-05  6.7722338e-06 -5.1487073e-05
   295 :  3.0356938e-24  6.8597054e-23 -3.2345841e-23
   296 : -3.3170334e-03 -5.7647519e-03  1.2329703e-02
   297 :  9.4383973e-08 -3.0955301e-07  2.3409741e-08
   298 : -1.2904164e-08  5.4980638e-08 -2.7690005e-08
   299 :  3.5488283e-25  4.4661515e-25 -1.2978333e-24
   300 : -5.0206039e-03 -1.9518178e-03  1.0573210e-03
   301 : -7.3026082e-09  1.2769850e-08 -3.3219723e-09
   302 : -4.0433444e-05  1.4491119e-04 -3.8957645e-05
   303 : -4.6130025e-06 -5.4663515e-06  4.6487384e-06
   304 :  1.4163006e-05  1.1708995e-05 -3.5048994e-05
   305 : -3.0212471e-10  2.2589072e-10  4.8749141e-11
   306 :  6.3555268e-02  6.2594352e-02  2.0242289e-02
   307 :  8.9161935e-06  5.9909251e-06 -1.7956744e-05
   308 :  3.8902630e-09  6.0329147e-10 -1.0152295e-08
   309 :  5.0792441e-25 -2.4597120e-23  1.1134504e-23
   310 :  1.8394922e-07  4.8827290e-07 -1.0745416e-06
   311 :  3.5177040e-05 -4.9436709e-05 -8.0033073e-05
   312 :  7.8127004e-23 -2.8336634e-22  1.6260732e-21
   313 :  1.8926789e-15 -6.1550223e-15  1.7267321e-15
   314 :  4.2462539e-25  8.5807894e-25 -2.3847765e-24
   315 : -3.5530358e-19 -1.8688745e-18  1.3169573e-18
   316 :  6.9118468e-02  4.8239356e-02  8.8456245e-03
   317 :  8.1166996e-25  1.5647818e-24 -3.0061168e-24
   318 : -1.1121028e-03 -5.2161088e-04 -6.7145069e-04
   319 :  1.3390348e-03 -1.5144295e-03 -2.9276545e-04
   320 :  1.4305242e-01  1.4159298e-01  8.1876220e-03
   321 :  1.7745895e-02  5.1886249e-02  8.1755459e-02
   322 :  7.9155675e-25 -1.9540165e-24  3.0883968e-25
   323 : -6.8186630e-26  1.0495099e-25 -1.6379450e-26
   324 : -1.4346229e-17  2.6947526e-17 -7.1977443e-18
   325 :  5.3800973e-16 -8.1957924e-16 -8.5244765e-16
   326 :  3.8171202e-02 -5.4880743e-02  4.0271913e-02
   327 :  2.6140475e-01  9.7622490e-01 -5.4252665e-01
   328 :  6.9177986e-04 -4.9665907e-05 -1.0380600e-04
   329 :  3.4229219e-18 -1.3060577e-16  6.2303263e-17
   330 : -2.3171324e-26 -3.5921637e-26  8.6218388e-26
   331 :  1.0946236e-11 -2.7364475e-11  5.5573994e-11
   332 : -1.0983320e-05 -1.9182445e-06  3.8571938e-06
   333 : -8.8482120e-16  5.8832793e-16 -9.6096836e-16
   334 :  1.9023482e-03 -6.2381591e-03 -3.5000893e-03
   335 : -4.3810346e-06  1.2264521e-06 -1.5637936e-05
   336 : -1.2942768e-04  6.1724458e-05  2.2017011e-04
   337 : -5.7262429e-23  3.3215922e-22 -2.2505885e-22
   338 :  4.9228640e-04  3.3812579e-05 -1.9479871e-04
   339 : -3.7363171e-17  4.4624553e-17  4.0434600e-17
   340 : -2.4673909e-04 -1.2131353e-03 -7.2903327e-04
   341 : -1.5188135e-23 -6.0568606e-23  3.8958732e-23
   342 : -8.1682750e-19  9.3919624e-19  1.1034359e-18
   343 :  8.8118656e-09 -7.8863557e-09 -1.9229354e-10
   344 : -1.6196262e-03  6.6370180e-04 -1.3124918e-03
   345 :  1.0479573e-02 -4.1035129e-04 -1.7930094e-03
   346 : -2.2901210e-19 -1.8675085e-19  5.9812526e-19
   347 : -1.3818161e-03  1.3648487e-03 -7.7184278e-04
   348 :  3.1897201e-10 -5.9363489e-09  2.8107564e-09
   349 : -9.0765018e-10  5.6429528e-10 -2.9519445e-10
   350 : -5.2412824e-03  1.0977298e-03 -2.8655880e-03
   351 : -4.6251039e-17 -1.9400684e-15  2.3694514e-15
   352 : -3.6088701e-03  1.7675254e-03 -8.1008677e-04
   353 :  1.6552713e-05 -5.3678978e-05  1.5958165e-05
   354 : -8.4672880e-02 -9.7914106e-02 -6.5786488e-02
   355 : -6.4197349e-02 -1.1710170e-01 -1.0538006e-01
   356 : -1.3603625e-22 -1.7026188e-22  4.7881531e-22
   357 :  2.9709086e-05 -1.5657351e-02  5.4318852e-02
   358 :  1.2985073e-10 -7.7860395e-11 -2.2267856e-10
   359 :  1.1306997e-29 -3.2717507e-29  1.1347059e-29
   360 : -1.7407425e-03  1.1065565e-03  7.7790606e-05
   361 :  1.8885850e-13  1.7775738e-13 -1.5146526e-13
   362 :  2.4832768e-09 -8.1389128e-10  1.4591988e-09
   363 : -4.5030770e-12  2.7176101e-12 -4.6893748e-12
   364 : -1.3258836e-13 -1.4889580e-12  6.4392261e-13
   365 : -5.1170535e-09  1.8210819e-09 -1.9004344e-09
   366 : -1.4295537e-21  5.5676157e-21 -1.6552829e-21
   367 :  1.1640627e-07  1.1709601e-07 -3.7405472e-07
   368 :  3.4945563e-04 -1.1210456e-03  5.5416784e-05
   369 :  1.5433900e-09  1.8928228e-09 -7.5156228e-09
   370 : -3.4210987e-12  1.2521737e-11 -1.1301597e-11
   371 :  1.3242765e-21 -4.1044953e-22 -2.1580361e-22
   372 : -3.9112650e-09  4.5526540e-09  1.5313736e-10
   373 :  1.2823549e-05  7.5444007e-06 -3.6030566e-05
   374 : -2.8603224e-02  2.6683656e-02  2.1374605e-02
   375 : -4.3808686e-15 -4.4205712e-15  3.3591996e-15
   376 :  2.9433007e-23  8.5193610e-23 -1.5261347e-22
   377 :  4.9425464e-08 -9.3194540e-09  1.2662414e-08
   378 : -1.9214365e-11  7.4087687e-11 -2.9939647e-11
   379 : -2.6177801e-27  1.2783954e-26 -5.4141202e-27
   380 :  6.8790133e-02  6.2243984e-02  2.7222493e-02
   381 :  1.6349996e-10 -1.2769217e-11 -4.5208338e-11
   382 :  7.9303345e-15 -1.2132167e-14 -5.4003894e-15
   383 : -5.1137102e-03  6.9263069e-03 -8.3653440e-03
   384 : -2.6566794e-14  7.0742224e-14 -1.6405268e-14
   385 :  2.5900489e-05 -5.3161973e-05 -4.5550150e-05
   386 :  6.9344132e-02  7.2351755e-03  3.5001971e-02
   387 : -2.0588290e-16  1.0745106e-16  3.4842008e-16
   388 : -3.4804541e-02  4.6419756e-04 -2.6487159e-02
   389 : -5.0016686e-13  4.7785250e-13  6.5187265e-13
   390 :  5.1294280e-05  4.6365993e-05  1.6509365e-04
   391 :  7.2874361e-11 -2.2079056e-11 -1.4730231e-11
   392 : -6.1254287e-03 -3.8071776e-03 -6.2960272e-03
   393 : -1.2825841e-02  6.0172112e-03  3.1987025e-02
   394 : -4.8497705e-14  1.2288799e-14  1.2458644e-13
   395 : -5.9038233e-08  3.8036169e-08 -2.3155643e-08
   396 :  1.5667765e-26 -3.2878431e-26  5.6692918e-26
   397 : -6.8806423e-03  1.9656101e-02 -8.6848725e-03
   398 :  6.6023077e-06  1.3494579e-05 -5.1108492e-06
   399 :  2.6245574e-03  7.5188645e-02 -3.2718134e-03
   400 : -4.4324642e-08 -1.8930079e-06  3.8252432e-06
   401 :  1.1332769e-05 -3.8078004e-05 -3.2129052e-05
   402 : -3.4012859e-13  7.8337909e-15  1.8788999e-13
   403 :  2.1828738e-12 -8.0014375e-12  7.3140894e-13
   404 : -8.2788770e-22  4.2289578e-22  2.3486775e-21
   405 : -1.3558260e-07 -1.0101250e-07  9.7170115e-08
   406 : -1.4592781e-03  7.0546550e-04  8.7960008e-04
   407 :  1.7466430e-02 -1.1177007e-02  2.1311216e-03
   408 :  6.3416151e-02  2.8597967e-02 -5.7948058e-04
   409 :  1.1253045e-06 -1.5210006e-06  6.8583106e-08
   410 : -3.1487055e-02  2.8056601e-02 -3.3245349e-02
   411 : -1.8913845e-07  5.9949881e-07 -3.9110594e-07
   412 : -4.1201297e-06 -1.5010444e-05  3.1745538e-06
   413 :  6.6123126e-24 -2.6108421e-23  2.2757021e-23
   414 : -8.8496723e-03  1.2047491e-02 -5.7303564e-03
   415 : -3.0330923e-06  2.2820409e-06  5.4044290e-06
   416 : -1.1415270e-17 -4.7201819e-17  1.2463985e-16
   417 : -2.4469537e-03  7.9798055e-04 -4.5870393e-03
   418 :  5.1894144e-02  6.0289190e-02  4.8220513e-02
   419 :  3.5011959e-21 -7.9593041e-21  1.7555246e-21
   420 : -3.5159949e-20  1.2374289e-19 -5.1649368e-20
   421 : -1.0615287e-17  6.2890370e-17 -3.8013143e-17
   422 : -2.7906505e-10 -8.9713594e-10 -2.0635362e-09
   423 :  1.3565226e-08  1.1934634e-06 -1.1741188e-06
   424 :  1.9390506e-13 -1.4959696e-13 -1.7942719e-15
   425 : -3.4202914e-19  3.3742820e-16 -1.3044615e-16
   426 : -1.9344903e-12  3.9470896e-12 -6.8382530e-13
   427 :  2.4331407e-12  1.0728224e-12 -6.0708316e-12
   428 : -4.3709507e-13  8.6913314e-13  4.0360044e-13
   429 :  7.3839936e-06  7.6025096e-06  1.1168949e-07
   430 :  2.3008280e-05 -7.4511154e-05  2.1322722e-04
   431 :  1.8932570e-07 -3.4049146e-07 -9.4154972e-09
   432 : -1.0216843e-08  1.6277340e-09 -2.6650776e-09
   433 :  3.3644615e-24 -2.9745554e-23  2.2145371e-23
   434 :  1.9087522e-02  5.8822782e-02  5.6422885e-02
   435 :  2.5700652e-07 -2.6744172e-07  5.1658976e-07
   436 : -3.1764095e-15 -2.0360232e-14  3.0189761e-14
   437 : -2.0947749e-03  2.0904742e-03 -3.9101762e-03
   438 :  8.1817505e-04 -1.6101395e-04  5.9367491e-04
   439 : -1.7386664e-03 -7.7052459e-03  6.9834192e-03
   440 :  4.3770686e-18 -1.6592715e-17  5.5968751e-18
   441 :  3.1376034e-24  2.3895068e-24 -7.9759567e-24
   442 : -4.4210469e-03 -2.5742375e-03 -2.6873720e-03
   443 : -9.7380440e-09  1.6929319e-08 -2.8277147e-09
   444 : -2.6314813e-03 -1.6735640e-03  5.9012308e-04
   445 : -7.3552898e-10  2.9529576e-10  1.3353483e-10
   446 : -3.6394520e-02 -3.0908482e-02  3.5229069e-02
   447 :  5.8748859e-11 -6.5149537e-11  6.9283269e-11
   448 :  2.1411246e-06 -1.2645440e-05  2.5682163e-06
   449 :  3.2697396e-23  3.8692872e-23 -1.2120944e-22
   450 :  1.2881988e-24 -3.8352395e-24  8.6466478e-25
   451 : -3.8872939e-02 -3.9428969e-03 -9.4595644e-03
   452 : -7.5407445e-02 -7.0239376e-02 -1.0772628e-01
   453 : -3.6891732e-02 -3.2732943e-02 -1.8298520e-02
   454 : -9.9323663e-02 -5.4720181e-02 -1.1020115e-01
   455 : -8.9843761e-13  6.6880207e-13 -5.9442990e-14
   456 :  7.0205171e-06 -2.7443706e-06  3.6586408e-06
   457 : -2.6001735e-25 -4.9523079e-24  4.8922419e-24
   458 : -3.8917113e-12 -6.8627192e-11  4.6016053e-11
   459 : -2.5805846e-06 -1.4299941e-06  6.5338063e-06
   460 :  9.7617752e-06 -2.2819229e-05  6.6497793e-06
   461 : -1.8048777e-11 -1.1052716e-11  2.4111361e-11
   462 : -2.0432324e-08  4.2029160e-08  2.9792907e-09
   463 : -7.6550556e-18 -4.1239223e-18  1.2586245e-17
   464 :  1.0398113e-03 -4.2334016e-04  3.3057691e-04
   465 : -2.3099481e-06  3.6192492e-07  2.2606406e-06
   466 :  8.7589816e-03 -5.2933487e-03 -6.7090632e-03
   467 : -3.0865769e-19 -4.4043990e-20  3.8526913e-19
   468 : -2.1837276e-16  4.5953350e-16 -3.5285442e-17
   469 :  1.4820349e-26  6.1381209e-26  2.6676339e-27
   470 :  7.7011896e-24 -8.5842719e-24  4.8751705e-26
   471 :  1.4240007e-15 -9.1627343e-15  4.1804881e-15
   472 :  2.2419886e-17 -4.7609270e-17 -1.9318867e-17
   473 : -5.2006808e-05  3.6865802e-05  1.2318546e-04
   474 :  2.3184798e-20 -2.3226997e-20 -3.6495237e-20
   475 : -4.9174757e-14  1.3572641e-13 -2.6974830e-13
   476 : -5.2160671e-14  9.5712981e-14 -3.2907296e-14
   477 : -2.5614355e-26 -1.2804142e-27  3.4564329e-26
   478 : -4.3041509e-07  7.1062133e-06  4.5822285e-06
   479 :  1.1256999e-27 -3.1299681e-27  8.7606991e-28
   480 :  5.4366056e-02  4.8722796e-02  1.4948873e-03
   481 : -2.4752063e-13 -2.9154562e-12  7.6318970e-12
   482 :  7.2000765e-20 -2.5833737e-19  9.4040774e-20
   483 :  5.3348273e-02  6.1116417e-02  5.5999286e-02
   484 :  2.4706001e-06 -2.0822849e-06 -7.1093066e-07
   485 : -1.8244278e-07  1.0271566e-06  5.7200831e-07
   486 : -7.3504494e-02 -3.0291563e-02 -7.2408106e-02
   487 : -1.3048385e-05  3.6388708e-06  3.0581174e-06
   488 : -1.1751179e-02  5.0725804e-02  4.5319118e-02
   489 :  5.3425029e-22 -5.8825134e-23 -3.6703033e-22
   490 :  2.4031937e-18  3.6324388e-19 -1.2913572e-18
   491 :  2.3309181e-19  6.5422066e-19 -4.3209722e-19
   492 : -1.9032631e-06  4.4515525e-06 -9.6250332e-05
   493 : -1.4669268e-03  1.3759511e-03 -2.4360834e-05
   494 :  1.2168946e-02  4.3710402e-02  2.7849423e-02
   495 : -1.4894450e-08  2.2461896e-08  5.7024446e-08
   496 :  2.6173935e-16 -2.1203328e-15  1.5917571e-15
   497 : -1.5597643e-23 -4.1161253e-23  2.2370404e-23
   498 :  7.5879172e-22 -7.6498572e-22  1.2561212e-21
   499 :  9.5343840e-02 -2.6411648e-02 -3.8262265e-03
   500 :  2.1027997e-24 -1.9179354e-24 -3.0563881e-24
   501 : -2.0959219e-26  1.6718924e-25 -8.9133391e-26
   502 :  1.7335639e-04  7.6908158e-04  1.8970613e-04
   503 :  1.9129695e-05 -8.7085464e-04  4.0018677e-05
   504 : -1.0162387e-06  2.8589593e-06 -9.3569277e-07
   505 :  1.6579282e-02  6.1527136e-02  6.0440556e-02
   506 : -5.3926035e-18  1.5421996e-17 -3.5454279e-18
   507 :  1.3945974e-16  3.0712111e-16 -7.7797621e-16
   508 :  3.4985753e-16 -6.7832776e-16  1.3610573e-16
   509 : -3.4800292e-05  6.8240791e-06 -3.7882034e-05
   510 :  5.3197895e-16 -9.7071778e-16  2.1335831e-15
   511 : -2.2266467e-11  7.2617207e-12  3.5015393e-11
   512 :  1.4432725e-12 -1.2803976e-12 -1.7919844e-12
   513 :  5.1726620e-08  9.3736527e-08 -1.7415331e-07
   514 :  2.8157189e-07 -7.7647090e-07 -4.6380042e-07
   515 : -5.9575860e-03 -4.0210830e-03  7.5532488e-03
   516 :  2.6641860e-16  6.8253717e-16 -4.4422803e-16
   517 : -1.4753568e-03 -4.0084824e-03  2.1169328e-03
   518 : -2.3357323e-07 -8.4699198e-08  3.4361620e-07
   519 : -1.0310808e-10  1.9772372e-10  7.3632836e-11
   520 :  9.7848603e-09  8.8549261e-10  4.0313278e-09
   521 : -3.5507136e-03  1.2913056e-03  5.9576921e-04
   522 : -6.1432985e-02 -7.8064409e-02 -2.9320596e-02
   523 :  4.7749702e-02  1.2041956e-02 -7.7137174e-03
   524 : -1.7307070e-07  4.1620845e-08  6.1598351e-08
   525 : -6.7864837e-07  3.4239576e-07 -7.2928889e-07
   526 : -4.1940351e-12  1.1256950e-12  1.0189358e-12
   527 : -2.3372976e-21 -2.4482244e-21  1.1626476e-20
   528 : -1.3679738e-01 -6.6017271e-02 -1.3461633e-01
   529 :  2.2941217e-05 -5.7884402e-05 -7.8735383e-05
   530 :  1.6839345e-02  8.3078337e-02  4.3454384e-02
   531 :  1.3332869e-05  2.6159534e-04 -1.2980050e-04
   532 : -4.1513133e-12 -1.1237354e-11  1.5106602e-11
   533 : -9.9884555e-29  3.3837284e-29  2.6302077e-29
   534 :  1.2204553e-29  6.8453061e-29 -1.5431596e-28
   535 : -1.8087950e-19  3.9661432e-19 -6.9638160e-20
   536 :  5.2824685e-03 -4.9894378e-03 -6.7693822e-03
   537 :  8.0580570e-05  8.1024169e-05  7.8014244e-05
   538 :  1.7153202e-05 -6.2783758e-06  5.6506421e-06
   539 :  3.2563732e-20 -1.2136960e-19  4.8140620e-20
   540 :  5.4469670e-18 -6.4276598e-18 -7.2915319e-18
   541 : -1.0211502e-16  5.6303685e-17  1.4519505e-16
   542 :  2.4513784e-08  3.3540030e-08 -5.4405202e-09
   543 :  1.7196845e-21  3.0061353e-21 -2.5199282e-21
   544 :  3.7826550e-08 -1.6051949e-08  1.7358372e-08
   545 :  1.6532799e-14 -4.8707584e-15 -3.6389617e-14
   546 :  5.0283131e-02  2.3547479e-02  6.4252388e-02
   547 :  2.4364248e-19 -5.6976654e-19  5.6777700e-20
   548 : -4.1108642e-03 -4.3864839e-03  7.2539343e-04
   549 : -5.3182028e-17 -3.5667518e-16  1.2261347e-15
   550 : -4.4568056e-06 -6.9289447e-05  1.3623358e-05
   551 :  4.8459572e-03  1.2979937e-02  6.2632376e-02
   552 : -7.9321159e-04  7.9368130e-05 -3.9593394e-04
   553 :  3.8497741e-04 -1.1402089e-04 -1.2398772e-04
   554 :  2.4646046e-15 -1.0412207e-14  3.1527690e-15
   555 :  4.2972694e-09  5.9815626e-09  6.6961090e-09
   556 :  2.4784512e-16  2.2622065e-16 -2.1478683e-16
   557 : -4.0417395e-02 -6.8357448e-02 -6.2425768e-02
   558 :  2.2747581e-05 -3.1706056e-05 -1.0140454e-04
   559 : -9.2751023e-04 -1.7207422e-03 -7.3484426e-04
   560 : -5.4726455e-05 -6.0552509e-05  1.6549991e-05
   561 : -3.6788290e-02 -4.2279795e-02 -2.6536905e-02
   562 :  1.2791809e-12 -6.5534646e-12  1.7769603e-12
   563 : -5.2204235e-24  2.7718884e-24 -1.9991464e-24
   564 :  6.2558177e-02  1.4022607e-02  2.5472249e-02
   565 :  6.0298797e-02  3.9708655e-02  5.4375895e-02
   566 :  7.3762379e-18 -1.5560109e-17  6.1459226e-18
   567 : -2.8877360e-09  1.4642400e-08 -8.0296372e-09
   568 : -1.6565886e-04  2.0635735e-03  2.7508766e-03
   569 :  2.2727368e-02  1.4424878e-02 -3.6615839e-03
   570 :  1.0657471e-14 -2.3233742e-14 -8.2437269e-15
   571 :  6.4114367e-09 -3.1840949e-09 -2.3499424e-09
   572 :  1.5765725e-26  8.5098493e-25 -4.0218519e-25
   573 :  4.5525987e-06  6.7689593e-06 -3.3765923e-05
   574 : -3.0258979e-05  3.4876076e-05 -7.5184369e-05
   575 : -5.8034014e-02 -1.0763448e-01 -1.1097363e-01
   576 : -7.5956957e-07  7.6354287e-07  1.5126665e-06
   577 : -5.5911884e-02 -6.1290458e-02 -7.1873692e-02
   578 :  5.3994789e-28 -5.3717877e-28  3.2180485e-28
   579 : -1.4159746e-02 -2.2937373e-02  6.0848622e-02
   580 : -6.8997318e-02 -5.0117613e-02 -3.0487646e-02
   581 :  4.9589027e-15 -3.6604264e-15 -7.2440891e-15
   582 :  9.8782745e-28  5.8239302e-26 -2.5061401e-26
   583 : -4.9034033e-14  1.8247031e-13 -7.9454522e-14
   584 :  2.6629891e-23 -6.2528295e-23  3.3406311e-24
   585 : -2.3068970e-05  1.0000219e-02 -1.0099285e-02
   586 : -6.2376859e-19  1.6354814e-19  9.9351317e-19
   587 : -1.2197613e-13  5.6570807e-13  4.0556056e-13
   588 :  2.5560850e-17 -2.5557203e-17 -8.2784305e-19
   589 :  1.4127864e-03 -4.6253425e-03 -5.2132144e-03
   590 :  1.0800786e-03  6.8970200e-04 -4.0473176e-03
   591 : -2.3383809e-25  3.5298686e-25  1.3190721e-25
   592 :  4.1882545e-16  2.1337679e-16 -8.7098144e-16
   593 :  8.6375276e-11 -3.8215728e-11  3.1912468e-11
   594 :  8.3709667e-13 -2.2422712e-12  8.5874972e-13
   595 : -2.4325837e-06  3.1034477e-06 -3.5023157e-06
   596 :  1.3172854e-06  5.6379173e-06  2.1003467e-06
   597 :  5.8542209e-10  5.3280121e-10 -2.1493058e-09
   598 : -3.6228835e-12  2.8237739e-12 -2.3248435e-13
   599 : -8.2812252e-02 -1.3109170e-03 -2.6644356e-02
   600 :  5.7920965e-07 -5.4025870e-07 -9.0499223e-07
   601 : -3.2938479e-02  4.7938303e-02  2.8852487e-02
   602 :  1.7219256e-19 -5.0728225e-19  7.4530987e-19
   603 : -1.2934625e-22 -1.0629349e-21  3.8946001e-21
   604 :  5.5481671e-14 -5.4682366e-14  5.8219203e-14
   605 :  1.5152764e-11  1.2085589e-10 -7.4454126e-11
   606 : -7.3074759e-02 -3.0432973e-02 -7.7613108e-02
   607 :  1.3651122e-07 -1.4264999e-07 -1.3129318e-07
   608 :  1.5610887e-17  1.2122998e-16 -6.6450701e-17
   609 : -1.9527057e-14  1.0449482e-13 -5.0069236e-14
   610 :  9.3413905e-21  2.3895258e-20 -6.0561121e-20
   611 : -4.9125089e-02  8.9676006e-03  5.5089400e-02
   612 :  2.4577509e-08 -6.1289342e-08  1.1304320e-07
   613 :  3.4170601e-10  6.9729502e-10 -1.0235450e-09
   614 :  4.1104193e-03 -3.5933775e-03 -1.0817842e-02
   615 :  2.8699359e-09 -4.5483931e-09 -4.6982070e-09
   616 : -2.5752667e-22  3.3961225e-22  1.9324745e-22
   617 : -1.9449730e-09 -5.1681730e-10  9.7740280e-10
   618 :  6.8047447e-13  4.6048049e-13 -5.2471881e-13
   619 : -2.2988709e-17  2.4654662e-17  2.3076096e-17
   620 :  3.8497276e-12 -1.0019101e-11 -1.6131162e-12
   621 : -4.1421404e-08  6.4764339e-08  7.4926995e-08
   622 :  2.9248060e-02  4.4979018e-02  6.7818381e-02
   623 :  3.1539813e-04 -7.7300282e-05 -1.2634601e-04
   624 :  1.1193517e-08  5.5188817e-08 -1.7187652e-08
   625 :  3.9337002e-09 -9.7237920e-11 -1.9822834e-09
   626 :  1.4064736e-27 -5.1798049e-27  1.8133689e-27
   627 : -2.0506381e-19  1.1495073e-18 -7.4962703e-19
   628 : -4.3469502e-13  6.8694214e-13 -7.4629149e-14
   629 : -7.8005541e-05  3.5707914e-04  2.1902582e-04
   630 :  4.3574454e-02 -1.2863353e-02  1.5714046e-02
   631 :  1.1195427e-10 -3.8315644e-10  1.3016651e-10
   632 :  7.2461358e-22 -1.5020611e-21 -2.9051194e-22
   633 :  2.7392364e-04 -4.2431101e-05 -9.3197117e-05
   634 :  3.0572841e-08  9.5728143e-08 -3.6990059e-07
   635 : -9.1165157e-04  6.4279241e-04  6.5555324e-04
   636 : -1.4208746e-03 -1.1272781e-03  1.6547947e-04
   637 :  3.0942105e-02 -9.7585927e-03  1.9505189e-02
   638 :  6.4691258e-02  5.5938352e-02  6.0553105e-02
   639 : -4.6289942e-03 -4.4961235e-03  1.9497535e-03
   640 : -9.7996831e-02 -2.6618757e-02 -9.1057164e-02
   641 :  4.7228764e-17 -1.0381889e-16  7.2815348e-19
   642 : -4.1706287e-05  2.2278330e-05  6.0778269e-05
   643 : -1.8348332e-03  2.2778468e-04  3.5384800e-04
   644 :  1.3283507e-03  2.8077724e-04 -1.3253286e-03
   645 : -3.7769456e-07  1.1616212e-06 -4.7313615e-07
   646 :  1.0263216e-08  2.8044805e-08 -3.3302810e-08
   647 :  3.2113847e-02 -3.6506651e-02  1.9504132e-02
   648 :  5.1664371e-08 -5.1326899e-07  1.1771971e-07
   649 : -5.4901667e-03  1.5363719e-02 -1.8461651e-03
   650 :  1.0581343e-08  3.7071005e-09 -1.9426868e-08
   651 :  1.2822830e-01  8.1859339e-02 -2.3108559e-02
   652 :  1.3481734e-07 -1.3100844e-07  6.6442019e-08
   653 : -1.0927614e-03  3.4191819e-02  8.1039005e-02
   654 :  1.7760373e-13 -1.6083228e-14 -8.5220396e-14
   655 :  5.8681958e-08  1.7262051e-08 -6.3775724e-08
   656 : -4.7607677e-03 -3.0856047e-02  4.9166855e-02
   657 : -6.3389937e-03  3.9563564e-03 -8.2177962e-03
   658 : -6.1516553e-07  2.5850767e-07 -6.7998845e-07
   659 :  7.5923805e-06 -1.7377793e-05  4.1115176e-06
   660 :  5.2617513e-02  2.5677767e-02  7.4497197e-02
   661 : -9.1164945e-02 -1.8814297e-01 -9.7012012e-02
   662 :  2.2488917e-13  2.1502269e-13 -6.2924557e-13
   663 : -6.6221698e-03 -3.6709629e-03 -1.0182829e-03
   664 :  1.4111031e-01  7.1859590e-02  6.1527880e-02
   665 :  6.3077547e-02 -4.7371306e-03  2.3029507e-02
   666 :  8.2327864e-23 -8.2414620e-23 -1.0325390e-22
   667 : -5.0962559e-15  2.2127587e-15  3.2508083e-15
   668 :  4.3243424e-05  9.0031131e-05 -1.0161182e-03
   669 :  3.3034774e-27 -3.0313446e-28 -6.9711878e-27
   670 : -4.9643853e-03 -5.9396984e-03  1.2132568e-03
   671 : -5.9201980e-02 -1.8512321e-02 -1.1303965e-01
   672 :  6.4995957e-03  6.7283393e-04  3.8830402e-03
   673 : -1.5201632e-11 -2.1521585e-11  4.6238684e-11
   674 :  5.8444935e-11 -2.3124512e-10 -1.4116430e-09
   675 :  3.6542392e-10 -1.7248006e-11 -3.6062917e-10
   676 : -1.5865904e-06  3.6383532e-06 -2.3193165e-06
   677 : -4.2706363e-08 -1.1128576e-08  3.8404490e-09
   678 : -1.0355830e-03 -1.1964349e-03  2.4668641e-04
   679 : -7.0995813e-06 -1.1336295e-05 -2.7592771e-05
   680 :  1.6003688e-05 -3.2546721e-05 -4.2330934e-05
   681 : -2.8275222e-16  8.6650338e-16 -1.2515546e-15
   682 : -6.6763227e-16  7.9206403e-16  4.2336420e-16
   683 : -1.5563583e-14  3.3382077e-14 -1.6829836e-14
   684 : -1.3773586e-18  2.1583794e-18 -2.4680330e-18
   685 : -1.2832038e-06  5.6917257e-06  2.4088196e-06
   686 : -2.1103840e-10 -4.7486167e-10  3.7305814e-10
   687 : -1.4357046e-17 -2.1202718e-17  6.2939813e-17
   688 : -1.0243864e-11  5.2378819e-11 -1.5306851e-10
   689 :  3.9001801e-02  5.0009860e-02  4.9129212e-02
   690 :  2.5164054e-07  4.2344995e-08 -2.5693672e-07
   691 :  2.6115430e-06 -8.0768213e-07  1.9234490e-06
   692 : -2.5694659e-07 -6.2385342e-08  2.2608857e-07
   693 :  7.7585212e-27 -1.3310738e-26 -5.4940110e-27
   694 :  5.3668609e-19 -5.9620186e-19 -4.2188812e-19
   695 :  6.5895660e-02  2.1668648e-02  4.6751944e-02
   696 :  3.7708192e-04 -4.7377459e-04  2.7874581e-04
   697 :  4.4380503e-07 -2.0264243e-07 -6.7666488e-07
   698 :  6.2115320e-02  2.1290235e-02  6.0067623e-02
   699 : -1.5922499e-12  3.8250150e-12 -9.6543945e-12
   700 :  3.1991235e-24  5.0275319e-24 -1.3928329e-23
   701 : -5.5826393e-23  2.1423437e-22 -7.4051342e-23
   702 : -5.5034926e-15  9.6765078e-15 -3.5700846e-15
   703 : -4.5551921e-02 -3.6854326e-02 -5.8151277e-02
   704 :  8.6218795e-08 -3.0966016e-08  3.0061157e-08
   705 : -6.6145588e-19  3.4344842e-17 -1.7519749e-17
   706 : -6.6736968e-02  1.2484349e-01  4.8669603e-02
   707 :  7.9284933e-04  9.5744796e-04 -3.9668988e-04
   708 : -8.3315777e-05 -5.4903082e-05  5.2305455e-06
   709 : -2.9233408e-09  2.4120307e-09 -5.1386256e-09
   710 : -2.5733760e-12  1.6104144e-12  1.4769625e-12
   711 :  3.0236132e-08 -7.5426813e-09 -2.2826519e-09
   712 : -3.0164810e-03 -2.7000821e-03 -2.4493506e-03
   713 :  8.5952970e-08  1.3569052e-07 -3.4165702e-07
   714 : -7.0337373e-02 -9.8160495e-02 -8.5706852e-02
   715 :  2.9946460e-06 -8.3083555e-07 -1.0087796e-06
   716 : -3.7475490e-19  1.4115788e-18 -2.8775777e-18
   717 : -1.2569769e-04  3.6647314e-04 -5.8688026e-05
   718 : -1.4824909e-07  2.5592369e-08  9.0631686e-08
   719 :  5.1722638e-04  4.5836309e-04 -9.3641905e-05
   720 : -1.8307905e-02 -2.5934794e-02 -1.0517533e-01
   721 :  2.2739966e-03  2.5034971e-02  1.2964960e-02
   722 : -1.9059447e-16 -7.5442428e-17  4.4368382e-17
   723 : -1.7796448e-16  2.4837258e-15 -1.8227874e-15
   724 :  6.3141074e-16 -5.7202002e-16  1.1222130e-16
   725 : -5.7619064e-03 -1.7548566e-03  1.0796793e-02
   726 :  7.2675842e-11  8.3676667e-11 -5.8533991e-11
   727 :  4.7591843e-03 -7.0725525e-03  1.3069741e-02
   728 : -1.7980302e-04  3.2510345e-04  4.3005385e-04
   729 :  9.0510148e-06 -2.0536312e-06 -6.4357091e-06
   730 : -3.2274167e-07  1.4472521e-07 -2.7528432e-07
   731 :  6.0946442e-16 -8.5711963e-16  1.2826305e-16
   732 :  2.9346644e-13  2.8785501e-14 -2.0145914e-13
   733 : -5.0440317e-07 -6.5164875e-07  3.5202339e-08
   734 : -6.6840301e-02 -1.0279407e+00  1.0895241e+00
   735 : -9.9296543e-08 -5.7825974e-07  1.8016523e-07
   736 : -4.1485650e-02  5.4898446e-02  5.2288204e-02
   737 :  5.0057970e-10  3.2795710e-10 -9.6663812e-10
   738 : -9.9522657e-04  1.3531207e-04 -9.9357275e-04
   739 : -1.0294742e-01 -1.0153659e-01 -1.4829928e-01
   740 : -1.2630813e-06  4.1424178e-06 -9.8838522e-07
   741 :  1.1281980e-02  1.7377271e-02  2.7093885e-03
   742 :  3.2425083e-09  6.1713886e-08 -4.5235328e-08
   743 : -1.1325138e-06 -1.0730437e-06  7.0627505e-06
   744 :  2.9599419e-02 -4.0474158e-02 -7.5805840e-02
   745 : -2.7384602e-17 -2.0036523e-17 -3.6234617e-17
   746 : -1.6736834e-13 -3.9871729e-14  4.5599657e-13
   747 : -3.2258385e-10  8.5094227e-11 -6.3093568e-10
   748 : -5.5050850e-07 -6.0322236e-07  2.3141709e-06
   749 : -7.6612605e-06  5.1206216e-04  5.0702494e-04
   750 : -6.9859170e-18 -2.5747283e-17  6.1771938e-17
   751 : -6.3280396e-02 -2.3307275e-02 -1.1940513e-02
   752 :  2.2558285e-08  2.7681362e-08 -9.6588658e-09
   753 : -5.0728985e-05  5.3788286e-04 -3.4423096e-05
   754 : -4.1396596e-14 -2.4223521e-14  1.1897473e-13
   755 : -6.9963482e-02 -3.2959766e-02 -6.2025945e-02
   756 :  1.9796865e-09 -2.2029698e-09 -3.5309551e-09
   757 : -1.9022540e-26 -7.5967564e-27  1.2153485e-26
   758 : -7.1897609e-02 -2.2765599e-03  8.9850130e-02
   759 : -3.2180327e-07  2.5630224e-07 -4.1358514e-07
   760 : -1.0690155e-12 -2.5145309e-12 -1.8673129e-12
   761 : -4.5355077e-07 -7.9810456e-07  8.4951045e-07
   762 : -7.9415216e-03 -9.0283439e-02  2.4499433e-01
   763 : -9.7367103e-21  3.1925455e-20 -1.1271616e-20
   764 : -8.9813775e-22 -2.0697997e-21  1.5426481e-21
   765 : -8.3352509e-02 -5.9156457e-02 -1.8169870e-02
   766 :  1.9655711e-09 -7.9292613e-09 -7.2862491e-10
   767 :  9.3952444e-02 -2.2875724e-01  4.3311847e-01
   768 :  1.6903801e-18  1.1958822e-17 -2.2503333e-17
   769 : -6.6272110e-02 -6.8017941e-02 -4.3143484e-02
   770 :  2.9058427e-06 -1.5467877e-06 -8.4812296e-07
   771 :  4.2645278e-05 -1.4805803e-03  2.9498576e-04
   772 :  8.0754490e-03 -6.4092291e-03  2.6708236e-02
   773 : -9.7221391e-09  8.8789119e-10  1.9860543e-08
   774 :  8.1398770e-02 -2.6240214e-02 -3.4372572e-02
   775 :  4.4133073e-02 -3.4008846e-01  4.6397364e-01
   776 :  2.4681290e-08 -3.8344603e-08 -4.1846010e-08
   777 : -4.1215406e-07 -7.4291353e-07 -7.8151953e-07
   778 : -1.4089409e-06  7.3201238e-06 -1.0063283e-06
   779 : -2.1770411e-14  3.6197345e-14 -6.7306897e-15
   780 :  2.7115640e-03  3.0115572e-02  5.6029899e-02
   781 :  6.8203650e-17 -4.6945441e-17  6.5552852e-17
   782 : -2.2335277e-27  3.7053635e-28  3.1609296e-27
   783 : -1.0945761e-06 -6.4853617e-07  2.3298738e-06
   784 :  2.5711345e-08 -2.8326331e-07  1.6019626e-07
   785 : -1.3635220e-16  3.5763345e-16 -1.9541710e-17
   786 :  8.2365808e-02 -1.0388743e-01  1.0862693e-01
   787 : -9.6264521e-02 -7.4518718e-02 -6.9126412e-02
   788 : -8.3054748e-17  4.5208844e-17 -1.0067332e-16
   789 : -1.2482405e-16  1.2486531e-15 -1.7490686e-15
   790 :  1.3454685e-05  3.1230977e-06 -3.1669424e-05
   791 :  2.1423009e-04 -9.9074621e-05 -3.9885841e-05
   792 :  2.6864523e-02 -6.1445064e-03 -1.2331375e-03
   793 :  7.9436474e-04 -4.5193712e-03 -4.1920287e-03
   794 : -2.5710196e-06  5.6490663e-06  8.8579232e-06
   795 :  4.5812929e-02  4.0061823e-02 -7.7337554e-03
   796 : -3.2031364e-03  1.4752026e-04 -4.9681304e-03
   797 : -4.8188030e-18  2.6312433e-17 -5.3495661e-17
   798 : -4.3726133e-05 -6.9512780e-05 -3.4755074e-05
   799 : -1.8083582e-09  5.8341226e-10  3.5292095e-09
   800 : -7.0952172e-02 -8.0259017e-02 -4.2288214e-02
   801 : -7.9944092e-16 -2.0872287e-15  3.7273359e-15
   802 :  9.5303602e-08 -5.2836484e-07 -4.6463518e-07
   803 : -8.3504285e-12 -2.6913213e-12  2.0588138e-12
   804 : -8.3368124e-02 -1.8092284e-02 -3.9816781e-02
   805 :  5.5737430e-08 -8.4349316e-07 -1.2232901e-07
   806 : -6.0212264e-15 -3.2865037e-15 -3.8966834e-15
   807 : -9.8225559e-18 -2.6756289e-17  1.5356725e-17
   808 :  3.5213157e-02 -5.5974207e-02 -2.2274390e-02
   809 : -1.3486110e-10  2.3942313e-10  1.4661326e-11
   810 : -1.5049704e-17 -2.3417893e-16  6.2088751e-16
   811 : -6.9001382e-27 -3.7116193e-27  1.6389438e-26
   812 : -7.6124075e-09 -1.0161828e-08  3.7557109e-08
   813 :  1.6557891e-07 -7.3976952e-07 -7.3522304e-09
   814 : -1.5164949e-25 -1.6053343e-27  1.5502073e-25
   815 : -1.1349562e-30  5.1770502e-29 -2.4050955e-28
   816 : -2.9446371e-23  6.7337621e-24  1.1186337e-23
   817 :  2.2255740e-24  5.3992790e-24 -1.0024207e-23
   818 : -5.5802199e-28  3.2741552e-26 -2.4723367e-26
   819 : -3.4471334e-09  2.4027416e-08 -4.4364533e-08
   820 :  3.1118840e-26 -8.7171558e-26  1.8210481e-26
   821 : -3.3998097e-03 -8.0307483e-03  2.9445271e-03
   822 : -7.4764397e-07  1.5991654e-05 -1.4815574e-05
   823 :  3.5569040e-12 -9.2135141e-12  2.0293229e-12
   824 :  4.5082773e-12 -7.4805330e-12 -5.8636619e-13
   825 :  4.9130949e-21  1.1433724e-20 -3.4884747e-20
   826 :  2.3182523e-04 -6.9173892e-04 -1.2044228e-03
   827 : -3.6945700e-15 -1.4148464e-14  9.0379142e-15
   828 :  2.2531229e-10 -1.1395162e-09  4.1168103e-10
   829 : -1.3007765e-05 -1.4632016e-05  8.5010461e-06
   830 : -1.4015879e-01 -1.8873289e-01 -1.4823225e-01
   831 : -1.6281287e-01  1.1544862e+00 -1.5958790e+00
   832 :  6.2352632e-09 -8.5812710e-09  1.0452113e-08
   833 : -7.5014841e-02 -4.5990106e-01  2.5994622e-01
   834 : -3.6195623e-24  3.0534433e-24 -2.9606510e-24
   835 :  8.7697006e-28 -2.4743586e-27  4.3887915e-27
   836 : -6.7486348e-07  1.6421258e-06 -5.1634951e-07
   837 : -5.1389253e-16 -1.7754917e-17  2.6457937e-15
   838 : -1.1297216e-04 -9.2019041e-05  1.7977825e-04
   839 : -3.6819690e-11 -9.0969217e-12  8.3576033e-11
   840 :  1.9308138e-15 -1.6464936e-14  3.0802305e-14
   841 :  1.0768693e-12 -4.1310413e-13 -2.4809031e-13
   842 : -2.1400199e-10 -6.8490309e-09  2.1327937e-09
   843 : -8.4685690e-14  7.5754245e-15  1.6082733e-13
   844 : -9.7205118e-09 -4.8848945e-10  1.9203282e-08
   845 : -1.3141887e-20  2.3921988e-20  2.0958968e-20
   846 : -7.3725370e-07  6.1809474e-06 -6.3861397e-07
   847 :  6.5046642e-10  2.8887154e-10 -1.2846452e-09
   848 :  4.0137083e-30  1.2133772e-28 -6.1139906e-29
   849 :  3.9026491e-12  1.0502784e-11 -1.1623949e-11
   850 :  2.0151550e-10 -4.3020387e-10  9.7103480e-10
   851 :  1.5541236e-13  3.5079938e-11 -3.6122579e-11
   852 :  4.2273828e-21 -1.2458499e-20  5.3717665e-21
   853 :  5.3314917e-04 -2.0690946e-05  1.0803928e-04
   854 : -1.3201798e-30  8.7384589e-30 -3.7527710e-30
   855 : -4.8961037e-03  1.1169037e-03  2.5301243e-04
   856 : -6.1433123e-05  1.2580686e-06 -5.6547117e-05
   857 : -5.8873116e-03 -5.1079787e-05 -7.2326161e-03
   858 : -5.8146269e-05  1.0439987e-05  2.0215717e-05
   859 :  1.7073931e-20 -2.5096722e-20 -2.0134485e-20
   860 :  7.4576813e-06  7.9459715e-06 -5.7832421e-06
   861 :  3.3868993e-06 -2.4272142e-06  2.3032805e-06
   862 :  7.0691248e-07 -2.6828919e-07 -1.1077220e-06
   863 :  4.1097645e-04  4.0242863e-05 -5.3312154e-04
   864 : -2.2170896e-03 -2.8037280e-04 -4.5114755e-03
   865 :  7.9520362e-02 -7.0149244e-03  1.1948627e-01
   866 :  6.7379043e-02 -5.5436165e-02 -8.4752496e-02
   867 :  4.2643521e-02  7.0886085e-02  2.5544390e-02
   868 :  3.8780483e-08  1.2696865e-07 -2.4164456e-07
   869 :  3.4160792e-08  5.9881029e-08 -3.5518151e-08
   870 : -5.7713723e-09 -4.6553160e-09  2.6210402e-09
   871 :  1.2864658e-03  1.9497661e-03 -5.1884869e-03
   872 : -4.6976226e-03  1.9628842e-04  1.3126629e-03
   873 : -2.9715806e-02 -5.2430405e-02 -9.2897091e-02
   874 : -9.1415852e-02 -7.0671162e-02 -2.2572957e-02
   875 : -2.7858207e-12  6.0400109e-13  9.5293964e-13
   876 :  6.1469149e-12 -4.1081063e-12 -1.1392343e-11
   877 : -9.2093763e-26  1.1298835e-25 -1.3186110e-25
   878 : -3.3722073e-23  8.2614154e-23 -1.9461148e-23
   879 : -8.1934871e-15  4.4562659e-14 -8.4817200e-14
   880 : -1.1791598e-12  4.2590397e-13  4.0662326e-13
   881 : -3.5931655e-25  1.0866970e-25  1.3838825e-25
   882 :  4.8239312e-24 -2.4611580e-24 -7.5371384e-24
   883 : -3.3767306e-14  1.8046737e-14 -4.7855948e-15
   884 : -1.9573709e-14  3.2087401e-13 -9.4074124e-14
   885 :  7.8294026e-07  1.2660613e-05 -6.3632348e-06
   886 : -2.7152377e-07  6.5928260e-07 -1.3734848e-06
   887 :  1.5288884e-05  7.2945181e-06 -2.2534903e-05
   888 : -4.3830409e-05 -7.4913547e-05  3.0429969e-05
   889 : -4.3698618e-03 -3.6189889e-03  5.8403885e-02
   890 :  4.4181956e-02  6.0233079e-02  1.7547034e-02
   891 : -1.5667962e-14 -7.1191182e-13  1.4266763e-12
   892 :  3.0569997e-11 -7.2227435e-11  5.7254340e-12
   893 :  3.1006005e-06 -9.2361993e-07 -1.2847307e-06
   894 : -3.2772271e-06  3.8976412e-06  8.5396098e-06
   895 : -4.2819162e-02 -9.2807318e-03  1.2463840e-01
   896 :  5.4278150e-02  3.5105400e-02  5.5604103e-02
   897 :  9.6598139e-15  2.9765929e-15 -1.4309278e-14
   898 : -5.7805441e-14  1.8846304e-13  6.1218043e-15
   899 :  5.7590377e-02  5.0903650e-02  5.9875607e-02
   900 :  7.1664138e-02  7.2441618e-02  5.0919963e-02
   901 : -5.4741845e-08  5.4142255e-08 -1.0490898e-07
   902 :  2.0249878e-07  5.6975163e-07  8.9284724e-08
   903 :  9.9366028e-04 -5.8242018e-04  4.8187823e-04
   904 :  1.5319057e-04 -2.6655714e-04  8.0488567e-04
   905 : -2.2366948e-03 -4.4180941e-03 -3.1101573e-04
   906 : -8.3588811e-03  4.0860969e-02  2.4795449e-02
   907 :  1.0540321e-02 -5.9915722e-03 -4.4164888e-03
   908 :  6.2335386e-05 -4.0944983e-05 -1.0328055e-05
   909 :  9.3535049e-05 -4.6104620e-04  1.6807238e-04
   910 :  3.5871784e-04 -1.3703001e-03 -1.1408082e-04
   911 :  2.5618504e-04  1.3749608e-04  3.1107562e-04
