Number of elements 912
     0 :  3.5009742e-10  4.9863629e-10 -8.6043515e-10
     1 : -6.7139171e-05  1.3665231e-04  3.7689955e-07
     2 :  2.7803551e-03  2.2735416e-02 -2.1256923e-02
     3 : -4.9066953e-08  1.5303258e-06 -1.7401069e-07
     4 :  5.2617237e-02  4.1238910e-02  4.0351054e-02
     5 :  2.6119477e-02  8.4817225e-02  1.0305986e-01
     6 : -6.8343739e-18  4.9403196e-17 -2.1154023e-17
     7 :  2.3835401e-05  3.0815186e-04 -2.2981312e-04
     8 :  3.9526611e-04  1.9047980e-04  4.4178993e-05
     9 : -2.9752751e-15 -1.7771929e-15  9.2477569e-15
    10 :  1.6222459e-04 -7.1055271e-04  7.6612210e-04
    11 : -9.1469757e-18  3.1041886e-17  2.0170224e-17
    12 :  3.9667845e-02 -6.2729713e-01  8.4590921e-01
    13 : -2.5172135e-03 -2.9419401e-03 -2.9099072e-03
    14 : -8.0165889e-09  3.4118647e-07 -1.4383707e-07
    15 : -3.0274252e-03  3.4588748e-02  1.3213542e-02
    16 : -3.6132468e-18 -4.5399272e-18  1.1886428e-17
    17 :  8.3808618e-12  5.4080634e-12 -2.1857809e-11
    18 : -7.3659861e-04  1.2276402e-03 -6.1177990e-04
    19 : -8.8283491e-21  2.1466200e-20 -1.2960003e-21
    20 : -9.9006810e-12 -2.4484006e-11  4.7416908e-11
    21 :  4.2610210e-02  4.0602624e-02  3.6091974e-02
    22 :  1.3695653e-02 -1.5513726e-04 -6.3663727e-03
    23 :  1.6617166e-19 -1.0620732e-19 -3.6263451e-19
    24 : -5.1827135e-05  2.1850954e-04 -9.1939880e-05
    25 :  1.2892215e-20 -3.2711115e-20  1.2193320e-21
    26 : -2.8304700e-05  3.5662674e-04 -9.3449989e-05
    27 : -1.7603186e-02  6.0277938e-02  5.6342277e-02
    28 :  6.8866457e-03  1.6474472e-02 -3.5631724e-03
    29 :  1.2222933e-05 -2.9442074e-06 -5.0951071e-05
    30 :  6.9705601e-04 -1.6364968e-03 -1.2124092e-03
    31 : -6.1793972e-07 -6.1572332e-07  1.5365547e-06
    32 : -1.2342057e-15 -9.8436942e-16  3.6589941e-15
    33 :  5.4247336e-03 -1.7359468e-02 -6.0871298e-03
    34 : -2.9151483e-22  3.4818088e-21 -2.5937299e-21
    35 : -6.7982659e-07 -9.8433317e-07  2.8167063e-06
    36 : -6.0867052e-03  5.7504038e-03 -8.1069439e-03
    37 :  1.7970270e-02  3.0093658e-03  3.7058643e-02
    38 :  4.1640542e-02  4.8925915e-02  2.7992673e-02
    39 :  1.8098741e-05 -4.4843421e-05 -6.6633145e-05
    40 : -3.9267657e-05 -8.4812255e-05 -1.6506181e-05
    41 : -4.9095173e-03  1.9833501e-02 -2.2745170e-02
    42 :  1.7193928e-20  2.0433770e-20  1.0731023e-20
    43 : -2.1086325e-11  6.1474947e-11  5.7167193e-11
    44 :  4.2105045e-02  3.6481285e-02  8.1321744e-03
    45 : -4.7136345e-08  1.8581890e-08 -2.4846165e-09
    46 :  7.2787693e-08 -3.8226339e-08  2.5562240e-08
    47 :  3.2707168e-15 -3.1882523e-15  6.0022147e-15
    48 :  9.5248638e-18  3.9535621e-18 -8.2244517e-18
    49 :  9.6054057e-04 -3.3877676e-03 -7.8059882e-04
    50 : -1.4635874e-02 -1.7967329e-02  1.0658579e-02
    51 : -3.3590405e-02 -6.5147253e-02 -5.1328411e-02
    52 : -3.9361423e-03  1.2294315e-02 -2.3511358e-03
    53 :  9.0852184e-17 -1.3645691e-17 -1.0476773e-16
    54 :  8.3924382e-03  8.4590934e-03  4.1050819e-04
    55 :  9.5369833e-03  5.8255510e-03  3.5756789e-03
    56 :  3.7425525e-02  6.6765426e-02  6.1364918e-02
    57 : -1.0906027e-02 -7.4350485e-03  3.9729532e-02
    58 : -4.6331560e-02 -4.6040884e-01  2.8634175e-01
    59 : -3.6439430e-03 -4.0219194e-03  1.0092892e-03
    60 :  1.5695173e-02  2.1743956e-02  4.5878750e-02
    61 : -3.9849892e-02 -1.8389134e-02 -6.3285000e-02
    62 :  1.3202717e-04  8.8027589e-07 -1.0521183e-04
    63 : -7.3249522e-03  1.5950306e-03  4.9134835e-02
    64 : -3.4904777e-04  4.9530388e-04  4.6657117e-04
    65 :  6.8997934e-06 -4.7180345e-06  8.1552994e-06
    66 : -5.4735032e-07  5.4670465e-06 -1.6349028e-06
    67 :  1.6137263e-16 -1.1503658e-16 -2.9000862e-16
    68 : -4.2682654e-18 -9.2538543e-18  8.7213593e-18
    69 :  1.9691031e-16 -1.9557814e-16 -2.6344520e-16
    70 :  5.4441820e-08 -1.4081494e-08 -1.2799928e-07
    71 :  8.0294584e-02  2.8154660e-03  3.5181610e-04
    72 : -2.5361181e-19  7.9480434e-19 -1.1775869e-19
    73 :  2.7536452e-02 -1.8923703e-02 -1.5726737e-02
    74 : -1.7634959e-12 -1.1099039e-11  6.0291092e-12
    75 :  3.7581447e-13  8.0729693e-13 -7.4309061e-13
    76 : -3.9960377e-19  4.0158442e-18 -9.0303423e-19
    77 : -3.7305122e-13  1.2623341e-12  4.7472353e-15
    78 : -1.0481002e-15  4.7079694e-15 -1.0480525e-15
    79 :  1.6202697e-10 -1.3514487e-10  2.1215172e-10
    80 :  7.3839845e-26 -6.4265898e-26 -4.1924667e-26
    81 :  1.7510384e-15 -1.8948288e-14  8.0328811e-15
    82 : -4.9028293e-02 -6.8289728e-01  6.4095504e-01
    83 : -1.4234165e-22  1.5001801e-21 -9.0921167e-22
    84 : -1.3888400e-20  5.7471832e-20 -2.1561171e-20
    85 :  9.8885213e-03  3.8819682e-01 -4.5449738e-01
    86 : -7.3622013e-12 -1.4613610e-12  1.1103618e-11
    87 : -4.3822137e-12  2.3780081e-11  3.1751964e-11
    88 :  1.4601522e-08  1.0286564e-06  2.4923748e-06
    89 : -4.4646451e-02 -1.4434233e-03  1.9985837e-02
    90 :  6.2972882e-19  1.5790179e-18 -1.1103989e-18
    91 :  6.0710893e-02  4.2916236e-02  3.9325942e-02
    92 :  7.4127041e-08 -1.1435371e-07  4.9049756e-08
    93 : -1.0189306e-24 -3.7219968e-25  1.7296292e-24
    94 :  3.5785878e-10 -2.3942266e-10 -1.0362619e-10
    95 :  3.2211458e-17 -1.1681476e-17  4.2525505e-19
    96 : -4.9531758e-07 -7.2024559e-07 -1.3412579e-07
    97 : -1.4081876e-07  5.5631043e-07 -3.0395799e-07
    98 :  3.1975622e-02 -1.4443870e-02 -1.0791819e-02
    99 : -4.5081982e-16 -1.7462668e-15  1.1059093e-15
   100 :  9.1711290e-17 -5.7473457e-16  4.9261905e-16
   101 :  5.9369267e-08  5.4347095e-06  2.3776185e-07
   102 : -4.3033122e-04  2.5348505e-03 -2.3214887e-03
   103 :  4.1996601e-22 -5.3618172e-22 -5.7909725e-22
   104 :  6.3675640e-09  5.7130213e-09 -5.5346371e-09
   105 : -1.9578484e-03  8.1750935e-04  8.5287568e-04
   106 :  6.1731482e-06 -6.7690620e-06 -3.9802009e-05
   107 : -5.8607063e-05  3.2785283e-04 -1.2626225e-04
   108 :  4.7021499e-04  3.5361402e-04 -1.0175304e-03
   109 : -6.5619576e-03 -4.4412480e-03  1.1689977e-03
   110 :  2.7013471e-02 -2.1561885e-02  5.2979867e-03
   111 :  3.6350653e-05 -6.4404110e-05 -5.1874221e-05
   112 : -4.1762893e-15  3.3731467e-14 -9.6840405e-15
   113 : -4.2274696e-02 -6.6020421e-02 -6.3966434e-02
   114 : -5.6775277e-07  1.5988879e-07  3.2253805e-07
   115 :  7.7267660e-03  3.0189696e-02 -1.2882767e-02
   116 : -5.5751280e-02 -1.2153728e-01  5.2275815e-02
   117 :  5.9823502e-02  6.7868979e-02  4.2524263e-02
   118 : -1.1329935e-02  2.0934575e-02 -1.0154380e-02
   119 :  3.4005591e-17  1.3976463e-17 -5.8643252e-17
   120 : -1.6127008e-07  6.8224998e-08 -2.7893914e-08
   121 : -9.6707112e-14  1.2240349e-13 -1.5757057e-14
   122 :  5.4644950e-03  1.1374766e-02 -1.6573848e-03
   123 :  1.1848129e-21 -2.7086258e-21 -6.1601277e-22
   124 :  3.7274801e-17 -1.8347013e-16  2.5521709e-17
   125 :  4.3670286e-26 -1.0406787e-25  1.9162532e-26
   126 : -6.2038709e-12 -1.5691215e-11  3.7586834e-11
   127 :  1.8770877e-13 -1.5883795e-12  1.1484164e-12
   128 : -1.3782000e-02  5.1242423e-03  2.5563371e-02
   129 :  4.9424509e-10  5.9012931e-10 -2.1918692e-09
   130 : -3.8798285e-02 -5.2194444e-02 -1.9534189e-02
   131 :  4.0410613e-02 -2.1187444e-03  2.0241564e-02
   132 : -2.2327827e-03  4.9073512e-02  1.1580417e-02
   133 : -2.2640603e-02 -3.7766689e-02  1.7103779e-03
   134 :  1.7422247e-03 -2.9470760e-03 -4.9074438e-03
   135 :  5.5238174e-04  3.3098189e-04 -1.5655058e-04
   136 : -3.4518581e-05 -2.9860964e-05  1.9140584e-05
   137 :  1.3113600e-03 -5.1557146e-04 -2.4019930e-03
   138 :  4.2778072e-04 -1.0398074e-04  7.9831555e-05
   139 : -1.1042454e-04  4.8510531e-04 -1.8296915e-04
   140 : -8.6642732e-16 -4.6024884e-15  3.8312742e-15
   141 :  1.9954358e-14  6.3784036e-14 -6.0325883e-14
   142 :  3.0021513e-04 -1.3608903e-04  6.0146196e-04
   143 :  5.3030511e-18 -3.0601919e-17  2.9356085e-17
   144 : -1.3020785e-05 -2.0860160e-05  2.2282030e-05
   145 : -1.5319202e-06  4.2010873e-06 -1.5233864e-06
   146 : -6.7666459e-09  3.4250141e-09  1.0204933e-08
   147 :  1.2118533e-17  1.8759785e-18 -4.7253709e-18
   148 : -5.1277406e-09  1.5353156e-09  9.9957787e-09
   149 : -8.5306096e-03 -2.9299996e-02 -2.0729896e-02
   150 : -4.1385371e-06  7.1506454e-06  2.5640116e-06
   151 : -3.2053501e-13  6.7804261e-14  7.3542714e-13
   152 :  3.4351935e-10 -3.3139189e-10 -7.9618959e-11
   153 :  7.6328191e-02  5.0881187e-02 -1.3735008e-02
   154 : -2.8471529e-24  2.2381873e-24  5.1819148e-24
   155 :  1.3198440e-18  2.2029265e-17 -1.1636665e-17
   156 :  1.8109547e-19 -1.2514350e-18  3.9389582e-19
   157 :  1.4264136e-07 -2.6884631e-07 -5.1610123e-08
   158 :  1.9622343e-04 -5.7166456e-04 -5.3306749e-04
   159 : -6.7576107e-06 -7.4931562e-06  5.3418860e-06
   160 : -2.3747490e-23  1.1827925e-23  5.7351761e-24
   161 : -8.9576591e-22  9.3695492e-22 -1.2168379e-21
   162 : -3.5274808e-02 -1.6335818e-02 -2.7586607e-02
   163 :  1.2277809e-02 -7.1793796e-03  2.9734319e-03
   164 : -1.8668883e-12 -4.5037977e-12  4.8652553e-12
   165 : -2.0931853e-05  5.9470058e-05  1.6344411e-05
   166 : -1.8716724e-18  3.4566734e-19  3.1413858e-18
   167 :  3.0104890e-04 -1.5062246e-04  3.6733786e-04
   168 : -9.1151156e-03  5.6085933e-02 -1.0421835e-03
   169 : -5.8251908e-02  1.7930834e-02 -1.4005367e-02
   170 : -6.4281985e-17  1.3867133e-17  4.2885446e-17
   171 : -2.5359436e-18 -3.9334919e-17  7.8342241e-17
   172 :  7.6447029e-04  3.0929979e-02  2.1696394e-02
   173 : -3.4493451e-03 -4.7254127e-04 -2.2067497e-03
   174 : -1.7446233e-04  3.1054234e-04  8.7737133e-05
   175 : -1.7088878e-08  2.0743108e-09  3.3531544e-09
   176 :  5.2541573e-16 -9.1982664e-17 -1.8936208e-15
   177 : -4.9157445e-05  1.2146702e-04 -9.2065445e-06
   178 : -6.8000254e-02 -1.2729877e-01  8.4489232e-02
   179 : -8.1337863e-05  1.9941272e-04  3.8826736e-04
   180 : -1.5723840e-18  5.3770483e-19  3.7025364e-18
   181 : -2.1492656e-03  2.4020497e-02  5.1726241e-02
   182 : -3.0839086e-10  1.1681708e-10  1.5241359e-10
   183 :  1.6222417e-02  4.1370032e-02  3.4812428e-03
   184 :  7.1094502e-23  4.4961489e-22 -2.1473975e-22
   185 : -5.6058376e-12 -1.2772296e-13  2.9523274e-12
   186 : -2.9587397e-07  1.3333031e-07  2.4454569e-08
   187 : -1.7329099e-05  2.8488906e-04  5.1888840e-04
   188 : -2.3148828e-02 -1.0167161e+00  1.0728501e+00
   189 : -2.8852437e-03 -1.5298191e-03  2.5005153e-03
   190 : -2.5480251e-05 -4.7184405e-05  1.6618853e-05
   191 :  2.7965261e-21 -4.0677525e-21 -5.4821694e-21
   192 :  8.6760714e-02  2.6744773e-02  1.2138704e-02
   193 : -3.5006916e-03 -2.7446388e-02 -3.8881446e-02
   194 :  2.0635694e-02  3.1607860e-01 -3.1596834e-01
   195 : -6.7567098e-08 -2.6977509e-08  4.2646061e-08
   196 :  1.0727881e-18  3.3018767e-19 -3.7552461e-18
   197 : -2.7558862e-18  4.6421566e-18  1.4689001e-18
   198 :  4.4164443e-07 -8.0422905e-08  5.0895530e-07
   199 : -9.3282090e-02  2.1340591e-02 -5.7730784e-02
   200 :  4.5325812e-17 -1.3425289e-16  6.2019442e-17
   201 :  7.6485036e-02  2.3502101e-02  4.8144514e-02
   202 : -1.7998647e-07  3.6784823e-08 -1.8931028e-07
   203 :  6.0989366e-20  1.2492802e-19 -5.7919453e-20
   204 : -4.6411154e-08 -6.3082680e-08  9.3417211e-08
   205 : -3.4318015e-03 -5.6841040e-03  2.5788144e-02
   206 : -3.8649718e-19  1.1593003e-19  6.8187465e-20
   207 :  5.3103145e-18 -3.7023933e-18  2.2574209e-18
   208 : -2.8670277e-13  3.7333146e-13  8.7975055e-14
   209 : -1.5212370e-02  1.2004922e-01  7.5719413e-02
   210 :  1.2704105e-07 -1.7958671e-07 -9.6894106e-08
   211 :  6.4516541e-20  4.7130660e-20 -2.0011145e-19
   212 :  8.5797636e-04 -1.2499385e-03  3.8107381e-04
   213 :  2.3168695e-18  2.6064659e-17 -3.5863561e-17
   214 : -9.6163234e-03 -1.5825369e-03 -3.0695532e-02
   215 : -6.4582726e-02  2.4450322e-02  3.1751061e-02
   216 :  3.3042089e-05 -5.6919367e-05  5.2347759e-04
   217 :  8.7759223e-25  2.5209883e-23 -1.1164296e-23
   218 :  1.5007326e-14 -3.3296804e-14 -3.0616615e-14
   219 : -1.2596517e-02  4.9257010e-03  2.8773170e-02
   220 :  1.9016232e-11  1.0679475e-12 -2.0536637e-12
   221 :  7.7530102e-17  2.1978960e-17 -4.5619150e-16
   222 : -6.4764223e-02 -2.5515841e-02 -6.2970376e-02
   223 : -9.4416500e-03 -2.3093753e-02  5.5343913e-04
   224 :  4.4876083e-06 -9.1304821e-06 -7.1108074e-07
   225 :  1.9693497e-13 -4.4093893e-11  3.6169378e-11
   226 :  3.4111208e-15 -1.2758135e-15 -8.9867446e-16
   227 : -3.9264541e-08  7.0819823e-09  1.5418938e-08
   228 :  2.6690371e-06  3.3081236e-06  6.1334985e-06
   229 : -1.4721962e-09  1.6690737e-09 -1.8864275e-10
   230 : -2.1322531e-16 -2.1671961e-16  1.4201467e-16
   231 :  7.7663813e-17 -2.2658732e-16  2.6835970e-17
   232 :  3.3790769e-24  2.4423344e-24 -2.7990779e-24
   233 : -6.2066912e-16  2.0579632e-16  8.8731895e-16
   234 :  1.6113906e-02 -4.8684927e-02 -9.0629767e-03
   235 :  1.2858793e-01  1.3167787e-01 -9.3041818e-02
   236 :  8.4125262e-15 -1.8072155e-14  8.5352916e-16
   237 :  1.0558723e-13  2.4873265e-12 -4.6570543e-12
   238 :  4.8486224e-21  4.6574889e-22 -2.5072929e-21
   239 : -6.9469576e-16  6.9472867e-16 -6.9497155e-16
   240 :  2.2339509e-19 -7.6547787e-19 -5.9476580e-20
   241 :  9.7700283e-03  6.4535994e-03 -7.2023465e-03
   242 : -1.0585315e-02 -6.8287666e-03  2.3556679e-02
   243 : -2.7313985e-02 -8.9625793e-03 -1.4999713e-02
   244 :  1.8231815e-02  3.2469460e-02  1.9071196e-03
   245 : -4.0386174e-17  4.7221332e-15  2.6455286e-15
   246 :  1.8746120e-03 -4.9799453e-04 -9.4598534e-04
   247 : -4.5733975e-02  2.1410199e-02 -4.0113440e-02
   248 : -2.3208476e-23  3.6852658e-23  1.8894777e-23
   249 :  2.0013921e-11  4.5024856e-12 -5.5814981e-11
   250 : -3.6718944e-03 -5.6837884e-04 -3.5061123e-03
   251 :  3.8326308e-06 -5.2494462e-06  6.9718566e-07
   252 :  1.5392784e-15 -1.1762464e-15 -5.3579747e-16
   253 :  4.4306987e-20 -1.6133653e-21  1.7391694e-20
   254 : -2.4854366e-03 -2.6851213e-02 -1.9692257e-02
   255 : -2.2024733e-07  7.3699093e-08  2.6111409e-08
   256 : -3.3180531e-03 -3.0747330e-03  2.2921479e-03
   257 : -8.1167725e-03  8.1867314e-03 -1.6623844e-02
   258 :  1.7664056e-08 -2.7239636e-08  8.8512240e-08
   259 : -3.8461979e-13  2.0582076e-13 -5.0226189e-13
   260 :  1.2082914e-03 -3.4781767e-03 -3.7602868e-03
   261 : -4.3314717e-07 -5.0026167e-07  2.1636595e-06
   262 : -5.3054206e-15  4.3161308e-16  2.3976251e-14
   263 :  1.7513814e-16 -2.0756767e-16 -2.4406539e-16
   264 : -4.3346899e-07  2.8491269e-07 -3.8684573e-07
   265 :  9.2921675e-04 -4.9546441e-03  4.9682262e-03
   266 :  2.4960908e-10  4.6659823e-10 -2.6004078e-10
   267 : -5.5610834e-10  5.4310249e-10 -2.4254700e-10
   268 : -2.0217514e-19  8.9979167e-19 -1.0632584e-18
   269 : -3.5795094e-02  2.2635236e-02 -1.3198207e-02
   270 : -8.4699448e-09  2.0694877e-08  2.3499880e-10
   271 :  1.1242211e-02 -9.7596012e-03  1.7365490e-02
   272 :  2.4769741e-09 -9.0875616e-10  8.5029741e-11
   273 : -3.0583332e-17 -1.9088618e-17  6.5927910e-17
   274 : -2.8120767e-03 -3.2691098e-03  3.3519345e-03
   275 : -4.1427542e-14 -2.9183647e-14  1.8816906e-13
   276 :  9.7197375e-03  1.1175718e-02  2.4181830e-02
   277 : -1.8031951e-16 -2.8053430e-16  1.8598328e-16
   278 :  6.4773575e-04  7.6474289e-04 -2.9363126e-03
   279 :  1.4095023e-06 -2.8739569e-07 -4.6040348e-07
   280 : -2.0137383e-02  1.8430200e-02 -4.0778815e-03
   281 :  4.0685942e-07 -1.0741957e-06 -6.3958409e-07
   282 : -1.7204024e-10  1.0094107e-10  2.2850190e-10
   283 :  5.4860200e-13 -7.5270293e-13 -4.3829767e-13
   284 : -7.6800174e-15 -7.0575717e-17 -1.2961838e-14
   285 : -1.8842552e-02 -4.6268165e-02 -6.9916460e-02
   286 :  2.1850275e-03 -3.9336626e-03 -4.5309177e-03
   287 :  3.3505062e-04  4.6882804e-04 -1.8418391e-04
   288 :  5.7920751e-02  4.1131036e-02  5.2041413e-02
   289 : -1.7178769e-05  1.8576772e-05 -3.1292301e-05
   290 : -3.3084038e-02 -3.1004474e-02 -5.0271125e-02
   291 : -5.2253349e-07  1.4088347e-06 -3.0658466e-07
   292 : -1.6686972e-02 -1.5526418e-02 -2.6065171e-02
   293 :  9.2693596e-13 -9.4831625e-13 -9.1574111e-13
   294 :  1.2660463e-03  4.6639348e-04 -2.4017717e-03
   295 : -1.0214471e-19 -2.6641415e-19  1.3105518e-19
   296 :  4.0571702e-02  4.4175374e-02  1.0301094e-02
   297 :  8.2738421e-07 -4.0969953e-07  5.5782632e-06
   298 : -1.6813196e-06  5.1263977e-06 -2.8712743e-06
   299 : -2.8932428e-21 -2.4458331e-21  8.6030619e-21
   300 :  4.8660753e-02  2.6520185e-02  3.0864203e-03
   301 :  1.2143700e-06  2.6357677e-06 -1.1037977e-06
   302 : -1.0953506e-03  1.9569665e-03 -2.4523817e-03
   303 :  3.7211460e-04  7.8283849e-06 -7.2468062e-05
   304 :  4.2863625e-04 -1.0921182e-04  4.0385501e-04
   305 : -6.8686035e-08  5.1011120e-08  9.9019478e-09
   306 : -1.3070165e-02 -1.5388644e-02  7.3597867e-03
   307 :  4.4242355e-04  3.1838599e-04  5.7929066e-05
   308 : -5.5646331e-07  5.6201461e-08  6.8126055e-07
   309 :  6.5541681e-21  5.1743361e-20 -2.1269423e-20
   310 : -6.5876008e-06 -5.7802237e-05  6.8785033e-05
   311 :  1.7168878e-03 -1.2258616e-04 -4.1203642e-03
   312 :  3.1878483e-20 -3.3329549e-19 -4.5881702e-18
   313 :  5.9120249e-13 -1.5012760e-12  6.2392243e-13
   314 :  3.5069160e-21  7.9147691e-21 -2.1755492e-20
   315 :  2.0367106e-15  1.0033922e-14 -3.9666857e-15
   316 : -2.3094472e-02 -2.2040443e-03  9.6899885e-03
   317 : -7.6033422e-21 -5.6183876e-21  2.0772904e-20
   318 :  6.5148024e-03  3.0759153e-03  6.3032261e-03
   319 : -1.4029989e-02  3.1012993e-02  2.3969590e-02
   320 : -1.6831541e-01  3.0052683e-02  1.8164662e-02
   321 :  1.2185906e-02  4.2700406e-04 -9.3869723e-03
   322 :  4.3698558e-21 -1.0487405e-20  1.3405980e-21
   323 :  8.9125642e-22 -2.0033544e-21  4.2471826e-22
   324 :  2.4336829e-14 -7.6299562e-14  1.1868262e-14
   325 : -3.6240521e-12  2.8458121e-12 -5.8722868e-12
   326 : -1.0065729e-01 -3.0148379e-02 -8.1547437e-03
   327 : -9.0737590e-02 -4.3027837e-01  2.6304791e-01
   328 :  5.8325483e-03 -5.5092515e-03 -5.2252776e-03
   329 :  6.2348811e-15 -1.2406217e-13  5.7392658e-14
   330 :  2.2353085e-22  8.0463905e-24 -4.9734514e-22
   331 : -1.4166882e-08  6.9077537e-09  3.2537292e-08
   332 : -3.8596796e-04 -4.7379788e-04  4.5122189e-04
   333 : -1.0891890e-12  3.4412352e-13 -2.2110322e-13
   334 :  9.0556487e-03  4.8950477e-02  5.2829931e-02
   335 :  6.7826384e-05 -1.1042167e-03 -1.4450165e-04
   336 :  4.1566934e-03 -5.2555041e-03 -7.8090251e-03
   337 :  4.8649295e-20  3.0642890e-20 -3.3864808e-19
   338 : -2.3547343e-03 -5.2581881e-03 -9.8330037e-04
   339 : -1.3711684e-14  8.2345802e-15  4.6668596e-14
   340 :  9.5781678e-03  7.0610149e-03  5.9894433e-03
   341 : -5.9174643e-19  3.5840532e-19  1.2018550e-19
   342 : -1.9093976e-16  1.0618994e-15 -9.2371476e-16
   343 :  4.7778196e-07 -3.2195136e-07 -6.6046458e-08
   344 :  4.3287737e-03 -4.1229008e-03  6.3257986e-03
   345 : -3.7277865e-02 -5.2837234e-02 -6.8823281e-02
   346 :  8.1619503e-15  5.0147821e-15 -4.3843282e-15
   347 :  1.7466468e-02 -1.0278379e-02  2.0427226e-02
   348 :  9.9315607e-07  7.1681408e-07 -6.7024134e-07
   349 :  5.6053194e-08  5.7504638e-09 -9.7531592e-09
   350 :  3.6981369e-02  1.4090736e-02  3.7007374e-02
   351 : -1.8004453e-12 -9.1058491e-13  2.2132466e-12
   352 :  4.3769177e-02 -1.2752027e-02  9.1628728e-03
   353 :  6.1573400e-04  6.3358707e-05  1.0375343e-04
   354 :  4.2523688e-02  9.3217589e-03  2.2670876e-02
   355 : -2.7491722e-03 -2.4258198e-02 -1.7557857e-02
   356 : -8.8822015e-20 -3.6394518e-19  3.4598595e-19
   357 :  1.1880331e-01  9.6484148e-02 -3.7738850e-02
   358 :  9.6700332e-09  2.8608953e-08 -2.7884209e-08
   359 :  4.4924279e-26 -1.3132008e-25  3.2725151e-26
   360 :  3.9771219e-02  3.0613461e-03  2.3191451e-02
   361 : -7.3502767e-11 -4.8798374e-11  3.8580642e-11
   362 : -5.2763237e-08 -5.3941962e-08  1.3418005e-08
   363 : -4.0203939e-09  1.1665795e-09 -1.8953895e-10
   364 :  4.6281008e-11  6.3955901e-10 -2.3846577e-10
   365 : -2.5233345e-06  6.0673541e-07  3.2841306e-07
   366 :  2.2594783e-18 -2.4149723e-17  1.6520890e-17
   367 :  1.4563170e-05  1.1104378e-05 -3.9818763e-05
   368 : -4.2260444e-04  9.1715521e-03  3.3835688e-03
   369 :  1.6998390e-07  3.1869642e-07 -8.6384124e-07
   370 : -1.1639149e-08  2.3615531e-08  1.0785570e-09
   371 :  1.9092083e-18  1.1298562e-19 -8.1282186e-19
   372 :  1.3793964e-07 -5.8836728e-08 -1.0143876e-06
   373 :  1.8839876e-04  7.1433996e-05  2.1555695e-04
   374 :  4.3255765e-04 -4.1064877e-02 -4.2227844e-02
   375 :  6.6991881e-13 -2.8350330e-13 -3.7241934e-13
   376 :  9.9943218e-20 -7.0233818e-20 -1.3416871e-19
   377 :  4.2303920e-06  4.8353515e-06 -1.9814016e-06
   378 :  6.9189412e-09 -3.8517850e-08  1.9296506e-08
   379 : -6.5406825e-23  1.4147350e-22 -4.1647862e-23
   380 : -2.7916255e-02  3.3011087e-03  1.1053511e-04
   381 : -9.7225013e-09  1.6778040e-08 -3.6052053e-09
   382 :  6.8727835e-12 -1.8208645e-11  1.6366324e-12
   383 :  3.0383161e-02  2.6643842e-03  5.7488859e-02
   384 :  2.5239143e-12 -5.2803199e-12  3.0385343e-12
   385 :  9.9824803e-04 -1.3777081e-03  5.1715656e-04
   386 : -2.1826887e-02  1.0937054e-02 -1.4825655e-03
   387 :  1.9970443e-14 -1.1911618e-13 -7.5605318e-14
   388 :  4.6959350e-02  4.2728834e-02 -2.2910182e-02
   389 :  3.6006109e-10 -3.6363033e-10 -3.4889514e-10
   390 : -1.7720344e-03  4.7170210e-03  9.4371786e-04
   391 :  1.1218875e-08  1.5523939e-08 -1.0970409e-08
   392 :  3.1179368e-02  3.2643326e-02  3.8448887e-02
   393 :  3.8956015e-02  1.2266242e-02 -3.9670899e-04
   394 : -4.9567877e-11  9.6342094e-11  3.5429127e-11
   395 :  5.0921034e-06 -8.3344702e-07  2.6318459e-07
   396 :  1.6929136e-22 -4.2768264e-22  7.9262504e-22
   397 :  3.8414563e-02  1.0149786e-02  4.1078046e-02
   398 :  5.8215849e-05  2.6195056e-04 -1.7874853e-04
   399 :  1.9706788e-02 -4.2193838e-02  3.5546143e-02
   400 : -5.1279415e-05 -4.5079892e-05  1.5097826e-05
   401 :  9.4253618e-04 -2.0193161e-03 -1.7770795e-03
   402 :  3.0335218e-10 -8.1852436e-11 -9.9503687e-11
   403 :  1.1973214e-09 -3.9336502e-09  9.8657919e-10
   404 :  2.8720710e-18  3.0100491e-19 -9.5266401e-18
   405 : -1.1081652e-05  6.2940283e-06  8.4451834e-06
   406 :  3.8432998e-02  1.3521664e-02  3.9437453e-03
   407 :  2.5452876e-02  3.3309238e-02  3.4073528e-02
   408 : -2.9026784e-02  1.9921982e-02  3.6743006e-02
   409 : -3.8111583e-05 -4.5669043e-05  2.3931195e-05
   410 : -3.3683618e-03 -4.9792125e-03  6.5482064e-03
   411 :  1.3959381e-05 -4.9689062e-05 -7.2475589e-06
   412 :  1.0828210e-04 -5.5207934e-04 -8.4070426e-04
   413 : -2.4378111e-20  7.3987657e-20 -6.3875335e-20
   414 : -9.0596075e-03 -5.1921136e-02 -2.9115926e-02
   415 : -3.3874929e-05 -7.1203583e-05  4.1077203e-05
   416 : -5.7745441e-14 -1.6482742e-15  6.4077488e-14
   417 :  4.0630572e-02  1.3128251e-02  4.8919796e-02
   418 : -8.0234200e-03 -1.7739934e-02 -2.2677866e-02
   419 :  6.2017307e-18 -1.7545444e-17  3.4387988e-18
   420 : -4.0596598e-17  1.5764577e-16 -8.2306771e-17
   421 :  1.1003172e-14 -5.8985460e-14  2.5676555e-14
   422 : -2.7945403e-07  2.4690156e-07 -6.1700730e-07
   423 : -2.5787234e-05  1.7155865e-04 -1.0876377e-04
   424 :  4.0331886e-11 -7.7369967e-11  4.0148061e-12
   425 :  8.8986610e-14  1.8978188e-13 -6.4979439e-14
   426 :  2.2484938e-09  1.4477516e-09 -1.5873022e-09
   427 : -1.7584852e-09 -2.0349413e-09  6.5514797e-09
   428 : -2.0529318e-10  4.1874126e-10  1.6838970e-10
   429 :  5.2982890e-04  6.1489513e-04 -1.4008601e-04
   430 : -9.2202217e-04 -3.7354874e-03  8.0681715e-03
   431 :  2.9061584e-06  2.6637639e-06  9.7941868e-06
   432 : -1.2128328e-06  4.7207588e-07 -9.6394693e-07
   433 :  2.3470915e-20 -1.3453630e-19  8.0810970e-20
   434 : -5.8949725e-02  4.2470935e-03 -2.6792877e-02
   435 :  4.4039385e-05 -1.6387220e-05 -1.9531713e-05
   436 :  2.7560902e-12  9.4804880e-12 -1.4848982e-11
   437 :  7.1151679e-02 -2.9558888e-02  6.0095843e-02
   438 :  9.6833791e-03 -7.1251419e-03  3.5123203e-03
   439 :  3.4226259e-02  2.4419561e-02  2.7722518e-02
   440 :  5.1330801e-15 -1.9876329e-14  6.8509312e-15
   441 : -1.2323455e-20 -7.8898772e-21  3.8414377e-20
   442 :  4.1419586e-02  4.1080841e-02  3.2245326e-02
   443 : -1.8950411e-06  3.8724481e-06 -2.8910089e-07
   444 :  4.1089789e-02  3.8184423e-02  1.7523352e-02
   445 : -2.4094199e-07  4.9642812e-08  2.0734328e-08
   446 :  1.7454014e-02  5.0775394e-03 -4.6102603e-02
   447 :  2.6290843e-08 -2.3596811e-08  3.8372912e-08
   448 :  2.1734735e-04 -7.0366039e-04  2.3942662e-04
   449 : -1.7474514e-19 -7.5535737e-22  3.9402465e-19
   450 : -5.7313590e-21  1.6392811e-20 -6.3344071e-23
   451 : -4.4230756e-02 -5.4036301e-02 -7.5476850e-02
   452 : -2.5777974e-03 -1.5983325e-02 -2.4570377e-02
   453 :  8.5667112e-03 -2.2960886e-02 -2.8974903e-02
   454 :  4.0321334e-02  1.9788990e-02  4.3151113e-02
   455 : -1.0890918e-09  1.6527809e-10  3.5284441e-10
   456 :  3.6949443e-04 -1.4880654e-04  2.2179852e-04
   457 : -5.3149078e-21  3.2027518e-20 -1.6450114e-20
   458 : -1.1904701e-09 -4.5431379e-10 -5.6247730e-09
   459 : -1.1218101e-04 -1.0261085e-04  2.7111620e-04
   460 :  6.8644016e-04 -1.4927100e-03  1.5718326e-04
   461 : -1.7167842e-08  1.3237460e-08  3.0406916e-08
   462 : -1.7750299e-06  3.4239263e-06  2.4626737e-06
   463 : -7.7886437e-15  3.8260310e-15  1.4992160e-14
   464 :  7.3501257e-03  4.6212616e-02 -9.6485580e-03
   465 :  1.2242550e-04 -4.5591320e-05 -7.7389375e-05
   466 :  3.0210637e-02  3.8561575e-02  2.4862776e-02
   467 :  3.1197685e-15 -9.9879047e-16 -2.8702365e-15
   468 :  5.3652260e-14  2.3035088e-13 -1.5078391e-13
   469 : -2.9157369e-22  1.2962633e-22  1.7535849e-22
   470 :  2.9560666e-20 -3.5737319e-20 -1.9274322e-22
   471 :  4.5365571e-12  7.6842005e-12 -1.1680352e-11
   472 :  6.9122387e-15  3.8918788e-15 -1.6797298e-14
   473 : -1.4204469e-03 -5.5444304e-04  1.5977391e-03
   474 : -1.9619811e-17  4.1115961e-17  4.2509724e-17
   475 :  7.6936254e-11 -2.1457107e-11  7.1178122e-11
   476 :  2.6074882e-12 -6.6370561e-11  2.4963638e-11
   477 :  3.8671903e-22  1.4953826e-22 -1.0248336e-21
   478 :  2.1459375e-04  3.1629847e-04  1.9761177e-04
   479 :  2.2638117e-23 -5.5551614e-23  9.8558481e-24
   480 : -2.4221497e-02 -2.4254141e-02 -6.0607818e-02
   481 :  4.0637548e-10 -1.7253094e-11 -8.9847197e-10
   482 :  2.8286786e-16 -1.2011768e-15  4.3077009e-16
   483 :  1.5761889e-02  5.6351652e-03 -4.6813596e-03
   484 :  2.8222054e-04 -1.4928915e-04 -8.0329784e-05
   485 : -1.5037495e-04  1.0119680e-04  2.4323765e-04
   486 : -5.5821072e-03 -9.9874117e-03 -6.9535210e-03
   487 :  1.0232967e-03  4.9353329e-04 -1.7585066e-03
   488 : -2.8836951e-02 -2.2645418e-02 -7.9798361e-03
   489 :  1.5866879e-17  6.6553656e-18 -3.8862599e-17
   490 :  2.8870868e-15  3.5980594e-16 -1.4948324e-15
   491 :  3.1484262e-16  8.6116705e-16 -5.9435575e-16
   492 : -5.1774191e-03  3.1660177e-03 -5.4762271e-03
   493 :  7.1971582e-03 -3.2730442e-03  1.9850422e-03
   494 :  1.2151808e-02  8.1102661e-03  1.9363454e-02
   495 : -1.7839064e-06 -5.8104592e-07  7.4530535e-06
   496 : -2.7146447e-13 -1.3006007e-12  1.9800019e-12
   497 :  4.3237075e-20  4.1833865e-20 -6.2961792e-21
   498 : -1.2825530e-19 -1.7783520e-18  3.3762586e-18
   499 : -4.3770541e-02 -2.2911260e-02 -2.8878761e-02
   500 : -1.1585348e-20  1.3229006e-20  1.6374763e-20
   501 :  3.6574698e-22 -2.6220061e-21  1.1797573e-21
   502 : -7.4588127e-03  1.1840219e-02 -5.8655234e-03
   503 :  3.6968820e-03  6.8360609e-03  3.1072513e-03
   504 :  3.5140766e-06 -1.7933710e-05 -1.4245344e-05
   505 : -5.7910430e-02 -1.2124718e-02  3.8934525e-03
   506 : -7.8984625e-15  2.0396354e-14  2.3194264e-15
   507 :  5.8925412e-13  2.3627428e-13 -1.1430495e-12
   508 : -4.3807333e-14 -3.7652813e-13  1.2607935e-13
   509 : -2.5815010e-03  2.6085929e-04 -2.2012528e-03
   510 : -1.3354164e-13  1.1895320e-12  6.3534265e-13
   511 : -1.7372396e-08  1.0630744e-08  3.6814003e-08
   512 : -8.1737189e-10 -4.1821553e-09  1.3793603e-09
   513 : -2.2076325e-06  8.3643540e-06  3.3243716e-06
   514 :  2.5001183e-05 -6.7430081e-05 -4.1494311e-05
   515 :  4.8310130e-02  3.6860725e-02  3.6812357e-02
   516 :  1.1002219e-14  1.4852207e-13 -1.1787100e-13
   517 :  1.4108949e-02  4.2256638e-02 -8.7841080e-03
   518 : -2.5235072e-05  9.1665376e-06  5.2023648e-06
   519 :  3.7543530e-08  3.6696394e-08 -1.0673968e-07
   520 : -9.9484664e-07 -1.0859327e-06  4.1887122e-06
   521 :  3.8942186e-02  8.3978372e-03  1.2169140e-02
   522 :  2.1416526e-02 -1.7005320e-03  1.0313484e-02
   523 : -3.6698737e-02 -8.6260583e-02  1.3589806e-01
   524 : -1.9718255e-05 -2.6916326e-05  1.3456818e-05
   525 : -5.5333801e-05  2.0845234e-05 -1.7600070e-05
   526 : -5.2057511e-10 -1.6137273e-12 -1.1412219e-10
   527 :  7.1219225e-18  2.8475275e-17 -5.9674688e-17
   528 : -4.7569675e-02  6.0890095e-03 -2.1742317e-02
   529 :  1.9090573e-03 -3.2529846e-03 -4.1426528e-03
   530 :  1.2800245e-02 -8.7305412e-03  7.2598238e-03
   531 : -2.2634626e-03  4.7824660e-04 -3.6635950e-03
   532 : -4.7389437e-09  7.9741287e-09  2.8672372e-09
   533 : -1.6902219e-24  1.1434798e-24 -6.8047201e-25
   534 :  2.8250260e-25  1.2194292e-24 -2.5603602e-24
   535 :  7.1214527e-17 -5.3023007e-16  4.6624472e-17
   536 :  3.4496041e-02  2.3516508e-02  3.0815043e-02
   537 :  3.3046412e-03  2.8810742e-03 -8.1162476e-04
   538 :  8.2484857e-04 -3.2839124e-04  5.0695782e-04
   539 :  1.2597740e-18 -1.5605996e-17  3.2999916e-17
   540 :  1.9630160e-15 -1.6342270e-15  2.1671962e-16
   541 :  1.1739155e-14 -2.0790891e-13  1.4180894e-13
   542 : -8.4817441e-08  2.9514907e-06 -1.4095745e-06
   543 : -3.9812479e-18 -4.5232045e-18  2.7099749e-18
   544 :  1.6761995e-07  5.8758564e-06  3.8895571e-06
   545 :  7.6625694e-12  3.4376836e-13 -1.5961104e-11
   546 : -2.2757294e-02 -1.0575167e-02  6.1320824e-03
   547 : -5.4194262e-16  1.3016933e-15 -2.5699964e-16
   548 :  2.3072601e-02  3.0426796e-02  3.3862372e-02
   549 : -4.2526225e-13 -1.0531622e-13  3.3549903e-13
   550 : -3.5933113e-04 -3.6215541e-03  6.7309745e-04
   551 :  3.1492329e-02  1.6692048e-02  1.5318063e-03
   552 :  1.0826095e-02  7.3625363e-03  5.5141350e-03
   553 : -5.4918200e-03  5.7795867e-04 -2.5623981e-03
   554 :  7.9707573e-13 -3.3154521e-12  1.5558977e-12
   555 : -8.0828753e-07  2.8533559e-06  4.0086230e-07
   556 : -4.0665366e-14 -3.5032741e-14 -3.2602179e-14
   557 :  7.7509599e-02  5.3791771e-02  4.7138809e-02
   558 :  1.3663797e-03 -2.4201995e-03 -1.1162541e-03
   559 :  1.2438620e-02  1.0325463e-02  1.3599985e-02
   560 : -3.2123342e-03 -2.4302408e-03  8.7629878e-04
   561 :  1.4109633e-05  3.1144667e-02 -7.0831778e-03
   562 : -2.9517538e-09  1.0275782e-08 -3.5823614e-09
   563 :  2.3199397e-20 -1.1307574e-20  1.0798727e-20
   564 :  4.5205090e-05  1.7356273e-02  5.8601194e-04
   565 : -2.3618917e-02  2.9688201e-04 -2.4948832e-02
   566 :  1.2739195e-14  1.2292283e-14 -5.0373196e-14
   567 : -2.5725954e-07  1.4746555e-06 -1.0554642e-06
   568 :  3.9868437e-04 -4.2134872e-02  4.4213234e-02
   569 :  2.3229503e-03  1.5536081e-02  3.2726859e-02
   570 :  4.4854590e-12 -7.9633751e-12 -1.0851125e-12
   571 : -4.9173459e-07 -7.6024281e-07  2.6228532e-07
   572 : -7.0142845e-22 -7.4971642e-21  3.4457669e-21
   573 :  2.6408251e-04  4.0955750e-04 -2.7817105e-03
   574 : -2.1318281e-05  6.7958855e-04 -6.7329096e-04
   575 :  2.4680720e-02  1.6900791e-02  4.2989969e-02
   576 : -9.9442985e-05  1.1931874e-04  1.7475994e-04
   577 :  5.1389734e-02  5.9260690e-02  5.0074926e-02
   578 : -2.7467670e-23  4.8773686e-23 -1.8320382e-23
   579 : -2.5655749e-02 -3.9011597e-02 -2.4790748e-02
   580 :  3.8302949e-02  3.1787755e-02 -4.5875601e-03
   581 : -3.3918776e-12  5.8001204e-12  6.3137996e-12
   582 : -1.1216270e-23 -4.9242129e-22  1.9844724e-22
   583 : -4.8052511e-11  1.2559720e-10 -1.1546998e-11
   584 :  1.6510671e-19 -2.8124841e-19 -8.8485519e-20
   585 :  2.3090000e-02  2.3464916e-02  3.5165928e-02
   586 : -6.0310289e-15  1.4205636e-14 -9.4331239e-16
   587 :  7.2453002e-13 -6.1446720e-10  5.5973461e-10
   588 : -6.7723027e-14  2.4486110e-14  1.3716937e-14
   589 :  3.4063194e-02  4.3766707e-02  1.3235150e-02
   590 :  8.8739003e-04 -1.5194026e-03  2.7539992e-02
   591 : -1.2708578e-21  1.8326037e-21  8.1891897e-22
   592 :  4.0848198e-13  1.3762544e-14 -4.4038606e-13
   593 :  3.5140426e-08 -6.4941461e-09  1.4791131e-08
   594 : -1.9061461e-10 -2.2269175e-09  9.4119177e-10
   595 :  2.9370785e-04 -4.3647858e-06 -1.5377008e-04
   596 :  1.9519259e-04  4.5201994e-04  2.5729348e-04
   597 :  1.3886218e-07  1.1382021e-07 -3.6169630e-07
   598 : -1.1516302e-09 -1.7085034e-09  1.1511264e-09
   599 :  1.2987572e-02 -9.2716461e-02 -9.1838392e-02
   600 :  3.8873456e-05 -5.1355041e-05 -3.3804277e-05
   601 : -4.3128633e-03 -4.6271854e-02 -4.1541311e-02
   602 :  4.9220535e-15  1.1627641e-14 -5.1649019e-15
   603 :  1.0530021e-17  3.6302373e-17 -2.8055016e-17
   604 : -1.1583548e-12  1.1402502e-11 -1.8518442e-11
   605 : -1.9887126e-08  4.6699300e-08  1.7438424e-08
   606 : -1.2554982e-02  7.4845150e-03 -4.3770898e-04
   607 : -6.3058796e-07  8.1424913e-06  4.0305671e-06
   608 : -2.7294388e-14  1.8679551e-14  1.1134669e-14
   609 :  1.3766367e-11 -6.1209381e-11  2.2537228e-11
   610 :  6.6985993e-18  1.7324931e-18 -2.0135166e-17
   611 : -5.5564687e-03 -1.5255203e-02 -2.3620344e-02
   612 : -1.5522332e-06  4.7759740e-06  8.9734666e-06
   613 :  1.2547890e-07  1.1343297e-07 -3.4991366e-07
   614 : -1.9860014e-02  6.8115718e-02  1.2921456e-01
   615 : -9.5993583e-07 -9.6162728e-08  1.4740298e-06
   616 : -1.1226246e-18  1.4138661e-18  1.0415773e-18
   617 : -9.5909530e-08 -3.3307855e-07  3.1178940e-08
   618 : -3.2556712e-10 -4.3950250e-10  3.9617943e-10
   619 : -2.1195120e-14  1.8950932e-14  2.5476188e-14
   620 : -1.6272947e-09  2.3585227e-09 -1.2224395e-08
   621 : -4.6728977e-06  6.6288118e-06  9.1558434e-06
   622 :  1.4644567e-02 -1.8007108e-03 -4.7013664e-02
   623 : -2.7513869e-03 -3.2172159e-04 -2.4073268e-03
   624 :  4.9237979e-06 -9.8511516e-07  2.1070061e-06
   625 :  9.8734640e-07  1.2474287e-06 -1.0768022e-06
   626 : -4.8342893e-23  1.8905052e-22 -6.8759891e-23
   627 : -2.1357625e-16  1.3035758e-15 -8.7436042e-16
   628 : -2.5240346e-10 -3.4030303e-12  1.4835816e-10
   629 : -5.9866975e-03  7.8717263e-03  1.0370959e-02
   630 : -1.8893632e-02  3.5647851e-02  3.5378688e-03
   631 :  6.0557991e-08 -2.6633935e-07  4.7108915e-08
   632 : -2.5337702e-18  5.0918811e-18  9.2078032e-19
   633 : -3.4788265e-03 -3.4262915e-03 -6.9392336e-04
   634 : -1.7381586e-05 -1.1965330e-05  5.7385381e-05
   635 :  3.8999056e-02  3.3166729e-03  2.7373992e-03
   636 :  6.7137518e-03  6.1894276e-03  3.9525537e-03
   637 : -2.7007723e-03  4.8193716e-02  2.0013898e-02
   638 : -2.4294027e-02 -4.5142425e-02 -3.6112504e-02
   639 :  3.8742223e-02  3.8761714e-02  9.0854801e-03
   640 :  1.0636038e-02 -3.3961003e-02  9.6387468e-05
   641 :  4.4010193e-14 -9.2353640e-14 -6.0933562e-15
   642 :  1.8849076e-03 -1.7253074e-03 -3.5613665e-03
   643 :  4.0721657e-02  1.6588622e-02  1.1878554e-02
   644 : -1.9781437e-02 -1.4664850e-02  5.4170455e-02
   645 : -1.1229087e-04  1.9458527e-04 -7.8132434e-06
   646 : -3.8160125e-07 -2.0038419e-06  6.0824884e-06
   647 : -1.3712697e-02 -2.2435050e-02  5.2184468e-02
   648 : -1.8837885e-05 -3.7498272e-05 -4.4636191e-06
   649 :  4.3095076e-02  6.7154926e-03  3.2515937e-02
   650 :  2.4698991e-06  4.5283940e-08 -2.4637002e-06
   651 : -2.1837943e-02 -1.4529420e-02 -5.2464256e-02
   652 :  1.4893330e-05 -1.9623652e-05  8.0009304e-06
   653 :  3.4705143e-02 -1.6030064e-02 -7.7295736e-02
   654 :  3.4577946e-11 -1.8771542e-12 -3.8373425e-11
   655 :  5.2453782e-06  4.0434304e-06 -8.4695479e-06
   656 : -6.3764031e-02 -6.7046891e-02 -1.4409588e-02
   657 :  5.8408729e-02 -2.7933527e-03  5.5851302e-02
   658 : -3.4487964e-05 -1.5940472e-05 -1.6419207e-05
   659 :  5.1988060e-04 -8.2350942e-04  2.6421156e-04
   660 : -1.6022433e-02  1.5610252e-02 -5.1965839e-02
   661 : -4.4810821e-02  7.9002060e-03 -3.0834460e-02
   662 :  8.3887602e-10  3.9013300e-10 -1.7794097e-09
   663 :  3.4502327e-02  3.5830848e-02  1.9610435e-02
   664 : -2.0057517e-02  3.4028974e-03 -1.7632856e-02
   665 : -2.8928686e-02  3.6822763e-02  1.9326758e-02
   666 : -5.9248596e-20 -5.3260671e-20  9.0397938e-20
   667 :  7.0865533e-12 -2.8187237e-12  3.5561926e-13
   668 :  6.5393086e-03  2.5957580e-03  8.5019243e-03
   669 : -8.2783407e-23  6.6905523e-23  1.3903191e-22
   670 :  4.0421696e-02  2.9608056e-02 -2.9041973e-03
   671 :  2.9462915e-02 -6.5024809e-03  1.5979264e-02
   672 : -9.9797885e-03  4.2888747e-03 -5.6990930e-03
   673 : -7.0489034e-09 -6.3286481e-09  3.4133369e-08
   674 :  4.4441185e-07 -2.8621447e-07 -9.2941984e-07
   675 :  5.4072669e-08  1.4549700e-08 -1.0103526e-07
   676 : -8.7764786e-05  5.5058124e-04 -1.7803298e-04
   677 : -3.9624367e-06  3.3783853e-06 -3.3893571e-06
   678 :  6.5326711e-03  5.8522290e-03 -1.7309918e-03
   679 :  2.8117879e-04 -3.0061967e-03 -6.1421864e-04
   680 :  7.6170110e-04 -4.0297414e-04 -1.8778652e-03
   681 :  7.7916452e-13 -8.0155480e-13  1.6834523e-12
   682 : -2.0465905e-14 -8.3437010e-14 -1.0881410e-12
   683 :  2.4096020e-11 -3.9387526e-11 -1.9388782e-11
   684 : -9.2484843e-16  1.1343911e-15 -6.1749082e-15
   685 : -7.8975639e-05  3.5839388e-04  1.7842649e-04
   686 : -1.1757286e-07 -1.1124183e-07  8.1868156e-08
   687 : -1.2661606e-14 -2.3354443e-14  8.4887495e-14
   688 : -8.3243282e-09  4.2135290e-08 -5.6410359e-08
   689 : -4.4012237e-02 -4.3813980e-02 -1.5583433e-03
   690 : -3.7896045e-05 -1.1653992e-05  1.2740527e-05
   691 :  3.6517866e-04 -9.4651183e-07  2.5267251e-04
   692 : -4.0498153e-05 -2.6294374e-05  4.9996890e-05
   693 : -1.8054217e-22  3.2595767e-22  1.8161520e-22
   694 :  4.4753639e-16 -1.3430093e-15  4.9399177e-17
   695 :  6.0787150e-03 -1.4326987e-02 -5.2285298e-03
   696 : -1.4857725e-03  5.4628960e-03  7.0155512e-03
   697 :  4.7658462e-05 -4.2724975e-05 -7.6564841e-05
   698 : -1.6151998e-02 -3.2283409e-02 -1.6994105e-02
   699 : -1.3902428e-09  2.4553680e-12 -2.4622401e-10
   700 :  1.8476791e-20  2.0793174e-20 -6.2529026e-20
   701 : -3.7916253e-19  8.6565308e-19 -2.3178175e-19
   702 :  5.8201414e-12 -1.8898623e-11 -1.9137283e-12
   703 :  6.6136913e-02  6.6899283e-02  5.9775604e-02
   704 :  1.7382111e-05  2.2348990e-06 -1.6232534e-05
   705 : -1.0247435e-15  3.1664971e-14 -1.7775318e-14
   706 : -7.6317462e-02  1.3123937e-01  1.1408552e-01
   707 : -8.6784903e-03 -1.2968965e-03 -6.4531210e-03
   708 : -2.7187482e-03 -6.1073416e-04  1.0906687e-03
   709 :  1.1328763e-07 -1.9579597e-07 -4.8896868e-07
   710 : -1.5033670e-09  4.5774429e-10  1.2237351e-09
   711 :  4.9195073e-06 -4.3540617e-07  2.9972320e-07
   712 :  3.7602054e-02  3.4748209e-02  4.0513736e-02
   713 :  4.4737964e-07  1.0880010e-05 -3.8291199e-05
   714 :  5.0509989e-02  4.1194047e-02  4.1542211e-02
   715 :  1.6812019e-04 -5.5368641e-05 -7.1066060e-05
   716 : -5.1907185e-16  1.6836460e-15 -2.9916634e-15
   717 : -4.1318265e-03  4.9333164e-05 -4.5936970e-03
   718 : -2.3477187e-05  9.8433240e-06 -7.6140158e-06
   719 : -4.5637775e-04  7.4659098e-03 -5.5679394e-03
   720 : -7.4588259e-03 -3.2603301e-02  1.1087295e-02
   721 : -6.9946260e-02  1.7729817e-02 -5.5962952e-03
   722 : -1.3687163e-14 -4.3450324e-13  2.1781880e-13
   723 :  7.1898327e-14  1.7311409e-12 -1.4880610e-12
   724 : -1.0077312e-12  1.7411082e-12 -5.4571636e-13
   725 :  4.1850130e-02  3.0885677e-02  1.4921260e-02
   726 :  1.1781543e-10  3.5239504e-08 -1.1594695e-08
   727 :  3.0042475e-02  4.2213729e-02  1.3071857e-02
   728 : -5.3466146e-03  1.4480476e-03  2.2427132e-03
   729 :  5.1176306e-04 -6.2228949e-06  1.8824597e-04
   730 : -3.3003199e-05  8.7190089e-06 -2.4915245e-05
   731 :  2.3425698e-13 -5.4143578e-13  1.4968500e-13
   732 :  1.6429832e-10  1.3143322e-10 -8.2674321e-11
   733 : -2.0138770e-05 -1.4069224e-05 -3.3443125e-05
   734 : -1.7338420e-01 -1.0869887e+00  1.0713102e+00
   735 : -4.5633655e-05 -5.5400416e-05 -5.5781711e-05
   736 : -2.6137215e-03 -2.7849899e-02 -4.5606977e-02
   737 :  5.2146423e-09  7.8999773e-08 -3.4844353e-07
   738 :  7.4909820e-03  3.4166175e-03  6.1493613e-03
   739 : -7.9383981e-03 -2.0985185e-02 -2.8012316e-02
   740 : -9.4349299e-05  2.6343752e-04 -6.4445594e-05
   741 : -2.2379906e-02 -3.3363546e-02 -8.0622404e-04
   742 :  1.5771524e-06  7.0709005e-06 -5.7264791e-06
   743 :  5.0136952e-05 -7.1263044e-06  4.5313670e-04
   744 : -1.7111711e-02  3.3215987e-02  5.9168303e-02
   745 :  1.9209354e-13 -3.4621703e-13 -1.5144853e-13
   746 :  5.1948882e-11 -3.2303401e-11 -1.5467678e-10
   747 : -1.8440602e-09  1.2803292e-07 -1.6571856e-07
   748 : -4.5386090e-05 -4.5395329e-05  1.4542576e-04
   749 : -4.0816889e-03  1.9080880e-02  4.1032831e-03
   750 : -1.3319994e-14 -3.1166885e-14  7.2089891e-14
   751 :  2.0662203e-02  1.2153329e-02  2.8148019e-02
   752 : -2.0493874e-06  6.1685912e-06  6.4608361e-06
   753 : -5.2709677e-03  1.7952452e-02 -4.0940842e-03
   754 : -2.1421804e-11 -1.1169045e-11  6.9638988e-11
   755 :  5.5359354e-02  5.0507484e-02  6.7296800e-03
   756 :  1.0044369e-07 -3.2589111e-07 -4.6699303e-07
   757 : -2.2501006e-22 -1.0553430e-22  1.5138780e-22
   758 : -9.8337861e-02 -1.1053649e-01 -8.5957931e-02
   759 : -2.7048201e-05  1.9613325e-05 -4.0380702e-05
   760 : -7.2788892e-09  1.9925302e-08 -6.2511212e-09
   761 : -5.4812221e-05 -5.0902815e-05  8.6724659e-05
   762 : -1.1553867e-01 -5.6377104e-03 -2.3863181e-01
   763 : -2.3259766e-18 -3.4094306e-18 -1.7653356e-19
   764 :  6.5825522e-19 -2.7355219e-18  1.5940339e-18
   765 :  4.1196746e-02  2.2225033e-02  3.0311249e-02
   766 :  2.9120306e-07 -1.0740650e-06 -1.1222664e-08
   767 : -1.2446456e-01 -2.9976419e-01 -2.1286467e-02
   768 : -1.2657137e-14  2.7025368e-14 -5.9767294e-14
   769 :  5.2061630e-02  5.1390054e-02  3.6645872e-02
   770 :  1.4914567e-04 -8.2402443e-05 -8.1524450e-05
   771 :  5.0094097e-03  5.5317098e-03  1.4163143e-02
   772 :  1.0635182e-02  2.7375582e-02 -6.7290404e-04
   773 : -7.3633465e-07 -8.4226029e-07  2.0739966e-06
   774 :  2.8659505e-03  2.9340389e-02  1.3175751e-02
   775 :  5.9813956e-03 -3.6839384e-01  4.5470149e-01
   776 :  9.1724486e-07  4.9780424e-06 -1.7595243e-06
   777 : -5.9520624e-05 -5.7179293e-05 -5.0739602e-05
   778 :  2.3339202e-05  4.7322773e-04 -1.5570136e-05
   779 :  4.1595291e-12  7.6944222e-12 -4.7883927e-12
   780 : -1.1502592e-01  9.9406043e-03 -4.2012582e-02
   781 :  1.0486811e-13 -6.5504679e-14  6.6051275e-14
   782 : -3.5302970e-23 -1.1354345e-24  6.2987301e-23
   783 : -8.9430712e-05 -9.1706895e-06  3.8165859e-04
   784 : -1.1398283e-06 -5.9853116e-05  2.8848799e-05
   785 : -2.1296288e-13  5.2547867e-13 -6.0955860e-14
   786 :  1.9715008e-02  5.3749048e-02 -2.5132831e-02
   787 :  9.7295165e-03 -2.6542745e-06  2.1770292e-02
   788 : -9.3594680e-14  1.1340870e-13 -5.5661137e-14
   789 :  8.3109269e-13 -1.9996731e-12  1.0216626e-12
   790 :  4.1481361e-04  6.9440874e-04 -2.3540958e-05
   791 : -5.6083971e-03 -2.4423792e-03  8.1981135e-04
   792 : -3.2638178e-03  2.8812512e-02  1.6320620e-02
   793 :  1.5692678e-02  3.6903488e-02  2.6505566e-02
   794 :  7.7422518e-05  4.8483134e-04  4.1523638e-04
   795 : -1.1449080e-02 -8.2644421e-04  1.1334285e-02
   796 :  3.6037267e-02  2.3539064e-02  3.1540961e-02
   797 :  1.5533759e-14  1.5099458e-15 -2.6282305e-14
   798 : -2.7000596e-03 -4.8621651e-03 -9.1147061e-04
   799 :  2.0467453e-08 -3.7012745e-07 -1.2951914e-07
   800 :  5.0055201e-02  4.0406951e-02  4.1550613e-02
   801 :  1.4914234e-12 -6.6066321e-13 -2.1701482e-12
   802 : -4.6614927e-05  4.2004373e-05 -1.4760081e-04
   803 : -2.3502853e-09  3.8199863e-09 -1.8083470e-09
   804 :  4.1246653e-02  2.9291982e-02  4.0181846e-02
   805 : -1.7598606e-05 -6.1747832e-05 -2.7016287e-05
   806 :  1.6442066e-11 -1.0738058e-11  8.2257679e-12
   807 : -1.5417150e-14 -8.4102428e-14  2.0050362e-14
   808 :  8.0989743e-03  4.2605130e-02  3.2974593e-02
   809 : -3.3122618e-08  8.0418549e-08  2.9776787e-08
   810 :  7.4355194e-14  5.7045735e-14  2.3602028e-14
   811 :  8.8538666e-23  3.0471871e-23 -1.7271801e-22
   812 :  1.3000610e-06 -8.7618515e-07  5.3892885e-06
   813 :  2.1209298e-07 -7.0254523e-05 -2.1487315e-05
   814 : -7.6680384e-22 -6.2547373e-23  8.9474753e-22
   815 : -5.4176961e-25  5.3140653e-25 -1.2566798e-24
   816 : -2.0983488e-19  6.9680793e-20  6.8035025e-20
   817 :  3.0194247e-21 -2.7906481e-21 -2.7616974e-21
   818 :  8.6614584e-23 -2.3290953e-22  1.1659453e-22
   819 : -1.9916842e-06  1.2528159e-06 -3.5366794e-07
   820 :  1.8180277e-22 -5.0423922e-22  1.0571758e-22
   821 :  3.7635403e-02  7.9261185e-02  2.3029356e-03
   822 :  9.4060847e-05  9.2009679e-04 -1.0828586e-03
   823 :  5.7605043e-10 -1.2821324e-09  3.5673718e-10
   824 :  2.4069751e-09 -4.4062310e-09 -2.6556631e-09
   825 :  2.7589559e-16  1.1799150e-16 -7.2628279e-16
   826 :  4.8776075e-03  4.3887199e-03  1.8714390e-02
   827 : -4.7055315e-12 -4.6986625e-12  4.6895089e-12
   828 :  6.4492516e-08 -2.3408049e-07  7.5812438e-08
   829 : -1.2327102e-04 -6.3820633e-04  4.4822317e-05
   830 : -4.9253319e-02  4.2623783e-02 -1.1796865e-01
   831 : -3.2736591e-03 -5.0469703e-01  3.8493456e-01
   832 :  8.5561799e-06 -1.3278767e-05 -3.9716697e-06
   833 : -6.6592773e-03  1.6919859e-01 -2.6231557e-01
   834 : -1.5518717e-20  1.4562984e-20 -1.6455160e-20
   835 :  3.4078663e-24 -1.4392638e-23  2.6388361e-23
   836 : -5.8176403e-05  4.6710472e-05 -1.3597865e-07
   837 :  2.0829454e-12 -1.7046441e-12  2.4191630e-12
   838 : -4.2517919e-03 -3.0925646e-03 -9.9295013e-04
   839 : -9.2134080e-09 -2.8264662e-09  2.2444561e-08
   840 :  5.0671252e-12 -3.5713570e-12  3.8053666e-13
   841 :  4.7279598e-10 -1.6072500e-10 -1.5058139e-10
   842 :  1.3538487e-06  9.1471894e-07 -9.5664566e-07
   843 : -4.0405622e-11  1.1600375e-10 -4.4281204e-11
   844 : -3.0574564e-06  2.7686029e-06 -1.1651447e-06
   845 : -4.2045376e-16  3.2485399e-16 -6.2165094e-16
   846 :  1.1529720e-04  3.2721890e-04  1.1778162e-04
   847 :  1.1446452e-07  5.7173778e-08 -1.6406502e-07
   848 :  8.9416390e-26 -1.7335512e-24  8.0318986e-25
   849 : -1.4958168e-09  4.3468851e-09 -3.5008767e-09
   850 :  2.7679704e-08 -6.7426195e-08  1.5512897e-07
   851 :  1.9038952e-09  1.1617619e-09 -6.6110922e-09
   852 :  1.7262425e-17 -5.3014445e-17  2.2970394e-17
   853 : -6.8516735e-04 -6.9141293e-03  1.1389102e-02
   854 :  6.4239490e-27 -1.4054006e-25  8.5409862e-26
   855 :  4.7033786e-02  3.0579504e-03  1.4642060e-02
   856 : -2.3742303e-03  1.0420211e-03 -4.9947883e-04
   857 :  4.4422512e-02  1.6370569e-02  4.3376294e-02
   858 : -2.6074056e-03  6.2998085e-04  9.6182029e-04
   859 :  2.5571225e-17 -8.1487334e-17  3.5186228e-17
   860 :  5.2888058e-04  5.8698132e-04 -3.0036784e-04
   861 :  1.0173350e-05 -4.7451633e-05 -8.7589536e-06
   862 : -5.2251583e-05  8.2944396e-06 -2.0593533e-05
   863 : -4.5995056e-03  2.9122111e-02  3.4230607e-02
   864 :  3.9632162e-02  3.5943725e-02  4.4662398e-02
   865 : -1.8572390e-02  5.0161515e-01 -3.9484711e-01
   866 :  1.4599777e-01  5.7756001e-02  2.7210503e-02
   867 :  8.1602507e-03 -1.0971210e-02  2.0357309e-02
   868 : -8.5888594e-07  4.7488543e-06  1.9606335e-06
   869 :  2.7705063e-06  1.1342158e-06 -2.2176001e-06
   870 : -1.5794822e-06  9.6522061e-07 -1.6389034e-07
   871 :  1.5420354e-02  2.0531625e-02  4.1041958e-02
   872 :  3.5572245e-02  2.2357267e-02  1.6391342e-02
   873 :  2.7511119e-03  2.5048116e-02  4.0162412e-02
   874 :  4.3410820e-02  3.7971529e-02 -2.4497231e-03
   875 :  5.4007200e-10 -7.8007877e-11 -2.0268331e-10
   876 : -7.9677633e-10  1.0519968e-09  1.4746261e-09
   877 : -1.8995080e-21  2.4185800e-21 -2.9599879e-21
   878 : -2.4520374e-19  6.0808196e-19 -1.4409045e-19
   879 :  1.9812597e-11  1.0441474e-11 -4.5826991e-11
   880 : -4.8385421e-11 -4.7410707e-10  2.5140558e-10
   881 : -1.6409625e-21  4.3743265e-22  7.5224257e-22
   882 :  2.0888653e-20 -1.4929900e-20 -2.8969239e-20
   883 : -1.9143141e-11  9.4881203e-12 -1.1551057e-12
   884 :  5.5703256e-12  1.8455668e-10 -7.1587083e-11
   885 : -2.3459420e-04  2.4680663e-04  3.2263226e-04
   886 :  1.7277850e-04 -2.2340256e-05 -9.9566020e-05
   887 :  7.6613893e-04  4.5519779e-04 -1.2549128e-03
   888 : -2.0709818e-03 -3.2385156e-03  1.2951280e-03
   889 : -4.4163160e-02 -5.9907191e-02 -2.8101741e-02
   890 : -2.1529333e-02 -1.5061409e-02 -4.7503484e-02
   891 : -9.6701025e-11 -9.1981670e-11  2.6027732e-10
   892 :  5.7317169e-09 -1.2692267e-08  1.8410846e-10
   893 :  2.5492432e-04 -8.3672127e-05 -9.8393777e-05
   894 : -6.4137069e-05  1.9474660e-04  4.5949812e-04
   895 : -3.2161537e-03 -2.1333295e-02 -5.0033077e-02
   896 : -1.2752751e-02 -1.4033649e-02 -5.4228008e-02
   897 :  6.8185650e-12 -1.9687144e-12  8.7266848e-13
   898 :  2.1577312e-11 -2.1455147e-11 -1.7772594e-11
   899 :  1.7117129e-02 -7.7710245e-03 -2.0379311e-02
   900 : -2.0678642e-02  5.1168115e-03  1.8082941e-02
   901 : -2.7516268e-05  1.5021217e-05 -1.1768705e-05
   902 :  2.5106796e-05  2.6720712e-04 -1.0454506e-04
   903 :  8.6984360e-04  1.5267702e-02 -7.7359406e-03
   904 : -4.9328089e-03 -1.8039807e-03 -3.7283456e-03
   905 :  4.0313903e-02  4.4517471e-02  3.6176974e-02
   906 :  4.3575002e-02  2.5853914e-03  1.8194838e-02
   907 :  3.5121587e-02  3.8377753e-02  4.1325436e-02
   908 : -9.7788305e-04  1.3696634e-03 -1.6937112e-03
   909 : -2.1936737e-03  1.1648973e-02 -3.9340886e-03
   910 :  1.5915764e-02  3.9441197e-02  3.3769323e-02
   911 :  2.6872310e-02 -2.0053043e-03  1.5035381e-02
