Number of elements 912
     0 : -1.0000626e-04 -1.0818294e-05  2.2842674e-04
     1 :  3.1203802e-02 -3.4970854e-02  1.1071753e-02
     2 :  1.3806712e-02  1.8837049e-03  1.3739038e-02
     3 : -2.5006359e-03 -1.6264432e-04 -1.1762012e-03
     4 :  2.2164746e-03 -1.4613413e-03 -3.6968229e-04
     5 : -3.6003268e-02  1.6997437e-03  3.1568388e-02
     6 : -1.1436599e-09 -1.5673762e-09  3.5691431e-09
     7 : -1.3398249e-01 -5.2354814e-02  3.0626033e-02
     8 : -8.2792152e-03 -4.5914196e-03 -8.9930938e-03
     9 :  1.4927996e-08  1.2144086e-08 -3.6537722e-08
    10 : -1.5423353e-02  7.0380208e-03 -1.4015200e-02
    11 :  6.6411203e-10 -1.3623103e-09 -6.8944841e-10
    12 : -7.9681350e-05  1.8955554e-01 -1.9035690e-01
    13 : -2.8230272e-03 -2.5675469e-03  6.5019927e-04
    14 : -2.3774565e-03  1.0139440e-02 -1.7727488e-03
    15 : -8.0322286e-03  2.2659259e-03 -5.4778489e-03
    16 :  4.8395659e-11  2.2092728e-10 -1.1640237e-10
    17 :  1.5829752e-06  6.5144883e-06 -1.3825901e-05
    18 :  3.6309883e-04 -1.6119576e-03 -2.9040525e-04
    19 :  3.8806247e-12  6.6237469e-12  2.4473666e-12
    20 :  7.1537294e-06  3.9307413e-06 -3.5025972e-05
    21 :  3.6378697e-03  7.9963589e-03  1.1579336e-02
    22 :  1.1054902e-03  1.1807824e-03  5.0100585e-03
    23 : -6.3712404e-11 -9.5832203e-11 -1.4296638e-11
    24 :  1.0277206e-02 -1.9236515e-02  7.9144723e-03
    25 :  8.6849037e-13 -9.5377189e-12  3.5868739e-12
    26 : -6.1153896e-03  1.5612204e-02  1.1659434e-02
    27 : -5.9759719e-03  3.8732195e-03 -4.0516249e-03
    28 : -4.9071782e-04 -1.4092503e-02  1.8640206e-02
    29 :  1.9713905e-02  3.3342823e-03 -1.5449170e-02
    30 : -8.8810938e-03 -1.2112854e-02  4.9708789e-03
    31 : -3.0713638e-03  4.3990948e-03  1.1522712e-02
    32 : -2.8742769e-08 -1.3750356e-08  6.2887985e-08
    33 :  2.8850529e-03  4.0908166e-03  1.4992416e-03
    34 : -2.3571871e-13  7.3463856e-13  6.1303010e-13
    35 : -3.1841822e-04  4.9011132e-03  1.1269454e-02
    36 :  3.4961555e-03  5.2256834e-03 -1.4280163e-03
    37 :  4.4977346e-03  4.1248262e-03  7.6193764e-03
    38 :  3.8363453e-03  1.3613084e-02 -2.9729964e-03
    39 : -9.9385513e-03 -1.0400367e-02  3.6261100e-03
    40 : -9.3710873e-03 -2.8404899e-01  3.0417811e-01
    41 :  3.7164150e-03  2.0278520e-01 -2.4864331e-01
    42 : -1.0740818e-11 -1.5829792e-11  1.9450326e-11
    43 :  6.9421781e-06 -2.2059491e-05 -2.1322211e-05
    44 :  7.0447262e-03  7.2851434e-03  5.3640445e-03
    45 : -1.0419387e-03  4.3930377e-04 -8.7204842e-04
    46 : -2.3269118e-03 -9.2627382e-05 -4.1638310e-04
    47 :  1.0076775e-07 -5.0585359e-08  8.8002643e-08
    48 :  8.7965143e-11 -8.9633321e-10  2.6699965e-10
    49 : -9.0887609e-03 -5.5205305e-04 -2.2983833e-03
    50 :  3.5736399e-03  4.5855872e-03  3.0955798e-03
    51 : -1.1097258e-02 -5.1994856e-03 -1.1058086e-02
    52 :  1.9815847e-03 -1.0126875e-02 -3.2539984e-03
    53 : -2.9027318e-09 -4.2775002e-10  2.5718452e-09
    54 : -1.9674226e-03  1.6906126e-04 -1.4847325e-03
    55 : -8.1881866e-04 -2.9045236e-03 -1.3892335e-03
    56 : -1.7249618e-03 -2.0075287e-03  1.5521921e-04
    57 :  5.9687820e-03  1.0128310e-02 -5.8967139e-03
    58 : -2.9510909e-03 -1.8262712e-01  2.0450533e-01
    59 : -1.1935947e-03 -5.7904155e-03 -6.3147558e-04
    60 : -1.7530334e-03  1.5231001e-03  8.8967501e-03
    61 : -6.8948825e-03 -3.4095593e-03 -4.7656010e-03
    62 : -1.0755134e-02 -9.1380804e-03  7.8404344e-03
    63 :  7.2207644e-03  1.1305596e-02  1.4862593e-02
    64 : -7.2591133e-03 -5.2141710e-03 -2.7965487e-02
    65 :  1.0572787e-02  3.9959109e-03  1.5383256e-02
    66 :  1.1198503e-02  4.0641733e-04  6.9468018e-03
    67 :  4.3795980e-09 -5.3783745e-09 -8.0664345e-09
    68 :  4.3336141e-10 -3.9601864e-09  1.4871952e-09
    69 :  5.3608724e-09 -6.4413816e-09 -7.3407460e-09
    70 :  1.6541340e-04  2.6316371e-04  9.0749293e-04
    71 :  2.0712262e-02  9.7061857e-03  5.2424326e-03
    72 : -4.9288340e-11  1.9944796e-10 -3.7120486e-11
    73 :  8.2432026e-03  6.6240044e-03  6.7267762e-03
    74 : -2.0326981e-05  9.2006799e-05 -4.4043865e-05
    75 :  2.3039652e-06 -1.3509824e-06 -2.3984826e-06
    76 : -4.2716936e-12  7.3176293e-11 -1.0168809e-11
    77 : -6.2788267e-07 -3.4894089e-07  6.5168170e-07
    78 :  5.9820881e-09 -1.7484728e-08  7.3899385e-09
    79 : -4.3326076e-05 -5.4686001e-06 -2.6875092e-05
    80 : -5.9733117e-16  1.6035902e-15 -2.2294235e-16
    81 : -2.0409248e-07  3.3997671e-07 -3.0586332e-08
    82 :  1.6803881e-02  3.5447150e-01 -3.2968706e-01
    83 : -5.3434780e-13  6.0653641e-15  1.5459815e-12
    84 :  4.9462986e-12 -2.5393056e-11  1.1803148e-11
    85 :  9.9445696e-03  1.3928115e-01 -1.3398532e-01
    86 :  3.0461037e-06  3.1682866e-06 -1.0834024e-05
    87 :  3.4039151e-06 -2.3532950e-05 -1.2992472e-05
    88 :  4.5324637e-03 -4.5420721e-02  6.6227511e-02
    89 : -3.9066394e-03  3.6877077e-03  4.4608469e-03
    90 :  2.9842081e-11  7.4343147e-11 -6.7670984e-11
    91 :  2.6178947e-04 -2.1400028e-03 -1.2448625e-03
    92 : -6.6660760e-04  2.6730844e-03 -1.9043460e-03
    93 : -8.3526491e-15  6.7719525e-15  8.5924017e-17
    94 :  9.8293031e-05 -1.8873754e-05 -2.1734486e-05
    95 : -1.1427925e-09  4.8244996e-10 -4.8409015e-12
    96 :  2.6679769e-03 -1.0546647e-03  1.3547994e-02
    97 :  1.2027417e-03 -4.0186810e-03 -8.2644034e-04
    98 :  1.1325975e-02  2.5798487e-03 -8.3814766e-04
    99 :  9.6606501e-09  2.0596716e-08 -5.6708438e-09
   100 : -1.6341350e-08 -1.5273537e-08  3.3514915e-08
   101 :  2.7731334e-04  1.0314787e-02  6.4286837e-03
   102 : -2.8995736e-03 -2.5889286e-02  2.3693115e-02
   103 : -2.7608189e-13  2.2936256e-13  4.3008074e-13
   104 : -5.6102620e-04  2.3529250e-04  3.1845525e-04
   105 : -1.1944985e-02  1.1530530e-02  1.2611859e-02
   106 :  1.2941851e-02  1.2678257e-02 -2.2601908e-03
   107 :  1.0021023e-03 -5.9178618e-02  4.2029650e-02
   108 : -8.8550299e-03 -9.4193979e-03 -1.4764130e-02
   109 :  3.3614847e-03 -4.3060803e-03 -7.3691344e-03
   110 :  7.8296540e-03  7.2407920e-03  9.3561586e-03
   111 : -2.0550810e-02  9.6366072e-03 -1.5153544e-03
   112 :  1.2477287e-07 -1.0711999e-07 -1.6640645e-07
   113 : -1.1546847e-02 -2.1487367e-03 -4.7917244e-03
   114 :  2.1065076e-02  2.2434207e-02  6.4582268e-03
   115 : -1.1069451e-02  1.8349776e-02 -5.5914415e-02
   116 :  9.1989130e-03  2.1123481e-02 -8.9058271e-03
   117 :  1.8759906e-04 -9.6019648e-04 -1.2749024e-03
   118 : -5.1410437e-04  2.6664637e-02  1.2622698e-02
   119 :  2.0490594e-09  9.2334496e-10 -2.8226802e-09
   120 : -1.6073662e-03  4.3498485e-04 -1.2811569e-03
   121 : -2.5143190e-07  1.3317784e-06 -2.0690704e-07
   122 : -2.9148929e-04  5.7642643e-02 -6.8426127e-02
   123 : -7.6462707e-13 -7.8021809e-13 -3.5137882e-13
   124 : -1.7946546e-09  5.3719396e-09 -1.8802937e-09
   125 :  1.7964054e-16 -5.1810701e-16  1.8812650e-16
   126 :  3.3439803e-07  5.2615999e-06 -1.5132273e-05
   127 : -2.5716743e-06  7.2995411e-06  5.0608347e-06
   128 :  1.1372997e-03 -4.7329969e-03 -4.2425350e-03
   129 : -6.8819297e-05 -4.9698518e-06  2.5139295e-04
   130 : -6.0382157e-03 -4.7613694e-03 -4.1750200e-03
   131 :  2.6537676e-03  1.5422053e-03  9.4114368e-04
   132 : -9.7181203e-04  1.5161652e-02  8.2840493e-03
   133 :  4.9996725e-03 -2.9727744e-03  1.0957750e-02
   134 : -6.4859351e-03 -3.1206853e-03 -6.0885703e-03
   135 : -3.8869333e-01  4.9618409e-02  1.1639720e-01
   136 : -7.8839955e-03 -1.6682372e-02  1.2152034e-02
   137 : -4.0796381e-03 -1.6367728e-03 -3.0189325e-03
   138 :  7.5234726e-04 -3.9305507e-02  4.6790291e-02
   139 : -1.1536775e-02 -3.4605980e-02  2.7237835e-02
   140 : -2.6405951e-08 -1.3935083e-07  5.1619987e-08
   141 : -1.1008170e-07  2.0746255e-07 -2.2094943e-07
   142 :  1.6440145e-02  1.4713407e-02  1.4751753e-02
   143 :  6.8737009e-10 -1.7389494e-09  1.6390163e-09
   144 :  2.2818136e-03  9.9546039e-03  1.6139117e-02
   145 :  3.5748109e-02 -1.0938481e-02  7.9298929e-02
   146 :  1.1604607e-04  2.0080007e-04  6.9258990e-05
   147 : -4.3378542e-10  6.2915967e-11  1.6425089e-10
   148 : -1.7058169e-04  3.6340351e-04 -2.1130367e-04
   149 : -2.1712190e-03 -9.8035951e-03 -6.8536117e-03
   150 :  4.3793984e-02 -4.3568969e-03  5.7813895e-03
   151 : -5.0938514e-07  8.4497872e-07  1.8608323e-06
   152 :  9.8315193e-05 -2.3499007e-05 -2.2750990e-05
   153 :  5.1336399e-02 -1.1336654e-02 -2.3927553e-02
   154 : -7.4436555e-15  3.4928542e-16  1.6445011e-15
   155 :  1.0079288e-09 -4.7647074e-10  6.1833130e-10
   156 : -1.8798391e-11  4.2720098e-11 -1.9800077e-11
   157 : -4.4876120e-04  1.2519416e-03 -1.5995267e-03
   158 : -1.5313691e-02  1.6743814e-02  1.1607454e-02
   159 :  2.1170874e-03  1.3327437e-02 -1.0341549e-02
   160 :  6.6143805e-14 -4.8880300e-14 -1.0956253e-14
   161 : -2.7929469e-13 -9.1157877e-14  3.4244529e-13
   162 : -1.4580712e-02 -7.2600672e-03 -9.0517001e-03
   163 : -1.0830823e-02 -1.5132427e-02 -1.1960702e-02
   164 :  1.9178622e-06 -4.7888420e-06  2.1400209e-06
   165 :  7.4104800e-03  2.0596587e-02  1.6682015e-02
   166 : -2.5419814e-10  6.1920302e-11  4.1968861e-10
   167 : -9.0875443e-03  5.7598949e-03 -1.6772906e-02
   168 :  8.0801016e-03 -1.5334734e-03 -1.7038881e-03
   169 :  4.5406711e-03  2.4536383e-02  1.7897850e-02
   170 :  1.1807942e-10 -2.4750853e-11 -1.0966782e-09
   171 :  1.1049151e-09  6.9073067e-10 -2.5879311e-09
   172 : -2.3648131e-03  4.8613852e-03  1.3148323e-03
   173 : -1.1910837e-02  8.3463400e-04 -1.5481218e-02
   174 : -1.1296612e-02 -4.7808125e-03 -1.3705455e-02
   175 : -5.6471442e-04  1.0981703e-04  1.9365786e-04
   176 : -5.8694799e-09  1.5219377e-08  1.8461177e-08
   177 :  1.4520775e-02 -5.4185422e-03 -5.0325750e-03
   178 :  2.9989937e-02  4.9814661e-01 -4.7918005e-01
   179 : -5.8674461e-03 -4.6285689e-03  6.2027263e-03
   180 :  8.0630983e-11  9.6213786e-11 -1.7998684e-10
   181 : -1.0841452e-03 -2.6993628e-03  1.8136428e-02
   182 : -2.2975817e-05 -1.5763066e-05  5.7423529e-05
   183 : -4.0656037e-04 -3.4629401e-03  1.0356763e-02
   184 :  1.9879247e-13  3.0392379e-13 -3.5144615e-14
   185 :  4.9058815e-06  7.7786439e-06 -1.0886115e-06
   186 : -5.7466486e-04 -1.1535326e-03 -1.8286411e-03
   187 : -3.8191141e-03  5.2590115e-03  1.1960200e-02
   188 :  1.1362215e-02  3.3525975e-01 -3.2099849e-01
   189 : -1.4026713e-02  4.8412268e-04 -1.1797032e-02
   190 :  1.1391180e-02  8.9739939e-03  1.3165818e-02
   191 : -1.7278166e-12 -4.7865056e-13  1.0698996e-13
   192 :  7.4730950e-03  1.3204224e-02  1.3056540e-02
   193 : -1.1632657e-02 -4.8425858e-03 -1.7573265e-02
   194 :  1.4005951e-02  1.7794158e-01 -1.7199643e-01
   195 :  9.8850707e-03  1.1363376e-03 -4.5109019e-03
   196 : -5.2303603e-11  1.0097628e-10  1.4522280e-10
   197 :  6.8210862e-10 -1.1693424e-09 -4.6975928e-10
   198 :  9.1811270e-03 -3.0326445e-03  2.3462374e-03
   199 : -1.5908655e-02 -1.8263794e-02 -6.4033236e-03
   200 : -7.1007635e-10 -6.0920166e-10  1.4774552e-09
   201 :  9.4360900e-04 -5.3816475e-03  2.3899204e-02
   202 : -1.8300939e-03  1.5545658e-02  1.2392646e-02
   203 : -1.1438486e-11 -5.6501174e-12  6.1890683e-12
   204 : -3.2769032e-03  1.2543845e-02  1.7948368e-03
   205 :  2.0086259e-03  4.0893838e-03  2.5823134e-03
   206 :  5.6722784e-12 -3.1126046e-12 -3.3504922e-12
   207 :  7.5994231e-10 -4.5101324e-10  3.1798182e-10
   208 : -1.7186666e-06 -1.1745391e-06  5.2506202e-06
   209 : -1.0350457e-01  7.0533365e-02  4.5761605e-02
   210 :  3.7369601e-03 -1.4418753e-03  3.0968364e-02
   211 : -1.0243833e-11 -2.4436623e-12  1.0136827e-12
   212 :  1.9437702e-03  8.5689905e-03 -1.4631450e-02
   213 :  1.5932126e-09  1.4077523e-09 -2.8941831e-09
   214 : -2.1362608e-03 -1.2224823e-03 -9.8184309e-03
   215 :  1.3655016e-02  8.8366523e-03  2.9264484e-03
   216 : -1.6283903e-02  1.2910018e-02  1.3302069e-02
   217 : -8.6025957e-15 -4.7523307e-15  8.2370334e-15
   218 :  4.1196989e-07 -8.8257420e-07 -8.0418162e-07
   219 :  2.4466411e-03 -6.6908587e-03 -8.0521801e-03
   220 : -3.8403377e-06  2.4392900e-06 -1.4783187e-05
   221 : -6.2141595e-09  9.7095438e-09  1.6391106e-08
   222 : -2.1411308e-03  6.0994270e-03 -3.2507397e-03
   223 :  8.1422293e-03  4.9417469e-03  6.4949638e-03
   224 : -5.1919719e-03  1.1044526e-02 -2.0657798e-03
   225 :  1.4571824e-05 -4.6645389e-06 -4.9239451e-05
   226 :  5.6691185e-08 -1.8158199e-08 -1.5684928e-08
   227 : -1.4005651e-03  2.4302832e-04  3.0319859e-04
   228 :  3.8098100e-05 -9.3814980e-02  1.1262521e-01
   229 :  2.2015185e-04  1.6720099e-04 -9.5313419e-05
   230 :  1.5583222e-09  2.5087460e-09 -1.6168733e-09
   231 : -8.1301372e-10  2.1035126e-09 -8.0214569e-10
   232 :  6.0039962e-15  6.0943247e-15 -5.4035153e-15
   233 : -4.7654826e-09  2.2125815e-08  4.1518721e-09
   234 : -2.5346597e-03 -6.1239783e-03 -3.7618923e-03
   235 : -1.1138556e-02  3.5368770e-02  1.8835968e-02
   236 :  8.0387449e-08 -1.4789493e-07 -5.4207974e-08
   237 :  1.9372160e-06 -9.0613535e-07  3.3207085e-06
   238 : -3.8471522e-12 -4.0721358e-13  1.8862156e-12
   239 :  8.2753357e-09 -1.5433093e-09  9.4276980e-09
   240 : -2.9562000e-11  3.3555164e-11  6.9821799e-11
   241 : -7.4265142e-03 -6.2941411e-03 -5.3270399e-03
   242 : -2.5739735e-02 -9.0040685e-04 -8.6854728e-03
   243 : -1.1179273e-03  4.9892853e-03 -1.8053943e-03
   244 :  1.0243485e-02  1.1971916e-02  6.8159098e-03
   245 :  1.2402715e-07  1.6325804e-07 -3.7560310e-07
   246 : -5.1992596e-04 -3.6113357e-04 -3.4422569e-06
   247 : -3.6434435e-03  4.6315100e-03 -7.3862856e-03
   248 :  1.1984321e-14  9.6641738e-14 -6.3027341e-14
   249 :  4.3888107e-06 -1.0256847e-05 -1.9438029e-05
   250 : -6.6306529e-03  2.7176648e-03 -1.1359555e-02
   251 :  8.9663064e-04 -3.8550641e-03 -3.7233764e-04
   252 :  2.7597445e-08 -1.5933512e-08 -1.3962149e-08
   253 : -2.6184694e-11  3.1428488e-11 -2.5570495e-11
   254 : -6.9124656e-03 -2.3269979e-03 -2.6575140e-03
   255 : -1.3519434e-03 -2.0589941e-03 -4.7856941e-04
   256 :  8.0610197e-03  8.2609857e-03 -1.2920209e-02
   257 :  8.0602291e-03  9.3801715e-03  6.4998340e-03
   258 : -3.2578201e-04  3.4930256e-04 -2.2547718e-03
   259 :  4.8094511e-07 -4.2982148e-07  1.3530851e-06
   260 : -1.2957353e-02  5.6576860e-03  3.9041408e-03
   261 :  1.8975165e-02  5.3033973e-03  2.0668207e-04
   262 :  1.6098530e-07 -2.6166846e-07 -1.3193174e-07
   263 :  5.1218199e-09 -6.2965961e-09 -1.0419896e-08
   264 :  8.1846063e-04 -1.2495057e-03 -1.3974526e-03
   265 : -9.0137695e-03 -2.6136208e-03 -5.3474459e-03
   266 : -4.2329460e-05 -9.4445280e-06 -1.9004171e-05
   267 :  4.3559707e-06  2.2713505e-04 -4.2998821e-05
   268 : -3.0887312e-11 -7.7057488e-11  3.8584950e-10
   269 : -6.8661095e-03 -3.5429939e-03 -3.9617225e-03
   270 :  4.0492364e-04 -1.2892394e-03  1.9858942e-04
   271 : -2.5969297e-03 -7.8345484e-03  8.3693994e-05
   272 :  1.4895678e-04 -4.0617718e-05  1.1069148e-04
   273 : -8.3917634e-09  1.5770802e-08  6.6998319e-09
   274 : -1.1728166e-02 -2.3664311e-03  4.2270190e-03
   275 : -4.7436640e-08  1.0174946e-07 -2.7845184e-07
   276 :  1.7230361e-02 -6.2888805e-03 -7.0563477e-03
   277 : -4.7804122e-09  8.6459978e-09  1.9381975e-08
   278 : -1.0105192e-02 -1.3766661e-02 -6.5860969e-04
   279 :  9.2245765e-03  2.0711103e-02  1.1030024e-02
   280 :  1.0425006e-02 -1.5373014e-03 -6.2850428e-03
   281 : -9.1142682e-04  4.3017286e-03  1.1062508e-02
   282 : -1.4764876e-03  3.4426238e-04 -2.7945702e-04
   283 : -5.0611547e-06  8.9839462e-06  1.9110740e-06
   284 : -7.2018952e-10  8.3144029e-09 -1.0948739e-08
   285 : -1.5471316e-02 -9.2391119e-03 -1.0402651e-02
   286 :  2.5401876e-03 -2.4509882e-03  4.4666439e-03
   287 :  2.9858567e-02  6.3027382e-03 -1.6822315e-02
   288 :  6.7907988e-04 -1.5755306e-03  2.0591732e-03
   289 :  1.0655654e-02  1.5412012e-02  1.0739915e-02
   290 : -1.3640129e-02 -9.5633648e-03 -1.1469428e-02
   291 :  1.9648574e-02  1.1563802e-02  8.2991806e-03
   292 :  6.7234995e-03  6.7629690e-03 -1.8170472e-03
   293 :  5.6613534e-06 -5.3379953e-06 -8.0865260e-06
   294 :  1.4688635e-03 -1.4624761e-03 -3.8721117e-03
   295 : -4.8023429e-12 -1.4019624e-11  3.7465438e-12
   296 :  1.2607688e-02  1.3997453e-02  1.1985183e-02
   297 :  3.7249092e-03  1.6662176e-02  1.4018345e-02
   298 :  3.7257522e-02 -1.7783220e-02  9.9761827e-02
   299 :  1.6447756e-12  6.4808193e-13 -2.4253894e-12
   300 :  9.4607012e-03 -3.3189415e-03 -1.0177267e-02
   301 :  1.7968564e-05 -2.8284376e-05  8.1586166e-03
   302 : -7.0020863e-04 -3.8960839e-02  4.3961389e-02
   303 : -1.3898301e-02  7.9340203e-03  2.1910833e-02
   304 : -5.7839506e-03 -9.5428837e-03 -1.9509578e-03
   305 : -1.6473880e-03 -3.5356812e-04  3.0948263e-04
   306 :  6.4454510e-03  6.4677445e-03  9.3486054e-03
   307 :  3.7751075e-03  1.4674804e-02  4.4713373e-03
   308 : -8.9500553e-04 -2.2309303e-03  8.0014779e-03
   309 :  9.6148381e-12  5.5661415e-12 -1.6876700e-12
   310 :  1.1010528e-02  2.4371394e-02  1.6719123e-02
   311 : -1.0535124e-02  4.6754112e-03  1.6763462e-02
   312 : -1.9044894e-10  1.6959988e-10  2.3643245e-10
   313 : -4.7803896e-07  5.7794716e-06 -1.4192078e-06
   314 : -2.7737871e-12 -4.5894409e-12  1.4791669e-11
   315 :  3.1204829e-08  1.0205316e-07 -3.2844784e-08
   316 :  7.3883664e-03  9.7293307e-03  8.5849432e-03
   317 : -4.2231567e-13  1.3118334e-12  4.4652477e-13
   318 : -3.4386000e-04 -7.4670932e-04 -2.9184295e-03
   319 :  2.3146314e-03 -8.6989605e-03 -7.6084006e-03
   320 :  3.4683682e-03  2.4042563e-02  1.6714429e-02
   321 : -1.1570108e-03  8.9197554e-03 -1.6199575e-03
   322 :  2.4647132e-12 -6.4332777e-12  1.0563411e-12
   323 : -3.1381589e-13 -1.6120204e-12  3.1862136e-13
   324 :  1.2926307e-07 -5.9759504e-07  1.2794661e-07
   325 :  2.8019710e-06 -5.1765443e-07  3.1131050e-06
   326 :  6.6525687e-02 -1.4811508e-02 -2.4683670e-02
   327 :  2.2330696e-02  4.0308113e-01 -3.7149712e-01
   328 : -8.3525596e-03 -5.2618610e-03 -6.2874262e-03
   329 : -6.9351685e-08 -5.0910788e-07  2.8772660e-07
   330 : -1.7729957e-13 -6.9120558e-14  5.4748688e-13
   331 :  5.8953907e-04 -8.3465460e-05 -1.5394215e-03
   332 :  3.9997798e-03 -1.2614359e-03  2.1616588e-02
   333 :  1.0152392e-06 -2.5514402e-07  5.6778103e-07
   334 :  4.0573999e-04  5.0012900e-03  2.5095507e-03
   335 : -2.3103443e-03 -6.3293266e-02  6.5903636e-02
   336 : -6.8689091e-03 -4.0877316e-02 -1.4794572e-02
   337 : -2.3531634e-11  5.2837270e-11 -1.3592294e-10
   338 :  5.0715159e-03  6.3277028e-03  5.5573154e-03
   339 :  3.5494038e-08 -1.4585484e-07 -1.4471860e-07
   340 : -3.0371557e-03  7.0900355e-04 -2.4531689e-03
   341 :  7.1502761e-12  9.5112160e-11 -4.8567033e-11
   342 : -4.1220933e-08  6.5543444e-08  5.1004143e-08
   343 :  1.1313804e-02 -8.4026457e-04 -2.2831752e-03
   344 :  2.7250819e-03  1.6203765e-03  9.7111806e-04
   345 : -9.8825105e-03 -4.7238392e-03 -2.7707115e-03
   346 :  8.8561236e-08  5.8116210e-08 -3.6374566e-08
   347 : -1.1287763e-03  5.9936280e-03 -5.6793219e-03
   348 : -2.3204267e-03 -4.6026225e-03  2.6143239e-03
   349 : -1.9883379e-03  1.4709121e-04 -1.4418651e-03
   350 :  7.3568454e-04 -6.9701472e-03 -3.1209411e-03
   351 :  7.7421988e-06  4.4997780e-06 -1.0074891e-06
   352 : -2.0996168e-02  2.1262353e-02 -1.6706847e-02
   353 : -5.0572988e-03  1.2433779e-03 -6.2332457e-03
   354 :  3.6437124e-03 -8.1037017e-04  3.3333792e-03
   355 :  4.5369816e-04 -6.1086482e-03 -2.6269336e-03
   356 : -1.2478771e-10 -1.1087656e-10  1.8302161e-10
   357 :  1.3782815e-02  2.1837754e-03  1.7414104e-02
   358 :  2.4351635e-04 -1.4782022e-03 -1.3008550e-03
   359 :  7.5520477e-16 -1.8901372e-15  1.6573610e-16
   360 : -5.1015799e-03 -8.5568237e-03 -1.1171690e-02
   361 : -1.8646070e-05 -1.1722122e-05  2.9835617e-06
   362 : -1.2624665e-03 -1.4367348e-03  7.5572241e-04
   363 :  3.7804811e-04  1.5513627e-05  3.0322627e-04
   364 : -6.0043296e-05  1.0642714e-04 -2.8737559e-05
   365 :  1.6878055e-02  5.6655879e-02 -1.8921025e-02
   366 :  1.3662763e-10 -1.7848854e-10 -4.7019530e-10
   367 : -1.0161230e-02  1.5215928e-03 -1.7348353e-02
   368 : -1.1406197e-03  2.9238737e-03  1.5688277e-03
   369 : -1.4276788e-03 -2.1645491e-04  1.2240365e-02
   370 : -1.3205286e-03  7.0747304e-03  1.8479185e-03
   371 : -7.9002535e-10 -4.1867326e-10  1.0976818e-09
   372 :  6.9629357e-03  1.0402465e-02  1.3554320e-02
   373 : -4.2160327e-03 -6.5226721e-03  2.3238168e-03
   374 : -3.8849766e-03 -3.5644095e-03 -5.9366375e-03
   375 :  1.5902829e-06  1.9654159e-06 -3.2889746e-07
   376 :  4.5993946e-11 -4.8580352e-11 -6.8489054e-11
   377 :  1.4042361e-02  1.1675673e-02  5.1431047e-03
   378 :  2.2471339e-03  1.7190576e-02 -1.5604244e-03
   379 : -7.7935624e-14  1.8501911e-13 -5.8335583e-14
   380 : -2.2937015e-03  5.1471726e-03  1.0304851e-02
   381 : -6.5472297e-04  2.2470099e-04  1.8282871e-04
   382 : -4.8717293e-05  1.1133701e-04  4.0634449e-05
   383 :  7.1925251e-03  1.1102680e-02  4.1068533e-03
   384 :  1.8062882e-06 -1.2318760e-05  3.0896680e-06
   385 : -1.3753189e-02  5.9076564e-03 -1.4511448e-02
   386 :  7.3989660e-03  7.2767719e-03  6.3096066e-03
   387 :  1.5233465e-07 -6.2629683e-07 -9.0460757e-07
   388 : -7.8741903e-03 -4.2748714e-03  2.8091483e-03
   389 :  3.4658712e-04 -8.4878844e-04 -4.7129492e-04
   390 :  1.2180446e-03 -2.8845952e-02  2.9645811e-02
   391 :  1.4454135e-04 -1.3541800e-03  5.8440669e-04
   392 : -1.4013512e-03 -7.2914282e-03 -4.9088793e-03
   393 :  1.9427944e-03  8.4556993e-03  1.1409213e-02
   394 :  1.4962304e-05 -4.9184712e-05 -5.1918048e-05
   395 :  1.5066659e-02 -1.8321810e-03  1.1812034e-02
   396 : -3.3865002e-13  5.2780345e-13 -1.1738954e-12
   397 :  2.1591789e-03  1.1522290e-02 -3.7836768e-03
   398 : -1.6566293e-02 -1.7448306e-02 -4.0739864e-03
   399 :  7.1030299e-03  9.5718761e-03  7.1427551e-03
   400 : -1.0404607e-02 -6.1226873e-04 -6.0880634e-03
   401 :  1.3229928e-03 -2.3800755e-03 -1.4756924e-02
   402 :  9.3508917e-05 -2.0320160e-05 -2.0846661e-05
   403 : -8.6989536e-05  2.8759906e-04  1.0128008e-04
   404 :  4.3642973e-11  6.9247099e-11 -2.3750083e-10
   405 :  1.3610483e-02  1.1847550e-02  1.4323231e-02
   406 : -4.4197584e-03 -6.5951161e-03 -7.8849917e-03
   407 :  4.9180593e-03  4.4531229e-03  1.9587486e-03
   408 : -6.8663498e-03  4.4139204e-03  1.9690423e-03
   409 : -1.7336796e-02 -1.1734453e-03  1.2406184e-02
   410 :  5.3872328e-03  9.9668592e-03  6.3430325e-03
   411 :  2.0987391e-02 -1.4744573e-02  1.0374922e-04
   412 :  4.9465730e-04  1.4965637e-03 -1.1148895e-03
   413 : -1.2559526e-11 -1.1596877e-11  3.9674362e-11
   414 : -4.3644346e-03 -4.7928318e-03 -8.7044524e-03
   415 :  1.2926420e-02 -8.3183590e-03 -1.1902028e-02
   416 :  3.2579968e-08  4.3234253e-12 -1.7295364e-07
   417 :  1.2764169e-02  6.8052876e-03  1.4782438e-02
   418 :  8.4709812e-03  6.3562667e-03  3.6644961e-03
   419 : -2.3680092e-09  4.9862474e-09 -5.4915003e-10
   420 :  1.1995746e-09 -2.2030917e-09 -1.4360885e-09
   421 :  1.3692277e-07 -5.8358332e-07  1.6868496e-07
   422 : -1.7838721e-04 -3.0550527e-03  2.9510852e-03
   423 : -1.9384468e-02  4.6171452e-02 -8.3038564e-03
   424 : -3.8438906e-05 -8.0811453e-06  7.5516079e-06
   425 : -3.1249418e-06 -1.9769668e-06  8.9214408e-07
   426 :  1.7559102e-04  1.6628723e-04 -4.5228135e-05
   427 : -1.4484234e-03 -8.5216192e-04  5.4428745e-03
   428 : -2.7193294e-05 -6.4237614e-06 -3.7821644e-05
   429 :  1.3220931e-02  1.5137833e-02  1.4664380e-02
   430 : -6.3800098e-03 -1.2133252e-02 -5.7901928e-04
   431 :  1.9186465e-02  1.0314635e-02  7.7003932e-03
   432 :  1.2319104e-02 -1.2924000e-03  1.3082895e-02
   433 :  2.5900204e-11 -7.0193578e-12 -3.2909743e-11
   434 : -1.1553584e-03  9.7780020e-03  6.3920698e-03
   435 :  2.7483994e-02 -3.7889298e-03  1.9753382e-02
   436 :  2.8424383e-06  1.5219723e-06 -6.3256006e-06
   437 : -8.3862233e-03 -3.2615523e-02  1.0637959e-03
   438 : -7.7238160e-03 -6.3521436e-03 -7.3711913e-03
   439 :  1.8470219e-03 -8.5189533e-04 -3.7331494e-03
   440 :  3.4267309e-08 -8.3944581e-08  2.4580604e-08
   441 :  5.5669477e-12  3.1773750e-12  2.6297059e-12
   442 :  8.2120610e-03  6.5052442e-03  1.0329432e-02
   443 :  6.7054648e-02 -3.3212532e-02  2.9208810e-02
   444 :  1.1479695e-02  6.4922129e-03  8.8487357e-05
   445 :  3.1706946e-03  4.6427084e-03  1.0572291e-02
   446 : -3.5387562e-03 -5.9414685e-03 -4.3079552e-03
   447 :  1.6425968e-02 -1.3833117e-03  8.1669402e-03
   448 : -4.8558327e-03 -1.5486167e-02 -9.2906609e-03
   449 : -9.6344564e-12  3.1664962e-11  3.2444037e-11
   450 :  2.6218366e-12 -2.8902602e-12 -5.5023367e-12
   451 : -1.1825374e-02 -4.0750162e-03 -2.9394526e-03
   452 : -2.0660775e-04 -1.8254497e-03 -6.4936239e-03
   453 : -3.2159954e-03 -8.4612386e-03 -1.5968092e-03
   454 : -1.3031757e-04 -2.8793610e-03  2.7268155e-03
   455 :  2.3125985e-04 -1.0051554e-04 -1.4794762e-05
   456 :  6.8095798e-03  1.1836595e-02  1.5219350e-02
   457 : -6.5279844e-12  1.3891529e-11  6.9048818e-12
   458 :  2.6711355e-04 -1.1875147e-03  1.7377309e-04
   459 : -1.1869236e-02 -1.6532665e-02 -3.3714078e-03
   460 : -9.1604765e-03 -1.4348005e-02 -7.2028661e-03
   461 :  1.7059692e-03  1.6196212e-02  7.8958648e-03
   462 :  2.5196719e-02 -1.4976057e-02  1.9628165e-02
   463 :  3.2914627e-08  9.6508064e-09 -1.5488987e-07
   464 :  1.2836479e-03 -1.4546499e-03  5.9165222e-03
   465 : -7.3571603e-03  1.3878190e-02  6.7111546e-03
   466 :  7.1458870e-03  7.7782027e-03  1.7836812e-03
   467 : -3.6276395e-08  5.8368959e-08 -3.0227226e-08
   468 : -1.4160958e-06  2.9264787e-06 -8.0814599e-07
   469 : -2.9663409e-13  1.9615228e-13  2.4638530e-13
   470 : -1.3158196e-11  1.5186372e-11  1.9945856e-12
   471 : -3.0900603e-05  9.4483867e-06  9.7503314e-06
   472 :  2.8934583e-07 -6.8063194e-07 -3.6678740e-07
   473 :  1.4829627e-03 -9.4305465e-04  2.5342398e-04
   474 :  1.9270625e-09 -2.5254504e-09 -2.3691516e-09
   475 : -2.7088407e-05 -5.7907719e-06 -2.2078577e-05
   476 : -3.9351138e-05 -2.0009241e-05  1.2551238e-05
   477 :  8.3944413e-14  2.4830691e-13 -1.4889426e-12
   478 :  1.3770087e-02 -1.0729982e-02 -3.9878699e-03
   479 : -7.0897531e-14  1.9438778e-13 -4.5365742e-14
   480 :  5.8800725e-03  4.8062314e-03 -2.6764275e-03
   481 : -1.3569064e-05 -5.2195301e-05  2.5939095e-04
   482 : -1.1933911e-08  5.0772774e-08 -1.8192991e-08
   483 :  1.0479089e-02  5.9309649e-03  5.0332025e-03
   484 :  4.8883451e-03 -1.7711132e-02 -1.8153780e-02
   485 :  2.9932915e-02 -2.9877391e-02  7.6514936e-02
   486 :  1.7745289e-03  2.6301730e-03 -2.7559378e-03
   487 : -1.6782248e-03  1.7647261e-02 -4.1337530e-02
   488 : -1.0191904e-03  5.9163389e-03  4.8539354e-03
   489 : -1.4218831e-09 -4.2724444e-10  3.2918711e-09
   490 :  1.3150347e-08  1.6766563e-08 -1.5821172e-08
   491 : -1.5564374e-09 -2.7236927e-09 -1.6131347e-09
   492 :  1.2690946e-02 -5.2751086e-03  2.5582512e-02
   493 : -5.4736963e-04  1.5815495e-03 -6.6094645e-04
   494 : -2.1809104e-03 -3.7205308e-03 -4.5405936e-03
   495 :  1.2526935e-02  1.5406342e-02  1.3011779e-02
   496 :  9.4539175e-07  1.0808762e-05 -1.2349910e-05
   497 :  3.3297295e-12 -2.9787430e-11  2.4232582e-11
   498 :  4.3732457e-10 -4.2111698e-10  5.1131519e-10
   499 :  1.0184208e-02 -4.1523679e-03 -7.2844753e-04
   500 :  3.3759437e-13  2.5392878e-13  5.4496921e-13
   501 :  4.9134484e-13 -1.8131380e-12 -3.3228412e-13
   502 :  3.3103517e-03 -6.4306473e-03  6.5320272e-03
   503 :  6.4117386e-04  8.7219988e-04  2.4768615e-05
   504 :  1.3197668e-02 -1.2762217e-02  9.9720784e-03
   505 : -3.1032543e-04 -1.9939512e-03  9.3112910e-03
   506 :  2.8974719e-08 -7.0106296e-08 -1.1651995e-09
   507 : -2.5330065e-07 -4.2333401e-07  1.2003519e-06
   508 : -9.6505725e-08  9.9203677e-07 -2.6795259e-07
   509 : -6.7279999e-03 -7.4105263e-03 -1.3336566e-02
   510 : -2.5179778e-07  4.9451057e-06 -7.5930260e-07
   511 : -2.1108654e-03  8.0203872e-03  6.1455178e-03
   512 :  2.2230843e-04  2.4448006e-04  3.1345988e-05
   513 :  2.2940466e-02 -4.9683025e-03 -1.4585105e-02
   514 : -1.0208101e-02  4.9917156e-03  7.0777332e-03
   515 :  1.5770316e-02  2.4904827e-03  1.2731760e-02
   516 : -4.0578757e-07 -7.0927115e-07  1.3502028e-07
   517 :  1.1001332e-02  4.7674857e-03  6.2422009e-03
   518 :  1.8200974e-02 -5.8356630e-03  2.7876838e-02
   519 :  5.2705009e-03  5.2640065e-03  9.9386515e-03
   520 :  4.5686968e-03 -2.0317118e-03  1.5272004e-02
   521 : -6.0764848e-04 -6.5148481e-03 -6.5363241e-03
   522 :  3.5489918e-03 -7.0384406e-04  5.0068053e-03
   523 :  7.9173039e-03  1.3105436e-01 -9.5864950e-02
   524 : -7.1866226e-03 -1.1816368e-01  1.0989803e-01
   525 : -1.7188284e-02  2.9780261e-03  9.4171715e-04
   526 :  3.0030161e-05 -4.1847349e-05  1.7875157e-04
   527 : -1.0717627e-10 -5.7509485e-10  4.8908203e-10
   528 :  4.7708871e-03  1.3414050e-03 -1.1082064e-03
   529 :  2.3566248e-03 -5.0871074e-03 -3.2770446e-03
   530 : -1.0794355e-03 -1.9539224e-03 -3.7173277e-03
   531 : -2.1173945e-03 -7.6241878e-03  6.6051886e-03
   532 : -1.6713272e-03 -1.1332157e-03  2.3471340e-03
   533 :  1.7935885e-14 -9.8835488e-15  6.8772112e-15
   534 : -3.6201635e-15 -1.3298857e-14  2.9749279e-14
   535 : -1.1949334e-08  1.1911386e-08 -3.5601705e-09
   536 :  7.3674926e-03  1.9781554e-03  4.1285083e-03
   537 :  3.8555617e-06  3.1454533e-04 -3.5190453e-04
   538 :  3.1801894e-03 -1.3610935e-02  7.2297262e-04
   539 : -8.1786458e-10  3.2783428e-09 -1.5764526e-09
   540 :  3.1851774e-08 -1.0279099e-07  1.2315094e-08
   541 : -2.0193156e-07 -1.9062339e-07  3.6215962e-07
   542 :  2.9456195e-03  1.4089596e-02  4.9249079e-03
   543 : -1.1531702e-10 -2.0053494e-10  1.8939484e-10
   544 :  1.5317560e-02  1.0445209e-02  1.3585951e-02
   545 :  6.8919582e-07  5.3025220e-06  4.2122824e-06
   546 : -2.9126795e-03 -2.0924364e-03  6.0109987e-03
   547 : -3.2459610e-09  1.6812358e-08  2.8398279e-09
   548 : -9.7007592e-04 -6.2373752e-03 -3.7207565e-03
   549 :  2.4148188e-08 -8.8298829e-07  3.2349686e-06
   550 :  2.5875821e-06 -3.7549492e-03  3.2844069e-02
   551 :  1.1411448e-02  1.0221435e-02  6.9620223e-03
   552 : -1.1165793e-03 -6.2655381e-03 -2.8258907e-03
   553 :  4.4049941e-03  4.2875806e-03  2.3332505e-02
   554 : -1.5019455e-07  5.7337406e-06  3.4944467e-07
   555 :  1.0583801e-04  1.0199390e-02  2.9424836e-03
   556 : -6.5490714e-07 -1.0142352e-06  1.7540167e-07
   557 :  1.1464686e-02 -8.6829466e-03  1.9414577e-03
   558 : -4.0696300e-03 -3.4551708e-03 -1.3118244e-03
   559 : -3.0052041e-03  7.6309962e-03 -2.0506671e-03
   560 : -1.7087410e-03  7.2656466e-03  2.7795135e-02
   561 : -1.1774904e-02 -5.9722321e-03  4.8888826e-03
   562 : -1.2513312e-03  5.8493984e-03 -1.0848632e-03
   563 : -5.2481882e-12  2.0623802e-12 -5.2056527e-13
   564 :  5.7198273e-03  1.0311038e-02  9.5621459e-03
   565 :  5.8434838e-03  7.1734046e-03  4.8574223e-03
   566 :  2.4060784e-07  1.1241466e-07 -6.3562258e-07
   567 : -7.6928941e-03  2.9987438e-02  1.7410661e-02
   568 :  7.9207079e-04  2.8088785e-02 -2.9766728e-02
   569 :  1.0201572e-02  9.7767919e-03  1.0698089e-02
   570 :  1.2711615e-06  3.8667842e-06  5.5804892e-06
   571 :  1.4169066e-03  3.3326160e-03 -3.3528876e-03
   572 : -1.7746609e-12 -1.1964009e-12  2.5673107e-13
   573 :  5.8005030e-04 -4.9886647e-03 -8.2559777e-03
   574 :  1.9224125e-03 -3.4655614e-03  2.5244944e-05
   575 : -2.1358360e-03 -6.4495030e-05  2.7489744e-03
   576 : -4.0065486e-04 -5.1734313e-03 -9.4021008e-03
   577 :  4.3580954e-03 -2.2894014e-04  2.0058706e-03
   578 : -2.5066798e-14  2.6374214e-13 -1.3394175e-13
   579 :  1.0752001e-04 -4.8116727e-03  6.6553536e-03
   580 : -2.0800897e-03 -2.5129192e-03 -6.5790542e-03
   581 :  1.4527370e-06 -1.0266001e-06  1.5504044e-06
   582 : -6.1428246e-14  1.2874693e-13 -4.6699405e-14
   583 : -1.3853886e-05  1.1014156e-04  2.0938692e-04
   584 :  2.7423265e-11 -6.4316468e-11 -4.0208592e-13
   585 : -2.6728136e-03 -3.3819147e-03 -6.6322193e-03
   586 :  4.7049974e-08 -1.0513364e-07 -5.5156272e-08
   587 : -7.3203660e-05  2.1408367e-04  8.5629931e-06
   588 : -5.3311822e-07  1.8239752e-07  1.2766404e-07
   589 : -1.1351053e-02  1.2276221e-02 -1.2712428e-02
   590 : -1.8981225e-03  1.0652897e-03  3.7811670e-03
   591 : -6.8594887e-13  1.0888304e-12  4.2653775e-13
   592 :  6.7944369e-07  1.0809245e-06 -3.3663693e-06
   593 :  7.5859910e-03  1.2237705e-03  4.3000359e-03
   594 : -1.2249335e-03  1.2951984e-04 -4.1953631e-04
   595 :  2.2792471e-02  2.1191357e-02  3.5041053e-03
   596 : -5.3999152e-03 -2.6045602e-01  2.9302451e-01
   597 : -1.7452815e-03 -1.1873198e-03  4.4541243e-04
   598 :  1.2668161e-04  2.9814761e-04 -1.2770876e-04
   599 : -1.4790892e-02 -2.1577836e-03 -7.3030772e-03
   600 : -1.2380209e-02 -2.2821964e-02 -7.4063404e-03
   601 : -7.3750021e-03 -4.3981497e-03 -3.8931077e-03
   602 :  6.1965438e-08  1.1976359e-07 -3.9216263e-08
   603 : -1.5139917e-09 -2.7103609e-09  1.4051986e-09
   604 : -1.1740766e-04  9.1004576e-05 -8.8352238e-05
   605 :  6.7781975e-04 -1.8400973e-03 -1.3729711e-03
   606 : -1.8638022e-03  4.9346399e-03 -6.7949643e-04
   607 :  6.8401718e-03  1.4803134e-02  1.5211977e-02
   608 : -1.6536865e-07 -2.0651066e-07  1.8164833e-08
   609 : -3.3420618e-06 -1.8531526e-05  3.4237404e-06
   610 : -2.4300813e-09 -3.5675737e-09  1.2458362e-08
   611 : -7.3660543e-03 -2.9892324e-03 -3.7401916e-03
   612 :  5.3123764e-02 -1.8424327e-03  9.3573186e-03
   613 :  1.4568772e-02  1.2510275e-02  7.4609024e-03
   614 : -3.9240211e-02  8.6416543e-02 -9.4595766e-02
   615 :  2.0328116e-02  5.3202602e-03 -6.7803659e-03
   616 :  3.9712292e-10 -5.8956890e-10 -3.2910728e-10
   617 :  2.9828743e-03  7.5535477e-03  5.6608795e-03
   618 : -2.2134773e-04 -1.0951416e-03  4.5416383e-04
   619 : -8.6861841e-08  1.7694276e-07 -1.5292384e-08
   620 :  1.3379292e-04  2.1846407e-04  2.7648375e-04
   621 :  5.1872622e-02  1.3064837e-03 -1.6852026e-02
   622 :  6.9462515e-03  3.1983533e-03 -3.6625620e-03
   623 : -1.1888555e-02 -1.4994531e-04 -1.8457720e-03
   624 : -3.4091501e-03 -3.8932840e-03  3.0476702e-03
   625 : -5.4829604e-04  7.7311482e-03  4.4389797e-03
   626 : -5.3246818e-14  3.7317165e-13 -1.0570602e-13
   627 : -8.7120070e-09  1.5828286e-08  2.1067345e-09
   628 : -2.6439774e-04 -7.0411332e-05  2.3350076e-04
   629 : -1.2958929e-02  5.2832628e-03  5.4305854e-04
   630 :  8.8466763e-03  7.6540660e-03  9.8599064e-03
   631 :  1.3000092e-02  9.6802557e-03  9.4615169e-03
   632 :  1.0576469e-10 -1.6246744e-10  1.2267601e-11
   633 : -4.0649210e-03 -1.4174537e-03  1.5054588e-03
   634 :  1.3186964e-02  1.2524283e-02 -2.5840303e-03
   635 : -5.9468569e-03 -7.4104624e-03 -7.9317152e-03
   636 :  2.2251845e-03  1.0573461e-03  7.2714818e-04
   637 :  7.4475539e-03  1.4621354e-02  8.2341218e-03
   638 :  4.5532320e-03 -5.4745970e-03 -4.1454522e-03
   639 :  6.2736418e-04 -3.6379550e-03 -6.6769810e-03
   640 : -9.1096405e-04 -9.3715566e-03 -1.2890057e-03
   641 :  2.0071430e-07 -5.0516232e-07  1.0806333e-07
   642 :  1.8488166e-02  2.0054364e-03 -3.2282646e-02
   643 :  1.1765157e-02  1.0172427e-03  5.7982488e-03
   644 : -3.0604315e-02 -3.0975115e-02 -9.5265437e-03
   645 :  2.2602153e-03 -9.1216823e-03 -6.2463778e-03
   646 :  1.4700619e-02  5.3764789e-03  1.7609623e-02
   647 : -1.8129058e-02  5.4370191e-03  3.6755245e-03
   648 : -2.7425445e-03 -9.7494094e-04  5.0075895e-04
   649 :  1.1750516e-02  1.1170463e-02  1.0425924e-02
   650 :  5.2394604e-03  1.7858333e-02  4.8798394e-03
   651 :  3.8043539e-02  5.1004346e-03 -2.9820769e-02
   652 : -6.6641613e-03  4.2531834e-04  6.6547955e-03
   653 :  1.4850315e-02  1.0753789e-02 -2.6838017e-03
   654 : -3.9092685e-05  7.4082688e-06 -2.5089340e-06
   655 :  4.3763264e-03  1.0877369e-02  4.4755017e-03
   656 : -1.2457807e-03 -5.2848090e-03 -1.8066798e-03
   657 :  3.8953743e-03  1.2949675e-02  5.3623453e-03
   658 :  1.8448431e-03  5.2738822e-04 -8.3132783e-04
   659 :  2.2034155e-03 -1.5648015e-02 -5.1093817e-03
   660 :  4.9528956e-03  7.6177144e-03 -4.7951191e-03
   661 : -2.0374783e-02  6.1367703e-03 -4.2929013e-03
   662 : -1.3885758e-03 -2.0412419e-04 -1.8402183e-04
   663 :  1.5846353e-03 -3.3187721e-03  7.2562033e-03
   664 : -6.5427062e-03  2.3173112e-02  9.4275018e-03
   665 : -6.5839902e-03  2.0834068e-03 -3.5289935e-03
   666 :  1.1036901e-12  7.5061339e-11 -2.6265146e-11
   667 : -1.0695709e-06  1.5684094e-06  1.3302252e-06
   668 : -2.8784263e-03  2.0635104e-03  8.4167583e-04
   669 : -4.7188951e-14  1.9611733e-13  2.1426588e-13
   670 :  3.5895914e-03  3.6934449e-03  7.4551421e-04
   671 : -1.5401417e-03 -3.9788974e-03 -9.0307674e-04
   672 :  7.4468018e-04 -5.9310207e-04  2.3185799e-03
   673 :  4.4303298e-03  8.4270898e-04  8.4634724e-03
   674 : -3.8550114e-03  6.2077961e-03  5.6969914e-03
   675 :  1.1238991e-02  6.4955294e-03  1.1874253e-02
   676 : -1.2155576e-02 -1.6416856e-01  1.5560517e-01
   677 :  1.1978320e-02  3.3703235e-03  1.2416203e-02
   678 : -3.9214765e-04  1.0891066e-03  1.3128262e-03
   679 :  2.3589767e-03 -1.0032104e-02 -4.6922480e-03
   680 :  3.4097712e-03  3.9898645e-03 -2.9233958e-03
   681 :  1.0098806e-06 -2.7921367e-07  1.4815838e-06
   682 : -1.1309167e-07  1.5583085e-06  1.0736727e-06
   683 :  2.0779297e-06 -1.3674749e-05 -1.4700649e-05
   684 : -9.4014768e-09 -1.1908042e-08  1.1341289e-07
   685 :  2.9682487e-03  2.8342079e-03 -3.8374158e-03
   686 :  1.1380622e-02  1.2399287e-02  1.3914724e-02
   687 : -3.5690800e-07  3.1329593e-07 -1.3759554e-06
   688 :  4.7961799e-03 -1.0381544e-04  1.3359887e-02
   689 : -4.1721161e-03 -3.7948159e-03  3.6928022e-03
   690 :  1.0162923e-02  1.1284798e-02  1.2197133e-02
   691 : -7.6315798e-03 -5.4673061e-03 -8.4916511e-03
   692 : -3.1730374e-03 -1.2332084e-04 -1.9615577e-03
   693 :  6.5506636e-14  2.0749995e-13  2.4105584e-13
   694 : -1.9936466e-09  8.7127217e-09  7.5822531e-09
   695 :  6.1311478e-03 -1.5783757e-03  4.6015222e-03
   696 : -1.1625421e-02 -1.4375567e-03 -1.7611445e-03
   697 : -1.8168027e-02 -2.6608868e-02 -2.2436166e-02
   698 :  7.0630363e-03  9.8032452e-04  6.4266272e-03
   699 : -1.6417054e-03 -4.6791611e-04 -1.9514109e-03
   700 :  4.4964719e-12  6.5824550e-12 -2.0532556e-11
   701 : -8.2175031e-11  2.2128445e-10 -6.0399114e-11
   702 :  4.8927036e-06  6.8179226e-07  7.9035360e-06
   703 :  1.7336939e-03 -3.3633238e-03  1.1722566e-03
   704 : -1.5076496e-02 -2.5847908e-02 -3.3445785e-02
   705 : -1.3567653e-08 -1.3313438e-07  5.8053443e-08
   706 : -2.4183380e-01  1.9681773e-01  4.7131251e-02
   707 :  2.0540915e-02 -8.4124163e-03  2.1604640e-02
   708 : -1.1906743e-02  2.0745843e-03  1.0765585e-02
   709 :  4.7961061e-03  4.3660511e-02 -1.7247858e-02
   710 :  3.4669786e-04 -2.3091476e-05  7.3452838e-05
   711 :  4.2582559e-03  6.0965383e-03  1.0388035e-02
   712 :  1.1058248e-02  1.0403545e-02  6.7734984e-03
   713 :  3.9012866e-03  8.7745804e-03  6.3568052e-03
   714 :  2.4862784e-03 -2.5177480e-04  3.5143935e-03
   715 :  8.7909181e-03  7.2906936e-03  9.8810223e-03
   716 :  6.9954630e-09 -8.7254196e-09  2.3765446e-08
   717 : -1.8188419e-03 -7.4259430e-03 -6.2239939e-03
   718 :  3.4712170e-03  1.4707344e-02 -6.4891731e-03
   719 : -8.8098417e-05  6.1961011e-03 -2.4147010e-03
   720 : -3.9849986e-03 -8.6439470e-03 -1.6404394e-03
   721 :  3.9656444e-02 -2.0654249e-02 -7.0891959e-03
   722 : -2.0022822e-07  6.6711491e-07 -3.8499779e-07
   723 : -7.0166685e-07 -1.3695079e-05  1.1683329e-05
   724 :  1.0084023e-06  1.7500641e-06 -3.4240809e-07
   725 :  8.6880762e-03  1.0040883e-02  1.0341604e-02
   726 :  7.7791711e-03  2.9892222e-03 -2.8242094e-03
   727 :  1.0537205e-02  8.6250909e-03  1.0440416e-02
   728 : -9.0780890e-04 -6.2064056e-03 -7.7024723e-03
   729 :  2.5669632e-02 -5.4028725e-03 -8.3319871e-03
   730 :  6.2761546e-03  5.8954208e-03  7.4620646e-03
   731 :  2.9579771e-06 -2.3821013e-06 -7.7784149e-08
   732 : -1.2099063e-03  2.8672216e-07  2.4913740e-04
   733 : -5.3066713e-03 -5.8727615e-04 -1.1037553e-03
   734 : -3.3168068e-02 -8.2109455e-01  9.3182682e-01
   735 : -6.0538219e-03 -6.4786930e-01  6.3850603e-01
   736 : -7.5963908e-03 -4.3142263e-03 -4.5498901e-03
   737 :  1.2439752e-02  9.2564650e-03  8.6761864e-03
   738 : -1.3165495e-04 -8.5845486e-05  9.6715142e-04
   739 : -1.0860990e-03 -7.4989970e-03 -2.0132852e-03
   740 :  6.2230427e-03  3.8424075e-03  2.5679612e-03
   741 :  3.4718513e-03  8.7163304e-03 -5.3670711e-04
   742 :  1.5931142e-02  4.7991590e-03  1.4530957e-03
   743 :  2.4126098e-03 -1.1991714e-03 -5.6365453e-03
   744 : -6.3533558e-04  2.4358513e-02 -1.9424093e-03
   745 : -2.5320592e-07  5.5259159e-07 -1.3585377e-07
   746 : -4.6237518e-06 -1.5651035e-05 -1.9456501e-05
   747 : -1.5677562e-03 -2.3529233e-03 -1.2653179e-03
   748 :  5.6303511e-03  7.6102393e-03  6.1212790e-03
   749 : -4.1768996e-03 -1.3481160e-02 -6.5726724e-03
   750 :  1.0808151e-08  7.5624786e-08 -2.6179042e-07
   751 :  3.0124408e-03  5.6808750e-03  7.8765112e-03
   752 :  5.1477808e-02  2.3785952e-02 -6.2509732e-03
   753 : -1.5359033e-02 -1.2173915e-02 -3.2727891e-03
   754 : -4.0435886e-05 -4.6227577e-06  1.5870992e-04
   755 :  3.1731097e-03  1.5889834e-02 -3.1539812e-03
   756 :  1.1390311e-02  1.8453163e-02  4.7905762e-04
   757 :  3.9512789e-13  2.5238626e-13 -2.8138326e-13
   758 :  3.2009381e-02  3.1989808e-02  2.2240073e-02
   759 :  8.0095193e-03  4.7825564e-03  5.1920585e-03
   760 :  1.9605390e-03  1.1840957e-02 -1.8352088e-03
   761 :  1.4186138e-03  3.2833528e-03 -2.4413606e-03
   762 :  3.2761524e-02  4.7830543e-02 -3.6621624e-04
   763 :  1.4782501e-09 -6.3397591e-09  1.8980419e-09
   764 :  2.8650911e-10  3.2894064e-10 -1.8903160e-10
   765 :  3.2848433e-03  3.8263964e-03  7.1641746e-03
   766 : -1.0144715e-03  1.7484370e-02 -4.0700586e-03
   767 :  2.7077860e-02  2.6983544e-01 -1.9336001e-01
   768 :  5.9494862e-08 -3.2690138e-07  4.2201115e-07
   769 :  3.0012329e-03  3.1626506e-03  5.9410799e-03
   770 :  1.8143909e-02  9.4418151e-03  1.2405893e-02
   771 : -2.5980490e-04  8.7941540e-03 -1.1493553e-02
   772 :  6.2922293e-03 -2.4187817e-03  6.7570195e-03
   773 :  4.5664860e-03  1.1190318e-02  1.9017863e-02
   774 :  1.5782223e-02  5.6505435e-03  3.3220483e-03
   775 :  5.7614738e-02 -2.5701715e-01  2.7130160e-01
   776 :  2.7871650e-03  1.0636980e-02  1.2950248e-02
   777 :  4.3629680e-03  7.5070753e-03  3.1676167e-03
   778 : -2.6556581e-03 -6.9517545e-03 -4.9129626e-04
   779 :  5.4996657e-05 -9.8752450e-05  1.8740531e-05
   780 :  3.9035012e-02 -1.1079062e-02 -2.4856452e-03
   781 : -2.3509136e-07  9.6694735e-08 -1.9365840e-07
   782 :  1.2057247e-13  9.4466919e-15 -2.4488775e-13
   783 : -2.2449391e-02  7.1657185e-03 -1.7456305e-03
   784 : -2.3173521e-02 -1.5845366e-02 -3.5491452e-02
   785 :  7.8084697e-08 -5.5642104e-07 -2.6491103e-07
   786 :  2.5727121e-02 -7.6327244e-03  1.0856678e-02
   787 : -1.0523140e-03 -5.6870212e-04  3.1221253e-03
   788 : -2.1188516e-07 -2.4915334e-07 -4.2519754e-07
   789 :  6.7239108e-07  1.7441888e-05  6.5358141e-07
   790 :  1.5599359e-02  1.1010797e-02  2.3222334e-03
   791 :  1.7247491e-02  1.0161471e-01 -5.5622974e-02
   792 :  6.3653490e-03 -3.9907702e-03  7.4001256e-03
   793 :  6.7594848e-03 -4.1688520e-03 -2.7783612e-03
   794 : -2.2506291e-03 -1.0177868e-02 -6.8074732e-03
   795 :  7.7984440e-03  2.2287029e-03  1.1256629e-02
   796 : -3.7183877e-03 -1.1507880e-02 -3.4950346e-03
   797 :  3.2231962e-07  2.7264146e-07 -7.8463732e-07
   798 : -5.8112556e-03  4.9901091e-02 -5.8565053e-02
   799 : -2.2798035e-03 -3.7716315e-04  1.8027437e-03
   800 :  2.5267143e-03  3.4717367e-03  5.9768645e-03
   801 : -1.5165717e-05  2.3335000e-05  1.2120739e-05
   802 : -9.6233619e-03 -3.7240637e-01  3.6992224e-01
   803 : -1.3178966e-03 -1.5506586e-03 -5.8671385e-04
   804 :  3.2007260e-03  7.1966687e-03  6.0947909e-03
   805 : -3.5941107e-03  4.3175182e-03  8.7693716e-03
   806 : -5.5360271e-05  4.4353347e-05 -6.0524221e-06
   807 :  1.0274778e-08  6.3161456e-07 -2.6543724e-07
   808 :  1.3571712e-02  3.5985256e-03  5.1641708e-03
   809 :  4.1622198e-03  1.0717191e-02  1.3766097e-02
   810 :  2.5803271e-06 -3.2969856e-06  1.7859925e-06
   811 : -9.0918359e-14  1.0512036e-14  3.1941325e-14
   812 :  9.8409076e-03  6.9266579e-03  4.0765050e-03
   813 : -4.7609094e-03 -2.0360202e-01  2.2698088e-01
   814 : -6.2413483e-13  1.9972799e-14  5.8240499e-13
   815 :  6.9452137e-15 -1.1025651e-16 -7.2461051e-15
   816 :  8.9110851e-11 -3.9830638e-11 -2.2876000e-11
   817 :  6.0104244e-13 -3.9643694e-12  3.0663504e-12
   818 : -2.1034784e-13 -6.3602447e-13  5.9624682e-13
   819 :  2.1844815e-02 -1.4562312e-02  7.2359567e-03
   820 :  2.5461748e-13 -7.3681359e-13  1.6182918e-13
   821 :  1.0915289e-02  2.9980193e-02 -1.3516790e-02
   822 : -3.7890201e-02 -3.3817557e-02 -1.6714361e-02
   823 : -3.0386100e-05  1.9152275e-04  1.3854590e-05
   824 : -1.3989644e-03  1.8862341e-03  8.6361160e-05
   825 :  3.5353059e-09  1.6481725e-09 -1.0726492e-08
   826 :  2.7156181e-03  4.2800614e-02 -4.6505731e-02
   827 :  3.3493846e-06  4.2147277e-07 -4.4672801e-07
   828 : -1.0214445e-03  6.6496840e-04 -2.2805468e-04
   829 : -3.1439058e-03 -7.8965495e-02  8.5515735e-02
   830 :  1.1620148e-02 -1.1469331e-02  4.0701876e-02
   831 :  3.0771257e-03 -2.5319988e-01  2.6683770e-01
   832 :  1.3340227e-02  4.6541889e-02 -9.9025078e-03
   833 : -8.7354656e-03  5.8265817e-03 -4.4966073e-02
   834 : -6.0193170e-12  4.8504904e-12 -5.4568644e-12
   835 :  1.1429457e-14 -2.5351680e-14  3.8815392e-14
   836 :  3.4519419e-03 -3.6503042e-02  4.0983881e-02
   837 :  1.6986671e-06 -2.5438097e-08  4.7884896e-06
   838 : -4.4224982e-04  5.7193060e-03 -6.6510749e-03
   839 :  4.3408711e-04 -2.0029378e-03 -1.0960006e-03
   840 :  1.5279161e-06  2.5691043e-07 -2.9803169e-06
   841 : -2.0335828e-04  3.7772468e-05  1.0969791e-04
   842 :  5.8764326e-03 -5.7824709e-03  1.1810690e-02
   843 :  1.8991139e-05 -5.1632901e-05 -2.0302201e-05
   844 :  3.0660970e-03  2.2170729e-02 -3.8072452e-03
   845 :  3.0760975e-09 -3.4145275e-09  1.0279713e-08
   846 : -2.6151502e-03 -1.6529144e-01  1.7990196e-01
   847 :  1.2835434e-02  2.4648037e-02  3.6370618e-03
   848 : -1.2582811e-15  6.6374712e-16  2.1277319e-16
   849 : -1.6222939e-03  2.6612743e-03  1.1897749e-03
   850 : -1.4639410e-03 -5.2131616e-04 -1.5391926e-03
   851 :  1.4050377e-04  1.0984553e-04  1.3283357e-04
   852 :  8.5098384e-10 -1.8155591e-09  9.1709241e-10
   853 : -2.3822165e-03 -1.4004860e-02 -1.0377700e-02
   854 :  2.3263047e-16 -3.2233668e-16 -2.4645699e-16
   855 :  7.0502777e-03 -9.0813731e-03 -1.4632164e-03
   856 : -1.0223724e-02  1.1188898e-02 -6.4504878e-04
   857 :  6.9992889e-03 -2.0477906e-03  8.6963174e-03
   858 :  1.3889194e-03 -1.4181148e-03  4.9109637e-03
   859 :  3.7937517e-09 -5.2449301e-09 -4.2916800e-09
   860 :  2.8612186e-03  2.0675582e-03 -1.5980187e-02
   861 : -8.0978938e-03  2.4654768e-03 -9.2287694e-03
   862 : -1.2255149e-02  4.6838499e-03  8.9398358e-03
   863 : -7.8602866e-03  9.4812437e-04  1.6538102e-03
   864 :  3.0802625e-03  1.7116341e-03  8.1962001e-03
   865 :  5.4567494e-03  2.7529939e-02  6.3795226e-03
   866 :  7.0495017e-02 -2.2142487e-02 -4.8956397e-02
   867 : -3.8459928e-03 -2.8828453e-03 -4.6178164e-03
   868 :  3.8721973e-03  1.4727529e-02  1.6555793e-02
   869 :  1.3140294e-02  1.4257005e-02 -7.8423237e-04
   870 :  2.5227079e-02 -4.6147121e-02  1.0232690e-01
   871 : -1.1530317e-02 -3.3052583e-02  7.4581281e-03
   872 : -3.4747305e-03 -1.1494025e-02 -1.6805224e-02
   873 : -6.1007981e-03 -2.2305197e-03 -8.4461601e-04
   874 : -6.7901989e-04 -2.0611107e-03 -6.4211370e-03
   875 :  5.4422335e-05 -1.6609298e-05 -2.1112997e-05
   876 : -3.6076041e-05  1.3200169e-04  9.1410180e-05
   877 :  1.6911185e-12 -1.8786512e-12  2.0644484e-12
   878 :  1.0448246e-10 -2.6323912e-10  6.3463267e-11
   879 : -9.6855747e-06 -7.4546573e-05  1.1565049e-04
   880 :  1.5858552e-03 -1.5289333e-05 -8.1883933e-04
   881 : -1.7159465e-12  5.1109914e-13  6.4230685e-13
   882 :  8.1302567e-12 -4.5554972e-12 -1.3264926e-11
   883 : -7.3661541e-07  3.3914341e-06 -6.7634030e-06
   884 : -2.6180646e-05 -2.8741582e-05 -2.4358570e-06
   885 :  7.6558581e-03 -1.8577132e-02 -1.9236533e-02
   886 : -2.0166613e-02  1.0581827e-02  9.0130296e-03
   887 :  6.0712674e-03  2.6908439e-02  1.0673705e-02
   888 :  8.9356334e-03 -2.4556531e-04  7.3175435e-03
   889 : -1.4597074e-03 -3.6364664e-03  6.4000395e-03
   890 :  4.2023123e-03  6.6357119e-03  7.8770735e-04
   891 : -6.0374291e-05  2.5165873e-05  4.7387352e-06
   892 :  3.0668842e-04 -1.4400327e-04 -5.5465662e-04
   893 : -1.4740608e-02  5.5183544e-02  2.0762656e-02
   894 :  1.2752139e-02  3.8120956e-03  3.9010644e-02
   895 : -2.0654222e-03 -4.5786086e-03  7.6191898e-03
   896 :  4.6631620e-03  4.8214346e-03  2.4300119e-03
   897 : -8.5069149e-06  2.1960152e-06  2.5940104e-06
   898 :  5.4685792e-06 -1.5948620e-05 -1.6626752e-05
   899 :  1.0819019e-02  5.1294364e-03  5.8464544e-03
   900 :  6.5730853e-03  1.0663749e-02  9.8629673e-03
   901 :  1.8057437e-02  1.2488721e-02 -5.9858877e-03
   902 : -3.9410226e-03 -1.0018005e-02  1.4811936e-02
   903 : -2.7547767e-03 -5.2674153e-04 -7.4635831e-03
   904 : -6.2838471e-03 -2.1557902e-03 -4.2905803e-03
   905 :  6.3419611e-03  8.1040660e-03  1.6386772e-03
   906 :  7.4267198e-03  4.4436926e-03  7.5176596e-03
   907 :  1.2649026e-02  1.7718610e-03  7.9297578e-03
   908 :  8.0094138e-01 -1.4147132e+00 -1.3973529e-01
   909 : -2.5107773e-01  4.6047255e-02  5.5847655e-01
   910 : -2.3580289e-04  6.2421676e-03  1.7544949e-03
   911 :  1.1327062e-03 -7.9817223e-03 -2.7315810e-05
