Number of elements 912
     0 :  3.7294669e-06  1.2919547e-05 -1.3815465e-05
     1 : -1.3309349e-02  3.2649667e-02  2.3095443e-02
     2 : -6.3322142e-03 -3.1840284e-03 -8.0955476e-03
     3 :  1.1098064e-03 -3.1383843e-04 -2.2894073e-03
     4 : -3.9132837e-03  2.7013981e-04 -1.5033224e-03
     5 : -4.2329407e-02  1.6299695e-02  1.7193408e-02
     6 : -2.9581165e-11  3.4169647e-11  5.9456262e-11
     7 :  1.0619146e-02 -2.2109128e-02  3.0140820e-02
     8 :  1.5088723e-02 -7.0657237e-03  2.1697578e-02
     9 :  1.2678387e-10 -6.4041684e-10 -3.0937242e-10
    10 :  1.6891945e-02 -2.5788423e-02  1.4399768e-02
    11 : -6.4913308e-13  8.0131018e-12 -1.2231500e-11
    12 : -1.4749354e-02 -2.3045736e-01  2.2628274e-01
    13 : -6.7929178e-03 -1.6294991e-02 -1.3679463e-02
    14 :  4.8406587e-04 -1.7008745e-03  2.6468387e-04
    15 :  8.7475712e-03  1.5854580e-03  1.0773966e-02
    16 :  2.8855721e-12 -9.7868861e-14 -7.8144856e-12
    17 : -4.0558001e-08 -2.5218493e-07  2.4958418e-07
    18 :  1.3556172e-02  6.8962983e-03  2.9931595e-03
    19 :  9.6979767e-14 -1.4651241e-13  4.9393166e-14
    20 : -6.9208854e-07 -8.0766681e-07  1.7861334e-06
    21 : -2.2566633e-03 -1.2534850e-02 -1.1943009e-02
    22 : -3.1200123e-03 -1.2809214e-02 -2.2809064e-02
    23 : -7.9482625e-13 -1.5794456e-12  3.2792220e-12
    24 :  3.7359348e-03  2.1718508e-02  6.1581250e-03
    25 : -1.4460459e-14 -1.0493108e-14  8.0088303e-15
    26 :  2.5196914e-02 -1.4571977e-02  1.2380825e-02
    27 : -1.0718359e-02  1.9193922e-02  1.6241507e-02
    28 :  1.6257776e-03 -3.1770511e-02  4.1621250e-02
    29 :  4.9015544e-04  9.4778145e-03  2.8016940e-02
    30 :  1.4786103e-02 -1.9594354e-02  2.8569591e-02
    31 :  6.9929902e-04 -9.6355074e-04 -2.0092452e-03
    32 : -1.7786357e-10 -4.0601204e-11  8.3250913e-10
    33 : -1.2590360e-03 -5.5058829e-03 -4.3505799e-03
    34 :  5.3097471e-15 -1.3723771e-14  2.7734729e-15
    35 :  3.1007311e-04 -7.0780286e-04 -2.2202954e-03
    36 : -6.3955570e-03 -5.1881273e-03 -1.3949929e-03
    37 : -9.3750695e-03 -1.1494758e-02 -1.2849177e-02
    38 : -2.4706472e-03 -1.4713119e-02  1.3511226e-02
    39 :  2.3519284e-02  2.8880556e-02  2.3860327e-02
    40 :  6.0353626e-03 -1.6624907e-01  2.2097714e-01
    41 : -1.5318547e-04  4.6224768e-02 -7.4929671e-02
    42 : -4.2083003e-13 -2.2442122e-13  2.3089005e-13
    43 : -1.5648475e-06  2.7358401e-06  1.7338061e-06
    44 : -1.0496495e-02 -1.2109244e-02 -1.4092642e-02
    45 :  1.2869152e-04 -6.1467616e-05  7.6335790e-05
    46 :  2.8149531e-04 -7.7209451e-05 -4.5091283e-05
    47 :  1.0012973e-09  3.0970927e-10  2.4231142e-10
    48 : -3.3026503e-12  3.6924634e-12 -5.6714930e-12
    49 :  1.7232151e-02 -2.1676144e-02 -1.3214999e-02
    50 : -7.2570593e-03 -4.1326077e-03  3.5899143e-04
    51 :  7.4447040e-03  4.0659338e-03  1.1431984e-02
    52 :  2.1730905e-02 -2.3537304e-02  2.3321800e-02
    53 :  3.8746104e-11 -3.5157521e-11  7.0496587e-11
    54 : -7.1087704e-03  3.3426608e-03 -5.2123612e-03
    55 : -9.2908543e-04 -3.1695569e-03 -4.6457104e-03
    56 :  1.5158162e-03 -6.7585892e-03  6.3740424e-03
    57 : -3.6589543e-02 -3.0304546e-02  2.7141663e-02
    58 : -8.3507979e-03 -1.0805029e-01  1.1398954e-01
    59 : -1.7251080e-02 -1.6074396e-02 -2.1838798e-02
    60 :  4.9141585e-03 -1.3779484e-04 -9.7468178e-03
    61 :  1.1487059e-02 -6.2644508e-04  3.9737830e-03
    62 :  2.1102090e-02  2.1885103e-02  8.0836495e-03
    63 : -1.6249592e-02 -1.7862703e-02 -1.7501107e-02
    64 :  2.8722520e-02 -1.6800319e-02  8.5301217e-03
    65 : -1.4327351e-03  6.0648825e-03 -3.2297579e-03
    66 : -2.3386971e-03  6.4889646e-03 -2.3536455e-03
    67 :  3.6627548e-11 -1.0367317e-10 -1.0314900e-10
    68 : -2.1354444e-11  7.6749284e-11 -1.7423412e-11
    69 :  6.2654845e-11 -1.0521008e-10 -1.1935350e-10
    70 : -5.0980723e-05 -5.3155250e-05 -2.7189918e-05
    71 : -2.4765690e-02 -3.2392852e-03 -1.6881893e-02
    72 :  5.4382220e-13 -1.9343437e-12  6.6322110e-13
    73 :  9.6523735e-03 -1.7401302e-03 -4.3468556e-03
    74 :  3.1946574e-07  2.4097210e-06 -1.2246908e-06
    75 : -3.8341120e-08  3.7873329e-08  4.0256787e-08
    76 :  5.6300975e-13 -2.7746633e-12  7.0030951e-13
    77 : -6.7414638e-09  4.7117320e-08  2.8489897e-08
    78 :  6.3721502e-11 -4.7519900e-10 -3.5942364e-11
    79 :  2.2289892e-06 -1.8489255e-06  4.0384304e-06
    80 : -2.4384388e-18 -1.0565179e-17  5.8175304e-18
    81 : -5.5769908e-09  1.1796352e-09  2.3574803e-09
    82 : -1.2049279e-02 -7.3740032e-02  6.2850219e-02
    83 : -2.1624348e-15 -1.5651893e-15  8.7793679e-15
    84 :  9.5032187e-14 -3.0107135e-13  9.0673555e-14
    85 : -4.3138566e-03  6.8635178e-02 -1.0929242e-01
    86 : -3.0744528e-07 -8.4674923e-08  3.9530424e-07
    87 : -1.4827619e-06  2.3541573e-06  2.1191249e-06
    88 :  2.4485617e-02  4.2085136e-02 -2.0448091e-03
    89 :  6.8082683e-03 -9.9003626e-03 -8.9341974e-03
    90 :  1.6839874e-12  3.3300203e-12 -2.3303018e-12
    91 : -3.7641492e-03  3.2078231e-03  3.2655030e-04
    92 :  1.0103600e-04 -2.8980909e-04  1.7052248e-04
    93 :  1.0323838e-16  7.1614261e-18 -6.4430306e-17
    94 : -7.1498010e-06  2.8842582e-06  2.0558808e-06
    95 : -3.2092212e-12  1.6874741e-12 -6.2939654e-12
    96 : -4.3189580e-04  5.8913865e-04 -2.3574082e-03
    97 : -2.1861631e-04  4.8008298e-04  4.2180327e-04
    98 :  5.3272731e-03 -7.4380721e-03 -8.4155649e-03
    99 : -4.4990600e-10 -1.6250815e-10  2.6164744e-10
   100 : -2.7072456e-10 -8.5138758e-11  8.1457374e-10
   101 :  6.5708432e-03 -1.2421951e-03 -2.1518456e-03
   102 :  7.1816021e-03  2.7534549e-03  2.0350894e-02
   103 : -7.9550178e-16  1.3610724e-15  3.8780386e-15
   104 :  1.0861596e-05 -1.5628101e-05 -2.5993576e-05
   105 : -1.8705016e-02 -2.2503249e-02 -2.2005969e-02
   106 :  4.0970634e-04 -2.2872273e-03  1.6001844e-02
   107 :  1.0270217e-02  4.7423702e-03  1.6423344e-02
   108 :  1.1177946e-02  1.3137448e-02  9.1710730e-03
   109 : -2.3089733e-02 -1.2282185e-02  8.7912234e-04
   110 :  1.0520744e-02 -7.0545689e-03 -3.7735718e-03
   111 :  2.2305712e-02  3.8093997e-03  9.5617897e-03
   112 : -1.5576093e-09 -1.1588108e-10  3.3340736e-09
   113 :  9.0339899e-03 -2.4514413e-03  2.3565249e-03
   114 : -1.2528332e-03  3.1306710e-03 -1.7269826e-03
   115 :  1.2800431e-02  5.7128472e-02 -3.8729050e-02
   116 : -1.4148647e-02 -5.7872204e-02  3.9636424e-02
   117 : -3.9262827e-03 -2.5058430e-03  3.5777062e-03
   118 : -1.3810856e-02  8.9790528e-03 -1.0773427e-02
   119 :  2.4350578e-11  1.4157913e-11 -6.6479522e-11
   120 :  2.2164765e-04 -8.2832664e-05  1.5998770e-04
   121 :  7.9293807e-09 -3.2010134e-08  2.3212151e-08
   122 : -2.5354866e-03 -2.2449063e-02  1.5496786e-02
   123 : -1.4952009e-14  1.5110248e-14  1.0677069e-14
   124 :  5.3467154e-11  6.4086381e-11 -3.0959902e-11
   125 :  1.7853261e-18 -5.4961058e-18  1.9009512e-18
   126 : -2.9687628e-07 -4.1907128e-07  5.6774218e-07
   127 :  9.9185145e-08 -1.1296941e-07 -7.2898824e-09
   128 :  9.7072966e-03 -1.2030708e-02 -1.0477336e-02
   129 :  5.1242634e-06  6.6728017e-06 -1.5805755e-05
   130 :  1.0778451e-02  3.6923279e-03  4.4271987e-03
   131 :  1.7017258e-03 -1.3257938e-02 -1.6675709e-03
   132 :  1.2259166e-02 -8.9077285e-03  4.9399306e-03
   133 : -1.1523510e-02  5.7684580e-03 -1.4753292e-02
   134 :  5.5987139e-03 -1.0408433e-02 -1.0551345e-02
   135 : -7.6229366e-03 -8.6051386e-03 -3.9210449e-02
   136 :  1.1869660e-02  1.8500149e-02 -2.5597243e-03
   137 :  1.1514773e-02 -1.5204090e-02 -1.8671051e-02
   138 :  1.7008964e-03 -2.3390092e-02  2.9284018e-02
   139 :  1.7295175e-02 -7.4527655e-03  2.0699249e-02
   140 : -1.7887555e-09  1.9102054e-09 -6.2952603e-10
   141 : -6.0514034e-09  1.4312162e-08  1.0852545e-08
   142 : -1.0163147e-02  7.6695823e-03 -2.1897540e-02
   143 :  1.7520974e-11 -5.7100705e-11  2.3047058e-11
   144 :  7.2595103e-03  3.0943046e-03 -4.0386016e-03
   145 : -5.8482794e-03  1.1112075e-02 -8.5906153e-03
   146 :  8.0710582e-06 -3.5520412e-05 -2.9360305e-05
   147 : -4.0719227e-12 -3.7931553e-12  1.8826176e-12
   148 :  2.5081385e-05 -5.8194901e-05  2.1697877e-05
   149 : -3.6609812e-03  5.2517530e-03 -1.6767920e-03
   150 : -1.0799350e-02  1.6671474e-02  1.2271103e-02
   151 :  3.3196804e-08  1.2168037e-08 -8.5373806e-08
   152 : -5.2977043e-06  2.2795062e-06  2.0016915e-06
   153 :  4.1017445e-02 -1.7516274e-02 -4.0622305e-02
   154 :  3.1587267e-17 -1.5551431e-17 -9.5063665e-17
   155 :  1.6111345e-11 -3.9933468e-11  9.4377690e-12
   156 :  7.0404757e-14  9.1881957e-13 -3.0582962e-13
   157 :  2.4621999e-05 -1.5845477e-04  3.0329360e-04
   158 :  6.6830323e-03 -2.8374488e-02  2.4216685e-02
   159 : -3.7497046e-03 -4.3915067e-03  2.6112270e-03
   160 :  6.6343641e-16 -4.0490705e-16 -1.4499465e-16
   161 :  1.6526952e-15 -2.4954725e-15  4.1277002e-15
   162 :  8.5862077e-03 -1.5161643e-03  5.5125097e-03
   163 :  1.7677896e-02 -8.1437494e-03  9.3703425e-03
   164 :  2.7336919e-08 -5.0209808e-08 -2.2426351e-07
   165 : -8.9731244e-03  2.6171090e-02 -6.3452044e-04
   166 : -4.2746572e-12  3.5016834e-12  9.3825516e-12
   167 :  1.6679393e-02  8.3958962e-03  1.8001470e-02
   168 : -2.3008602e-02  4.0575378e-02 -3.8929731e-03
   169 : -7.4740623e-03 -6.6077917e-04 -9.1117680e-03
   170 :  3.0324018e-11 -1.5137773e-11  7.9003715e-12
   171 :  8.8996994e-14 -3.7176934e-12  4.9126987e-12
   172 : -3.2537132e-03 -2.0672293e-03  4.5885959e-04
   173 : -1.2805593e-02 -1.7429521e-02  7.7080275e-03
   174 :  1.5708459e-02 -4.7228278e-03  1.4633741e-02
   175 :  5.6270255e-05 -8.0611590e-06 -2.1940696e-05
   176 :  3.3029926e-10 -4.0817292e-10 -3.8217676e-10
   177 : -3.2631476e-03  1.6613236e-02  1.7688308e-02
   178 :  5.6819313e-03  2.1926476e-01 -2.2981902e-01
   179 :  2.3230374e-02  1.6615598e-02 -1.7762701e-02
   180 :  8.0464353e-13 -7.5634768e-13 -3.2354820e-12
   181 :  1.1596101e-02  1.3408885e-02 -9.3502098e-03
   182 :  3.0446656e-06  4.5213023e-07 -2.0953529e-06
   183 :  1.3855293e-03  1.2349791e-02 -8.8019641e-03
   184 :  8.2705542e-16 -9.8497873e-16  1.0596178e-15
   185 : -4.1933095e-07 -1.6026524e-07  2.5421146e-07
   186 :  1.9205846e-04 -4.0188656e-06  4.6110863e-04
   187 :  2.5117957e-02 -2.2434791e-02 -1.5358319e-02
   188 : -1.7625593e-02 -2.0867090e-01  2.0011522e-01
   189 :  1.4143722e-03  1.3697782e-02  5.4825990e-03
   190 :  2.7908842e-03  4.8157306e-03 -3.4783789e-03
   191 : -2.7555735e-14  1.8606540e-14  3.4709052e-14
   192 : -3.5139375e-03 -1.0938951e-02 -1.2880123e-02
   193 :  6.4529856e-03 -6.3082427e-03  7.1446597e-03
   194 :  4.8896781e-03  1.1718695e-01 -1.2951682e-01
   195 : -1.1302380e-03 -8.2069176e-04  8.6692992e-04
   196 :  4.2870278e-13 -1.4080210e-12  1.3794337e-12
   197 : -1.4310474e-12  1.8899590e-12 -7.3226948e-13
   198 : -1.7259795e-03  4.9757237e-04 -5.4275178e-04
   199 :  5.1789528e-03  2.2590491e-02  1.5319118e-02
   200 :  2.7271679e-11 -7.3709641e-11  3.7516687e-11
   201 :  6.4119861e-03  1.1973629e-02 -1.7114142e-02
   202 :  7.3823199e-03 -3.4323239e-03 -1.2248468e-03
   203 : -4.9217885e-14 -1.2779133e-13  2.9042377e-14
   204 : -2.3451808e-04 -2.1850092e-04 -2.2312056e-04
   205 : -4.1088126e-03 -5.1037660e-02  5.3519140e-02
   206 :  4.4538361e-13 -1.3856776e-13 -9.1862994e-14
   207 :  1.3786106e-11 -5.8337718e-12  6.8402417e-12
   208 :  6.8260009e-09  6.6290139e-08  2.5222886e-08
   209 : -1.1588127e-01  6.9123609e-02  3.8026342e-02
   210 : -1.1509025e-03  1.0110852e-03 -3.3745570e-04
   211 :  5.2871047e-14 -1.1044489e-13  3.0634668e-13
   212 : -1.4393602e-02 -2.9139132e-02  1.7324350e-02
   213 :  2.7788341e-11  1.5338461e-11 -7.8223694e-11
   214 : -3.6474643e-03 -3.1852820e-03  4.5667896e-03
   215 : -2.2590018e-02  7.4642365e-03  6.5595761e-03
   216 :  2.9261138e-02 -3.2779769e-02 -2.8232476e-02
   217 : -1.4244278e-17 -1.3689938e-16  5.3964853e-17
   218 : -7.7320219e-09  6.3421062e-09 -5.4595302e-09
   219 : -2.4917650e-02  1.7609137e-03  1.5006186e-02
   220 : -1.6518467e-07 -2.1820769e-07  7.0576813e-07
   221 :  1.8554215e-10  5.9176498e-11 -3.5190245e-10
   222 : -3.1275171e-03 -1.0953673e-02  2.9868472e-04
   223 : -8.8098714e-03 -8.8989369e-03 -7.9225732e-03
   224 :  1.7692080e-03 -3.8161896e-03 -9.2291818e-04
   225 : -7.5317241e-07 -1.2172764e-06  2.0324499e-06
   226 :  8.5561566e-10 -1.2051761e-10 -1.2721089e-10
   227 :  1.6894341e-04 -3.1882457e-05 -4.7389089e-05
   228 :  7.3496402e-03 -1.1619590e-02  5.3808857e-02
   229 : -5.6211732e-06 -1.0109450e-05  7.9949097e-06
   230 :  4.7445644e-11  2.8251483e-11 -4.9389535e-13
   231 : -1.6979392e-11  3.5522783e-11  3.0704809e-11
   232 :  2.3045448e-17  1.3070570e-17 -1.0008627e-17
   233 :  2.4886581e-10  1.7378591e-10 -6.8744397e-10
   234 :  5.5089833e-03  1.0546450e-02  3.3107877e-03
   235 : -1.0836846e-01  7.5646218e-03  1.7672041e-02
   236 : -2.9649133e-11  1.2398181e-09 -1.7581651e-09
   237 :  3.5965632e-08  8.7184072e-08 -1.6576749e-07
   238 : -2.2962681e-14 -2.0572117e-15  1.0536395e-14
   239 : -3.9117579e-10  2.5580060e-10 -3.9863460e-10
   240 :  2.9598817e-13  6.2668589e-13 -8.7246225e-13
   241 :  3.8226728e-03  3.2972482e-03 -1.1740785e-02
   242 :  1.7605619e-03  1.7489364e-02 -2.2555313e-02
   243 :  6.5100537e-03 -5.5256896e-04  5.3346594e-03
   244 : -7.7555847e-03 -1.1785904e-02 -6.4448781e-03
   245 :  1.2857116e-09 -4.4931013e-10 -6.8108267e-09
   246 :  5.9130366e-03  5.6072243e-03  4.4152119e-03
   247 :  7.9213368e-03 -9.5403687e-03  1.2635854e-02
   248 :  2.2909820e-16  1.5815251e-16 -5.0012052e-16
   249 : -5.7302275e-07  2.7478845e-07  1.5012374e-06
   250 :  1.0075672e-02 -1.2210145e-02 -1.1487372e-02
   251 :  6.9929121e-03  1.5271003e-02  1.8806159e-02
   252 :  6.9109992e-10 -1.5512874e-11 -1.8864751e-10
   253 : -6.9772684e-13  4.8419629e-13 -5.9765421e-13
   254 :  1.0115391e-02  6.6552980e-03  6.3291061e-03
   255 :  2.7148553e-04  2.3940225e-04 -7.1241521e-05
   256 : -2.8659307e-02 -2.7916185e-02  1.3730024e-02
   257 : -8.5790200e-03 -2.8366841e-03 -8.1477711e-03
   258 : -4.4827092e-05 -9.8129445e-05  3.1781536e-04
   259 : -1.9245019e-09  2.2430006e-08 -4.6456061e-08
   260 :  9.3163441e-03 -2.4372791e-02 -2.3330963e-02
   261 :  1.7534403e-03  1.4532366e-03  1.7948540e-02
   262 : -1.0022566e-09 -2.8986857e-09 -8.0715344e-10
   263 :  3.1300559e-11 -8.5519050e-11 -1.5030002e-10
   264 : -4.5436797e-05  8.0354315e-05  2.8978876e-04
   265 :  6.6390733e-03 -1.1644080e-02  6.2762441e-03
   266 :  2.8907813e-06  7.6221258e-06 -3.0222625e-06
   267 :  7.5618403e-06 -2.4682142e-05  5.7654933e-06
   268 :  6.2939383e-13  4.5116981e-12 -1.1685222e-11
   269 :  8.9033390e-03  2.5188262e-03  5.8835828e-04
   270 : -4.1046918e-05  1.3510179e-04 -4.9023546e-05
   271 :  6.6257834e-03 -8.9091020e-03  2.8654114e-03
   272 : -1.5761488e-05  5.8855934e-06 -7.7321787e-06
   273 :  4.9257044e-11  1.0467297e-10 -2.0032518e-10
   274 :  1.0763061e-02  3.8457009e-03  9.3878594e-03
   275 : -4.3017676e-09  5.2853145e-09  8.8550001e-09
   276 : -9.6564639e-03 -6.2663988e-03 -7.4543059e-03
   277 :  3.0259444e-10 -6.7089130e-10 -1.0896949e-10
   278 :  1.8366977e-02  1.2141454e-02 -2.1854943e-02
   279 :  2.2697691e-02 -6.0358420e-03 -7.3886013e-03
   280 : -1.0857190e-02  2.2901466e-04 -1.1319394e-02
   281 :  5.9039059e-04 -6.3592072e-04 -1.3612791e-03
   282 : -1.3244547e-05 -3.9616519e-06 -3.0707596e-05
   283 : -1.2569455e-08  4.2259008e-08  2.7808992e-08
   284 : -1.2465044e-09 -8.6956797e-10  2.8793908e-09
   285 :  1.3820599e-02  9.3157422e-03  1.4702618e-02
   286 : -1.7840349e-02 -1.8658950e-02 -2.4539741e-02
   287 : -4.4135029e-02 -2.1440097e-02  1.0168759e-02
   288 : -2.5819208e-03  3.2562056e-04 -3.8043084e-03
   289 :  3.2442443e-03 -3.7994189e-03  2.9270285e-03
   290 :  8.9386855e-03  4.9420703e-03  1.2797943e-02
   291 : -3.0681013e-03  2.2037895e-02 -5.7605241e-03
   292 : -3.5801443e-03  1.1956510e-03  9.0972157e-03
   293 : -1.0374039e-07  1.4244325e-07  4.1423722e-08
   294 : -1.6510872e-02 -2.0573917e-02 -2.1541966e-02
   295 :  1.3941026e-13  1.8359052e-13 -1.0272435e-13
   296 : -1.5592359e-02 -1.5619025e-02 -2.1449238e-02
   297 : -1.0579952e-03 -6.8872489e-04 -2.7553751e-03
   298 : -4.4700597e-03  3.6742654e-03 -8.2078524e-03
   299 :  2.9993936e-15  5.6850324e-15 -1.7017840e-14
   300 : -7.0915747e-03  1.1306165e-02  8.6483786e-03
   301 :  8.6817024e-03  1.7379289e-02  9.1772389e-04
   302 :  4.7171421e-03  2.7383523e-03  1.1556481e-02
   303 :  2.7413302e-02  3.2930578e-02  1.3245675e-02
   304 :  1.3790850e-02  2.2728783e-02 -9.9644629e-03
   305 :  2.2697687e-04 -3.0034393e-06 -5.4454750e-05
   306 : -3.7750771e-03 -7.7537155e-03 -3.2239285e-03
   307 :  1.2589838e-03 -9.3668872e-03 -1.3454694e-02
   308 :  1.3880990e-04  3.4291673e-04 -1.5051737e-03
   309 :  6.5809278e-14 -3.1565465e-13  1.4868988e-13
   310 : -1.2856102e-02  4.8110060e-03  3.1272402e-02
   311 : -1.0940743e-02 -2.2895481e-02 -4.8252647e-02
   312 : -1.8948787e-12  5.6627951e-12  3.8293786e-12
   313 :  8.0034489e-08 -2.2206380e-07  9.5875362e-08
   314 : -7.5137963e-15 -1.4996441e-14  5.6067831e-14
   315 :  2.7755431e-10  2.2668804e-10  3.5999493e-10
   316 : -1.3300873e-02 -1.1240904e-02 -7.7677611e-03
   317 :  1.4799832e-14  6.6282315e-15 -3.3401120e-14
   318 : -2.4322844e-03 -3.8242967e-03 -3.1575578e-03
   319 : -2.4605395e-02  1.5256993e-02  9.1282238e-03
   320 : -3.2968287e-02  1.2333340e-02  7.0242882e-03
   321 :  9.1015633e-04 -1.0463939e-02 -3.9896290e-03
   322 : -4.0665770e-15  9.1753403e-15 -2.6486752e-15
   323 : -7.0534962e-15  2.8938032e-15 -9.8949286e-16
   324 : -3.4856942e-09 -2.6483188e-09  3.3499632e-10
   325 : -1.3453503e-07  9.5209209e-08 -1.3889447e-07
   326 :  1.2908762e-02  1.6132108e-02 -1.8232691e-02
   327 : -2.7263718e-03  6.2246824e-02 -7.2413142e-02
   328 :  4.3566070e-03 -1.1490550e-02 -1.4414844e-02
   329 :  7.6882110e-10  1.6391496e-09 -1.6846542e-09
   330 : -1.8067834e-15 -2.9057923e-16  5.1986458e-15
   331 : -5.5410240e-05 -5.4803997e-05  8.2688660e-05
   332 :  2.8976410e-02  2.9692578e-02  4.4917727e-03
   333 : -3.4959658e-08  1.9716392e-08 -7.6359888e-09
   334 : -2.8745555e-03  2.1789987e-02  9.3895152e-03
   335 :  3.1343165e-03  1.5117828e-02 -1.5355002e-03
   336 :  3.4686880e-02  8.1673331e-03 -3.3871140e-02
   337 : -8.7309601e-13  3.3164628e-12 -2.2352028e-12
   338 : -1.5494004e-02 -3.0750515e-02 -2.5974454e-02
   339 : -3.3122243e-09  5.4730783e-09  3.0036823e-09
   340 : -1.8657139e-03 -2.1380264e-03 -3.8363483e-03
   341 : -9.6784460e-13  9.3065223e-13  5.7091193e-14
   342 : -2.7356905e-10  8.2874594e-10  7.8856545e-10
   343 : -1.8720274e-03  4.5085388e-04  3.6811381e-04
   344 : -1.1871374e-03 -4.4459144e-03 -2.6994845e-04
   345 :  6.6720489e-03  3.3762575e-03 -2.1252718e-03
   346 :  3.6227747e-10  5.5435329e-10  2.6838366e-10
   347 :  6.3530670e-04 -2.5520843e-02  5.9961710e-03
   348 :  8.4599153e-04  3.6530679e-04 -2.2350884e-04
   349 :  3.7740694e-04 -1.1559609e-04  1.9192846e-04
   350 :  5.1106460e-03  3.0768358e-03  2.6529211e-03
   351 : -3.1957359e-07 -1.7022103e-07  1.5449277e-07
   352 : -3.0642408e-02 -1.2514708e-02  4.6918318e-03
   353 :  1.1812873e-02 -1.6037040e-02  1.9724270e-02
   354 : -4.5839110e-03 -3.0860158e-03 -5.0077896e-03
   355 : -4.3463035e-03 -1.4573018e-03 -1.2902826e-02
   356 : -2.1031801e-12 -1.6466135e-12  6.0101018e-12
   357 : -2.9248573e-02 -3.1564362e-03 -8.5144391e-03
   358 : -8.3402332e-05  2.2108976e-04  1.6616846e-04
   359 :  6.0609070e-18 -1.1368048e-17  7.9202050e-19
   360 :  5.6968816e-03 -1.4542398e-03  8.3161732e-03
   361 :  1.0929542e-06  2.9425422e-07 -3.9414406e-07
   362 :  1.8131908e-04  1.7540538e-04 -1.8297934e-04
   363 : -2.2242693e-05  1.8198768e-05 -5.2424806e-05
   364 :  3.3412806e-06 -4.3470332e-06  7.3463609e-07
   365 :  1.5121414e-02  5.3648844e-03  6.3831279e-03
   366 : -4.9866102e-12  1.5520679e-11 -2.0108593e-12
   367 :  2.0465476e-02  7.7843187e-03  3.3645743e-02
   368 :  9.6298926e-03 -1.9968891e-03  2.5926200e-03
   369 :  4.5142499e-04  4.0151791e-04 -1.4314315e-03
   370 :  2.5976404e-04 -6.0953450e-04  1.0067828e-05
   371 : -1.5078278e-12 -7.7134137e-12  1.5920353e-11
   372 : -1.2749987e-03  2.6616008e-03 -2.8860434e-03
   373 :  1.6250805e-02  1.9464657e-02 -1.6021712e-02
   374 :  9.2933402e-03  9.1164568e-03  1.0801275e-02
   375 : -7.1180045e-08 -1.0433868e-07  5.6454260e-08
   376 :  3.1727111e-13  5.4655856e-13 -1.5198797e-12
   377 : -2.8902015e-03 -2.3697672e-03 -8.3501211e-04
   378 : -8.9290023e-05 -6.6209046e-04  1.9828899e-04
   379 : -2.9881443e-16  4.9392888e-16 -1.6708504e-16
   380 :  3.8172657e-03 -4.9371109e-03 -1.5762973e-02
   381 :  6.3797067e-05 -3.8174106e-05 -1.5816076e-05
   382 :  7.8577522e-08  1.2980848e-06 -5.5086796e-07
   383 :  1.2516622e-02 -5.7697316e-03  8.3221964e-03
   384 : -1.5525503e-07  5.4050174e-07 -2.6834704e-07
   385 :  1.4434276e-02 -2.4968713e-02  1.2683552e-02
   386 : -1.2409222e-02 -6.8780138e-03 -7.8141881e-03
   387 : -2.1562940e-08  1.0542527e-08  2.4247391e-08
   388 : -4.0105590e-03 -1.3666210e-04  1.5367884e-02
   389 : -3.1686374e-05  4.1210047e-05  2.8915973e-05
   390 :  4.2211262e-03 -1.6340172e-02  2.4695875e-02
   391 : -2.8392917e-05  1.4536054e-04 -6.2409849e-05
   392 :  5.7097604e-03  9.3321385e-03  1.2517464e-02
   393 :  4.8305004e-03 -7.9043022e-03 -1.0727948e-02
   394 : -1.8081871e-06  3.2640722e-06  8.0447418e-07
   395 : -1.8226324e-03  2.7289109e-05 -2.0066629e-03
   396 : -1.6025085e-15  2.5998312e-15 -5.9530885e-15
   397 :  5.3333798e-03 -8.3051423e-03  1.2366982e-02
   398 :  1.7327804e-02  1.8345318e-02  1.2096289e-02
   399 :  4.7529841e-03 -1.1408297e-02  1.3849037e-02
   400 :  2.5105623e-02  1.7279892e-02  2.0143057e-02
   401 :  4.3518523e-04 -2.1796785e-04  1.0757791e-02
   402 : -3.8628139e-06  1.5643989e-06  6.8496472e-07
   403 :  8.3999930e-06 -2.1528223e-05  9.2873172e-06
   404 : -1.8133208e-12 -2.4751112e-12  8.5722559e-12
   405 :  1.3895884e-03 -2.5807040e-03 -3.0716558e-03
   406 :  5.0934242e-03  2.5636971e-03 -1.6093617e-03
   407 : -8.5861178e-03 -3.2942967e-03 -1.9837888e-03
   408 :  8.6943442e-03 -8.2893831e-03 -2.1300993e-03
   409 :  1.9130396e-02  9.3714007e-03 -2.8449388e-03
   410 : -3.9593247e-03 -5.5857639e-03 -4.4075188e-03
   411 :  8.0331082e-04  2.6986585e-02  1.5521850e-02
   412 :  2.2581490e-03  4.4243772e-03  8.5323199e-03
   413 :  1.4295067e-13 -2.7531497e-15 -1.6633888e-13
   414 :  3.3449291e-03  3.6785009e-03  3.9906686e-03
   415 :  1.0449079e-03  2.0245096e-02  2.3309543e-02
   416 :  3.2859281e-09 -2.4232518e-09  6.4532497e-09
   417 : -1.4538864e-02  5.5947560e-03 -1.4384341e-02
   418 : -8.8796863e-03 -7.4255366e-03 -7.8038572e-03
   419 : -2.1077705e-12 -7.4967023e-12  7.5174984e-12
   420 : -4.0911676e-11  1.2102995e-10 -2.8359871e-11
   421 : -7.0244739e-10  1.8931252e-09 -6.0203450e-09
   422 :  2.3243317e-04  4.6915939e-04 -1.9073805e-04
   423 :  2.5720288e-02 -5.2788243e-02  6.2984862e-03
   424 :  6.8485283e-07 -1.5163968e-06 -3.8009708e-07
   425 : -5.8842281e-08  7.3886156e-08 -1.8900861e-08
   426 : -1.8117065e-05 -1.6586269e-05  8.3510651e-06
   427 :  1.1214006e-04  7.1413255e-05 -3.1277231e-04
   428 : -3.0519437e-06  7.2447810e-06  5.5825213e-06
   429 : -1.9238848e-02 -2.3970653e-02  8.5340794e-03
   430 :  8.6645148e-03  1.1696671e-02  6.2953839e-03
   431 : -4.9845756e-03  4.5721415e-03  6.4301702e-03
   432 : -1.7017307e-03  6.5687759e-04 -1.7737607e-03
   433 :  4.1519027e-13 -5.6591355e-13 -2.5298927e-13
   434 : -6.2915787e-03 -1.1773456e-02 -1.1889413e-02
   435 :  2.6432170e-03 -3.3815330e-03 -2.5714740e-03
   436 : -4.7200984e-09 -1.3908948e-07 -1.7316438e-08
   437 : -2.2047391e-03 -3.6953183e-03 -2.8766880e-03
   438 :  3.8723183e-03 -1.4270320e-02 -1.6850796e-03
   439 : -1.1183373e-03  1.2628851e-03  5.0987811e-03
   440 :  5.3732150e-10 -2.6453191e-09  7.9483057e-10
   441 :  1.2696011e-13  7.3629199e-14 -2.1652115e-13
   442 : -1.3051592e-02 -1.0184114e-02 -1.7304049e-02
   443 : -7.5204668e-03  1.8060243e-02  1.3215138e-03
   444 : -1.3968325e-02 -9.3136848e-03  3.3833532e-03
   445 :  5.2901549e-03 -6.3784776e-04 -1.1714594e-03
   446 :  6.9338657e-03  8.4256808e-03  1.0180039e-02
   447 : -1.1473524e-03  5.8229057e-04 -9.9889808e-04
   448 :  1.4740475e-02  8.5490375e-03  1.3376640e-02
   449 :  4.4633102e-13 -5.4763029e-13 -3.5500357e-13
   450 : -1.3750015e-14 -1.3270803e-15 -8.3737498e-16
   451 :  1.4969625e-02  3.0715213e-03  1.0646952e-03
   452 : -5.3227608e-03 -3.3024989e-03 -2.8686434e-03
   453 :  1.1350341e-02  3.5086936e-03  7.2066702e-03
   454 : -1.1233966e-03  2.3528863e-03 -5.1928979e-03
   455 : -1.1663635e-06  3.5305138e-06  7.7659249e-06
   456 : -2.7111965e-03  1.1904616e-02 -7.7650982e-03
   457 : -3.1923568e-14 -3.5655481e-14  1.5072790e-13
   458 : -4.2344812e-05  1.0570795e-04 -4.7980591e-05
   459 :  1.7403684e-02  8.9608622e-03 -7.8870250e-03
   460 :  1.0806365e-02  1.0290500e-02  6.0333716e-03
   461 :  4.0151334e-04 -5.6901037e-04 -9.7384869e-04
   462 : -2.6581972e-03  2.3745717e-02  1.5550427e-02
   463 : -1.4792050e-09 -1.4158724e-09  3.1780424e-09
   464 : -4.6519492e-03  1.6035197e-02 -2.9394587e-02
   465 :  1.7827274e-02 -1.3235942e-03  6.5521213e-03
   466 : -1.1729073e-02 -1.1304679e-02  3.9335861e-04
   467 : -2.0413189e-09  7.7692248e-10  1.9519921e-09
   468 :  3.2989920e-08  3.3545717e-08 -7.6352178e-09
   469 : -3.0020740e-16  6.4730131e-16 -1.6756557e-16
   470 : -1.9909517e-14  1.3638960e-14  1.9915826e-14
   471 : -2.7704116e-07 -7.5917093e-08 -6.3358862e-07
   472 : -2.0264100e-09 -8.4929030e-10 -3.8698027e-09
   473 :  6.6486369e-03  6.8661591e-03  5.2871219e-03
   474 :  1.6473564e-11 -6.2387043e-11 -1.0622726e-11
   475 :  2.4303422e-06 -8.8969132e-07  1.6687923e-06
   476 :  7.3203457e-07  5.3056872e-07 -6.2008164e-07
   477 : -2.9555156e-15  1.4735476e-16 -1.6480612e-15
   478 :  1.2048055e-02 -4.9544622e-04 -1.1942444e-02
   479 : -3.8549837e-16  1.0235264e-15 -2.1442675e-16
   480 : -1.0570700e-02 -7.8076671e-03 -2.9777736e-04
   481 :  9.7918460e-06  5.4028469e-06 -2.7146804e-05
   482 : -5.3823809e-11  7.8952857e-10 -3.0206926e-10
   483 : -7.8743685e-03 -4.9117562e-03 -1.0782315e-03
   484 : -1.9821129e-02  8.1689610e-03  1.0131692e-02
   485 : -1.1428612e-02  1.5280243e-02  1.5489339e-02
   486 : -5.2015097e-03 -8.0269878e-03  9.5098542e-06
   487 :  3.0022250e-02  2.1902311e-02  3.2304371e-02
   488 :  6.4224621e-03  1.0498113e-03 -5.9591469e-04
   489 : -2.5035171e-11 -1.5375903e-11  7.3836352e-11
   490 :  3.7916887e-10 -1.5614722e-10 -1.4285435e-11
   491 :  2.3096585e-10  4.8935826e-10 -2.8828282e-10
   492 : -5.8091610e-02 -1.1726609e-02 -4.5982063e-02
   493 : -1.9599616e-03 -4.2903948e-03 -4.1275633e-03
   494 :  1.6326104e-03  1.6583486e-03  3.5053097e-03
   495 : -2.0096188e-03 -2.6548719e-03  2.6745254e-03
   496 :  6.6531071e-08  5.2564672e-08 -2.5042996e-07
   497 : -2.4876299e-13 -7.8247152e-13  4.1119705e-13
   498 :  1.0799042e-11 -5.6289176e-12  9.4652193e-12
   499 : -7.2711400e-03  1.0400264e-02  3.4005619e-03
   500 :  2.3619107e-14 -2.6211011e-14 -3.4714042e-14
   501 :  1.3120147e-15  1.2749578e-15 -8.5114580e-15
   502 : -2.3913075e-02  3.0308299e-03 -2.4815727e-02
   503 :  3.9649001e-03 -4.1155131e-05  2.8983163e-03
   504 :  1.7669243e-05  2.5194336e-02  5.2334447e-03
   505 : -7.1761860e-03 -2.6069197e-03 -1.1661966e-02
   506 : -3.4188667e-10  4.7836521e-10 -8.3544756e-10
   507 :  2.7990509e-08  6.1678999e-09 -1.7624567e-08
   508 :  1.4416642e-08 -1.9596964e-08  8.0894200e-09
   509 :  7.4041891e-03  5.5380969e-03  1.1254966e-02
   510 :  4.7630901e-08  1.2135247e-08  9.0715062e-08
   511 :  3.5608114e-04 -5.3869945e-04 -6.2241578e-04
   512 : -2.4136626e-05 -3.1650165e-05  1.3448658e-05
   513 : -7.4814378e-03  8.8403209e-03  1.4219066e-02
   514 :  2.4702613e-02  2.1280560e-02  1.9177437e-02
   515 : -1.6196671e-02  1.0867417e-02 -2.5155866e-02
   516 :  2.2013813e-08  4.6612712e-08 -3.4015685e-08
   517 : -1.0247300e-02 -1.0165205e-02 -8.3320547e-03
   518 : -7.9668448e-03 -9.8617577e-04  2.6616526e-04
   519 : -5.3525364e-04 -5.9851715e-04  2.1066681e-04
   520 : -7.9345496e-04  3.2827767e-04 -2.2019939e-03
   521 :  7.9708026e-03  4.0120056e-03  2.4882656e-03
   522 : -4.8303728e-03 -3.1889928e-03 -5.1315429e-03
   523 :  4.0526539e-03  1.2241800e-01 -1.4288771e-01
   524 :  5.6709252e-03 -4.0708688e-02  8.0771015e-02
   525 :  3.1287894e-02  8.5444399e-03  1.4653480e-02
   526 :  3.1418697e-06  5.5927452e-06 -1.5923078e-05
   527 : -6.5457775e-12 -2.5593404e-12  2.8627433e-11
   528 : -2.8471919e-02 -3.7359383e-03 -1.6425190e-02
   529 : -1.8783380e-02 -1.8616513e-02 -1.7382553e-02
   530 :  4.1813182e-04 -2.4158256e-03  1.6834479e-03
   531 : -1.2622764e-02 -2.3197317e-03 -2.5147317e-02
   532 :  5.5011183e-05  3.2146094e-04  1.5404845e-04
   533 :  8.2646329e-17 -2.7961869e-17 -8.9503917e-18
   534 : -1.8932005e-17 -6.4692194e-17  1.5081136e-16
   535 : -1.6102053e-10  3.2902065e-10 -5.2216395e-13
   536 : -1.0175132e-02 -4.0826302e-04 -2.5447056e-03
   537 :  4.1694284e-03  3.6014884e-03  5.9278571e-03
   538 : -1.7257023e-02  5.4115503e-03 -2.2601735e-02
   539 : -2.2895709e-11  6.6217837e-11  5.9188973e-12
   540 :  1.4893794e-10  2.0404081e-10 -1.5935917e-09
   541 : -5.0503858e-09  6.1327562e-09  1.3154743e-08
   542 : -5.4509820e-04 -2.8204676e-03 -7.1356138e-04
   543 : -5.1809434e-12 -1.5075845e-12 -1.1251701e-12
   544 : -2.7348975e-03  4.5346874e-03  2.3753285e-04
   545 :  3.4019162e-07 -1.6120753e-07 -7.2319804e-07
   546 :  4.7036108e-03  5.3810075e-03 -5.5191426e-03
   547 :  7.6364786e-10 -1.7288353e-09  1.7337608e-10
   548 :  1.3826951e-03  8.4525541e-03  6.6975954e-03
   549 :  1.3887288e-08  9.6148962e-09 -4.8185790e-10
   550 : -3.5203973e-02 -6.6550963e-03 -4.9427948e-02
   551 : -1.1851891e-02 -1.4732764e-02 -7.0870790e-03
   552 : -1.8959750e-03 -1.9088539e-03 -2.7369518e-03
   553 : -1.4775203e-02 -2.1597120e-02 -4.8397879e-02
   554 :  9.1708796e-08 -3.2205320e-07  1.2175151e-07
   555 :  1.6845023e-04 -1.9075214e-03 -6.7422973e-04
   556 :  1.8671269e-08  2.0241199e-08 -2.2704741e-08
   557 :  8.0832323e-03 -1.1314246e-02 -7.9494049e-03
   558 :  1.0303325e-02 -1.7198298e-02 -1.3453107e-02
   559 : -1.7622520e-03 -6.5725328e-03 -1.9589877e-03
   560 : -1.5520246e-02 -2.6084805e-02 -5.0557641e-02
   561 :  2.6852634e-03  1.8816290e-04  1.5497329e-02
   562 :  1.5992536e-04 -3.5636368e-04  8.9457859e-05
   563 : -1.0926380e-14  5.0442906e-15 -3.3693094e-14
   564 : -5.7982580e-03 -1.4813273e-02 -1.5409059e-02
   565 : -1.0801984e-02 -8.3276580e-03 -8.3447055e-03
   566 : -4.4066998e-11 -3.7137395e-09 -4.0418207e-09
   567 :  9.5865134e-04 -2.5655360e-03 -1.4893121e-03
   568 : -3.5738985e-03 -2.1152853e-02  1.0949610e-02
   569 : -1.6189261e-02 -1.4612191e-02 -1.7260946e-02
   570 :  2.1523484e-07 -4.6111054e-07 -1.8203945e-07
   571 : -1.4057457e-04 -2.8523379e-04  5.6174791e-04
   572 : -1.0242475e-14  2.9401015e-14 -1.5637707e-14
   573 : -4.6195990e-03  3.5419693e-03  6.6873825e-03
   574 : -1.5781910e-02  1.6194051e-02 -1.5173146e-02
   575 :  2.1010446e-03 -3.8338177e-03 -4.7929929e-03
   576 :  2.0540791e-02  1.4890818e-02  1.2014848e-02
   577 : -4.8245538e-03 -2.4285325e-03 -3.5921219e-03
   578 :  8.4496514e-17  9.5967777e-16 -4.2254275e-16
   579 :  7.1689153e-03  5.8405010e-03  2.8234923e-03
   580 :  9.5986648e-04  3.2767628e-03  8.4550125e-03
   581 : -2.8616243e-09 -1.5951928e-07 -1.3022615e-07
   582 :  2.4692934e-16  1.7065328e-15 -5.9071599e-16
   583 :  6.4749223e-06 -1.3664603e-05  5.8535975e-07
   584 : -4.3059314e-13  8.6334686e-13  2.1438851e-14
   585 :  4.4623908e-03  3.6068283e-03  9.7840151e-03
   586 :  1.3251530e-09 -5.3855806e-09  2.1055192e-09
   587 :  3.8619028e-06 -1.4595721e-05  6.9512178e-06
   588 : -1.7989520e-09 -6.3583253e-09  1.0813330e-09
   589 :  2.8041842e-02  8.4628705e-03 -3.2762256e-03
   590 : -4.4134756e-03 -1.3004143e-02 -3.7540689e-04
   591 :  1.4146571e-15 -2.2598958e-15  1.1249857e-16
   592 :  7.8206957e-10 -3.5070598e-08  7.8776671e-08
   593 : -7.1021202e-04  1.9183963e-04 -1.5450049e-04
   594 :  2.9640288e-05  1.3329299e-04 -5.4379072e-05
   595 :  1.2373689e-02 -8.2706015e-04  3.3955481e-02
   596 : -2.2655155e-02 -3.5020350e-01  3.4811134e-01
   597 :  3.6717815e-04 -1.2623221e-05  7.0607219e-05
   598 : -7.8623454e-06 -3.0201505e-05  1.7497577e-05
   599 :  1.9987236e-02 -6.5998288e-04  1.1574344e-02
   600 :  1.3401421e-02  1.5446529e-02  1.2220002e-02
   601 :  1.2589901e-02  6.7751832e-03  9.6811613e-03
   602 :  6.8776234e-10 -1.5618866e-10  6.0370285e-10
   603 : -1.5969508e-11 -5.4730264e-11  2.1617970e-11
   604 :  1.9636685e-06 -2.3810608e-06  2.5689621e-06
   605 : -8.7378068e-05  1.1712598e-04  6.7250080e-05
   606 : -3.3919073e-03 -5.2766184e-03 -2.7589899e-03
   607 : -2.2307740e-03 -7.1498891e-04  1.1918953e-03
   608 :  3.3174020e-09  9.8651478e-09 -4.6823980e-09
   609 : -1.5081598e-07  9.7537411e-07 -3.2018459e-07
   610 :  2.5677834e-11  6.9656090e-11 -1.6213625e-10
   611 :  1.1387831e-02  6.0678436e-03  6.2644236e-03
   612 : -8.4875774e-03  1.4126681e-02  6.3847010e-03
   613 : -1.6157131e-03 -2.0779632e-03  2.8417365e-03
   614 : -3.5542163e-02 -4.5934936e-02 -1.3159112e-02
   615 : -6.7280930e-03  4.6599625e-03  9.1847891e-03
   616 :  1.1828939e-12 -2.6103948e-12 -8.8857417e-13
   617 :  6.0826523e-03  1.7592540e-03 -1.1794703e-03
   618 :  3.6006314e-05  5.4422166e-05 -4.6869071e-05
   619 :  5.0767013e-11 -2.1306601e-09  2.6919091e-09
   620 : -6.2530459e-05  1.5132805e-05 -5.2875926e-05
   621 : -1.0287725e-02  7.4929675e-03  1.8462148e-02
   622 : -1.6966667e-02 -8.9678086e-03  3.3422182e-03
   623 :  3.1316863e-03 -1.5393077e-02 -1.0194956e-02
   624 :  1.4896158e-02  1.4722917e-02  6.2951438e-03
   625 :  6.5977614e-03  3.6588041e-03 -4.7408075e-03
   626 :  2.4175102e-17  7.9984646e-16 -6.1456433e-17
   627 :  8.2158052e-11  7.2323192e-11 -2.3611237e-10
   628 : -6.8398106e-06 -2.1633284e-05  9.3457770e-06
   629 :  1.1973442e-02  6.3221232e-03  5.2092406e-03
   630 : -1.0383675e-02  1.3252323e-03 -3.3538682e-03
   631 : -1.1749339e-03  2.1305649e-03 -8.6243551e-04
   632 :  1.3331609e-12 -2.9751522e-12 -1.3705402e-12
   633 :  8.5614526e-03  2.7722521e-03 -1.1987035e-02
   634 : -2.6945254e-03 -8.4912550e-04  1.5618891e-02
   635 :  6.7651999e-03 -1.8609645e-03 -1.8466295e-03
   636 : -8.2469289e-04 -3.8880277e-04  4.0598764e-03
   637 : -1.6980303e-02 -1.7060887e-02 -1.8719413e-02
   638 : -1.1187482e-02  9.1374723e-03  8.5055774e-03
   639 :  7.2297708e-03  1.2409747e-02  4.3092554e-03
   640 : -2.6470195e-03  3.8710975e-03 -3.2719325e-03
   641 : -9.6891633e-10  2.5877613e-09 -3.1033920e-09
   642 :  2.5211525e-02  2.1541407e-02  2.2898776e-02
   643 : -1.2377509e-02  2.0307104e-03  5.1577786e-03
   644 : -5.1623392e-02 -1.0210502e-02 -1.3835542e-02
   645 :  2.1377513e-02  1.1520776e-02  1.0206938e-02
   646 : -2.3021915e-03 -1.4311283e-03 -6.1218969e-05
   647 : -1.4064274e-02  1.8130983e-02  4.2384074e-03
   648 :  1.3570526e-02  1.2133036e-02  1.8440793e-02
   649 : -1.5461238e-02 -1.8509864e-02 -1.7119373e-02
   650 :  1.7318000e-04  4.7981583e-04  7.9009111e-03
   651 :  3.4435791e-02 -3.3190862e-03 -1.5169050e-02
   652 :  2.0781843e-02  2.4770258e-02  1.3367528e-02
   653 : -1.4677360e-02 -1.3636522e-02  1.4350103e-02
   654 :  5.4234988e-07 -3.6900766e-07 -9.0572505e-07
   655 :  1.9287148e-02  6.9934579e-03  2.2390789e-02
   656 : -4.3618910e-03  3.6773540e-03 -2.0097350e-03
   657 :  1.1061640e-02 -6.6544816e-03  6.3793427e-03
   658 :  2.1613455e-02  1.7482568e-02  3.2622267e-03
   659 :  1.8599643e-03  8.4224117e-03  1.4684141e-02
   660 : -1.2038693e-02 -1.7708802e-02  6.1511332e-03
   661 : -9.9694831e-03 -7.6715857e-03 -1.6273843e-03
   662 : -5.7469035e-05 -3.3624135e-05  1.2242785e-04
   663 :  3.5005462e-03  2.1972056e-03 -5.6743348e-03
   664 : -1.5961342e-02 -5.2493712e-03  7.1527658e-03
   665 :  7.5664081e-03 -2.2533326e-03  3.1388011e-03
   666 :  1.0208513e-12 -3.4633843e-13 -1.4825913e-12
   667 : -1.8015631e-07 -5.8434571e-09 -1.0788021e-07
   668 :  2.4398245e-04  3.5871311e-03 -2.1471354e-03
   669 :  5.9175522e-16  3.6940099e-16 -3.7680778e-16
   670 : -2.6774882e-04 -1.9331405e-03 -1.2092314e-02
   671 :  2.1546973e-03  2.1196230e-03 -3.2802107e-03
   672 : -7.1477460e-03 -2.8311822e-03 -4.3549944e-03
   673 :  1.4929840e-04  1.6635919e-04 -6.9462491e-04
   674 :  7.1343212e-04 -8.2450265e-04 -1.0161726e-03
   675 : -1.4998543e-03 -3.0795075e-04 -5.9789322e-04
   676 :  1.5647636e-04 -1.5632726e-01  1.9434813e-01
   677 : -1.7562147e-03 -1.0321293e-03 -1.0330806e-03
   678 : -2.0204569e-03 -2.4375161e-04 -4.1085436e-03
   679 : -6.4732733e-03  8.5966997e-03 -8.9431091e-04
   680 :  4.2014459e-04 -1.1216744e-02 -1.4552157e-03
   681 :  4.5911631e-09  1.6596099e-08 -4.6672108e-08
   682 :  2.8729137e-08 -5.8326930e-08 -7.4699128e-09
   683 : -2.8789336e-07  5.2019299e-07  9.0898370e-07
   684 : -1.9852197e-09  2.9774170e-09  7.9726616e-11
   685 :  1.8371988e-02  2.2971212e-03  1.4745371e-02
   686 : -1.1725060e-03 -7.4933889e-04 -5.5425541e-04
   687 : -1.0264753e-08 -4.4777742e-09  4.7780488e-09
   688 : -1.2546683e-08  4.0337734e-04 -9.4271831e-04
   689 :  9.2850757e-03  5.0620529e-03 -1.0038440e-02
   690 :  4.0622234e-03 -1.8804521e-06 -2.8376766e-03
   691 :  1.0158393e-02  1.1951552e-02  1.4128470e-02
   692 :  4.1725011e-02  3.7521716e-02 -1.1540904e-02
   693 :  1.4852021e-15 -9.1020781e-16  2.4676657e-17
   694 :  1.6585886e-10 -7.7623313e-11 -3.4926672e-10
   695 : -5.3300793e-03  4.9902427e-03 -5.2706177e-04
   696 :  2.2030151e-03 -3.9678880e-03 -2.7452909e-03
   697 :  1.8667398e-02  1.5165289e-02  1.2722273e-02
   698 : -3.4393311e-03 -9.6338628e-04 -7.7283944e-03
   699 :  3.9496506e-05 -6.3220207e-05  2.4231586e-04
   700 : -2.5117198e-14 -4.8000598e-14  1.2706623e-13
   701 :  8.8289604e-13 -2.9641900e-12  9.8642688e-13
   702 :  1.9753401e-07 -6.7603739e-07 -1.8319093e-07
   703 : -4.6330522e-03 -4.3099486e-03 -7.3111116e-04
   704 :  1.5097398e-02  1.8856275e-02  2.0072477e-02
   705 : -1.0045507e-09 -9.5698853e-12 -1.4044384e-09
   706 : -2.4293751e-01  1.9514279e-01  4.9749990e-02
   707 : -3.2657019e-02  1.4198367e-02 -5.3789122e-02
   708 : -1.4016735e-02 -1.0584446e-02 -2.2686462e-02
   709 :  5.3578176e-03 -2.2525855e-03  9.0042082e-03
   710 : -4.6915532e-05  1.2790975e-05  1.0290348e-05
   711 :  1.9323472e-02  5.7768037e-03  5.8411836e-03
   712 : -1.4104888e-02 -1.7633722e-02 -1.0514893e-02
   713 :  2.1552166e-02  1.7091724e-02  1.5904849e-02
   714 : -4.0979999e-03 -1.5947373e-03 -4.6901701e-03
   715 : -5.0961233e-04  1.9720978e-02  1.2570235e-02
   716 : -1.4561419e-10  2.1506002e-10 -1.8767668e-10
   717 : -1.5785332e-02 -1.9462469e-03 -1.3785363e-02
   718 :  2.4830937e-02  1.7048938e-02  1.4411947e-02
   719 :  9.2587265e-03  9.3004494e-03  3.7379477e-03
   720 :  2.5236997e-03  3.1195695e-03 -2.2798289e-03
   721 : -3.5002842e-02 -3.5369086e-03  1.4310361e-02
   722 :  1.5584640e-08  9.0214464e-09  1.8759750e-09
   723 :  6.4811095e-10 -1.0219104e-07  7.7341563e-08
   724 : -1.2673280e-09 -6.6549066e-08  2.8463841e-08
   725 : -1.3547509e-02 -1.6655463e-02 -1.5382166e-02
   726 : -4.7458024e-04  1.6115975e-04  1.5995819e-04
   727 : -1.0848454e-02 -1.3431021e-02 -1.5113807e-02
   728 : -1.6859628e-02 -3.5599687e-03 -1.6866247e-03
   729 :  7.5406883e-03 -2.4641349e-02  2.4119517e-03
   730 :  1.7482432e-02  1.7904184e-02  1.8286944e-02
   731 : -6.7635095e-08  6.6943540e-08 -2.0273987e-09
   732 : -1.4893793e-05 -1.2364263e-05 -3.9113914e-06
   733 :  8.7753688e-03  1.2118930e-02  1.7415492e-02
   734 : -8.5028584e-02 -7.8636859e-01  7.6973506e-01
   735 :  6.3031133e-03 -7.2044055e-01  7.7523761e-01
   736 :  1.2745485e-02  6.6309724e-03  7.6081067e-03
   737 : -1.0982122e-03 -1.1396154e-03  3.2629542e-03
   738 : -1.9983438e-03  3.0508104e-03 -1.4554010e-04
   739 : -9.6034584e-03  7.1728023e-04 -1.6905313e-02
   740 :  1.8603152e-02  2.3785962e-03  1.7616596e-02
   741 : -7.0428724e-03 -7.4017722e-03 -4.4380053e-03
   742 :  5.1448373e-03  1.4262469e-02  2.4128253e-02
   743 :  7.4057570e-03  1.0680809e-02  2.2939867e-04
   744 : -2.6814394e-02  1.0456855e-02 -6.5180517e-03
   745 :  9.4746457e-10  1.0611334e-08  1.0730284e-08
   746 : -3.0903314e-07  1.1384577e-06  1.6086374e-06
   747 :  1.2032266e-04  2.9075556e-04  3.4552669e-04
   748 :  1.8115040e-02  1.9231228e-02  2.5709914e-03
   749 : -1.0496897e-02  1.1012693e-02 -3.1921040e-03
   750 : -2.2703028e-09 -1.7480842e-09  2.7897018e-09
   751 : -5.3046630e-03 -4.5008741e-03 -6.4002117e-03
   752 : -7.1649448e-03  3.6531263e-04  1.4245729e-02
   753 : -1.1929965e-03  1.5099066e-02 -1.0186383e-02
   754 :  2.2380032e-06  2.8869881e-06 -7.8806771e-06
   755 : -3.2533606e-03  4.4519044e-03 -2.0255809e-02
   756 : -3.1647615e-03  1.5708712e-03  6.0920268e-03
   757 :  2.9906808e-15  2.0521282e-15 -1.9748934e-15
   758 : -5.0580022e-02 -6.7692906e-02 -3.0918180e-02
   759 :  1.8383629e-02  1.5651059e-02  1.8520629e-02
   760 :  2.0712611e-04 -7.2465621e-04  4.3099979e-04
   761 :  2.9365226e-02  1.6156124e-02  1.2417959e-02
   762 : -5.1049944e-02 -3.6367159e-02 -3.6487370e-02
   763 : -4.8662216e-11  1.4329430e-10 -4.4943424e-11
   764 : -4.7149505e-12 -1.4141152e-11  8.5841846e-12
   765 : -4.6400026e-03 -4.8705839e-03 -6.1599013e-03
   766 :  5.2963282e-04 -2.1072868e-03  7.1151067e-04
   767 : -5.7132651e-02 -1.2976333e-01 -1.5758779e-02
   768 :  5.6485210e-09 -1.9369864e-09  1.1494442e-08
   769 : -3.9834222e-03 -3.0645296e-03 -7.6398003e-03
   770 : -9.2180479e-03  1.4142590e-02  1.0015343e-02
   771 : -1.7031148e-03 -2.7294006e-02  2.3444105e-02
   772 : -6.4923173e-03  3.6512280e-03 -7.5733631e-03
   773 : -1.0268042e-04 -1.9922052e-03 -1.6623635e-03
   774 : -6.8576302e-03 -6.6490836e-03 -5.7410734e-03
   775 : -3.4434347e-02 -2.6925934e-01  2.4158138e-01
   776 : -8.2519866e-04 -1.9529243e-03 -1.3028857e-03
   777 :  2.0047792e-02  1.6674400e-02  1.4328198e-02
   778 :  1.4573781e-02  5.4399216e-05  1.0208757e-02
   779 : -2.1780986e-06  1.1046498e-06  3.5829956e-07
   780 : -3.7793984e-02  7.9311394e-03 -3.9726899e-03
   781 :  4.9804249e-09 -3.7835541e-09  9.8174338e-10
   782 :  6.1249652e-16 -6.7300844e-17 -1.1805383e-15
   783 :  6.7391822e-03  1.7120566e-02  1.4200804e-02
   784 :  2.7040638e-02  5.9328486e-03  2.5184560e-02
   785 : -1.2958575e-08  2.5767489e-08 -5.8602323e-09
   786 :  6.2166949e-03 -6.4108124e-03 -2.2613294e-02
   787 : -2.7021815e-03 -3.2681272e-03 -4.8718642e-03
   788 :  1.2672895e-08 -8.2740876e-10  1.5280056e-09
   789 : -1.4980822e-07  4.7293538e-07 -8.0469714e-07
   790 : -9.2824446e-03 -2.0101867e-02 -1.3943235e-02
   791 : -3.6642680e-02 -7.8938149e-02 -9.7374779e-03
   792 : -8.5173886e-03  4.6894738e-03 -2.2882034e-03
   793 : -5.7430985e-03  3.3926764e-03  3.7797212e-03
   794 :  1.7015362e-02  7.0040353e-03  2.0291341e-03
   795 : -9.2513804e-03 -8.5285988e-03 -2.2814876e-03
   796 :  2.6111884e-03  8.4589350e-03  6.3334558e-03
   797 : -5.7400723e-09  1.8931791e-08 -3.6544822e-08
   798 :  4.6278860e-04  1.2703179e-02 -5.1164928e-02
   799 :  2.9105576e-04  1.7277468e-04 -3.3351752e-04
   800 : -3.9523350e-03 -4.4467897e-03 -5.8975562e-03
   801 : -4.2756123e-07 -5.6256024e-08  1.0825880e-06
   802 :  1.4074138e-02 -3.9233081e-01  4.4100836e-01
   803 :  4.0070993e-05  2.3638301e-04 -5.7141557e-05
   804 : -4.4142457e-03 -6.3099823e-03 -5.9343206e-03
   805 :  3.1514010e-02 -1.7477480e-03  3.4814979e-02
   806 : -2.5677295e-06  4.1645400e-07 -1.7877008e-06
   807 :  4.1944749e-09  1.9245476e-08 -1.4915990e-09
   808 : -8.2414628e-03 -6.3759767e-03 -6.3099481e-03
   809 :  5.0604247e-04 -1.5915607e-03 -3.2631954e-04
   810 : -5.9755644e-09 -1.0554286e-07  2.2468315e-07
   811 : -5.4769275e-16 -2.4157153e-16  1.1579592e-15
   812 :  1.2369062e-02  3.8727792e-03  1.7572731e-02
   813 :  6.3393407e-03 -1.0567481e-01  1.5541223e-01
   814 :  2.4228085e-16 -5.8528090e-17 -1.0562387e-16
   815 :  2.3828416e-18  2.0584054e-17 -6.5786576e-17
   816 :  4.4590080e-13 -3.3945305e-13 -5.0286601e-14
   817 :  1.8450701e-14  2.0533028e-14 -5.7325465e-14
   818 : -1.1331541e-15  1.0554148e-14 -7.7622826e-15
   819 :  9.7976172e-04  1.0879746e-03 -3.8246460e-03
   820 :  5.2618470e-16 -1.8137856e-15  4.0447689e-16
   821 :  7.1876934e-03  1.4979855e-01 -1.2521751e-01
   822 :  4.4764990e-02 -4.2040616e-02  3.5608026e-02
   823 :  7.4524659e-06 -1.9276349e-05  3.8203813e-06
   824 : -2.4046762e-05  1.0750411e-04  1.6994768e-04
   825 : -9.8589135e-12  6.7327826e-11 -9.4762232e-11
   826 : -4.9592140e-04  1.7572794e-02 -2.3261966e-02
   827 : -1.1923855e-06  1.1341396e-06 -5.7078941e-09
   828 :  1.4530580e-04 -6.5348619e-05 -2.3811686e-05
   829 :  6.5152739e-03 -3.1435580e-02  3.9734622e-02
   830 : -3.2663792e-02  8.4267097e-03 -6.4499919e-02
   831 : -6.4361727e-03 -1.6324426e-01  8.3321206e-02
   832 : -2.8886295e-03  5.1189288e-03 -1.1332848e-02
   833 :  6.7216422e-03  1.3128045e-01 -1.0666380e-01
   834 :  3.1393683e-14 -2.6861933e-14  2.1616343e-14
   835 :  6.5960256e-17 -8.6877275e-17  1.8243076e-16
   836 :  7.8350545e-03  3.2104205e-02 -1.4097739e-02
   837 : -5.3684976e-08  4.3493105e-08 -1.0007123e-07
   838 : -1.6701973e-02 -2.3709028e-02 -3.7433966e-03
   839 : -2.0666629e-05  3.4035702e-05  9.4701709e-05
   840 :  5.5568158e-08 -1.2545812e-07  2.2159203e-07
   841 :  1.1915834e-05 -2.8665147e-06 -5.6443459e-06
   842 :  9.6509652e-03  8.6441992e-03 -2.0166435e-03
   843 : -2.0585401e-06  4.0872052e-06 -4.2341974e-07
   844 :  2.5046906e-02 -8.9923261e-03  3.3359162e-02
   845 :  4.6985008e-11  8.6139435e-11 -1.0382310e-10
   846 : -5.4717830e-03 -1.9728091e-01  1.8956419e-01
   847 :  6.6503583e-03  5.0657604e-04 -2.4641646e-03
   848 : -7.6680754e-18  1.8015913e-17 -5.3532708e-18
   849 :  7.0999107e-05  7.7076581e-05  1.3673883e-04
   850 :  1.6960291e-04 -1.1157073e-04  3.9018415e-04
   851 :  2.6343466e-05 -5.2529510e-05 -3.7678187e-05
   852 :  1.7064927e-11 -4.2913625e-11  1.6525181e-11
   853 :  1.0590200e-02 -8.8412660e-03  1.9098367e-02
   854 :  3.3242630e-19  2.5551302e-18 -2.1772225e-18
   855 : -4.6928149e-03  8.8838268e-03  4.6387633e-03
   856 : -1.8556004e-02 -2.1499653e-02 -1.5564155e-02
   857 : -8.8253640e-03  5.8018609e-03 -1.1889673e-02
   858 : -2.1669045e-02 -2.0293876e-02 -2.1360933e-02
   859 :  4.3088216e-11 -9.0956551e-11 -9.9993760e-11
   860 : -1.9410883e-02 -2.3178084e-02  7.5706892e-03
   861 :  2.1387295e-02  1.1935137e-02  2.1657152e-02
   862 :  2.5146985e-02  8.7526846e-03  5.8694960e-03
   863 :  1.0551440e-02  7.3408547e-04  7.0407191e-04
   864 : -1.7926528e-03 -1.5801237e-03 -1.2572122e-02
   865 : -1.1511346e-02  1.1318607e-01 -1.6656079e-01
   866 :  6.6515737e-02 -2.0224319e-02 -5.8917511e-02
   867 :  1.9708546e-03 -7.4674572e-04  4.0784993e-03
   868 : -1.1215651e-03 -2.8436052e-03 -6.6475031e-04
   869 : -2.3155364e-03 -2.6065508e-03  4.8116902e-04
   870 : -6.1604762e-03  1.2778201e-02 -6.6402734e-03
   871 :  1.4808527e-02 -1.4135816e-02  4.9845375e-02
   872 :  7.7747540e-03  6.8998170e-03  1.8214374e-02
   873 :  7.7695150e-03  3.2116534e-03 -8.7048837e-04
   874 : -1.0170597e-03  8.2901475e-04  8.7668239e-03
   875 : -1.9872109e-06  4.3373021e-07  2.0422545e-06
   876 :  4.7876553e-06 -1.0674893e-05 -6.0370636e-06
   877 :  1.5870848e-14 -1.9872291e-14  2.4779839e-14
   878 :  5.6931346e-13 -1.4080792e-12  2.9224767e-13
   879 : -4.4614194e-06 -1.4359032e-06  8.8064578e-06
   880 :  5.7075715e-06  3.4189848e-05 -1.7018272e-05
   881 :  1.3432145e-15 -7.6199198e-16  7.3734905e-17
   882 : -4.6288276e-14  1.6896549e-14  7.4264232e-14
   883 : -7.1537183e-07  3.5015006e-07 -1.6796226e-07
   884 :  6.0477332e-07  4.2016406e-06 -1.5091249e-06
   885 :  6.7262336e-03  1.9550660e-02  1.9623615e-02
   886 :  2.2528917e-02  3.4562508e-03  4.5528287e-03
   887 : -2.1497580e-02 -4.4125476e-02 -3.1667979e-02
   888 : -2.7676059e-02 -1.8766821e-02 -2.4174970e-02
   889 :  1.5110765e-03  7.6325079e-04 -9.7975146e-03
   890 : -8.4762103e-03 -7.5001514e-03 -1.0646161e-03
   891 : -1.3102395e-07 -1.3342984e-06  2.5566542e-06
   892 :  7.6378589e-06 -4.6073644e-05  2.0306673e-05
   893 : -5.2175402e-02  5.0894033e-02  4.3326810e-02
   894 :  2.7236327e-03 -1.5808616e-02 -7.5293974e-02
   895 :  1.7643479e-02  1.0432574e-02 -4.0269574e-03
   896 :  2.0023187e-03 -1.6183280e-02  2.1525961e-02
   897 :  2.7162170e-07 -5.1555333e-08 -2.2214365e-07
   898 : -7.1501465e-07  9.7633097e-07  1.2385064e-06
   899 : -8.9901377e-03 -7.1537570e-04 -2.7092371e-04
   900 :  3.4744248e-04 -1.3022062e-02 -8.9129733e-03
   901 :  1.1140454e-02 -3.8838512e-03  2.2037084e-02
   902 :  1.8861929e-02  1.9617211e-02  1.9004870e-02
   903 : -3.4379170e-03  3.8435816e-03 -9.2440709e-03
   904 : -1.0874592e-02 -1.6268654e-02 -6.1302482e-03
   905 : -1.0162960e-02 -1.2778404e-02 -1.7262145e-03
   906 : -1.0338675e-02 -1.2788894e-02 -1.6843954e-02
   907 : -2.2858131e-02  9.3707736e-03 -1.1184836e-02
   908 :  1.1901757e-01 -1.5324397e-01 -7.0299443e-02
   909 : -6.9263245e-02  2.5809269e-02  1.0375759e-01
   910 :  2.9956572e-03 -8.7906889e-03 -2.0805637e-03
   911 :  5.3929542e-04  1.0082836e-02  3.2576711e-03
