Number of elements 912
     0 : -5.3429420e-08  4.5291645e-08  9.7940344e-08
     1 :  1.2356060e-03 -2.8378171e-03 -2.2892027e-04
     2 : -2.9842911e-05 -1.5054139e-02 -6.5114465e-03
     3 :  1.0631262e-05 -5.8536256e-05 -3.2361690e-05
     4 : -4.7239753e-02 -4.4582649e-02 -4.4829939e-02
     5 : -1.0595047e-01 -2.5307211e-02 -1.8532382e-02
     6 : -3.1838254e-14 -1.9643502e-14  9.7194991e-14
     7 : -1.9329533e-03 -1.5228861e-03  1.0990405e-03
     8 : -2.8398141e-03  1.3040796e-03 -1.8324560e-03
     9 :  4.5440025e-13 -2.7057397e-13 -1.2160896e-12
    10 : -3.2069803e-03  9.1977944e-03 -4.6485497e-03
    11 :  6.9851332e-16 -4.2582509e-15 -5.1978935e-15
    12 : -5.3050038e-02 -3.9632216e-01  2.3773980e-01
    13 :  3.3202006e-02  1.3446723e-02  2.8042257e-02
    14 :  1.0009229e-05 -2.5914468e-05  2.0621381e-06
    15 :  2.7602113e-02  7.7843459e-03  2.6709888e-02
    16 :  8.6814373e-16  5.3256960e-16 -2.0162541e-15
    17 : -5.4159281e-10 -3.6571230e-10  2.4245938e-09
    18 :  6.3031547e-03 -2.2975787e-03  3.1853190e-03
    19 : -1.6044716e-17  3.3833522e-17 -7.9769684e-18
    20 :  1.0576497e-09 -2.2677770e-09 -1.3802146e-09
    21 :  6.5802708e-03 -1.8065825e-03 -1.4941437e-02
    22 :  2.0640068e-02  2.5719508e-02  2.4420678e-02
    23 :  1.5874069e-16  1.2757228e-16 -5.1091440e-16
    24 :  5.0349264e-04 -2.3239813e-03  5.1778622e-04
    25 : -8.6606668e-20 -3.5944812e-18  3.3525360e-18
    26 : -1.3194923e-03 -4.4880874e-03 -2.4095004e-03
    27 :  4.8118305e-02 -3.7472562e-02 -3.4735705e-02
    28 : -1.3500650e-02 -3.5849610e-02  1.1837392e-02
    29 :  2.7091421e-04  4.9767560e-04 -8.0505743e-04
    30 :  1.6241761e-03  4.8640134e-02 -1.1187538e-02
    31 :  1.7641749e-05 -2.9351550e-05 -2.8925989e-05
    32 : -3.8547429e-13 -2.5876324e-13  8.2074929e-13
    33 : -3.1416957e-03  1.3489574e-02  4.7650933e-03
    34 :  2.6922344e-19 -1.3529952e-18  1.0338559e-18
    35 :  7.6567570e-06 -1.2815940e-05 -5.2662550e-05
    36 :  1.3571815e-03 -8.6199411e-03  5.0340944e-03
    37 : -2.1283196e-02 -1.4151819e-02 -2.5311283e-02
    38 :  4.9681716e-03 -2.1052165e-02  2.6280392e-02
    39 :  8.7069091e-04 -5.4732852e-04 -8.8655962e-04
    40 : -6.4286519e-04 -3.8841371e-03  1.6477030e-03
    41 :  1.2325581e-02 -4.0227765e-02  9.1885796e-02
    42 :  6.0161302e-17  3.4902298e-17 -3.3068645e-17
    43 : -1.0539930e-08  1.4908017e-08  9.3427036e-09
    44 : -2.4821730e-02 -2.4356467e-02 -1.9036146e-02
    45 :  8.0107480e-07 -5.2151357e-07  1.0833512e-06
    46 :  8.6379238e-07 -6.1739261e-07 -9.6521841e-07
    47 :  1.4515705e-12 -1.4081601e-12  2.0623459e-12
    48 : -8.6938728e-16 -6.0994165e-15  1.2802135e-16
    49 : -6.6118549e-03  2.2707778e-02  7.5668578e-03
    50 :  1.2701344e-02  1.4131578e-02 -7.7051748e-03
    51 :  2.6133941e-02  3.0707769e-02  4.0875882e-02
    52 : -8.6872332e-03  6.4279724e-02 -2.6678362e-03
    53 : -2.0270649e-14 -2.7588070e-15  2.8242021e-14
    54 : -9.5795257e-03 -3.7244168e-03  4.7332282e-03
    55 : -4.5266541e-03 -4.5370799e-04 -1.5494224e-03
    56 : -4.0400236e-02 -5.2059573e-02 -4.5901569e-02
    57 :  5.1703620e-02  3.6729294e-02 -1.7223079e-02
    58 :  3.9464877e-02 -1.8620058e-01  2.6727304e-01
    59 :  2.7190388e-02  2.9725837e-02  1.2150137e-02
    60 :  1.6866513e-02  1.1288063e-02 -2.5347094e-02
    61 :  8.2202907e-04 -1.5588399e-02  1.1825268e-02
    62 : -2.8133977e-03 -1.6641429e-03  1.2982567e-03
    63 : -1.3488082e-03 -5.5997972e-03 -1.9660698e-02
    64 : -5.2688821e-05 -4.5113350e-04 -4.1721856e-03
    65 :  1.8159955e-05  4.4400372e-04 -1.4256187e-04
    66 : -5.7785057e-05  2.3857094e-04 -7.6890178e-05
    67 :  2.9641889e-14  8.4063938e-15 -4.6816359e-14
    68 :  2.5340110e-15 -1.5819157e-14  5.8228998e-15
    69 :  2.4714270e-14 -8.2045578e-15 -2.0727468e-14
    70 : -2.9875249e-06  1.2538241e-06  8.1492181e-06
    71 : -4.7335367e-02 -6.7479042e-03 -2.1963426e-02
    72 : -1.4011864e-16  4.3206347e-16 -7.7982515e-17
    73 : -6.6699624e-02 -2.7756652e-02 -2.7276576e-02
    74 : -3.0237861e-10 -2.4081790e-09  1.2200685e-09
    75 :  8.5918908e-11  4.0769900e-11 -1.1148761e-10
    76 :  6.9968030e-17 -4.5669525e-16  4.7177342e-17
    77 : -5.1242886e-11  3.4331398e-11  3.0796261e-11
    78 :  1.8422753e-13 -9.6602569e-13  1.4076723e-13
    79 : -4.7123902e-09 -3.9174853e-09  1.9341256e-09
    80 :  1.6303976e-22 -2.3995265e-22 -4.6752971e-23
    81 :  1.5890740e-12 -3.7464428e-12  8.8748282e-13
    82 : -3.9748094e-02  1.0068239e-01 -1.7166383e-01
    83 : -1.6101869e-19  5.3830118e-20  9.5679847e-19
    84 : -8.5975104e-18  3.9866646e-17 -1.5971203e-17
    85 :  2.5908085e-03  2.0281162e-01 -1.7313007e-01
    86 : -9.8413359e-10 -2.9781108e-11  8.5623039e-10
    87 : -9.8357584e-09  1.1247895e-08  1.2003168e-08
    88 :  3.2100705e-04  4.4598608e-04 -1.5146172e-04
    89 :  1.7171294e-02 -8.3828699e-03 -2.2692577e-02
    90 : -4.4572047e-16 -8.2970300e-16  5.3082322e-16
    91 : -5.1720155e-02 -4.3068016e-02 -4.2776747e-02
    92 :  4.0789507e-06  1.0386165e-06 -2.1437477e-06
    93 :  1.1064370e-21 -2.9891004e-22 -5.7064262e-22
    94 : -5.6612797e-08  2.2830788e-08  1.1550994e-08
    95 : -8.7711640e-15  3.2560501e-15  3.2099183e-16
    96 : -1.9586066e-05  2.8589784e-05 -6.8035489e-05
    97 :  8.2633146e-06 -3.1279448e-05  1.2666258e-05
    98 :  5.2906794e-03 -2.1423677e-05 -1.3352457e-04
    99 : -1.5967234e-13  5.6371313e-13 -8.6650592e-14
   100 : -2.1967909e-14 -2.0116261e-13  2.0570042e-13
   101 :  2.5243349e-04  3.8235064e-05 -1.0715258e-04
   102 : -5.5253488e-04 -9.3183300e-03  1.3706031e-02
   103 : -2.8021690e-19  2.7114732e-19  6.7224007e-19
   104 :  9.9638399e-08 -1.3272613e-07 -6.4545528e-08
   105 :  2.6999870e-02 -7.6838654e-04 -4.4895141e-03
   106 :  2.4049210e-04  1.5932816e-04  1.2251754e-04
   107 :  2.2730902e-04 -3.1436956e-03  1.2424570e-03
   108 :  2.5531616e-03  1.2841196e-03  2.7221976e-02
   109 :  2.3894420e-02  2.8891634e-02  2.3276027e-02
   110 : -5.9831439e-02 -2.9750769e-02 -4.5676241e-02
   111 : -2.0107132e-03  8.1949178e-04  6.9745911e-04
   112 : -1.5899654e-12 -3.2494000e-12  5.0278299e-12
   113 :  2.9108997e-02  1.6428463e-02  2.9852308e-02
   114 : -2.7325778e-05  8.3676966e-06 -1.8439888e-06
   115 : -2.3990230e-03 -6.8541094e-02  9.4800724e-02
   116 :  3.7798936e-02  1.7166329e-01 -1.2593161e-01
   117 : -5.1526002e-02 -5.2592301e-02 -4.1886110e-02
   118 : -5.8626263e-02 -3.5509969e-02 -3.1089268e-02
   119 :  5.3227886e-15 -1.2311304e-15  3.7857533e-15
   120 :  1.8654364e-06 -3.0711290e-07  1.0026517e-06
   121 : -3.2312455e-12 -4.2464895e-11  4.8718840e-11
   122 : -6.2860903e-03 -8.6507883e-02  9.1301736e-02
   123 :  2.0970632e-18 -3.4857219e-18 -2.0807902e-18
   124 :  7.5999089e-15  4.9535107e-14 -1.8596486e-14
   125 : -6.3310763e-23  1.7206059e-22 -4.5137587e-23
   126 : -3.9361453e-10 -1.7772553e-09  1.3739930e-09
   127 : -9.1569696e-11  3.6336456e-10  7.8856406e-11
   128 :  8.5099137e-05  5.0770424e-02  5.3311535e-02
   129 : -1.0024854e-09  2.4308927e-08  3.7090374e-09
   130 : -8.6318226e-04  7.0072112e-03 -3.2612886e-03
   131 : -1.3785671e-02  2.9420215e-02  1.2523454e-02
   132 :  2.6062182e-02 -2.1822800e-02  8.9974914e-03
   133 :  5.5484013e-03  2.2869728e-02 -8.7236457e-03
   134 :  3.1371445e-02  1.5259117e-02  2.5728013e-02
   135 : -9.9971765e-03 -1.9091099e-03  7.3330707e-03
   136 :  4.6853773e-04 -5.5840445e-04  2.3595798e-04
   137 : -7.5810874e-03  7.7444072e-03  1.8488706e-02
   138 : -3.5445140e-03  2.6670974e-03  4.8946482e-04
   139 : -8.3854078e-04 -2.6553649e-03  1.1342213e-03
   140 : -2.2572382e-12  9.5183852e-13  1.3572524e-13
   141 : -1.4675952e-11  2.0437060e-11  1.4667258e-11
   142 : -3.0615966e-03 -3.7286832e-03 -2.4654227e-03
   143 : -4.7518879e-15  1.2983685e-14  9.3084704e-16
   144 :  5.3445175e-04  5.2402058e-04 -2.0653264e-04
   145 : -4.0325678e-05 -7.7694403e-06  3.9361457e-06
   146 :  2.2325257e-07 -3.9571389e-07 -4.3487656e-07
   147 : -3.9894148e-15 -1.5156233e-15  1.7882027e-15
   148 :  2.8411554e-07  1.2233446e-07 -8.9042715e-07
   149 :  4.2521128e-03  1.7463656e-02  2.1947054e-02
   150 : -1.0443268e-04  1.0811884e-04  2.8207429e-05
   151 :  5.7164147e-11  9.2601962e-11 -2.0382799e-10
   152 : -3.6525340e-08  1.0497705e-08  1.1062291e-08
   153 : -2.5882393e-02 -5.9079746e-02 -7.5640034e-02
   154 :  5.4325301e-21 -8.6554844e-22 -8.8208224e-21
   155 :  5.9316342e-16  2.6107253e-15 -1.3196362e-15
   156 : -7.7035406e-17  3.2629302e-16 -9.5335158e-17
   157 : -1.6740574e-07 -1.9425267e-06  5.0324151e-06
   158 : -3.9474811e-03  4.8459126e-03  3.0468798e-03
   159 :  2.6835012e-04  3.6105792e-04 -2.2943683e-04
   160 : -2.9892949e-20  1.6554906e-20  6.5342802e-21
   161 :  1.9846257e-19 -2.7084770e-19  3.9892893e-19
   162 :  4.5534415e-02  2.1841802e-02  1.5643602e-02
   163 :  2.1410564e-02  3.4941012e-02  2.9412213e-02
   164 :  4.1248230e-10 -3.2593590e-10 -8.6949800e-10
   165 :  8.9274003e-04 -3.5596989e-03  5.1579100e-04
   166 :  6.9422621e-16 -1.1258059e-15 -1.7939509e-15
   167 : -2.5810323e-03  6.1527226e-04 -2.7010530e-03
   168 :  4.9408368e-02 -5.8217753e-02  2.8746800e-02
   169 : -1.7081577e-02 -1.5458782e-02 -8.4462178e-03
   170 :  2.5084234e-14 -7.9764398e-15 -9.7427045e-15
   171 :  1.3189464e-14  3.3576253e-14 -8.3778485e-14
   172 :  3.0090453e-02 -1.0580150e-04  1.2071153e-02
   173 :  2.8144526e-02  8.6808684e-03  3.7539809e-02
   174 :  8.8330254e-04 -3.1827110e-03 -2.4483852e-03
   175 :  5.4318276e-07  4.7030834e-09 -1.7878729e-07
   176 :  5.9370553e-14 -4.2359191e-14  1.0458446e-13
   177 :  6.0579736e-04 -1.3202329e-03 -5.3249558e-04
   178 :  5.8804044e-03  4.9938818e-01 -5.1443523e-01
   179 : -2.1674726e-03 -3.0983971e-03  1.6658820e-03
   180 :  9.3200291e-16 -1.5758722e-16 -2.3515320e-15
   181 :  2.8093604e-02  1.4055467e-03 -2.9168502e-02
   182 :  2.3150112e-08 -3.5528561e-09 -9.6881878e-09
   183 : -4.2664722e-02 -9.3935597e-03 -4.9040733e-02
   184 :  1.4425513e-20  4.2328917e-19 -2.2472357e-19
   185 :  3.8514971e-10  5.0139399e-10 -1.3159887e-10
   186 :  1.5549901e-06 -2.5284443e-06  1.1314041e-05
   187 : -3.3507865e-03  3.8676690e-03 -3.0208405e-03
   188 : -5.7168045e-02 -1.6028053e-01  1.6004362e-02
   189 :  2.4854419e-02  1.5350847e-02  5.1954269e-02
   190 :  3.1032322e-04  4.1630243e-04 -4.8947072e-05
   191 :  4.6675248e-18 -5.2926160e-18 -7.5721127e-18
   192 : -1.9563016e-02 -1.5261119e-02 -2.2490250e-02
   193 :  5.2782467e-02  1.9258563e-02  4.2512533e-02
   194 :  3.5041230e-03  2.2665402e-01 -2.3703345e-01
   195 : -4.7606337e-06 -1.3766334e-06  2.8905762e-06
   196 : -3.8005048e-16  2.4227655e-16  1.0166585e-15
   197 : -3.4218233e-16  6.2856426e-16  4.1827144e-16
   198 :  1.1488358e-05 -4.2333669e-06 -1.9818031e-05
   199 :  4.8691470e-02  6.7408618e-02  2.4535192e-02
   200 : -6.6662564e-16 -1.9092667e-14  2.2830977e-14
   201 :  8.6590651e-03  4.3840536e-02 -5.6679691e-02
   202 :  9.3438032e-06 -7.9350701e-06 -2.1829166e-05
   203 : -2.4281190e-17 -3.0813481e-17  1.7355772e-17
   204 : -1.8992709e-06 -7.8988226e-06  7.4128672e-06
   205 :  3.2532964e-03  1.9465329e-03 -2.3830717e-02
   206 :  1.0748032e-16 -3.4925072e-17 -1.6702630e-17
   207 : -1.2903615e-15  2.2611524e-16 -1.3203916e-15
   208 : -4.9455379e-11 -1.0609188e-10  2.4755328e-10
   209 : -1.8075370e-01  2.0279572e-02 -4.1027197e-03
   210 :  9.9803213e-06 -1.5575260e-05 -8.0047423e-06
   211 : -6.1441644e-18 -2.8576380e-17  7.7449533e-17
   212 : -8.9578622e-05  1.3979122e-02 -6.0300076e-03
   213 : -7.7047263e-16  4.0601703e-15  3.3068701e-15
   214 :  5.1539485e-03 -6.1059257e-03  1.8042608e-02
   215 : -5.0778145e-02  3.4746827e-02  1.9814890e-02
   216 : -5.1749949e-03  5.1620965e-03  3.1360523e-03
   217 : -2.9695189e-21 -1.6161112e-20  7.4191462e-21
   218 :  1.8081203e-11 -3.9970755e-11 -1.4431003e-11
   219 :  2.9602623e-02  2.0190693e-02  3.6376424e-03
   220 : -7.8235413e-10 -8.6005617e-10  2.2855298e-09
   221 : -5.6092376e-15  8.9432663e-14  8.2107102e-15
   222 :  1.9028282e-02 -7.8517144e-03  2.4535149e-02
   223 : -3.2617246e-02 -9.4193511e-03 -2.8530826e-02
   224 : -1.2503982e-04  3.0873142e-04 -3.1888693e-05
   225 :  1.3666422e-09 -1.8391124e-09 -2.3736012e-09
   226 :  4.9077841e-13 -2.7505835e-13 -1.6826441e-13
   227 :  1.9303554e-06 -3.1693891e-07 -4.8068862e-07
   228 :  8.2965707e-05  2.2226062e-04  4.7119529e-04
   229 :  3.0363188e-08 -8.3488342e-08  3.1198801e-08
   230 :  6.4950331e-14  6.3099139e-14 -3.1535165e-14
   231 : -2.3425768e-14  6.4428738e-14  2.9113022e-15
   232 :  3.0415469e-22  7.9817552e-22 -8.3320934e-22
   233 :  7.4834211e-14 -1.3320653e-13 -3.7080556e-14
   234 : -2.5123849e-02  6.0106608e-03 -9.3170255e-03
   235 : -1.1013614e-01 -3.3912862e-02  1.5715768e-02
   236 : -5.0321174e-13  2.9884442e-12 -3.5033640e-13
   237 :  7.8805893e-11  9.1943481e-11  8.7760034e-12
   238 :  3.4605971e-18  3.7664499e-19 -1.7653892e-18
   239 : -4.9396893e-14  7.7046271e-14 -1.6859704e-13
   240 : -6.2337905e-18  3.1836329e-16 -1.6221474e-16
   241 :  9.6630245e-03  1.6177597e-02  2.9338488e-02
   242 :  3.0576442e-02  2.2608882e-04  6.1042382e-02
   243 :  1.6836594e-02  1.2479541e-02  2.4535763e-02
   244 : -1.2364254e-02 -1.6539597e-02  6.0645738e-03
   245 :  1.9016555e-14  4.1758300e-12 -4.3612057e-12
   246 : -2.8391606e-03  2.3110268e-03  3.5320976e-03
   247 :  1.6675957e-02 -2.2126600e-02  2.6515784e-03
   248 :  6.6502456e-21 -1.1651086e-20 -7.9639381e-21
   249 : -2.6955196e-09 -5.9370408e-10  8.2397286e-09
   250 :  3.6149192e-02  1.6174267e-02  2.9114950e-02
   251 :  1.5064758e-04 -1.4848934e-04  1.0454109e-04
   252 :  1.1257231e-13 -3.2781953e-13 -4.9235232e-14
   253 :  1.1878601e-16 -7.5712547e-17  1.2373861e-16
   254 : -9.4751216e-03  1.7051305e-02  2.8824401e-02
   255 :  2.4518809e-06  2.4058405e-06 -1.6892508e-06
   256 :  1.8179369e-02  1.8836564e-02 -8.9359968e-03
   257 : -3.3701323e-02 -4.7797015e-02 -2.2200046e-02
   258 : -1.2184585e-06 -1.4706130e-06  3.7305504e-06
   259 :  1.4546124e-12  5.1585498e-11 -8.9693103e-11
   260 : -6.7890629e-03  1.9471532e-02  2.7941968e-02
   261 : -2.7458915e-05 -2.9840471e-05  1.4688226e-04
   262 :  5.9822807e-13  1.5583857e-12 -2.9909945e-12
   263 :  4.7075516e-14 -3.3167863e-14 -5.0030128e-14
   264 : -8.6928457e-07  1.9513903e-06  2.9874737e-06
   265 :  2.9367662e-02  1.7263740e-02  2.6540479e-02
   266 : -6.7638705e-09  2.6398615e-08 -1.3781948e-08
   267 :  8.1700382e-08 -1.9627194e-07  5.1902849e-08
   268 : -4.0747141e-16 -1.7661675e-16  1.0748695e-15
   269 : -1.1670789e-03 -3.4182160e-02 -2.2286235e-02
   270 : -1.9436531e-07  8.7686588e-07 -5.4551190e-07
   271 :  2.0732913e-02  3.1054420e-02  1.7600190e-02
   272 : -1.4298386e-07  4.5707040e-08 -3.7521208e-08
   273 : -2.6700731e-14 -1.6907326e-14  6.9932221e-14
   274 :  2.4320365e-02  2.9948425e-02  1.7185036e-02
   275 : -8.8994157e-12  1.2850353e-11 -8.3140121e-13
   276 : -2.1773999e-02  4.5919941e-03  9.4698808e-04
   277 :  1.5511061e-13 -2.6338459e-13  5.4695392e-14
   278 : -5.1938249e-03 -3.8480046e-03  1.9525821e-02
   279 :  1.3902960e-04 -4.8952866e-05 -4.1444923e-05
   280 : -1.9706643e-02  1.8326599e-02  1.7667747e-02
   281 :  1.8507486e-05 -1.6695717e-05 -1.7863195e-05
   282 : -1.9332880e-08  1.7921848e-08  3.1105682e-08
   283 :  1.7250141e-11 -9.4240118e-12 -5.1165883e-11
   284 : -7.9753337e-13 -9.3214761e-13  4.2231699e-12
   285 :  4.8575096e-02  3.6697290e-02  3.4589034e-02
   286 :  2.0975003e-03  3.2363319e-02  2.4110027e-02
   287 :  2.0187262e-03  2.3898012e-03 -3.9092180e-03
   288 : -5.0364477e-02 -4.4276958e-02 -4.7486461e-02
   289 :  3.6766974e-04 -1.3476793e-04  5.8549833e-04
   290 :  4.3638268e-02  2.0151616e-02  4.1206435e-02
   291 : -4.9963188e-05  1.1386103e-04 -2.3668345e-05
   292 : -3.1254989e-02 -3.1402587e-02  3.3219397e-03
   293 :  1.7696225e-10 -1.9550570e-10 -1.5949107e-10
   294 :  8.1480809e-04  9.2435792e-03  3.0081086e-02
   295 :  9.1437506e-18  1.0975199e-17 -1.2080558e-17
   296 : -4.6300364e-03 -1.6707713e-02 -8.7470465e-03
   297 : -8.5566597e-05  2.5252690e-04 -6.3173476e-05
   298 : -5.1163688e-05 -1.8508519e-05 -2.7321136e-05
   299 :  1.7681506e-18  1.2626341e-18 -4.6095435e-18
   300 : -2.8230198e-02  3.2107253e-03  2.7412701e-02
   301 :  8.0436020e-05  1.6785942e-04 -5.4153080e-05
   302 :  6.9900054e-03 -1.2998965e-02  2.3116033e-02
   303 : -2.2914140e-03 -6.4220783e-03  1.3353631e-03
   304 : -3.9702597e-03 -1.4486344e-03  5.6684708e-04
   305 :  2.8250881e-06 -3.3820706e-07 -7.2385865e-07
   306 : -2.8564628e-02 -2.3261081e-02 -4.7544739e-02
   307 :  9.4064758e-04 -2.3584063e-03  1.2177450e-02
   308 : -5.5944108e-06  1.7266682e-06 -6.1139227e-06
   309 :  9.0989993e-19  1.1570666e-16 -5.2219216e-17
   310 :  1.0951907e-03  1.0629634e-03 -3.8113368e-03
   311 : -5.6342695e-03  7.1549357e-03  3.7604595e-02
   312 :  3.6676278e-16 -5.3944455e-16  8.0424980e-17
   313 : -1.1323447e-10  5.3057997e-10 -1.4191684e-10
   314 :  3.0383613e-18  6.1375515e-18 -1.7551006e-17
   315 :  3.7900334e-13  2.8569197e-12 -1.3562175e-12
   316 : -1.5018446e-02 -3.5679301e-02 -3.6235471e-02
   317 :  1.7742509e-18  1.7853304e-18 -5.1171652e-18
   318 : -5.5106313e-03 -9.4301864e-04 -1.4902369e-03
   319 :  3.0032726e-02  2.4699637e-03  1.2018473e-02
   320 : -5.9961349e-02  2.9549614e-02  1.7817134e-02
   321 : -4.2992850e-02 -3.7499037e-02 -2.5370047e-02
   322 :  1.8630479e-18 -4.5022625e-18  7.2411989e-19
   323 :  1.2035006e-18 -2.0643339e-18  4.1379893e-19
   324 :  9.2815734e-12 -2.2229729e-11  3.8951007e-12
   325 : -1.3505788e-11  1.9852778e-10 -2.2231657e-10
   326 :  6.2331459e-02 -1.6212534e-02 -3.7896834e-03
   327 : -1.4896257e-02  3.1294308e-01 -3.5284600e-01
   328 :  1.1687149e-02  2.8487298e-02  2.7695912e-02
   329 :  5.8947104e-13 -2.1384552e-11  1.0159277e-11
   330 : -9.9614359e-20 -4.5364860e-20  2.6919473e-19
   331 : -1.3360823e-07 -6.8273912e-07 -3.7204557e-08
   332 : -6.7210477e-03 -3.5349938e-03  5.1738151e-04
   333 : -2.5165120e-11  3.5438393e-11  1.0584994e-11
   334 :  2.2144564e-02 -5.0921583e-02 -2.9293431e-02
   335 :  3.0422691e-03  4.1459779e-03  9.8875930e-03
   336 : -2.0355539e-02  1.2862441e-02  3.5588016e-02
   337 :  2.7438449e-16 -9.6936840e-16  3.5538754e-16
   338 :  3.2284332e-02  3.4292691e-02  7.7381537e-03
   339 : -3.5512128e-12  4.0021763e-12  6.7038091e-13
   340 : -8.2238966e-03 -6.0407430e-03 -1.5566767e-03
   341 : -1.5048168e-16  1.9919830e-16 -1.0862824e-17
   342 : -3.3148850e-13  7.3467662e-13  6.2772043e-14
   343 : -3.1470183e-05  1.6720872e-05  4.1945067e-06
   344 : -2.5084716e-03  4.3190064e-03 -4.5831671e-03
   345 :  2.2302723e-02  8.4446403e-03  1.8993092e-02
   346 :  1.9101290e-12  1.1180252e-12 -1.2850761e-12
   347 :  1.6356468e-02  2.7614968e-02  1.4808825e-02
   348 : -3.8257641e-05 -3.7741658e-05  2.7388676e-05
   349 :  6.4495421e-06 -2.8272006e-06  2.0613532e-06
   350 : -1.4249166e-02  8.9651656e-03 -1.0756605e-02
   351 : -9.3178909e-11  1.8101838e-10  1.3547357e-10
   352 : -2.6668865e-02  2.5596897e-02  3.5552360e-03
   353 : -4.7360298e-03  6.1150992e-03 -3.1875274e-03
   354 : -3.7563288e-02 -1.8343818e-02 -2.0208330e-02
   355 :  9.9418662e-03  2.4288658e-02  1.4830248e-02
   356 :  2.5205113e-16  2.6019154e-16 -1.1774152e-15
   357 : -5.5391269e-02 -7.8948650e-03 -2.5591726e-02
   358 : -1.3808212e-06  2.6533666e-06  1.6755108e-06
   359 : -1.0213341e-22  1.3747179e-22 -3.7609749e-23
   360 : -1.0495439e-02  1.4807948e-02  1.0715185e-03
   361 :  4.0939087e-09  5.7844303e-10 -8.2363430e-10
   362 : -1.2488665e-06  4.1989178e-06 -8.3332310e-06
   363 :  3.3560041e-08  1.1571564e-07 -2.9761823e-07
   364 :  5.5176351e-09 -4.3540167e-08  7.5121413e-09
   365 : -8.4249154e-05  3.3795358e-05  3.5956436e-05
   366 : -1.6169783e-15  1.0742543e-14 -6.3709036e-15
   367 :  4.1861307e-04  1.2173135e-04 -1.6733839e-05
   368 : -3.2142977e-03 -1.0742301e-02 -3.9744419e-03
   369 :  4.2224569e-06  1.2221630e-05 -1.0753976e-05
   370 : -8.4667737e-07  1.6137741e-06  5.5895943e-07
   371 :  6.1097181e-18  9.2734498e-16 -1.1889452e-15
   372 :  3.9630540e-05 -7.5055006e-05 -3.3687657e-05
   373 : -3.3848546e-03 -2.5043192e-03  4.7321409e-03
   374 : -1.8507134e-02  1.5029508e-02  2.0615520e-03
   375 : -1.1871978e-10 -2.8544488e-10  1.6442249e-10
   376 :  4.5061501e-18 -3.2539103e-16  3.5483516e-16
   377 : -8.4142737e-05 -5.1486008e-05 -2.2473643e-05
   378 :  1.3720227e-06 -5.7522942e-06  2.7462599e-06
   379 : -2.7476437e-20  5.5741678e-20 -1.0396001e-20
   380 :  2.3701910e-02  9.0114052e-03 -8.7890589e-03
   381 :  5.4402554e-07 -3.7676704e-07 -7.6138954e-08
   382 :  6.4653841e-10 -2.6662766e-09  6.6182945e-10
   383 : -5.4911622e-02 -5.1854371e-02 -2.9996600e-02
   384 : -3.3570585e-10  2.3029122e-09 -1.1892664e-09
   385 : -5.7131042e-03  1.1896593e-02 -3.4068363e-03
   386 : -1.6109803e-02 -3.5583391e-02 -2.9017414e-02
   387 :  3.9854350e-11 -4.4143752e-11 -7.4049146e-11
   388 : -5.0336272e-02 -4.2761040e-02  1.1705204e-03
   389 :  7.1396200e-08 -8.9839119e-08 -7.4388460e-08
   390 :  4.4807669e-03 -3.3028763e-02  2.6009768e-02
   391 : -3.8569502e-07  1.1990256e-06 -4.7655631e-07
   392 : -4.0046887e-02  8.8154815e-03 -7.8822810e-03
   393 : -1.7497154e-02 -3.5827205e-02 -4.5006654e-02
   394 : -5.8128686e-10 -3.1774048e-11 -5.1677131e-09
   395 :  2.1256974e-05 -4.4576471e-05  3.6381419e-05
   396 :  1.8529671e-19 -4.5864841e-19  8.8860219e-19
   397 : -1.5496044e-02 -5.0446802e-02 -8.3056871e-03
   398 : -1.8626212e-03 -3.4458451e-03  1.1856783e-03
   399 : -6.6670529e-02 -9.0219821e-03 -7.0682537e-02
   400 : -1.1722451e-03  8.2723575e-04 -2.0367425e-03
   401 :  2.4248374e-04  2.7195832e-02  2.6720878e-02
   402 : -3.2585940e-08  9.5622271e-09  5.3038605e-09
   403 : -7.5862675e-09 -6.2600098e-09  1.2641706e-07
   404 : -1.2248073e-15 -6.1350791e-16  4.6952265e-15
   405 :  2.7716791e-04 -4.7775991e-05 -1.0089350e-04
   406 : -9.5815446e-03  8.1329182e-03  1.2159366e-02
   407 : -2.8101779e-02 -3.9000174e-03 -1.9932098e-02
   408 : -8.6666835e-03 -2.1761958e-02 -2.3139266e-02
   409 : -3.5041943e-04  6.0194318e-04  1.0697484e-04
   410 :  4.8208209e-04  2.1771464e-03 -1.1770928e-02
   411 :  3.7358286e-04 -9.9812882e-04  5.2875390e-04
   412 :  3.6476919e-03  2.3479663e-03  4.3267174e-03
   413 :  2.4654933e-17 -2.3342453e-17 -1.3037089e-19
   414 : -8.1493767e-03  9.4505127e-03  1.5111075e-02
   415 :  9.8141386e-04 -3.3360104e-04 -1.9173077e-03
   416 :  6.1259676e-12 -4.8541446e-12  7.3406051e-12
   417 : -6.0541550e-03  8.8770703e-03 -1.8069785e-02
   418 : -3.4053519e-02 -2.1269194e-02 -4.8662709e-03
   419 :  5.3478458e-16 -1.6415057e-15 -3.9519424e-16
   420 :  1.6954206e-15  9.5659762e-15 -1.7416314e-14
   421 :  3.6052236e-12 -2.4492971e-11  1.5072281e-11
   422 :  4.2749925e-06  6.6445695e-06  1.6306565e-06
   423 :  3.4136179e-04 -1.4820562e-03 -2.2837600e-03
   424 : -7.8956722e-09 -3.5328705e-09  2.3785195e-09
   425 :  3.5980403e-11 -5.6371820e-12  1.6146633e-12
   426 : -1.5993863e-07 -1.3281718e-07  8.0165885e-08
   427 : -3.1538025e-07 -2.1617854e-07  9.2985621e-07
   428 : -1.5588769e-08  2.2162427e-08  8.5788207e-09
   429 : -3.9332464e-03 -2.6716284e-03 -3.8058559e-03
   430 :  2.2438029e-02  2.4435653e-02  1.1096017e-02
   431 : -2.0645190e-04  3.6750598e-04  2.4749570e-04
   432 : -2.5322650e-05  2.3207902e-05 -3.0694215e-05
   433 :  9.0403176e-18 -4.3013789e-17  1.7034980e-17
   434 :  1.7103797e-02 -3.7620394e-02 -7.3546298e-03
   435 :  5.4596089e-05 -4.8703335e-05  7.3333325e-04
   436 :  6.7179884e-11 -2.8171802e-10  1.5655678e-10
   437 :  1.6910134e-03  5.8078145e-02  1.1870538e-02
   438 :  9.1154797e-03  2.8715454e-02  1.2269034e-02
   439 : -2.0373011e-02  1.1105558e-02 -3.1094567e-02
   440 :  9.0135048e-13 -3.1504048e-12  1.0295041e-12
   441 : -2.3410393e-17 -1.6797326e-17  6.1723753e-17
   442 : -1.4405031e-03  3.3201916e-03 -6.1821155e-03
   443 : -6.0186889e-05  8.6064459e-05 -6.6246432e-05
   444 : -4.0886423e-03  2.3250364e-03  9.1663659e-03
   445 : -7.6686943e-06 -1.2255128e-06 -8.6750054e-07
   446 : -3.1120153e-02 -1.1923089e-02  1.9297480e-02
   447 :  1.8852931e-06 -1.1603139e-06  2.8167935e-06
   448 : -2.3989928e-03  2.5457392e-02  1.4906372e-03
   449 :  1.3307253e-16 -9.9825655e-17 -1.5569158e-16
   450 :  1.2221495e-18 -4.8080237e-18 -3.1069778e-18
   451 :  4.2795008e-02  2.3830298e-02  1.9248358e-02
   452 :  7.5736052e-03  4.5110017e-03  2.3135594e-02
   453 : -1.3386139e-02 -7.5693862e-03  1.7949805e-02
   454 : -4.5488780e-02 -3.2742616e-02 -4.1859975e-02
   455 :  6.8566004e-08 -1.1584640e-08  2.4198238e-08
   456 : -1.2838264e-03 -2.3749701e-03 -2.5847309e-03
   457 : -1.6972981e-18  3.7447677e-17 -3.2777299e-17
   458 : -2.2411953e-07  7.1463221e-07 -6.1060907e-07
   459 :  1.0835942e-03 -1.8022341e-03 -3.4415839e-03
   460 :  2.9205982e-03  2.6719843e-02  1.1590754e-02
   461 : -1.3065692e-06  1.6199611e-06  2.7408612e-06
   462 : -1.1071665e-04  2.4336663e-04  1.2714757e-04
   463 : -6.9452959e-13 -8.4081725e-13  4.6253849e-13
   464 :  1.8940687e-02 -2.1874317e-02  3.6020725e-02
   465 : -1.4326616e-03  5.9210280e-04  4.1341371e-04
   466 : -3.0075553e-02 -2.4581508e-02  1.1064106e-02
   467 :  1.1831784e-12 -4.6661349e-13 -1.0421153e-12
   468 : -4.2712125e-11  1.0878489e-11 -5.8133168e-13
   469 : -2.6825623e-19 -8.6004953e-20  1.7546396e-19
   470 :  1.0857425e-17 -1.4881363e-17 -5.6379156e-19
   471 : -2.5161556e-09  2.7251239e-10  3.4981973e-10
   472 :  4.5128244e-12 -1.3218427e-11 -4.3586075e-13
   473 :  1.0999976e-02  2.4864372e-03 -1.8266000e-03
   474 : -1.4843610e-15  1.4170738e-15  6.8086523e-16
   475 :  2.8644036e-09 -4.4683415e-09  6.8305259e-09
   476 : -1.3976996e-11  3.9455839e-09 -1.3902643e-09
   477 :  5.0642924e-19  1.1537925e-19 -9.2073043e-19
   478 : -4.6692920e-03  1.1575762e-02  9.4673897e-03
   479 :  3.4594253e-20 -8.2495253e-20  1.1996535e-20
   480 : -9.1940231e-03 -1.0617008e-02  2.2330534e-02
   481 :  3.6319729e-08  3.5411062e-08 -1.5103049e-07
   482 :  8.8925785e-14 -4.4327388e-13  1.6010403e-13
   483 : -1.1610168e-02  9.9160619e-03  1.1705673e-02
   484 : -6.2316724e-04 -2.7633878e-03 -1.6008363e-03
   485 :  1.4507796e-03 -5.9720097e-04 -9.9469103e-04
   486 :  5.2574916e-03 -9.4685310e-04  8.5328316e-03
   487 : -6.4993753e-03 -1.5814073e-03 -4.7282984e-04
   488 :  1.8029324e-02  8.3764094e-03  1.1190028e-02
   489 :  8.7977298e-15  3.8593181e-15 -2.2471566e-14
   490 :  4.6421333e-13  1.6324080e-13 -2.9833451e-13
   491 :  3.1589967e-14  6.6480939e-14 -6.3254724e-14
   492 :  3.8899138e-02 -1.0982481e-02  4.4966237e-02
   493 : -5.6346228e-03  2.8395616e-03 -2.5359070e-04
   494 : -3.8644138e-02 -3.3823244e-02 -2.7290811e-02
   495 : -4.7994675e-05 -8.0106450e-05  9.1087453e-05
   496 : -7.4016977e-11  1.7200341e-11  1.7223014e-10
   497 :  8.9349071e-17  1.7137442e-16 -8.2879569e-17
   498 : -1.0776040e-15  1.1205813e-16 -8.6577718e-16
   499 : -4.4316378e-02  1.2420252e-02  7.1036886e-03
   500 :  3.5921043e-18 -3.6013587e-18 -5.0969722e-18
   501 :  2.3837147e-19 -2.3751989e-18  1.5361192e-18
   502 :  2.4694141e-02  2.3267742e-02  2.4120523e-02
   503 : -3.8961480e-03 -5.7201593e-03 -3.3945554e-03
   504 :  5.4991916e-04 -1.2587397e-03  5.0384005e-04
   505 :  1.6182752e-02 -1.9170798e-02 -3.6528368e-02
   506 :  3.5209043e-13 -1.1752146e-12 -1.1395278e-12
   507 :  1.8577215e-11 -9.1451890e-12  3.8245097e-11
   508 :  2.4268254e-11 -2.2149469e-11  1.1047116e-11
   509 :  2.7895373e-02  1.1811323e-02  2.5355359e-02
   510 : -1.1473188e-10  3.5138664e-10 -1.3311878e-10
   511 : -3.3681266e-07  7.9936792e-07  1.4682141e-06
   512 : -7.8584560e-08 -1.7838424e-07  1.2215955e-07
   513 : -2.6991175e-04  6.0069863e-05  5.5593697e-04
   514 :  8.8473690e-04 -9.0740066e-04 -3.9033422e-04
   515 : -2.4003937e-02 -1.2099118e-02 -3.3739957e-02
   516 : -2.8360428e-11 -7.9459220e-11  4.1320885e-11
   517 : -2.0880711e-02  2.4492649e-03 -8.1446964e-03
   518 :  3.5843664e-04 -2.6669426e-04  4.4117546e-04
   519 :  5.0121584e-06 -6.1845828e-07 -1.1083019e-05
   520 : -2.4102912e-05 -5.6781560e-06 -1.4228059e-05
   521 : -1.2869882e-02  1.5714450e-02  8.6513374e-03
   522 : -2.0148156e-02 -5.3644996e-03 -9.2497863e-03
   523 : -5.4373586e-03 -1.2888228e-01  7.3282364e-02
   524 : -9.9811017e-04 -1.0133362e-03  7.0672670e-04
   525 : -3.3705233e-04  3.1481783e-04  5.1340729e-04
   526 :  4.9126439e-08  3.8491978e-08 -1.1086636e-07
   527 : -4.1937712e-15 -9.9565165e-15  2.6470018e-14
   528 :  2.8949870e-02  1.5141240e-02  2.7745268e-02
   529 :  1.3207272e-03  2.9163808e-02  3.1870648e-02
   530 : -4.1763614e-02 -2.5254630e-02 -3.4182782e-02
   531 :  2.4886814e-02  1.6344596e-02  2.6093538e-02
   532 : -4.6003808e-07  3.7557447e-07  2.4214544e-07
   533 : -3.0826430e-21  2.3227394e-21 -1.7717154e-21
   534 :  6.5779661e-22  2.3857080e-21 -4.9946275e-21
   535 : -3.0542822e-14 -4.2499623e-14  2.7557409e-14
   536 : -3.2148128e-02  1.1526272e-02 -2.1573870e-03
   537 : -4.2733524e-03 -2.8511887e-03  2.6304463e-03
   538 : -1.3793918e-04 -5.3615225e-03  4.9660019e-03
   539 : -3.1841196e-14  1.1598966e-13 -3.4677094e-14
   540 :  6.4895522e-13 -7.1336768e-13 -1.0576496e-12
   541 : -3.3549128e-12  8.1191294e-12  2.8868557e-12
   542 : -2.9789528e-05 -7.5581341e-05 -1.1208849e-05
   543 : -3.9329130e-15 -6.6008577e-15  4.7653636e-15
   544 : -8.2350763e-05  1.9020337e-04  5.4952020e-05
   545 : -8.5398033e-11  7.8033967e-10  3.7037318e-10
   546 :  2.5791545e-02  2.7982573e-02  1.0056006e-02
   547 : -3.4115618e-13  7.9452967e-13 -1.1015581e-13
   548 :  1.1857323e-02  8.1193290e-03 -3.2120721e-02
   549 :  2.7341013e-11  1.9050726e-11 -4.1313892e-11
   550 :  3.1442155e-02  3.0407647e-02  5.7000425e-03
   551 : -1.4764959e-02 -8.9184319e-03  2.8826219e-03
   552 : -3.8682449e-03  9.7303650e-03 -9.9088511e-04
   553 :  3.9069868e-02  4.1687681e-03  2.3446360e-02
   554 : -6.0476131e-11  6.2511801e-10 -8.9503216e-11
   555 :  1.4764851e-06 -4.0206534e-05 -2.8773149e-05
   556 : -5.2649248e-11 -6.6159769e-11  3.4048978e-11
   557 : -4.2281865e-02 -6.1728948e-02 -5.1912916e-02
   558 : -7.5798779e-03  1.8406020e-02  1.1835427e-02
   559 : -3.1479849e-03 -8.7482206e-03  6.0738187e-03
   560 :  3.0175872e-02  2.6724788e-02  8.3085393e-03
   561 : -1.5902670e-02 -4.0544484e-02 -4.5712980e-03
   562 : -3.4097018e-07  1.1135728e-06 -3.3075076e-07
   563 : -7.9474656e-18  3.9123321e-18 -6.0753056e-18
   564 :  5.1972097e-03 -8.9896397e-03 -6.5682462e-03
   565 : -9.2462165e-03 -3.1062584e-02 -9.9711645e-03
   566 :  6.0749430e-12  8.2766352e-12 -2.2077846e-11
   567 :  2.1663996e-05 -3.2084316e-05 -2.2004317e-05
   568 : -1.5569061e-03  5.5816028e-03 -5.5058326e-03
   569 : -8.2280038e-03 -8.3040563e-03 -6.5813076e-03
   570 : -1.1876519e-10  6.6764613e-10  6.2799775e-10
   571 : -8.9503663e-06 -3.6134924e-07  1.0621346e-05
   572 :  5.0705700e-20 -9.2183016e-18  4.3838234e-18
   573 :  9.3287079e-03  9.5438641e-03  3.1159093e-02
   574 :  6.8343166e-03 -6.3403800e-03  1.0470990e-02
   575 : -3.6384806e-02 -2.3174126e-02 -4.0971314e-02
   576 : -2.9152541e-03 -8.0211527e-04  7.9198911e-04
   577 : -4.7866769e-02 -5.2030201e-02 -4.6123062e-02
   578 : -2.5196556e-20  9.9329359e-21  9.4444190e-22
   579 :  1.3657546e-02  1.1412637e-02  1.3245773e-02
   580 : -4.4872725e-02 -3.7626740e-02 -7.3403473e-03
   581 :  8.2490037e-11 -4.2535120e-10 -3.4833113e-10
   582 : -7.8819811e-21  2.7539227e-19 -9.7537798e-20
   583 : -8.0808620e-09  1.9525106e-08 -3.4932418e-10
   584 :  9.3340119e-17 -1.6220597e-16 -3.9675309e-17
   585 : -3.8949524e-02 -3.2342852e-02  8.0781055e-03
   586 : -1.2996078e-12  3.9267404e-12 -9.1131833e-13
   587 : -5.0522549e-09 -2.8241909e-08  3.5864011e-08
   588 : -2.0565549e-11  1.4392584e-11  3.0389979e-12
   589 :  6.8197574e-03 -5.5211472e-02 -5.4899480e-03
   590 :  2.8533571e-02  2.6029766e-02  5.8571691e-03
   591 : -5.4910661e-19  8.2894552e-19  2.7164588e-19
   592 :  7.5466722e-11  9.8449761e-12 -9.9443543e-11
   593 :  3.0160013e-06 -4.4899998e-07  1.6222854e-06
   594 : -7.3648116e-08 -2.8225440e-07  1.2123265e-07
   595 : -1.5407020e-03  1.4314247e-03 -4.3305847e-03
   596 : -2.4709168e-03  2.1248558e-02 -1.8940567e-02
   597 :  4.4106587e-06 -1.3798828e-06  1.8549920e-06
   598 :  9.8667725e-11 -1.5426275e-07  8.9696141e-08
   599 :  5.2458298e-02  1.2738199e-02  3.0929771e-02
   600 :  4.2086256e-04 -4.9176516e-04  6.1102845e-04
   601 : -2.0898910e-03  2.5638885e-02  1.4462708e-02
   602 :  1.0529844e-12  3.7846244e-12 -1.8628128e-12
   603 :  6.8620906e-15  2.2350246e-14 -2.0121267e-14
   604 : -4.9363936e-09  5.6210647e-09 -6.2417616e-09
   605 : -4.7672828e-07 -2.3225614e-07  2.7835439e-07
   606 :  6.3113512e-03 -8.6822719e-03 -5.1319643e-03
   607 : -1.2674865e-04  1.3649852e-04  1.6005630e-04
   608 :  1.0082731e-13  9.9269334e-12 -5.4757538e-12
   609 : -6.4442263e-10  4.0102868e-09 -9.2982266e-10
   610 : -5.1240197e-15 -1.9049239e-14  4.1226756e-14
   611 : -2.4362302e-03  2.8214027e-02  3.1239540e-02
   612 : -2.0047076e-04  4.0255801e-04  1.3680475e-04
   613 :  8.6081162e-06  9.0312016e-06 -2.5852294e-05
   614 :  9.8412206e-02 -1.4140193e-01  1.0767268e-01
   615 : -1.2236576e-05 -1.0243579e-05 -1.0940627e-05
   616 : -4.0845094e-16  5.3120714e-16  4.5680862e-16
   617 :  4.7231131e-06 -2.0808953e-05 -4.5035572e-06
   618 : -6.8435754e-08 -1.0435959e-07  8.7291530e-08
   619 : -3.6051324e-12  3.9023500e-12  3.5187454e-12
   620 : -7.0259990e-07  4.1161420e-07 -4.0864034e-07
   621 : -1.5295277e-04  5.6864722e-05  1.6674677e-04
   622 : -1.5156758e-02 -7.8231747e-03  2.5179627e-02
   623 :  3.5861154e-02  9.5421382e-03  1.4726189e-02
   624 :  2.6168313e-04  1.2626701e-05  9.7687703e-05
   625 :  7.1312971e-05  1.3547113e-05 -4.1762150e-05
   626 : -3.6035251e-20  1.1627207e-19 -5.1094694e-20
   627 : -8.8655665e-14  2.9082764e-13 -1.0612296e-13
   628 : -2.1531484e-08  9.3862037e-09  1.1058760e-08
   629 :  2.7027867e-02  1.1482627e-02  8.5544081e-03
   630 : -3.4826770e-02 -5.3636772e-02 -4.5906643e-02
   631 :  4.7286582e-06 -2.1407614e-05  2.9519558e-06
   632 :  1.4217203e-15 -2.8236013e-15 -5.6490144e-16
   633 :  3.3360452e-02  2.8577050e-02  1.6742511e-02
   634 :  2.8303858e-04  2.4801991e-04 -7.8939977e-04
   635 : -9.0751428e-03  1.1924290e-02  1.3378887e-02
   636 : -5.8211266e-03 -4.2181689e-03 -4.7475043e-03
   637 : -1.3016558e-03 -2.0892415e-02 -1.9136316e-02
   638 :  7.0100626e-03  2.6965639e-02  2.7263772e-02
   639 : -1.4458479e-02 -7.6507111e-03  1.6697743e-02
   640 : -1.9814027e-02  1.8202584e-02 -6.7761584e-03
   641 :  7.7456642e-12 -1.6721983e-11 -1.9239468e-13
   642 : -6.9215084e-03 -1.0003062e-03  7.1282962e-03
   643 : -5.5630375e-03  7.0356758e-03  8.0894527e-03
   644 :  8.2881538e-02  2.9333959e-02  3.0674575e-02
   645 : -2.9698119e-03  4.2605943e-04 -3.0815185e-03
   646 : -5.3881341e-05 -6.2276855e-05  9.7103604e-05
   647 : -2.6027692e-02  3.9334268e-03 -3.8575074e-02
   648 : -5.3695894e-04 -2.2748055e-03  7.1662305e-05
   649 : -4.4828899e-03 -1.0189963e-02 -5.7558125e-03
   650 : -4.4948012e-05  5.4706141e-05 -1.0632390e-04
   651 :  5.4385001e-02  4.3064201e-03  7.1382792e-03
   652 :  4.0093612e-04  1.1309624e-04  1.4194580e-04
   653 : -6.2965359e-02 -2.3641551e-02 -6.3629831e-03
   654 : -6.4686257e-09  1.3429185e-09 -2.9630850e-10
   655 :  3.3488617e-04 -5.2056913e-05  2.8696821e-04
   656 :  1.6350727e-02  1.5205728e-02 -1.7531449e-02
   657 : -2.9216410e-02 -5.1056446e-02 -5.5919716e-02
   658 : -2.6720486e-03  3.6525784e-04 -2.3167788e-03
   659 :  4.8157227e-04  2.4499720e-02 -1.5329350e-03
   660 :  5.4425780e-03 -1.5434381e-02  2.7789125e-02
   661 :  1.6150438e-02  6.0139898e-02  2.3660270e-02
   662 :  1.2049413e-07  5.8925544e-08 -2.5723989e-07
   663 : -1.6279957e-02 -9.7853034e-03 -3.6015488e-02
   664 :  5.4098744e-03 -2.3310498e-02  1.7634562e-02
   665 : -1.1881198e-02 -2.3137569e-02 -3.2040378e-02
   666 : -1.4463699e-16 -5.4396520e-18  2.0292056e-16
   667 : -5.6862159e-10  1.2830109e-10 -3.0490128e-10
   668 : -9.1839347e-03 -3.4375060e-03 -7.5066598e-03
   669 : -8.7655023e-20  4.9233127e-20  1.2808974e-19
   670 : -1.5048407e-02  8.9479266e-04  3.1140233e-02
   671 : -3.6970816e-02 -9.4071425e-03 -2.4378853e-02
   672 :  5.9433121e-03 -2.9291199e-03  4.7061417e-03
   673 : -4.4326070e-07 -5.1053979e-07  3.2005468e-06
   674 :  1.4974911e-05 -1.0119280e-05 -2.0109973e-05
   675 :  3.6615752e-06  2.3081572e-06 -8.5840200e-06
   676 : -3.8232625e-03  6.7924249e-03 -1.1752249e-02
   677 :  1.1570869e-04 -7.2705334e-05  1.1251064e-04
   678 : -5.5480702e-03 -4.4295904e-03  2.4186766e-03
   679 :  8.8040376e-03  3.3041411e-02  1.9650668e-02
   680 : -2.2620078e-04  1.4188480e-02  2.6239153e-02
   681 :  5.4944908e-12  1.0122373e-11 -1.1298691e-10
   682 :  3.3639565e-11 -1.4141815e-10  6.9825459e-11
   683 : -1.8094210e-09  3.5836142e-09  3.7741208e-09
   684 : -8.5731334e-14 -3.5418272e-13 -1.3726841e-12
   685 : -2.4899893e-03 -6.7385226e-04 -8.8794466e-04
   686 : -4.0056131e-06 -8.7733951e-06  6.0231907e-06
   687 :  8.2667041e-13 -2.4727463e-12  1.3136691e-11
   688 : -2.5986627e-09  2.4245195e-06 -3.8764486e-06
   689 :  1.8323342e-02  2.3120170e-02 -7.6997468e-03
   690 :  3.8271733e-04  2.1287342e-04 -3.1830808e-05
   691 :  2.4810347e-03 -3.0703503e-03  2.0708723e-03
   692 : -9.2734892e-04  2.9940662e-04 -2.6591427e-03
   693 : -2.1630919e-19  3.1575782e-19  1.5607216e-19
   694 :  5.3249909e-14  1.3739128e-13 -2.1997948e-13
   695 :  8.5525957e-03  2.7333517e-02  1.2878524e-02
   696 :  6.6015883e-03 -1.3068128e-03  1.1192449e-02
   697 :  1.0410657e-03 -7.2225089e-04 -1.1155422e-03
   698 : -3.0570989e-02 -2.8975506e-04 -2.3376222e-02
   699 : -1.6766485e-07  2.9066696e-08 -1.7933081e-07
   700 :  8.1812305e-18  1.0502934e-17 -3.0743043e-17
   701 : -2.1063881e-16  5.1687202e-16 -1.4528009e-16
   702 :  7.1098974e-10 -1.1383691e-09  5.9802219e-10
   703 : -5.5164919e-02 -5.4428691e-02 -4.8777061e-02
   704 :  3.7102128e-04  9.9999487e-05 -9.1648125e-06
   705 : -1.7105191e-12 -5.6515063e-12  1.8157001e-12
   706 : -2.2860268e-01  1.2896970e-01 -3.3992535e-03
   707 :  4.7388975e-02  2.6164758e-02  3.2155925e-02
   708 :  2.8968480e-02  1.6502271e-02 -3.5553181e-04
   709 :  6.1452578e-06 -1.9137072e-05 -2.7053071e-05
   710 : -2.5033106e-07  4.9616528e-08  1.0922007e-07
   711 :  2.5306565e-04 -1.9879388e-05 -4.2849775e-05
   712 : -4.2016432e-03 -5.4014174e-03  2.6096609e-03
   713 :  4.0115258e-04  4.3495636e-04 -5.1056201e-04
   714 : -4.5976758e-02 -4.5808450e-02 -3.7446954e-02
   715 : -3.0371303e-03 -2.0060396e-05 -1.3197231e-03
   716 :  1.2783418e-13 -3.3915407e-13  9.0354722e-13
   717 :  2.4117247e-02  1.4447790e-02  2.7046206e-02
   718 : -1.0875030e-03  4.3267874e-04 -9.6671311e-05
   719 :  2.5241008e-02  1.1963423e-02  3.1354621e-02
   720 : -1.0220887e-02  1.5827072e-02 -2.0322181e-02
   721 :  1.0814860e-01 -6.3695581e-02 -6.9227738e-03
   722 :  2.2497746e-11  5.7958902e-11 -1.4314138e-11
   723 :  6.5190723e-12  2.7387880e-11 -3.1188705e-11
   724 :  4.0945121e-11 -1.7335021e-10  5.1128846e-11
   725 : -2.5643491e-03 -5.3250322e-03 -1.0359037e-02
   726 :  8.3341366e-07  2.5410099e-06 -1.1319558e-06
   727 : -1.3386519e-02 -2.3315058e-03 -1.0347821e-02
   728 :  2.5134895e-02  1.3870219e-02  1.2438646e-02
   729 : -7.1936585e-03  1.2745328e-02  1.4375954e-02
   730 : -4.8658342e-04  4.3561890e-04 -7.6737502e-05
   731 :  5.6151393e-11 -1.2040486e-10  3.2984369e-11
   732 :  1.5324450e-08  2.2181180e-08 -1.1388104e-09
   733 : -1.9478696e-03 -2.2601322e-03 -7.0446862e-04
   734 : -2.1046610e-02 -7.0711559e-01  7.3083590e-01
   735 : -1.6787444e-03 -5.9852004e-03 -6.2193427e-04
   736 :  1.8934561e-03  2.9430209e-02  2.5064877e-02
   737 : -2.7177111e-06  4.0092634e-06 -2.5644735e-05
   738 : -7.0381114e-03 -4.5718523e-03 -4.8646700e-03
   739 :  2.0219809e-02  2.2899597e-02  2.8442596e-02
   740 : -1.0934297e-03 -2.2292278e-03 -1.9895429e-03
   741 :  1.4026759e-02  3.0119260e-02 -5.6381228e-03
   742 : -8.5449168e-05  2.0550775e-04  3.4450664e-04
   743 : -3.0038965e-03 -2.8589656e-03  8.6712998e-03
   744 : -4.5585363e-02 -2.6081542e-02 -4.6254849e-02
   745 : -8.2987762e-12  4.1277588e-11  1.8163722e-11
   746 : -1.7168712e-09  4.7184541e-09  7.0134402e-09
   747 :  1.3651272e-06  1.8483111e-06  4.7784840e-06
   748 : -6.9246655e-04  5.0912876e-05 -3.0808030e-03
   749 :  2.5727431e-02  2.3733349e-03  1.4288902e-02
   750 :  2.0095938e-13  3.0329967e-12 -1.1905667e-11
   751 : -2.0462189e-02 -9.5321626e-03 -2.4760179e-02
   752 : -1.8290107e-04  5.2802439e-05  3.8400041e-04
   753 :  2.5997472e-02 -2.1856545e-03  2.5496973e-02
   754 : -3.3490711e-09 -2.6065846e-09  1.1865632e-08
   755 : -4.9599978e-02 -2.7774000e-02 -5.7314390e-02
   756 :  1.0291242e-05 -3.8291208e-05 -3.1832223e-05
   757 : -2.3691749e-19 -1.2849368e-19  1.6455115e-19
   758 :  8.0885096e-02  3.0032836e-02  7.2941208e-02
   759 :  2.4224450e-06  4.7110763e-04 -4.3720646e-04
   760 : -7.6045407e-07  2.2902671e-06 -7.8587423e-07
   761 : -1.2615460e-04 -1.9108239e-03 -2.1661107e-03
   762 :  8.0690166e-02  2.4099030e-01 -9.1028797e-02
   763 :  7.7721604e-15 -2.9522905e-14  9.4721074e-15
   764 :  1.1576810e-15  7.4283428e-16 -6.6955136e-16
   765 : -3.7896021e-02 -1.9578192e-02 -2.5263710e-02
   766 :  1.3302655e-05 -2.8959168e-05  1.0745110e-05
   767 :  1.9490027e-02  6.3136340e-01 -5.1703346e-01
   768 : -3.8835110e-12  3.0372131e-12 -9.5396472e-12
   769 : -5.0526970e-02 -4.4936489e-02 -3.8231841e-02
   770 : -3.8227441e-03 -1.1150483e-03 -2.4406602e-03
   771 : -7.9550400e-03 -2.7971170e-02  8.8344825e-03
   772 : -3.2898856e-02 -1.9872631e-02 -3.2301897e-02
   773 :  1.3380246e-05 -5.3654111e-05 -1.4323863e-05
   774 : -4.4576520e-03 -3.0803678e-02 -1.2984821e-02
   775 : -1.0107115e-02 -2.6519874e-01  2.0677550e-01
   776 : -5.4684980e-05 -2.1119394e-05  1.0424892e-04
   777 : -8.2122443e-04 -1.0186852e-03 -2.0596208e-03
   778 : -3.4217008e-03  8.5623259e-03 -2.6349665e-03
   779 :  3.6018510e-09 -2.3718228e-09 -4.1064624e-10
   780 :  1.4100397e-01 -7.5880921e-03 -3.9501626e-02
   781 : -7.4124877e-12  1.7226951e-12 -7.5092776e-12
   782 : -4.9272887e-20 -5.9493258e-21  9.7030853e-20
   783 : -4.7776551e-03 -2.8212836e-03  2.2007418e-03
   784 :  4.2110872e-04 -1.0153448e-03  6.7140092e-04
   785 :  3.8965018e-13 -1.7818729e-11 -9.7700679e-12
   786 : -5.4885739e-03 -4.4964939e-02 -1.7636314e-02
   787 : -1.9020983e-02 -6.1713382e-03 -2.0151168e-02
   788 :  1.7920601e-11 -7.5403398e-12  8.1602051e-12
   789 :  1.5560708e-10 -5.4787222e-10  5.2544139e-10
   790 : -3.5989462e-03  5.3266820e-04  1.3857045e-02
   791 :  3.0966177e-02  2.4861668e-02 -6.0294552e-03
   792 : -3.0622807e-02 -1.7233731e-02 -3.5825486e-02
   793 : -3.4533543e-02 -9.2637373e-03 -2.0319957e-02
   794 : -5.4616820e-03  3.9374786e-03  1.1676838e-02
   795 : -3.3260549e-02 -1.6337444e-02 -5.0400995e-02
   796 : -9.7080938e-03  8.4628856e-04 -2.1141330e-02
   797 :  5.1758391e-12 -6.8539861e-12  7.3506334e-12
   798 :  1.4606735e-02  3.8023921e-03  6.7339901e-02
   799 :  6.9982531e-06  1.0438824e-06 -1.4147678e-05
   800 : -4.6575982e-02 -3.6363420e-02 -3.8361096e-02
   801 :  4.6526454e-10 -2.7734019e-11 -9.2725688e-10
   802 : -1.4495730e-03 -1.0812320e-03 -6.4326726e-03
   803 : -2.3859980e-07  1.2732756e-07 -1.1336514e-07
   804 : -3.7111946e-02 -2.5547033e-02 -3.8321187e-02
   805 :  1.8171999e-04 -2.3062689e-03  3.0480963e-05
   806 :  3.6131260e-09 -1.4995282e-09  1.9370367e-09
   807 : -2.0409565e-12 -1.3987274e-11 -1.1141967e-12
   808 : -2.7279180e-02 -4.1811288e-02 -2.6538002e-02
   809 : -2.0075330e-06  6.5713121e-06  2.5422961e-06
   810 :  1.6428348e-11  6.0152281e-11 -9.8094901e-11
   811 : -8.7635267e-20 -1.3976262e-20  1.2418290e-19
   812 :  5.9166970e-05 -4.5813587e-05  2.8019335e-04
   813 :  2.9922130e-04 -2.2624476e-03  1.2167991e-03
   814 : -3.2251676e-19 -8.9630062e-21  3.3909859e-19
   815 : -1.1515825e-21  2.1090469e-22  1.4993729e-21
   816 : -1.1527833e-16  5.3222360e-17  2.9637438e-17
   817 : -4.5151741e-18 -1.8865236e-17  2.8659441e-17
   818 :  1.2578530e-19 -6.4769911e-19  4.1955172e-19
   819 :  1.4372411e-04 -1.0672997e-04  7.7196240e-05
   820 :  4.5267778e-20 -1.1186833e-19  2.2669530e-20
   821 : -4.6373685e-02 -1.9100533e-01  1.5284103e-01
   822 : -4.4506462e-03 -5.4396940e-03  1.1710753e-02
   823 : -1.5310487e-08  6.4786010e-08 -2.2926854e-09
   824 :  1.5524414e-07 -3.8653422e-07 -3.3953920e-07
   825 :  7.9926582e-14 -9.5056781e-15 -1.4804242e-13
   826 : -9.2913915e-03 -6.1510892e-02  4.5823647e-02
   827 :  1.2662535e-10 -1.0318004e-09  4.6723677e-10
   828 :  1.2026582e-06  7.2271415e-07 -9.6069917e-07
   829 :  2.9897948e-03  8.1638858e-03 -2.3162332e-03
   830 :  5.8444746e-02  1.1282574e-02  8.2807021e-02
   831 :  5.4584348e-02 -4.0122508e-01  5.3683293e-01
   832 : -9.7970687e-05  4.8896288e-04  1.8071543e-04
   833 :  4.0287776e-02  1.1372610e-01  3.3056928e-02
   834 : -7.6609150e-18  7.0256031e-18 -7.3842142e-18
   835 : -9.9670383e-22 -1.4731648e-21  6.9965203e-22
   836 :  6.6397194e-04 -2.1759252e-03  8.1148363e-04
   837 : -2.5428156e-10  7.5218354e-11 -1.8009212e-10
   838 :  2.4051464e-02  2.5971194e-02  1.6277526e-02
   839 : -7.7097916e-07  1.7724009e-07  1.5460401e-06
   840 :  6.5597257e-10  6.0402417e-11 -9.9988720e-10
   841 :  2.5653621e-08 -5.6873894e-09 -1.5108319e-08
   842 :  8.6908330e-05  7.6770416e-05 -6.1471756e-05
   843 :  2.5212019e-09 -5.3277433e-10 -8.1616780e-09
   844 :  5.2610540e-05 -6.2265286e-05  2.6312233e-04
   845 :  9.7861047e-14 -2.6975701e-14  8.6819074e-14
   846 : -2.2295424e-03  1.4449863e-02 -1.0060636e-02
   847 :  2.6160628e-05  1.8824803e-06 -2.6005626e-05
   848 : -5.9278398e-22  1.4845700e-21 -4.5951920e-22
   849 : -2.8196146e-07  4.4097948e-07 -2.7087202e-07
   850 :  3.3355838e-07 -2.1663465e-06  3.7871346e-06
   851 :  2.1836219e-07 -4.5429394e-07 -8.8313948e-09
   852 : -1.1303064e-15  2.7939357e-15 -1.7594357e-16
   853 :  2.8925157e-02  3.5729484e-02  2.0040273e-02
   854 : -3.2807065e-23  1.8518424e-22 -2.3205868e-23
   855 : -2.2199472e-02  2.6305798e-02  1.6205847e-02
   856 :  2.6203158e-02 -3.8209107e-03  9.7472852e-03
   857 : -2.4577331e-02  1.7895065e-02 -2.5939261e-02
   858 :  2.9954794e-02  1.1197840e-02  5.4433557e-03
   859 :  1.2564704e-14 -1.6727652e-14 -1.2127860e-15
   860 :  3.1504969e-03  5.9291222e-03 -5.7983377e-03
   861 : -1.9655234e-03  1.0430820e-03 -1.4381452e-03
   862 : -6.5351098e-04  4.2970661e-04  5.8874806e-04
   863 :  2.6687503e-02  1.0381473e-02  9.9204504e-03
   864 :  6.9028516e-03  1.0236757e-02 -1.4641522e-03
   865 : -1.8605066e-02  2.8119202e-01 -3.6340312e-01
   866 :  1.9058294e-02 -7.4281081e-02 -1.0866769e-01
   867 : -3.3161649e-02 -2.4766230e-02 -3.0165846e-02
   868 : -7.4244543e-05 -1.1023448e-04  2.2594230e-04
   869 : -4.5207392e-05 -8.4757849e-05  2.4268817e-05
   870 : -3.7741655e-05 -2.2880625e-05  4.1540854e-06
   871 : -6.3264424e-03  8.4707198e-02 -1.0068061e-01
   872 : -2.1438093e-02  1.0407111e-03 -1.6408707e-03
   873 : -1.3956979e-02 -3.6740100e-02 -4.8604608e-02
   874 : -5.0564562e-02 -4.4599885e-02 -8.7659175e-03
   875 : -1.4727911e-08 -8.6567400e-10  8.4783611e-09
   876 :  2.2426644e-08 -7.0324504e-08 -2.6987429e-08
   877 : -1.9848628e-18  2.4988114e-18 -3.0679880e-18
   878 : -1.3699721e-16  3.4981199e-16 -8.3214445e-17
   879 :  4.1867331e-09  5.5712870e-10 -6.3046602e-09
   880 :  1.5934850e-08 -6.7515053e-08  2.2732101e-08
   881 : -7.9504431e-19  2.4791977e-19  2.9334675e-19
   882 :  1.0606912e-17 -6.5099514e-18 -1.5409787e-17
   883 : -1.7111814e-10  3.4741157e-10 -6.8359290e-10
   884 : -1.9318523e-09  3.4271100e-09 -3.0464163e-09
   885 :  1.4575923e-03 -3.1081306e-03 -3.0365677e-03
   886 : -2.1921077e-03  4.5122385e-04  1.0069909e-03
   887 :  5.7840331e-03  6.2391373e-03  2.7613531e-02
   888 :  2.6684496e-02  2.8176776e-02  5.8182701e-03
   889 :  8.6817171e-03  2.4264033e-02 -1.2439339e-02
   890 : -6.9996406e-03 -2.2293431e-02  1.5523668e-03
   891 : -1.4056806e-08  6.4126774e-09 -1.1097060e-09
   892 :  1.9303687e-07 -2.7221289e-07 -1.2225700e-07
   893 :  1.4483787e-03  7.1853280e-04 -2.1499455e-03
   894 : -7.4301337e-03  1.3188925e-02  8.7160802e-03
   895 :  2.0842940e-02  5.5075243e-03 -4.9476110e-02
   896 : -2.5184322e-02 -2.9794848e-02  4.4214052e-03
   897 :  9.2307393e-10 -1.4219269e-10 -7.8194838e-10
   898 : -4.0753201e-09  4.5750378e-09  6.6846281e-09
   899 : -1.4201729e-02  1.1286763e-02  7.5196121e-03
   900 :  9.6731359e-03 -2.1161998e-02 -1.3612975e-02
   901 :  4.9805067e-04  1.0971811e-04 -6.8856133e-04
   902 : -2.2518307e-03 -3.8294237e-04  3.0941280e-04
   903 :  3.0162772e-02  2.0501010e-02  2.9011974e-02
   904 :  2.6646123e-02  1.1781099e-02  3.5966791e-02
   905 :  3.0604092e-03 -7.1151037e-04  1.0087842e-02
   906 : -2.7308231e-02 -1.3057815e-02 -2.0430612e-02
   907 : -3.6987882e-02 -8.7523784e-03 -2.8012901e-02
   908 :  1.1405896e-02 -1.7933378e-02 -3.1871486e-03
   909 : -5.4000181e-03  2.6906415e-02  4.2153023e-04
   910 :  9.4314481e-03  2.9994169e-03  9.4429067e-03
   911 :  9.7669264e-03  2.5470096e-02  8.5579864e-03
