Number of elements 912
     0 : -1.8076222e-03 -2.6660725e-03  4.1550480e-03
     1 : -6.7565360e-03  1.4321965e-03 -3.3229140e-02
     2 :  3.0475535e-03  2.5091389e-03  1.6017088e-02
     3 :  4.1138715e-03 -5.0180691e-03  4.4657529e-02
     4 :  1.4710668e-03  4.5997648e-04  5.1244365e-04
     5 :  3.2078062e-03 -1.6506510e-02  1.5233514e-02
     6 : -3.1083082e-08 -1.5606038e-07  1.2249045e-07
     7 : -1.6549045e+00 -1.3008592e-01 -1.8292583e-01
     8 :  3.1725169e-03  2.2385509e-03  6.9582070e-04
     9 :  2.1832182e-07  9.9819128e-07 -2.2015735e-08
    10 : -3.1446926e-03  2.2200744e-04 -2.5870729e-03
    11 :  7.6294454e-08 -1.4778383e-07 -5.1273403e-08
    12 :  8.0927897e-03  4.0867604e-01 -4.1503874e-01
    13 : -7.4093346e-03 -1.4832853e-03 -5.5058816e-03
    14 :  5.3180842e-03 -1.1398397e-02  6.2696250e-03
    15 :  2.4532665e-04 -2.7365181e-03 -5.3849136e-03
    16 :  2.7252941e-09  3.5212802e-08 -7.0219202e-09
    17 :  1.9248623e-04  2.3540010e-04  4.1253978e-05
    18 : -1.0155698e-03 -4.6906645e-03 -8.9071437e-03
    19 :  1.6542892e-09 -2.6524438e-09  1.9626238e-09
    20 :  3.3134269e-04  3.1238143e-04 -7.7506646e-04
    21 : -2.5639962e-03 -7.1226730e-04 -9.0486027e-04
    22 :  5.4146055e-05 -3.4887709e-03  8.5680111e-04
    23 : -1.7939265e-08 -1.6608412e-08  2.7248783e-08
    24 : -3.5952956e-03  3.1025620e-03 -3.3338861e-03
    25 :  3.6929822e-10 -1.4000570e-09  3.6492812e-10
    26 :  4.5925294e-03  2.0464790e-02  1.1952399e-02
    27 :  3.9623245e-03 -1.8396454e-02 -3.5380714e-03
    28 : -7.8913840e-03 -4.9795472e-02  3.3203162e-02
    29 :  3.5165501e-03 -2.0711329e-03  1.8734783e-03
    30 : -4.3453490e-03  2.9245360e-03 -6.4208109e-03
    31 :  4.2567374e-03 -6.2980706e-03 -1.0819614e-02
    32 : -1.6645245e-06 -8.6040652e-07  4.0626446e-06
    33 : -7.1018038e-03 -5.8765399e-03 -7.9891294e-03
    34 :  7.3562661e-12  6.8665494e-11  1.1875635e-10
    35 :  1.6878536e-03 -5.5315913e-03 -9.4523100e-03
    36 :  4.0785086e-03  4.6989383e-03  4.3784026e-03
    37 :  3.6590217e-03  6.5349142e-03  2.9938743e-03
    38 : -2.2170848e-03 -1.2460295e-03 -4.9195185e-03
    39 : -1.6463629e-02  1.3300183e-03  7.8410007e-03
    40 : -1.0568213e-02 -2.1012025e-01  2.1631302e-01
    41 :  4.7310441e-02  1.7965270e+00 -2.4939003e+00
    42 : -6.6381031e-09 -8.5716721e-09  5.0892709e-09
    43 :  3.7279802e-04 -5.8444509e-04 -3.1149290e-04
    44 :  1.8411582e-03  3.1921824e-03  5.5112273e-03
    45 :  8.5956361e-03 -1.1565317e-03  1.0379934e-02
    46 :  1.2509936e-02  9.9845881e-03  8.9550054e-03
    47 :  6.0580615e-06 -2.4970382e-06  5.3221121e-06
    48 :  1.6776300e-08 -8.5315796e-08  3.3905967e-08
    49 :  4.0088164e-03 -4.2886130e-03 -5.4118661e-05
    50 : -1.0401671e-02 -2.8536784e-03 -5.1704703e-03
    51 : -2.3556522e-03 -2.6022938e-03 -4.4221671e-03
    52 : -5.4899327e-03  4.6294728e-03 -1.2961152e-02
    53 : -2.2268867e-07 -4.7721158e-08  1.2307458e-07
    54 : -1.3063047e-02 -2.6070405e-02 -1.6567928e-02
    55 : -2.4580003e-02 -2.8549147e-02 -1.8728039e-02
    56 :  1.1347157e-03 -6.5744645e-04  2.0378228e-03
    57 :  5.1968493e-03 -9.3099025e-04 -1.6939127e-02
    58 : -4.5313495e-03 -1.4692949e-01  1.8795340e-01
    59 : -4.5786769e-03 -1.4767496e-03 -1.0376970e-03
    60 :  1.3973235e-03 -4.3286348e-03  2.6044035e-03
    61 :  2.6158503e-03 -1.6600736e-03 -1.2943880e-03
    62 : -4.0901393e-04 -2.5270150e-03 -7.0248135e-03
    63 : -4.8509306e-04  9.9141931e-04 -2.5852429e-03
    64 : -5.4058883e-03  1.6114608e-04  2.9035432e-03
    65 : -5.4409358e-03  1.1176973e-03 -7.5088975e-03
    66 : -1.1065609e-02 -2.1462001e-03 -8.8305843e-03
    67 :  2.5380007e-07 -5.3420942e-07 -6.3249997e-07
    68 :  2.4985516e-08  1.5678074e-07 -7.7242307e-08
    69 :  3.2177569e-07 -5.1771842e-07 -5.8464441e-07
    70 : -2.4165964e-03 -3.2943901e-04 -5.2061562e-03
    71 :  5.9859761e-03  1.0776725e-03 -5.5798483e-03
    72 :  1.8610238e-09 -1.2015168e-08 -2.5615598e-09
    73 : -4.2615696e-03  2.0344239e-03 -2.6383109e-03
    74 : -1.1363761e-03  1.3975678e-03 -1.0091076e-03
    75 :  6.4557996e-05 -9.4978590e-06 -4.4762400e-05
    76 : -1.7406158e-09  1.0389238e-08 -3.2439301e-10
    77 : -2.4660124e-05 -1.8236306e-05 -4.4902946e-06
    78 :  8.1334297e-08  5.0373897e-07  2.6176228e-07
    79 : -7.5295098e-04  3.1467998e-04 -1.0308045e-03
    80 : -1.2033837e-13 -1.4813956e-12  4.2898268e-13
    81 : -4.4756394e-06  1.9525776e-05 -2.6593551e-06
    82 :  1.6166457e-02  4.1965191e-01 -4.1411576e-01
    83 : -2.0240724e-10  2.2854220e-10  2.2711438e-10
    84 : -7.2278407e-09  1.6224723e-08 -1.8215885e-09
    85 :  1.4556279e-02  1.5417298e-01 -1.4116536e-01
    86 :  1.0364762e-04 -7.7298512e-06  4.4586325e-05
    87 :  3.6148187e-04 -3.0874803e-04 -5.9388138e-04
    88 : -8.1242587e-03 -7.8289715e-02  6.1604291e-02
    89 :  7.3294890e-03  6.4461454e-03  4.1156693e-03
    90 :  1.0470404e-08  1.7901198e-08 -1.4320658e-08
    91 :  6.2018914e-04  3.7160742e-04  7.2360236e-04
    92 :  2.1795786e-04 -7.1741410e-03  1.2554098e-02
    93 :  7.8210493e-12  1.3052349e-12 -4.1638130e-12
    94 : -9.3097111e-04 -3.6195814e-04 -1.5756571e-04
    95 : -1.0016818e-07  4.4196352e-08 -4.7650793e-09
    96 : -4.3112628e-03 -7.5492519e-04 -1.3376552e-02
    97 : -3.9341785e-03  1.7590944e-02  2.3735490e-03
    98 :  7.0242375e-03  3.6757728e-03  7.8716879e-03
    99 :  1.1678189e-06  1.0578446e-06 -5.1343494e-07
   100 : -1.3894173e-06 -1.0059100e-06  2.6116114e-06
   101 : -3.6766028e-03 -6.2623615e-03 -7.9721998e-03
   102 : -5.5892497e-03 -2.0414721e-02  8.6825929e-03
   103 : -5.5822877e-11  6.8614597e-11  1.0135965e-10
   104 :  1.0744285e-02 -1.5417804e-03  1.8778927e-03
   105 :  2.5996230e-03  1.3066557e-02  1.8236546e-02
   106 : -5.9893971e-03 -5.0636361e-03 -2.1630232e-03
   107 : -2.4879309e-04  2.6259815e-02 -2.5788763e-02
   108 :  2.2726520e-03  7.2370894e-04 -2.6703806e-03
   109 :  2.9587431e-04  1.4581534e-03 -1.5843234e-03
   110 : -5.9707839e-03 -8.6458695e-04 -6.1216807e-03
   111 : -2.2507618e-04 -2.9982158e-03  3.5969801e-04
   112 :  9.6795089e-06 -8.2590576e-06 -1.0678492e-05
   113 : -2.6299779e-03 -1.0972424e-03 -2.2159276e-03
   114 : -3.0340524e-03 -1.5022710e-01  1.8148848e-01
   115 : -4.5082450e-03  4.7234375e-03 -2.7003369e-02
   116 : -4.9071240e-03 -9.5756739e-02  8.3003089e-02
   117 :  8.7397958e-04 -1.7874555e-04  1.2982372e-03
   118 : -1.4610231e-02  2.1506841e-02  1.2224691e-02
   119 :  1.5990103e-07  9.8751957e-08 -3.3382435e-07
   120 :  1.0395635e-02 -3.9693334e-05  8.6702396e-03
   121 : -1.2415847e-05  1.9421323e-05 -1.4236235e-05
   122 : -5.3687373e-03  7.5085565e-02 -1.4014631e-01
   123 : -5.6104892e-10  5.0227519e-10  7.5550311e-10
   124 : -1.7686887e-07  2.8950226e-07 -1.2659375e-07
   125 : -2.9791636e-13  9.7746813e-13 -3.8731670e-13
   126 :  1.4459355e-04  1.5134820e-04 -9.3814302e-05
   127 : -1.0752679e-04  2.2420844e-04  1.4428347e-04
   128 : -7.8941275e-04 -3.7894728e-04 -1.9734199e-03
   129 : -1.0416523e-03 -1.2180429e-03  4.0120259e-04
   130 :  2.7704536e-03 -1.5419044e-03 -8.7439073e-04
   131 : -5.0709041e-04 -4.2412330e-03  1.5487328e-04
   132 : -3.2423134e-03 -3.3651290e-03  9.7836910e-04
   133 : -4.2733685e-05  1.0499685e-03  5.3574261e-05
   134 :  1.3397484e-03  8.7328942e-03 -1.6053729e-03
   135 : -4.9256025e+00  3.7207191e-01  1.0902988e+00
   136 : -2.7088611e-03 -1.3151470e-03 -5.4686431e-03
   137 :  1.7998594e-03  6.4209530e-04  8.7071079e-05
   138 : -1.0609341e-02  2.5349065e-02 -4.7391513e-02
   139 :  1.3248767e-02  1.3232657e-02 -1.1513557e-02
   140 : -3.3161704e-08 -5.5454371e-06  2.7161666e-06
   141 : -1.5336006e-06 -9.9813862e-06 -1.1422504e-05
   142 :  1.0914384e-02  1.3363038e-02  1.4731610e-02
   143 :  1.0330958e-07 -2.8512726e-07  1.3811492e-07
   144 :  1.3811345e-03 -3.5039193e-03 -7.6050251e-03
   145 : -6.0615991e-03 -1.1795896e-01  1.0648331e-01
   146 : -2.6938824e-03  8.5687264e-04  4.2494069e-03
   147 : -3.9238070e-08  1.1155020e-08  1.4972962e-08
   148 :  1.4863912e-03 -2.7740239e-03  1.0046597e-03
   149 :  3.2173104e-03 -2.0161376e-03  2.2072409e-03
   150 :  4.8729531e-03 -1.7462159e-02 -1.1516193e-02
   151 : -2.3176389e-05  5.4484786e-06  4.1281356e-05
   152 : -1.4071567e-03 -3.2501977e-04 -2.6275919e-04
   153 :  4.5381338e-02 -1.4120652e-02 -2.4808086e-02
   154 :  9.1968760e-13 -1.9775352e-12 -2.3554188e-12
   155 :  1.2948172e-07 -1.6848377e-07  1.1165413e-07
   156 : -1.4985397e-09  5.6293697e-09 -2.9643749e-09
   157 :  3.2563094e-03 -1.4724777e-03  4.0275221e-03
   158 : -2.3244882e-02  3.6508736e-03 -6.7355569e-03
   159 :  2.0411163e-02  1.6792276e-02  1.0872860e-02
   160 :  4.0758254e-11 -2.7105439e-11 -1.0582338e-11
   161 : -3.6881326e-11 -4.5181749e-11  1.1871225e-10
   162 : -2.6570195e-03  2.1128440e-03 -2.0536844e-03
   163 : -1.0259160e-02  8.2370299e-04  1.2998621e-03
   164 :  1.5006988e-05  1.0323906e-04  7.5009798e-05
   165 :  2.4331230e-02 -1.9294235e-02  5.3243550e-03
   166 : -2.9376900e-08  2.6085380e-08  6.6671316e-08
   167 :  2.9766627e-03 -3.1446559e-03  2.7740902e-03
   168 : -1.9011257e-03 -9.0055459e-03 -1.2339501e-02
   169 : -1.0778505e-02  1.7770842e-02  1.7548280e-02
   170 : -5.6173737e-08  1.7560502e-08 -8.9692105e-08
   171 :  1.0019054e-07  1.1112036e-08 -1.4698635e-07
   172 : -7.2442859e-03 -4.4713085e-03 -5.1119115e-03
   173 :  3.3441580e-03  1.5794169e-02  1.5727528e-03
   174 : -1.8958963e-03  3.2073120e-03 -2.8457457e-03
   175 :  6.7630142e-03 -8.6726778e-04 -5.0421595e-04
   176 : -4.8320725e-07  1.2663564e-06  1.2032904e-06
   177 : -6.2698812e-03  1.6578134e-03 -2.9980582e-04
   178 :  2.4423513e-02  3.8935581e-01 -3.7569876e-01
   179 :  6.0532723e-03  4.7084766e-03  1.9219882e-02
   180 :  7.1428574e-09  1.2022498e-08 -1.0740375e-08
   181 : -3.6381294e-03 -1.1170507e-02 -3.5092926e-03
   182 : -2.2192089e-04 -2.5748514e-05 -9.8813204e-04
   183 : -4.3032699e-03 -4.5943848e-03  1.8997755e-03
   184 : -1.6504062e-11 -2.2503937e-10  1.3138706e-10
   185 :  2.6642874e-04  2.5318311e-04 -9.8753494e-05
   186 :  1.6614337e-03  1.1617285e-02  3.0104836e-03
   187 :  6.4056581e-03  1.8282952e-02  1.8919075e-02
   188 :  1.7330129e-02  5.0593284e-01 -5.1141725e-01
   189 :  1.1034941e-03  2.0351954e-03 -7.0805155e-03
   190 : -4.3558723e-03 -4.1142247e-03 -8.9211812e-03
   191 : -6.3408471e-10  8.5319918e-10  1.0199942e-09
   192 : -5.7610199e-03  9.4709537e-05  6.9261747e-04
   193 : -1.9982813e-03  5.2383917e-03 -1.9910524e-03
   194 :  1.4227764e-02  1.4503260e-01 -1.2900490e-01
   195 :  1.2093091e-02  1.3939240e-02  1.9799185e-02
   196 : -3.0006901e-09  1.1379128e-08  1.4889407e-08
   197 :  3.3448637e-08 -3.2807890e-08 -1.1826261e-08
   198 : -4.6688677e-03  1.0430651e-02  2.2306537e-03
   199 : -3.2962453e-03 -4.7449101e-03 -3.6536747e-03
   200 :  6.0311393e-08  1.4960427e-07 -2.3557876e-07
   201 : -8.0228391e-03 -6.3591407e-03  1.6849519e-03
   202 :  1.4912750e-02 -2.8506706e-03 -4.8860305e-03
   203 : -1.6548448e-09 -1.1109331e-09  6.7773947e-10
   204 :  5.3714149e-03 -1.5355192e-02 -5.8764439e-03
   205 : -7.7846024e-03 -6.7991272e-02  5.2814188e-02
   206 :  1.1307095e-09 -6.3623570e-10 -8.3695435e-10
   207 :  9.6083786e-08 -3.9701497e-08  5.7700592e-08
   208 : -6.8475246e-05 -5.7729530e-05  1.4320927e-04
   209 : -8.5618499e-02  5.6679849e-02  3.6403095e-02
   210 :  3.1988215e-03 -5.0679004e-02  6.1606466e-02
   211 : -1.4027881e-09 -4.9557886e-10  3.4101394e-10
   212 :  4.6285554e-03  2.1010883e-03 -3.0797644e-03
   213 :  1.8809323e-07  1.1452071e-07 -3.7262812e-07
   214 :  3.1247646e-03  2.3851112e-03 -1.7348418e-03
   215 :  4.9249781e-02 -1.9295700e-02 -1.0123397e-02
   216 : -1.4430020e-02  1.1798037e-02 -2.6064533e-02
   217 : -2.1978514e-12 -3.3128278e-12  2.8921861e-12
   218 :  1.8999537e-05 -3.9480877e-05 -3.6870910e-05
   219 :  4.0167717e-04 -1.4425997e-03 -5.4261664e-03
   220 :  1.3411286e-04  1.8949139e-04 -4.8598336e-05
   221 : -4.6402419e-07  6.0647487e-07  1.2672024e-06
   222 : -6.0785023e-04  3.2206722e-03 -1.3222158e-03
   223 :  1.4855843e-03  2.1075718e-03  5.3939051e-03
   224 :  4.4463544e-03  1.3915452e-02  1.5536256e-02
   225 :  4.7434578e-04  2.7209481e-04 -1.1046826e-03
   226 :  3.5925864e-06 -9.0729701e-07 -8.3913978e-07
   227 :  1.0256395e-02 -1.6133779e-04 -3.5279853e-04
   228 : -6.2651515e-03 -1.1401028e-01  1.1115125e-01
   229 : -2.0972899e-04 -1.0588146e-03 -1.3286160e-03
   230 : -1.3005116e-08  5.9655683e-08 -7.7394435e-08
   231 : -7.7725533e-09  1.4840733e-08 -9.8630802e-08
   232 : -3.9854678e-12 -3.0088523e-12  1.8131376e-12
   233 : -6.7070303e-07  2.1343383e-06  9.3930338e-07
   234 :  8.8596920e-04  3.0925817e-03 -8.5764349e-04
   235 : -1.1015370e-02 -1.7031185e-02  3.0323322e-02
   236 :  6.2617487e-06 -8.2686885e-06 -1.7619825e-06
   237 :  4.4537785e-05 -4.9831711e-05  1.3302121e-04
   238 : -1.0157500e-09 -1.5359826e-10  4.8686201e-10
   239 :  9.4160864e-07 -3.2952859e-07  8.1273318e-07
   240 : -3.5878347e-09  3.8814978e-09  9.2300010e-09
   241 : -1.1786594e-03 -1.3567813e-03  6.8555249e-04
   242 :  1.7905068e-02 -1.1479709e-02  7.2032043e-03
   243 :  3.3514351e-04  4.3705384e-04  3.0290451e-04
   244 : -1.8742465e-04 -7.4389890e-04  8.5587740e-04
   245 :  7.8473360e-06  8.4565789e-06 -1.8255525e-05
   246 : -3.8031975e-03 -2.2737319e-03 -6.5897428e-03
   247 :  7.2993561e-03  4.4851026e-03  4.0778947e-03
   248 :  2.3327951e-11 -2.6073014e-11 -3.6334109e-12
   249 :  1.3364430e-04  1.2153492e-05 -7.5527052e-05
   250 : -4.7441604e-03  5.3819673e-03  1.5611440e-03
   251 :  2.3819861e-03 -3.6393841e-04 -5.0875275e-04
   252 :  2.2697644e-06 -8.9989895e-07 -8.7207203e-07
   253 : -9.2931389e-09  5.5546507e-09 -8.2484881e-09
   254 :  2.7512001e-04 -4.2746903e-05  5.8057269e-04
   255 :  4.1304553e-03  1.1820448e-02  1.0221595e-02
   256 :  8.9833387e-05  8.6299639e-04 -1.8388116e-03
   257 :  9.5077653e-04 -5.5072790e-03 -3.9032775e-04
   258 :  8.4250950e-03  3.5812272e-03  8.4157697e-03
   259 : -7.0336949e-06 -9.5137608e-06  1.4085524e-05
   260 :  3.1882690e-04 -3.2468844e-04 -3.3817289e-03
   261 :  1.2841242e-04  5.7412259e-03 -9.2578780e-04
   262 :  1.1101125e-05 -1.7671776e-05 -1.0506539e-05
   263 :  2.8832296e-07 -5.4313957e-07 -8.3452991e-07
   264 :  5.8066994e-03  1.0366646e-02  7.4123253e-03
   265 :  5.5313645e-03  9.4033094e-03  1.7578957e-03
   266 : -7.0826614e-04 -1.7122678e-03  3.8714168e-04
   267 : -1.5997839e-03  2.0686011e-03 -1.0757708e-03
   268 :  5.3048291e-09 -1.1134929e-08  5.8458522e-09
   269 :  2.7797997e-03 -1.5441223e-03 -1.8332505e-03
   270 : -1.2846853e-03  7.0033065e-03  2.0378255e-03
   271 :  1.0451272e-03 -2.3264816e-03 -5.5292607e-03
   272 : -6.5665564e-04 -3.1938079e-04 -8.7540154e-04
   273 : -6.0119269e-07  6.3977682e-07  5.0943887e-07
   274 : -2.4270062e-03  4.0834451e-04 -1.5477659e-04
   275 :  3.1920152e-06 -7.4647710e-06 -6.6465384e-06
   276 : -1.1969034e-02 -2.3088945e-02 -4.0056427e-02
   277 : -4.9018887e-07  1.1635322e-06  1.1821433e-06
   278 :  3.6086721e-03  1.1268441e-03 -3.2384201e-03
   279 : -1.5225504e-02  1.7524596e-03  1.0471484e-02
   280 :  2.4294704e-02 -4.4870405e-03 -2.4618264e-03
   281 :  5.9991251e-03  4.5404235e-04 -4.1210771e-03
   282 :  1.0317659e-02  5.4375707e-03  9.9090642e-03
   283 :  5.5678148e-05 -2.8735917e-04 -3.0578272e-06
   284 :  1.4028772e-06  1.0607467e-06 -3.9824159e-06
   285 : -5.2616104e-03 -3.6060352e-03 -4.5055109e-03
   286 :  5.1949306e-03  2.2362117e-03  7.5870722e-04
   287 :  3.7947290e-03 -7.8044750e-04 -4.5094016e-04
   288 :  1.0007746e-03  3.8756892e-04  1.3788912e-03
   289 : -3.1997518e-03 -9.4322329e-03 -4.4587823e-03
   290 : -2.9281036e-03 -1.9476479e-03 -4.7296896e-03
   291 :  4.7164185e-04 -1.9472486e-02  1.4577381e-02
   292 : -2.7866851e-03  1.1180108e-03 -2.9183044e-03
   293 :  2.7499325e-04 -2.8753017e-04 -2.7211836e-04
   294 :  4.2540663e-03 -4.0910354e-04 -5.9270854e-04
   295 : -2.6238907e-09 -1.1751743e-09  1.0156537e-09
   296 :  1.1735550e-03 -2.3017157e-03  1.0788212e-03
   297 : -6.8296195e-03 -8.5021876e-03 -1.0203194e-02
   298 : -2.3634213e-03 -1.2674078e-01  1.1841037e-01
   299 :  3.0416529e-10  1.4994285e-10 -4.5946174e-10
   300 :  8.1010537e-04 -8.3008615e-03  2.1242178e-03
   301 :  2.1924706e-03 -1.3875491e-03  4.6452458e-03
   302 :  8.0962005e-04  7.5706894e-03 -2.0903490e-03
   303 : -5.0807014e-03 -1.2567417e-02 -1.2575796e-02
   304 :  6.6029452e-04 -1.9424318e-04  3.2035365e-03
   305 :  1.0553987e-02  6.7513480e-03  1.3179255e-04
   306 : -2.3862757e-03 -9.4334404e-04 -5.1056573e-03
   307 :  1.1957789e-03  9.8861986e-03  6.5865322e-03
   308 :  6.9557535e-03  9.2894226e-03 -3.1600472e-03
   309 :  1.2050894e-09 -4.1635907e-09  2.2410538e-09
   310 :  2.7604001e-02 -1.4948741e-02 -1.9561597e-02
   311 :  4.9800375e-03 -5.5189882e-03  3.6633324e-03
   312 : -3.0545923e-08  5.3042377e-08  5.8544178e-08
   313 : -3.8351357e-05  2.2263191e-04 -7.0114794e-05
   314 : -1.4128606e-09 -1.3741234e-09  4.9018847e-09
   315 :  2.0093220e-06  4.8165506e-06 -1.1093428e-06
   316 :  4.6282801e-03  3.3813216e-03  6.5741299e-03
   317 :  4.6890630e-11  2.1641887e-10 -9.7194554e-11
   318 : -9.9050588e-03 -1.5795316e-02 -2.5072578e-02
   319 : -1.1751428e-04 -6.1263698e-03 -5.5227014e-03
   320 :  2.0199796e-02  1.7262779e-04  4.6231723e-03
   321 : -4.0267816e-03  1.4739342e-03 -1.6741172e-03
   322 : -3.3989899e-10  1.0238620e-09 -1.1572287e-10
   323 : -3.0102560e-10  3.3659137e-10 -1.3189339e-10
   324 :  4.2357960e-06 -2.7599330e-05  7.1934092e-06
   325 :  1.1778799e-04 -3.8348668e-05  6.2576385e-05
   326 :  8.6674648e-02 -4.1883589e-03 -3.2362785e-02
   327 :  1.9347981e-02  3.7998692e-01 -3.6371996e-01
   328 : -1.9160637e-03  7.1062581e-04 -1.0755660e-03
   329 :  1.8855973e-06  1.3730155e-05 -7.7099521e-06
   330 : -1.9062407e-11 -6.3870784e-11  1.4061784e-10
   331 :  2.2900192e-03  8.1411664e-03  1.4496018e-02
   332 : -9.6851671e-03 -1.7650898e-02 -2.4184230e-03
   333 :  1.1933077e-05 -1.1060933e-05 -1.7159204e-06
   334 : -8.3601909e-03 -7.0835820e-03 -1.3310249e-02
   335 : -4.9207921e-03  1.0237778e-02 -1.5232667e-02
   336 : -2.1404838e-02  2.6518542e-02  1.1912658e-02
   337 : -1.1207659e-08  2.9894927e-08 -1.8787299e-08
   338 : -6.9573745e-03  9.0196618e-04 -7.4332391e-03
   339 :  2.6250907e-06 -7.8873162e-06 -3.6931341e-06
   340 : -1.6037149e-02 -7.3658806e-03 -2.4173409e-02
   341 : -4.8579412e-10  2.2838344e-08 -1.0953291e-08
   342 : -2.7114168e-06  4.3765684e-06  4.0548511e-06
   343 : -1.2360472e-02 -7.9313964e-04  5.8350205e-03
   344 : -6.5907958e-03 -8.3707207e-03 -5.6967290e-03
   345 : -2.1385977e-03 -1.5880026e-03 -1.4761164e-03
   346 :  4.5999611e-06  3.7560429e-06 -1.4415846e-06
   347 : -6.5099788e-04  8.1574215e-04 -3.3821157e-03
   348 :  2.5259753e-03  2.3098991e-02 -1.3721035e-02
   349 :  5.2030384e-03  4.9827898e-03  6.3768072e-03
   350 :  1.1676014e-03 -1.3345955e-03  3.0812133e-04
   351 : -6.3482418e-05 -4.7928913e-05 -1.2942946e-05
   352 : -3.0370524e-01  1.5733149e-01 -4.0451500e-01
   353 :  3.4493794e-04  8.6597341e-03 -1.1393314e-03
   354 :  2.1931342e-03  9.9058362e-04  3.0842781e-03
   355 :  3.2981650e-03  2.9228170e-03  7.0123397e-03
   356 : -2.0150190e-08 -1.5445333e-08  4.7536086e-08
   357 : -8.2981273e-04 -4.8356264e-03  8.2472434e-04
   358 :  2.6005971e-03  5.7525366e-03  7.0555453e-03
   359 :  2.2571672e-13 -2.7150030e-13 -5.3215368e-13
   360 : -3.2638932e-04 -6.9450657e-03 -5.1932303e-03
   361 : -1.6338242e-04 -1.4502635e-05  1.9069206e-04
   362 :  8.0125175e-03  1.0716993e-02  4.3893327e-03
   363 :  1.4893821e-03 -3.1150397e-03  5.6743830e-03
   364 : -8.6090882e-04 -1.5649538e-03 -1.6171179e-04
   365 :  4.7704839e-03  1.3680176e-01 -1.2570886e-01
   366 :  1.9061104e-08 -4.5617074e-08 -3.1428494e-08
   367 : -1.6300002e-02 -9.2974317e-03 -3.1071724e-03
   368 : -5.8384775e-03 -6.9390452e-03 -3.7138607e-03
   369 :  9.3700541e-03  4.5785140e-03 -3.3196568e-03
   370 :  4.2530317e-03 -1.6193336e-02  3.7890443e-02
   371 : -1.2433823e-08  1.4731726e-08 -1.2418648e-07
   372 : -2.5725467e-02  3.6213658e-03 -2.4407644e-02
   373 :  4.8891395e-03 -1.8461556e-03  1.1081109e-02
   374 :  1.0367276e-03  6.1865605e-03  3.3633064e-03
   375 :  4.1095138e-05  3.6936624e-05 -2.6057157e-05
   376 :  2.5429813e-09  2.3772490e-09 -1.3941605e-08
   377 : -9.9608576e-03 -8.1322940e-03 -5.7618241e-03
   378 :  3.8560446e-03 -3.6315717e-02  5.6253246e-02
   379 :  9.7279873e-12 -5.7761933e-11  2.8986088e-11
   380 :  8.0905174e-04  5.8284329e-04  3.4967693e-04
   381 :  6.8899734e-03  2.6153393e-04 -9.6479101e-04
   382 : -1.7660035e-03  2.9168770e-03  2.1113151e-03
   383 : -6.2541369e-03 -5.6846014e-03 -1.3025372e-02
   384 :  7.1928823e-05  5.4065113e-05  6.4285277e-05
   385 : -1.9493540e-03 -3.6542261e-04 -1.1885102e-04
   386 :  4.1465983e-03  6.3660876e-03  5.2900433e-03
   387 :  4.3924369e-06 -2.8097950e-05 -4.0684452e-05
   388 : -6.8370099e-03 -9.7058435e-04  8.5921027e-03
   389 : -1.4711750e-03  1.3519157e-02  3.2202657e-03
   390 :  3.3477089e-03  1.2001472e-02 -1.1642788e-02
   391 :  6.4588574e-04  8.2049454e-03 -2.9980754e-03
   392 : -4.7759281e-03 -5.1197003e-03 -5.8536871e-03
   393 :  1.7088966e-03  6.2338670e-03  3.2391205e-03
   394 :  6.3191101e-04 -1.3556029e-03 -5.1550294e-04
   395 : -7.3449661e-03  7.1283623e-03 -5.5995544e-03
   396 : -1.6073302e-10  1.4684023e-10 -3.5840097e-10
   397 :  1.6312264e-03  2.6089110e-03 -4.4152905e-03
   398 : -3.0500078e-03 -2.4449654e-03 -8.4112413e-05
   399 :  4.1770123e-03  3.8850910e-03 -4.3126577e-03
   400 :  2.2900010e-03 -2.4432676e-03  4.5410823e-03
   401 :  8.4581250e-04  1.1788761e-03 -3.1648235e-03
   402 : -1.6120964e-03 -1.6980189e-04 -1.1319643e-04
   403 : -1.1778207e-03  6.9343149e-04 -1.7075097e-03
   404 :  8.9957585e-09  9.7020547e-09 -3.7007446e-08
   405 : -5.0691501e-03 -8.4038725e-03 -9.2160427e-03
   406 : -7.2015588e-04 -1.2987770e-03 -3.8038163e-03
   407 :  2.4529980e-03 -3.7487019e-03  7.3603718e-05
   408 :  4.4099806e-03  3.3916277e-03  1.7841173e-04
   409 : -1.0547248e-03  3.2677914e-04 -5.4771056e-03
   410 :  6.7615033e-03  4.3548496e-03  8.0873035e-03
   411 :  4.4715436e-03  1.5253625e-03 -3.0414183e-04
   412 : -1.1883825e-02 -2.5013384e-03 -1.0982714e-03
   413 : -1.8106008e-09 -1.6565684e-09  5.3609748e-09
   414 : -8.9710831e-04 -1.7069699e-03 -1.7669677e-03
   415 : -6.7542144e-03 -1.0538507e-03 -9.3558079e-04
   416 : -5.1227831e-06  1.4755222e-06 -5.1397465e-06
   417 :  1.0946352e-03  4.9665779e-04 -2.3718945e-03
   418 :  9.4492756e-04 -9.2002038e-04  2.8700505e-03
   419 : -5.6970329e-08  8.4387461e-09 -1.8772531e-09
   420 : -1.4940300e-08  2.4455720e-08  1.5025028e-07
   421 :  7.7571600e-06 -2.7898624e-05  4.9282181e-06
   422 :  1.9616763e-03  1.1092358e-02 -4.9571522e-03
   423 : -1.5006655e-02  3.0673968e-02  2.1828344e-02
   424 : -4.4172649e-04  2.4045287e-04  2.4321196e-04
   425 : -1.2224503e-04 -1.7107236e-04  6.8669500e-05
   426 : -7.3541944e-04 -4.2745205e-04 -6.0455539e-04
   427 :  1.2500911e-02  8.5090011e-03  4.0080298e-03
   428 :  4.3605219e-04 -1.7535348e-03 -1.7522389e-03
   429 :  1.8654612e-02  1.4896956e-02  1.3381346e-02
   430 : -6.3902464e-04 -1.9543524e-03 -9.9940225e-04
   431 : -3.4564363e-03 -6.2260738e-03 -2.3767920e-03
   432 :  1.7991442e-03  5.6884273e-03 -2.9929760e-03
   433 : -7.2167125e-09  1.1938846e-08  1.2316927e-08
   434 : -2.1244947e-04  3.2828870e-03  3.9164946e-03
   435 : -1.7591565e-02  1.8273056e-02  1.5116493e-03
   436 :  2.1515368e-05  1.0459377e-04  9.8082506e-05
   437 :  8.4032296e-03  2.5032776e-02 -6.0488116e-03
   438 : -1.4909046e-03 -1.7261259e-03 -3.8587603e-03
   439 : -1.6026840e-05 -9.1208379e-04 -1.5359682e-03
   440 : -1.5310783e-06  4.0756873e-06 -1.5320213e-06
   441 :  2.1630987e-09  1.6828694e-09 -4.0552315e-09
   442 : -3.0357195e-04 -1.8346324e-04  3.5426690e-04
   443 :  2.7891128e-02 -3.0684081e-02  4.6235485e-03
   444 :  8.1084767e-04 -3.1003326e-04 -7.3190039e-04
   445 :  3.5568981e-03  8.2952800e-03  1.9319380e-03
   446 :  3.9784383e-04  2.2378046e-04  5.8435136e-03
   447 :  3.7203368e-04  2.9954644e-02  8.0864540e-04
   448 : -4.7960666e-04 -2.5011217e-03  6.2451186e-04
   449 : -1.5289394e-09  5.4351081e-09  3.5546056e-09
   450 :  3.6516572e-10 -5.6775568e-10 -7.9707214e-10
   451 : -5.1348485e-03 -2.0199419e-03 -2.7473883e-03
   452 :  5.4507790e-03  2.9073084e-03  2.2102890e-03
   453 :  4.5617779e-03 -6.3179729e-03  5.8027275e-04
   454 :  6.5278917e-04  2.2743222e-04  1.5777157e-03
   455 : -8.6592768e-04 -9.4325947e-04 -1.9561156e-03
   456 :  2.4444058e-03  3.8185059e-03  1.0149663e-02
   457 :  2.8900434e-10 -1.6449405e-09  2.6019309e-09
   458 :  1.7094110e-03  8.3729598e-03  3.0401760e-03
   459 : -1.0278931e-03  9.4278784e-04  3.2065784e-03
   460 :  2.0391535e-03 -2.4341680e-03  2.4890039e-03
   461 :  2.1012712e-02  1.0567250e-02 -5.3935771e-03
   462 : -6.8407493e-03  5.6691477e-03 -1.2875775e-02
   463 :  1.9840704e-06  1.5282752e-06 -6.5382195e-06
   464 : -7.7512340e-03 -1.4449849e-02 -1.3240424e-03
   465 :  2.9915456e-03 -7.4327779e-03 -3.7907371e-03
   466 :  2.7079337e-03  3.0987010e-03 -4.6143946e-03
   467 :  2.2423934e-06  2.7442157e-06 -3.4153732e-06
   468 : -6.1996343e-05  7.2977705e-05 -3.9773216e-05
   469 :  3.2658247e-11 -7.5915962e-11 -6.9799296e-11
   470 : -3.2608760e-09  4.4111534e-09  3.4845546e-10
   471 : -9.2773232e-05  2.5113548e-04  3.6022007e-04
   472 :  1.5591322e-05 -3.2203297e-05 -2.1017483e-05
   473 : -1.7950191e-03  3.3632144e-04  1.8215745e-03
   474 :  2.1782645e-07 -3.6306714e-07 -3.2199899e-07
   475 : -8.2577069e-04  2.1042155e-04 -4.8644212e-04
   476 : -3.5955837e-04 -1.2134949e-04  3.8936941e-04
   477 : -2.3890159e-10 -3.9894842e-11  1.0438060e-10
   478 :  1.5439409e-02 -8.1682553e-04  6.6956816e-04
   479 : -1.7412495e-11  7.0013134e-11 -3.1893910e-11
   480 :  3.6129806e-03  1.7442513e-03 -1.5056861e-03
   481 : -2.0725868e-03 -1.2576540e-03  2.5488347e-03
   482 : -1.1823756e-06  1.9732678e-06 -7.5190298e-07
   483 : -6.7068409e-05  5.4071885e-04  5.5077745e-04
   484 : -2.1077970e-03 -9.6835197e-04 -7.9621656e-04
   485 : -4.5694000e-03 -1.0166267e-01  6.2651071e-02
   486 :  9.3696590e-03  4.2550843e-03 -6.9081744e-04
   487 : -7.1602848e-03 -2.2360937e-02  1.5041822e-02
   488 :  3.0595485e-04  1.4808058e-03  3.0005950e-04
   489 : -4.8030748e-08  1.7387698e-08 -5.2873618e-08
   490 : -6.9670963e-07 -8.2487254e-07  6.9590235e-07
   491 : -1.9703356e-07 -5.3012881e-07  5.5488117e-07
   492 :  6.0720015e-04  1.4391161e-02  3.5375591e-03
   493 : -1.0301146e-02 -8.7199403e-03 -1.5165263e-02
   494 : -4.3685637e-03 -2.6373786e-03 -2.0450835e-03
   495 :  3.8642771e-03 -2.9645415e-03 -1.4704419e-03
   496 : -6.5914355e-05 -3.2232170e-04  5.4874059e-04
   497 : -4.8134567e-09 -9.7454538e-09  4.8433932e-09
   498 :  8.4525555e-08 -4.4346663e-08  7.4990451e-08
   499 : -1.9453419e-03 -4.3481014e-03 -3.1246740e-03
   500 :  1.8357954e-10 -1.1191194e-10 -3.6152861e-11
   501 : -1.1843635e-10  4.7115129e-10 -3.3949226e-10
   502 : -6.7327555e-04 -3.9896963e-03  1.0459885e-03
   503 : -4.5029511e-03 -5.0373816e-03 -1.1860056e-03
   504 : -6.0641295e-03 -1.8629076e-03 -6.3864652e-03
   505 :  1.8890223e-04 -1.8306481e-03  2.0649781e-03
   506 :  6.8119924e-07 -7.6171139e-07  8.9883080e-07
   507 : -1.9718348e-05 -9.2470038e-06  7.1470187e-06
   508 : -1.1636976e-05  4.3253594e-06 -5.3288241e-06
   509 : -2.1312751e-04  2.4467700e-03 -2.2854372e-03
   510 : -1.2737153e-05  1.6225505e-04 -4.6109923e-05
   511 :  1.0208008e-02  1.9698559e-03  8.1656742e-03
   512 :  1.1639724e-03  2.0386157e-03 -1.8394040e-03
   513 : -1.8351459e-02  8.2479872e-03  8.4456956e-03
   514 : -1.5593879e-02  7.9626977e-03  3.9171734e-04
   515 : -3.5355932e-03 -1.0139776e-02 -2.2382650e-04
   516 : -3.0040366e-05 -3.9492626e-05  1.3883518e-05
   517 :  3.2693387e-02 -5.3531498e-02 -1.2530514e-02
   518 :  1.0864861e-02  1.5584165e-02 -1.6527678e-02
   519 :  9.9505022e-03  7.2667953e-03  5.4260717e-03
   520 :  9.9552422e-04  7.1824378e-03 -7.8473417e-03
   521 :  3.0233440e-04 -1.5866953e-03 -6.0054191e-04
   522 :  3.1579885e-03  2.4749464e-03  4.8099814e-03
   523 :  3.4430183e-03  3.5523949e-02 -5.5036129e-02
   524 : -3.4477276e-03 -9.4087482e-02  9.5578401e-02
   525 : -2.1444962e-03 -8.6806613e-03 -2.6878591e-03
   526 : -1.2841255e-03 -3.7566955e-04 -6.8119898e-04
   527 :  4.5456982e-09 -3.5053624e-08 -3.4405024e-08
   528 :  7.9182883e-05  7.4313125e-03  8.4580648e-03
   529 :  4.3457757e-03 -4.1957768e-04  1.5166936e-03
   530 : -3.9602434e-03 -1.5908964e-03 -2.7369746e-03
   531 : -1.1109361e-02 -6.9894601e-03 -6.0930969e-03
   532 :  8.7629868e-03  2.1069565e-03  5.5350487e-03
   533 :  1.0089256e-11 -2.0463343e-12 -2.1203192e-12
   534 : -1.9126464e-12 -7.1547158e-12  1.8738801e-11
   535 : -1.0571698e-06  1.3162101e-06 -4.9902290e-07
   536 :  2.3854660e-03 -4.8990152e-03 -4.1142720e-03
   537 : -4.6438913e-03 -5.7483304e-04 -1.9775286e-03
   538 :  4.2599750e-03 -6.3807902e-04  2.1504268e-04
   539 : -2.5034649e-08  1.0772390e-07 -1.0810401e-07
   540 :  1.6885178e-06 -3.6899172e-06  1.5044118e-06
   541 : -3.5667580e-06 -1.3961893e-05 -6.9073509e-06
   542 : -4.6504012e-03 -1.1654748e-02 -5.6046849e-03
   543 : -1.4152939e-08 -7.6129529e-09  4.6163454e-08
   544 :  4.1886607e-03 -1.0782017e-03  4.3249915e-03
   545 : -6.1525495e-05  1.9476140e-04  2.9431925e-04
   546 :  6.7778688e-04  4.8139785e-04  2.5649679e-04
   547 : -1.9291090e-06  3.7214255e-06  4.7799958e-08
   548 : -7.2335216e-04 -4.5421024e-03 -2.5193108e-03
   549 : -2.4256118e-05 -4.8816198e-05  9.8219377e-05
   550 : -3.1895769e-02 -1.2336984e-02  1.0766421e-02
   551 : -7.2816811e-04  4.7251659e-04  7.6889299e-04
   552 : -2.7447700e-02 -1.0624295e-01 -2.1110466e-02
   553 : -1.1763044e-02 -1.4867935e-02 -1.2423460e-02
   554 : -5.9356122e-05  2.5068546e-04 -5.4315165e-06
   555 :  1.6292852e-03 -9.0823773e-03  3.5387450e-04
   556 : -3.2928777e-05 -4.4754908e-05  1.0036140e-05
   557 :  8.0946379e-03 -5.4717024e-03  1.4270101e-03
   558 :  8.8472735e-04  1.1064744e-03  6.9822041e-03
   559 : -3.6711578e-02 -7.8771098e-03 -6.8823124e-02
   560 : -1.2193176e-02 -5.1716301e-03 -2.3169062e-03
   561 : -7.2862079e-03 -3.6175326e-03  1.0614387e-02
   562 :  1.3041753e-02  3.6972329e-03  8.8855089e-03
   563 : -8.5593545e-10  3.2685381e-10 -1.8288094e-10
   564 :  6.6885151e-04  5.2457269e-04  7.2012940e-04
   565 :  3.7880871e-03  5.0399849e-03  1.8199894e-03
   566 :  1.1714548e-05  5.8738566e-06 -2.7831987e-05
   567 :  7.9244720e-03 -7.0300059e-02  6.8139347e-02
   568 : -1.0443336e-02 -3.4155812e-02  3.1365525e-03
   569 :  7.4621970e-04  5.9827110e-04  5.9374685e-04
   570 : -5.1265485e-06  2.3904508e-04  2.1874934e-04
   571 : -2.7825629e-03 -5.6277353e-03  1.1514120e-02
   572 : -7.9169829e-11  1.1603194e-09 -6.7724376e-10
   573 :  5.5827249e-03  3.3543646e-03 -1.3649512e-04
   574 :  1.7124820e-02  5.3700421e-03  1.0142812e-02
   575 :  2.2363626e-04  8.1779450e-04  1.5968042e-03
   576 :  4.6849895e-03 -1.5538162e-03  6.6885238e-04
   577 :  2.7826242e-03  3.0671199e-04  1.3799225e-03
   578 :  3.1937431e-11  1.4774437e-12  1.8856405e-11
   579 :  1.1371741e-03 -8.3563817e-04  2.1117430e-03
   580 :  2.6888113e-04  3.8812749e-04 -1.1647892e-04
   581 :  1.6597843e-05  1.3506323e-04  1.0469959e-04
   582 : -9.9219307e-12  4.0681433e-11 -1.4489141e-11
   583 : -4.0185678e-03  9.4524921e-03  5.4994216e-03
   584 :  1.2922189e-10  1.0045828e-09  5.0209249e-10
   585 : -4.8340462e-03 -2.2147051e-03 -5.1125773e-03
   586 : -1.2933626e-06  8.3604076e-06 -4.1774886e-06
   587 : -5.4817387e-04 -3.8812329e-05 -1.2531629e-03
   588 : -2.5117524e-05  8.0839919e-06  7.0473179e-06
   589 :  1.1088632e-02 -8.2121009e-04  2.4855535e-03
   590 : -7.0680823e-03 -4.3360005e-03 -4.6898913e-03
   591 :  6.3204670e-11 -1.1737224e-10 -9.8164597e-11
   592 : -8.2544874e-06 -1.1908878e-05  4.4123147e-05
   593 :  5.2573141e-03  1.0108068e-02  7.3085183e-03
   594 :  8.9463032e-03  7.6049852e-03  1.1629427e-02
   595 : -2.2308473e-02  2.5380297e-04 -2.3830732e-02
   596 : -3.9398441e-04 -1.4183924e-01  1.7150036e-01
   597 :  8.9036279e-03  1.1138005e-02  4.9711811e-03
   598 : -5.8711300e-04  3.5676662e-04 -1.3919666e-03
   599 : -5.3645895e-03 -4.5121717e-03 -3.2168537e-03
   600 :  5.5619830e-03  6.5555162e-04 -7.2166520e-04
   601 : -4.1298263e-05  3.7628408e-03  5.6860001e-03
   602 :  3.8404055e-06  6.2175017e-06 -1.7256083e-06
   603 : -1.8676089e-07 -1.0752170e-07  8.3001926e-08
   604 :  2.2020137e-03 -1.4845989e-03  1.5730026e-03
   605 :  3.0433007e-03  1.3661925e-02  1.2679289e-02
   606 :  3.0797341e-03  4.7074147e-03  2.5946136e-03
   607 : -3.8058261e-04 -6.8039536e-03 -7.2341468e-03
   608 : -8.0066271e-06 -1.0870580e-05  3.0870966e-06
   609 :  1.3134777e-04 -1.2553536e-04  1.5724761e-04
   610 : -2.1618500e-07 -2.1805290e-07  5.2439472e-07
   611 :  1.1600954e-04  4.0106487e-04  1.1591642e-03
   612 :  1.2320529e-03 -8.8810098e-04 -3.7659201e-03
   613 :  7.2865200e-03  6.2141782e-03 -3.6427603e-03
   614 :  3.4594638e-02  5.7455728e-02 -3.9073659e-02
   615 : -3.1716162e-02  5.2415930e-03  2.0991019e-02
   616 :  1.1731379e-09  2.6873343e-08 -2.5835882e-09
   617 :  2.5480141e-03  4.8934461e-03  7.6855257e-03
   618 :  1.2089552e-02  2.1013461e-02 -2.8223722e-03
   619 :  1.3885144e-06 -4.1991114e-06  2.9142482e-06
   620 :  6.7396846e-03 -2.5203700e-03  2.8839995e-03
   621 : -5.1733981e-03 -5.7022674e-03 -1.4788017e-02
   622 :  4.3797131e-04  5.4465698e-03  3.8583140e-03
   623 :  5.1656945e-03  1.5434120e-02  9.0373556e-03
   624 : -3.4995941e-03  1.9066411e-03  4.0212109e-03
   625 :  3.9835286e-03 -5.3837151e-03 -3.0412631e-03
   626 :  5.0488970e-11 -1.2723288e-10  6.7398644e-11
   627 :  3.5403319e-07 -5.0959530e-07 -3.2767378e-07
   628 :  7.7104327e-03  8.9928211e-03 -5.0321102e-03
   629 : -2.3094640e-03  1.1973423e-04 -7.3958718e-04
   630 :  2.4412826e-03 -3.3515586e-03 -5.8726150e-03
   631 :  8.0126277e-03 -1.6442350e-03  6.6351234e-03
   632 :  8.6062408e-09 -9.0502558e-09  4.1022840e-09
   633 : -2.8589709e-03  9.1799334e-04  5.0467886e-03
   634 : -5.9958492e-03 -6.9216113e-03  6.0456790e-04
   635 : -8.5159650e-04 -4.1261342e-03 -6.4137931e-03
   636 : -7.2965835e-03 -5.1566146e-03 -4.3282658e-03
   637 : -1.9143883e-05 -3.6915308e-03 -7.8559313e-04
   638 :  6.0487470e-04  2.8350006e-03  6.5641081e-04
   639 :  7.8621843e-04 -4.4901215e-03 -1.5499177e-03
   640 :  9.3974391e-04 -1.4345298e-03  2.2433740e-03
   641 : -4.8212928e-06  1.1236227e-05 -2.3254361e-06
   642 : -2.4042540e-02 -1.5449024e-02  1.4074412e-02
   643 :  6.4963419e-04 -5.2850093e-04  1.3043857e-04
   644 :  3.1643235e-02  2.8635944e-02  1.5724019e-02
   645 :  7.3587185e-03  6.7481679e-04  3.3087091e-03
   646 : -4.4468419e-03  1.3346734e-04 -7.5888664e-03
   647 : -1.2972803e-02  9.9215241e-03  6.7953610e-03
   648 :  9.4136910e-04  1.9284573e-03 -6.4077931e-04
   649 :  6.2689675e-04  6.9362859e-04  7.1456857e-04
   650 :  3.8382837e-02 -6.6354198e-03  7.2401202e-03
   651 :  4.7591709e-02 -3.3121656e-03 -3.1925944e-02
   652 : -1.5056344e-02 -2.4911412e-03 -9.5265413e-03
   653 : -4.5608182e-03  9.9373008e-03  7.9920654e-03
   654 : -4.6971873e-04  2.5814969e-04  1.9327590e-04
   655 : -3.5432643e-03 -2.6740350e-03 -2.3481572e-03
   656 : -8.1575933e-04 -1.3651916e-03 -1.4938184e-03
   657 : -1.2868512e-02 -4.3050465e-03 -7.1252304e-03
   658 : -1.1597050e-03 -3.2770002e-06  4.1036283e-03
   659 :  6.6195455e-04 -2.4658629e-03 -1.1535557e-03
   660 :  3.1355216e-04 -3.0760771e-05  3.6729255e-03
   661 :  3.9842933e-03  4.4376844e-03  3.5432501e-03
   662 :  1.4699931e-02  1.3565370e-02 -1.6533547e-05
   663 :  1.3376792e-03  1.0095961e-03  5.3897246e-03
   664 : -1.1465911e-02  1.0717756e-02  6.0380581e-03
   665 :  3.0622113e-03  3.7316965e-04 -1.1616487e-03
   666 : -8.0883108e-09  2.4455811e-08  7.7646163e-09
   667 :  1.4594464e-04  1.3158931e-05  1.1709836e-04
   668 : -6.4892225e-03  2.2880707e-03 -8.5922749e-03
   669 :  8.4437625e-11 -2.5883217e-11 -1.2230332e-10
   670 : -2.3654159e-04 -4.1392001e-03 -4.5781069e-03
   671 :  5.1281674e-04 -6.8018211e-04  3.7918351e-04
   672 : -9.2134059e-03 -1.4697436e-02 -8.6732995e-03
   673 :  5.3340788e-03  1.1104218e-02  5.6879715e-03
   674 :  1.1161936e-02 -1.3435705e-02 -8.5502312e-03
   675 :  6.3594606e-03  8.9824283e-03 -1.4039661e-03
   676 : -2.1562382e-03 -7.5233334e-02  8.6143348e-02
   677 : -5.8927077e-03 -4.9652370e-04 -7.8357123e-03
   678 : -9.3411371e-03 -5.2035044e-03 -9.1773690e-03
   679 :  7.4735425e-03 -1.6896658e-03  2.3850902e-03
   680 :  1.6117410e-03  5.8791999e-03  1.2783634e-03
   681 :  1.1967970e-05 -2.0759874e-05  5.5064395e-05
   682 : -2.6444897e-05  9.5821981e-05  1.1387576e-05
   683 :  2.9862692e-04 -1.1779512e-04 -1.5072827e-04
   684 :  8.7678173e-06 -1.5170793e-06  5.7160388e-06
   685 : -4.4869194e-04  9.1146801e-04 -8.5066246e-04
   686 : -7.0379958e-03 -6.1462379e-04  1.2358185e-02
   687 : -1.5858341e-06  2.3775681e-05 -8.2847918e-05
   688 :  7.4683563e-03  1.5563913e-03 -2.2218253e-03
   689 :  6.2112716e-03  3.7336698e-03  5.7124201e-03
   690 : -5.1355692e-03 -6.5792927e-03 -8.2802478e-03
   691 :  3.2371746e-03  3.3751745e-03  1.5792778e-03
   692 : -7.6898073e-03 -4.1892446e-03  1.3052616e-02
   693 :  1.0300756e-10 -1.8559630e-10 -8.1043334e-11
   694 : -2.2919240e-07  3.1430768e-07  7.3310159e-07
   695 :  3.4791471e-04  5.1771315e-04  3.6273782e-04
   696 : -9.4569921e-02 -2.5983170e-02 -4.6371788e-02
   697 :  7.8702666e-03 -6.2588155e-04 -2.5899225e-03
   698 : -2.8529406e-03 -2.3365439e-03 -1.0631093e-03
   699 :  7.9810851e-03  1.0446636e-02  4.1060988e-03
   700 : -2.3125817e-10 -2.6015109e-10  1.3122527e-09
   701 :  2.9899673e-09 -4.9380636e-09 -1.0820132e-10
   702 :  7.9126047e-05  2.1567789e-04  2.6280657e-04
   703 :  3.5791751e-03 -2.2951799e-03  1.9813591e-04
   704 :  6.5869101e-03  2.4307473e-02 -6.7732092e-03
   705 :  1.3644473e-06 -2.1729690e-06  2.4255992e-06
   706 : -2.6206125e-01  2.4238394e-01  3.7676545e-02
   707 :  2.0295539e-02 -2.1383006e-02 -4.0430814e-02
   708 :  2.2677353e-03  4.4513699e-03  1.2567870e-02
   709 : -5.6699560e-03  8.2542736e-02 -7.6202554e-02
   710 :  4.4217565e-03 -2.5405518e-03 -1.8886747e-03
   711 : -4.0721426e-03 -2.5292916e-03 -2.8956374e-03
   712 :  6.5340985e-04  5.2308685e-04  1.8801642e-05
   713 : -9.3438394e-03  1.0125608e-03  2.6127497e-03
   714 :  1.6138563e-03  5.3646964e-04  2.2934435e-03
   715 :  3.7127302e-03 -2.0329591e-03  2.3875382e-03
   716 :  5.7614622e-07 -4.7704476e-07  1.1453772e-06
   717 : -4.6954973e-03 -4.2326760e-03 -1.6954010e-03
   718 : -1.2707390e-02 -1.7805000e-03  4.6930255e-03
   719 : -2.4790141e-03 -3.3625400e-04  8.8945318e-04
   720 : -1.0095996e-03 -1.3422342e-03  6.7062826e-04
   721 : -3.4535338e-03 -3.0505210e-02  1.0118661e-02
   722 : -3.0781596e-05 -3.0168474e-06 -2.4129412e-05
   723 : -1.6941753e-05  3.7588041e-04 -3.1012035e-04
   724 :  1.3189788e-05  7.1001524e-05 -2.8358645e-05
   725 : -1.3723825e-04  4.6751613e-04  3.0823095e-04
   726 :  3.2938286e-03 -2.2547337e-02  4.0980412e-02
   727 : -9.4578018e-04 -1.9449883e-04  3.5244565e-04
   728 : -4.6185562e-03 -6.6038306e-03 -4.0941686e-03
   729 :  1.1729421e-02  7.7486200e-03  1.3245267e-03
   730 : -8.7761857e-04 -2.8971181e-03 -1.1380545e-03
   731 : -4.2005964e-05  3.0493405e-05  2.3050108e-06
   732 :  1.1196797e-02  8.0180200e-03  5.2578822e-03
   733 :  2.5661309e-03  1.4871770e-03  9.1186542e-05
   734 : -2.9972948e-02 -7.7508075e-01  8.9408197e-01
   735 : -5.0134621e-04 -3.1392123e-01  3.2834949e-01
   736 :  1.5711327e-04  9.0448908e-04  3.2536892e-03
   737 :  6.6710845e-03  6.3546497e-03 -3.6738619e-03
   738 : -8.3579260e-03 -6.3011118e-04 -5.4239080e-03
   739 :  4.8000353e-03  1.4436635e-04  9.5808244e-03
   740 : -8.9087354e-04  1.4113634e-03 -3.9289843e-04
   741 : -7.4474971e-03 -3.3298030e-03 -9.3248148e-03
   742 :  1.4329270e-03 -6.2806329e-03 -5.5775518e-03
   743 :  4.2612114e-03  1.6076053e-03  3.3367326e-03
   744 :  1.5323086e-03  1.3631559e-02 -3.9571313e-03
   745 : -1.7481063e-05 -5.8358222e-06 -1.2970683e-05
   746 :  1.8167119e-04 -1.8742482e-04 -3.0655275e-04
   747 :  1.1412716e-02  1.0751211e-02  4.0910582e-03
   748 : -1.1929917e-03 -1.2940812e-03  2.5221212e-03
   749 : -1.1731226e-02 -6.3759960e-03 -6.9256727e-03
   750 :  1.6786740e-06  3.2345426e-06 -9.9904842e-06
   751 :  2.8388338e-03  5.2170196e-03  5.1051097e-03
   752 : -1.4334769e-02  5.9076482e-03  1.3265210e-02
   753 : -1.2491259e-02 -5.9435060e-03 -1.2567856e-02
   754 : -2.3505484e-03 -2.6810032e-03  6.7330067e-03
   755 : -2.0056873e-04  1.1236685e-02 -3.4504029e-03
   756 :  6.7143496e-03 -2.5269823e-04 -7.0838584e-03
   757 :  1.4676773e-10  1.0199605e-10 -8.5584949e-11
   758 :  8.4433678e-03 -4.0931455e-03  1.1190834e-04
   759 : -1.6393052e-03 -8.2172525e-03 -6.6036622e-04
   760 :  1.7320197e-02 -5.4953810e-03  2.5619697e-02
   761 : -1.2493104e-03 -4.5969497e-04  5.4091613e-04
   762 :  6.1020446e-03 -1.2680870e-02  1.2011643e-02
   763 :  7.3781770e-08  1.6659930e-07 -1.9221161e-08
   764 : -1.2453533e-08  2.5072508e-08 -1.9040628e-08
   765 :  2.0496266e-03  3.4370752e-03  4.6976210e-03
   766 : -7.6412479e-04 -7.2742305e-02  8.2353771e-02
   767 : -1.2411158e-02  1.0032702e-01 -1.1316700e-01
   768 : -8.1669541e-06  4.4156079e-06 -2.3473700e-05
   769 :  8.7900621e-04  2.5617262e-03  3.4951051e-03
   770 :  1.2045336e-02  2.0149815e-03  1.1552306e-02
   771 : -3.0380422e-03 -2.3476491e-03 -2.1226933e-02
   772 :  5.4544516e-03  3.6898819e-03  5.4008689e-03
   773 : -1.0671946e-02  1.4760552e-02  3.1055719e-03
   774 :  9.2029869e-03  4.7062117e-03  3.5733642e-03
   775 :  5.5093950e-02 -1.7153638e-01  1.9534369e-01
   776 :  5.8752287e-05 -8.1674135e-03 -8.4174052e-03
   777 : -4.7300380e-03  1.3590541e-03  2.1373521e-03
   778 :  1.7835385e-03  3.5175622e-03  2.2158108e-03
   779 : -1.9878494e-04  1.5055017e-03 -5.3129178e-04
   780 : -2.4633268e-03 -5.1047013e-03 -4.1332215e-03
   781 : -1.0227205e-05  4.7157212e-06 -4.4221908e-06
   782 :  4.5311985e-11  1.2508319e-13 -8.8001810e-11
   783 : -1.2645370e-02  1.6288347e-02  8.1440378e-03
   784 :  8.6171914e-03 -1.1525927e-02  1.9805725e-02
   785 :  4.6770986e-06 -2.4029537e-05 -1.1634894e-05
   786 :  1.1785049e-02 -7.2711238e-03  1.3400116e-02
   787 :  7.8822513e-04  2.3483567e-03  2.9826521e-03
   788 : -3.2751238e-05 -1.8599923e-05 -2.9189369e-05
   789 :  3.1613952e-04 -7.9688597e-04  7.1912820e-04
   790 :  1.0940450e-02  1.2543167e-02  5.3565281e-03
   791 : -1.0250710e-01  5.9262626e-01 -9.4938789e-01
   792 :  5.3405270e-03  4.4674761e-03  3.9634468e-03
   793 :  5.3735112e-03  2.3782837e-04  3.0109076e-03
   794 : -1.5556367e-03  5.0232662e-03  4.6569462e-03
   795 :  1.5337528e-03  7.5202872e-03  1.3261130e-03
   796 : -3.3028119e-04 -4.3292904e-03  2.8168317e-03
   797 : -1.5773984e-04  3.1613929e-05 -4.1263999e-06
   798 : -6.8696884e-03  1.3168131e-02 -4.4282019e-02
   799 :  1.2180974e-02  3.1269013e-03  8.2440333e-04
   800 :  1.6390420e-03  2.4075397e-03  3.4174658e-03
   801 : -3.7767418e-04  1.3372403e-03 -4.9075967e-04
   802 :  2.8802107e-03 -2.0192579e-01  2.1384279e-01
   803 :  1.1966713e-02  4.3819398e-03  9.6558900e-03
   804 :  2.2048710e-03  4.7706844e-03  3.4482190e-03
   805 : -1.9962595e-02  1.5608298e-03  1.5228608e-02
   806 : -3.3467419e-04  2.0488640e-03  1.6483234e-03
   807 :  5.6024967e-06 -3.8020405e-05  2.3064482e-05
   808 :  9.5418655e-03  1.3029841e-03  2.4669314e-03
   809 :  3.2205432e-03 -2.7749782e-02  4.2187014e-02
   810 : -2.6220417e-04  1.5308730e-05 -1.4894071e-04
   811 : -2.6736003e-11 -2.6669931e-12  2.1270383e-11
   812 : -4.9614311e-03 -3.5027314e-04 -2.8916982e-03
   813 : -7.9177897e-03 -1.6863941e-01  1.7269394e-01
   814 :  1.6800852e-10 -1.5753909e-11 -1.3674004e-10
   815 :  6.0389995e-12  2.6702354e-13 -9.9057073e-13
   816 : -1.9001163e-09  7.0889717e-09 -1.8164967e-09
   817 :  1.6625579e-10 -2.0725866e-10 -1.0499652e-10
   818 : -6.2435394e-11 -1.3666966e-09  1.0762220e-09
   819 : -2.6824649e-02  1.6557354e-02  1.2989875e-02
   820 : -9.1951329e-11  3.2193171e-10 -7.0987744e-11
   821 :  3.7782841e-03 -1.2297822e-02  8.7614536e-03
   822 : -7.7394050e-03  9.3967574e-02 -8.2584048e-02
   823 : -1.7461230e-03  5.7587706e-03 -2.9632333e-03
   824 :  3.1335748e-03 -3.7743847e-02  6.0304202e-02
   825 :  7.3126358e-08  1.3839728e-07 -5.2782606e-07
   826 : -1.5925964e-02 -3.8927867e-02 -1.5759807e-02
   827 :  8.0729377e-04 -8.6529127e-04 -4.4885495e-05
   828 :  3.6812793e-03  7.7481829e-04  4.4847744e-03
   829 : -4.3340156e-03 -4.0972097e-02  2.2150951e-02
   830 : -4.4208597e-04  7.8781126e-04  2.0007627e-02
   831 :  1.0975715e-02 -2.5729256e-01  2.6570826e-01
   832 :  2.3069087e-02 -2.1455016e-01  2.5012856e-01
   833 :  2.8343400e-03  2.6755634e-02 -3.1532565e-02
   834 :  6.1797485e-10 -3.6486339e-10  6.1290715e-10
   835 : -1.3116788e-11  1.3218302e-11 -2.8833265e-11
   836 : -5.2224379e-03 -1.5843729e-02 -1.7916132e-03
   837 :  1.4509783e-04 -3.8008645e-05  1.9111042e-04
   838 : -4.2056464e-03 -5.5485252e-03 -7.1865531e-03
   839 :  1.1341951e-04  5.2209009e-03  3.6023122e-03
   840 : -1.4637802e-04  1.3319593e-04 -1.9961911e-04
   841 :  1.4365943e-03 -3.4686839e-04 -5.6863174e-04
   842 :  1.6034465e-04  8.5864448e-03 -2.7991327e-03
   843 :  7.7576910e-04 -1.4737768e-03 -7.4172199e-05
   844 : -3.8720934e-03  6.0821976e-04 -9.9111147e-03
   845 :  3.7148523e-08 -2.2644262e-07  6.7610596e-07
   846 :  4.0725641e-04 -9.4404368e-02  1.1369236e-01
   847 :  8.5417420e-03  1.0366513e-01 -8.3905684e-02
   848 : -5.6065085e-13  7.4745141e-13 -1.2012156e-13
   849 :  8.4313535e-03  6.4734277e-03  9.1493970e-03
   850 :  1.2087067e-02  9.9665419e-03  7.1395845e-03
   851 : -4.6269875e-03  7.4067181e-03  7.8649690e-03
   852 :  1.0356453e-07 -1.9929093e-07  8.6619506e-08
   853 : -5.4941622e-03  8.7681549e-04 -1.1931343e-02
   854 : -2.6038699e-15  3.8789484e-14  2.0053270e-14
   855 :  8.9733809e-04  3.2868556e-03  2.7338717e-03
   856 :  4.3171477e-03  1.7827663e-02  1.5141093e-02
   857 :  2.5040448e-03  1.7458844e-03  2.5884673e-03
   858 : -3.8522224e-03 -1.0188149e-03 -1.6268575e-03
   859 :  3.2422566e-07 -5.4271184e-07 -5.2598357e-07
   860 : -2.0978570e-03 -5.2426032e-04 -8.1609261e-04
   861 :  2.9939762e-03 -4.3281175e-03 -2.8673794e-03
   862 : -3.8207225e-03 -3.6007098e-03 -6.1570414e-03
   863 : -6.2343101e-04 -2.1745159e-03 -2.9144749e-03
   864 : -2.4811338e-03 -1.8863482e-03 -7.0676757e-04
   865 : -2.4245502e-03  7.5863651e-02 -6.9034234e-02
   866 :  6.3027731e-02 -2.0701935e-02 -4.0049930e-02
   867 : -2.6526630e-03 -1.9247871e-03 -2.1147589e-03
   868 : -7.2539711e-03 -9.6830000e-03 -7.7254886e-03
   869 : -9.2333173e-03 -1.0162284e-02 -2.5970914e-03
   870 : -3.4601529e-04 -1.3498657e-01  1.2990947e-01
   871 : -1.6811235e-03 -3.2896460e-03  1.0104843e-02
   872 :  2.9638929e-03 -5.2301482e-03 -3.9830684e-03
   873 :  2.4358663e-04  6.1195644e-04  2.9416544e-04
   874 :  3.8560154e-04  1.6749361e-04  1.6101745e-04
   875 : -1.0379059e-03  1.8105350e-05 -3.4301434e-04
   876 : -5.7208595e-04 -9.8104919e-04 -8.0332555e-04
   877 : -2.0233824e-10  4.9209096e-10 -8.5196294e-10
   878 : -6.6231854e-09  8.3547180e-09  2.7780024e-09
   879 : -4.2825980e-03  7.9919390e-04  1.0773943e-02
   880 :  5.7672172e-03  1.4592507e-02 -6.5532788e-03
   881 :  3.6346390e-10 -8.6877250e-11 -1.6212865e-10
   882 : -3.6252106e-10  5.1066393e-10  6.9070799e-10
   883 :  1.8445331e-04 -1.0138659e-04  1.2912491e-04
   884 : -1.5504701e-04 -1.1097296e-03  2.9305091e-04
   885 : -3.0601927e-03 -8.4558007e-04  9.3329260e-04
   886 :  2.8116207e-03 -3.2764996e-03 -3.7644022e-03
   887 : -6.5932967e-05  2.2528145e-03 -4.4525317e-03
   888 : -3.8797461e-03 -4.4286736e-03 -6.3457156e-04
   889 : -3.7276973e-03 -1.6346812e-03  2.8992772e-03
   890 :  2.4185105e-03 -6.4247131e-04 -2.8958480e-03
   891 :  2.5617469e-03 -5.8618543e-04 -8.5011827e-04
   892 : -4.3706554e-03  9.3792768e-03  9.5851914e-03
   893 : -9.7314948e-02  1.2428570e-01  1.4311161e-01
   894 :  1.9456714e-02  3.6328096e-02 -5.2107347e-02
   895 :  4.9799275e-03 -6.1564853e-03 -1.3702694e-03
   896 : -8.9951016e-04  7.5257437e-03 -7.3745610e-04
   897 :  6.9085777e-05 -9.2138122e-06  6.8709329e-05
   898 :  1.4236844e-04 -2.2190633e-05 -8.8412851e-05
   899 : -8.4560559e-05  5.3668369e-04  1.2560906e-03
   900 :  2.0384438e-03 -5.6700989e-05 -5.5245186e-04
   901 : -8.7346197e-03  3.2116291e-02  3.6308728e-03
   902 :  4.7976936e-03 -3.4332307e-03 -1.1134207e-02
   903 : -7.6744266e-03 -5.9952129e-03 -2.5191947e-03
   904 : -2.5401886e-03 -1.0751456e-03 -8.1900902e-03
   905 : -1.7015877e-04 -6.6944107e-04 -1.8735394e-03
   906 :  1.3036468e-03  5.6825135e-03  3.4704273e-04
   907 : -2.8316389e-04 -9.1109728e-03  2.0385824e-03
   908 :  1.0832821e+01 -1.9560339e+01 -8.1136124e-01
   909 : -3.5064713e+00  8.7282755e-01  7.8633609e+00
   910 : -5.8603155e-04 -3.8595071e-04 -1.7466562e-03
   911 : -2.0963785e-03 -9.8671944e-04 -6.2237749e-04
