Number of elements 912
     0 : -1.1022702e-04 -1.3840285e-03 -2.6785743e-05
     1 :  3.4388279e-03 -5.4880838e-03 -3.5094724e-02
     2 : -9.0551998e-03 -2.3382368e-03  4.5404919e-03
     3 : -9.1692945e-04  4.8519434e-03  3.6505598e-02
     4 : -1.6850241e-03  6.9662345e-04 -2.6625447e-04
     5 :  1.4303818e-03 -1.2775024e-02  1.2098897e-02
     6 :  4.3443565e-08 -6.1846492e-08 -8.8860444e-08
     7 : -9.9519609e-01 -8.7483041e-02 -1.0626094e-01
     8 :  4.2519674e-04  3.3583580e-03 -2.5116424e-03
     9 : -3.0018342e-07  4.5251574e-07  9.0351315e-07
    10 : -2.2323294e-03 -3.4346660e-03 -8.3581251e-04
    11 :  2.0090090e-08 -2.2702578e-08  1.5513286e-08
    12 :  5.3613393e-03  3.3751839e-01 -3.5058652e-01
    13 : -3.4279443e-03  2.6448564e-03 -3.8390095e-03
    14 :  7.1353530e-03 -8.3655594e-03  8.2361366e-03
    15 : -1.3138714e-03 -1.7577539e-03 -3.1611511e-03
    16 : -8.8899634e-09  4.6298920e-09  2.1077778e-08
    17 :  5.3860207e-05  4.7267162e-05  2.6154735e-04
    18 :  2.7115066e-03 -2.2281231e-03 -9.6136415e-03
    19 : -1.9759942e-11  1.4300362e-09 -3.9231404e-11
    20 :  1.7250119e-04  1.3519848e-04 -6.7180685e-05
    21 : -1.6065490e-03  1.0411742e-04 -4.9259964e-04
    22 : -4.2136956e-04 -3.0293016e-03 -1.5798494e-03
    23 : -1.9530131e-09 -2.0791056e-09 -1.4708106e-08
    24 : -8.4897245e-03  4.3849085e-03 -7.6649602e-03
    25 :  1.1136759e-10 -5.0646838e-10  1.9677277e-10
    26 :  2.5558046e-03  1.1229316e-02  1.2341228e-03
    27 :  7.9247708e-03 -8.6090070e-03 -6.5394576e-04
    28 : -3.7487817e-03 -5.2177339e-02  4.8559126e-02
    29 : -5.4738572e-04 -2.8428519e-03 -1.2284441e-03
    30 : -6.5055951e-03  9.0361176e-03 -1.1420503e-02
    31 :  7.5022971e-03 -2.5271338e-03 -9.9634620e-03
    32 : -6.6011853e-07 -3.6603312e-07  4.1389350e-07
    33 : -2.9410157e-03 -1.9623845e-03 -1.5537202e-03
    34 : -4.8195829e-11  1.2679592e-10  1.6470749e-11
    35 :  9.3200699e-03  1.8911678e-03 -4.9957075e-03
    36 : -6.8312707e-04 -1.0513062e-03  4.1776492e-03
    37 : -1.8509297e-03  3.7195427e-03 -5.0736330e-04
    38 : -1.6186683e-03 -1.3429135e-03 -2.2554913e-03
    39 :  6.6762666e-03  1.8446979e-03 -3.0861352e-03
    40 : -1.6303782e-02 -2.3521551e-01  2.2636049e-01
    41 :  3.4530837e-02  1.0698565e+00 -1.4684759e+00
    42 :  9.9477251e-10  2.1417031e-10  8.2194737e-10
    43 :  1.1103883e-04 -5.0504735e-05  7.7566844e-05
    44 :  1.2624498e-03 -4.8710311e-04  3.3416677e-03
    45 :  5.9081690e-03 -2.5911232e-03  6.9888529e-03
    46 :  1.6786276e-02  5.0917600e-03  4.1959780e-03
    47 :  9.2309255e-07 -1.5538201e-06  1.5039893e-06
    48 :  9.6264310e-09 -9.8031552e-09  1.2117529e-08
    49 :  8.7675536e-04 -3.5114870e-04  2.5260760e-03
    50 : -6.0746839e-03  1.8659161e-04 -8.4861367e-04
    51 :  3.0402473e-03 -3.7587334e-05  2.5603669e-03
    52 : -8.4804451e-03  1.1753814e-02 -1.6618665e-02
    53 : -9.2699375e-08  4.7334373e-08 -1.3955111e-07
    54 :  3.1670737e-03 -8.5818178e-03 -5.3911021e-03
    55 : -5.9011999e-03 -9.0702239e-03 -4.7772057e-03
    56 :  2.1602919e-03 -2.2045177e-03  3.5443098e-03
    57 :  3.0567502e-03  8.1708165e-03 -1.4539947e-03
    58 : -4.5174188e-03 -1.2011743e-01  1.6551819e-01
    59 :  8.7330177e-04  6.1351769e-03  2.3182259e-03
    60 : -1.4048378e-03 -4.4138189e-03 -1.8303209e-03
    61 :  5.6239663e-04 -9.7900190e-04  6.2511689e-04
    62 : -3.3557526e-03 -5.2093224e-03 -6.7794592e-03
    63 :  1.0247494e-03  2.3408744e-04 -6.9910850e-03
    64 : -6.6723212e-03  3.7488562e-03  6.7638960e-03
    65 : -7.5866931e-03 -3.4697011e-03 -1.0997423e-02
    66 : -1.5127587e-02 -7.8553235e-03 -4.7766129e-03
    67 :  1.4220288e-07 -7.0132587e-08 -1.4078225e-07
    68 : -1.7728293e-08  2.1761712e-07 -7.9312564e-08
    69 :  1.4572216e-07 -1.0553690e-07 -1.2152030e-07
    70 : -1.7289793e-04 -1.1449143e-03 -5.7875499e-03
    71 :  6.8855288e-03  8.5338828e-04 -4.5160548e-03
    72 :  2.7019191e-09 -1.2587135e-08  1.2558417e-09
    73 : -6.5353865e-03 -1.2077090e-03 -5.2550823e-03
    74 : -7.1699684e-04 -9.1017955e-04  4.1498327e-04
    75 : -3.0006793e-05  3.9717833e-05  3.2048626e-05
    76 : -2.4734452e-09  1.1837956e-08 -2.7500077e-09
    77 : -8.2435508e-06 -1.1390071e-05 -2.6458833e-05
    78 : -1.4058854e-07  7.4351012e-07 -5.0151081e-08
    79 : -3.2250634e-05  3.0655284e-04 -3.6228591e-04
    80 : -3.5439819e-14  8.0558493e-13 -2.1394054e-13
    81 :  1.0127814e-05  7.7529385e-06 -6.3724343e-06
    82 : -1.4706630e-03  3.4952458e-01 -3.9514337e-01
    83 : -3.2491774e-11 -4.5521551e-11  8.0945932e-11
    84 : -3.9132792e-09  8.5833889e-09 -1.3004951e-09
    85 :  1.3852785e-02  1.8887774e-01 -1.8012895e-01
    86 :  1.8377908e-05 -3.6265277e-05  1.1812288e-04
    87 :  1.3984668e-04  5.0577345e-05 -1.1063907e-04
    88 : -1.2713718e-02 -8.7019932e-02  7.3157811e-02
    89 :  4.6594920e-03  4.0312923e-03 -2.0218576e-03
    90 : -2.9496167e-09 -4.6154475e-09  2.0330050e-09
    91 : -1.4731499e-03  1.7497210e-03  8.6857691e-04
    92 :  7.0727685e-03  3.7044533e-03  2.8383396e-03
    93 : -7.3738739e-12  2.2016553e-12  2.1675181e-12
    94 : -8.4463637e-04 -4.0257084e-06  9.6268476e-05
    95 : -1.0504272e-08  6.1462522e-09  1.6225428e-08
    96 :  4.4954557e-03  6.5971869e-03 -1.1831321e-02
    97 : -4.1342623e-03  1.3589198e-02 -1.7851966e-03
    98 : -2.3282011e-03 -1.9209365e-03  6.2223145e-03
    99 :  3.7839002e-07  1.0828243e-07 -2.6697735e-07
   100 : -1.1499869e-07 -3.6049137e-07 -4.8509260e-07
   101 : -7.7046029e-03 -7.8728089e-03 -4.8439237e-03
   102 : -2.4864413e-03 -2.0303537e-02  1.6772580e-02
   103 : -1.3740271e-11  7.1660638e-12 -1.9459691e-11
   104 :  6.0004895e-03 -2.0176972e-03 -1.1563580e-03
   105 :  1.6775015e-02  1.2594214e-02  1.5603408e-02
   106 : -5.6862638e-03 -3.6311081e-03 -5.2761224e-03
   107 : -1.0675751e-02  1.6076719e-02 -2.5420524e-02
   108 : -2.1914422e-03 -2.0249271e-03  6.6274044e-04
   109 : -5.3019391e-04  4.3878646e-03  7.6898959e-04
   110 : -6.3404198e-03 -5.2492165e-03 -9.6163786e-03
   111 :  2.6856350e-03 -7.8684502e-03 -1.3803332e-03
   112 :  3.4056326e-06  2.5431017e-06 -2.3586431e-06
   113 :  3.2681163e-03 -1.5442344e-03 -2.1377802e-04
   114 : -1.6827380e-03 -1.1180536e-01  1.5113316e-01
   115 :  6.1381673e-03  1.5155316e-02 -5.4958145e-03
   116 : -7.5754674e-03 -1.1886086e-01  1.1357519e-01
   117 : -1.2752083e-03 -1.2052300e-03  2.6589527e-03
   118 : -3.2069328e-02  1.2628141e-02 -2.2128020e-03
   119 :  5.6066219e-08  2.4876790e-08  1.7811098e-08
   120 :  9.7529968e-03 -2.3960307e-03  6.4812560e-03
   121 : -3.0476549e-06 -1.0795951e-05 -5.9263775e-06
   122 :  8.0938030e-04  4.7811626e-02 -6.4186875e-02
   123 : -8.4766541e-12 -1.7309163e-10 -1.5361765e-10
   124 : -9.7188287e-08 -1.3575989e-07  4.2417638e-08
   125 : -8.1152255e-14  2.4944739e-13 -8.4641576e-14
   126 :  9.0066324e-05  1.1429449e-05  1.3616466e-04
   127 : -4.7161989e-05  2.0134497e-05 -1.3368840e-05
   128 : -5.9099601e-03  7.3794037e-03  7.7750410e-03
   129 : -5.4753527e-05 -6.2583491e-04 -1.4116454e-03
   130 :  3.3143115e-04  5.2512565e-04  1.2689056e-03
   131 : -1.4453307e-03 -3.7621411e-03 -5.9914125e-05
   132 : -2.9269788e-03 -8.1590766e-03 -1.9464521e-03
   133 :  1.9949962e-03  5.8924393e-03 -2.3819591e-04
   134 : -6.1639842e-04  4.8465985e-03  1.9699645e-03
   135 : -2.9402276e+00  2.2058583e-01  6.4585277e-01
   136 : -4.0175136e-03 -2.1926049e-05 -7.2595715e-03
   137 : -1.1213607e-03  3.8593536e-03  4.6139622e-03
   138 : -1.5767820e-02 -6.6044563e-03 -2.2242962e-02
   139 :  9.7196978e-03  1.0750966e-02 -1.7520654e-02
   140 :  1.6172163e-06  2.8580582e-07  3.5367551e-07
   141 :  3.3178309e-06 -1.2444522e-05 -3.1524874e-06
   142 :  5.2878026e-03  2.3189743e-03  1.1851375e-02
   143 :  2.5949134e-09  3.6344756e-08  4.4352511e-08
   144 : -2.7242837e-03 -8.1702941e-03 -1.0971126e-02
   145 : -8.4356326e-03 -9.8596992e-02  1.0004370e-01
   146 : -1.5130990e-03 -8.5014509e-04  4.5852858e-04
   147 :  3.7030461e-09  9.0855246e-09 -8.0234416e-10
   148 :  8.8873776e-04 -1.5735405e-03  1.3400814e-03
   149 :  3.0552538e-03  2.7418809e-03  5.5837039e-03
   150 : -2.0945155e-03  5.9931927e-03  3.5713187e-03
   151 : -6.6370493e-06 -1.3628816e-05 -4.1621586e-06
   152 : -1.1670392e-03  9.0356035e-05  1.1203695e-04
   153 :  3.9703563e-02 -1.8956026e-02 -3.6574330e-02
   154 : -3.5372883e-12  4.7116317e-13  2.5210113e-12
   155 :  1.3332734e-08  1.0810696e-07  3.5705708e-09
   156 : -1.2922307e-09 -1.6374150e-09  2.0676643e-10
   157 : -1.9012722e-04  2.7961485e-03  5.9832348e-03
   158 : -3.0421083e-02  9.8428359e-03 -1.5206481e-02
   159 :  2.1870625e-02  2.5156972e-02 -2.0629288e-03
   160 : -5.1567221e-12 -1.8058892e-13  2.6278520e-12
   161 : -3.2829853e-11  8.4667090e-12 -2.2949229e-12
   162 :  6.1071033e-03  5.8430204e-03  2.2161147e-03
   163 : -1.3253735e-03  1.3991887e-02  7.2981639e-03
   164 : -2.1483104e-05  1.0582272e-04  1.4897422e-05
   165 :  2.8007484e-02 -1.6101141e-02  1.0542076e-02
   166 : -6.8709120e-09 -5.8301000e-09  2.7302007e-09
   167 :  3.9745320e-04 -6.7947648e-03  3.8526071e-03
   168 :  1.0601747e-02 -6.0537344e-03  3.6516245e-03
   169 : -3.9811876e-02  5.5374604e-03  1.9771740e-03
   170 : -5.1323564e-08  2.7260843e-08 -2.2947560e-08
   171 :  1.2528852e-08  1.1164045e-08 -4.1082293e-08
   172 : -3.8141392e-03 -5.2922609e-03 -4.4399045e-03
   173 :  1.6761796e-02  1.5596149e-02  9.0257437e-03
   174 : -3.5394597e-03 -1.2291389e-03 -2.5200680e-03
   175 :  3.3436281e-03 -9.6039331e-04 -1.3100101e-03
   176 : -3.4272832e-07  5.0079929e-07  3.3975951e-07
   177 : -4.5383434e-03 -2.8933680e-03 -3.6419969e-03
   178 :  5.8087252e-03  3.9551876e-01 -4.1917510e-01
   179 :  2.7239137e-03 -1.1540927e-03  1.2531512e-02
   180 : -5.0842071e-10  1.1630117e-09  8.2313665e-09
   181 : -3.8652866e-03 -5.8508166e-03 -1.0268834e-02
   182 :  6.6851462e-05  1.2385081e-04 -6.8068038e-04
   183 : -4.4469565e-03 -6.6254784e-03 -7.8191318e-03
   184 :  2.3800085e-11  3.7127825e-11 -4.3584714e-12
   185 :  1.2086431e-04  4.7602453e-05 -8.2834048e-05
   186 :  1.0730005e-02  6.0876512e-03  9.9787392e-03
   187 :  6.5827803e-04  1.6153900e-02  1.3113406e-02
   188 :  7.5102926e-03  4.1285155e-01 -4.4882109e-01
   189 : -5.3859278e-03 -1.0888315e-03 -4.4226320e-04
   190 : -9.3807815e-03 -8.2081322e-03 -5.9871804e-03
   191 : -9.3212921e-11 -1.3853864e-10 -1.3836135e-10
   192 : -4.1788917e-03 -3.0940599e-04  3.9010106e-04
   193 :  6.6781395e-03  7.9745399e-03  7.4572742e-03
   194 :  8.6360546e-03  1.7274623e-01 -1.6653714e-01
   195 :  1.4422549e-02  1.3810998e-02  1.5392922e-02
   196 : -3.0683365e-09  8.4458380e-09  2.4119646e-10
   197 : -9.7256913e-09  2.4818797e-08  1.5911802e-08
   198 :  9.4316139e-04  8.9563315e-03  7.6232085e-03
   199 :  7.9041111e-03  9.3987143e-03  4.6037106e-03
   200 :  3.6825087e-08 -2.6275552e-08  7.4997565e-09
   201 : -2.7538235e-03 -9.8566146e-04 -3.7734357e-03
   202 :  1.4028312e-02 -2.7889129e-03 -5.2500464e-03
   203 : -4.9126125e-10  2.3490457e-10  2.8263204e-10
   204 :  8.6528595e-03 -1.8214451e-02  1.2673302e-03
   205 : -5.5338182e-03 -7.6527071e-02  7.4075186e-02
   206 : -1.5111751e-09  4.1614555e-10  2.2924388e-10
   207 :  1.1271364e-08 -1.5590869e-08  2.0318003e-09
   208 : -1.8968693e-05 -3.1710529e-05 -2.1160415e-05
   209 : -9.7669307e-02  5.8348829e-02  3.3227122e-02
   210 :  5.1724250e-03 -4.5463111e-02  5.8627659e-02
   211 : -4.3182861e-10  3.0222585e-10 -1.2120124e-09
   212 :  3.1687501e-05 -1.1833542e-03 -3.5338401e-03
   213 :  2.1116163e-08  4.1323536e-08  4.9767345e-08
   214 :  2.8454758e-03  1.4220822e-03  3.2381400e-03
   215 :  2.7793633e-02 -2.4213794e-02 -1.0415998e-02
   216 : -7.8288294e-03  8.4621742e-03 -1.2627624e-02
   217 : -7.8599159e-13  1.4566928e-12  4.7047822e-13
   218 :  9.8939694e-06 -9.1027709e-06 -3.3862977e-06
   219 :  6.8497889e-04  2.1398626e-06 -4.8523254e-03
   220 :  1.0095438e-04  5.5331255e-05  1.5509217e-04
   221 : -2.4718066e-07 -5.0189911e-08  4.2667098e-07
   222 : -9.9816881e-04 -3.5086963e-03 -7.0786832e-04
   223 : -5.8283925e-03 -3.3720752e-03 -1.3091495e-03
   224 : -3.5537561e-03  1.8948433e-02  1.5601502e-02
   225 :  1.6767677e-04  2.7320945e-04 -4.4481346e-05
   226 :  7.3699137e-07 -4.9896661e-07 -3.9577631e-07
   227 :  8.0197270e-03 -1.4121377e-03 -1.6338013e-03
   228 : -7.0428650e-03 -1.2980335e-01  1.1962682e-01
   229 : -1.8143559e-03 -1.5036118e-03  1.6477261e-05
   230 : -7.9670096e-08 -6.3391818e-08  7.4726245e-09
   231 :  3.3267237e-08 -7.2901585e-08 -4.7100298e-08
   232 : -1.3100986e-12 -1.1087565e-12  9.2911455e-13
   233 : -4.6331817e-07 -1.2216612e-07  1.0908276e-06
   234 :  2.1499102e-03  4.9659564e-04  1.2040875e-03
   235 : -1.4665871e-04 -8.7470940e-03  1.7719515e-02
   236 :  1.1567112e-06 -1.0538046e-06  1.5121423e-06
   237 : -1.8466733e-05 -2.2489289e-05  3.2902862e-05
   238 : -2.8132375e-10 -1.0719078e-11  1.4678404e-10
   239 :  2.9973991e-07 -2.5120386e-07  2.8121359e-07
   240 : -1.5171962e-09 -1.0771252e-09  3.1605923e-09
   241 :  2.8958924e-03 -1.4506103e-04  4.6612007e-03
   242 :  1.2522286e-03 -1.9039204e-02  1.6879383e-02
   243 :  4.8912474e-03  3.2553010e-03  4.9498741e-03
   244 :  4.9841599e-04 -5.9229195e-04  2.7485453e-03
   245 :  1.4100474e-06  2.9954746e-06  3.7347978e-06
   246 : -1.3238363e-03 -3.5753471e-03 -7.4428759e-03
   247 :  4.1132304e-03 -2.0976781e-03  1.9605063e-04
   248 : -1.9444680e-12  1.9503949e-11 -6.1698275e-12
   249 :  2.6225315e-05  1.0681307e-04  1.1636774e-04
   250 : -1.4064551e-03  7.1047120e-03  1.2926857e-02
   251 :  3.5096149e-03 -1.7463549e-03 -2.0421343e-03
   252 : -2.7084581e-07 -4.5598958e-07 -3.3684071e-07
   253 :  4.2232934e-10  1.1286639e-09  3.5814591e-11
   254 :  4.7739460e-03  4.8096204e-03  5.5232218e-03
   255 :  1.2710205e-02  1.2311104e-02  4.5825533e-03
   256 : -2.0667601e-03 -1.8969855e-03 -1.2285416e-03
   257 : -5.9816640e-03 -9.4953146e-03 -5.8859147e-03
   258 :  3.7765762e-03 -1.4161837e-04  1.2181486e-02
   259 : -9.8732927e-06  3.2996653e-07 -1.0256537e-05
   260 :  1.9829814e-03 -2.9428288e-03 -2.5429119e-03
   261 : -3.5447914e-04  7.4434609e-03 -1.3625443e-03
   262 :  3.4758377e-06  1.6904656e-06  3.0174689e-06
   263 :  1.6407846e-07 -9.2982021e-08 -1.4127186e-07
   264 :  1.1456269e-02  5.5458893e-03  9.7538488e-03
   265 :  7.5295604e-03  5.2757311e-03 -4.2411348e-04
   266 : -3.6582106e-05 -8.4612728e-04  4.7899904e-04
   267 : -6.5026790e-04 -9.8748699e-04 -5.3582551e-05
   268 :  1.2089730e-09  3.4467447e-09 -2.1096917e-08
   269 :  1.1870565e-04  5.8969392e-04 -8.3306227e-04
   270 : -2.1433496e-03  6.1929989e-03 -2.5236843e-04
   271 : -2.3073985e-03  1.8485786e-03 -4.8076669e-03
   272 : -1.0015773e-03  1.3241521e-04 -9.1066070e-04
   273 :  3.0716242e-08 -3.4259922e-07  2.5030404e-08
   274 :  1.2270556e-03  2.5738640e-03 -9.8202144e-04
   275 :  2.6714688e-06 -4.8186499e-06  9.6251557e-07
   276 :  4.0094919e-03 -1.8710609e-02 -1.2114152e-02
   277 : -3.6104790e-07  9.4662051e-07  8.2056859e-08
   278 :  1.2717136e-03  2.5346336e-03 -1.4692686e-04
   279 : -1.2382893e-02  6.7731613e-03  1.4682691e-02
   280 :  1.8472148e-02 -3.9771814e-03 -7.5915451e-04
   281 :  1.1082988e-02  5.6689582e-03 -2.4584235e-03
   282 :  1.1460254e-02  1.3207081e-03  6.7019672e-03
   283 :  6.1698225e-05 -2.0298443e-04  1.8244703e-05
   284 :  8.8268449e-07  5.3032534e-07 -1.5500700e-06
   285 :  5.3727575e-03  1.7710216e-03  4.3022534e-03
   286 :  2.7946814e-03  5.7447597e-03 -3.1990621e-04
   287 : -1.1603412e-02 -5.1820425e-03 -9.7585181e-04
   288 : -1.0075195e-03  7.0789336e-04 -1.8071695e-03
   289 : -8.3093728e-03 -9.1814552e-03 -9.2794261e-03
   290 :  6.2874919e-03  2.1505982e-03  2.1450062e-03
   291 :  5.6571917e-03 -1.6687994e-02  1.8559233e-02
   292 : -5.7586533e-03 -1.5028924e-03  9.7523608e-04
   293 :  4.3688312e-05 -4.0433991e-05  1.3735381e-05
   294 :  2.4654745e-03  3.6154863e-03  6.8811138e-03
   295 : -4.4140072e-10 -1.5221319e-09  7.4984780e-10
   296 : -8.7693210e-04 -6.3237894e-03  5.7922620e-04
   297 :  2.6299937e-03 -1.4405774e-02 -8.8908100e-03
   298 : -2.4605785e-02 -1.3841608e-01  1.2666813e-01
   299 :  4.4256656e-11 -3.3303477e-13  4.4052826e-11
   300 : -5.0503114e-04 -1.3564981e-03  6.6253400e-03
   301 :  3.1837420e-03 -1.9094898e-03  6.2394921e-03
   302 : -2.3970202e-03  5.8779794e-03 -9.1967874e-03
   303 : -9.2788290e-03 -1.6030857e-02 -8.5403149e-03
   304 : -1.8639173e-03 -3.2524181e-03  3.7804087e-03
   305 :  9.4303449e-03  2.9432498e-03 -1.6463377e-03
   306 : -5.5617799e-03 -6.1278408e-03 -9.2800913e-03
   307 :  8.5368211e-04  4.7448392e-03  7.6463727e-03
   308 :  9.0968250e-03  8.0508851e-03  2.7583625e-03
   309 :  6.4944953e-10  1.7114258e-09 -7.4318246e-10
   310 :  3.0576191e-02 -9.6357337e-03 -1.9569030e-02
   311 :  1.3544675e-03  4.1607942e-04  1.0139004e-02
   312 : -8.0290322e-09 -9.5401038e-09 -3.8829181e-09
   313 : -3.2404918e-05  6.2678414e-05 -4.1240460e-05
   314 : -6.6971170e-10 -6.6489408e-10  2.0997161e-09
   315 :  3.9268042e-07  2.2667526e-06 -1.1859698e-06
   316 : -2.8297257e-03 -5.7071022e-03 -1.2929861e-03
   317 : -1.1301905e-10  6.6045191e-11  2.0988237e-10
   318 : -1.0117188e-03 -3.0020721e-03 -6.4382206e-03
   319 : -7.6025808e-05 -4.9518288e-03 -1.4621222e-03
   320 : -1.7100064e-02 -7.5099904e-03 -2.1078903e-03
   321 : -3.8464146e-03 -7.1648904e-03 -1.7094760e-03
   322 : -2.1947144e-10  6.0680552e-10 -8.6448630e-11
   323 : -1.5611751e-11 -2.0594793e-10  4.4778592e-11
   324 :  5.5519811e-06 -4.4591662e-06  1.9701566e-06
   325 :  2.7474075e-05 -2.2519132e-05 -8.9338663e-06
   326 :  8.1099015e-02  3.1551761e-03 -2.7709751e-02
   327 : -6.7784195e-03  3.4213827e-01 -3.8315407e-01
   328 :  2.9373822e-03  4.5348498e-03  6.1876547e-03
   329 :  3.7260052e-07  3.9422573e-06 -2.8729954e-06
   330 : -5.2004641e-12  2.9406791e-12  1.2051532e-11
   331 : -1.9668584e-03  2.9450315e-03  1.1615195e-02
   332 : -1.0992211e-02 -1.7996296e-02  4.9124602e-03
   333 : -7.8004972e-06 -2.0772835e-06 -7.9382274e-06
   334 :  6.3839172e-03 -4.8627778e-03 -4.7674447e-03
   335 : -6.8158368e-03 -3.5280522e-03 -7.4785714e-03
   336 : -1.9262411e-02  1.2141017e-02  8.0645895e-03
   337 :  7.4248874e-10 -7.1930181e-09 -3.9211637e-09
   338 :  7.5928893e-03  9.9176404e-03 -2.0213532e-03
   339 :  1.4059816e-06 -1.6426119e-06  5.5614542e-07
   340 : -3.1489271e-03  4.0895396e-04 -5.4152401e-03
   341 :  7.1010268e-10  6.1342614e-09 -4.1612199e-09
   342 : -7.6703303e-07  2.7405067e-07 -1.8051361e-08
   343 : -1.0360867e-02  6.5857459e-03  8.7548791e-03
   344 : -2.4484034e-03 -1.7004638e-03 -1.0545096e-03
   345 :  2.5453695e-03  1.6084885e-05 -1.1795987e-03
   346 :  2.1331242e-06  6.7476370e-07 -1.3277090e-06
   347 :  4.8961011e-04 -1.4854416e-03  5.6482753e-04
   348 : -2.4804231e-03  1.6380774e-02 -1.1314751e-02
   349 :  1.0649061e-02  4.8997563e-04  7.7669923e-03
   350 : -1.8953003e-03  3.0056756e-03  3.1753433e-03
   351 : -5.0008973e-05 -2.2011936e-05  2.4309253e-05
   352 : -1.8515782e-01  9.3374868e-02 -2.3371509e-01
   353 : -1.4976407e-03  4.6392875e-03 -5.5154995e-03
   354 : -1.5910284e-03  4.3431717e-04 -8.7437502e-04
   355 :  2.5478983e-03  6.6847247e-03  7.3973451e-03
   356 : -2.9767850e-09 -3.6793585e-09 -6.6464274e-09
   357 :  4.2553218e-03 -1.9191363e-03 -6.5988385e-03
   358 : -3.7215286e-04  6.2982632e-03  7.5308421e-03
   359 : -1.4300108e-13  3.8543310e-13 -8.0108117e-14
   360 :  3.2751552e-03  2.6450963e-03  4.1644992e-03
   361 :  1.2058544e-04  1.2533107e-04  6.1217986e-05
   362 :  6.4875913e-03  9.7217507e-03  1.0161945e-02
   363 : -1.7888519e-03 -1.7276127e-03  3.2781583e-04
   364 :  5.9560803e-05 -1.3776387e-03  2.7705817e-04
   365 :  5.3827974e-03  1.2668532e-01 -1.0824530e-01
   366 :  9.2601247e-09 -2.4726280e-08  3.2316036e-09
   367 :  8.1121593e-03  1.1192064e-02  1.1013908e-03
   368 : -8.0220342e-04 -2.6420598e-03 -1.7654001e-03
   369 :  1.9240350e-02  8.1799101e-03 -5.5677927e-04
   370 :  5.1956244e-03 -1.0527810e-02  3.0982241e-02
   371 :  4.1597687e-08  3.9998864e-08 -1.6680015e-07
   372 : -5.0093777e-03 -2.2783714e-02 -1.7103361e-02
   373 : -2.2799844e-03 -5.9498526e-03  5.0184147e-03
   374 :  3.1561251e-03  4.1770849e-03 -1.4071864e-04
   375 : -1.6806289e-06 -5.2319912e-06 -1.1605184e-05
   376 :  3.0040078e-09 -5.8146706e-09 -8.7724805e-10
   377 : -8.6221093e-03 -5.0934639e-03  1.6000667e-03
   378 :  6.0549320e-03 -2.4722369e-02  5.1534724e-02
   379 :  6.9084079e-12 -2.3299367e-11  1.0300595e-11
   380 :  5.4085375e-03  2.9221584e-03  4.3801844e-04
   381 :  3.6436845e-03 -1.1218024e-03 -1.1996858e-03
   382 : -4.7459554e-04  3.5817638e-04  2.9376787e-04
   383 : -5.7361889e-03 -1.0658656e-02 -5.9879401e-03
   384 :  1.4675119e-05  1.2660227e-04  9.9852992e-07
   385 : -7.6658800e-04 -2.9610390e-03  2.0685716e-03
   386 : -3.4395777e-03 -3.3595030e-04 -1.1096059e-03
   387 :  1.3604270e-05 -1.9119749e-05 -2.0866344e-05
   388 : -5.7265248e-03  7.6884675e-04  1.3649226e-02
   389 : -3.5418260e-03  1.0024768e-02  2.5613146e-03
   390 : -1.2561153e-03  1.2201473e-02 -1.0903449e-02
   391 : -9.1656289e-04  6.5609340e-03 -3.2445953e-03
   392 : -4.4142197e-03 -7.9653742e-04 -6.9268905e-03
   393 : -2.2383079e-03 -1.0130351e-03 -6.9669130e-03
   394 :  2.9516392e-04 -2.2925930e-04  2.6795562e-04
   395 : -5.4673058e-03  1.0159986e-02 -2.5326329e-03
   396 : -3.9753903e-11  7.0287501e-11 -1.2634973e-10
   397 : -3.1977621e-03 -7.5377649e-03 -6.1299099e-03
   398 : -7.2657753e-04  4.7627390e-05 -4.8091067e-04
   399 : -4.0955063e-03  6.9142381e-05 -5.3523811e-03
   400 :  3.9202121e-03  4.7844766e-03 -2.2792693e-03
   401 :  1.4664033e-03  3.8494150e-03  1.1232847e-03
   402 : -1.2680129e-03  1.5774700e-04  2.3772739e-04
   403 : -8.1177888e-05 -1.3992664e-03 -1.5173416e-03
   404 :  3.2061139e-09  6.8134565e-09 -1.3603320e-08
   405 : -1.0739641e-02 -5.1801964e-03 -8.5245093e-03
   406 :  2.7714253e-03  2.7537928e-03  4.1097434e-03
   407 : -2.6817778e-03 -4.1915762e-03 -1.5918042e-03
   408 :  1.5220639e-04 -2.6032899e-03 -1.2740523e-03
   409 :  1.3008095e-03 -1.4707809e-03 -7.8631595e-03
   410 :  1.3822367e-03 -5.2577888e-03  2.2842007e-03
   411 :  3.5878720e-04 -5.2057308e-04  5.1090454e-03
   412 : -1.4629886e-02 -3.7641007e-03 -1.6399968e-03
   413 : -6.4974889e-10 -3.3125492e-10  8.1257189e-10
   414 :  7.2293570e-04  1.2383709e-04  2.1126267e-03
   415 : -6.1395500e-03 -3.3906802e-03 -3.5119357e-03
   416 : -2.8279228e-06  1.0879662e-06 -1.0913367e-07
   417 : -1.0274859e-03 -1.5800048e-03 -6.6613255e-03
   418 : -6.4629489e-03 -6.0565529e-03 -1.8947442e-03
   419 :  7.8617053e-08 -1.5479862e-07  6.9040709e-09
   420 : -5.8697118e-08  1.7369331e-07  2.9527395e-08
   421 :  3.8702017e-06 -1.1049980e-05  6.8245571e-06
   422 :  9.3520806e-03  1.3410697e-02  4.4733260e-03
   423 : -9.9699180e-03  5.8906836e-03  1.6187002e-02
   424 :  1.5254409e-04  2.8896427e-04  1.0913807e-04
   425 :  5.5174712e-06 -9.3100453e-05  2.4729686e-05
   426 : -1.1994040e-03 -1.1542683e-03  6.1912986e-05
   427 :  1.1282864e-02  5.5942089e-03  4.8209973e-03
   428 :  5.7668944e-04 -9.0869286e-04 -6.1774733e-04
   429 :  1.4547498e-02  1.2796859e-02  1.8319929e-03
   430 : -1.7206795e-03  3.4408111e-04 -4.6041762e-04
   431 : -4.9756901e-03 -6.7422199e-03 -3.1997132e-03
   432 :  2.7342593e-03  1.0983080e-02 -3.0488888e-03
   433 : -9.0205359e-09  1.2103574e-08  9.6687579e-09
   434 : -1.0348242e-03 -5.9720635e-03 -2.9730753e-03
   435 : -8.1831825e-03  2.1438446e-02  8.0668682e-03
   436 : -3.0783574e-05  3.1004552e-05  1.2548171e-04
   437 :  1.4302610e-02  1.2528249e-02  2.7228785e-03
   438 :  3.0918624e-03  5.6381551e-03  3.6276402e-03
   439 : -8.3100687e-04  8.9757345e-04  1.4807249e-03
   440 :  6.0652156e-08 -9.8109660e-07 -1.4446198e-07
   441 :  6.0611538e-11  4.5617022e-11  1.2094057e-09
   442 :  4.7791967e-04  3.4000977e-04  7.3622987e-04
   443 :  2.2666008e-02 -1.2246927e-02  1.8049866e-03
   444 : -2.8732002e-04  2.0684892e-04  4.1843177e-05
   445 :  3.8347811e-03  6.4979026e-03  1.2885718e-03
   446 :  1.9930701e-03  4.8566980e-03  5.0672351e-03
   447 :  4.3644795e-03  3.1282679e-02  2.1425498e-03
   448 : -2.7543373e-03  9.9174088e-04 -1.8877464e-03
   449 : -1.4364633e-09  2.4674673e-09  5.7775087e-13
   450 :  1.6274553e-10 -1.5659293e-10  1.6109811e-11
   451 :  2.2012963e-03 -7.9500579e-04 -7.3695254e-04
   452 :  4.5661545e-03  2.0587876e-03  5.7964271e-03
   453 :  8.3256210e-03 -1.3173921e-03  5.4495033e-03
   454 :  7.7235986e-05  1.6898486e-03 -1.3179728e-03
   455 : -2.2846355e-03  3.0630591e-04 -9.3866034e-04
   456 :  1.5356592e-03 -2.4856463e-03  4.1167789e-03
   457 : -5.6932192e-10  1.5599251e-09  1.5863814e-10
   458 : -6.5974977e-04  7.4651524e-03  1.5058376e-04
   459 : -3.8947956e-03  1.4955273e-03  4.7814864e-04
   460 : -2.1468679e-03  3.3561639e-04 -1.3193656e-03
   461 :  2.3443004e-02  1.0663716e-02 -4.3034273e-03
   462 : -8.6189544e-03  2.7441507e-03 -9.6734999e-03
   463 :  7.7145355e-07  1.2637719e-06 -3.4228902e-07
   464 :  6.0543526e-03 -3.3966556e-03  8.6551485e-03
   465 : -1.3644226e-03 -7.6697474e-03 -7.0347206e-03
   466 : -2.3924926e-03 -1.2543040e-03 -4.4258100e-03
   467 :  8.9026113e-07  1.8926404e-07 -8.6756776e-08
   468 : -2.3289397e-05 -3.7125408e-05 -4.6922515e-06
   469 :  1.6663257e-11 -3.5945008e-11 -2.8689292e-11
   470 : -1.5937462e-09  1.7274484e-09  8.2945962e-11
   471 :  3.7781639e-04  1.2142510e-05  1.3345949e-04
   472 :  5.5633241e-06 -3.3247633e-06  1.6662373e-07
   473 : -6.6137536e-03 -4.7007109e-04  1.4361422e-03
   474 :  4.6598913e-08  6.7184019e-08 -1.8483624e-08
   475 : -1.7968630e-04  1.9137351e-04  5.6880436e-06
   476 :  2.7152940e-04  2.1878421e-04  8.0130008e-05
   477 :  3.0654572e-11  3.3973365e-11 -1.7648523e-10
   478 :  9.7888343e-03 -3.2811978e-03 -4.5405366e-03
   479 : -8.1747583e-12  1.8687693e-11 -1.1795528e-12
   480 : -3.0057584e-03 -3.6948848e-03 -1.1575292e-03
   481 : -1.0341705e-03 -7.5345504e-05 -9.4051558e-04
   482 : -8.2306996e-07 -4.9182471e-07  2.7510915e-07
   483 :  6.0077319e-04  2.7163410e-03  3.1949552e-03
   484 : -5.8515295e-03  1.6796867e-03 -1.6143667e-04
   485 :  5.4633743e-03 -1.0653750e-01  8.0357054e-02
   486 :  7.8409075e-03 -9.6365705e-04 -5.3556913e-04
   487 : -1.3058772e-03 -2.0426874e-02 -2.3000384e-03
   488 :  4.8476969e-03  4.2309033e-03  3.1250735e-03
   489 :  2.2604398e-08  8.4844838e-08 -2.1812036e-07
   490 :  1.0611596e-07 -3.3031430e-07  2.3559141e-07
   491 :  2.2059524e-07  2.3251068e-07 -6.5156997e-09
   492 : -8.6380338e-03  5.3924510e-03  1.2473705e-02
   493 : -1.1425230e-03 -1.7175903e-03 -2.7065868e-03
   494 : -3.1637025e-03 -8.4934922e-04  8.5495860e-04
   495 :  3.6406738e-03 -4.0514883e-03 -4.1162630e-03
   496 : -3.4564499e-05 -1.3322393e-04  1.9591515e-04
   497 :  1.2682758e-09  1.7287530e-10  8.5283359e-10
   498 : -4.9635261e-09 -1.2948087e-08  5.2949707e-09
   499 : -7.6121714e-03  1.0021534e-03 -1.8243717e-03
   500 : -9.9197545e-11  1.6758830e-10  2.0089765e-10
   501 :  5.5740897e-11 -2.1955010e-10 -1.4116387e-11
   502 : -5.0354538e-04  3.5468696e-04 -1.2262097e-03
   503 : -2.1673015e-03 -6.1737281e-04 -4.8088216e-04
   504 : -5.6306903e-03 -4.3863179e-03 -6.6384509e-03
   505 : -1.1973057e-03 -1.7638424e-03 -6.7285564e-03
   506 : -2.0357756e-07  9.6971506e-07  6.1103997e-07
   507 : -1.1570926e-05  2.8700289e-06 -1.5335699e-05
   508 : -5.6299433e-06 -1.1896314e-05  1.2059291e-06
   509 : -1.3231740e-03 -1.2780350e-03  3.3434556e-04
   510 : -2.9986902e-05  1.8002738e-05 -3.8769330e-05
   511 :  1.2009120e-02  4.3083322e-03  2.5289049e-03
   512 : -7.6774844e-04 -6.1512933e-04 -1.1017971e-03
   513 : -2.6614153e-02 -2.6850690e-03  6.0461930e-03
   514 :  6.0927625e-03 -2.3596917e-03 -5.1587302e-03
   515 : -8.6435239e-03 -6.6414227e-03 -1.2940788e-03
   516 : -1.4622969e-05 -3.0905239e-05  2.0439157e-05
   517 :  1.1424231e-02 -2.6351710e-02 -6.5942983e-03
   518 :  1.7973182e-02  1.9603196e-02 -7.7293616e-03
   519 :  1.0402772e-02  5.4654955e-03  6.4221068e-03
   520 :  5.9009772e-03  9.8187109e-03 -5.1301149e-03
   521 : -2.1594568e-03 -2.5474763e-04  3.1754953e-03
   522 : -7.8425709e-04  1.4313244e-03 -7.1289256e-04
   523 :  2.7131406e-03  1.8625146e-02 -3.4982062e-02
   524 : -5.3523024e-03 -1.0071062e-01  9.9892844e-02
   525 :  3.5146969e-03  9.1896691e-03  4.1805664e-03
   526 : -6.6845096e-04  1.0977034e-04 -1.2810295e-03
   527 :  1.3601390e-08  2.3140688e-09 -5.0934283e-08
   528 : -3.7688944e-03  9.7880201e-03  9.3701724e-03
   529 :  2.5993044e-03  6.9671494e-03  5.7221770e-03
   530 : -3.6334231e-03 -2.1476840e-03 -9.8912430e-04
   531 : -3.5094250e-03  1.8418852e-03 -4.5209109e-03
   532 :  9.8131123e-03  7.8078755e-03  6.5244691e-03
   533 :  1.1628880e-12 -1.5084326e-12  1.8858392e-12
   534 : -3.9093885e-13 -8.2712048e-13  1.1206797e-12
   535 : -1.0328078e-07 -5.5142670e-07 -6.7600777e-08
   536 : -2.9538542e-03 -4.3228593e-03 -4.5437191e-03
   537 : -1.9016275e-03 -4.4121515e-04 -3.3888237e-03
   538 :  1.9325019e-03 -3.0433448e-05  3.2960903e-03
   539 :  2.9336206e-08 -8.0051534e-08 -2.9105047e-08
   540 :  3.6933264e-08  8.8684390e-07  1.2105536e-06
   541 :  4.4846344e-06 -5.7550475e-06 -1.4562592e-05
   542 :  3.8593008e-03 -9.4167017e-03  1.7926050e-03
   543 : -4.8742523e-09 -3.7734642e-10  3.4485577e-08
   544 :  4.4540062e-03 -3.4189349e-03  5.4400091e-04
   545 : -8.5525171e-05  6.3749245e-05  1.6825516e-04
   546 :  5.3686409e-03  5.1345331e-03  2.4400732e-03
   547 : -4.8676757e-07  4.2852415e-07  3.8887511e-08
   548 :  8.0913772e-04 -3.1517531e-04  8.7343049e-04
   549 : -3.0192167e-05 -9.4946766e-06 -2.6014503e-05
   550 : -1.9835984e-02 -3.1709737e-03 -4.6706836e-03
   551 : -4.1340687e-04  1.2083079e-03  2.6187829e-03
   552 : -7.6541235e-03 -5.6114055e-02 -4.4824878e-03
   553 :  6.4168393e-03 -6.3425828e-03 -3.4668264e-03
   554 : -4.5653683e-05  1.1095331e-04 -3.8505689e-05
   555 :  8.8818771e-03 -3.6304671e-03  6.2784180e-03
   556 : -1.4149901e-05 -1.5747698e-05  1.2879449e-05
   557 :  6.3400293e-03 -7.8084451e-03 -3.8099509e-03
   558 : -9.2086180e-04  4.5345174e-03  4.0625059e-03
   559 : -1.1314000e-02 -4.6633877e-03 -3.4503946e-02
   560 : -3.4386126e-03 -3.8296739e-03 -1.4976478e-02
   561 : -3.3091532e-03 -1.5026639e-03  1.4997571e-02
   562 :  1.2448758e-02  3.6649658e-03  5.8959879e-03
   563 : -8.0225875e-11  6.2740317e-11  1.4011631e-10
   564 :  2.8890825e-03  1.1761985e-03  1.0094723e-03
   565 : -2.6801228e-03 -2.0871183e-03 -3.5548971e-03
   566 :  4.0561004e-06  4.2724367e-06 -1.3505218e-06
   567 :  3.2270078e-02 -6.3582637e-02  6.9252331e-02
   568 : -2.7818018e-03 -3.7692426e-02  3.4705521e-02
   569 :  7.3558823e-04  1.4816641e-03  7.2531423e-04
   570 : -5.9993003e-05  1.4202213e-04  8.4203137e-05
   571 :  6.5745315e-03  3.7482342e-03  1.3932474e-02
   572 : -1.6370678e-10 -2.5487281e-10  8.9685913e-11
   573 :  5.7009526e-05 -1.5534588e-04 -1.0408778e-03
   574 :  1.3215599e-02 -1.9063106e-03  5.6749271e-03
   575 :  1.4365916e-03 -3.0855012e-04 -1.3624345e-03
   576 : -3.8655347e-03 -3.6201804e-03 -1.9335701e-03
   577 : -2.0350878e-03 -1.5145123e-03 -1.8986256e-03
   578 : -2.2372284e-12  3.4470507e-11 -1.9329808e-11
   579 :  5.6205908e-03  3.8031186e-03  4.9811106e-03
   580 :  9.9188599e-04  2.2913481e-03  4.1858564e-03
   581 : -1.6148515e-05  7.6115398e-05  3.1621027e-05
   582 : -6.7729987e-12 -7.4573786e-12  1.5289201e-12
   583 : -3.0249525e-03  4.0440010e-03  1.4261403e-03
   584 : -1.1894255e-09  3.3334158e-09 -1.9789415e-11
   585 : -3.3496246e-03  7.4833818e-04 -9.8941276e-04
   586 : -4.2976039e-07  2.7614817e-06  4.3840522e-07
   587 :  2.8023838e-04 -1.3008033e-03 -7.4799021e-04
   588 : -3.6896078e-06  6.6806564e-06  1.6093445e-06
   589 :  1.5332163e-02 -9.9507894e-03  9.9113350e-03
   590 : -3.8556646e-03 -3.4757189e-03 -5.2650839e-03
   591 :  5.3881399e-11 -8.9781060e-11 -4.9198729e-11
   592 :  4.3639307e-06 -9.7497019e-06  1.9828036e-05
   593 :  4.2938522e-03  9.2562169e-03  7.0014219e-03
   594 :  9.6836291e-03  8.5327927e-03  7.1736799e-03
   595 : -1.8346815e-02  8.1430529e-03 -2.6070777e-02
   596 : -8.1160059e-03 -1.4013601e-01  1.4998537e-01
   597 :  1.3761698e-02  5.6271506e-03  1.1546736e-02
   598 : -8.6225719e-04 -1.5947132e-03  2.1201318e-04
   599 :  3.5902069e-03 -3.1572766e-03  4.3220738e-03
   600 :  1.5697960e-03  3.0277143e-03 -4.5806724e-03
   601 :  5.2184515e-03  7.2291001e-03  4.8706617e-03
   602 :  6.0821830e-07  2.3438758e-06 -1.3743581e-06
   603 : -5.1518775e-08  1.0647815e-07  3.7734762e-09
   604 :  1.3199000e-03 -9.2753180e-04  8.1626961e-04
   605 : -1.8962669e-03  1.2239277e-02  1.0188445e-02
   606 :  2.6056183e-03 -8.2040187e-04  1.6223580e-03
   607 :  4.2707755e-03 -6.5040469e-03 -8.3556336e-03
   608 : -1.0504343e-06 -2.8725673e-06  2.5453969e-06
   609 :  9.9404864e-05  1.3970494e-04  3.9589266e-05
   610 : -4.0390080e-09  2.5876065e-08 -2.0551178e-07
   611 :  4.9286581e-03  5.3118462e-03  6.0065838e-03
   612 : -2.5879282e-02  8.7098627e-03  9.0249234e-03
   613 :  6.4032504e-03  6.7113667e-03  1.7974971e-03
   614 :  3.7920844e-02  8.0693591e-02 -4.5071793e-02
   615 : -2.2458343e-02 -1.3480356e-02  2.2717747e-03
   616 : -1.8337700e-08  4.6283843e-08  7.0625665e-09
   617 :  3.4292855e-03  6.2664901e-03  6.2106857e-03
   618 :  1.1908029e-02  1.6612432e-02 -6.5190372e-03
   619 : -8.9008135e-08 -1.5592644e-06  3.0081112e-06
   620 :  1.5888329e-03 -2.3380539e-03 -1.8976648e-04
   621 : -8.8128864e-03  1.3600988e-02  1.6224371e-02
   622 :  1.5800380e-03  3.8505864e-03  7.0378016e-03
   623 :  9.8838217e-03  1.4702709e-02  4.1112653e-03
   624 : -2.4485052e-03  2.6107938e-04  4.7155974e-03
   625 :  4.2945251e-04 -1.5191249e-02  3.5755079e-03
   626 : -4.8391071e-12  4.2291509e-11 -1.1959115e-11
   627 :  1.5543769e-07  4.8474613e-08 -3.7395564e-07
   628 :  3.1590143e-03  4.0567723e-03 -3.5259491e-03
   629 :  1.0913277e-03 -5.5398339e-04 -3.7657318e-04
   630 : -5.6939449e-03 -6.8245980e-03 -9.9971078e-03
   631 :  7.7210398e-03  3.3833527e-03  9.1022444e-03
   632 : -1.5456772e-09  5.1917188e-09  3.1665251e-09
   633 : -3.7047128e-04  2.4282875e-03  7.7046248e-03
   634 : -3.8829301e-03 -6.5824526e-03 -4.7237501e-03
   635 :  3.3423587e-03  3.4272620e-03  2.6539157e-03
   636 : -2.4333199e-03 -1.0748334e-03 -2.0052667e-03
   637 :  1.2548468e-03 -7.7138982e-03 -2.2041731e-04
   638 :  2.8259368e-03  7.1419991e-03  5.9344043e-03
   639 : -2.8605639e-03 -6.6123951e-03 -2.4139055e-04
   640 :  1.7318939e-04  3.0142098e-03  1.3109201e-03
   641 : -1.3002470e-06  1.5493592e-06 -2.0794661e-06
   642 : -2.2775822e-02 -2.2180052e-02 -5.7093570e-03
   643 : -8.8680865e-04  4.3060828e-04 -1.0538635e-03
   644 :  3.0691953e-02  1.4649948e-02  2.4406959e-02
   645 : -1.5903402e-03 -2.0892456e-03 -3.8751465e-03
   646 : -4.2175822e-03  4.8970344e-03 -9.4805033e-03
   647 : -9.7477715e-03  1.4817724e-02  7.7962508e-03
   648 : -7.2706706e-04 -1.8019973e-03 -2.3925658e-03
   649 : -7.9361675e-04  4.3559848e-04  9.7659625e-04
   650 :  3.5733700e-02 -6.8337579e-04  8.0401927e-03
   651 :  4.9739808e-02 -1.8187207e-03 -2.6010337e-02
   652 :  5.5630786e-03 -5.6446751e-03  2.4085128e-03
   653 : -8.3857952e-03 -3.0961535e-04  5.7293276e-03
   654 :  1.5224206e-04  1.1602764e-04  1.9794908e-04
   655 : -7.9344459e-03  1.4052055e-03 -7.5800907e-03
   656 : -1.3768564e-03  5.8400104e-04 -2.1190742e-03
   657 : -6.2564803e-03 -1.0818089e-02 -8.1752399e-03
   658 : -8.3000539e-03 -8.7314424e-04  1.8998021e-03
   659 :  6.6093158e-04  1.7183592e-03 -2.9665827e-03
   660 :  2.4092208e-03  4.2804018e-04  7.5515070e-03
   661 :  9.8294803e-03  8.5704763e-03  6.0181997e-03
   662 :  1.3543256e-02  8.0261139e-03  4.6790251e-03
   663 : -1.9205934e-03  3.9234615e-03 -7.9406350e-04
   664 : -9.5448347e-03  1.1716025e-02  8.8454660e-03
   665 : -3.2362499e-04 -8.5569645e-04  1.2267112e-03
   666 : -8.8409176e-09  1.4312985e-08  9.3907605e-09
   667 :  7.9747492e-05 -2.0057599e-05  2.5627845e-05
   668 : -1.7444717e-03  2.7682799e-03  1.0345048e-04
   669 : -1.0330396e-11  2.6911040e-11  3.6389451e-11
   670 : -2.0332614e-03 -4.5679496e-03 -3.5032711e-03
   671 :  1.0955641e-03  8.5670549e-04 -6.7829334e-05
   672 : -3.3905920e-04 -2.5976971e-03 -2.4763638e-03
   673 :  2.5651523e-03  1.0602715e-02  4.4011870e-03
   674 :  1.1636984e-02 -1.0257559e-02 -5.8162791e-03
   675 :  6.7516161e-03  8.7982225e-03 -8.4120864e-04
   676 : -6.9560917e-03 -8.4834555e-02  8.2403393e-02
   677 : -3.8019674e-03  5.8795966e-03 -6.3542365e-03
   678 : -7.4583485e-04 -9.3247178e-04 -1.7782502e-03
   679 :  1.9069272e-03 -1.5768844e-03 -3.3826244e-03
   680 :  1.2854962e-03  6.7284604e-03  4.2358625e-03
   681 : -1.3994078e-05 -1.0343123e-05  1.7469327e-06
   682 : -3.2490636e-05  5.7228778e-06 -1.5296418e-05
   683 :  1.0285764e-04  1.8812842e-04  1.2852945e-04
   684 :  1.0319216e-05 -2.4010664e-06  2.8002310e-06
   685 : -6.5244347e-03  3.6583296e-04 -3.2566176e-03
   686 : -9.4111292e-03 -2.2574901e-03  1.6953358e-02
   687 :  1.4994475e-05  1.0084791e-05 -3.0070434e-05
   688 :  8.0864001e-03  7.3139025e-03 -3.4972781e-03
   689 :  4.9639116e-03  7.1499914e-03  3.6849579e-03
   690 : -9.2085713e-03 -6.0494192e-03 -5.2926297e-03
   691 : -9.9266412e-04 -3.4494712e-03 -1.8716165e-03
   692 : -1.7119117e-02 -1.2766061e-02  1.0777306e-02
   693 :  6.6192132e-12  2.5548171e-11  3.1239924e-11
   694 : -1.5233215e-07 -3.3501475e-08  2.4868458e-07
   695 :  2.4682248e-03  5.1254035e-03  3.1912214e-03
   696 : -4.6000071e-02 -7.1020951e-03 -2.0903349e-02
   697 :  5.6376146e-03  4.9430627e-03  1.5079953e-03
   698 : -5.9326703e-03 -3.1206194e-03 -6.2326342e-03
   699 :  9.9208354e-03  7.5705377e-03  1.0564095e-02
   700 : -2.7590712e-10 -3.8674592e-10  1.3371294e-09
   701 :  4.6231522e-09 -1.2145037e-08  3.0422062e-09
   702 : -3.4986663e-05  1.7259613e-04  2.9195004e-05
   703 :  7.0593937e-04 -3.2586053e-03 -1.4959866e-03
   704 :  3.7201110e-03  2.0146883e-02  7.3653360e-03
   705 :  1.0346718e-06  2.0346167e-06  5.9186278e-07
   706 : -2.5509900e-01  2.3999374e-01  3.6939037e-02
   707 :  1.7325199e-02  5.4297290e-03 -2.0674849e-02
   708 :  1.4344414e-02  6.1319819e-03  1.2574980e-02
   709 : -3.1655227e-03  8.3582834e-02 -6.7140774e-02
   710 : -4.2712881e-04 -1.2427486e-03 -1.4531523e-03
   711 : -7.2874522e-03  5.5631418e-05  5.8670845e-04
   712 : -4.2720712e-04  8.3966260e-04  5.8775251e-04
   713 : -1.5056620e-02 -2.0511752e-03 -4.3905811e-03
   714 : -1.8437787e-03 -1.1181254e-04 -1.4058569e-03
   715 : -5.4830982e-05 -5.9372689e-03 -2.3269545e-03
   716 :  2.6313829e-07 -2.3112110e-07  1.6817081e-07
   717 :  1.0645667e-03  3.3828532e-03  5.4576145e-03
   718 : -1.6077074e-02 -1.9600113e-03  1.0350183e-03
   719 : -1.9439691e-03 -2.3030919e-03  2.9706872e-03
   720 :  6.0850637e-04  2.4051711e-03  3.9895839e-04
   721 : -5.3970479e-03 -1.7594187e-02  1.5725348e-02
   722 : -2.5210466e-05 -1.8469675e-05  1.7016945e-07
   723 :  2.4440126e-05  9.5868930e-05 -1.4167331e-04
   724 : -1.1399064e-05  6.9853311e-06 -1.2968401e-05
   725 :  5.5784802e-04  8.5307865e-04  1.1126610e-03
   726 :  3.2475576e-03 -5.9870454e-03  3.0142649e-02
   727 : -3.8072135e-04  5.0566083e-04  1.2007382e-03
   728 :  5.5264998e-04  1.3651184e-03  3.5764122e-03
   729 :  1.9813404e-04  5.7874099e-03 -6.2027958e-03
   730 : -7.3908245e-03 -6.8610899e-03 -5.5471695e-03
   731 : -1.9613186e-05  2.1524478e-05  1.6085838e-07
   732 :  1.1233290e-02  3.8556128e-03  1.4900329e-03
   733 : -1.2436508e-03 -2.0472588e-03 -1.3933755e-03
   734 : -3.1125534e-02 -7.2345422e-01  8.3109086e-01
   735 : -6.3869557e-03 -3.4263439e-01  3.3154833e-01
   736 :  5.0938270e-03  6.0276930e-03  6.9453053e-03
   737 :  1.0733002e-02  8.9420641e-03  9.4618327e-04
   738 : -8.6021846e-06 -8.2412220e-06 -7.9769915e-04
   739 :  5.9370855e-03  4.2719170e-03  1.0670648e-02
   740 : -7.4486956e-03  2.1300196e-04 -6.0559035e-03
   741 : -3.9272446e-03 -5.7561586e-04 -1.8093089e-03
   742 :  2.8493240e-03  3.5356162e-03 -8.8153115e-03
   743 : -1.0960927e-03 -1.8854695e-03  2.0244192e-04
   744 : -1.2478502e-02  5.3973320e-03 -9.4004588e-03
   745 :  3.5146852e-07 -1.5673815e-05 -6.5207575e-06
   746 :  1.2892639e-04  8.8514921e-05  6.7734786e-05
   747 :  1.0189782e-02  1.2529556e-02  1.1661249e-02
   748 : -7.3631126e-03 -6.1536955e-03 -2.8817723e-04
   749 : -2.7062331e-03  4.4327439e-03  1.2465253e-03
   750 :  2.3736086e-06  6.1054510e-07 -6.7119151e-07
   751 : -9.4808405e-04 -7.4266038e-04 -2.4103733e-03
   752 : -2.9736309e-02 -2.7832986e-03  1.3497277e-02
   753 :  1.2010945e-03  5.0115853e-03 -3.9279146e-03
   754 : -1.0845353e-03 -1.1364350e-03  1.3131584e-03
   755 : -5.2505535e-03  5.1191891e-03 -1.3901043e-02
   756 :  8.2695126e-03  3.5372980e-03 -2.8105309e-03
   757 :  1.2354929e-11  7.5967077e-12 -1.8019831e-11
   758 : -4.5872637e-03 -1.4714778e-02 -8.0306639e-03
   759 : -5.6777081e-03  2.7432595e-03 -3.4724109e-03
   760 :  2.0572248e-02 -2.8603717e-03  2.5503134e-02
   761 : -9.7137452e-03 -6.0722555e-03 -2.4166554e-03
   762 : -7.9142634e-03 -2.7931801e-02  9.5067125e-03
   763 : -4.8718382e-08  3.1409002e-07 -8.4007915e-08
   764 : -1.5164654e-08 -1.6975768e-08  7.3179140e-09
   765 : -1.5074449e-03 -7.4189982e-04 -2.5765306e-03
   766 :  7.3716888e-03 -5.5009206e-02  8.5857179e-02
   767 : -1.5300011e-02  4.8434248e-02 -8.5239391e-02
   768 : -2.1838813e-06  6.8528318e-06 -8.9013820e-06
   769 : -4.3041207e-03 -5.3342576e-04 -3.6034087e-03
   770 :  4.4033967e-03 -2.1979845e-03  1.5499308e-03
   771 :  4.5921991e-04 -2.2436091e-03  1.6637730e-03
   772 : -1.7587523e-04  4.6193996e-03 -1.2825625e-03
   773 :  1.1619672e-02  1.2422083e-02 -4.1409817e-03
   774 : -2.1818866e-03 -3.0337372e-03 -2.3774451e-03
   775 :  4.3858017e-02 -1.6316838e-01  1.8693171e-01
   776 :  6.6780375e-03 -4.0830897e-03 -7.0725784e-03
   777 : -1.1819118e-02 -4.6879160e-03 -2.9492338e-03
   778 : -2.5896270e-03 -2.0349401e-04 -1.4526141e-03
   779 : -6.1628399e-04  6.7522483e-04 -1.1818847e-04
   780 : -1.1299092e-02  2.7985439e-04  6.2011945e-04
   781 : -1.7543556e-06  1.5437209e-06  1.8108019e-06
   782 :  1.1809938e-11  1.4230856e-12 -2.0154515e-11
   783 : -2.1166788e-02  1.0396051e-02  4.4543705e-03
   784 :  1.4507458e-02 -3.2127720e-03  2.0357606e-02
   785 :  6.1253894e-06 -9.9965380e-06  1.1627671e-06
   786 :  1.0161195e-03 -1.2964464e-02 -1.3929378e-03
   787 :  3.6414157e-04  9.6524359e-04 -7.5173626e-04
   788 : -2.5326675e-05  2.0110325e-06 -5.6757321e-06
   789 : -1.4398994e-05 -5.8873948e-04  3.2484175e-04
   790 :  5.0870633e-03  1.1591355e-02  8.2810537e-03
   791 : -5.5947070e-02  3.0811227e-01 -5.2886167e-01
   792 : -1.2039387e-03  6.1823294e-03 -2.5851554e-03
   793 : -6.4664859e-04  3.7295338e-03  4.4719786e-03
   794 : -6.1682376e-03  4.2666000e-04  1.4938340e-03
   795 : -5.5903236e-03  3.3520201e-03 -7.0111071e-03
   796 :  2.9564603e-03  5.0636154e-03  4.5482783e-03
   797 : -8.4404288e-05  1.7872506e-05  2.7109963e-05
   798 :  1.5234686e-03  1.2357704e-02 -1.9152689e-02
   799 :  1.1211969e-02  1.0186080e-02  7.8246854e-03
   800 : -1.8041991e-03 -1.1920538e-03 -3.2906110e-03
   801 : -6.0701524e-05  3.1050853e-04 -4.1368407e-04
   802 : -6.9638238e-03 -2.1699468e-01  2.1071897e-01
   803 :  9.3582246e-03  1.2018264e-02  6.6361565e-03
   804 : -1.1215772e-03 -2.6852214e-03 -3.3514791e-03
   805 : -2.8761520e-02 -5.6879616e-04  6.6058420e-03
   806 :  3.0700491e-04  5.0387638e-04  1.0025702e-03
   807 :  6.6207291e-06 -2.2274712e-05  3.0950354e-05
   808 : -2.1858996e-03 -5.2637552e-03 -4.5867393e-03
   809 :  2.2004916e-04 -2.6402757e-02  3.7819282e-02
   810 : -2.1310636e-04  7.2705995e-05 -1.3958898e-04
   811 : -1.9573293e-12  3.8874909e-12 -1.0651957e-11
   812 : -2.5729914e-03  2.3328419e-03 -7.0961415e-03
   813 : -1.2663678e-02 -1.9352969e-01  1.8234570e-01
   814 :  7.4672822e-11 -4.0126259e-12 -6.6763114e-11
   815 :  1.7726746e-12 -1.9968306e-12  3.6939410e-12
   816 : -4.7282859e-09  5.1411132e-09 -5.4587324e-11
   817 : -1.0582078e-11 -3.7721857e-10  4.1954076e-10
   818 :  1.4074898e-11 -3.4226207e-10  2.5721787e-10
   819 : -2.1539395e-02  6.8648900e-03  2.1138134e-02
   820 : -3.8542445e-11  1.2226845e-10 -2.7281581e-11
   821 : -2.1544764e-03 -4.8924940e-03  8.2263470e-03
   822 : -1.4608865e-02  7.4043833e-02 -8.4697578e-02
   823 : -7.0052452e-04  6.8097734e-04 -1.3104161e-03
   824 :  4.2285658e-03 -2.5613393e-02  4.5652165e-02
   825 :  1.7155384e-07 -1.2574230e-07 -2.2599491e-07
   826 : -2.6521258e-03 -2.4885272e-02  1.6517060e-02
   827 : -8.3631233e-05 -3.6541698e-04  1.5104836e-04
   828 :  4.4433331e-03  6.7128027e-03 -7.7774428e-04
   829 : -2.3524555e-03 -5.8489572e-02  3.9120473e-02
   830 : -7.7978570e-03  1.2074517e-02  3.9012619e-03
   831 :  1.4938877e-02 -3.0496587e-01  3.0517316e-01
   832 :  2.4197543e-02 -1.5085655e-01  1.9591971e-01
   833 :  1.0432753e-02  6.1993097e-02 -3.7318205e-02
   834 :  4.5807068e-10 -3.3453969e-10  4.3344043e-10
   835 : -3.2920418e-12  4.7887896e-12 -8.8417285e-12
   836 : -6.4497666e-03 -2.2956200e-02  8.4662584e-03
   837 :  2.8636692e-05 -4.8905279e-05  2.3769282e-05
   838 :  3.4222017e-04 -3.5947214e-03  1.3103264e-03
   839 : -3.0452517e-03  5.6142816e-03  6.6283416e-03
   840 : -4.2086071e-05  2.9277826e-05 -3.8972644e-05
   841 :  1.0411129e-03 -2.0310444e-04 -6.0433094e-04
   842 :  2.4209576e-03  7.7409920e-03 -3.1718653e-03
   843 :  3.2737328e-04 -3.2480370e-04  2.3060350e-04
   844 : -4.7659742e-03  9.2735794e-03 -1.3957564e-02
   845 : -8.7345164e-08 -1.1485323e-07  8.7385074e-08
   846 : -1.9256019e-03 -9.3900003e-02  9.6740434e-02
   847 :  1.2542846e-02  8.8568475e-02 -6.3292891e-02
   848 : -7.5787977e-15 -1.4056822e-13  7.0763539e-14
   849 :  9.5946129e-03  6.8273840e-03  8.1689310e-03
   850 :  1.5297358e-02  4.8737082e-03  1.4078654e-02
   851 : -3.1560785e-03  1.9680516e-03  2.5787305e-03
   852 :  1.0751234e-08  1.2871767e-09  1.3963813e-08
   853 : -4.7990680e-03  1.2968253e-02 -3.8532128e-03
   854 :  3.9837747e-14 -9.0385875e-14 -2.9480766e-14
   855 :  3.8435487e-04  6.5364173e-03 -9.6065313e-04
   856 :  1.8004528e-02  1.5714298e-02  1.5656541e-02
   857 :  1.3865266e-03 -9.8377295e-04 -1.1514794e-03
   858 :  8.1512344e-04  2.5024438e-03 -4.3991212e-03
   859 :  8.7078250e-08 -2.0633082e-08  5.5347911e-08
   860 : -3.8533932e-03  1.6235861e-03  6.3667163e-04
   861 : -3.0667079e-03 -3.9040863e-03 -6.2225883e-03
   862 : -5.4756826e-03 -3.4407108e-03 -6.2851699e-03
   863 : -1.7891793e-03 -1.2350853e-03 -1.7281874e-03
   864 : -1.6245061e-03 -1.1470866e-03  1.0384103e-04
   865 : -1.3023980e-03  8.7384634e-02 -7.3889988e-02
   866 :  6.4888271e-02 -2.1739947e-02 -4.5462838e-02
   867 : -9.0331292e-04 -1.9832531e-03  6.7175169e-04
   868 :  2.4016721e-03 -1.1487850e-02 -1.3981377e-02
   869 : -1.1422361e-02 -1.1414631e-02  5.5854008e-03
   870 : -4.4611409e-03 -1.1641952e-01  1.2526937e-01
   871 :  6.1532338e-03 -5.2836330e-03  2.3599698e-02
   872 :  4.5088676e-03  3.3791995e-03  8.6363110e-03
   873 :  4.1549061e-03  1.3465751e-03  2.0498475e-04
   874 : -4.0643517e-05  8.8369455e-04  4.5127368e-03
   875 : -7.1741899e-04  1.6367332e-04  5.5203003e-05
   876 :  7.2040812e-05 -1.1762402e-03 -8.8719502e-04
   877 : -1.7969761e-10  2.9067788e-10 -4.2652856e-10
   878 : -7.5598121e-09  1.3069323e-08 -1.0311040e-09
   879 : -3.4566758e-03 -1.6214160e-04  8.5288783e-03
   880 :  6.6964326e-03  1.1559897e-02 -6.4797167e-03
   881 :  1.8911518e-10 -5.0963316e-11 -7.7974185e-11
   882 : -5.0628854e-10  3.5850280e-10  8.6231423e-10
   883 :  1.8352770e-04 -1.3280143e-04  1.5007339e-04
   884 :  1.7646290e-04 -3.8374722e-04  2.7444997e-04
   885 : -7.4949421e-03  1.5373384e-03  3.3701761e-03
   886 :  4.3972390e-03 -8.3349175e-03 -8.1945293e-03
   887 : -4.0522730e-03 -1.0970118e-02 -4.3880896e-03
   888 : -3.6075241e-03  8.3606590e-04 -4.7729764e-03
   889 : -3.5573003e-03 -7.7698337e-04 -3.6081758e-03
   890 : -2.7846202e-03 -6.0578192e-03 -4.0197939e-03
   891 :  1.2738092e-03 -3.3176415e-04 -4.5578828e-04
   892 : -3.9091879e-03  4.6205718e-03  7.2782397e-03
   893 : -8.9568889e-02  1.0632106e-01  1.2145586e-01
   894 :  1.6925843e-02  3.7501561e-02 -6.1470856e-02
   895 :  1.3588669e-02 -1.3014305e-03 -7.8619031e-03
   896 : -5.0081304e-04 -1.0056956e-03  4.6257015e-03
   897 :  1.0806087e-04 -2.8648529e-05  7.2082149e-06
   898 :  1.8997974e-05  1.1997306e-04  1.0178726e-04
   899 :  4.8149163e-04  3.1905233e-03  3.9468109e-03
   900 :  4.6487325e-03  1.0551602e-03  1.4442037e-05
   901 : -4.5184928e-03  3.1323246e-02  7.1132965e-04
   902 : -3.5191006e-03 -9.5242354e-03 -5.1301017e-03
   903 : -3.7059776e-03 -5.1320837e-03  2.0471945e-03
   904 :  2.4232671e-03  2.8382956e-03 -3.2675329e-03
   905 :  3.5944681e-04  1.6676080e-04 -1.0413075e-03
   906 :  9.5254014e-04  3.8300422e-03  1.2239972e-03
   907 : -1.2260619e-03 -4.3564371e-03  1.5684746e-03
   908 :  6.4273887e+00 -1.1634886e+01 -4.5886190e-01
   909 : -2.0653898e+00  4.9245571e-01  4.6537141e+00
   910 : -9.7409128e-05  1.3006927e-04 -1.0552839e-03
   911 : -1.3676376e-03 -1.7389977e-03  4.7688383e-05
