Number of elements 912
     0 : -6.9670050e-07 -1.6821915e-06  2.2560652e-06
     1 : -5.4468654e-03  1.6577331e-02 -6.4157543e-03
     2 :  3.9388748e-02  2.2257299e-02  2.0061234e-02
     3 : -2.3956146e-04  4.4894965e-04  7.9507917e-04
     4 :  3.1162826e-02  2.0131512e-02  2.5725006e-02
     5 : -4.8101742e-02  3.2561070e-02  6.8892779e-02
     6 :  1.6422136e-12 -2.3982737e-12 -2.9608001e-12
     7 : -2.7978866e-03  2.6604687e-02 -1.2328756e-02
     8 :  9.5315103e-03  2.8184318e-02  4.6506170e-03
     9 :  6.1124199e-12  5.7630015e-11 -2.8503545e-11
    10 :  1.0864534e-02  1.9581352e-02  1.5889545e-02
    11 :  2.0423768e-13 -8.5556448e-13  4.9825285e-13
    12 :  4.5818199e-03 -9.1734911e-02  1.6888921e-01
    13 : -1.9388557e-02  1.5447864e-02 -9.7998289e-03
    14 : -5.9013965e-05  2.3131712e-04 -9.2480255e-06
    15 :  8.9296436e-04 -4.9347909e-03 -1.4161775e-02
    16 : -1.4138675e-13  6.4862912e-14  3.4626871e-13
    17 : -2.5690705e-09  2.5872492e-08 -5.2091168e-08
    18 : -7.3935879e-03  3.7474303e-03  1.1413657e-03
    19 : -2.8501338e-15  2.8271894e-15 -6.6544086e-16
    20 :  8.0114068e-08  9.4448755e-08 -2.3858007e-07
    21 : -8.0256423e-04  4.4971438e-03  2.5059965e-03
    22 : -2.9122408e-02 -1.0349562e-02 -8.5832241e-04
    23 :  1.6868721e-14  7.0989679e-14 -1.0671484e-13
    24 : -3.2236349e-03  9.7599914e-03 -3.2138472e-03
    25 :  6.3545062e-16  2.8343894e-16 -4.0723690e-16
    26 :  1.2981567e-02  3.9483020e-02  2.5756009e-02
    27 : -4.2525831e-02 -3.1527277e-02 -1.5650136e-02
    28 :  1.1402386e-02  3.0820111e-02 -4.5571646e-03
    29 : -3.1069394e-03 -3.1391562e-03  7.6788698e-03
    30 :  3.1687565e-02  2.5944274e-03  3.8909932e-02
    31 :  3.1033610e-05  2.7086450e-04  2.8857941e-05
    32 :  2.0286552e-11  8.4740066e-12 -6.9654552e-11
    33 :  6.6287710e-03  9.1829961e-04  2.8384735e-03
    34 : -2.1207118e-16  5.7510115e-16 -7.2509651e-17
    35 :  5.2523730e-05  3.2223586e-04  3.7937900e-04
    36 :  1.3553544e-02  2.2845151e-02  6.5481154e-03
    37 : -8.1916372e-04 -2.3686275e-03  7.4358686e-03
    38 : -4.8511848e-04  6.7693691e-03 -1.7081795e-02
    39 : -7.0470022e-03  9.0694297e-03  1.8045123e-02
    40 :  1.3579747e-02  1.3956736e-02  3.1316548e-02
    41 : -1.6094721e-02 -1.2583288e-01  6.9080190e-02
    42 :  1.3179510e-14  2.6569981e-15 -6.7347724e-15
    43 :  1.7973387e-07 -3.3324698e-07 -2.3757726e-07
    44 :  1.0481507e-02  7.0418804e-03  5.1844220e-04
    45 : -1.1220929e-05  4.2165085e-06 -1.6959740e-05
    46 : -5.2814362e-05  1.5970748e-05 -2.4760965e-06
    47 : -8.0610141e-11 -1.9389883e-12 -3.9374944e-11
    48 :  1.4436098e-13 -3.3343071e-13  3.8704836e-13
    49 :  1.4111428e-02  6.5337607e-03  2.1474562e-02
    50 :  2.9202620e-03  3.6912229e-05  7.8485742e-03
    51 : -1.4766755e-02 -1.6659780e-02 -2.5396392e-02
    52 :  4.0844845e-02 -2.4742197e-02  3.5669591e-02
    53 : -3.1672562e-12  2.2403246e-12 -3.2169722e-12
    54 : -2.7653756e-03 -5.5655377e-04  2.0326535e-03
    55 : -5.1402200e-03 -1.7304451e-03  2.1681887e-03
    56 :  1.4574091e-02  2.0309105e-02  1.5959331e-02
    57 : -4.0534839e-02 -2.8574637e-02 -4.3134502e-02
    58 : -5.1370483e-02 -2.9150822e-01  2.4201090e-01
    59 : -1.4127164e-02 -1.5934378e-02  7.0201964e-03
    60 : -1.4736938e-02 -1.3819156e-02  7.3727889e-03
    61 : -5.5852243e-03  5.6761661e-03  3.8268554e-03
    62 :  1.4193978e-02  9.9906902e-03 -6.2526111e-03
    63 : -2.2528573e-03 -2.2753168e-03  1.7324219e-02
    64 : -9.4824927e-03  2.8493073e-02  3.0064500e-02
    65 : -7.7034985e-04 -3.0587231e-03  3.3799310e-04
    66 :  3.3187995e-04 -2.1814382e-03  6.6360320e-04
    67 : -3.8008666e-12  6.5073925e-12  8.2643520e-12
    68 :  1.0298707e-12 -3.4475601e-12  7.3325491e-13
    69 : -5.4645920e-12  7.3686139e-12  8.7121455e-12
    70 :  3.3997742e-05 -6.2021450e-06 -8.4419995e-05
    71 :  2.4677636e-02 -1.3232621e-02 -1.3558785e-02
    72 : -2.0625989e-14  7.0393644e-14 -2.4361591e-14
    73 :  1.2453930e-02  8.0410589e-03  1.2227772e-02
    74 :  1.3045778e-08 -2.1183574e-07  1.0124956e-07
    75 :  2.5951376e-09 -2.9831071e-09 -2.3274037e-09
    76 : -2.7790293e-14  1.2448817e-13 -2.8451646e-14
    77 :  1.1091666e-09 -5.6293558e-09 -1.8719381e-09
    78 :  1.8554353e-12  6.0113049e-12  8.5035378e-12
    79 : -3.3692908e-07  2.5307647e-07 -5.4235260e-07
    80 :  3.5452283e-20 -2.3568899e-19  2.7755396e-20
    81 :  1.1752494e-10 -5.1199614e-10  1.6498964e-10
    82 :  3.7076744e-02  1.7028671e-01 -5.8451737e-02
    83 :  3.5904609e-17  1.0876038e-16 -3.1387044e-16
    84 : -1.2293007e-15  8.0060926e-15 -3.6890251e-15
    85 : -5.1962954e-03 -5.9949668e-03  9.9126400e-04
    86 :  3.8249009e-08  1.7605080e-08 -7.7103157e-08
    87 :  1.5857250e-07 -3.1913853e-07 -2.2494153e-07
    88 :  6.1241578e-03  4.5994395e-03 -6.2634267e-03
    89 : -1.9077108e-02 -5.5810209e-03 -8.8258212e-05
    90 : -7.4095982e-14 -1.5450732e-13  1.0991394e-13
    91 :  2.6098877e-02  1.5222584e-02  2.0236652e-02
    92 :  3.9529516e-06  1.0601426e-04 -6.7735167e-05
    93 :  1.3037001e-18 -5.9118970e-19  1.3676458e-19
    94 :  1.2914567e-06 -2.9487282e-07 -2.4245833e-07
    95 : -2.1518596e-14 -2.6198015e-14  3.3077318e-13
    96 :  2.7850836e-04 -2.0922196e-05  5.0899598e-04
    97 : -4.9323766e-05  2.3629519e-04 -1.5986340e-04
    98 :  1.5314916e-02  1.3811064e-02 -3.3556461e-03
    99 :  3.1750732e-11  2.0306074e-11 -2.1339146e-11
   100 :  1.6046529e-11  9.5243751e-12 -4.9606256e-11
   101 : -2.0818167e-03 -8.9763886e-04  6.0890582e-04
   102 :  1.3788841e-03  8.5195964e-03 -1.0941219e-02
   103 :  1.5457005e-17 -4.1463930e-17 -8.8481979e-17
   104 : -6.8219929e-06  1.3356272e-06  5.5517189e-06
   105 : -7.5227491e-03  2.8488824e-02  3.6971598e-02
   106 : -1.8597424e-03 -1.0844236e-03 -1.2429551e-03
   107 : -3.4809079e-03  2.9285193e-02 -9.9641548e-03
   108 :  2.3579739e-02  2.0875249e-02 -5.7112730e-04
   109 : -3.6408358e-03 -1.9976686e-02 -3.2703079e-02
   110 :  9.1660401e-03  1.5548494e-02  1.7115736e-02
   111 :  7.8364276e-03 -3.9723905e-03 -3.2686311e-03
   112 :  1.2479104e-10 -7.7660578e-11 -2.7075338e-10
   113 : -1.6264044e-02 -3.6289282e-03 -1.5762736e-02
   114 : -1.8394878e-04 -9.8022844e-04  5.7394167e-04
   115 : -2.5474995e-02 -4.8127329e-02 -2.8204106e-02
   116 : -6.2453850e-03 -1.1817300e-01  1.2250110e-01
   117 :  2.5561804e-02  2.1643240e-02  1.5599358e-02
   118 :  4.8118572e-02  5.6089086e-02  3.8161257e-02
   119 : -1.8134233e-12 -8.6751040e-13  3.9337944e-12
   120 :  1.1274814e-06 -9.3729006e-06 -1.3469246e-05
   121 : -7.4106542e-10  4.8477744e-09 -2.4668097e-09
   122 :  2.2736261e-03 -3.2081499e-02  2.8518715e-02
   123 :  2.5616347e-16 -1.6594253e-16  1.3858389e-17
   124 : -4.0117014e-12 -1.1973511e-12  1.2673819e-12
   125 : -4.1061120e-20  1.2692604e-19 -4.3078170e-20
   126 :  3.1395744e-08  5.4819039e-08 -9.6919179e-08
   127 : -9.8022244e-09  1.4649267e-08  2.5023180e-09
   128 :  5.0948750e-02 -1.8638480e-02 -3.8752113e-02
   129 : -8.1363012e-07 -9.2573835e-07  2.9610152e-06
   130 : -4.1691857e-03  5.6120432e-03  1.2880067e-02
   131 : -1.2167678e-02 -1.1509059e-02 -2.3167165e-02
   132 : -1.3168011e-02  1.1226584e-02 -2.7992903e-03
   133 : -1.0997695e-02 -3.8202683e-02 -6.0672180e-03
   134 : -2.5233364e-02  1.0363439e-02 -4.5847790e-03
   135 : -3.0372751e-03  3.4028796e-02  1.9311976e-02
   136 : -1.4111059e-03  3.5639423e-03 -2.5768688e-03
   137 :  2.3120784e-02  2.0474732e-02  8.2883379e-03
   138 :  1.4381000e-02 -7.7540418e-03  1.5530053e-02
   139 :  7.6044007e-04  2.9656542e-02 -1.0676569e-02
   140 :  1.3488310e-10 -2.6592124e-10  7.5053128e-11
   141 :  5.0160846e-10 -9.6781098e-10 -1.1432801e-09
   142 :  2.8393459e-02  2.9619897e-02  3.1749345e-02
   143 : -8.2760286e-13  2.8761028e-12 -1.5889861e-12
   144 : -3.2287847e-03 -3.0061344e-03  3.0479128e-04
   145 :  9.8665283e-04 -3.5992795e-03  1.8694189e-03
   146 :  1.4017341e-06  3.5858023e-06  5.9793589e-07
   147 :  1.4354037e-13  2.1208645e-13 -7.7792596e-14
   148 : -5.2009946e-06  5.7907689e-06  8.3528476e-06
   149 :  7.1286063e-03 -1.0390971e-02 -4.7304163e-03
   150 :  2.0175682e-03 -4.3059486e-03 -2.6834843e-03
   151 : -3.6036950e-09 -4.1650516e-10  1.0957166e-08
   152 :  1.1238865e-06 -2.0651604e-07 -2.5113086e-07
   153 :  8.0098877e-02  2.2048072e-02  1.2165139e-02
   154 : -1.1210320e-19  1.7580560e-19  2.3023902e-18
   155 : -8.3710341e-13  1.5758988e-12 -2.9636674e-13
   156 : -2.4280848e-15 -3.9984814e-14  1.2979673e-14
   157 : -4.0711088e-05  9.2075892e-05 -2.6435889e-05
   158 :  3.3727895e-02 -1.7775860e-02  1.9288424e-02
   159 : -7.2248483e-05 -1.6468274e-03  1.0750258e-03
   160 : -7.0092180e-18  4.3945254e-18  1.1187333e-18
   161 : -7.4103130e-17  8.5322875e-17 -1.2612163e-16
   162 : -2.5138189e-02 -4.1084929e-03 -1.0002751e-02
   163 : -1.8516618e-02 -1.2133450e-02 -2.1092975e-02
   164 : -2.0260497e-10 -6.3967165e-09  2.4784317e-08
   165 : -1.3668817e-03  4.0379449e-03 -4.7295231e-03
   166 :  2.2754164e-13 -1.2626633e-13 -4.6187351e-13
   167 :  8.6800977e-03 -4.0799248e-03  1.2458164e-02
   168 : -6.7948872e-02 -3.0702293e-03 -3.7566658e-02
   169 :  4.1313546e-02  5.4431216e-02  3.3814146e-02
   170 : -1.5603572e-12  8.4908210e-13 -7.6481975e-13
   171 :  3.2765197e-14  3.6564050e-13 -5.5470719e-13
   172 : -1.8732453e-02 -1.1723175e-02 -1.4634587e-02
   173 : -6.4976625e-03  1.8652906e-02 -2.6740895e-02
   174 : -1.8159776e-03  2.3870224e-02  1.0641786e-02
   175 : -1.0058749e-05  6.3476721e-07  2.5981074e-06
   176 : -2.7487152e-11  3.2792448e-11  3.8394828e-11
   177 : -2.8048160e-03  3.7727308e-03  1.3271417e-03
   178 :  2.5687550e-02  3.3578031e-01 -2.9143957e-01
   179 :  1.5082469e-02  1.5453277e-02  3.1215549e-02
   180 : -3.3394641e-14  5.7687834e-14  1.3570503e-13
   181 : -1.3245343e-02 -6.0501133e-03  1.5120404e-02
   182 : -3.0874996e-07 -1.1436368e-07  5.5566803e-07
   183 :  1.3482989e-02 -1.5341427e-02  2.4866204e-02
   184 : -3.5086319e-17 -7.4347392e-17  2.1704100e-17
   185 :  4.6206015e-08  1.7777881e-08 -2.7255954e-08
   186 :  6.5464005e-05 -4.1573971e-05 -6.3419539e-05
   187 :  1.7096814e-02  2.7311755e-02  3.5949666e-02
   188 :  2.3408779e-02  5.5001216e-02  6.4913464e-02
   189 :  3.9953965e-02 -1.1383203e-02 -2.5166429e-02
   190 : -2.2650348e-03 -2.5501092e-03  2.2674349e-04
   191 :  6.0152321e-16 -5.2706712e-17 -5.0296047e-16
   192 : -7.0646699e-04  3.2833566e-03 -4.1235911e-03
   193 : -5.0345408e-03 -4.5831210e-03 -3.1657491e-02
   194 :  8.5313038e-03  7.5255037e-02 -7.4596197e-02
   195 :  8.5220504e-05  9.3220808e-05 -7.5483174e-05
   196 : -2.2102005e-14  6.7364880e-14 -5.6036424e-14
   197 : -1.6279330e-13  2.8405846e-13  1.2538242e-13
   198 : -3.1193598e-05  3.4597351e-05  2.0130075e-04
   199 : -4.7578540e-02 -3.8776345e-02 -2.5085827e-02
   200 : -1.5281563e-12  3.6043512e-12 -1.3397349e-12
   201 : -2.2387964e-02 -2.6174914e-02  2.8828915e-02
   202 : -1.0412158e-03  4.3548923e-04 -6.7581006e-06
   203 :  2.0765117e-15  5.3016475e-15 -1.3802965e-15
   204 :  7.9867773e-05 -9.7563528e-05  1.0454659e-04
   205 :  2.6916065e-03  6.3250768e-03  1.7534235e-02
   206 : -1.9563433e-14  6.0505214e-15  3.6617359e-15
   207 : -7.4748790e-13  3.6636762e-13 -3.2431545e-13
   208 : -1.5612785e-10 -6.4610856e-09 -6.3699286e-10
   209 : -6.4055168e-02  9.1411326e-02  7.3004142e-02
   210 :  2.3623121e-04 -2.7294299e-04 -7.0839170e-05
   211 : -3.7279516e-15  5.0060247e-15 -1.3693910e-14
   212 :  1.9063492e-02  1.2320084e-02  1.4860033e-02
   213 : -1.4541499e-12 -1.1900814e-12  4.2373756e-12
   214 :  7.0566810e-03  1.3386023e-02 -1.0736296e-02
   215 : -1.5160537e-02  4.1153069e-02  2.5541546e-02
   216 :  4.1312131e-03  1.5283500e-02  2.0654229e-02
   217 :  1.5354246e-19  3.9855734e-18 -1.5060602e-18
   218 :  5.4751775e-10 -5.2055826e-10  4.3455694e-10
   219 : -7.5421733e-03 -3.0626319e-02 -3.1922192e-02
   220 :  1.1453243e-09  2.1317801e-08 -1.0232690e-07
   221 : -1.5104192e-11 -1.7011965e-12  3.0731782e-11
   222 : -4.4626830e-03  4.6916223e-03 -1.2273416e-02
   223 :  9.9749672e-03  2.6399295e-03  5.5687876e-03
   224 :  3.3057366e-04 -1.1110687e-03  6.2195492e-04
   225 :  8.4543838e-08  1.4864518e-07 -2.6510716e-07
   226 : -7.1998995e-11  1.6104752e-11  1.4736453e-11
   227 : -2.1164929e-05  3.0083211e-06  2.6607933e-06
   228 : -1.6488839e-03  4.9894905e-03 -2.1585791e-03
   229 :  1.5509518e-06  1.6375595e-06 -1.1256018e-06
   230 : -1.7128678e-12 -2.9514850e-13 -8.5806454e-13
   231 :  5.4389391e-13 -7.2652079e-13 -2.1317307e-12
   232 : -6.7668476e-19 -4.2236980e-19  3.5890932e-19
   233 : -1.4759428e-11 -5.4282178e-12  3.8776555e-11
   234 :  1.7753850e-02 -6.7453723e-03  1.6130195e-02
   235 : -4.2312662e-02  6.4720577e-02  2.4614682e-02
   236 :  3.2739658e-12 -1.0988315e-10  1.0248485e-10
   237 : -2.8300364e-09 -1.0224981e-08  1.9822679e-08
   238 :  1.0930538e-15  8.8556741e-17 -5.4862494e-16
   239 :  2.8595870e-11 -1.9319280e-11  3.1773352e-11
   240 : -1.8218249e-14 -2.7462348e-14  5.5024647e-14
   241 : -2.6847723e-02 -2.8784854e-02 -2.0427588e-02
   242 :  3.7637310e-02  3.9574624e-02 -3.7376968e-02
   243 : -1.7284446e-02 -2.1071130e-02 -2.1424237e-02
   244 : -1.0367496e-02  1.4698837e-03 -2.0248820e-02
   245 : -9.5169083e-11  8.7028219e-12  4.1611197e-10
   246 :  3.2643190e-03 -2.1825633e-03 -3.0741136e-05
   247 : -1.6566307e-02 -1.8257738e-03 -1.0027115e-02
   248 : -4.0441679e-18 -1.0075386e-17  1.5527886e-17
   249 :  6.1760833e-08 -5.2348702e-08 -2.0589540e-07
   250 : -1.8681726e-02  5.7975319e-03 -7.6335478e-03
   251 : -1.7918085e-03  9.4583600e-03  7.0764902e-03
   252 : -4.6845617e-11  8.0271507e-12  1.6458849e-11
   253 :  2.3474101e-14 -1.9131777e-14  2.0402080e-14
   254 : -1.0938121e-03 -1.6573156e-02 -2.3137750e-02
   255 :  2.7106152e-05 -5.2149671e-05 -6.9913590e-06
   256 :  7.9484495e-03  1.0201940e-02  2.1915903e-02
   257 :  1.0434428e-02  1.6301406e-02  8.9506311e-03
   258 : -4.2289806e-06  1.7573854e-05 -6.1530025e-05
   259 :  1.6555804e-09 -3.0355875e-09  7.2461625e-09
   260 :  2.4352191e-02  7.5150857e-03 -3.5189842e-03
   261 : -7.0545046e-04 -6.4111012e-04  7.5997733e-04
   262 :  8.6876438e-11  1.1716027e-10 -4.9429693e-11
   263 : -3.7920099e-12  6.4789141e-12  1.0721337e-11
   264 :  9.3264110e-05 -6.6961606e-05  3.7716399e-05
   265 : -1.9472998e-02  9.8044726e-03 -2.1513183e-02
   266 : -4.7623826e-07 -1.0091292e-06  4.1477979e-07
   267 : -5.5437125e-07  2.9690588e-06 -6.1564433e-07
   268 : -4.1005553e-14 -2.0063127e-13  5.1401136e-13
   269 : -5.4618732e-03  3.1261393e-03  7.9265607e-03
   270 :  8.4743613e-06 -2.8061712e-05  5.5356550e-06
   271 : -1.9253393e-02 -8.7973118e-03 -1.9940559e-02
   272 :  1.8997097e-06 -4.7189678e-07  1.3132097e-06
   273 : -1.1774704e-12 -3.4604299e-12  4.8751419e-12
   274 :  4.0977408e-04 -6.7350473e-03 -6.9384275e-03
   275 :  3.0802011e-10 -2.8938617e-11 -1.2715260e-09
   276 : -1.9619746e-02  7.4825793e-03 -1.7026274e-02
   277 : -2.4236795e-11  4.8053669e-11  1.7492170e-11
   278 :  1.2055124e-02  1.7688222e-02  1.1764915e-02
   279 : -1.0823772e-03 -4.5636228e-04  5.3056319e-04
   280 : -9.1406216e-03  7.2091929e-03 -3.2299142e-03
   281 : -9.9492160e-05  2.8015769e-04  2.9993072e-04
   282 :  3.3877975e-06 -7.6462995e-07  2.9882927e-06
   283 :  6.0250759e-09 -1.0714107e-08 -4.2392243e-09
   284 :  9.5722815e-11  6.7356252e-11 -1.3778821e-10
   285 : -2.9835604e-02 -2.4663365e-02 -2.5795442e-02
   286 :  1.6583306e-02 -1.8651915e-02 -2.7482210e-03
   287 :  1.8695532e-02  1.5542459e-02  1.8545224e-02
   288 :  2.6129920e-02  2.0005098e-02  3.0950750e-02
   289 : -2.6414022e-03  2.1009087e-04 -3.1125611e-03
   290 : -2.6325979e-02 -1.0576979e-02 -2.5488238e-02
   291 : -3.5928383e-04 -1.4710681e-03  5.0078096e-04
   292 :  1.3146914e-02  6.9010694e-03 -1.5800116e-02
   293 :  5.3355757e-09 -8.1309374e-09 -7.7809752e-10
   294 :  1.6634317e-02  6.9728976e-03 -1.3637966e-02
   295 : -7.4894768e-15 -7.1619736e-15  4.8641264e-15
   296 :  9.8819967e-03  1.4171667e-02  2.7997229e-03
   297 :  7.2420565e-04 -1.9016296e-03  1.2846332e-04
   298 :  7.6086776e-04 -2.2554740e-03  1.6891093e-03
   299 :  4.1498269e-17 -1.8061525e-16  3.8556532e-16
   300 :  1.2383754e-02 -5.0608948e-03 -1.8260991e-02
   301 : -5.3734829e-04  2.4781876e-03 -1.4010130e-03
   302 : -6.9244351e-03 -4.1767740e-04 -6.4145258e-03
   303 :  3.5267310e-02  1.8496101e-02 -1.2936473e-02
   304 :  1.8450682e-02  4.4945284e-03  2.9620439e-02
   305 : -2.2218721e-05 -1.1377510e-05  4.0946794e-06
   306 :  1.1126969e-02  9.3098215e-03  1.6377020e-02
   307 :  1.3825474e-02  2.6035370e-02  9.0060667e-03
   308 :  1.1863559e-04 -1.9665193e-05  9.4407052e-05
   309 : -3.0116068e-15  7.0407308e-15 -3.3269585e-15
   310 : -2.2920748e-03 -6.6580996e-03  5.3717091e-03
   311 :  3.6031522e-02  1.4945870e-02 -1.9008906e-02
   312 :  7.1523988e-14 -2.2016280e-13 -1.0218000e-13
   313 : -8.0436379e-09  2.4007515e-08 -9.6461051e-09
   314 :  9.5086002e-16  1.7097514e-15 -5.0024827e-15
   315 : -2.7142462e-11 -6.2189659e-11 -1.8568668e-12
   316 :  8.5066699e-03  1.8729020e-02  9.9119002e-03
   317 : -5.7598641e-16 -2.5041837e-16  1.3374511e-15
   318 :  4.6964854e-03  1.1114114e-03 -9.7722677e-04
   319 : -8.5196908e-03 -3.0957227e-02 -3.3922476e-02
   320 : -9.6399335e-03  5.8018001e-02  3.5166877e-02
   321 :  1.2353333e-02  1.9194289e-02  1.0751512e-02
   322 :  4.6699477e-17 -9.0617879e-17  5.0852128e-17
   323 :  6.4683213e-17  2.1593366e-16 -4.2219435e-17
   324 :  1.3723750e-10  3.4657056e-10 -4.2364543e-11
   325 :  1.5873349e-08 -1.1218271e-08  2.0573921e-08
   326 :  1.7539206e-02 -2.5058364e-02 -1.2482642e-02
   327 :  3.0914293e-02  2.5436018e-01 -1.8864396e-01
   328 : -2.9516348e-02 -1.9608428e-02 -1.6254187e-02
   329 : -3.2750038e-11 -4.3198633e-10  2.5337545e-10
   330 :  6.0435552e-17  2.1330553e-18 -1.5353646e-16
   331 :  1.2259146e-05  2.1948315e-06 -2.4254813e-05
   332 :  2.3202966e-02  2.5638752e-02 -1.3568780e-02
   333 :  5.3845439e-09 -2.4632422e-09  2.1212455e-09
   334 : -4.1055035e-02 -3.4370379e-03 -1.0916445e-02
   335 : -4.8065740e-03 -2.4427256e-02  8.1540263e-03
   336 :  2.0427653e-02  5.4175231e-02  2.4563066e-02
   337 :  2.3689611e-14 -1.1727559e-13  1.0726888e-13
   338 : -4.4443786e-02 -2.4948881e-02  1.9060635e-02
   339 :  3.3389900e-10 -5.5051942e-10 -4.5784724e-10
   340 :  7.0108826e-03  4.2425621e-03 -1.7605223e-03
   341 :  5.7416324e-14 -6.7245456e-14  6.7268126e-15
   342 :  2.1895778e-11 -5.6955173e-11 -4.3757083e-11
   343 :  2.5612329e-04  3.7153002e-06 -3.4289995e-05
   344 :  6.6960481e-03  2.7408676e-03  5.3006597e-03
   345 : -1.1901126e-02  3.3827603e-03 -5.1162593e-03
   346 : -6.8051656e-11 -5.0888367e-11  5.6553128e-12
   347 : -2.8412180e-02 -7.7320733e-04 -3.4545312e-02
   348 :  5.5645710e-05  3.3780350e-04 -2.1014312e-04
   349 : -5.4627126e-05  8.2860641e-06 -2.5114821e-05
   350 : -8.7791297e-03 -2.5372280e-02 -1.2126335e-02
   351 :  2.6885492e-08  2.4415852e-08 -1.5374983e-08
   352 : -9.6869990e-03  2.6026633e-03 -3.1374671e-02
   353 :  1.9549876e-02  2.3029526e-02  1.4042858e-02
   354 :  3.3906730e-02  2.0041673e-02  2.7325559e-02
   355 :  4.1487298e-03 -2.4100257e-03 -5.3541019e-03
   356 :  9.3677464e-14  8.0275968e-14 -2.4939388e-13
   357 :  1.3804557e-02 -8.1554393e-03  1.0431428e-02
   358 :  5.7471731e-06 -3.7361403e-05 -1.8174285e-05
   359 : -2.2411868e-20  6.4881652e-20 -5.2354352e-20
   360 : -1.4132362e-02 -3.0919144e-02 -2.6257356e-02
   361 : -1.2974015e-07 -3.2536611e-08  2.6875026e-08
   362 :  1.3019177e-05 -3.8027985e-05  1.3169252e-04
   363 :  4.5572984e-06 -2.2803859e-06  6.4278859e-06
   364 : -5.0956522e-07  1.0232587e-06 -6.4121277e-08
   365 :  4.0605572e-03 -9.3699138e-04 -4.9497040e-04
   366 :  3.0354193e-13 -8.6942015e-13 -1.6279905e-14
   367 : -5.2383205e-03 -3.5739278e-03  4.6844601e-03
   368 :  4.7503911e-03  1.1986887e-02  5.0620200e-03
   369 : -6.7304738e-05 -5.7915520e-05  3.5156687e-04
   370 : -3.7998584e-05  8.0507250e-05 -1.6980516e-06
   371 :  6.9034694e-14  7.1687118e-14  1.5684355e-15
   372 :  4.6668600e-04 -1.3458721e-03  6.9537447e-04
   373 :  1.6783675e-02  1.3088203e-02  2.5079744e-02
   374 :  1.3857160e-02 -1.4789938e-02 -5.5221736e-03
   375 :  8.2697992e-09  1.3937724e-08 -5.7880050e-09
   376 : -2.0723194e-14 -8.5284055e-15  6.1900540e-14
   377 :  3.0756752e-04  2.4822079e-04  4.1501617e-04
   378 :  1.2336977e-05  2.0347007e-05 -3.7614080e-06
   379 :  1.1584034e-17 -1.9641546e-17  5.8679500e-18
   380 : -3.4218115e-02 -2.2601963e-02 -6.3709138e-03
   381 : -1.1581627e-05  1.0038174e-06  2.9367600e-06
   382 :  1.1318992e-07 -2.7444485e-07 -3.4271836e-08
   383 :  6.9511408e-03  2.4397219e-02 -9.7656004e-03
   384 :  1.6096335e-08 -9.8132679e-08  3.3574751e-08
   385 :  1.7296811e-02  1.9384941e-02  1.7345613e-02
   386 :  8.1821725e-03  8.6812925e-03  5.4824303e-03
   387 :  1.6125065e-09 -3.0308443e-10 -1.8585414e-09
   388 :  1.2514978e-02  8.1157798e-03 -2.9553195e-03
   389 :  2.8763560e-06 -3.4260477e-06 -2.5552140e-06
   390 : -3.1401152e-03  2.7814776e-03  5.8763391e-03
   391 : -9.2924423e-09 -2.8173667e-05  1.2154688e-05
   392 :  1.0611054e-02 -2.8501328e-02 -1.6822135e-02
   393 : -6.5871607e-03  1.0836345e-02  2.3338234e-02
   394 :  2.3139219e-07 -4.3016667e-07 -1.7689304e-07
   395 : -4.7220320e-04  4.5119961e-04 -2.9934330e-04
   396 :  5.2489421e-17 -1.2957679e-16  2.4587325e-16
   397 : -7.3724324e-03  2.5821960e-02 -1.5894561e-02
   398 :  8.2826397e-03  1.2949445e-02 -4.7068185e-03
   399 :  2.9762387e-02  1.8431163e-03  4.1182422e-03
   400 :  1.0913283e-02 -3.4697238e-03  1.3654435e-02
   401 :  1.5098399e-02 -4.9674714e-03 -2.1659581e-03
   402 :  9.9990002e-07 -2.0985613e-07 -7.9436936e-08
   403 : -1.5476189e-06  4.2746050e-06 -9.6711707e-07
   404 :  1.0453706e-13  1.4210124e-13 -5.1891235e-13
   405 : -2.2409131e-03  2.6392090e-04  2.1296544e-04
   406 : -1.5645200e-02 -2.4220591e-02 -2.6296739e-02
   407 :  2.6134512e-03 -9.5221815e-03 -4.5780898e-03
   408 : -6.1902414e-03 -1.0367817e-03 -2.6168734e-03
   409 :  2.1966473e-03 -2.9178790e-03 -1.6440263e-03
   410 :  1.4341150e-02  2.4843095e-02  2.3241929e-02
   411 : -4.1363985e-03  8.9516323e-03 -2.6125529e-03
   412 : -2.9302770e-03  1.6753305e-03 -5.0831373e-03
   413 : -8.7632652e-15 -9.8094718e-16  1.4637371e-14
   414 :  1.2260800e-02  3.0435214e-03 -8.3308807e-03
   415 : -5.4660120e-03  2.0038115e-03  1.0629093e-02
   416 : -3.4539448e-11  2.1745929e-10 -8.3803812e-10
   417 :  9.9211913e-03 -3.2573956e-03  1.3166550e-02
   418 :  1.0865130e-02  8.2414539e-03 -6.7813700e-04
   419 :  3.8424248e-13 -1.1615208e-12  1.3749899e-13
   420 :  2.0514587e-12 -5.9396758e-12  1.3546374e-12
   421 : -2.6534400e-11  8.4459871e-11  3.4348086e-10
   422 :  3.3453591e-05 -1.1815944e-04  1.8879820e-04
   423 :  3.4760372e-03  2.4678743e-02  1.7356188e-02
   424 : -1.2620252e-07  1.9840321e-07  4.1844914e-08
   425 :  3.5890878e-09  3.2975503e-09 -1.2258539e-09
   426 :  2.3160535e-06  2.1604768e-06 -6.3851940e-07
   427 : -1.0950920e-05 -8.7416100e-06  3.3486333e-05
   428 :  3.8227055e-07 -9.4116298e-07 -6.9733807e-07
   429 :  3.6835524e-02  3.3002300e-02  2.9397385e-02
   430 :  1.5110219e-03  1.1908419e-03 -3.9723097e-03
   431 :  7.8083297e-04 -2.8649125e-03 -2.6524545e-03
   432 :  3.7079266e-04 -7.8192853e-05  3.7467342e-04
   433 :  8.5550114e-15 -2.0881454e-14  1.0594511e-15
   434 : -2.5937594e-03  1.9377398e-02  5.3512369e-03
   435 : -4.2591254e-03  1.8761538e-03 -3.9575706e-03
   436 :  2.3360756e-09  9.5638130e-09 -7.2992635e-09
   437 : -1.6147250e-02  2.5478311e-02 -2.7878438e-02
   438 : -2.7399459e-02 -1.7033787e-02 -2.5851808e-02
   439 : -3.5547259e-03 -2.4120812e-02 -5.1758286e-04
   440 : -2.0144794e-11  1.1435961e-10 -3.6270399e-11
   441 : -3.5955359e-15 -1.6274578e-15  4.1695760e-15
   442 :  5.2787280e-03  5.8134846e-03  6.0121931e-03
   443 :  1.0496480e-03 -3.5126787e-03 -1.0088469e-03
   444 :  8.7813120e-03  4.9621641e-03 -1.1896393e-03
   445 : -7.7922599e-04  1.1252954e-04  1.4707434e-04
   446 :  1.6754196e-02 -1.1969914e-03 -1.6423381e-02
   447 :  1.3243143e-04 -9.1427360e-05  1.4150026e-04
   448 :  1.9142123e-02  2.3732763e-05  2.0418320e-02
   449 : -2.3804491e-14  3.0261117e-14  2.7447946e-14
   450 :  8.2235838e-16 -3.9238613e-17 -9.7686665e-16
   451 : -2.6128744e-02 -1.2966479e-02 -1.2658283e-02
   452 :  1.9295404e-03  7.4641147e-03 -4.2838553e-03
   453 :  4.5642495e-03 -1.1387724e-02 -1.6702710e-02
   454 :  2.6063972e-02  1.7275942e-02  3.3564385e-02
   455 :  8.8762466e-07 -6.4166309e-07 -9.8831001e-07
   456 :  1.8170105e-02  1.9708415e-02  2.7064852e-02
   457 :  2.1084982e-15 -2.1039012e-15 -3.9239153e-15
   458 :  5.8503811e-06 -1.7909086e-05  6.2843455e-06
   459 : -2.4942673e-03  1.5870199e-02  2.4183670e-02
   460 :  2.3296306e-02  3.8990980e-04  2.1936980e-02
   461 : -5.8935837e-05  4.0002818e-05  1.1817924e-04
   462 : -1.8618315e-03  3.6942641e-03 -2.2708058e-03
   463 :  1.5331883e-10  1.0831122e-10 -3.7982883e-10
   464 : -3.7835562e-02 -2.8247796e-02 -2.8952041e-02
   465 :  3.9010015e-03 -2.7436200e-03 -2.5870395e-03
   466 :  4.6806136e-03  6.8983811e-03 -1.3522322e-02
   467 :  1.1585073e-10 -5.5328461e-11 -8.8522341e-11
   468 : -3.0384145e-09 -1.0544497e-09  7.5117414e-10
   469 :  2.4324867e-17 -1.9471247e-17 -2.9747584e-18
   470 :  5.2629046e-15 -5.9037824e-15 -3.9921087e-16
   471 : -2.0770828e-08  7.8092615e-09  7.6658477e-08
   472 :  1.4287117e-10 -4.4352427e-11  2.5338506e-10
   473 : -1.1116793e-02 -2.5752616e-03  2.5891521e-03
   474 : -7.3204216e-13  2.8089385e-12 -4.4328692e-14
   475 : -3.1877739e-07  9.8550838e-08 -2.2361293e-07
   476 : -1.4633818e-07 -7.3326511e-08  6.6889223e-08
   477 : -1.0659111e-17 -2.2810721e-17  2.0838876e-16
   478 :  3.8200409e-02  1.7088367e-02  3.0468376e-02
   479 :  1.0060098e-17 -2.3002124e-17  2.5479519e-18
   480 :  4.4483522e-03  1.9578742e-03 -1.1035487e-02
   481 : -1.2796781e-06 -6.1825285e-07  3.7509401e-06
   482 :  1.3332841e-11 -4.9190484e-11  1.7026363e-11
   483 : -1.0278463e-02 -2.0340052e-02 -2.1089821e-02
   484 :  1.9469972e-02  1.8651353e-02  1.6161820e-02
   485 : -3.4700243e-03 -1.1664048e-03 -1.0686798e-02
   486 : -6.5148918e-05  1.1847249e-02  1.1788359e-02
   487 :  6.1231250e-03 -1.1763699e-02  5.3473616e-02
   488 : -1.8354145e-02 -2.1397018e-02 -2.0483986e-02
   489 :  9.6755961e-13  1.6900662e-13 -2.0348284e-12
   490 : -1.6190110e-11  1.0478274e-11 -1.7088333e-12
   491 : -1.1208727e-11 -2.5430760e-11  1.5080722e-11
   492 : -5.4802025e-03  4.2488794e-02 -3.7206959e-02
   493 :  4.0299664e-03  3.1739031e-03  1.1451933e-03
   494 :  1.0270282e-02  7.7081917e-03  8.6582359e-05
   495 :  4.0150991e-04  4.2566321e-04 -1.7906933e-03
   496 : -5.5694453e-09 -1.4271356e-08  2.9204442e-08
   497 :  3.9439369e-15  2.6569152e-14 -1.5036826e-14
   498 : -4.7242128e-13  3.1660922e-13 -4.8974629e-13
   499 :  2.2541281e-02 -2.0899123e-02 -7.4068607e-03
   500 : -9.4621524e-16  1.0265575e-15  1.4800075e-15
   501 : -1.1239397e-16  3.5931700e-16  7.4618267e-17
   502 : -4.2531160e-03 -4.0758552e-02  1.3355954e-03
   503 :  4.3979394e-03  5.8367932e-03  2.4759847e-03
   504 : -3.7285453e-03  7.5042846e-03 -3.0858121e-03
   505 : -9.0673529e-04  8.5146186e-03  1.8604236e-02
   506 :  6.5154466e-11 -1.4707361e-10  5.4999518e-11
   507 : -2.9742227e-09 -1.1818699e-09  3.9853914e-09
   508 : -1.3022156e-09  3.8920957e-09 -1.2179695e-09
   509 :  2.8607511e-03  2.2884453e-02  9.6097869e-05
   510 : -3.3896117e-09 -2.9810680e-09 -8.9451421e-09
   511 : -5.5563559e-05  6.4229137e-05  9.8285929e-05
   512 :  3.5438065e-06  4.9268639e-06 -1.6836075e-06
   513 :  9.6116243e-04 -2.6892210e-03 -3.0920584e-03
   514 : -7.4895529e-03  1.8725446e-02  1.3307517e-02
   515 :  1.5974366e-02  1.3783295e-03  1.6548898e-02
   516 : -1.6642767e-09 -3.9206150e-09  2.8457383e-09
   517 :  1.5062394e-02 -4.3135032e-02  3.7113667e-03
   518 : -3.7480806e-04  1.9756262e-03 -4.7993239e-03
   519 :  8.7541528e-05  9.7417382e-05 -1.3652969e-04
   520 :  2.8651201e-04  1.9061120e-04 -2.0363255e-04
   521 : -1.2485471e-02 -2.8653733e-02 -2.4787803e-02
   522 :  2.7261845e-02  1.3735377e-02  2.3436907e-02
   523 : -1.6753832e-02  4.6900800e-02 -7.1741688e-02
   524 :  1.0231011e-02  1.7073513e-02  1.8690164e-03
   525 :  6.4421472e-03 -4.2420683e-03 -2.1819659e-03
   526 : -8.1046835e-09 -7.2717585e-07  2.5340115e-06
   527 :  3.3182371e-13 -3.6021821e-14 -1.3663456e-12
   528 : -5.2356875e-04  8.3872268e-04 -4.2677248e-04
   529 :  1.8265491e-02 -1.4738291e-02 -1.8154957e-02
   530 :  1.1903218e-02  9.8439258e-03  7.9974376e-03
   531 : -2.6318398e-02 -3.0584394e-02 -1.2417255e-02
   532 : -1.1678445e-06 -3.8388109e-05 -2.1083642e-05
   533 : -6.9427108e-19  7.6359001e-19 -7.9893546e-19
   534 :  1.5217121e-19  5.1117173e-19 -8.3647028e-19
   535 :  9.3160541e-12 -1.3430456e-11 -1.2131933e-12
   536 :  5.1112188e-03 -1.3330990e-02 -1.0662564e-02
   537 :  4.4724418e-03  2.2010376e-03 -2.5020953e-03
   538 :  1.6776227e-02  2.2000254e-02  1.0671236e-02
   539 :  1.2990494e-12 -3.6574959e-12 -5.3387373e-13
   540 : -9.0800162e-12 -7.8998566e-11  1.3767014e-10
   541 :  2.9074364e-10 -3.3074224e-10 -7.5268707e-10
   542 :  3.2854702e-04  3.6909482e-04  3.2137315e-04
   543 :  3.9001341e-13  2.1391150e-13 -2.0882212e-13
   544 :  3.5968184e-04 -2.0659094e-03 -9.3972201e-04
   545 : -4.0214702e-08  1.5578037e-08  8.6162034e-08
   546 : -3.0632229e-02 -2.4040092e-02 -2.1198065e-02
   547 : -3.0908698e-11  7.0150358e-11 -1.0635968e-11
   548 : -2.5152223e-02 -2.7638782e-02  1.7465521e-04
   549 : -2.5262307e-10 -1.0224872e-09  2.2102690e-09
   550 : -1.5139218e-02 -3.0709030e-02  1.4050630e-02
   551 :  1.1573106e-03 -2.6130690e-03 -1.9719921e-02
   552 : -6.8279700e-03 -1.9587326e-02 -4.9763885e-04
   553 : -5.0856180e-02  1.8811935e-02 -6.1875242e-03
   554 : -8.2926530e-09  3.3409259e-08 -1.2647668e-08
   555 :  9.3387231e-05  2.7046246e-04  2.4482965e-04
   556 : -1.5305021e-09 -1.7591547e-09  1.9671810e-09
   557 :  3.7365588e-02  1.6285252e-02  3.0645154e-02
   558 :  2.3717517e-02  7.5948521e-03  1.4206482e-02
   559 : -1.1049030e-02 -3.1514023e-03 -2.2839781e-02
   560 : -2.8880314e-02 -1.2604011e-02  1.5819693e-02
   561 : -5.5481872e-03  1.0043773e-02  2.0258103e-03
   562 : -1.8831172e-05  4.2497265e-05 -1.2027689e-05
   563 : -1.5121353e-16 -6.3593746e-17  1.3971019e-15
   564 : -2.1956803e-02 -2.8565731e-03 -6.3848399e-03
   565 :  4.3659976e-03  6.9976732e-03  2.2827005e-03
   566 : -5.0468616e-11  2.4715241e-10  3.4589139e-10
   567 :  8.8071786e-05 -2.1904309e-04  3.8311410e-04
   568 : -8.5796344e-04 -2.4037104e-02  2.8778734e-02
   569 : -4.7527144e-03 -3.5911682e-03  6.3150747e-03
   570 : -2.3691151e-08  5.0211192e-08  1.6097027e-08
   571 :  1.9543502e-04  2.1795996e-04 -1.4490676e-04
   572 :  4.2691238e-16 -6.5303399e-17  6.1104800e-17
   573 :  3.0806892e-02  2.3985784e-02  2.0853197e-03
   574 :  2.2129485e-02  2.0175018e-02  1.6543330e-02
   575 :  2.0138919e-02  2.4414122e-02  3.3343091e-02
   576 :  3.4045072e-02  1.6801820e-02  2.2457327e-02
   577 :  3.3298454e-02  2.5268895e-02  3.0604784e-02
   578 :  7.5448577e-18 -3.4885601e-17  1.5775840e-17
   579 : -1.5301949e-02 -1.5772747e-02 -2.3980863e-02
   580 :  1.8903701e-02  1.2649345e-02 -4.3659151e-03
   581 :  2.5406231e-09  7.9410223e-09  9.5334713e-09
   582 : -1.1293945e-17 -5.1138278e-17  1.8877622e-17
   583 : -2.9980258e-07  9.2045041e-07 -4.8358791e-07
   584 :  1.6819027e-14 -3.2505660e-14 -1.7239955e-15
   585 :  9.8046090e-03  3.5553518e-03 -2.7842796e-02
   586 : -1.2946233e-10  3.8340528e-10 -7.1832382e-11
   587 : -5.8061865e-07  2.4028303e-06 -9.0577810e-07
   588 :  2.5770013e-10  4.1930469e-10 -1.2456641e-10
   589 : -9.1748036e-02  1.9778902e-02  2.8873677e-02
   590 : -1.7118364e-02 -9.3375596e-03 -1.7456908e-02
   591 : -1.9586705e-17  3.4598446e-17 -1.5964283e-17
   592 :  1.8043964e-09  2.6550368e-09 -7.7391288e-09
   593 :  9.1421837e-05 -3.2966031e-05  1.4248081e-05
   594 :  1.0866514e-06 -1.3554114e-05  5.6578195e-06
   595 : -3.4003078e-03 -8.5427219e-03  1.9948931e-02
   596 :  3.5186978e-02 -1.5987560e-01  2.7327348e-01
   597 : -6.1441133e-05 -2.9404794e-05  7.1020658e-05
   598 :  1.7130099e-06  4.6560070e-06 -2.5434886e-06
   599 : -3.8818119e-02 -7.2122857e-03 -1.8742234e-02
   600 : -4.3021849e-03  1.2300461e-02 -9.1230601e-04
   601 : -5.0554445e-03 -2.7871764e-02 -1.4136785e-02
   602 : -6.5011243e-11 -3.2489627e-11 -1.9835099e-11
   603 :  8.0501621e-13  1.6539036e-12 -7.9341649e-13
   604 : -4.5725663e-08  1.2475048e-07 -1.6512481e-07
   605 :  1.7057557e-05 -3.1704074e-05 -1.8080614e-05
   606 :  5.6507685e-03  2.2875242e-02  1.3921156e-02
   607 :  9.2072570e-04 -1.5045533e-03 -1.6383427e-03
   608 : -3.3488183e-10 -1.0569268e-09  4.2232207e-10
   609 :  1.1975261e-09 -1.2215046e-07  2.6955503e-08
   610 : -2.6109224e-14 -1.1031267e-12  1.5254935e-12
   611 : -2.3118706e-03 -2.3327262e-02 -3.2741420e-02
   612 :  1.0730763e-03 -3.0092772e-03 -2.5033273e-03
   613 :  2.1882875e-04  3.5659210e-04 -5.2600946e-04
   614 : -6.1039479e-02 -9.6480166e-02  5.6416808e-02
   615 :  1.6175488e-03 -1.0758395e-03 -2.8786777e-03
   616 : -1.0508778e-13  1.2952068e-13  1.1922301e-13
   617 : -7.9399124e-04 -5.4287513e-04  1.9779946e-04
   618 : -1.9693747e-06 -3.9299141e-06  3.3176306e-06
   619 : -6.0850672e-11  1.8649337e-10 -9.7033829e-11
   620 :  6.4798044e-06 -9.3570476e-07  9.5246375e-06
   621 :  1.7188076e-03 -2.7625478e-03 -4.8830991e-03
   622 :  2.9009223e-03 -6.5934285e-03 -2.7830802e-02
   623 : -2.2727245e-02  1.7462317e-02  1.0176699e-02
   624 :  3.3686162e-04  8.1993302e-03 -1.3785914e-03
   625 : -1.0517512e-03 -1.3085022e-03  9.8881103e-04
   626 :  1.5457785e-17 -7.5006372e-17  2.3446987e-17
   627 : -5.4331117e-12 -1.6999998e-13  1.1276088e-11
   628 :  7.3199184e-07  2.3625042e-06 -1.1297494e-06
   629 : -6.1077625e-04 -4.9783275e-03 -2.0757213e-03
   630 :  1.2699858e-02  9.3152588e-03  1.6891131e-02
   631 :  1.4858514e-04 -3.9610898e-04  1.2973271e-04
   632 : -5.6708057e-14  1.3305459e-13  7.3436536e-14
   633 : -1.5532262e-02 -5.9382364e-03  5.3867991e-03
   634 : -1.3807174e-03 -1.5189360e-03  1.4258789e-03
   635 : -1.7130326e-02 -2.6196537e-02 -2.9503009e-02
   636 :  8.4730313e-03  5.1786337e-03  5.1546811e-03
   637 : -6.0743556e-04  1.6430097e-02  7.0456105e-03
   638 : -1.4608312e-02 -2.9811280e-02 -3.6232064e-02
   639 : -9.5823528e-03 -1.7207102e-02 -2.9835941e-02
   640 :  2.0313645e-02 -1.0440687e-02  1.3623451e-02
   641 :  1.7920480e-10 -4.2334453e-10  1.7854294e-10
   642 : -7.6341167e-03  3.0393258e-02  4.8761001e-02
   643 :  8.2411320e-03 -3.8674298e-04 -2.4661565e-03
   644 : -1.3789538e-02  4.7412632e-02 -3.5443189e-02
   645 :  4.2102984e-02  2.0765757e-02  3.7690914e-02
   646 :  3.3524531e-04  6.6059895e-04 -1.3758731e-03
   647 : -2.0514266e-02  2.4241390e-04  1.6300513e-02
   648 :  1.1280497e-02  2.3035420e-02  7.8010281e-03
   649 :  1.0890369e-02 -1.1049032e-03  5.7156226e-03
   650 :  3.8215611e-04 -1.4398784e-03  2.3786427e-03
   651 : -2.1016505e-02 -2.1771698e-02 -3.6286410e-02
   652 : -5.2047449e-03  8.9281922e-03 -2.9092607e-03
   653 : -3.1488251e-03 -2.8397371e-03  3.3557854e-02
   654 : -9.7739890e-08  3.6663504e-08  1.1471038e-07
   655 :  4.6383054e-04 -4.0668564e-03  4.0662832e-03
   656 : -1.7586070e-03  1.2460262e-04  7.5852659e-03
   657 : -1.1961090e-02  2.5255378e-02  7.8376307e-03
   658 :  3.2835878e-02  3.7571131e-03  2.0186646e-02
   659 :  1.4096740e-02 -2.3549624e-04  1.8037913e-02
   660 : -9.9740758e-03  4.7004409e-03 -3.2342061e-02
   661 : -1.5061956e-02  4.1275412e-03 -4.1381613e-03
   662 :  6.8975976e-06  2.1819824e-06 -9.7748130e-06
   663 : -6.1903668e-03 -1.2091964e-02  1.0142454e-02
   664 : -4.1965159e-02 -2.1782202e-03 -2.1323973e-02
   665 : -2.3696849e-03 -2.8713119e-03  2.2169740e-03
   666 :  5.1840824e-15 -3.8754550e-14  1.6000331e-15
   667 :  1.0113252e-08  2.8156768e-09  1.0088696e-08
   668 :  6.2315696e-03  3.7158526e-03  4.9353581e-03
   669 :  8.2861847e-18 -2.3300730e-17 -3.1812592e-17
   670 : -1.0396070e-02 -1.3255181e-02 -1.3291614e-02
   671 :  2.2182743e-02  1.3501213e-02  2.2835149e-02
   672 : -1.2128771e-03  3.2956404e-03  4.3727161e-03
   673 : -3.1862060e-05 -2.6262953e-05  8.1499171e-05
   674 : -1.5433428e-04  1.5664459e-04  3.0058355e-04
   675 :  2.2388392e-04  2.9647926e-05  6.7108934e-06
   676 :  1.6989921e-02 -5.0735617e-02  1.2091715e-01
   677 : -7.2881485e-04  4.9380326e-04 -8.9717291e-04
   678 :  4.0935736e-03  5.2502326e-03  3.0928379e-03
   679 :  2.9797568e-02 -4.2423597e-03  2.6335144e-02
   680 :  1.6187216e-02  7.3262160e-03 -4.5777383e-03
   681 : -2.7013582e-11 -9.4624220e-10  4.2470863e-09
   682 : -1.9457489e-09  5.9488577e-09  1.8045455e-09
   683 :  1.3494211e-08 -6.0016414e-08 -1.1492205e-07
   684 : -4.7224992e-11 -1.0548172e-12 -1.7631499e-10
   685 :  1.9510873e-02  1.5685541e-02  1.7442944e-02
   686 :  1.5678203e-04  2.5481568e-05  9.3100118e-05
   687 : -2.8298045e-11 -4.7931848e-10  2.0492478e-09
   688 : -8.6061745e-06 -4.4194882e-05  8.7919767e-05
   689 : -1.8430898e-02 -2.5118469e-02 -6.6755141e-03
   690 : -2.3828270e-03 -1.3496110e-03  1.1343853e-04
   691 :  2.3213445e-02  3.3935285e-02  2.2171472e-02
   692 :  2.8762401e-02  1.1322932e-02  2.3547230e-02
   693 :  1.1062426e-18 -5.2421630e-17 -4.0730388e-17
   694 : -1.3628147e-11  1.3251009e-11  2.5901412e-11
   695 : -2.0850225e-02 -2.3947969e-02 -2.0415884e-02
   696 : -2.6678052e-03  2.1774836e-04 -2.2883172e-02
   697 : -7.2353379e-03  1.5051457e-02  1.7288686e-02
   698 :  1.2003337e-02 -3.6649229e-03  9.1938761e-03
   699 : -6.7841636e-07  7.0171936e-06 -2.6916530e-05
   700 :  7.3715397e-16  1.4894646e-15 -3.8355923e-15
   701 : -3.3016272e-14  1.1177900e-13 -3.7753808e-14
   702 : -2.2975298e-08  7.6672558e-08  2.1922084e-08
   703 :  2.4808565e-02  1.9355322e-02  2.7710358e-02
   704 : -4.9345968e-03 -3.8708740e-03  1.3229173e-02
   705 :  5.4092484e-11 -1.5165852e-10  1.6431077e-10
   706 : -1.8885093e-01  1.4885479e-01  6.7279119e-02
   707 : -5.2035038e-02 -5.3468725e-02 -1.0286053e-02
   708 : -7.9389591e-03  3.8593968e-03  2.7115161e-02
   709 : -9.7329091e-04  2.8423116e-04 -1.6850603e-03
   710 :  6.3409462e-06 -1.5983063e-06 -1.2333434e-06
   711 : -1.2381188e-03 -1.1185631e-03 -1.7810500e-03
   712 :  8.8953314e-03  6.7054409e-03  5.7521808e-03
   713 :  6.1280698e-03 -3.2589562e-04  1.4130153e-02
   714 :  3.1338063e-02  2.6096622e-02  3.3501380e-02
   715 :  2.3313611e-02  5.9830613e-03  1.7019957e-02
   716 :  1.0764110e-11 -1.9971459e-11  2.4733667e-11
   717 : -1.4190786e-02 -2.7671093e-02 -1.5791153e-02
   718 :  2.0099706e-02 -4.2684291e-03  9.5259614e-03
   719 : -1.1888987e-02 -5.0077138e-03 -6.6223718e-03
   720 :  1.3105385e-02 -8.5403668e-03  1.9211545e-02
   721 : -1.8011701e-02  4.0941791e-02 -1.9011999e-02
   722 : -1.0048896e-09 -1.1419208e-10 -4.5569082e-10
   723 :  1.2475203e-09  1.9643580e-08 -1.7138536e-08
   724 :  1.0884440e-09  6.0738515e-09 -2.1241666e-09
   725 :  5.8344637e-03  5.4035456e-03 -2.3054527e-03
   726 :  6.4969963e-05 -1.4554635e-05 -2.3330199e-05
   727 : -2.1054713e-04  5.8114575e-03 -2.7858315e-03
   728 : -1.4590558e-02 -2.8386420e-02 -2.6576031e-02
   729 :  6.1210886e-02  1.8499175e-03  3.6146774e-02
   730 :  1.2607205e-02  9.8272562e-04  6.2992968e-03
   731 :  5.7208313e-09 -7.7987630e-09  1.2021372e-09
   732 :  3.4927747e-06  7.3771010e-07 -7.6008020e-07
   733 :  1.7317588e-02  2.2716940e-02  1.2837361e-02
   734 : -5.8022068e-02 -9.1019786e-01  1.0167237e+00
   735 :  2.8173200e-02 -8.0427954e-02  1.8787474e-01
   736 : -4.9563155e-03 -3.3529422e-02 -2.8302899e-02
   737 :  1.6999748e-04  1.9999785e-04 -6.2492616e-04
   738 :  5.2916625e-03  3.4166476e-03  5.1542253e-03
   739 : -8.3041593e-04 -2.1118621e-03 -5.5608398e-03
   740 :  1.4930167e-02  1.8392002e-02  1.8811827e-02
   741 :  3.4309398e-04 -5.0405711e-03  7.1991944e-03
   742 : -2.6470482e-03 -2.5622798e-03  2.7500828e-03
   743 :  3.0961962e-02  2.2778828e-02  2.3108108e-02
   744 :  2.5068270e-02  5.9253652e-02  3.1103211e-02
   745 : -2.9570875e-10 -3.5108037e-10 -7.2864158e-10
   746 :  2.7935680e-09 -1.3760112e-07 -1.5958466e-07
   747 : -2.3803342e-05 -6.8853920e-05 -8.5534404e-06
   748 :  1.2697352e-02  6.0610909e-03  2.2380304e-02
   749 : -2.6680281e-02 -3.0795661e-02 -2.8465013e-02
   750 :  1.7673738e-10  2.1435666e-10 -4.0639819e-10
   751 :  2.6406108e-02  2.4542247e-02  3.4944407e-02
   752 :  1.0622992e-03 -1.6498754e-03 -3.2176018e-03
   753 : -3.0556334e-02 -3.0412284e-02 -2.6236751e-02
   754 : -1.4891198e-07 -2.4046202e-07  5.8530286e-07
   755 :  3.5758745e-02  4.6418856e-02  2.7991643e-02
   756 :  6.2588346e-04 -6.3096219e-04 -1.1327303e-03
   757 : -6.8388041e-17 -3.7871107e-17  5.0150199e-17
   758 :  2.3996011e-03  5.3422686e-02 -2.3969263e-02
   759 :  6.1897516e-03 -4.4449120e-03  1.2896367e-02
   760 : -2.4679919e-05  7.1492198e-05 -4.9686926e-05
   761 :  1.6472187e-02  1.8777004e-02  2.0656629e-02
   762 :  5.2672671e-03 -1.2840881e-01  1.2182718e-01
   763 :  2.2575930e-12 -6.7042951e-12  2.1302301e-12
   764 :  2.1397779e-13  6.2933173e-13 -3.9042671e-13
   765 :  3.3049895e-02  2.7723183e-02  3.4246906e-02
   766 : -6.6801814e-05  4.1477093e-04 -1.2422089e-05
   767 :  5.3975669e-02 -1.5483698e-01  2.3355750e-01
   768 : -3.6806818e-10  4.0735294e-10 -1.0917771e-09
   769 :  3.4088647e-02  3.1224532e-02  3.6428301e-02
   770 :  3.1304598e-02  1.5898917e-02  2.6139809e-02
   771 :  3.1277030e-03 -1.5387657e-02  2.8381847e-02
   772 :  7.6713360e-03 -8.0151597e-03  7.1621959e-03
   773 :  2.5435819e-04  2.9868928e-04 -3.5706957e-04
   774 :  3.7271870e-02  3.3656007e-02  2.2020927e-02
   775 :  6.4751478e-02 -3.3422805e-01  3.6230419e-01
   776 :  4.0688468e-04  7.0415711e-05 -8.2689801e-04
   777 :  2.0376373e-02  1.4172937e-02  1.8568755e-02
   778 :  2.5889053e-02  2.2201645e-02  2.2046451e-02
   779 :  1.1680746e-07  1.2355954e-08 -4.9432379e-08
   780 : -2.7651096e-02 -1.3111365e-02  2.9666031e-02
   781 : -6.0201496e-10  4.2888461e-10 -3.1021008e-10
   782 : -1.4017821e-17 -8.0938356e-19  2.6051849e-17
   783 :  3.4547386e-02  3.2245414e-02  2.2364207e-02
   784 :  8.0706194e-04  2.0532078e-02 -7.7371477e-03
   785 :  1.3304177e-09 -2.9642347e-09  5.2317597e-10
   786 :  5.9217183e-02  2.3796916e-02  2.5689746e-02
   787 :  1.9694775e-02  1.4595604e-02  2.6737076e-02
   788 : -6.3579851e-10 -1.7021843e-10 -1.5923813e-10
   789 :  1.0604860e-08 -2.9825492e-08  1.8345819e-08
   790 :  2.7842760e-02  2.6022179e-02  5.9870572e-03
   791 : -2.5958267e-02 -6.1579407e-02  9.0511206e-02
   792 :  7.1912065e-03 -1.0338167e-02  6.0665339e-03
   793 :  8.7975459e-03 -1.2690650e-02 -7.5323201e-03
   794 :  3.0807040e-02  2.0394146e-02  1.8183322e-02
   795 :  1.0001706e-02 -1.6457468e-03  1.4213209e-02
   796 : -1.2080209e-02 -2.5742389e-02 -7.7468732e-03
   797 :  5.1336933e-10 -3.8683348e-10  2.4384166e-10
   798 : -2.4425964e-02 -1.0964945e-01  5.4091755e-02
   799 : -7.1186710e-05  5.3214289e-05  1.9304234e-04
   800 :  3.1531808e-02  3.2706280e-02  3.6477121e-02
   801 :  3.4057793e-08 -2.9785677e-08 -4.0785085e-08
   802 :  3.0112313e-02 -6.0396889e-02  1.4641023e-01
   803 : -4.4604136e-06 -2.7101989e-05  7.2662542e-06
   804 :  3.2349331e-02  3.4553408e-02  3.6511022e-02
   805 :  1.6663647e-02  1.8354840e-02  1.5734992e-02
   806 :  2.0444666e-07 -1.1574207e-07  6.1105500e-08
   807 : -1.9168688e-10 -1.5300076e-09 -6.8104965e-11
   808 :  4.1507130e-02  3.5098906e-02  3.3010182e-02
   809 : -1.0200244e-04  2.1984349e-04  2.8630110e-05
   810 :  1.2920203e-09  3.3579619e-09 -2.5572172e-09
   811 :  1.3663744e-17  7.9862361e-18 -3.4753746e-17
   812 : -2.0507804e-03 -1.1349043e-03 -4.4002100e-04
   813 :  5.7294370e-03  1.4856251e-02  2.0675200e-02
   814 :  6.1363203e-18  2.5184513e-18 -1.1701945e-17
   815 : -6.2429930e-19  3.8713310e-19  2.9745737e-19
   816 : -2.7005660e-14  1.2071530e-14  7.1096932e-15
   817 : -7.0448578e-16 -3.2724909e-16  1.6995539e-15
   818 :  3.3323521e-17 -8.5199237e-17  4.2371995e-17
   819 : -2.5195785e-03  1.3369181e-03 -2.3679262e-04
   820 : -2.0213311e-17  6.4003203e-17 -1.4095143e-17
   821 : -3.7360140e-03 -1.3314574e-02 -7.4034860e-02
   822 :  3.4066743e-03 -2.9553056e-03  6.7132070e-02
   823 : -1.1727346e-06  2.9989705e-06 -5.4680266e-07
   824 :  9.9191340e-06 -1.8009448e-05 -1.6025124e-05
   825 : -2.0058116e-12 -3.6834276e-12  1.0527694e-11
   826 : -3.4848513e-03 -4.7828395e-03 -2.4461457e-03
   827 :  9.7650147e-08 -1.0193193e-07  4.4469859e-09
   828 : -3.2646420e-05  7.2479180e-05 -1.9008371e-05
   829 : -5.4578086e-03 -2.5346523e-02  3.6723685e-02
   830 : -1.4411456e-02  3.0863546e-02 -4.7299644e-05
   831 : -1.6231315e-03  5.3206465e-02 -3.2600420e-02
   832 : -7.8065858e-04 -6.4159459e-03  3.2393115e-03
   833 : -1.3859058e-02 -1.5797665e-02 -7.6300216e-02
   834 : -9.3058638e-16  7.9754352e-16 -6.0063175e-16
   835 : -1.7053345e-18  2.7100043e-18 -5.2946874e-18
   836 : -4.8718430e-03  1.4445001e-02 -5.2255762e-03
   837 :  3.1808306e-09 -1.8391515e-09  1.0268711e-08
   838 : -1.3680065e-02 -1.2556967e-02 -3.0131748e-02
   839 : -7.7118027e-06  1.2985095e-05 -4.2355770e-07
   840 : -2.1002949e-09  1.3781785e-08 -2.7299738e-08
   841 : -1.3448635e-06  4.8455866e-07  2.9447265e-07
   842 : -6.9274968e-04 -7.8460396e-04 -2.4387068e-04
   843 :  2.6057111e-07 -5.4419222e-07  4.4229209e-08
   844 :  5.4988880e-03 -4.3075737e-03  3.4080315e-03
   845 : -6.4717841e-13 -7.5708981e-12  1.1485078e-11
   846 :  1.5252763e-02 -8.6280429e-02  1.8036388e-01
   847 :  2.6751771e-04 -3.3278690e-04 -1.4304041e-04
   848 :  1.5032077e-19 -4.9912792e-19  1.7416950e-19
   849 : -1.3989533e-06 -1.4283613e-05 -2.1396127e-05
   850 : -2.6336375e-05  1.7637098e-05 -6.8247880e-05
   851 : -3.2918223e-06  5.7320468e-06  6.4318431e-06
   852 : -9.9672256e-13  2.5486650e-12 -1.0535599e-12
   853 : -1.3586971e-02 -1.2089115e-02 -1.8173978e-02
   854 : -1.1135958e-20 -7.4619926e-20  6.6067137e-20
   855 :  7.9541367e-03 -1.7230354e-02 -1.4300394e-02
   856 : -4.6017646e-03  3.6248927e-02  1.6449375e-02
   857 :  1.0137883e-02 -1.5368596e-02  8.4238962e-03
   858 : -1.3433742e-02  6.1094631e-03  1.2649319e-02
   859 : -2.8488266e-12  5.5457894e-12  4.9505789e-12
   860 :  1.3645666e-02  9.9907553e-03  2.1848676e-02
   861 :  1.3219675e-02 -5.5084469e-03  1.0413144e-02
   862 :  5.8373578e-03 -2.9809233e-03 -3.5146620e-03
   863 : -8.0781145e-04 -3.0738743e-03 -4.8010478e-03
   864 : -1.2265918e-03 -1.3860198e-04  5.2589055e-03
   865 : -2.2187909e-02  2.5455513e-01 -2.3143838e-01
   866 :  8.4948134e-02  4.3838423e-03 -2.3062027e-02
   867 :  7.3665036e-03  9.2883392e-03  1.2302517e-03
   868 :  7.3929550e-04  2.9627285e-04 -1.8663724e-03
   869 :  7.1987787e-06  4.2486409e-04  1.9273171e-04
   870 :  1.1849477e-03 -2.7921612e-03  9.2476612e-04
   871 : -2.2196172e-02 -8.6759420e-02  1.7963809e-02
   872 : -5.7363540e-03 -2.3055897e-02 -3.7024649e-02
   873 : -2.1168889e-03  1.9495875e-02  2.4763899e-02
   874 :  2.5808648e-02  1.8901417e-02 -4.3691663e-03
   875 :  4.1193960e-07 -5.5819305e-08 -2.0283544e-07
   876 : -3.5268597e-07  1.6179085e-06  6.4671080e-07
   877 : -4.5314663e-16  5.5924714e-16 -6.7399687e-16
   878 : -3.1700593e-14  8.2448341e-14 -2.0139665e-14
   879 :  2.8041259e-07  1.5680774e-07 -6.6877639e-07
   880 : -2.0086845e-06 -2.9376621e-06  2.3325074e-06
   881 : -1.4673515e-18  1.0790651e-17 -1.6763197e-17
   882 :  1.3290869e-15 -4.5656212e-16 -2.1249979e-15
   883 :  8.3573371e-08 -3.7066880e-08  5.1189465e-09
   884 : -1.0171988e-07 -5.4464816e-07  1.9362560e-07
   885 : -6.5809468e-03  1.1669123e-02  1.3782565e-02
   886 :  9.3965702e-03 -3.0889314e-03 -4.4933053e-03
   887 :  1.2881813e-02  1.4320831e-02 -9.6727992e-03
   888 : -1.0452279e-02 -1.4232833e-02  1.4467980e-02
   889 : -6.2459136e-03 -1.3455838e-02  3.4676712e-03
   890 : -1.7269790e-03  8.4205072e-03 -1.1804407e-03
   891 : -6.2094202e-08  2.4097559e-07 -4.0509160e-07
   892 : -1.5927080e-06  7.9022053e-06 -3.2841508e-06
   893 :  1.2676487e-02 -1.5936017e-02  1.4186606e-02
   894 :  1.7097659e-02  1.6426778e-02  1.0517120e-03
   895 : -3.8797529e-02 -1.9366156e-02  2.2095679e-02
   896 :  8.1221603e-03  2.8992429e-03 -1.8670287e-02
   897 : -5.8228612e-08  1.2032169e-08  2.6843194e-08
   898 :  7.9879894e-08 -1.4566983e-07 -1.7375199e-07
   899 : -9.9278860e-03 -2.0869612e-02 -2.2148486e-02
   900 : -2.3977210e-02 -1.1025229e-02 -9.1203389e-03
   901 : -4.4423594e-03 -2.5125241e-03  1.2102591e-02
   902 :  3.1092746e-02  3.7337225e-02 -1.2958705e-02
   903 : -1.9271898e-02 -2.2496852e-02 -7.1357720e-03
   904 : -5.3832324e-03  1.6354529e-02 -2.1874572e-02
   905 :  5.8117042e-03  5.3603136e-03 -8.4465370e-05
   906 :  1.1839351e-02 -3.3538250e-03  5.2876997e-03
   907 :  1.6093539e-02  2.3153622e-03  1.2284668e-02
   908 :  4.2056433e-02 -5.5059602e-02 -1.0045341e-02
   909 : -2.9004840e-02  2.5607651e-02  3.6518580e-02
   910 : -5.2030091e-04  4.6986883e-03  1.7997138e-04
   911 : -2.7691918e-03 -7.8749668e-04 -1.2343071e-03
