Number of elements 912
     0 :  2.9266327e-09 -7.5401389e-09 -3.8743465e-09
     1 : -1.2599159e-04  2.0492782e-04  3.7612197e-04
     2 : -6.3477405e-02 -3.2187644e-02 -5.9846821e-02
     3 :  1.9091670e-05 -1.2296145e-05 -4.0731962e-05
     4 : -3.0733876e-02 -2.9104081e-03 -7.9394542e-03
     5 : -9.5801644e-02  2.3679245e-02 -4.0308351e-03
     6 :  1.4930316e-15 -6.8935384e-18 -4.0408569e-15
     7 :  5.9707922e-04 -2.0702319e-03  1.1266410e-03
     8 : -6.3169036e-04 -2.9550892e-03  9.5826570e-04
     9 :  2.4347507e-14  6.6915910e-14 -9.7949943e-14
    10 :  7.7104720e-04 -3.9570705e-03 -4.2441276e-04
    11 :  4.1431577e-16 -8.8306878e-16 -2.8103576e-16
    12 : -5.6064059e-02 -1.0283409e+00  9.5473563e-01
    13 :  2.1466416e-02 -6.5251597e-03  1.5669754e-02
    14 : -1.1035338e-06  1.4233298e-06  5.0797273e-07
    15 :  2.2578064e-02  3.4450279e-02  4.2533101e-02
    16 :  1.2088994e-18  1.0916090e-16 -7.6468024e-17
    17 : -1.0740802e-11  2.5630931e-11 -1.8722723e-10
    18 : -2.6044891e-04  5.8862606e-03  4.7154241e-04
    19 :  4.2715953e-19 -9.0979624e-19  2.7214919e-19
    20 :  1.8512755e-11  3.9132600e-10 -3.7025165e-10
    21 :  2.6094201e-02  7.1426245e-03  1.1781934e-02
    22 :  3.4836871e-02  1.7934101e-02  4.8552524e-03
    23 : -7.9040880e-18  1.7840081e-18  8.1070799e-18
    24 :  4.4919073e-05  1.2150790e-04  2.3032385e-04
    25 : -2.8178128e-20  6.5936659e-20 -1.6403175e-20
    26 :  4.4368990e-04 -6.1290394e-04  6.9152059e-04
    27 :  3.8893961e-02  3.5410708e-02  1.8043410e-02
    28 :  2.9773572e-03 -2.0998363e-02  2.8123076e-02
    29 : -9.6000002e-05 -7.9652662e-05  3.6943142e-04
    30 : -4.6455954e-03  1.7451309e-02 -8.3302768e-03
    31 :  6.7319245e-07  6.9149074e-06 -4.1117721e-06
    32 :  2.8629885e-14  2.1128419e-14 -7.5158342e-14
    33 : -1.2383790e-02 -1.5565769e-02 -1.2352898e-02
    34 : -4.6063788e-20  1.1821947e-19  1.4238273e-20
    35 :  1.9197591e-06  6.4093039e-06 -1.5406075e-06
    36 : -2.0525173e-02 -3.3585581e-02  8.3447531e-03
    37 : -1.7528988e-02 -3.2891550e-02  4.8746254e-03
    38 :  2.5183175e-02  9.1949691e-03  6.1950368e-02
    39 : -1.8494174e-04  2.9554071e-04  3.8965550e-04
    40 :  2.1826070e-04  6.5281049e-04 -1.2152543e-05
    41 :  1.5110201e-02  5.0608842e-02 -6.3299380e-03
    42 : -1.0324898e-18 -1.8457744e-18  8.0846433e-19
    43 :  1.2057734e-09 -1.9149752e-09 -1.4146396e-09
    44 :  1.0848842e-02  5.1065564e-03 -3.3048738e-02
    45 :  2.9391429e-07 -8.2949608e-08 -1.8154412e-07
    46 : -4.0975761e-07  2.2168031e-07 -1.9370838e-08
    47 : -9.2603557e-14  8.7417338e-14 -1.4914342e-13
    48 : -7.2619094e-17  3.4960741e-17  1.9673803e-16
    49 : -1.7621495e-03  3.4688676e-03 -3.5589331e-03
    50 : -2.5577984e-02 -1.2562476e-02 -1.0611258e-02
    51 :  2.0646032e-02 -9.4373193e-03  1.7658114e-02
    52 : -1.4949737e-02  4.9662233e-02 -7.4258436e-03
    53 : -2.7023796e-15  1.0346206e-15  7.2999854e-16
    54 : -3.5666238e-03  7.1815157e-03 -3.2882941e-03
    55 :  7.5786892e-03  7.6043562e-03 -4.6543110e-03
    56 :  6.6341395e-04 -3.2597773e-02 -1.5701038e-03
    57 :  2.2792607e-02  1.7384386e-02  5.4269824e-02
    58 : -4.5476616e-02 -1.6308852e-01  1.6172142e-01
    59 :  7.8736225e-03  8.0447507e-03 -6.2886556e-03
    60 :  3.4473447e-02  3.2607655e-02  1.4456152e-02
    61 : -1.8084170e-02 -4.9526133e-02 -1.7819941e-02
    62 :  4.7467695e-04  4.8469967e-04 -3.4347992e-05
    63 : -2.6123084e-02 -9.6565988e-03  7.1586651e-04
    64 :  1.5533727e-03 -2.6171254e-03 -6.5529635e-04
    65 : -3.3581397e-05 -8.1346320e-05  2.0034382e-06
    66 :  9.2519335e-06 -5.4719253e-05  1.7708043e-05
    67 : -2.9991210e-15  1.2621035e-15  5.2529981e-15
    68 : -5.3130540e-17  6.6705795e-16 -2.9835742e-16
    69 : -3.3136887e-15  2.7958067e-15  4.0544729e-15
    70 : -2.7777842e-07 -2.2368024e-07  7.3187054e-07
    71 : -1.7977094e-02 -3.8995152e-03 -1.8854308e-02
    72 :  7.2929573e-18 -2.1999570e-17  3.2512739e-18
    73 : -2.2581238e-02 -4.9549481e-02 -4.5232286e-02
    74 :  2.6399931e-11  1.8264879e-10 -9.5066239e-11
    75 : -7.2225433e-12 -8.2182085e-12  1.0834692e-11
    76 : -2.5906396e-18 -1.3903519e-17  6.9467651e-18
    77 :  6.0465505e-12 -1.3490678e-11 -2.0439369e-12
    78 :  9.2885634e-15 -3.1429908e-14  1.2062602e-14
    79 : -6.4228485e-10  1.0914851e-09 -1.4809941e-09
    80 : -5.6592811e-24  6.5607074e-24  1.5614263e-24
    81 : -7.1932563e-14  3.0364770e-13 -1.0376385e-13
    82 : -8.5606071e-02 -3.5490372e-01  1.0770925e-01
    83 : -5.8568392e-21  1.0164558e-20 -7.0672142e-21
    84 :  4.0945718e-19 -1.7970519e-18  6.9973086e-19
    85 :  4.9831284e-02  3.6927454e-01 -2.6743714e-01
    86 :  1.5047392e-10  3.6523721e-11 -2.4484920e-10
    87 :  9.5931693e-10 -1.3509174e-09 -1.3578301e-09
    88 : -1.6741084e-05 -3.2389612e-05 -4.8635379e-06
    89 : -2.6680082e-02 -3.0477617e-02 -1.9952365e-02
    90 :  4.3837460e-18  4.6195632e-18 -1.0272016e-18
    91 : -2.8248995e-02  3.5164608e-03 -3.2986895e-03
    92 : -6.6528809e-07  5.0287283e-07 -8.5927393e-08
    93 : -3.6487271e-23  7.9750426e-24  4.9727268e-23
    94 :  5.2283343e-09 -1.0491552e-09 -4.5937011e-10
    95 : -3.6089372e-16  1.3327955e-16  6.0421587e-17
    96 :  6.5320228e-06 -1.9005476e-06  1.1784837e-05
    97 : -1.1177803e-06 -1.8742909e-06  4.6911590e-06
    98 : -3.4065284e-02 -2.5253396e-02  5.5513416e-03
    99 :  1.2369574e-14 -1.9508134e-15 -9.7260188e-15
   100 :  1.1854789e-16  1.4493981e-14 -1.7082606e-14
   101 : -4.3309937e-05 -3.3554031e-05  1.8930338e-05
   102 :  4.9369477e-03  8.0023326e-03  1.2302378e-04
   103 : -4.5803180e-21 -2.9590179e-21  8.7504473e-21
   104 : -7.2290490e-08 -2.2171741e-08  4.7399230e-08
   105 : -4.7538435e-03 -3.1860860e-03 -2.2446573e-03
   106 : -9.1173788e-05 -3.0062993e-05  1.8217328e-04
   107 :  2.3662017e-04 -8.3461362e-04  2.8360497e-04
   108 : -2.0712664e-03 -1.6693917e-03  1.9026471e-04
   109 :  3.8265981e-03  1.3022228e-02  3.2436756e-02
   110 : -1.6825365e-02 -4.9713121e-02 -3.1730440e-02
   111 :  6.5829987e-04 -2.2454311e-05 -2.9367165e-05
   112 :  2.8520979e-13 -8.0716856e-14 -6.0768760e-13
   113 :  2.2965611e-02 -2.8360260e-02 -1.1360923e-02
   114 :  4.1454592e-06 -1.9089154e-06 -4.9067328e-07
   115 :  2.5935149e-02  2.4839400e-02  5.1354024e-02
   116 : -3.1258272e-03  1.2330314e-01 -1.7500422e-01
   117 : -2.8674114e-02 -2.4763920e-02  3.6742781e-03
   118 : -7.8203371e-02 -4.3902988e-02 -7.7546633e-02
   119 : -6.5296789e-16 -1.4666328e-16  7.1854981e-16
   120 :  7.0046389e-07 -4.4724284e-07  2.3252655e-07
   121 :  2.5597407e-13  9.4793911e-12 -5.4732544e-12
   122 :  6.4571921e-04 -2.3489944e-02  5.0566936e-02
   123 : -6.8165778e-20  1.0853187e-19  8.1903420e-20
   124 : -3.3091304e-15  4.5755344e-15 -4.4498512e-16
   125 :  1.3729350e-24 -3.1500549e-24  7.1514146e-25
   126 :  8.1972572e-11  2.8400079e-10 -4.3922211e-10
   127 : -3.4629310e-12  2.0290213e-12 -9.6888354e-13
   128 : -2.6832465e-02  3.8739103e-02  6.2027970e-02
   129 : -2.9276957e-09 -5.3197705e-09  1.2456065e-08
   130 : -1.9611494e-02 -1.4629103e-02  3.5624305e-03
   131 :  2.2251791e-02  2.0659846e-02  3.0365893e-02
   132 :  3.1740652e-02  2.2790513e-02  3.3562568e-02
   133 : -2.3298214e-02 -2.8644529e-03 -2.9348342e-03
   134 :  3.1116168e-02 -4.3116297e-03  4.5626723e-03
   135 :  1.6854638e-03 -3.1982215e-03 -5.5210810e-03
   136 :  2.0700833e-05  3.2548547e-04 -1.2751350e-04
   137 : -7.8988527e-04 -4.3136405e-03 -1.9769806e-03
   138 : -4.6519825e-04 -2.9853158e-04 -3.2459636e-04
   139 :  8.4179938e-04 -1.6220534e-03  5.5138864e-04
   140 :  1.9225452e-13 -4.3271267e-13  7.5996040e-14
   141 :  1.0883370e-12 -1.5087313e-12 -1.7791441e-12
   142 : -6.4532688e-04  1.0761796e-03 -2.0093949e-03
   143 :  7.2657760e-17  8.3495855e-18 -4.2201473e-16
   144 : -8.1323168e-05 -7.2029581e-05 -2.3403925e-05
   145 :  1.0172999e-05 -1.9340598e-05  7.2065190e-06
   146 :  1.1077226e-08  2.2952696e-08 -5.1977771e-10
   147 : -3.9471834e-17  9.1086078e-17 -3.6932641e-18
   148 :  4.2362489e-08 -8.1143865e-08 -1.1609789e-09
   149 :  9.4853700e-03  1.7295643e-02  2.9612053e-02
   150 :  2.6276497e-05 -4.0904651e-05 -1.4005583e-05
   151 : -5.4646271e-12 -5.7731185e-12  2.3939506e-11
   152 :  3.7013729e-09  1.0083363e-09 -8.7330296e-10
   153 : -3.2343839e-03 -5.6092513e-02 -8.8622467e-02
   154 : -1.2822239e-22  1.0549463e-22  1.5809492e-22
   155 : -1.0319661e-16 -1.7160300e-16  2.1782958e-16
   156 : -1.5616101e-18  1.0357805e-18 -8.6145556e-19
   157 : -6.7445160e-07  1.5120110e-06 -2.9387574e-07
   158 : -2.1106183e-03  1.7199434e-03 -2.1890395e-03
   159 :  3.4211913e-05  7.8619976e-05 -5.2344364e-05
   160 :  1.0150632e-21 -5.3402239e-22 -2.3731838e-22
   161 : -1.9816640e-20  7.7795417e-21 -2.5006219e-21
   162 :  3.3122909e-02  3.3476849e-02  1.6242751e-02
   163 :  4.1882569e-02 -1.2233687e-03  2.9314737e-02
   164 : -1.7718409e-11  1.8914530e-11  6.0186226e-11
   165 :  1.9409293e-04 -8.8042322e-04  4.1733911e-04
   166 :  5.5549086e-18  2.9877972e-17  7.6423121e-18
   167 : -2.1490783e-04  5.4401443e-04 -4.5422082e-04
   168 :  4.1696811e-02  1.6217834e-02  3.7757298e-02
   169 : -1.2742143e-01 -6.9711572e-02 -8.0464686e-02
   170 : -4.8576171e-16  3.6770336e-16 -5.8796208e-16
   171 : -5.1977350e-16 -1.1285639e-15  3.0007818e-15
   172 :  2.5943478e-02  3.2040909e-02  3.3191943e-02
   173 : -1.0767287e-03 -4.8348764e-03  2.2242823e-02
   174 :  2.9606456e-04 -3.8292516e-04  4.9628598e-04
   175 :  4.2204738e-08 -2.0335466e-08 -1.1130550e-09
   176 : -2.5833033e-14  2.6719227e-14  4.2670513e-14
   177 : -4.0922592e-05  1.2482247e-04  3.4174503e-04
   178 : -6.3588487e-02  1.5518667e-01 -3.1609004e-01
   179 :  7.3428244e-04  3.1915914e-04 -2.6133789e-03
   180 : -1.3776468e-17  2.0634409e-17  4.2279650e-17
   181 :  3.1238725e-02  4.4196270e-02  2.2436371e-02
   182 : -4.4852255e-10 -3.1722685e-10  7.3024727e-10
   183 : -1.1726740e-02  2.4662755e-02 -3.1140479e-02
   184 : -2.3014814e-21 -1.7720879e-20  9.0030811e-21
   185 :  2.6669959e-11 -1.4696553e-11 -2.0497399e-11
   186 :  1.6177458e-06 -3.9148796e-07 -1.6293004e-06
   187 :  1.0969239e-03 -3.2876202e-03 -1.5751591e-03
   188 : -6.6522526e-02 -7.0460969e-01  5.5832644e-01
   189 : -1.3726516e-02  2.4265763e-02  4.0850560e-02
   190 :  5.8235157e-06  6.7316245e-05 -5.9302511e-05
   191 : -1.5101000e-19  2.0552087e-19  2.5232703e-19
   192 :  4.9791368e-02  7.7603570e-03 -1.8297020e-02
   193 :  5.8208217e-02  3.1530382e-02  2.9156023e-02
   194 : -1.2487112e-02  1.9791484e-01 -1.5810557e-01
   195 :  6.6005790e-07  2.5161027e-07 -4.1395868e-07
   196 : -1.3160091e-17  8.7135664e-18  2.1056525e-17
   197 :  4.2531733e-17 -7.2942092e-17 -2.9547043e-17
   198 : -1.2496348e-05  3.6182465e-06  2.0719709e-06
   199 :  4.1441417e-04  9.3905365e-02  5.8571108e-04
   200 : -3.5576916e-16  1.8994576e-15 -1.4517179e-15
   201 :  7.5666443e-02  7.0678737e-02 -1.8948755e-02
   202 : -8.9523836e-07  8.0009434e-07  2.6634315e-06
   203 : -2.0490469e-19  9.6058745e-20  2.4716736e-19
   204 :  3.9174704e-07  7.2683953e-07 -8.5850520e-07
   205 : -1.3617925e-02 -4.8085666e-02  2.9124863e-02
   206 : -1.9463504e-18  6.1946127e-19  1.5850221e-19
   207 : -5.3237969e-17  4.9193531e-17  6.7839904e-18
   208 :  2.9300283e-12  1.4358213e-12 -1.0665962e-11
   209 : -1.4434182e-01  2.8966379e-02 -5.2370723e-03
   210 : -1.2563099e-06  1.9116334e-06  9.8331758e-07
   211 : -2.1008593e-18  1.2057254e-18 -2.5109007e-18
   212 : -2.5278612e-03 -3.8483316e-03  9.3632453e-04
   213 : -8.6286855e-17 -4.9401719e-16  5.8348510e-16
   214 :  7.9026419e-03 -1.7173892e-03  2.0657566e-02
   215 : -1.1769106e-01 -8.2833693e-03  1.0025821e-02
   216 :  2.4177931e-03 -3.4034652e-03 -4.3287247e-03
   217 : -1.6406721e-22  4.3888746e-22 -7.2045317e-23
   218 : -7.5917834e-13  2.0423163e-12  5.9680349e-13
   219 :  5.8794739e-03  3.1343994e-02  3.7226914e-02
   220 : -7.5986032e-11  8.1986498e-11 -3.1250078e-10
   221 : -1.2444710e-14  1.3850458e-15  2.9346529e-14
   222 : -2.9834981e-02 -4.5800454e-02 -1.6096124e-02
   223 : -4.1389205e-02 -4.1911811e-02 -2.9307229e-02
   224 : -6.4747318e-06  3.7919694e-05 -3.3350754e-05
   225 : -2.8442317e-11  4.2630264e-10 -2.4719084e-10
   226 : -5.9971158e-14  2.5168140e-14  1.7077433e-14
   227 : -2.6679145e-08 -2.3310777e-09 -4.1941046e-08
   228 : -1.9276966e-05 -2.5704553e-05 -5.9888059e-05
   229 :  8.5774720e-09  1.0311796e-09 -3.0154373e-09
   230 :  2.6597769e-16  7.7834449e-16 -1.1096849e-15
   231 : -1.4104414e-16  8.2948135e-16 -1.1215593e-15
   232 : -4.8843659e-23 -4.9964725e-23  5.5660342e-23
   233 : -7.7458407e-15  2.1470405e-14  1.8787030e-15
   234 :  1.8912763e-02 -2.1577169e-02  1.0928313e-03
   235 : -2.5957558e-02 -4.5374999e-04 -5.1869322e-02
   236 :  5.0434764e-14 -3.0189349e-13 -1.1151082e-14
   237 : -5.4327019e-12 -2.8170241e-11  4.0986304e-11
   238 : -1.5753576e-19 -1.5701206e-20  8.0799485e-20
   239 :  9.2372267e-15 -1.4123073e-14  2.7612625e-14
   240 : -9.2515084e-18 -3.9683249e-18  2.5062359e-17
   241 :  3.4256141e-02  3.3003624e-02  1.5436150e-02
   242 : -1.1935880e-03 -1.4563080e-02  6.2195745e-02
   243 :  1.1680336e-02 -6.6419379e-03  1.0071754e-03
   244 : -6.6891459e-03  1.1827440e-02 -1.4281009e-02
   245 :  4.1340335e-14 -2.0183309e-13  1.0173055e-13
   246 :  4.9925879e-03  3.7424204e-03  7.5302518e-04
   247 : -1.9369372e-02 -2.4161389e-02 -2.6740077e-02
   248 :  7.9798706e-23 -9.9141758e-22  9.0527166e-22
   249 :  1.3085313e-10 -1.4317268e-11 -6.1225303e-10
   250 :  2.1041298e-02 -4.7260667e-03 -1.1624331e-03
   251 : -3.0776246e-05  4.7489074e-05  5.0033764e-07
   252 : -2.3500173e-14  2.5316269e-14  8.5392172e-15
   253 : -2.9004358e-18  1.6251999e-18 -3.3549229e-18
   254 :  2.8453101e-02  1.3348441e-02  1.0912050e-03
   255 :  1.0363949e-06 -6.6038688e-07 -2.2293566e-08
   256 : -1.6074841e-03 -1.7255065e-03 -2.6018795e-03
   257 : -3.8848327e-02 -3.2655146e-02 -4.5591520e-02
   258 :  1.5137017e-08  3.0332780e-07 -8.6144632e-07
   259 :  6.2695693e-12 -8.5843300e-12  1.9525117e-11
   260 : -6.3128096e-03  9.4127188e-04  9.0085351e-03
   261 :  3.3688098e-06  4.1056146e-06 -1.9018737e-05
   262 :  1.3174251e-13 -2.6696275e-13 -4.5732423e-14
   263 : -3.8151983e-15  3.8527235e-15  5.1262709e-15
   264 :  1.9903288e-06 -1.6174478e-06  1.6483370e-06
   265 :  2.6916964e-02 -5.0096573e-03  3.2155766e-02
   266 : -9.9854239e-10 -4.9824823e-09  2.5698784e-09
   267 : -5.1951014e-09  2.0409486e-08 -4.8108370e-09
   268 :  1.8830546e-17 -4.4343186e-18 -2.4363880e-17
   269 : -3.4578804e-02 -1.1981875e-02 -4.6059618e-02
   270 :  6.3407639e-08 -2.0420027e-07  5.3023535e-08
   271 :  3.5646853e-02  5.4398653e-03  3.7324228e-02
   272 :  1.7080808e-09  1.7645055e-09  2.1687413e-09
   273 :  1.3436748e-15  6.0634569e-16 -3.1403008e-15
   274 :  6.7939932e-03  7.6393020e-03  3.6657078e-02
   275 :  7.2275648e-13  3.2890346e-13 -2.3850087e-12
   276 : -1.2642791e-03 -6.3197456e-03  2.9027987e-02
   277 : -2.5155963e-14  3.8963083e-14  2.6908807e-14
   278 : -8.4922762e-04 -2.0924080e-03  1.7505327e-03
   279 : -1.5619585e-05  4.1773361e-06  4.9059390e-06
   280 :  3.3113456e-02  1.7067393e-02  3.6628063e-02
   281 : -3.8416370e-06  6.8325244e-06  4.7969497e-06
   282 :  2.5205306e-09 -1.8200344e-09 -2.5088552e-09
   283 : -4.6998117e-12  5.7502010e-12  5.5043782e-12
   284 :  9.2209789e-14  8.3854922e-14  1.7189773e-14
   285 :  4.5620395e-02  2.1150409e-02  3.7436873e-03
   286 : -6.3662205e-03  6.4441349e-03  1.0898748e-03
   287 : -1.6424342e-03 -2.0104083e-03  1.0660161e-03
   288 : -2.5517988e-02 -2.4589827e-03 -3.0540778e-02
   289 : -2.9128701e-05 -3.7769733e-05 -6.1485173e-05
   290 :  3.1423983e-02  1.6420878e-02  1.7357034e-02
   291 :  5.4746133e-06 -1.4600726e-05  3.2255529e-06
   292 : -5.0513318e-02 -4.8260579e-02 -3.4684615e-03
   293 : -1.4572207e-11  1.5354960e-11  1.3977606e-11
   294 : -4.2178669e-03 -3.3230231e-03  1.8846475e-03
   295 : -6.4482054e-19  1.2455767e-18 -4.3105809e-19
   296 :  7.0184774e-03  2.3655053e-03 -1.4502531e-02
   297 :  1.9625220e-05 -7.4687605e-05 -1.2113623e-05
   298 :  1.2477232e-05 -1.9986623e-05  1.4355756e-05
   299 :  8.3223432e-20 -6.5570140e-21 -7.7445082e-20
   300 :  2.3211441e-02  4.3001252e-02  3.0461492e-02
   301 : -1.2724077e-05 -2.0545974e-05  7.6020957e-06
   302 : -1.4897973e-04  1.0009697e-02  1.6629959e-03
   303 : -1.7508313e-03 -2.3680780e-03  1.6348798e-03
   304 :  2.5413402e-05  1.0484272e-03 -3.1179359e-03
   305 :  1.7555289e-08 -1.9941930e-07  2.0202465e-08
   306 : -4.3532018e-02 -4.4231089e-02 -3.2745870e-02
   307 : -1.7548887e-03 -8.7705348e-04 -3.7498287e-03
   308 :  4.2691040e-06  4.2656640e-07 -6.5516431e-06
   309 : -2.2405087e-19 -4.1192419e-18  1.8341123e-18
   310 :  1.0873855e-04  3.8039133e-04 -7.0243857e-04
   311 : -3.9043710e-03 -4.6537910e-03  4.8767903e-03
   312 : -1.3032106e-17 -2.0393101e-18  6.0750614e-17
   313 :  1.4798752e-12 -1.4508083e-11  1.0898839e-12
   314 : -1.2357926e-19 -2.6240280e-19  7.3674831e-19
   315 : -3.9882284e-14 -2.3066570e-13  9.9845377e-14
   316 : -5.0410794e-02 -3.6319038e-02 -1.3346323e-02
   317 : -8.4517895e-20  2.6388083e-20  1.6680485e-19
   318 : -2.6407462e-03 -4.5614012e-03  6.6296935e-03
   319 :  8.0210879e-03  3.5231447e-02  3.7008855e-02
   320 : -1.5257639e-01 -3.1185481e-02 -2.9915873e-02
   321 : -1.1301285e-02 -3.8522343e-02 -5.2903636e-02
   322 : -1.0441551e-19  2.5037484e-19 -3.5116971e-20
   323 : -4.2161231e-20  7.7041056e-20 -1.5173069e-20
   324 : -6.5678800e-13  1.7738360e-12 -2.9437768e-13
   325 :  3.4115213e-11 -3.9383056e-11  7.1137556e-11
   326 : -1.5239091e-02  4.1289778e-02  1.0727619e-03
   327 : -1.0217095e-01 -9.0351384e-02 -1.2461337e-01
   328 :  3.7342482e-02  1.4482079e-02  1.1207116e-02
   329 : -8.1661584e-14  1.8205771e-12 -8.4765760e-13
   330 :  3.0236565e-21 -1.9961922e-21 -3.0662288e-21
   331 :  9.9010113e-08  1.5239959e-08 -1.8234521e-07
   332 : -4.7860566e-03 -3.3218564e-03  2.4970511e-03
   333 :  1.4019558e-11 -6.6515909e-12  4.4397415e-12
   334 :  3.6187907e-02  7.0791811e-04  1.3949213e-02
   335 : -1.2041421e-03  4.8699919e-03 -3.0536933e-03
   336 : -2.3082285e-03 -9.2949763e-03 -8.1892220e-04
   337 : -9.0542791e-18  2.7286226e-17 -3.4914664e-18
   338 :  2.8385209e-02  1.5686648e-02 -9.5504178e-03
   339 :  5.7782846e-13 -7.6029751e-13 -9.4451381e-13
   340 :  3.9567394e-03 -4.0889164e-03  6.3973305e-03
   341 :  2.3891289e-17 -1.8319848e-17 -2.8729588e-18
   342 :  1.1417485e-14 -4.2052189e-14  1.3050169e-14
   343 :  1.8627093e-06 -9.7723099e-07 -4.9773624e-08
   344 : -1.1460285e-02 -1.3105190e-02 -3.9383607e-03
   345 :  1.9377063e-02 -1.3704583e-02 -2.8078373e-02
   346 : -1.6809877e-13 -1.0077103e-13  9.9110351e-14
   347 :  3.4299384e-02  4.8481658e-03  3.7058669e-02
   348 :  4.4415503e-07 -7.5117497e-06  3.7411593e-06
   349 : -1.0251610e-06  3.0310614e-07 -1.8604948e-07
   350 :  1.5356804e-02  3.1804450e-02  1.1891441e-02
   351 :  2.0017617e-11 -1.1291396e-12 -2.2712219e-11
   352 :  1.4319034e-02  1.1135070e-02  8.9323698e-03
   353 : -2.6993075e-04 -4.1139893e-03  7.7233769e-04
   354 : -3.2849851e-02 -9.2942801e-03 -3.1044821e-02
   355 :  1.4912667e-02  3.4357136e-02  2.8972417e-02
   356 : -2.2685909e-18 -1.5739369e-18  2.1171463e-17
   357 :  1.6741827e-02  6.5226239e-02 -6.8089847e-02
   358 :  9.0139167e-08 -4.1879652e-07 -5.0741524e-08
   359 :  2.2210146e-24 -1.9174941e-24  5.5618280e-25
   360 :  1.2676077e-02  3.0168505e-02  2.3538768e-02
   361 : -7.4146082e-11  1.8630161e-10 -1.6756413e-10
   362 :  1.1977611e-06 -6.0971286e-07  1.9205198e-06
   363 :  2.1813073e-08 -1.6381197e-08  2.9980589e-08
   364 : -1.4428802e-09  2.8727690e-09  5.5792951e-10
   365 :  2.0047198e-05 -6.0746342e-06 -4.1049101e-06
   366 :  1.0555944e-16 -2.8916426e-16 -3.2934184e-17
   367 : -1.0422352e-04 -5.9355382e-05  1.7621405e-04
   368 :  9.8925785e-03 -6.9208764e-03  2.6776839e-03
   369 : -1.0293823e-06 -2.4954331e-06  4.5771189e-06
   370 :  1.1231258e-07 -2.1678527e-07 -4.6180776e-08
   371 : -1.8342471e-17 -2.7105756e-17  3.8313108e-17
   372 : -4.5696238e-06  6.6774429e-06  8.5186527e-06
   373 :  4.0953616e-04  5.0928939e-04 -3.7541324e-03
   374 :  2.6236786e-02 -4.1688325e-03 -2.0554305e-02
   375 :  1.2517494e-11  3.9622785e-11 -1.4094650e-11
   376 : -2.0030462e-18  1.1576557e-17 -8.1316679e-18
   377 : -2.0899370e-06 -1.0124483e-05  1.1821412e-05
   378 : -1.3290205e-07  6.0609051e-07 -2.8801587e-07
   379 :  1.9340197e-21 -3.6539032e-21  8.0886629e-22
   380 : -7.1210027e-03 -9.9393661e-03 -5.5428500e-03
   381 :  1.7609457e-08 -6.0525083e-08  1.7142847e-08
   382 : -7.4375856e-11  2.4644611e-10 -4.7494794e-11
   383 : -1.3761829e-02 -3.8597360e-02  9.7775086e-03
   384 :  1.7426693e-11 -3.1789774e-10  1.1484167e-10
   385 : -2.3491326e-04 -3.4089035e-03 -1.4992131e-03
   386 : -4.8901582e-02 -1.2961358e-02 -2.9134130e-02
   387 : -2.1596789e-12  3.3721215e-12  4.3309463e-12
   388 : -4.6540734e-03 -3.5698047e-03  3.6752901e-02
   389 : -6.4796143e-09  7.3547298e-09  6.7418327e-09
   390 :  4.2730827e-03 -4.0828910e-03  2.1459151e-02
   391 : -1.3027527e-08 -2.1421511e-07  1.0532780e-07
   392 : -8.3234270e-03  3.0249600e-02  2.2790618e-02
   393 :  1.6184952e-02 -1.4363178e-02 -3.2312999e-02
   394 :  4.8797110e-10 -8.6857715e-10 -9.8397392e-11
   395 : -2.8814416e-05  1.6077127e-05 -1.9545291e-05
   396 : -6.6651946e-21  1.6817069e-20 -3.1846250e-20
   397 :  1.4447011e-02 -2.9123506e-02  2.3110684e-02
   398 :  5.1137980e-04  4.7007377e-04  1.6930229e-04
   399 : -8.4945937e-02 -3.8988082e-02 -1.3457657e-02
   400 :  4.0783265e-04 -2.3951847e-05  4.6142851e-04
   401 : -4.1595332e-03  3.0926534e-03  2.9511000e-03
   402 :  3.6805482e-09 -6.7009986e-10 -3.5510023e-12
   403 : -6.3470054e-09  2.2863429e-08 -1.5623384e-08
   404 :  3.4241728e-17  5.9422183e-17 -1.9560696e-16
   405 : -3.8569766e-05 -1.8302951e-05 -1.1468099e-05
   406 :  1.5749915e-02  3.0713057e-02  2.9945819e-02
   407 : -1.3617912e-02  2.9812508e-02  5.7590238e-03
   408 : -4.1422536e-02 -1.7986032e-02  6.0003257e-03
   409 :  3.1244119e-04 -1.3954450e-07 -1.1279570e-04
   410 : -2.3199784e-02 -4.6768707e-02 -3.5067734e-02
   411 : -1.2571349e-04  4.1022403e-04 -5.8807529e-05
   412 : -1.5078711e-03  1.0029516e-03  3.3311743e-03
   413 : -3.2575898e-18 -1.1471955e-18  7.3985760e-18
   414 :  1.1727899e-03 -1.3967885e-02  1.4660166e-02
   415 : -1.8505899e-04  4.1428261e-04  5.0092501e-04
   416 :  4.7854287e-13  4.5200991e-13 -1.8324522e-12
   417 :  1.0173272e-02  3.5634909e-02  8.5705846e-03
   418 : -4.2445682e-02 -4.4425838e-02 -3.5076032e-02
   419 : -7.9585604e-17  2.4572863e-16 -2.9244002e-17
   420 :  2.9504281e-16 -1.7433089e-15  1.3788793e-15
   421 : -2.9659059e-13  1.8038996e-12 -9.4511315e-13
   422 :  8.3139874e-07 -2.0373476e-06  2.7986899e-06
   423 :  1.1041112e-04 -6.8262247e-04  6.2050759e-04
   424 :  3.1345106e-10  7.4853896e-10 -1.7543605e-10
   425 : -2.1563708e-12 -1.0927500e-12  3.5352766e-13
   426 :  4.9243320e-09  7.5287818e-09  9.0054760e-10
   427 :  2.9862710e-08  2.4937109e-08 -9.5111241e-08
   428 :  2.3746435e-09 -4.2910542e-09 -1.9454673e-09
   429 : -1.4131174e-03 -2.0972057e-03  1.1704040e-03
   430 :  2.3129939e-02  6.6093759e-03  3.4914914e-02
   431 :  2.5414054e-05 -8.6160662e-05 -7.3645636e-05
   432 :  7.3946277e-06 -4.3778283e-06  7.6152534e-06
   433 : -6.3744462e-19  3.0278581e-18 -1.4753307e-18
   434 : -4.4981875e-02 -4.0412060e-02 -4.6452388e-02
   435 :  3.0816875e-04 -1.8234253e-04  2.7073392e-04
   436 : -9.5064211e-12 -3.0122082e-11  2.9295498e-11
   437 :  6.5853187e-02  8.7466488e-03  6.5356785e-02
   438 :  3.4754346e-02  1.2324439e-02  3.0135554e-02
   439 :  8.4701819e-03  3.2808930e-02 -3.5953248e-03
   440 : -7.6780903e-14  2.8620882e-13 -9.6966781e-14
   441 :  6.9070024e-19  5.7729464e-19 -2.1329226e-18
   442 :  6.5638649e-03  1.0435001e-02 -1.1767197e-03
   443 :  1.2854073e-05 -2.4702160e-05  5.7132148e-06
   444 :  8.8867065e-03  1.2108711e-02  3.1072331e-02
   445 :  1.2913298e-06 -1.8905161e-08  3.2650561e-08
   446 :  2.3625068e-02  2.6202084e-02 -4.4180910e-03
   447 : -2.2958878e-07  1.7587495e-07 -3.5352027e-07
   448 : -6.4342923e-04 -9.8012224e-04 -1.2267308e-03
   449 : -8.0813635e-18  1.1377125e-17  1.1046110e-17
   450 :  3.2300354e-19 -1.2500793e-19 -6.3099343e-19
   451 :  3.3447108e-02 -7.4774756e-03 -2.3644578e-02
   452 :  1.0853809e-02  2.0882595e-03  3.3490946e-02
   453 :  2.6292073e-02  2.4491607e-02  1.3912143e-02
   454 : -5.3476530e-03  1.3420338e-02 -2.7095991e-02
   455 :  1.3683157e-09 -7.1549863e-10 -4.4251400e-09
   456 : -1.1934863e-03  8.2238809e-04 -5.2095933e-04
   457 :  1.9132689e-19 -1.6449635e-18  1.0799137e-18
   458 :  2.7010019e-08 -8.7370185e-08  9.2009525e-08
   459 :  1.7462409e-04  5.4742252e-04 -3.0304288e-04
   460 : -3.0021377e-03  2.2642546e-03 -2.8327664e-03
   461 :  1.6583820e-07 -1.6773355e-07 -3.2086977e-07
   462 :  1.2699874e-05 -2.5865377e-05 -2.1039614e-05
   463 :  2.3062527e-13  8.1665388e-14 -5.5250309e-13
   464 :  3.1214321e-02  3.7278758e-02  2.1488048e-02
   465 :  1.8424936e-04 -3.7763090e-05  2.0904127e-04
   466 : -9.1016456e-03  6.9357459e-03  3.7038903e-02
   467 : -7.3929860e-14  2.6332990e-14  6.6359693e-14
   468 : -4.8218363e-13  3.3561421e-12  4.4924670e-13
   469 :  1.2277917e-20  1.6500832e-21 -7.0269706e-21
   470 : -7.2668200e-19  9.0523840e-19  2.1242371e-20
   471 :  1.1551819e-11 -3.7846422e-11  1.0380966e-10
   472 : -4.3854766e-14  2.0373758e-13 -7.0756525e-14
   473 : -4.4502992e-04  3.7747739e-03  7.2871170e-03
   474 :  5.4002558e-16 -4.1917482e-16 -1.1576620e-15
   475 : -9.1450429e-10  5.5374877e-10 -1.2138880e-09
   476 : -3.1819004e-10 -1.0074302e-10  5.2643866e-11
   477 : -1.9252949e-20 -3.5129122e-21  3.4393355e-20
   478 : -3.2257787e-04 -2.8024134e-03 -2.2903825e-03
   479 : -1.0700197e-21  2.5739165e-21 -4.0428084e-22
   480 : -4.4793298e-02 -3.8592499e-02 -1.9267699e-02
   481 : -6.0178526e-09 -4.1096054e-09  2.2726592e-08
   482 : -5.8577757e-15  2.6946332e-14 -9.6977551e-15
   483 : -6.1740698e-03 -1.1768799e-02 -9.3262365e-03
   484 : -1.0558093e-03  7.9087723e-04  4.5147936e-04
   485 : -2.9071186e-04  5.7391851e-04  1.1180710e-03
   486 :  1.6121048e-03 -2.2440505e-02  1.3083027e-02
   487 :  5.2258977e-04  2.2617281e-03 -6.9643571e-03
   488 :  1.0935327e-02 -1.4453694e-03 -5.9853068e-03
   489 : -4.5025075e-16 -1.9660213e-16  1.1337250e-15
   490 : -4.1836598e-14 -8.8087923e-15  2.3595731e-14
   491 : -3.9647018e-15 -9.9979604e-15  7.5617681e-15
   492 :  3.8129333e-03 -8.9554127e-03  9.6240019e-03
   493 : -1.1417170e-03 -1.2067699e-02 -5.0730146e-03
   494 : -1.0845361e-02 -2.3349429e-02 -9.7730812e-03
   495 :  1.2067860e-05  1.3454593e-05 -4.1032141e-05
   496 :  5.7837539e-12  6.8566429e-12 -2.1257790e-11
   497 : -3.2977374e-18 -4.8433813e-18  2.2235617e-18
   498 :  4.0686972e-18  3.2711203e-17 -3.4670560e-17
   499 : -8.3996939e-02  1.3179739e-02 -3.7918294e-03
   500 : -1.1930487e-19  1.3489125e-19  2.4291381e-19
   501 : -1.5114141e-20  1.0851090e-19 -5.4197807e-20
   502 :  4.6950542e-03  4.0633765e-02  2.9985340e-03
   503 :  2.5410722e-03 -3.1376193e-03  4.6914094e-03
   504 : -1.5913597e-04  4.7802223e-04 -7.3653266e-05
   505 : -4.8789411e-02 -5.1225621e-02 -4.0614445e-02
   506 :  1.2723658e-13 -3.2805151e-13  5.2093787e-14
   507 : -6.5466929e-12 -2.2739764e-12  9.2303018e-12
   508 : -2.1192996e-12  1.0330429e-11 -3.1719038e-12
   509 :  1.8268563e-02 -4.6649528e-03  5.8007382e-03
   510 :  7.5651769e-12 -3.0294505e-11  1.9213620e-12
   511 :  9.4187230e-08 -9.5546818e-08 -2.6032441e-07
   512 :  1.3366304e-08  3.9457888e-08 -1.8102664e-08
   513 :  4.1977140e-05 -3.4365380e-05 -9.2119534e-05
   514 : -1.9099433e-04  3.8005843e-04  2.0444253e-04
   515 :  3.6319895e-03  4.9815812e-02 -2.9780657e-02
   516 :  1.4334140e-12  2.9375998e-12 -1.2093373e-12
   517 : -2.0414561e-02  2.7657235e-02 -2.1854068e-02
   518 : -1.4885909e-04 -7.2603868e-05  2.8247983e-04
   519 : -5.5665718e-07 -5.5664003e-08  1.2856504e-06
   520 :  7.7739068e-06  6.7593167e-06 -1.6364342e-05
   521 :  2.0210181e-02  3.2862227e-02  3.1217835e-02
   522 : -3.0510453e-02 -5.2000032e-03 -3.2903565e-02
   523 : -5.4402593e-03 -1.6140207e-01  1.3069054e-01
   524 :  1.4854087e-04  2.0421419e-04 -9.8453759e-05
   525 :  2.6881718e-04 -1.1455668e-04 -3.3046214e-05
   526 : -1.9810143e-09 -3.6771679e-09  1.3622405e-08
   527 :  1.1932971e-16 -7.2269955e-17 -4.1102349e-16
   528 :  3.9597247e-02  4.9787541e-02  2.9570552e-02
   529 : -7.0456246e-03  5.3166047e-03  7.4192765e-03
   530 : -1.1827800e-02 -5.1020828e-02 -2.3654653e-02
   531 :  1.6210788e-02  2.8620147e-02  5.4197264e-03
   532 :  5.4651961e-08 -7.7555970e-08 -3.3463672e-08
   533 :  8.5117312e-23 -6.1727100e-23  4.2835645e-23
   534 : -1.6434923e-23 -6.4065151e-23  1.3327083e-22
   535 :  4.8939024e-17  1.0044141e-14 -3.7829663e-15
   536 : -4.9889289e-03  3.5071693e-02  2.8879297e-02
   537 :  3.4133762e-03  5.0804586e-03  4.2092169e-03
   538 : -2.5395544e-03  1.7215842e-03 -2.7353882e-03
   539 :  1.6256349e-15 -5.6253806e-15  1.1280916e-15
   540 : -3.5672710e-14 -1.3883783e-13  1.5818776e-13
   541 : -9.3900205e-14  2.8901659e-13 -5.6158201e-14
   542 :  7.7217334e-06  4.0436640e-07  7.0682562e-06
   543 :  2.7165130e-16  3.4558191e-16 -2.5017539e-16
   544 :  1.1341432e-05 -5.1432509e-05 -2.4176184e-05
   545 : -5.0733421e-11 -4.9249467e-11  9.9211723e-11
   546 : -4.1007923e-03 -4.3396972e-03 -1.2952568e-02
   547 :  1.7849197e-14 -4.2053758e-14  6.6972227e-15
   548 :  3.2662112e-02  3.0331700e-02 -1.7179883e-03
   549 :  9.5288719e-13 -2.2885484e-12  8.5884355e-12
   550 : -3.2138482e-03  1.3260191e-02 -4.0348488e-03
   551 :  9.4477886e-03 -5.5902628e-04 -1.1993531e-02
   552 :  9.2962526e-03  1.9176616e-02  8.8389681e-03
   553 :  2.6948624e-02 -7.7849527e-03 -5.8875965e-03
   554 : -1.7831092e-12 -1.0246896e-11 -6.9602537e-12
   555 :  3.4936261e-06 -4.4862684e-06  4.2272121e-06
   556 :  2.9322903e-12  3.2693186e-12 -1.2728994e-12
   557 : -2.4229262e-02 -3.5151880e-02 -4.3881606e-02
   558 : -1.2083394e-03 -1.4173539e-03 -3.5389654e-03
   559 :  1.6595436e-02 -1.1324515e-02  1.6738717e-02
   560 :  1.2834292e-02  4.3035042e-03 -5.9686035e-03
   561 :  1.6689437e-02  7.5286839e-03  3.2289610e-02
   562 :  3.6676262e-08 -1.2713683e-07  4.1111998e-08
   563 : -4.2313490e-19  1.1694012e-19  2.6961858e-19
   564 : -9.5936550e-03 -4.2630574e-04 -6.0147023e-03
   565 : -4.5274599e-02 -3.0935883e-02 -4.1484452e-02
   566 : -3.4658365e-13 -4.8223993e-13  1.4765964e-12
   567 : -8.7136532e-07 -3.3118241e-06  6.7672161e-06
   568 : -4.4369289e-03 -2.4644580e-02  6.6894106e-03
   569 : -6.4830192e-03 -5.3484547e-04  1.0674470e-03
   570 : -2.2897983e-11  1.3866345e-11 -3.1032220e-11
   571 :  4.5984306e-06  3.5374626e-06 -2.7970180e-06
   572 :  2.2033734e-20  3.5837172e-19 -1.6947370e-19
   573 : -3.1996699e-03 -3.7008728e-03  1.5155063e-02
   574 : -3.0311216e-03  2.2206127e-04 -3.5927565e-03
   575 :  1.1162345e-02 -1.5692059e-02 -2.6308347e-02
   576 :  6.8533879e-04 -4.8183077e-04 -9.2937470e-04
   577 : -3.9925531e-02 -2.6653666e-02 -3.1134815e-02
   578 :  1.0006071e-21 -1.0111699e-21  3.3484593e-22
   579 :  1.3919133e-02  2.1766677e-02 -2.4462120e-03
   580 :  3.3839687e-03  8.4570639e-03  2.3560099e-02
   581 :  1.8282091e-11 -9.2389944e-12 -3.5077499e-12
   582 : -3.1049931e-21 -3.1487663e-21  1.5533405e-21
   583 :  6.9418989e-10 -1.7060759e-09  3.6912302e-11
   584 : -4.7463133e-18  7.9476668e-18  2.4768286e-18
   585 : -9.0500545e-03 -7.2107153e-03  3.1738248e-02
   586 :  1.0609918e-13 -2.8311422e-13  4.3314950e-14
   587 : -1.1511507e-10  7.7864832e-09 -6.1370338e-09
   588 :  1.6131333e-12 -8.4702653e-13 -2.7983968e-13
   589 :  7.1492338e-02 -3.2682023e-02 -1.2393227e-02
   590 :  2.4470778e-02  1.7146489e-02  3.5808290e-02
   591 :  3.0486440e-20 -4.4799190e-20 -1.7605365e-20
   592 : -6.2958566e-12 -2.2023208e-13  6.8876619e-12
   593 : -3.5289517e-07  5.1971707e-08 -1.7838538e-07
   594 :  5.7674748e-09  2.7794178e-08 -1.1989454e-08
   595 :  4.6691948e-04  1.0726874e-03 -2.4970981e-03
   596 : -6.2096006e-04 -4.7627539e-03  8.8626071e-04
   597 : -1.0311735e-06 -3.9445636e-07  1.3500853e-06
   598 :  6.9411416e-09  2.5880600e-08 -1.5141917e-08
   599 :  9.0551588e-02 -4.1349872e-02 -1.8709012e-02
   600 : -1.6243368e-04  2.4076171e-04  3.5740589e-06
   601 :  3.1806586e-02 -7.5534362e-03 -3.8825055e-03
   602 : -9.8237754e-14 -2.7511174e-13  1.2808562e-13
   603 : -3.4691805e-16 -1.1658769e-15  1.1111304e-15
   604 :  3.0060003e-10 -4.0579397e-10  4.8889622e-10
   605 :  1.6377170e-07 -2.2416862e-07 -1.6216852e-07
   606 :  5.8393148e-03 -3.2238805e-02 -4.9949699e-03
   607 :  2.8551328e-05 -6.3413318e-05 -4.9542744e-05
   608 : -1.9316842e-13 -1.7688173e-12  5.7065687e-13
   609 : -5.3993251e-11 -1.5993776e-10 -3.4977587e-11
   610 :  9.8390737e-17  6.3333423e-16 -1.1912997e-15
   611 :  2.7759125e-02 -6.7385113e-04 -5.8015409e-03
   612 :  3.1935694e-05 -7.3529339e-05 -5.0102270e-05
   613 : -1.1214875e-06 -1.0271259e-06  3.2384646e-06
   614 :  8.6803870e-02 -3.3759766e-02  1.4467586e-01
   615 :  6.2699507e-06  1.0278879e-07 -7.4875487e-06
   616 :  2.5318163e-17 -3.1918282e-17 -2.5869850e-17
   617 : -5.4533782e-07  2.7790603e-06  4.8435151e-07
   618 :  5.9351627e-09  8.1795691e-09 -7.1821277e-09
   619 :  3.0747589e-13 -2.9174295e-13 -3.4838570e-13
   620 :  7.2740767e-08 -4.8335669e-08  1.0411933e-07
   621 :  3.3581939e-05 -3.3544370e-05 -5.6110942e-05
   622 : -3.0351588e-02 -3.0421692e-02 -2.2239749e-02
   623 :  2.0677594e-02 -3.9481061e-03 -2.1592444e-03
   624 : -3.9227102e-05  1.6756602e-05 -1.9537872e-05
   625 : -9.6573887e-06 -7.6810479e-06  8.3225556e-06
   626 :  1.7813063e-21 -6.3359178e-21  2.4000770e-21
   627 :  4.9593971e-15 -2.1623312e-14  1.1371170e-14
   628 :  2.7948497e-09 -3.0307644e-12 -1.7310525e-09
   629 :  6.5071806e-03  3.5041118e-02  3.4061767e-02
   630 : -4.0749770e-02 -1.7440056e-02 -3.3733933e-02
   631 : -5.7858342e-07  2.6327651e-06 -3.9840821e-07
   632 : -2.1475072e-17  4.7904402e-17  2.3518414e-17
   633 :  2.2849797e-02  7.0335198e-03 -5.5263634e-03
   634 : -4.6460232e-05 -3.4123075e-05  2.0001515e-04
   635 :  1.6651797e-02  2.9978964e-02  2.9003284e-02
   636 : -8.6759567e-03 -4.8103316e-03  4.1474152e-03
   637 : -2.9822245e-02  2.8612720e-03 -2.8795045e-02
   638 : -2.7466089e-02 -7.9144653e-03  3.0716870e-03
   639 :  1.6841586e-02  2.3523491e-02  3.4000839e-02
   640 : -8.3554540e-03  1.9313638e-02 -2.4939629e-03
   641 : -6.4987829e-13  1.3702838e-12  7.1783437e-14
   642 :  1.7022519e-03 -5.9203483e-03 -6.2410918e-03
   643 :  1.4633626e-02  2.9136670e-02  3.3076849e-02
   644 :  2.6049522e-02 -1.4413407e-02  7.7398459e-02
   645 :  7.4665767e-04 -9.7325147e-04  2.2471748e-04
   646 :  8.4975812e-06  1.8941372e-05 -4.3698295e-05
   647 : -9.5975054e-03  3.8994697e-02 -3.9413407e-03
   648 :  1.3155283e-04  3.0819369e-04  2.9088570e-05
   649 :  6.2445464e-03 -8.7875356e-03  4.8990084e-04
   650 : -9.1815648e-06 -2.5338818e-06  1.6341680e-05
   651 :  2.0281262e-03 -1.3702135e-02  8.8035162e-03
   652 : -9.8883008e-05  7.6802425e-05 -4.2047541e-05
   653 : -5.8336815e-02 -3.6726873e-02 -4.6690092e-02
   654 :  2.4898489e-10 -6.9944546e-11  2.6120247e-10
   655 : -4.5446274e-05 -1.5175526e-05  1.3879294e-05
   656 : -3.3233169e-02 -1.6026905e-02 -5.1995872e-02
   657 :  1.2175183e-02 -4.2951685e-02 -1.4835488e-02
   658 :  3.3153751e-04  5.4526355e-05  2.1847324e-04
   659 : -2.2593208e-03 -5.7786312e-04 -8.2690127e-04
   660 : -2.8069240e-02 -3.1415012e-02 -1.8627574e-02
   661 :  2.3580806e-02  8.1437623e-02  2.4852193e-02
   662 : -1.1508912e-08 -5.4705119e-09  2.4541950e-08
   663 :  1.3625558e-02  1.0627480e-02 -1.2933866e-02
   664 : -2.3307162e-02 -2.1935659e-02 -2.8550321e-03
   665 : -4.1148946e-02  7.9321477e-03 -7.7022688e-03
   666 :  4.6120380e-18 -3.9891113e-19 -6.6055979e-18
   667 : -2.7498879e-12  1.1271584e-11  2.7349662e-11
   668 :  6.7197341e-03  4.6445375e-03 -3.0476816e-03
   669 :  3.3424808e-21 -1.7554830e-21 -5.9287181e-21
   670 :  2.0318513e-02  3.0562509e-02  2.1688622e-02
   671 :  8.8328099e-03 -1.2292182e-03 -9.7892290e-03
   672 : -1.1197496e-02 -5.8329632e-03 -1.2416782e-02
   673 :  5.9840671e-08  5.9472746e-08 -3.6944521e-07
   674 : -3.6795958e-06  2.3933116e-06  6.5055158e-06
   675 : -4.2583006e-07 -2.2743958e-07  1.0630794e-06
   676 :  5.4681564e-04 -2.9463749e-03  1.6187153e-03
   677 : -2.9266343e-05  5.2739165e-06 -2.3531467e-05
   678 : -1.3345761e-03 -4.6599431e-03 -1.2066839e-02
   679 : -4.4041906e-03  1.8083176e-02 -4.9196380e-03
   680 : -2.4856938e-03 -2.9672828e-03  1.3872342e-03
   681 : -2.1801154e-12  3.1844399e-12  3.6066536e-12
   682 : -3.3340041e-12  1.5106353e-11  3.5840397e-12
   683 :  5.6011719e-13 -1.3758498e-10 -3.2998549e-10
   684 :  1.1391549e-14  2.9493958e-15  1.0752667e-13
   685 :  5.8722999e-04 -1.3502930e-03 -6.2785823e-04
   686 :  8.7561569e-07  1.1376471e-06 -7.5893196e-07
   687 :  7.8997225e-14  2.8756030e-13 -1.2126929e-12
   688 :  3.8892508e-08 -3.8292781e-07  5.6221339e-07
   689 : -1.0461171e-02 -1.2217627e-02 -3.3243870e-02
   690 :  4.3795044e-05 -1.9886143e-05 -4.7690409e-05
   691 : -1.7554665e-03  2.1127597e-04 -1.3398099e-03
   692 :  2.5934383e-04  1.0718920e-04 -1.1947456e-05
   693 :  7.6978229e-21 -1.2988398e-20 -6.3065700e-21
   694 : -1.2990012e-14  1.8746539e-14  1.9193961e-14
   695 : -1.2359085e-02 -3.8937749e-03 -7.4822660e-03
   696 :  2.1703662e-02  4.9085089e-03  2.2427545e-02
   697 : -2.6482607e-04  2.4395381e-04  3.9365762e-04
   698 : -4.6507087e-02 -2.0351833e-02 -4.5259683e-02
   699 :  1.7708793e-08  1.0795465e-10  5.2871144e-09
   700 : -4.6100430e-19 -5.3492035e-19  1.5995002e-18
   701 :  1.0818493e-17 -2.4675802e-17  6.6155545e-18
   702 : -9.5175080e-11  2.4030302e-10 -1.3819870e-11
   703 : -3.7606513e-02 -2.5922765e-02 -2.2159368e-02
   704 : -1.0156496e-04 -2.2542374e-05  8.8532963e-05
   705 :  6.1224249e-14 -1.4326828e-13  1.3687411e-13
   706 : -2.2557890e-01  1.4244959e-01  2.6676805e-02
   707 :  2.3998677e-02  4.2333355e-02 -1.1696405e-02
   708 : -2.9355928e-03 -3.4383475e-03 -4.1733937e-03
   709 : -1.6697075e-06  2.6380380e-06  3.1522193e-06
   710 :  3.3730257e-08 -7.1117623e-09 -1.5458594e-08
   711 : -3.9729851e-05  2.5717567e-06  8.9318290e-07
   712 :  7.1835183e-03 -1.6674133e-03  1.0802253e-02
   713 : -2.3586494e-05 -7.6774102e-05  2.0822832e-04
   714 : -3.2280434e-02 -7.1497094e-03 -3.2878788e-02
   715 : -2.6288031e-04  2.0787717e-04  4.1126263e-04
   716 :  3.0301261e-16 -2.2465298e-15 -1.1111302e-14
   717 :  1.0064498e-02  3.1460536e-02  1.1455736e-02
   718 :  1.8498935e-04 -7.4233192e-05  5.3169207e-05
   719 :  2.8562788e-02  3.7412249e-02  7.0343242e-03
   720 : -1.5213495e-03  1.4025041e-02 -3.9244758e-03
   721 :  2.9457419e-02 -7.1167557e-02 -1.7354505e-03
   722 : -1.9415059e-12 -8.9664692e-13 -6.8323112e-13
   723 : -1.1116349e-12 -1.1871207e-11  1.0947987e-11
   724 :  4.8539191e-12  9.5722051e-12 -2.2982916e-12
   725 :  7.4583122e-03  7.3489371e-05 -1.4577762e-03
   726 : -3.2673270e-08 -3.4796763e-07  1.2488435e-07
   727 :  1.1044640e-02  8.7404840e-03 -3.1400032e-03
   728 :  1.0295335e-02  2.7765206e-02  3.0223791e-02
   729 : -6.3634040e-04 -2.4245897e-03 -5.1131391e-03
   730 :  1.8377158e-04 -6.6992893e-05  1.0937050e-04
   731 : -3.5463176e-12  8.7687799e-12 -2.5906727e-12
   732 : -1.5564130e-09 -1.9896950e-09  4.9104675e-10
   733 :  2.0328778e-04  2.0427792e-04  2.0042410e-04
   734 : -7.4075036e-02 -8.6531441e-01  8.4531679e-01
   735 :  3.5302869e-04  4.9708635e-04  4.9615823e-04
   736 :  2.8045803e-02 -2.9657400e-03 -6.4053602e-03
   737 :  2.7799433e-07 -5.7949708e-07  3.1993493e-06
   738 : -1.8816746e-03  5.5648078e-03 -3.7559987e-03
   739 :  3.7348977e-02  3.1766170e-02  3.8087620e-02
   740 :  4.7989488e-04 -7.6566932e-04  4.4697358e-04
   741 : -1.5865402e-02 -5.0290857e-03 -2.0564682e-02
   742 : -1.1320521e-06 -4.5794294e-05 -3.6676372e-06
   743 :  3.2950273e-05  2.6617343e-04 -2.9116862e-03
   744 : -8.4769141e-02 -3.9601216e-02 -5.4120136e-02
   745 : -8.1956155e-13 -3.9957165e-13 -1.0217097e-12
   746 : -2.1843841e-10 -3.6977444e-10  1.6396295e-10
   747 : -2.4721523e-07 -8.2798830e-07  2.1322072e-07
   748 :  2.4623167e-04  1.7533673e-04 -2.0010656e-04
   749 :  1.6954719e-02  3.0478130e-02  2.6706474e-02
   750 :  1.2535745e-13  1.6302119e-13 -7.1419110e-14
   751 : -2.9615157e-02 -3.5491550e-02 -5.3350128e-02
   752 :  3.1576776e-05 -3.4434060e-05 -7.4687058e-05
   753 :  2.3752507e-02  3.3514297e-02  1.6141715e-02
   754 :  2.8849505e-10  1.7861325e-10 -9.8636337e-10
   755 : -4.2974515e-02 -4.0477835e-02 -7.0785900e-02
   756 : -8.5417466e-07  3.8949387e-06  3.8020572e-06
   757 :  8.8674074e-21  4.5077393e-21 -6.0741451e-21
   758 :  7.1504746e-03 -9.2746326e-02 -5.7117021e-04
   759 :  1.0654898e-04 -1.1705110e-04  2.0787032e-04
   760 :  8.6136985e-08 -2.4640810e-07  7.6164596e-08
   761 :  2.3052616e-04  3.9704397e-04 -1.5496175e-04
   762 : -5.5569858e-04  2.5473991e-01 -2.8220772e-01
   763 : -2.6113759e-16  1.1361625e-15 -3.5540120e-16
   764 : -4.9355377e-17  5.3694461e-18  6.6515056e-18
   765 : -3.1741676e-02 -3.2092317e-02 -5.2251476e-02
   766 : -2.5151033e-06  7.4450423e-06 -9.3381262e-07
   767 : -1.0332735e-01  3.0684390e-01 -4.9054312e-01
   768 :  2.6903176e-13 -3.4545154e-13  8.7228352e-13
   769 : -4.4183145e-02 -2.9154672e-02 -5.2690486e-02
   770 : -4.6820274e-05  3.9863239e-04  6.4160983e-04
   771 :  1.2104751e-03 -3.5164777e-02  4.0320643e-02
   772 : -1.3666582e-02  1.3790836e-03 -2.7564778e-02
   773 :  1.5056268e-06  9.7632411e-06 -7.4907680e-06
   774 : -6.2392761e-02 -5.7112774e-02 -3.7818719e-02
   775 : -3.6296703e-02 -3.8294623e-01  3.1861167e-01
   776 :  9.2620188e-06 -1.7748153e-05 -2.9152584e-05
   777 :  3.1658787e-04  3.3007590e-04  3.9974345e-04
   778 :  1.2913247e-04 -2.9958452e-03  2.8594700e-04
   779 : -2.2551994e-10  9.5320438e-11  4.7523446e-11
   780 :  5.9101946e-02 -8.8132770e-03 -8.2664496e-02
   781 : -6.3276106e-13  5.9231299e-13 -3.9086419e-13
   782 :  1.5820789e-21  1.1518588e-22 -2.9693999e-21
   783 :  6.2785765e-04  2.1461725e-04 -1.8059353e-03
   784 : -1.7354833e-05  3.4682118e-04 -1.7641617e-04
   785 :  1.9630689e-12 -3.9532620e-12  1.0812388e-12
   786 : -5.0801559e-02 -5.5871434e-02 -8.6897478e-02
   787 : -8.8097738e-03 -8.3751829e-03 -2.8524892e-02
   788 : -7.8240654e-13 -3.5179135e-13 -6.2097747e-13
   789 : -1.3257333e-11  4.0805776e-11 -3.1735608e-11
   790 : -6.9917205e-04 -3.1731661e-03 -4.3786691e-03
   791 :  6.6292096e-03 -3.1647365e-03 -8.9765769e-03
   792 : -2.7295268e-02  5.3639538e-03 -2.2083791e-02
   793 : -1.2815956e-02  1.1242036e-02  5.7956539e-04
   794 :  2.3521888e-04 -2.4170558e-03 -3.3447750e-03
   795 : -3.8426086e-02 -2.1458563e-02 -2.8732358e-02
   796 :  9.4703753e-03  2.4068151e-02  2.3619364e-03
   797 : -3.4596610e-13  2.6973226e-13 -7.6238784e-14
   798 :  1.2764058e-02  2.7890747e-02 -9.8088936e-03
   799 : -1.3361279e-06  1.6914584e-06  3.6530227e-06
   800 : -3.1434975e-02 -3.1449191e-02 -5.1452014e-02
   801 : -3.2526743e-11  4.3007006e-12  6.0195142e-11
   802 :  3.3334746e-04 -2.4626100e-04  1.1601590e-03
   803 :  2.5984590e-08 -3.5738622e-08  1.8972572e-08
   804 : -3.0065175e-02 -5.3305044e-02 -5.0929601e-02
   805 :  7.6851280e-05  4.5611600e-04  1.1832271e-04
   806 : -2.9135191e-10  1.4703403e-10 -1.5168335e-10
   807 :  1.9570572e-13  1.2575560e-12 -1.0566740e-13
   808 : -6.7248484e-02 -5.1341488e-02 -5.2800239e-02
   809 :  2.6852207e-07 -7.8231055e-07 -3.1104662e-07
   810 : -1.3217413e-12 -3.1255902e-12  4.2872734e-12
   811 :  1.2655684e-23  1.1657494e-21 -3.2589243e-21
   812 : -1.1727883e-05  6.2090138e-06 -4.3008257e-05
   813 : -1.6452244e-05  4.6804715e-04  2.1045495e-05
   814 :  1.7905513e-20  1.1987351e-21 -2.0304703e-20
   815 :  3.5576396e-23 -2.6326999e-23  3.7996941e-24
   816 :  5.8320536e-18 -2.2850939e-18 -1.7083567e-18
   817 :  1.0490333e-19  6.2650757e-19 -8.6996637e-19
   818 : -4.1742677e-21  1.7204106e-20 -1.0403110e-20
   819 :  2.5286369e-05  1.0554579e-06 -2.9158949e-05
   820 : -3.4170636e-21  9.1016035e-21 -1.8922228e-21
   821 : -2.4909425e-02 -4.3347947e-02  1.1275394e-01
   822 :  1.3665880e-03 -6.0746130e-04 -3.6495359e-03
   823 : -1.5725284e-09  1.0515229e-09 -1.4522344e-09
   824 : -2.1393908e-08  4.5381192e-08  3.3844214e-08
   825 : -6.2302964e-15 -1.1028809e-15  1.4267353e-14
   826 :  6.9141663e-03 -3.0058095e-02  4.9975201e-02
   827 :  3.5122037e-11  7.0238868e-11 -5.3014039e-11
   828 : -4.1891507e-07  9.9920559e-07 -2.5173923e-07
   829 : -3.5115317e-04  8.6055456e-04 -2.9658377e-03
   830 :  4.8342965e-02  5.3284996e-02 -4.2903873e-02
   831 :  4.3991423e-02 -7.2672676e-01  7.4220345e-01
   832 : -4.7193413e-05  4.0987730e-05  1.0842519e-05
   833 :  3.9773825e-02  2.5888042e-01 -1.6789342e-01
   834 :  3.9463788e-19 -3.7134826e-19  4.1067220e-19
   835 : -8.0116080e-24  2.1378612e-22 -3.3792698e-22
   836 :  1.1703046e-04  3.5016361e-04 -2.2201650e-04
   837 :  7.6941016e-12  3.9800564e-12  1.3481623e-11
   838 :  1.0232179e-02  5.2229442e-03  2.8606450e-02
   839 :  9.0201451e-08  9.8040528e-09 -2.0759278e-07
   840 : -7.4993503e-11  1.4467986e-11  7.1298321e-11
   841 : -4.3345026e-09  1.3094358e-09  1.7448874e-09
   842 : -1.2922598e-05 -1.1500305e-05  9.2087126e-06
   843 :  1.7363646e-10 -1.0187283e-09  9.3763252e-10
   844 :  1.4034914e-05 -1.1730680e-05 -8.3784347e-06
   845 :  2.0726560e-15 -6.7540151e-15  1.1242393e-14
   846 : -1.7421102e-04 -3.1298123e-03  1.0282267e-04
   847 : -2.0639456e-06 -5.3800432e-07  2.3798724e-06
   848 : -1.7150854e-23 -4.9346142e-23  3.0898759e-23
   849 :  2.6856816e-08 -5.2929608e-08  3.1028325e-08
   850 : -1.4906652e-07  4.7060799e-07 -1.0029577e-06
   851 : -2.9645847e-08  4.3761313e-08  3.1196238e-08
   852 : -2.0578548e-16  6.1338704e-16 -2.9534815e-16
   853 :  2.7055747e-02 -1.9969766e-03  4.3599110e-02
   854 :  2.2611255e-24 -8.6265886e-24  1.5558020e-24
   855 :  2.5496657e-02  3.0520974e-02  3.2833591e-02
   856 : -3.3114292e-03 -3.0176985e-03 -3.1219772e-03
   857 :  1.4551119e-02  3.6515296e-02  9.4220901e-03
   858 :  3.4623460e-03 -4.2744331e-03 -3.8723963e-03
   859 : -8.7042795e-16  1.9019097e-15 -1.6392927e-17
   860 : -2.3184163e-03 -3.0893191e-03  1.6813488e-03
   861 :  4.4610618e-04 -7.6482070e-05  3.8930075e-04
   862 :  3.6572664e-04 -1.0173928e-04 -7.1728654e-05
   863 :  2.5344534e-02  2.8561333e-02  3.1557976e-02
   864 :  2.5490413e-02  2.2474429e-02  7.0962342e-03
   865 : -2.7724462e-02  4.6423486e-01 -4.8598181e-01
   866 :  3.1305241e-02 -3.9290070e-02 -9.2440195e-02
   867 : -2.3843331e-02 -4.7695942e-02 -8.2867880e-03
   868 :  2.0376867e-05  4.2384863e-06 -7.3568414e-05
   869 : -5.4265402e-06  1.0466129e-05  4.4547048e-06
   870 :  1.0240684e-05 -4.0113329e-06  7.6529428e-07
   871 :  2.8500115e-02  1.0865471e-01 -3.6226991e-02
   872 :  1.8832075e-03  2.3644549e-02  4.2619207e-02
   873 :  2.1388944e-02  1.3180217e-02  1.6786726e-03
   874 : -1.5391828e-03  2.8563277e-03  2.4205454e-02
   875 : -9.4764558e-10  5.0557796e-10  3.8500295e-10
   876 :  3.4868893e-09  2.5479383e-09 -6.7139103e-09
   877 :  7.4394539e-20 -9.4307043e-20  1.1571923e-19
   878 :  6.8715883e-18 -1.7267423e-17  4.1056061e-18
   879 : -3.3510903e-10 -7.4340975e-11  5.6241435e-10
   880 : -9.3348157e-10  6.5992456e-09 -2.6077643e-09
   881 :  4.0602330e-20 -1.1577888e-20 -1.7129138e-20
   882 : -5.3949396e-19  3.7049079e-19  7.5416686e-19
   883 :  1.4735396e-10 -8.2937035e-11  3.6539554e-11
   884 : -9.1176936e-13 -1.4790984e-09  6.9404359e-10
   885 :  3.2361161e-04  4.9269688e-04 -1.2062994e-04
   886 :  2.3303131e-04 -1.9568704e-05  1.7209178e-05
   887 : -3.3814089e-03 -2.6591532e-03  8.3782883e-05
   888 :  2.8086580e-03  6.0570128e-03 -5.2915029e-03
   889 : -1.4297647e-02 -1.3898389e-02 -4.5560929e-02
   890 : -3.3370718e-02 -4.2889021e-02 -2.9307405e-02
   891 :  1.4953587e-09 -3.3646255e-11 -1.1455693e-09
   892 : -4.0427660e-08  7.8393236e-08  7.8853794e-09
   893 : -1.2860634e-03  3.3327653e-04  6.3789696e-04
   894 :  1.1573126e-03 -2.5016336e-03 -3.0540865e-03
   895 :  4.6855717e-02  3.7795193e-03 -9.6382139e-02
   896 : -4.3162404e-02 -3.9927732e-02  7.1142757e-03
   897 : -2.1629526e-10  4.5872769e-11  8.1450565e-11
   898 :  2.8542820e-10 -4.3493257e-10 -6.8917421e-10
   899 : -7.8654068e-03 -6.9483246e-03 -6.2166437e-03
   900 : -8.7423095e-03 -1.8113230e-02 -6.2770906e-03
   901 :  1.3722146e-04 -9.7777784e-05  9.6686731e-05
   902 : -9.0857161e-06 -1.4500906e-03  8.2810295e-04
   903 :  2.4906344e-02  3.8255622e-02  5.1603479e-03
   904 :  4.4548965e-03 -6.2536843e-03  2.0964193e-02
   905 :  9.8764479e-03  6.1640938e-03  2.2046882e-02
   906 :  1.1650863e-02 -3.4301080e-02 -2.8772717e-02
   907 : -2.8054971e-02  4.9340076e-02  8.2093401e-03
   908 :  2.5923477e-03 -2.2566075e-03 -6.3456690e-03
   909 : -3.2336544e-03  2.5682321e-02 -6.6322827e-03
   910 :  2.9602444e-02  1.3119621e-02  2.1098696e-02
   911 :  2.7179959e-02  2.4893692e-02  3.0409802e-02
