Number of elements 912
     0 :  9.4754822e-21 -1.0326736e-20 -9.0534426e-21
     1 : -2.8037137e-12  1.2323846e-11 -5.8042155e-12
     2 : -4.4918000e-01 -4.1581159e-02 -3.3887675e-01
     3 :  1.1953670e-14 -1.0191676e-14 -1.6510196e-14
     4 :  1.0228917e-01  1.3445672e-01  1.4319292e-01
     5 :  4.2326730e-01  1.8091023e-01  1.6816305e-01
     6 :  3.0302035e-33 -1.0835273e-31  1.0161098e-31
     7 :  2.0172054e-11 -1.2880514e-10  7.1419674e-11
     8 : -2.4445855e-10  2.2816716e-09 -7.4322589e-10
     9 :  5.5442704e-29 -4.9931886e-29 -7.0014655e-29
    10 : -4.4693561e-10  5.5697009e-10  4.8611429e-10
    11 : -8.7484319e-32  1.1336692e-31  7.4530537e-32
    12 :  2.9657679e-01 -7.0298463e-01  1.5394447e+00
    13 : -2.8618055e-07  4.3513252e-08  5.7518769e-08
    14 :  4.6820144e-16 -8.1106034e-16  6.8755942e-17
    15 :  5.1522915e-09 -9.2300123e-09  1.5366696e-09
    16 :  1.0106155e-34 -4.6724829e-33  4.2099528e-33
    17 :  3.9356368e-24  4.2760165e-23 -4.8315437e-23
    18 : -1.1509455e-09  4.1015829e-09 -5.2698054e-10
    19 : -1.5093916e-39 -1.4214980e-39  2.2638069e-39
    20 : -1.9431928e-25  4.3607889e-23 -4.5604928e-23
    21 : -4.4852759e-07 -4.2681695e-07  1.2458025e-06
    22 :  1.1966267e-06  4.4160317e-07 -5.8153391e-07
    23 : -6.7620849e-38 -1.2113776e-36  4.3103031e-36
    24 : -2.9098144e-11  8.0267756e-11 -1.1170469e-11
    25 :  1.5308139e-38 -1.1958772e-37  4.5230388e-38
    26 :  2.0455653e-11 -1.2488258e-10  4.9742815e-11
    27 :  1.8160438e-07 -4.2777190e-07 -4.0686175e-08
    28 : -1.3682107e-07  3.2293805e-07 -1.3016034e-07
    29 : -3.8442898e-13  2.3906718e-12 -1.1673618e-12
    30 : -6.0050341e-10  8.5090425e-10  5.2686833e-10
    31 :  4.2902270e-15 -4.6239117e-15 -4.8599866e-15
    32 :  9.6321157e-31  1.1095565e-30 -3.1258041e-30
    33 :  7.1245000e-06 -1.4439473e-05 -1.1893627e-05
    34 :  8.7805771e-40 -5.9882315e-40 -1.1908024e-39
    35 : -5.0349778e-15 -6.4613294e-15  2.0387595e-14
    36 : -7.8609693e-02 -1.8916522e-01  7.6545024e-02
    37 :  1.4305857e-05  1.9935230e-05 -6.9503134e-05
    38 : -1.2638106e-07  5.2976382e-07 -1.0755262e-07
    39 : -5.1760178e-12  8.7582672e-12  4.6386709e-12
    40 :  3.2437947e-13 -2.8488254e-12  6.8251011e-13
    41 :  1.9918524e-07 -3.8168916e-07 -9.3797381e-08
    42 : -1.0841353e-37  5.8249655e-38  8.7401440e-38
    43 :  2.2994887e-21 -3.1188748e-21 -1.6577713e-21
    44 :  9.0738364e-06 -1.0383024e-05 -2.3934528e-05
    45 : -5.6060350e-17  2.8860409e-17 -7.2437475e-18
    46 :  5.7815578e-18 -7.3244121e-18  1.0051848e-17
    47 : -9.9933508e-31  1.3340688e-29 -2.7113318e-29
    48 : -1.1353326e-33  3.6122460e-33 -1.4957557e-33
    49 : -5.5555761e-09 -1.2246315e-10  1.2320342e-08
    50 : -4.4096114e-06 -2.4495115e-05  9.2212936e-06
    51 :  7.8197794e-02 -2.8667536e-02 -1.3378342e-02
    52 :  2.6783591e-09 -8.5813771e-09  1.8158467e-09
    53 :  5.2864347e-31 -2.2233243e-31 -1.1437725e-31
    54 :  1.7481361e-07 -2.8024907e-09  3.9054416e-07
    55 : -2.6866087e-08 -5.8342082e-08  5.0325083e-07
    56 :  1.3701151e-01  1.9774906e-01  2.0334253e-01
    57 :  2.6888176e-08  3.4688357e-08 -9.1096331e-08
    58 :  2.0943048e-03 -6.2973309e-03  1.0416856e-03
    59 : -1.3271224e-09  1.7628051e-09 -6.1913249e-10
    60 : -1.0932689e-06  4.1103341e-06  2.8698376e-06
    61 : -4.5878780e-03  4.6787097e-03 -5.4112511e-03
    62 : -9.9660558e-11 -1.1128997e-10  8.9710845e-11
    63 : -2.5979304e-05 -1.6845206e-05  1.0705560e-05
    64 :  1.4872674e-11 -8.2173703e-11  6.4388913e-11
    65 : -4.4716608e-14  5.0861313e-13 -1.4481771e-13
    66 : -9.5129333e-15  3.2219959e-14 -7.5106442e-15
    67 : -3.2599032e-32  4.7762381e-33  6.4240520e-32
    68 : -1.3413540e-31  3.1460112e-31 -3.4697373e-32
    69 : -4.0521572e-32  3.5408736e-32  4.8737663e-32
    70 : -3.3336841e-17 -2.1446408e-18  7.3660547e-17
    71 :  3.4630060e-05 -5.3649662e-05 -3.3709450e-05
    72 :  3.0365364e-34 -8.3861125e-34  2.1313779e-34
    73 :  7.5731354e-06 -3.6109508e-05 -1.3377323e-04
    74 :  3.2451359e-24  7.3432309e-24 -5.1953548e-24
    75 :  6.7287879e-25  7.8043073e-25 -6.7382164e-25
    76 :  4.1772532e-35  1.9315180e-34 -1.0603321e-34
    77 :  2.1047989e-26 -4.9451808e-26  5.1869500e-27
    78 : -6.9419022e-31 -3.8069262e-30  7.8667948e-30
    79 :  1.7532912e-21 -1.7140776e-21  2.0963647e-21
    80 :  3.0043438e-45  9.7510517e-45 -6.8985474e-45
    81 :  4.6539145e-29  1.9590685e-28 -1.1994138e-28
    82 :  3.2392236e-01 -2.0863756e+00  2.7536379e+00
    83 : -9.9258634e-40  5.1506718e-40  1.5629701e-39
    84 : -5.7585278e-37  1.3119159e-36 -2.2877269e-37
    85 :  2.0942726e-01  3.2467625e-01  7.8540885e-03
    86 :  4.4869910e-23  4.8891105e-24 -5.4893419e-23
    87 :  2.3626083e-21 -2.3373634e-21 -2.5982169e-21
    88 :  7.4290830e-14  5.9591965e-14 -5.8416200e-14
    89 : -2.8878942e-04  1.5316647e-04  3.2541678e-04
    90 : -2.9162322e-35 -8.3144606e-35  5.5440773e-35
    91 :  1.5607500e-01  1.5306291e-01  1.2502408e-01
    92 :  2.2151009e-17 -4.9411545e-17  1.6880236e-17
    93 : -8.8052517e-44  1.5542828e-44  3.7845780e-44
    94 :  3.8470961e-20 -4.4742398e-20  1.3879770e-20
    95 :  1.7235097e-32 -6.3398173e-33 -4.1828552e-33
    96 :  1.8861830e-15  1.6561884e-15 -4.7280637e-15
    97 : -1.5325260e-16 -7.4173513e-16  1.0528008e-15
    98 :  1.2719450e-02 -7.1829180e-02  9.5845002e-02
    99 :  8.3933410e-30  9.8144835e-30 -8.1412143e-30
   100 : -4.8373689e-31  4.9167288e-31  1.5000030e-31
   101 :  1.6027717e-13 -2.4849682e-14 -5.9666868e-14
   102 :  2.0026183e-09 -2.8884457e-09  3.4424388e-09
   103 :  4.5583505e-41 -4.0776994e-41 -5.3824568e-41
   104 : -7.5145519e-19  1.8437595e-18 -7.3257669e-19
   105 :  3.8605206e-09 -7.5836133e-10 -1.3284120e-09
   106 :  4.6964198e-12  2.8645891e-12 -1.2405280e-11
   107 :  4.4813428e-12 -2.0067285e-11  3.1416870e-12
   108 :  4.0839639e-12  1.2093077e-11 -5.6873686e-11
   109 : -1.1737945e-09  4.6492375e-09 -3.3447075e-08
   110 :  1.7144783e-05 -1.0021753e-04  1.8211649e-05
   111 :  1.1001262e-11 -1.4512236e-11  1.9844505e-12
   112 : -2.9707560e-28 -2.9839788e-29  6.8478234e-28
   113 :  4.7930873e-02 -9.3516011e-03 -1.2809466e-02
   114 : -1.3723390e-16  2.7672965e-17  6.4147456e-17
   115 : -6.4482275e-09 -6.2761700e-08  5.3607467e-08
   116 :  7.8430660e-05 -8.6104824e-05  1.7083957e-06
   117 :  1.5818700e-01  2.0061169e-01  1.4855715e-01
   118 :  4.9762009e-01  1.2903052e-01 -1.3242980e-01
   119 : -2.1086353e-33 -6.0005413e-34  3.3356508e-33
   120 : -8.8212836e-16  4.0130867e-16  2.7795196e-17
   121 :  1.6292646e-25 -3.7478587e-25  7.8273166e-26
   122 : -4.3700125e-08 -9.6140512e-08  6.8311161e-08
   123 : -5.3836406e-41 -1.1059013e-41  7.0339788e-41
   124 :  2.0030364e-30 -3.7709517e-30  8.5442727e-31
   125 : -6.6507528e-44  1.7538147e-43 -4.2289720e-44
   126 : -8.6160863e-24  8.5700074e-23 -5.7094913e-23
   127 : -1.0413809e-24  6.5600560e-25  1.6105430e-24
   128 :  2.5164233e-08 -7.9263997e-09 -4.3891367e-08
   129 :  1.5126547e-20  2.1518839e-20 -6.0574366e-20
   130 : -1.4092655e-02 -1.2348352e-02  1.3854926e-02
   131 : -1.1026933e-05  2.0553009e-06  3.9069282e-06
   132 : -1.5905675e-07  6.0861498e-07 -1.9134868e-07
   133 : -2.8412549e-05  2.1411681e-04 -2.7640005e-05
   134 : -1.9262650e-07  8.4506983e-08 -4.8252002e-08
   135 : -7.5064959e-11 -3.5407778e-10  4.1927449e-11
   136 :  1.8874961e-12 -1.1258578e-12 -4.0239045e-13
   137 : -3.0588745e-09  1.0648817e-08 -4.3266182e-09
   138 : -1.2275399e-11 -1.0334837e-10  8.1616943e-11
   139 :  4.1413616e-11 -9.1862385e-11  2.6610510e-11
   140 : -9.0285173e-28  5.4496021e-27 -2.1352428e-27
   141 : -3.2187527e-26 -4.0008354e-26  1.0755330e-25
   142 :  8.2288612e-11  1.8453460e-11 -6.4735076e-11
   143 :  3.2199279e-35  1.0863329e-33 -1.5487926e-33
   144 :  4.4646737e-13 -1.5948114e-12  6.1753204e-13
   145 :  6.2283475e-15 -1.1288424e-14  2.3488238e-15
   146 : -2.6133484e-18  2.0787212e-18  3.5105789e-18
   147 :  8.8041098e-34 -1.2222488e-33  2.1346860e-34
   148 :  1.0609263e-18 -5.0651874e-19 -1.6677935e-18
   149 :  8.9591856e-02  1.6277655e-01  1.3490773e-01
   150 : -1.2139483e-14  4.0421946e-15  2.2414522e-14
   151 :  2.1251007e-24 -1.5677113e-24 -3.0956965e-24
   152 :  1.6477565e-20 -2.7422705e-21 -6.0177797e-21
   153 :  1.9145806e-01  1.3186403e-01  8.7464153e-02
   154 : -1.3785636e-44  6.4716821e-45  1.7914958e-44
   155 :  2.2551808e-34 -3.4396907e-34 -4.9244675e-34
   156 :  8.0130779e-36 -1.5877709e-35  3.8572154e-36
   157 : -9.4422527e-18 -1.8188273e-16  2.0848424e-16
   158 : -1.0430858e-10  1.6954215e-10 -8.2889705e-11
   159 :  7.6907867e-14  1.2199696e-13 -9.2902522e-14
   160 : -2.4882026e-42  7.9480779e-43  8.4081410e-43
   161 : -2.2288659e-41  8.6630582e-41 -1.5316005e-40
   162 :  7.7831006e-02  1.7075429e-01  1.4321606e-01
   163 :  1.0561120e-08  8.7776440e-08 -3.0281116e-07
   164 : -2.7134473e-23  9.0143606e-23 -3.0841896e-23
   165 :  9.3782763e-13 -1.8530605e-12 -2.5828516e-13
   166 :  2.9336489e-35 -5.4476634e-36 -5.6186664e-35
   167 : -2.2782007e-10 -5.5006985e-11  3.9469716e-10
   168 : -6.3245002e-07  1.6133745e-06 -3.2169228e-07
   169 :  6.0056952e-01 -2.6643455e-01 -5.6448625e-01
   170 :  4.6789081e-32 -3.1686388e-32  2.0259559e-32
   171 :  1.0599710e-33  2.0999939e-32 -4.3183542e-32
   172 : -1.6717128e-06  4.3279826e-06  3.5982667e-06
   173 :  2.1586366e-08  1.8272326e-08 -6.9773514e-08
   174 :  1.9305517e-11 -3.1231931e-11 -1.5652390e-11
   175 : -2.0404721e-18 -3.3041099e-19  1.6243518e-18
   176 :  1.4540399e-29 -2.1452942e-29 -9.9211837e-30
   177 :  4.4602247e-11 -1.2683007e-11 -8.9363321e-11
   178 :  2.2784030e-01 -2.8394476e+00  2.9587741e+00
   179 :  2.8667293e-10 -3.3719927e-10 -3.1591582e-10
   180 : -4.4348659e-35  4.9134457e-35  4.8099142e-35
   181 : -6.1147648e-07 -3.7016986e-08  1.4489476e-06
   182 : -1.5680742e-20  3.0012330e-20 -5.0637743e-20
   183 : -2.2414577e-05  1.1559378e-05 -1.1737302e-05
   184 :  2.9611415e-44  4.4389512e-43 -2.3110445e-43
   185 : -6.5126207e-24  1.6867602e-24  2.2562917e-24
   186 :  7.5912096e-17 -1.7756931e-16  3.2637782e-16
   187 :  5.7410799e-11  4.2679302e-10 -7.5847370e-10
   188 :  5.8026100e-02 -2.4089523e+00  3.2750845e+00
   189 : -4.1094038e-10 -4.1346111e-10  1.2730680e-09
   190 : -3.3166538e-12 -3.5109842e-12  2.6005234e-12
   191 :  1.2490731e-40 -1.0284880e-40 -1.6139993e-40
   192 : -2.1193560e-07  5.8108611e-06 -2.0740071e-06
   193 :  1.0213477e-01  1.7877081e-01  6.3555119e-02
   194 :  2.7687572e-02 -4.3804966e-01  9.7988121e-01
   195 : -5.3616667e-17 -1.5734468e-17  3.3603885e-17
   196 :  2.3439531e-34 -1.7285741e-34 -3.2342813e-34
   197 : -4.6972244e-34  7.9621413e-34  1.5440524e-34
   198 :  2.7083766e-14 -1.2223906e-14  1.0865787e-15
   199 : -9.4794477e-03  1.8508057e-02 -7.6501914e-03
   200 :  1.7217069e-30 -4.1458408e-30  1.2879352e-30
   201 : -3.8038578e-07 -4.0908016e-07  1.1373453e-06
   202 : -1.2684258e-16  2.0934160e-17 -3.8646181e-18
   203 :  3.5397385e-37  2.8015400e-37 -2.9953452e-37
   204 :  2.5253686e-17  1.3977748e-16 -1.5782742e-16
   205 : -8.8358745e-09  2.5876248e-06 -9.1739749e-07
   206 : -7.9727579e-37  3.0226811e-37  6.5493750e-38
   207 : -1.0234463e-34  6.6499960e-35 -3.7811144e-35
   208 : -1.6596078e-25  1.4087092e-25  1.4501532e-25
   209 :  2.4723057e-01  1.8207573e-01  7.9920540e-02
   210 :  4.4858572e-18 -5.0025421e-18 -4.3990819e-18
   211 :  1.3349985e-36 -6.3526324e-37  2.6402431e-38
   212 : -1.7545538e-10  3.8182891e-10 -9.6243705e-11
   213 :  2.3994098e-34 -1.6170050e-33  1.7537553e-33
   214 :  6.1787601e-02  4.7598697e-02  1.9335535e-01
   215 :  7.4709316e-02 -2.6065062e-01 -4.6829857e-02
   216 :  1.0150169e-10 -6.8915053e-11 -2.7786428e-10
   217 :  7.4428888e-44  3.5009050e-43 -2.0586942e-43
   218 :  9.1268335e-28  4.6418896e-27 -6.6205718e-27
   219 : -5.2407077e-08 -6.1928573e-08  1.4694992e-07
   220 :  3.3071819e-23  1.4204699e-23 -6.2541464e-23
   221 :  1.1324909e-29 -3.4265011e-30 -2.0431640e-29
   222 : -4.5385326e-03  2.5980887e-03 -4.9479120e-03
   223 : -5.7162569e-05  2.1128835e-04 -1.1343234e-04
   224 : -1.2924184e-14  5.0334368e-14 -2.8955044e-14
   225 :  5.9421092e-23 -1.5299335e-22  2.6491474e-23
   226 : -2.4448614e-30  1.1480279e-30  8.4721999e-31
   227 : -5.0434371e-17  1.5564187e-17  1.3257831e-17
   228 : -3.8616588e-14  8.9771219e-14  1.3545429e-14
   229 : -2.8420639e-22  1.6076599e-19 -7.3069972e-20
   230 : -5.9003898e-32  2.1124395e-31 -7.4951435e-32
   231 : -1.4192885e-31  1.4088179e-31  1.5246660e-31
   232 : -1.2122281e-41 -8.1706251e-42  9.9233564e-42
   233 :  1.0475972e-29 -2.4938879e-29  6.5005396e-30
   234 :  7.2577715e-02 -4.4121224e-02  4.5243790e-02
   235 :  3.4378403e-06  1.3300525e-05 -2.9397702e-05
   236 : -8.0875429e-28  1.3073485e-27  4.2892001e-28
   237 :  8.1271037e-26 -3.3416978e-25  1.9032393e-25
   238 :  1.2510369e-38  1.7310087e-39 -7.0607255e-39
   239 :  8.9215877e-30  4.3020399e-30 -1.8951362e-29
   240 :  2.5933648e-35 -1.0961572e-36 -5.3147242e-35
   241 : -5.7915388e-08 -8.4823247e-08  2.7369574e-08
   242 :  1.9751683e-08  1.4658872e-08 -5.0159483e-08
   243 : -2.2091712e-03  1.4350180e-03 -1.1150654e-03
   244 : -3.2220920e-05  2.1873889e-05 -4.1203423e-05
   245 :  2.2081270e-28  2.4304949e-29 -4.2101734e-28
   246 :  3.0094782e-09 -4.6178826e-10 -3.9630070e-10
   247 : -1.5632937e-03  1.6743107e-03 -1.6580390e-03
   248 :  5.3476363e-43 -7.4146957e-43 -3.4635611e-43
   249 : -6.4616012e-22  1.7654206e-21 -2.9491126e-22
   250 : -4.6258147e-09 -2.0072000e-09  1.7950169e-08
   251 : -7.2258801e-15  1.5039616e-14  6.1873282e-15
   252 : -7.6809939e-31  1.3976434e-30 -1.0122249e-31
   253 :  6.9247649e-38 -7.9174694e-38  9.6904812e-38
   254 :  9.5733677e-03 -6.8141974e-03 -4.1366162e-03
   255 : -4.4869966e-17  4.7461922e-17 -1.7992227e-17
   256 :  1.4946812e-09 -1.4936409e-08  6.0771305e-09
   257 : -2.6435603e-05  1.3470810e-05 -5.8870863e-05
   258 : -1.0475065e-17 -1.3987989e-17  3.8319296e-17
   259 :  6.3671604e-25 -4.9060300e-25  3.8960491e-25
   260 :  1.4157434e-08 -8.3391717e-08  4.0923298e-08
   261 : -1.0348940e-16 -6.3845084e-17  3.9286448e-16
   262 :  1.9202964e-28 -6.2035812e-28  3.7946239e-28
   263 : -4.1686850e-32  4.4842291e-32  4.3836527e-32
   264 : -1.4302986e-15  1.5038882e-15 -1.8083679e-15
   265 : -1.0454289e-07  1.4545670e-07 -3.1579778e-07
   266 :  1.9675573e-21  5.8234337e-21 -3.5380787e-21
   267 : -1.1670423e-19  2.0721360e-19 -4.4270378e-20
   268 :  7.9639218e-33  2.0412987e-32 -4.9418313e-32
   269 :  3.9763327e-06 -1.1106039e-04  7.7073640e-04
   270 : -6.6369903e-19  3.4865132e-18 -1.9245822e-18
   271 : -4.5151907e-07 -2.8568933e-07  1.3968197e-06
   272 :  7.9994367e-19 -7.5662587e-20 -6.3119449e-19
   273 :  3.3596500e-31 -3.7051493e-31 -3.1318602e-31
   274 :  1.8619047e-09  4.6762015e-09 -8.6660878e-09
   275 :  1.3571525e-26  5.8576890e-27 -3.5779342e-26
   276 : -4.5149524e-06 -2.5249465e-06  2.0295354e-07
   277 :  8.2280856e-29 -5.9738849e-29 -1.1393739e-28
   278 : -3.7460246e-09  3.8632484e-09  2.8061679e-09
   279 :  5.4816499e-15 -8.9776681e-16 -2.1569840e-15
   280 :  3.6322538e-01  8.1706062e-02  1.8052852e-01
   281 :  3.1575045e-15 -5.6021273e-15 -1.5386308e-15
   282 : -1.1101238e-21  5.3605361e-21 -1.0824597e-20
   283 : -3.4895205e-26 -5.0972901e-26  1.2064033e-25
   284 :  4.3795176e-28 -3.7094451e-28  5.5532326e-28
   285 :  3.0998832e-02 -4.9741156e-03 -1.7885198e-02
   286 : -7.4065325e-10  1.5443867e-09  1.2251818e-09
   287 :  2.7813659e-11  3.8482663e-11 -2.3584650e-11
   288 :  1.5239097e-01  1.3554720e-01  1.0847351e-01
   289 : -1.8574048e-12  2.1131209e-12 -3.2933471e-12
   290 :  5.9475144e-02  1.1217592e-01 -9.4460484e-03
   291 : -2.1150817e-15  2.9836726e-15 -3.6226985e-16
   292 : -1.9648496e-05  1.8840265e-04  1.8546846e-04
   293 : -1.3656836e-24  6.5040714e-25  2.1333632e-24
   294 : -4.2426388e-10  1.3368059e-10  3.0275139e-11
   295 :  1.0350560e-36 -4.1444113e-36  1.5056154e-36
   296 :  2.1770330e-07  5.2543562e-06 -7.9677491e-06
   297 :  3.1053934e-14 -2.0356567e-13  1.5521667e-13
   298 :  3.1405605e-14 -3.2180061e-14  4.1528335e-15
   299 : -1.8490096e-39 -7.1491688e-40  4.0440292e-39
   300 :  3.0440138e-06  1.2127788e-06 -1.1128073e-06
   301 : -1.0993583e-15  6.0242699e-16  1.9352165e-16
   302 : -1.0021018e-09  4.5859250e-09 -1.8483420e-09
   303 : -3.8883455e-11 -2.1912145e-12  1.8162160e-11
   304 : -3.0651071e-10 -5.4366977e-10  1.6788835e-09
   305 : -8.6985332e-17  5.6140571e-17  1.4199480e-17
   306 : -6.7809219e-05 -8.2704106e-05  5.2448617e-06
   307 :  9.8655504e-11  7.2522441e-11 -4.2973757e-10
   308 : -1.6962580e-14  2.6361007e-15  1.0869147e-14
   309 :  2.3242524e-39  6.7654447e-38 -3.4453369e-38
   310 : -1.6997089e-14  1.8530305e-12 -1.9704594e-12
   311 : -5.1124239e-10 -7.1005108e-10  1.0262327e-09
   312 : -1.8068577e-35  9.6832348e-35 -1.9084998e-34
   313 :  3.5764473e-25 -1.2324033e-24  3.7026916e-25
   314 : -6.4064859e-38 -5.5792090e-38  1.7238369e-37
   315 : -1.4160234e-29 -6.3449773e-29  3.6713713e-29
   316 :  2.7165214e-04  8.6262382e-05 -1.3033329e-04
   317 : -3.5588999e-40 -5.7024858e-39  6.2194934e-39
   318 :  8.9588447e-07  5.4263178e-07 -1.8532108e-07
   319 : -2.2086934e-07  1.2901896e-07  3.7803988e-07
   320 :  6.2615213e-01 -6.4963497e-01 -4.8575455e-01
   321 : -1.5560287e-04  5.8840914e-05  2.1982649e-04
   322 : -9.2545230e-38  2.1437548e-37 -2.7657121e-38
   323 :  5.6573161e-42 -8.1943994e-42  1.3245371e-42
   324 : -3.5882720e-28  1.2085881e-27 -3.7286223e-28
   325 :  3.5038647e-25 -1.9550066e-24  3.8530352e-24
   326 : -3.1495176e-03 -3.9698011e-03  9.7571737e-04
   327 :  6.1510818e-01 -2.4404831e+00  3.0343379e+00
   328 : -3.5932067e-08  1.3138138e-08  8.0649565e-09
   329 :  5.4387247e-27 -6.9523004e-26  3.1908102e-26
   330 : -1.6787605e-41 -2.3117030e-41  5.6403456e-41
   331 : -1.6953201e-18 -2.1422972e-19  3.9450625e-18
   332 :  6.7427883e-11  1.0435724e-10 -8.6015432e-11
   333 :  7.7980939e-25 -4.6377310e-25  2.2534868e-25
   334 : -3.7209619e-07  2.3642124e-06 -1.3852030e-06
   335 :  3.3228581e-10 -6.5433629e-10 -2.0016005e-10
   336 : -2.4007705e-09  3.5296144e-09  1.9208902e-09
   337 :  1.4287831e-38 -2.6788736e-36  2.8488010e-36
   338 : -4.7275192e-09  2.1684846e-08 -6.5130901e-09
   339 : -4.6592775e-28  3.7575722e-27 -2.5072922e-27
   340 : -1.9509913e-07  3.7473525e-07 -7.2540146e-08
   341 : -5.2505706e-37 -2.1197596e-36  1.7222226e-36
   342 : -5.9726709e-30  2.8090762e-30  9.7368347e-30
   343 : -2.9593036e-15  2.1577918e-15  3.5569443e-16
   344 :  2.4081617e-06 -2.5218635e-06  8.7242606e-07
   345 :  6.3753890e-02 -2.4412749e-02 -1.5067655e-02
   346 : -1.7766876e-29 -2.1000987e-29  1.8201454e-29
   347 :  2.2891116e-06 -1.1123095e-06  8.4863034e-07
   348 : -5.2874113e-16 -4.2762579e-15  2.2939974e-15
   349 :  1.8951541e-16 -1.1448202e-16  6.7579780e-17
   350 :  1.8026841e-06 -6.9585567e-07  1.0400563e-06
   351 :  5.2343608e-23  6.2368143e-23 -5.3669693e-23
   352 :  2.0574517e-06 -6.1163653e-07 -6.8279720e-07
   353 : -5.8142330e-10  2.9398096e-09 -9.2872255e-10
   354 : -2.4017439e-02  9.5098372e-02 -1.4700940e-01
   355 :  8.3084092e-02  1.2157476e-01  1.5819607e-01
   356 :  1.3730633e-36  2.4499928e-36 -5.3785699e-36
   357 :  3.6027769e-06  2.0502168e-06 -6.3824598e-06
   358 : -2.0973724e-17  3.2073310e-17  1.5127113e-17
   359 : -7.8050259e-44  1.8118094e-43 -5.2856052e-44
   360 : -1.8427109e-07  9.6877609e-08 -2.7684146e-07
   361 : -1.8003199e-22  4.0901423e-22 -1.0817999e-22
   362 : -9.3223038e-16  3.3525813e-16  4.2328337e-16
   363 : -1.5805723e-19  7.2296512e-20 -1.9350340e-21
   364 : -6.2419422e-21  1.8570735e-20 -5.6073462e-21
   365 : -4.8326214e-16  2.7042016e-16 -5.0316832e-16
   366 :  2.2604612e-33 -3.4638668e-33 -1.2542650e-33
   367 : -9.5411433e-13 -5.9066765e-13  2.8921196e-12
   368 : -1.9636203e-08  1.1507451e-07 -7.1712781e-08
   369 : -2.6818983e-16 -1.0911867e-17  7.2208596e-16
   370 : -1.4478335e-19  3.9540848e-19 -1.0073946e-19
   371 :  2.0782808e-33  5.9583716e-34 -3.2548205e-33
   372 :  1.8166161e-15 -1.3274031e-15 -2.3062497e-15
   373 : -2.7207277e-10 -3.6112690e-10  1.2863807e-09
   374 :  2.3666624e-02 -7.0199959e-03 -1.0039465e-02
   375 : -3.7244570e-24  1.4661039e-24  9.5864745e-25
   376 : -1.5344235e-37 -1.3699360e-36  1.7054635e-36
   377 :  3.2851404e-14  9.3017730e-14 -4.9514908e-14
   378 : -4.2943509e-20 -2.2849382e-19  1.8566405e-19
   379 :  1.3078273e-40 -3.9681952e-40  1.3755165e-40
   380 :  2.1035127e-04  5.4577484e-05 -4.1569431e-05
   381 :  1.0316946e-17  2.2325635e-17 -1.4768965e-17
   382 :  4.7371326e-24 -6.8729110e-24 -2.8750378e-24
   383 :  9.9662957e-06  1.1079211e-05 -5.9027677e-06
   384 : -7.2795810e-23  2.2318726e-23  5.2574154e-23
   385 :  3.1208893e-09 -8.4790526e-09  9.5766780e-10
   386 :  1.9977944e-04 -7.0379936e-05 -6.7576034e-05
   387 : -1.1867704e-26  3.7011707e-28  2.4806738e-26
   388 :  1.7363618e-01  1.4968591e-01 -1.3522657e-02
   389 :  2.0978000e-22  9.4889322e-22 -1.0539069e-21
   390 :  2.7479220e-09 -1.2234407e-09  2.4448286e-09
   391 : -6.6231052e-20  1.1736583e-17 -5.6475445e-18
   392 :  3.3504340e-06  3.8183280e-06  4.3529882e-07
   393 :  7.4972974e-06 -3.2488750e-05 -2.3134878e-06
   394 : -4.5223689e-23  1.5800913e-22 -5.9341638e-23
   395 :  3.9119263e-13 -2.8772660e-13  2.5116105e-13
   396 : -3.6747852e-40  7.9741744e-40 -1.2723914e-39
   397 :  2.4669776e-06 -1.1050937e-05  1.7617157e-06
   398 : -4.9603297e-11  1.4711800e-11  1.1015413e-11
   399 :  1.8566435e-07 -9.0544655e-05  3.3654499e-05
   400 :  3.8985012e-11 -1.0445897e-12 -2.7992634e-11
   401 : -2.9124549e-10  2.0139637e-10  1.8401791e-10
   402 :  4.4983267e-21 -1.4153570e-21 -9.5377622e-22
   403 :  1.5250089e-20 -1.1951704e-19  8.4870044e-20
   404 : -5.3530237e-35 -6.6491388e-34  7.5380664e-34
   405 : -5.8392000e-13  3.6384447e-13  2.0591385e-13
   406 :  9.4926086e-08 -2.4837048e-07 -7.9878640e-08
   407 : -2.8571051e-05 -4.1124637e-06 -4.0833781e-05
   408 :  1.9421963e-04  1.3591519e-04 -6.4134996e-05
   409 : -3.2439663e-12  2.0212394e-12  6.5291815e-13
   410 : -6.8999916e-02 -2.9321026e-01 -1.6983819e-01
   411 :  1.5695139e-12 -1.3137461e-12 -2.3113313e-12
   412 :  3.2441762e-10 -3.0725947e-10 -6.7008365e-10
   413 :  8.1065904e-37  8.2514016e-37 -2.4806421e-36
   414 :  7.8755960e-02 -5.6797824e-02  1.3155465e-01
   415 :  4.6453268e-11 -6.3895444e-11 -4.6801412e-11
   416 :  1.4980722e-26 -5.7496184e-28 -1.2935477e-26
   417 :  2.8574269e-07 -7.3489312e-07  1.8125120e-06
   418 : -1.1364576e-04 -2.4284278e-05  3.3725819e-04
   419 :  5.0735613e-33 -5.2124504e-33 -3.3363277e-35
   420 : -1.5221752e-30  5.4372078e-30 -2.3496967e-30
   421 : -6.8008472e-28  3.2192808e-27 -1.6959223e-27
   422 : -7.4553845e-16  6.7006428e-16 -7.8537532e-16
   423 : -5.9898304e-13  8.0441309e-12 -4.9818740e-12
   424 :  1.3924838e-22 -3.2065975e-22  8.8684424e-23
   425 :  3.7321038e-27 -1.9120343e-26  7.0202526e-27
   426 :  5.7421500e-19  9.9799943e-19 -7.1597992e-19
   427 : -3.5347861e-21 -1.2243695e-20  2.7789108e-20
   428 : -2.8251136e-21  5.1396640e-21  1.0513036e-21
   429 : -2.3922663e-10 -1.5112356e-10  1.4677629e-10
   430 : -2.1572288e-09  2.3176048e-09  5.8852774e-10
   431 : -7.7507739e-13  1.3230646e-12  4.4719780e-13
   432 :  1.7053805e-15  9.8335929e-16 -3.3814240e-15
   433 : -1.5124527e-35  1.5237853e-35  1.5354433e-35
   434 : -1.2303618e-03  2.4516294e-04  8.2364441e-04
   435 : -1.2107509e-12  4.4078101e-13  4.9262271e-13
   436 : -1.6009682e-23 -7.1337536e-24  4.4691540e-23
   437 :  8.4393627e-10  6.0760836e-08 -1.9625547e-07
   438 : -9.7905043e-08  4.4989803e-08 -1.3848043e-08
   439 : -3.4615902e-05  1.6439240e-05 -3.2247690e-05
   440 :  5.3764305e-28 -2.0901034e-27  7.4851019e-28
   441 : -3.1002570e-39 -1.8277337e-39  6.4582287e-39
   442 : -3.4240046e-07 -4.3633616e-07  1.3837095e-06
   443 : -1.3369333e-14  2.5114697e-14  5.6851542e-15
   444 :  1.9265212e-07 -9.6784207e-08 -3.0796932e-08
   445 : -1.8169540e-17  6.9578875e-18  7.3626086e-19
   446 :  5.9205168e-02  2.4049222e-02 -2.7572929e-02
   447 :  3.1992503e-18 -5.4107755e-18  8.6237977e-18
   448 :  9.6450830e-13 -5.3690210e-11  9.1820867e-12
   449 :  1.0307596e-35 -1.8485332e-35 -2.6005176e-36
   450 : -2.7197195e-38  3.3503415e-38  2.2312484e-38
   451 : -1.0208358e-02 -8.6847583e-03  1.3792330e-03
   452 :  9.0191395e-02  5.4777258e-02  1.3465352e-01
   453 :  2.5704360e-02  6.3563650e-03 -1.5392189e-02
   454 :  1.6055391e-01  1.5621727e-01  1.0114597e-01
   455 : -1.0045667e-20 -1.2901750e-21  3.9547496e-21
   456 :  6.2321170e-11 -2.7160755e-11  1.9262113e-11
   457 :  1.0426760e-39  2.5019361e-39 -4.2738092e-39
   458 :  2.6846632e-19  4.0908011e-18 -6.3630107e-18
   459 :  6.0687079e-12  1.7413789e-13 -1.3435767e-11
   460 : -1.7577720e-11 -2.2710103e-11  2.8403132e-11
   461 : -2.3420461e-18  1.5941007e-18  3.5751293e-18
   462 : -2.6054996e-15  6.1242460e-15 -5.3251534e-16
   463 : -6.6141559e-29 -5.4413535e-28  7.8391242e-28
   464 : -1.3339258e-07 -3.6030665e-07  2.0464872e-07
   465 : -2.2425417e-11  1.7803238e-11 -2.3650270e-11
   466 : -4.1272100e-05 -7.4468174e-06  1.1250462e-05
   467 : -2.0301789e-29 -7.8435157e-30  3.9775207e-29
   468 : -7.6610228e-26  1.3823160e-25 -2.4689493e-26
   469 :  4.8673148e-40 -9.6564223e-40 -4.4412528e-40
   470 :  7.3650623e-37 -8.6749949e-37  5.7458450e-38
   471 : -4.2625249e-23  2.8876205e-23  3.8651546e-24
   472 :  2.6509238e-27 -4.0008273e-27 -1.7790322e-27
   473 : -2.3314353e-09  7.0951212e-12  5.6562087e-09
   474 : -1.4790628e-32  7.1044156e-33  2.2065113e-32
   475 : -3.4513701e-22  2.9381181e-22 -3.0943187e-22
   476 : -6.6340504e-22 -5.6416970e-22  5.5207530e-22
   477 : -2.7584607e-42  1.6056023e-42 -8.1153897e-43
   478 : -1.3159053e-11  2.3223564e-11  9.7267822e-12
   479 : -9.7811723e-42  2.4180557e-41 -4.5335091e-42
   480 :  1.0366472e-03  6.3932245e-04 -2.3314943e-03
   481 : -8.7170050e-21 -8.1668508e-21  3.2269637e-20
   482 : -6.4178333e-31  2.0750684e-30 -7.0088771e-31
   483 : -1.1105681e-04 -6.4802259e-06  1.4983034e-04
   484 :  1.4625110e-11 -7.5019159e-12 -3.4903028e-12
   485 :  6.3401830e-12 -4.2727618e-12 -8.2963914e-12
   486 :  8.2262065e-02 -6.1407562e-02  7.3388134e-02
   487 : -1.5911737e-10 -1.1026742e-10  3.0857343e-10
   488 : -1.6510087e-03  5.6541178e-04  9.8916742e-04
   489 : -8.5871997e-33 -2.9805949e-33  2.0598242e-32
   490 :  3.0414535e-28  4.0487962e-29 -1.6823579e-28
   491 :  1.0160771e-29  2.8794492e-29 -1.9160217e-29
   492 :  2.6458338e-09 -2.6708128e-09  2.5687584e-09
   493 :  2.5792786e-06 -5.7987726e-06 -4.8970835e-07
   494 : -1.1727597e-05 -1.3999569e-04 -1.0298809e-04
   495 :  1.6015505e-14 -5.1162485e-14  1.9329837e-14
   496 : -1.9369490e-25  5.8970787e-25 -2.0123712e-25
   497 :  2.0958532e-38  1.2511409e-37 -6.9364750e-38
   498 : -1.7372463e-36  2.9685162e-35 -6.1463493e-35
   499 :  7.5620041e-04 -5.4171284e-04  6.9108340e-04
   500 : -4.2546883e-39  2.8169207e-39  6.0730320e-39
   501 :  4.3021227e-43 -1.0420520e-41  7.6298384e-42
   502 :  1.2150134e-08  7.9758428e-08 -1.4026440e-07
   503 : -6.6755940e-08 -2.7908861e-08  8.4938982e-11
   504 :  6.5496394e-12 -1.2483374e-11  5.8751739e-12
   505 : -1.1184762e-03  1.1084227e-03  7.6352721e-05
   506 :  3.2204152e-28 -3.7141393e-28 -3.1662021e-28
   507 : -6.0741877e-26 -4.1900689e-26  1.3000700e-25
   508 :  7.3577393e-26  3.8511141e-26 -6.7373017e-26
   509 : -3.2579825e-10  2.3399329e-11  1.9855759e-10
   510 : -4.1043296e-26  1.0574016e-25  3.9316177e-25
   511 :  8.2046864e-20 -1.0002390e-19  6.0015484e-19
   512 : -7.8709759e-20 -6.5530529e-19  3.3079808e-19
   513 : -5.1774071e-14 -2.4470275e-14  1.3553258e-13
   514 :  6.6133171e-15 -5.0978256e-13 -1.7178707e-12
   515 :  6.7097916e-06  1.1901218e-06 -9.9882968e-06
   516 :  3.5235223e-26  9.7769217e-26 -6.4776224e-26
   517 :  3.2268772e-06  9.2777764e-07 -2.1262331e-06
   518 :  8.1754598e-15 -1.3341159e-13  2.3691452e-13
   519 : -2.8398032e-18  5.0084760e-18  1.1258145e-18
   520 : -2.2512824e-14 -2.2002161e-14  5.7099423e-14
   521 :  9.6902341e-07 -1.5632406e-07 -1.4574103e-07
   522 : -1.4541963e-01 -3.2909967e-02 -2.0124958e-01
   523 :  8.2806884e-05 -5.7001660e-06 -3.0198310e-05
   524 : -6.0274149e-14  4.2252505e-14  4.0366950e-15
   525 :  8.2219351e-12 -3.3771105e-12 -8.2984732e-13
   526 : -8.2038991e-20 -3.0358267e-20  1.2246715e-19
   527 : -5.4596637e-33  2.2236008e-33  5.3265588e-33
   528 : -9.4922357e-04  2.1440189e-01  1.5173705e-01
   529 : -1.6190270e-09  9.1710212e-10  3.2172988e-09
   530 : -1.0172508e-04  1.0750022e-04 -1.2314992e-04
   531 :  4.4175464e-09  1.7353217e-08 -6.1831768e-09
   532 : -3.1600851e-19  2.6596255e-18 -1.9336075e-18
   533 :  1.9191705e-43 -2.0087714e-43  2.1872503e-43
   534 : -4.9060283e-44 -1.8756884e-43  4.3053435e-43
   535 :  1.4295495e-31 -6.1409123e-31  2.4563591e-31
   536 : -3.7473684e-05  7.6202927e-06  5.9095135e-06
   537 : -9.9713248e-09  6.0535176e-09  7.4073197e-09
   538 : -8.4151499e-11  2.1920693e-11  4.7169636e-11
   539 : -1.1582714e-32  4.1061287e-32 -1.5535307e-32
   540 : -3.3900312e-29  6.5913498e-28 -5.2000250e-28
   541 :  7.8345229e-27  3.5879053e-26 -5.7024022e-26
   542 :  4.1194430e-15  2.0184359e-14 -1.3317037e-14
   543 : -1.0468004e-34 -8.6756555e-35 -5.1867231e-35
   544 : -4.6213963e-14  1.1450909e-13 -3.7212223e-14
   545 :  9.1048127e-24  1.7477293e-24 -2.1195264e-23
   546 : -1.7698025e-04 -2.7449400e-05  3.5936576e-04
   547 :  2.2420683e-30 -5.8535596e-30  1.3441071e-30
   548 :  9.4068222e-06  3.5041603e-06 -2.4726878e-05
   549 : -1.3328412e-25 -1.3022638e-25  4.2306436e-25
   550 :  1.6582386e-10 -1.7006259e-09  3.9843378e-10
   551 :  1.0762931e-05  1.0450445e-06 -3.1036056e-05
   552 :  1.7169265e-07 -2.3448949e-07 -4.2653312e-08
   553 : -6.1098310e-09  4.8098553e-10  6.0572904e-09
   554 :  9.3615368e-25 -3.8999321e-24  1.3851835e-24
   555 : -6.9369977e-15  2.7210112e-14 -6.6491924e-15
   556 :  1.9399226e-26  2.1526768e-26 -1.9056865e-26
   557 :  1.9932559e-01  1.7588433e-01  1.1995431e-01
   558 : -4.3652209e-09 -3.9730374e-09  1.3210372e-08
   559 :  9.6430390e-07 -1.9374044e-07 -6.2760927e-07
   560 : -9.5420771e-10 -1.3324548e-09  4.4466592e-10
   561 :  3.9737691e-02  1.3481988e-01  1.8427299e-02
   562 :  2.6979103e-20  3.9818846e-20 -3.1495033e-20
   563 :  6.6528916e-38 -2.3917671e-38 -1.6569276e-38
   564 : -1.5022251e-05 -9.1607021e-06 -2.4359819e-05
   565 :  5.1719517e-04 -2.2280795e-04  3.2894883e-04
   566 :  6.9822917e-29 -7.1933762e-28  9.0038391e-28
   567 : -3.1005513e-15 -2.7922977e-15  9.0610381e-15
   568 : -4.2953484e-07  1.8122028e-06 -5.3924665e-06
   569 : -1.8886054e-05 -9.7122918e-07  7.5872657e-06
   570 :  5.9859304e-24 -1.1098902e-23 -2.3414744e-24
   571 : -3.5793584e-16 -1.2370369e-15  6.9315958e-16
   572 :  1.2948078e-41 -1.9224584e-40  8.8486492e-41
   573 :  5.2462553e-11  4.9423962e-11 -1.6297366e-10
   574 : -9.4867793e-10 -2.3777003e-09  6.3861557e-09
   575 :  1.7386127e-01  1.5699000e-01  6.2754861e-02
   576 : -8.4760120e-13 -1.3239331e-12  4.5416038e-12
   577 :  1.1730816e-01  1.7335531e-01  9.3922616e-02
   578 : -8.0730109e-45  8.4531268e-45  1.7667089e-45
   579 : -4.6506064e-03 -2.6293816e-03  1.0940005e-03
   580 :  1.3923051e-01  1.3350860e-01  2.2610857e-02
   581 : -9.1618345e-25  3.4547769e-24 -1.3136335e-24
   582 :  8.0521497e-42 -3.4432246e-41  1.2729328e-41
   583 :  1.8635434e-22 -6.3997923e-22  2.4061011e-22
   584 : -2.4237646e-34  3.9972673e-34  8.9178395e-35
   585 :  5.8171767e-06 -5.3018764e-05  1.6062736e-05
   586 :  1.0242347e-28 -1.8115598e-28 -3.0374903e-29
   587 : -8.1235975e-21 -1.0979713e-20  2.6665912e-20
   588 :  1.1603292e-27 -1.2084709e-27  2.1292795e-29
   589 : -1.7306204e-06  9.9654906e-07  2.7504324e-06
   590 : -9.4199395e-07  6.7171835e-07  2.8318720e-06
   591 :  2.6716260e-38 -3.8943084e-38 -1.4876964e-38
   592 :  1.3274154e-24  6.2845477e-25 -2.5920882e-24
   593 :  4.9816856e-18 -6.4463608e-19 -3.3351768e-18
   594 :  1.4100472e-20 -8.4985872e-21 -2.5975855e-21
   595 : -5.3367650e-11  6.5736179e-12  4.0024764e-11
   596 : -6.1554529e-12  1.9651398e-11 -3.7024145e-12
   597 :  1.1195094e-16  1.3296667e-16 -3.2781673e-16
   598 : -2.8835740e-20 -1.6178144e-19  9.2029886e-20
   599 : -1.3045230e-02  2.8920426e-03 -7.4377886e-03
   600 : -4.2259752e-13 -3.0858587e-14  9.7515056e-13
   601 :  2.8973072e-03 -7.3629797e-04 -9.9347538e-03
   602 : -9.5696347e-30 -5.8903040e-29  3.2024742e-29
   603 : -4.9479975e-33 -1.7160254e-32  1.0438141e-32
   604 : -2.4131969e-23  4.3754148e-23 -6.4519196e-23
   605 : -6.4259684e-18  9.0255840e-18  5.3656715e-18
   606 :  4.8060626e-02 -1.8554271e-01 -3.3922880e-02
   607 : -4.6466742e-13  6.4863855e-13  4.0077366e-13
   608 :  1.0362649e-26  9.8467916e-27 -9.1187356e-27
   609 :  4.9192234e-23 -3.8435462e-23 -1.8972306e-23
   610 :  1.2839443e-32  4.6939447e-32 -1.0839008e-31
   611 :  5.3370660e-04 -7.4197843e-04 -2.1206034e-03
   612 :  3.5573932e-13 -5.1169052e-13 -3.3219089e-13
   613 :  1.1129284e-16  3.6593469e-17 -2.8274202e-16
   614 : -4.9615496e-07  5.6166543e-07  4.2723218e-07
   615 : -5.4350655e-15 -6.7199364e-16  1.2017261e-14
   616 : -8.3406194e-35  1.5339653e-34  1.5361429e-35
   617 : -1.0361961e-16  1.0622632e-18  4.3061243e-17
   618 : -1.2142573e-20 -4.5387891e-21  8.1251252e-21
   619 : -1.0919618e-26  1.1422165e-26  1.0614428e-26
   620 : -1.2459739e-18  1.2433641e-18 -1.5658766e-18
   621 :  1.2248638e-13 -1.2841468e-13 -1.5792078e-13
   622 : -2.2170455e-04  4.2660112e-04  4.5512360e-04
   623 : -1.8923576e-08 -7.2388311e-09  3.7173628e-08
   624 :  1.5554215e-15  1.0631463e-14 -4.3915286e-15
   625 : -1.3517674e-15  1.0551405e-14 -4.5546291e-15
   626 : -9.7692239e-45  3.8278561e-44 -1.4578661e-44
   627 : -2.3681653e-29  1.3286169e-28 -8.5829201e-29
   628 :  9.0385243e-21 -1.6617430e-20  3.6601594e-21
   629 :  1.1992596e-08 -3.1703593e-08  4.4087962e-09
   630 : -1.0785098e-05  4.3084320e-06  8.7998408e-06
   631 :  2.0135830e-17 -8.2866740e-17  2.0225621e-17
   632 : -3.9274225e-35  1.7349325e-34 -9.5550260e-35
   633 :  1.4154072e-09  5.7576166e-09 -2.5503499e-09
   634 :  4.4005123e-12 -7.7521929e-13  1.1162486e-12
   635 : -1.6505824e-07  3.4842791e-09  2.9801248e-08
   636 :  6.2653101e-07  2.0474169e-07 -3.7341495e-07
   637 : -3.1731880e-05  1.8545577e-05 -3.5066523e-05
   638 :  1.3737057e-04  4.7255065e-04 -6.7953840e-06
   639 :  1.2058970e-06  6.5378754e-07 -3.1374239e-07
   640 :  1.5840737e-01  1.8598510e-01  3.6762947e-02
   641 :  2.4861460e-26 -5.0384047e-26 -3.7770313e-28
   642 : -1.5197030e-09  1.3540299e-09  1.9339326e-09
   643 :  7.1116636e-08  4.5301491e-08 -1.6588549e-07
   644 : -7.1246625e-09  2.9322300e-08 -2.8060390e-08
   645 : -1.1523536e-12  4.1869670e-12 -5.6765814e-13
   646 : -2.4097607e-14 -6.8415180e-14  1.1208377e-13
   647 :  1.3471995e-02 -3.1751225e-03  1.4452484e-01
   648 :  6.5822372e-14 -1.6864650e-13  3.4022104e-14
   649 :  1.5880358e-06 -1.0126845e-05  2.4334768e-06
   650 : -1.4781650e-15  2.7538096e-15 -4.5294728e-15
   651 :  5.3675794e-04  1.1818418e-03 -3.3301917e-03
   652 : -2.9978132e-14 -3.3478505e-13  2.1744481e-13
   653 : -2.1467743e-05 -5.5501873e-05 -3.8587741e-05
   654 :  1.6371108e-22  1.5152682e-24 -1.4489072e-22
   655 :  7.9845569e-14  3.9444133e-14 -1.8548091e-13
   656 : -5.7509508e-03 -8.5272640e-03  5.3229628e-03
   657 : -2.6752977e-06  6.4477733e-06  2.9438156e-07
   658 : -2.2238359e-13  2.7169515e-13 -5.3210298e-13
   659 :  2.4481209e-11 -4.5887643e-11  1.1402918e-11
   660 : -3.4629668e-05 -1.4487514e-04  4.5435923e-04
   661 :  1.1964005e-01  1.8303979e-01  1.4027706e-01
   662 :  2.3782470e-21 -2.6556475e-22 -2.7234001e-21
   663 :  2.1744318e-06  3.2217075e-06 -6.8840311e-06
   664 :  1.9312086e-04 -1.8257992e-04  6.6531285e-04
   665 :  4.1446893e-04 -6.5275427e-05 -8.6923605e-05
   666 :  5.7054347e-35 -4.1029480e-35 -7.5716691e-35
   667 :  3.4589084e-24 -1.9682142e-24  1.2658480e-24
   668 : -1.1006631e-08 -3.6308518e-08 -8.5733455e-09
   669 :  6.5884318e-44  6.5431479e-44 -1.9652608e-43
   670 : -1.3642459e-05  3.5972403e-06  4.2229063e-06
   671 :  1.5897594e-01  1.2371631e-01  2.5973570e-01
   672 :  8.0010946e-07 -5.5038540e-08 -1.7846233e-05
   673 : -7.4036835e-19 -9.9738545e-21  1.5108919e-18
   674 :  6.0218227e-16 -5.3795272e-16 -7.4171890e-16
   675 :  4.9019844e-17 -3.0936488e-17  2.2281310e-17
   676 : -7.9136494e-13  6.2185206e-12 -1.9396670e-12
   677 :  4.5776253e-13 -1.5560812e-13 -1.9343189e-13
   678 :  6.7543060e-07  4.9489045e-07 -1.2797424e-06
   679 :  1.3228814e-10 -3.4841570e-10 -4.0216288e-11
   680 :  7.8297660e-12 -6.5318280e-10  1.3185107e-10
   681 : -8.7710072e-25  6.0373787e-25 -4.4890231e-25
   682 : -1.3573393e-25  8.5369357e-26 -1.0600341e-25
   683 :  1.0730415e-22 -1.1086738e-22 -1.3313461e-22
   684 : -5.3841316e-29  2.4645827e-29  2.6488565e-29
   685 : -8.2999650e-12  3.2729822e-11  4.7758419e-12
   686 : -3.2682191e-16  9.7094577e-17  8.5412473e-17
   687 : -5.7000572e-29  2.3452360e-28 -4.6323771e-28
   688 : -1.7997394e-17  2.7165111e-17  1.0056355e-17
   689 : -2.7975785e-03 -1.2273273e-04  1.4302774e-03
   690 : -2.7688049e-12  6.6227900e-13  8.5433952e-13
   691 :  4.8164976e-12 -8.1025937e-13  6.7895135e-12
   692 : -3.2678212e-13  5.7254676e-13 -4.9384960e-13
   693 : -2.1934329e-43  3.1461007e-43  1.4555488e-43
   694 :  2.1167396e-30  7.1924925e-30 -1.2852677e-29
   695 :  5.5025585e-05  1.2270125e-04  4.2801055e-04
   696 :  9.5088129e-08 -3.2861727e-08 -1.9804081e-07
   697 :  9.3119285e-13 -6.4754782e-13 -1.6453089e-12
   698 :  1.1696470e-04  5.3906561e-04 -1.2782194e-04
   699 :  2.2171810e-20 -1.4678139e-19  2.7606864e-19
   700 : -2.4124331e-36 -3.2037890e-36  8.8690758e-36
   701 :  4.5486557e-34 -1.3815137e-33  4.6174414e-34
   702 : -2.9332246e-24  5.7137926e-24  5.0204044e-25
   703 :  2.0482845e-01  2.1418620e-01  1.5255891e-01
   704 :  1.5347525e-13 -1.5397593e-14 -1.2963729e-13
   705 :  2.2503438e-28 -1.0298222e-27  4.1122257e-28
   706 :  2.4340858e-01 -2.2156798e-02  2.4092544e-01
   707 : -9.7523227e-08 -1.1642476e-07  9.6652038e-08
   708 :  6.0163257e-09 -1.1892955e-09 -2.0517509e-09
   709 : -5.7138286e-16  9.1510321e-16 -1.5460015e-15
   710 : -7.6725799e-20  3.5838308e-21  8.4367219e-20
   711 :  1.9238961e-14 -7.4010792e-15  3.7203819e-15
   712 :  6.1943561e-07  1.0187767e-06 -3.8449167e-07
   713 :  7.5467585e-14  2.8960317e-13 -7.1551573e-13
   714 :  7.4955549e-02  1.5956472e-01  2.5904608e-02
   715 :  1.9318038e-11 -5.1504573e-12 -4.7608513e-12
   716 :  1.7633929e-31 -2.2704877e-30  4.4933040e-30
   717 : -2.7764213e-09  1.2301537e-08  1.0003128e-08
   718 : -1.7838299e-14 -1.2145136e-14  4.3896681e-14
   719 : -3.1354759e-08 -5.2562648e-08  3.7906170e-08
   720 :  1.1978954e-01  1.7153043e-01  2.6491201e-01
   721 :  4.6275977e-05 -1.2464925e-05  5.8770799e-05
   722 : -1.4964152e-26 -1.4786697e-26  1.2882015e-26
   723 :  2.0660336e-25 -7.8406563e-25  3.9185264e-25
   724 : -1.0839164e-25 -1.7057102e-25  1.4872326e-25
   725 : -7.1137550e-07  2.8845917e-06  3.2437657e-06
   726 : -2.0283141e-17  3.2614890e-18  7.6062169e-18
   727 :  3.8213288e-06 -1.2037254e-06  3.5034390e-06
   728 : -1.3817096e-09  1.6614587e-08  1.3951737e-08
   729 : -1.7047214e-11  5.0099075e-11  7.0859343e-13
   730 : -7.8086316e-13  4.5620598e-13 -7.8070987e-13
   731 :  1.3567916e-24 -3.5153080e-24  1.0756327e-24
   732 :  1.1493215e-21 -2.0171944e-22 -1.4082971e-22
   733 : -3.3214843e-13 -4.0878625e-13  1.9568933e-13
   734 :  1.9917695e-03 -6.1555169e-03 -8.2667082e-03
   735 : -1.8200554e-13 -6.2667036e-13  2.4010042e-13
   736 : -2.1083640e-03 -1.1872490e-03  4.1572947e-04
   737 :  6.2836147e-17  6.2460855e-17 -2.1975391e-16
   738 :  1.3394368e-07 -1.3505127e-07  1.0611052e-07
   739 :  1.5798912e-01  1.0913334e-01  1.7095968e-01
   740 : -5.6932750e-12  2.0858598e-11 -4.6117593e-12
   741 : -1.5188551e-05  7.8402288e-05 -3.1901256e-05
   742 :  4.2126214e-14  1.1047734e-13 -2.2261037e-13
   743 : -1.9374114e-12 -2.0918641e-12  9.1852850e-12
   744 : -1.2880180e-01  1.0877328e-01  3.5262005e-03
   745 : -2.0232062e-27 -5.3440954e-27  1.0877811e-26
   746 :  4.5850613e-22 -6.5633846e-22 -4.1952555e-22
   747 :  4.8750378e-17  8.4051048e-17 -2.0068106e-16
   748 : -2.1247783e-12 -2.4376952e-12  1.0451898e-11
   749 :  2.3569668e-08 -4.1339342e-08  2.8910331e-08
   750 :  9.3739912e-30  1.7637618e-28 -2.2620564e-28
   751 : -1.2076589e-01 -2.1548184e-01 -2.0237803e-01
   752 :  1.6150592e-13  2.6664126e-15 -3.8987836e-13
   753 :  6.0802677e-09 -4.9835778e-09  4.9483998e-09
   754 :  2.8725182e-22  4.2106256e-23 -6.4573128e-22
   755 :  1.6265725e-01 -3.2142471e-02  6.5766776e-02
   756 :  4.2124726e-16  3.8415776e-16 -1.3731488e-15
   757 : -7.5408320e-41 -7.1220616e-43  3.6905464e-41
   758 : -6.8833849e-03 -8.3262184e-03  4.7295114e-03
   759 : -1.3602565e-12  9.3324865e-13 -1.1779590e-12
   760 : -5.8876635e-19  1.4405252e-18 -1.7144254e-19
   761 :  7.9416203e-13 -4.7227902e-12  5.0620417e-13
   762 : -3.3834283e-03  1.6725372e-03  2.3034761e-04
   763 : -2.4234251e-31  7.5442474e-31 -2.5378795e-31
   764 : -2.1525065e-32 -6.6945921e-32  4.3735576e-32
   765 :  1.0668156e-02 -1.4117102e-01 -2.0734849e-01
   766 : -9.7702913e-16  2.2143791e-15  3.2939191e-17
   767 :  2.3991147e-04  9.8236421e-04 -1.2594040e-03
   768 : -4.7637912e-28 -1.3387327e-27  3.3085189e-27
   769 :  1.3850342e-01  8.6258933e-02 -4.9299805e-02
   770 :  2.1634158e-11 -1.3359196e-11  3.0889518e-12
   771 : -4.5403963e-08  4.0418748e-08 -1.9945382e-08
   772 : -2.1645388e-05  1.5801959e-05 -2.6953112e-05
   773 :  3.1913223e-15  1.5278787e-15 -8.2007536e-15
   774 : -4.2002116e-01 -1.2110719e-01 -1.7521746e-01
   775 : -2.8239234e-02  1.3711937e-02  8.7674553e-02
   776 : -9.0168065e-14  1.6280275e-13  1.6937159e-14
   777 :  6.0487067e-13 -3.1035671e-12 -3.2662095e-12
   778 : -1.8405747e-12  6.5769765e-12 -1.3836652e-12
   779 : -4.8617862e-24 -1.7988277e-23  1.1110938e-23
   780 :  1.4256441e-04  2.5374589e-04  4.7254471e-05
   781 : -2.1560949e-27  2.0410574e-27 -2.1930495e-27
   782 :  1.1923658e-41  8.4423616e-42 -2.6644763e-41
   783 : -7.5033817e-13 -1.1408250e-12  5.3351098e-12
   784 : -1.3078745e-13 -1.0138896e-12  5.0924729e-13
   785 :  1.8390415e-27 -4.3329075e-27  5.9569682e-28
   786 : -1.5742464e-01 -1.6161733e-02 -4.7671412e-01
   787 :  1.1325588e-01 -5.7116284e-02 -1.5162802e-01
   788 : -1.2927846e-26  1.1872714e-26 -1.3998550e-26
   789 :  7.2508310e-25 -1.1892022e-25 -8.0995736e-25
   790 :  3.7894122e-10 -4.8902648e-10 -9.6600177e-10
   791 : -3.9090660e-09  6.2591797e-09 -4.9322688e-10
   792 : -2.1711153e-05  8.7736252e-06  4.3260448e-06
   793 : -4.1755314e-06  1.2337506e-06  5.0847377e-06
   794 : -2.5366617e-12  5.3639382e-12  1.1467691e-11
   795 : -2.5424310e-05 -6.2567224e-05  2.9598656e-05
   796 :  4.4212290e-07 -9.7382857e-07  1.8040805e-06
   797 :  7.1984240e-28  6.4565663e-28 -9.7598761e-28
   798 : -1.0927425e-09 -1.8807321e-09 -4.8563868e-10
   799 :  9.2227252e-16 -1.4307361e-15 -7.3055785e-16
   800 :  8.6843627e-02 -2.7357076e-03 -6.2025386e-02
   801 :  5.0084519e-25  4.3751748e-26 -1.0308456e-24
   802 :  1.8931897e-13 -6.5673622e-13 -2.8315248e-13
   803 :  4.1640076e-19  6.0680300e-19 -4.5053094e-19
   804 :  5.9756956e-03 -2.0468763e-01 -6.6996939e-02
   805 :  5.1534426e-13 -2.8768019e-12  3.9914364e-13
   806 :  1.4473287e-23 -6.1533476e-24  1.4218271e-24
   807 :  2.5546946e-27  4.1536934e-27 -3.1140005e-27
   808 : -1.5033874e-01 -2.4356994e-02 -1.9414509e-01
   809 : -8.2285943e-18  9.3233044e-18  9.9890508e-18
   810 :  2.1431325e-26 -1.1267528e-26  2.5628327e-27
   811 :  1.6894941e-42  1.6929736e-43 -2.3686611e-42
   812 : -4.7609183e-15 -6.9607371e-15  2.3097850e-14
   813 :  4.7612578e-13 -1.6978782e-12  1.8369599e-13
   814 :  1.3701085e-38  1.5328347e-39 -1.6778843e-38
   815 : -3.0914517e-43  4.5728369e-43  3.2120256e-43
   816 : -4.3328755e-36  7.7767619e-37  1.7666205e-36
   817 : -7.2854882e-38 -9.5068973e-38  2.4170006e-37
   818 :  1.3261493e-40 -6.6320191e-40  3.8727769e-40
   819 : -1.8732651e-13  1.7902587e-13 -1.7789105e-13
   820 : -7.1329042e-40  1.9585388e-39 -4.0925061e-40
   821 :  1.9798125e-06  9.5244108e-06 -5.2280973e-06
   822 : -4.8270996e-11 -1.3179590e-11  1.2808457e-10
   823 : -2.0676198e-20  4.8292344e-20 -5.6097113e-21
   824 :  3.6669101e-20 -2.5427963e-20 -5.5128450e-20
   825 : -3.8639754e-31 -1.4757950e-31  9.3015329e-31
   826 :  6.7823187e-08 -2.6201518e-07  1.5179884e-07
   827 :  1.0903926e-22  5.8240242e-23 -8.2738823e-23
   828 :  1.7787393e-17 -3.4987559e-17  3.7076188e-18
   829 : -3.6168642e-10 -4.5698066e-10  3.4115126e-10
   830 : -8.1820800e-03  1.2553408e-01 -5.1152470e-02
   831 :  4.4964159e-02 -7.1997478e-02  1.7859321e-01
   832 : -4.7285087e-14  7.2101049e-14  3.4370544e-14
   833 :  3.4582079e-02  6.2112354e-02 -4.1880951e-02
   834 :  2.0738982e-36 -2.0056482e-36  1.9897330e-36
   835 : -6.8578379e-42  5.0884484e-41 -9.7108465e-41
   836 : -2.1242867e-12  1.2881638e-11 -5.0039224e-12
   837 :  6.2814699e-25 -2.6254855e-24  5.2892844e-24
   838 : -1.8221581e-09 -2.6572180e-09  1.2580909e-08
   839 :  2.3636251e-18  1.0063880e-19 -4.8817604e-18
   840 :  5.7040578e-23  1.4129523e-23 -8.8069482e-23
   841 : -2.7342099e-20  9.5634823e-21  8.0292458e-21
   842 :  1.4463499e-16 -7.0072338e-16  2.6521199e-16
   843 :  1.1678270e-22 -3.3467892e-22  9.4769879e-23
   844 : -1.2617444e-14 -1.7899006e-14  4.9875516e-14
   845 :  1.2653636e-30  3.6181365e-31 -1.6901319e-30
   846 : -6.1249121e-12  7.3088782e-12 -1.4497190e-12
   847 : -5.2836282e-16  6.2582052e-16 -7.5824427e-16
   848 :  9.2171952e-46 -5.6199776e-45  2.3371271e-45
   849 :  1.6418750e-19 -6.1079771e-19 -1.3008582e-19
   850 : -1.1518272e-17  1.2578580e-17 -1.7995551e-17
   851 : -1.2519706e-19  4.7818767e-19 -2.1236698e-19
   852 : -2.5264459e-33  1.0025508e-32 -3.9727039e-33
   853 : -9.6698991e-08  8.7334587e-08 -8.3884622e-08
   854 : -1.0320805e-46 -5.6280267e-46  1.0849863e-45
   855 :  2.2567903e-06 -4.8312394e-07 -9.8881046e-07
   856 :  9.4289245e-09 -5.2898289e-09  5.7005926e-09
   857 :  4.4198367e-06 -1.3337591e-06  4.7299905e-06
   858 : -9.6335918e-10  3.5803107e-12  3.1682411e-10
   859 :  1.6768411e-33  1.2119472e-32 -1.5749632e-32
   860 :  5.9871881e-11  5.7751927e-11 -3.3745711e-11
   861 : -3.0020835e-11  3.2520605e-11 -4.4848805e-11
   862 : -1.3995052e-11  2.3807047e-12  8.9540952e-12
   863 :  1.4667065e-09  1.8039969e-08 -8.1831846e-09
   864 : -1.4303696e-07  1.0872028e-07 -3.2169846e-07
   865 :  3.0864553e-05  1.9469059e-05 -7.7043584e-05
   866 :  4.1655725e-01  2.2175484e-01  2.2068422e-01
   867 : -1.4919912e-04  4.4159373e-04 -1.9388514e-05
   868 :  4.6321719e-14 -3.5050772e-15 -1.1053165e-13
   869 : -2.1338844e-14 -2.2703904e-14  1.8341509e-14
   870 : -2.3120239e-15  6.2381430e-15 -1.7857045e-15
   871 : -2.4521084e-07 -2.8024052e-07  6.6540395e-07
   872 :  5.1068101e-07 -3.0145254e-07 -1.4123147e-07
   873 :  3.5659014e-02  1.2548923e-01  1.6434455e-01
   874 :  1.5881977e-01  1.3753700e-01  2.7546643e-02
   875 : -6.9940953e-21  4.8145577e-21 -3.2792249e-21
   876 : -5.4038221e-20  1.3418781e-19 -1.4995877e-20
   877 : -6.6508560e-39  9.7435494e-39 -1.2880510e-38
   878 : -5.1296510e-36  1.1383341e-35 -2.3291219e-36
   879 :  1.2718218e-22 -1.9089157e-22  2.6148722e-22
   880 :  1.1945315e-20 -1.9518658e-20  3.5910919e-21
   881 :  2.6748176e-38 -7.1553710e-39 -1.2399609e-38
   882 : -2.6097302e-36  1.7482923e-36  3.5061901e-36
   883 : -5.7764003e-23  3.1477879e-23 -6.5644630e-24
   884 : -1.3802410e-22  1.7936047e-21 -7.6165611e-22
   885 : -2.1067407e-10  2.6857552e-10  2.0797549e-10
   886 :  4.0450005e-11 -4.4230680e-12 -2.6399985e-11
   887 :  1.5934387e-10  1.0030320e-10 -2.9140013e-10
   888 : -6.6996615e-10 -1.2700820e-09  4.9019131e-10
   889 :  4.3066021e-04 -3.3589278e-03  1.0846867e-03
   890 :  5.9970841e-04 -9.0632789e-05  5.9994599e-04
   891 : -4.6404192e-21  5.5048748e-21 -6.5433647e-21
   892 : -2.6775156e-19  8.1058291e-19 -2.6332299e-19
   893 :  2.7602515e-11 -8.7240781e-12 -1.0470631e-11
   894 : -8.7384804e-11  6.8273134e-11  1.4862664e-10
   895 : -5.7208081e-04 -6.9007076e-04  9.7400205e-04
   896 :  2.9836219e-04 -1.8647764e-04  2.0874161e-04
   897 : -7.4397274e-23  2.9212220e-23  1.2166261e-23
   898 :  7.4511968e-22  4.2839241e-22 -1.9539235e-21
   899 : -2.3419346e-04  3.3818637e-04  4.4526439e-04
   900 :  3.4476427e-04 -6.0220746e-05 -1.4142581e-04
   901 :  1.0446398e-13 -2.4106175e-14 -5.9492073e-14
   902 : -6.5764045e-13 -1.7372686e-12  1.5659387e-12
   903 : -4.3242893e-07  1.2043350e-06 -1.7153526e-07
   904 : -4.0477977e-08  6.6429519e-08 -1.7184775e-07
   905 : -1.6147817e-07 -3.0546347e-07  9.6541523e-08
   906 : -1.9079419e-05  3.9298260e-05 -6.7248685e-05
   907 : -2.4142193e-05  1.0577209e-05  1.8717359e-07
   908 : -4.3767830e-09  1.7076138e-09  1.3691828e-09
   909 : -1.3981988e-10  8.8223051e-08 -4.2684080e-08
   910 : -4.5456682e-09 -4.6976053e-08  3.2801938e-08
   911 :  1.1025989e-08 -3.2151263e-09 -7.2713765e-10
