Number of elements 912
     0 : -9.2703028e-05 -4.7769828e-05  2.2450668e-04
     1 :  2.8913831e-02 -3.2399941e-02  1.6166477e-02
     2 :  1.0167750e-02 -3.2316690e-04  1.0322723e-02
     3 : -1.8921881e-03 -8.1281613e-04 -2.3943874e-03
     4 :  6.9592146e-04 -2.2164062e-03 -1.4378580e-03
     5 : -3.5268248e-02  9.8236341e-04  2.9980264e-02
     6 : -6.0403205e-10 -1.5614871e-09  2.1974554e-09
     7 : -1.1778526e-01 -5.5138128e-02  3.6616483e-02
     8 : -7.3555121e-03 -6.1406329e-03 -8.2792797e-03
     9 :  9.9219713e-09  1.3742365e-08 -2.3583448e-08
    10 : -1.6427765e-02  5.3177894e-03 -1.5326757e-02
    11 :  5.2149970e-10 -1.1121546e-09 -3.8486994e-10
    12 : -7.0692069e-04  1.7436445e-01 -1.7812352e-01
    13 : -4.0008652e-03 -2.6705724e-03 -4.3398596e-04
    14 : -2.4079890e-03  9.0803438e-03 -1.7948735e-03
    15 : -8.3077939e-03  1.3860589e-03 -6.9959844e-03
    16 : -2.1505731e-12  1.6216369e-10  2.2753697e-11
    17 :  1.6545060e-06  6.2796032e-06 -9.8876614e-06
    18 :  8.8061067e-04 -1.3824168e-03  1.0699815e-03
    19 :  5.7210322e-13  1.1235721e-11 -2.6653159e-13
    20 :  8.8351181e-06  6.1188117e-06 -3.3899098e-05
    21 :  2.8248794e-03  8.3243774e-03  1.1000902e-02
    22 :  1.5620045e-03  4.5427092e-04  5.1669207e-03
    23 : -2.8884307e-11 -5.2844367e-11 -9.5713479e-11
    24 :  1.2212388e-02 -1.8304792e-02  9.6158182e-03
    25 :  8.4421188e-13 -7.5328584e-12  2.9234555e-12
    26 : -9.8641671e-03  1.4155618e-02  6.6069518e-03
    27 : -3.9842110e-03  2.3453938e-04 -5.7786763e-03
    28 : -2.0470730e-03 -1.6800882e-02  1.8023104e-02
    29 :  2.2096674e-02  5.7504719e-03 -1.5279816e-02
    30 : -7.9362161e-03 -1.1369093e-02  5.6508789e-03
    31 : -3.4067608e-03  3.6899208e-03  1.0973063e-02
    32 : -2.3873784e-08 -1.1920107e-08  4.5917197e-08
    33 :  1.9338332e-03  2.9124708e-03  7.3738379e-04
    34 : -3.1925725e-13  8.8497482e-13  4.2187846e-13
    35 : -1.1522362e-03  3.5174764e-03  9.9213434e-03
    36 :  1.9508702e-03  2.9858228e-03 -2.1587731e-03
    37 :  6.0145498e-03  5.9509714e-03  8.4134171e-03
    38 :  3.0912364e-03  1.2904457e-02 -5.3342920e-03
    39 : -8.5666375e-03 -1.3974788e-02 -2.4952844e-03
    40 : -9.4672941e-03 -2.8070535e-01  3.0029832e-01
    41 :  2.5626513e-03  1.8812712e-01 -2.3075015e-01
    42 :  2.6891029e-12 -3.0601144e-12  9.8505689e-12
    43 :  1.0095847e-05 -2.5021804e-05 -2.0927150e-05
    44 :  6.7973365e-03  7.9886702e-03  7.3253120e-03
    45 : -9.2563764e-04  4.3991617e-04 -7.2253968e-04
    46 : -2.3400281e-03  8.6979073e-05 -1.5651124e-04
    47 :  7.6231454e-08 -4.8120806e-08  7.3478194e-08
    48 :  1.1088671e-10 -7.2622762e-10  2.6495987e-10
    49 : -8.4171344e-03 -1.8083569e-03 -3.2126118e-03
    50 :  1.9043938e-03  3.4794736e-03  2.1905649e-03
    51 : -1.0341699e-02 -4.2296564e-03 -9.9935842e-03
    52 :  2.3379323e-03 -1.0260222e-02 -2.4414336e-03
    53 : -2.7047359e-09  5.1126687e-11  1.1271969e-09
    54 : -2.7933807e-03  4.4308012e-05 -2.0266761e-03
    55 : -1.2643018e-03 -3.5114092e-03 -1.9649355e-03
    56 : -2.4415146e-03 -2.9151408e-03 -4.3966700e-04
    57 :  8.0281204e-03  1.1105211e-02 -8.0453536e-03
    58 : -1.8583242e-03 -1.7943002e-01  2.0623004e-01
    59 : -1.3592839e-03 -4.5712399e-03 -1.2361797e-03
    60 : -3.4448923e-03  4.6999005e-04  9.0286291e-03
    61 : -7.2997923e-03 -3.1682465e-03 -4.9902454e-03
    62 : -1.1498813e-02 -9.4216952e-03  1.0015107e-02
    63 :  8.0312869e-03  1.2789989e-02  1.3423572e-02
    64 : -2.9403282e-03 -1.0889151e-02 -3.1929451e-02
    65 :  1.1212184e-02  7.1094370e-03  1.4899936e-02
    66 :  1.1037021e-02  2.8575457e-03  5.6868908e-03
    67 :  3.6522584e-09 -3.3945408e-09 -5.9555935e-09
    68 :  5.7164473e-10 -3.7570499e-09  1.2572617e-09
    69 :  4.2400137e-09 -4.4668286e-09 -5.1447972e-09
    70 :  4.4531799e-05  2.7300379e-04  1.0108499e-03
    71 :  1.8798272e-02  8.8001276e-03  4.6966679e-03
    72 : -4.3151467e-11  1.7222048e-10 -3.8984477e-11
    73 :  7.0259362e-03  7.4701154e-03  6.4139697e-03
    74 : -2.4547962e-05  6.6020885e-05 -3.0064821e-05
    75 :  2.0677682e-06 -1.2814637e-06 -2.1730573e-06
    76 : -1.1489545e-11  1.0180664e-10 -2.0688064e-11
    77 : -5.3106981e-07 -4.7545520e-07  2.9402775e-07
    78 :  3.8291000e-09 -8.7842348e-09  5.7091211e-09
    79 : -4.1262156e-05  1.5625851e-06 -3.4302356e-05
    80 : -4.2215127e-16  2.8684704e-15 -7.0803513e-16
    81 : -7.8221175e-08  3.4770159e-07 -9.6060386e-08
    82 :  1.2421655e-02  3.4747208e-01 -3.3787178e-01
    83 : -3.2312616e-13 -8.7950378e-14  1.0953153e-12
    84 : -2.3632698e-12 -6.3937337e-12  7.0985804e-12
    85 :  1.1035678e-02  1.4796381e-01 -1.3849135e-01
    86 :  3.3638537e-06  2.4981477e-06 -8.7540278e-06
    87 :  7.2595643e-06 -2.3944888e-05 -1.7011453e-05
    88 :  4.5681920e-03 -4.1844791e-02  6.4867776e-02
    89 : -2.9828945e-03  5.3963115e-03  5.8763675e-03
    90 : -6.1271207e-12  5.5875881e-12 -1.7828054e-11
    91 : -9.4472702e-04 -2.8194121e-03 -2.0660594e-03
    92 : -1.1410743e-03  1.6712782e-03 -1.1509162e-03
    93 : -1.9045968e-14  6.6131151e-15  5.2530227e-15
    94 :  8.1752977e-05 -2.1875254e-05 -2.1472018e-05
    95 : -8.6321754e-10  3.6394240e-10  8.7253688e-11
    96 :  1.4781696e-03 -1.7988918e-03  1.2040408e-02
    97 :  1.2016517e-03 -3.9393190e-03 -4.3283299e-04
    98 :  8.6289862e-03  6.7274926e-04 -9.3548804e-04
    99 :  1.0735051e-08  1.7166720e-08 -6.4890608e-09
   100 : -1.0659552e-08 -1.2577540e-08  1.8621429e-08
   101 :  2.6358543e-03  1.1038771e-02  5.5088016e-03
   102 : -3.1994210e-03 -2.6407928e-02  2.4797113e-02
   103 : -1.9861969e-13  1.4335771e-13  2.2110881e-13
   104 : -3.7564177e-04  2.0097635e-04  3.0250003e-04
   105 : -7.8546636e-03  1.3465488e-02  1.3656141e-02
   106 :  1.3910491e-02  1.2527962e-02  2.3283575e-04
   107 :  4.4124427e-03 -6.1480471e-02  4.5596440e-02
   108 : -8.4042015e-03 -8.3509686e-03 -1.3395537e-02
   109 :  4.3382508e-03 -2.8844521e-03 -6.8098673e-03
   110 :  6.3408767e-03  7.2143464e-03  8.1944445e-03
   111 : -1.9957145e-02  1.1782253e-02  1.3159848e-03
   112 :  1.1429359e-07 -7.0701635e-08 -1.5747438e-07
   113 : -1.0663570e-02 -1.5065941e-03 -3.8079643e-03
   114 :  2.0744423e-02  2.4597798e-02  2.0272176e-03
   115 : -1.1454156e-02  1.3065898e-02 -5.0363479e-02
   116 :  8.0508986e-03  2.3582036e-02 -1.5313809e-02
   117 : -1.0084448e-03 -1.8964961e-03 -1.9511920e-03
   118 : -5.3519335e-03  2.4309546e-02  8.8633065e-03
   119 :  1.5422930e-09  6.1967286e-10 -1.5236968e-09
   120 : -1.6239043e-03  5.3742136e-04 -1.1627004e-03
   121 : -2.4265142e-07  1.1002859e-06 -2.6291348e-07
   122 : -7.2347000e-04  5.1476868e-02 -6.3772462e-02
   123 :  1.3372358e-14 -1.4088691e-12 -1.0820379e-12
   124 : -1.9401347e-09  3.2724031e-09 -1.0875121e-09
   125 :  3.3002297e-17 -6.8899676e-17  2.4329830e-17
   126 :  1.6267741e-06  5.3646524e-06 -1.2780335e-05
   127 : -2.6519234e-06  6.3429314e-06  4.0002630e-06
   128 :  2.6945481e-03 -4.8172492e-03 -5.3499630e-03
   129 : -6.8182860e-05 -2.2915588e-05  2.2586154e-04
   130 : -6.5362814e-03 -4.8357000e-03 -4.6263530e-03
   131 :  3.0320629e-03  5.3723153e-04  1.2797781e-03
   132 : -4.3312188e-03  1.2467471e-02  6.8199572e-03
   133 :  6.0044066e-03 -1.4595656e-03  1.2246611e-02
   134 : -7.9980643e-03 -2.0282659e-03 -5.2417630e-03
   135 : -3.4747137e-01  4.0986849e-02  1.0362996e-01
   136 : -6.1247107e-03 -1.5673582e-02  1.3511350e-02
   137 : -4.6011552e-03 -1.7913716e-03 -1.7758138e-03
   138 : -6.9639942e-04 -3.7051143e-02  4.6642271e-02
   139 : -1.1315032e-02 -3.9134404e-02  3.2110201e-02
   140 : -7.1852296e-09 -1.1456953e-07  4.3823963e-08
   141 : -5.0910605e-08  5.8687751e-08 -2.2504978e-07
   142 :  1.6460323e-02  1.0252256e-02  1.6102488e-02
   143 :  3.1403037e-10 -6.0514282e-10  1.1791380e-09
   144 :  5.4187609e-03  1.1884171e-02  1.5734213e-02
   145 :  3.5119173e-02  1.5617858e-03  6.5779457e-02
   146 :  5.2532977e-05  2.2718646e-04  1.4505156e-04
   147 : -2.8658979e-10  9.3510350e-11  1.0692424e-10
   148 : -1.3378617e-04  2.9872527e-04 -2.2020305e-04
   149 : -2.9023741e-03 -9.3667297e-03 -6.4112124e-03
   150 :  4.1908589e-02 -1.7638704e-03  8.5502549e-03
   151 : -5.3977705e-07  5.7603064e-07  1.7039830e-06
   152 :  7.6161096e-05 -2.4025573e-05 -2.2310858e-05
   153 :  4.9535058e-02 -1.3139746e-02 -2.6747191e-02
   154 : -9.9857443e-15  1.8242754e-15  5.7744324e-15
   155 :  6.1037934e-10  3.6429324e-10  3.1871172e-10
   156 : -1.7522643e-11  1.9898386e-11 -1.0959353e-11
   157 : -1.6537430e-04  7.0277738e-04 -1.6656457e-03
   158 : -1.8747616e-02  1.5163269e-02  1.5719700e-02
   159 :  8.6683305e-04  1.1631753e-02 -9.2942388e-03
   160 :  1.9732454e-14 -2.0256445e-14  2.4973858e-16
   161 : -2.6135775e-13 -6.8052271e-15  1.5476716e-13
   162 : -1.3091348e-02 -6.8612256e-03 -8.8399883e-03
   163 : -1.4946561e-02 -1.3091807e-02 -1.3591165e-02
   164 :  1.3650794e-06 -3.0151538e-06  2.3989181e-06
   165 :  5.3424355e-03  2.2482563e-02  1.6401009e-02
   166 : -1.5878820e-10 -2.2405755e-11  2.0796410e-10
   167 : -8.2222212e-03  7.5417894e-03 -1.6300676e-02
   168 :  1.1341080e-02 -3.8342097e-03 -2.1410197e-03
   169 : -4.3846468e-03  2.1262934e-02  1.3335310e-02
   170 : -2.1174421e-10  1.4347183e-10 -9.3964895e-10
   171 :  8.7516501e-10  6.1998890e-10 -2.1917981e-09
   172 : -3.8254588e-03  3.9797477e-03  1.2962450e-04
   173 : -9.0698508e-03  2.8583953e-03 -1.6137793e-02
   174 : -9.9096250e-03 -7.5900016e-03 -1.4639874e-02
   175 : -4.4120151e-04  9.6156876e-05  1.8485845e-04
   176 : -7.2417623e-09  1.5308361e-08  1.7099072e-08
   177 :  1.4545905e-02 -3.7026764e-03 -3.1161066e-03
   178 :  2.4300114e-02  5.0078755e-01 -4.9342924e-01
   179 : -9.1615314e-03 -5.6383464e-03  6.3969120e-03
   180 :  5.3646773e-11  7.8783919e-11 -9.5251995e-11
   181 : -4.5958896e-03 -7.4431890e-03  1.5318865e-02
   182 : -2.4759122e-05 -1.2913855e-05  4.1567776e-05
   183 : -6.5480835e-04 -5.3200679e-03  9.5800309e-03
   184 :  1.6638180e-13  4.5433571e-13 -1.4691817e-13
   185 :  5.8989510e-06  7.0860960e-06 -2.1147086e-06
   186 : -1.2630866e-03 -6.4906881e-04 -2.1666937e-03
   187 : -8.1255115e-03  7.1005251e-03  1.1466551e-02
   188 :  9.3397954e-03  3.2630396e-01 -3.2102252e-01
   189 : -1.3462384e-02 -1.1029094e-03 -1.2315081e-02
   190 :  1.3022070e-02  1.0543487e-02  1.2053424e-02
   191 : -5.2320299e-13 -1.4950494e-12 -1.4150365e-12
   192 :  3.8570578e-03  1.2691186e-02  1.2460264e-02
   193 : -9.6101427e-03 -4.2235839e-03 -1.6086098e-02
   194 :  1.2458696e-02  1.8188546e-01 -1.7650092e-01
   195 :  8.6586807e-03  4.6828302e-04 -4.2740462e-03
   196 : -5.1338028e-11  1.0474506e-10  9.7790491e-11
   197 :  5.9536119e-10 -1.0031228e-09 -3.6815232e-10
   198 :  8.1305667e-03 -2.9202705e-03  1.5534214e-03
   199 : -1.0711223e-02 -1.8267897e-02 -5.0061107e-03
   200 : -6.6219881e-10  5.9771170e-10  3.9000173e-11
   201 : -3.0403521e-03 -7.5771006e-03  2.3110491e-02
   202 : -1.0361432e-03  1.4801288e-02  1.2861269e-02
   203 : -8.5476665e-12 -2.2576309e-12  4.7827173e-12
   204 : -3.6056640e-03  1.2618366e-02  8.9124221e-04
   205 :  9.0659578e-04  2.0344665e-03  7.6619502e-04
   206 : -2.9681865e-12 -1.1233776e-13 -8.8898327e-13
   207 :  4.5319455e-10 -3.2500862e-10  1.5297051e-10
   208 : -1.5039087e-06 -1.3376422e-06  4.0279519e-06
   209 : -1.0606238e-01  6.9936277e-02  4.4187541e-02
   210 :  2.5871980e-03  1.0398022e-03  2.8169539e-02
   211 : -8.6980184e-12 -1.0325964e-13 -4.3950241e-12
   212 :  5.8958588e-04  8.2190256e-03 -1.6225662e-02
   213 :  9.5764484e-10  1.0773570e-09 -1.3365268e-09
   214 : -2.8856513e-03 -2.3532822e-03 -9.2059081e-03
   215 :  7.7026243e-03  7.1087438e-03  2.3399329e-03
   216 : -1.5572997e-02  1.0352643e-02  9.5491106e-03
   217 : -6.4795273e-15  9.9968766e-16  4.9769332e-15
   218 :  4.0780888e-07 -7.7065995e-07 -6.2413592e-07
   219 :  3.9393113e-03 -6.4604611e-03 -9.1596808e-03
   220 : -2.0024280e-06  2.8441310e-06 -1.2766697e-05
   221 : -6.5153615e-09  6.9405160e-09  1.5654600e-08
   222 : -1.3631373e-03  6.8000047e-03 -2.3399038e-03
   223 :  8.5915950e-03  5.5439601e-03  7.3171885e-03
   224 : -4.4327970e-03  9.6681378e-03 -2.6508571e-03
   225 :  1.5134599e-05  8.3782594e-07 -4.6175316e-05
   226 :  4.1786065e-08 -1.5622951e-08 -1.3160572e-08
   227 : -1.2773233e-03  2.4683942e-04  3.2297798e-04
   228 :  1.5874221e-04 -9.1814438e-02  1.0981797e-01
   229 :  1.7934172e-04  1.3846554e-04 -9.4634450e-05
   230 :  7.1731936e-10  1.6010357e-09 -1.2149587e-09
   231 : -4.3911357e-10  1.2233294e-09 -9.1277330e-10
   232 :  3.0519322e-15  3.4885067e-15 -3.1894960e-15
   233 : -6.5569212e-09  1.4908658e-08  1.1035627e-08
   234 : -3.4106424e-03 -6.4180534e-03 -4.3513868e-03
   235 : -1.6606613e-02  3.4612349e-02  2.1519804e-02
   236 :  6.4842050e-08 -1.2697861e-07 -2.6438091e-08
   237 :  1.3432698e-06 -1.0957807e-06  3.3474476e-06
   238 : -3.0320985e-12 -2.9769015e-13  1.5343769e-12
   239 :  9.2099731e-09 -3.1944656e-09  1.0126151e-08
   240 : -2.7257092e-11  1.7329797e-11  6.4324324e-11
   241 : -7.3849078e-03 -6.3297267e-03 -3.9477156e-03
   242 : -2.3956223e-02  6.8881582e-04 -9.2052813e-03
   243 : -1.6147143e-03  4.4662058e-03 -1.7934912e-03
   244 :  9.1616492e-03  1.1403479e-02  7.5286840e-03
   245 :  9.3289639e-08  1.4297029e-07 -2.4197992e-07
   246 : -1.7299397e-04  8.9132907e-04  1.2746866e-03
   247 : -3.1009929e-03  6.1111732e-03 -7.4589030e-03
   248 : -4.9379441e-15  9.2673661e-14 -4.0644671e-14
   249 :  5.1191571e-06 -8.2574324e-06 -1.8061175e-05
   250 : -9.2432596e-03  4.7957697e-03 -9.2889230e-03
   251 :  1.3816670e-03 -4.1897066e-03 -2.2754589e-04
   252 :  1.5731230e-08 -1.4230678e-08 -1.0826377e-08
   253 : -4.9917950e-12  1.7205685e-11 -7.2128614e-12
   254 : -7.1065754e-03 -2.6404781e-03 -2.5371165e-03
   255 : -1.8435551e-03 -1.8806129e-03 -1.2254104e-04
   256 :  8.0516197e-03  7.8274519e-03 -1.4798295e-02
   257 :  8.3522543e-03  8.3260997e-03  6.5881124e-03
   258 : -9.0066976e-05  4.3999011e-04 -2.1971778e-03
   259 :  3.2516729e-07 -4.0124979e-07  1.1476382e-06
   260 : -1.3927605e-02  4.8642635e-03  3.2748769e-03
   261 :  1.9779510e-02  5.8173389e-03  1.3188194e-03
   262 :  1.3985767e-07 -1.7302758e-07 -8.0057852e-08
   263 :  4.3803896e-09 -4.5041392e-09 -7.3500685e-09
   264 :  6.1566590e-05 -8.1123003e-04 -1.7361558e-03
   265 : -1.0333144e-02 -1.4840584e-03 -7.0894255e-03
   266 : -4.1471481e-05 -3.0572666e-05 -6.1715164e-06
   267 : -2.0477668e-05  2.3634091e-04 -4.9475971e-05
   268 : -1.8291090e-11 -1.2549685e-10  4.4764991e-10
   269 : -6.9233224e-03 -2.5790386e-03 -3.7122405e-03
   270 :  3.6397262e-04 -1.1155545e-03  2.5119949e-04
   271 : -4.3570544e-03 -7.2543549e-03 -1.4790291e-03
   272 :  1.3899242e-04 -4.4618935e-05  9.3225874e-05
   273 : -7.6178836e-09  1.1397344e-08  8.1755329e-09
   274 : -1.0192076e-02 -1.9642445e-03  2.5852576e-03
   275 : -1.1237904e-08  3.5026907e-08 -2.4351880e-07
   276 :  1.6685245e-02 -5.0767695e-03 -8.4011958e-03
   277 : -6.3029410e-09  1.3055629e-08  1.5455644e-08
   278 : -9.4325681e-03 -1.4249298e-02 -2.2643022e-03
   279 :  1.2024181e-02  1.9861785e-02  8.6988917e-03
   280 :  1.0745691e-02 -1.3918916e-03 -4.7017765e-03
   281 : -1.6806981e-03  3.0923418e-03  9.5204673e-03
   282 : -1.2205819e-03  3.4658281e-04 -7.6983965e-05
   283 : -3.9262545e-06  6.7453419e-06  1.2614536e-06
   284 :  7.5764201e-09  1.2185030e-08 -2.7651729e-08
   285 : -1.4256138e-02 -8.6462785e-03 -8.6789015e-03
   286 :  2.1724264e-03 -3.8971919e-04  5.4937078e-03
   287 :  2.7241002e-02  3.4324998e-03 -2.0024332e-02
   288 : -5.3065695e-04 -2.3524086e-03  5.3191558e-04
   289 :  1.2574565e-02  1.4625425e-02  1.2449372e-02
   290 : -1.2279522e-02 -9.0603827e-03 -1.0473589e-02
   291 :  1.9183421e-02  1.4796278e-02  6.4103006e-03
   292 :  6.3770011e-03  7.5306361e-03 -1.5155394e-03
   293 :  5.5012321e-06 -5.4624808e-06 -6.9281584e-06
   294 :  1.0340652e-03 -1.8364765e-03 -2.3119306e-03
   295 : -4.6094852e-12 -1.5213786e-11  4.3811543e-12
   296 :  1.2858360e-02  1.2459519e-02  1.3539725e-02
   297 :  2.0141928e-03  1.7596864e-02  1.3102219e-02
   298 :  3.4479708e-02 -5.3000610e-04  8.3294985e-02
   299 :  1.1838690e-12  3.7596077e-13 -1.4490115e-12
   300 :  8.0461032e-03 -7.1562991e-03 -1.1884912e-02
   301 :  5.3512526e-04  6.1034874e-04  8.8739678e-03
   302 :  5.2895109e-04 -3.7093312e-02  4.3888736e-02
   303 : -1.2894531e-02  9.1660992e-03  2.4135694e-02
   304 : -6.6137705e-03 -9.2143111e-03 -3.2180292e-03
   305 : -1.5832460e-03 -1.8353699e-04  3.4328849e-04
   306 :  6.0753445e-03  6.4299892e-03  8.3583418e-03
   307 :  6.4547924e-03  1.4869171e-02  6.8241176e-03
   308 : -1.3367415e-03 -2.1066143e-03  6.8577962e-03
   309 :  7.1099390e-12  1.4835466e-11 -6.2902642e-12
   310 :  8.7341882e-03  2.5503412e-02  1.8963195e-02
   311 : -1.4781451e-02  2.0295780e-03  1.7694118e-02
   312 : -1.2273159e-10  2.0478677e-11  9.7097692e-11
   313 : -8.1996640e-07  5.7376603e-06 -1.6829420e-06
   314 : -3.1032088e-12 -4.7477428e-12  1.4597277e-11
   315 :  2.4273580e-08  9.0146164e-08 -3.4245440e-08
   316 :  8.4816760e-03  9.7183539e-03  8.9666284e-03
   317 : -6.8552418e-13  9.4639274e-13  1.0719732e-12
   318 : -7.9462924e-04 -1.3180390e-03 -3.5223948e-03
   319 :  3.6610697e-03 -9.7307743e-03 -7.2544129e-03
   320 : -7.1439036e-03  2.1367864e-02  1.4395406e-02
   321 : -1.1765347e-03  8.5950085e-03 -1.0136235e-03
   322 :  1.7930120e-12 -4.6272066e-12  7.9583850e-13
   323 :  1.0448181e-13 -1.8196307e-12  4.0163702e-13
   324 :  1.5160257e-07 -4.8590075e-07  1.0587087e-07
   325 :  2.8088305e-06 -7.9847315e-07  2.8119280e-06
   326 :  7.1613976e-02 -1.6210210e-02 -2.2351202e-02
   327 :  1.4721958e-02  3.9922791e-01 -3.8512872e-01
   328 : -8.1980316e-03 -3.9475910e-03 -5.1420032e-03
   329 : -4.6247308e-08 -3.3389409e-07  1.9618291e-07
   330 : -1.0743686e-13 -2.8073561e-14  2.9644795e-13
   331 :  5.5643462e-04  1.0030882e-04 -1.2288361e-03
   332 :  5.0088377e-03 -2.2787807e-04  2.2172096e-02
   333 :  8.7028290e-07 -2.6777750e-07  4.2406405e-07
   334 :  2.0961514e-04  2.8875887e-03 -5.4293755e-04
   335 : -9.8579532e-04 -5.9994364e-02  6.6805218e-02
   336 : -8.7200951e-03 -3.9796608e-02 -1.6258484e-02
   337 :  3.4915530e-12 -3.1040546e-11 -8.0857672e-11
   338 :  6.2548794e-03  6.8878164e-03  3.1043857e-03
   339 :  4.5360453e-08 -1.4188743e-07 -1.2110834e-07
   340 : -3.4612730e-03  2.9613926e-04 -3.1925001e-03
   341 :  1.5123772e-11  7.6744662e-11 -4.6540083e-11
   342 : -3.2627932e-08  4.6418216e-08  3.3091070e-08
   343 :  1.0183429e-02 -1.5760448e-03 -2.3058279e-03
   344 :  1.7762232e-03  8.7390323e-04  7.2694162e-04
   345 : -9.1047144e-03 -4.5450850e-03 -2.0053123e-03
   346 :  7.7410766e-08  4.4538179e-08 -3.6709830e-08
   347 : -6.9913033e-04  6.2797738e-03 -4.8137708e-03
   348 : -1.8825117e-03 -4.4992670e-03  2.6250062e-03
   349 : -2.1573331e-03  3.6168465e-04 -1.4014053e-03
   350 : -4.0429784e-04 -6.9464357e-03 -3.1762470e-03
   351 :  6.8171550e-06  3.5972429e-06 -1.5056285e-06
   352 : -2.0368468e-02  2.0308938e-02 -1.3262532e-02
   353 : -5.5872559e-03  2.1595465e-03 -7.1347908e-03
   354 :  1.7325596e-03 -1.8994568e-03  1.4022748e-03
   355 :  4.8625184e-04 -5.5295569e-03 -1.3888046e-03
   356 : -6.9169761e-11 -6.8775487e-11  3.8442930e-11
   357 :  9.9199906e-03 -1.4034742e-03  1.8913095e-02
   358 :  3.5446191e-04 -1.3975742e-03 -1.2451609e-03
   359 :  4.1415831e-17 -4.0394946e-16  1.2752531e-16
   360 : -5.2075523e-03 -8.1429832e-03 -1.1052259e-02
   361 : -1.7096961e-05 -9.6046130e-06  3.9785543e-06
   362 : -1.2395442e-03 -1.3112157e-03  8.3193885e-05
   363 :  3.4043474e-04 -3.9127898e-05  3.6802345e-04
   364 : -5.6181749e-05  7.8317507e-05 -2.3203210e-05
   365 :  1.6804624e-02  5.2876180e-02 -1.4824025e-02
   366 :  1.5644684e-10 -2.8534388e-10 -3.3671456e-10
   367 : -8.1746271e-03  6.2462287e-03 -2.0510293e-02
   368 : -1.7847007e-03  1.6124984e-03  1.8829554e-03
   369 : -2.2099351e-03 -9.2089984e-04  1.0432674e-02
   370 : -1.5392461e-03  6.6751547e-03  1.0345951e-03
   371 : -5.4706483e-10 -1.3842242e-10  3.0481253e-10
   372 :  3.8909834e-03  1.5026401e-02  1.1690261e-02
   373 : -5.2766437e-03 -7.3497404e-03  2.9950708e-03
   374 : -4.7411197e-03 -3.1289328e-03 -6.3546623e-03
   375 :  1.4813641e-06  1.8213308e-06 -4.8585155e-07
   376 :  3.8010453e-11 -5.9747948e-11 -2.8996523e-11
   377 :  1.3081507e-02  1.0641725e-02  3.7017579e-03
   378 :  1.5350471e-03  1.6937757e-02 -3.0915063e-03
   379 : -4.8244203e-14  1.1463372e-13 -3.3862662e-14
   380 : -9.8655034e-04  5.9183317e-03  1.1785507e-02
   381 : -5.1865470e-04  2.5319893e-04  1.5931876e-04
   382 : -5.0033346e-05  1.0060496e-04  4.0980351e-05
   383 :  5.5441638e-03  9.9390440e-03  1.1859507e-03
   384 :  1.9886172e-06 -1.0081268e-05  3.1436526e-06
   385 : -1.5233208e-02  4.0414007e-03 -1.5231566e-02
   386 :  8.3090135e-03  7.7788453e-03  7.2333003e-03
   387 :  2.9388069e-07 -6.5552559e-07 -9.3068078e-07
   388 : -8.6230715e-03 -4.5535490e-03  2.6132760e-03
   389 :  3.8391980e-04 -7.7439983e-04 -4.5488723e-04
   390 :  1.6954946e-03 -2.8522973e-02  2.9655597e-02
   391 :  1.9089998e-04 -1.1678138e-03  5.1786137e-04
   392 : -2.0308018e-03 -7.1014571e-03 -6.6441501e-03
   393 :  6.8384688e-04  8.7463408e-03  1.1085819e-02
   394 :  1.8646336e-05 -5.0184759e-05 -4.2505921e-05
   395 :  1.4768421e-02 -2.6327386e-03  1.1118127e-02
   396 : -2.6378064e-13  4.7751333e-13 -9.8023516e-13
   397 :  7.1228329e-04  1.0706798e-02 -5.5849652e-03
   398 : -1.6949270e-02 -1.8380753e-02 -1.1293302e-03
   399 :  8.6089886e-03  1.0741360e-02  5.6796331e-03
   400 : -1.2963286e-02  1.7699663e-03 -7.4835805e-03
   401 :  4.2932441e-03 -1.0506391e-03 -1.3077484e-02
   402 :  6.7884571e-05 -1.8823155e-05 -1.6867591e-05
   403 : -8.8206880e-05  2.6396762e-04  5.3057904e-05
   404 :  5.0184477e-11  8.4280540e-11 -2.6205033e-10
   405 :  1.5214822e-02  1.0768728e-02  1.3534979e-02
   406 : -4.5995913e-03 -6.6063933e-03 -7.4377820e-03
   407 :  6.2260306e-03  3.9630541e-03  2.6991774e-03
   408 : -6.2888403e-03  5.6692168e-03  2.7871814e-03
   409 : -1.5802072e-02  1.5561807e-03  1.3411457e-02
   410 :  3.5167929e-03  7.0184012e-03  4.0290956e-03
   411 :  2.4077048e-02 -1.5349040e-02  2.7763813e-03
   412 :  2.2104273e-03  2.3381741e-03  2.2503852e-04
   413 : -1.1499687e-11 -8.9477387e-12  3.1692357e-11
   414 : -4.7252029e-03 -4.5278191e-03 -8.1126600e-03
   415 :  1.4681478e-02 -7.0607696e-03 -1.2155912e-02
   416 : -1.7023207e-09  1.2868536e-08 -1.5740171e-07
   417 :  1.2957330e-02  5.4246119e-03  1.2845552e-02
   418 :  8.8207530e-03  6.4084595e-03  4.2328775e-03
   419 : -1.8199888e-09  4.2049402e-09 -6.0933346e-10
   420 :  1.2783745e-09 -3.0070876e-09 -5.1234717e-10
   421 :  1.2936388e-07 -5.2765577e-07  2.0208455e-07
   422 : -9.2796566e-04 -2.8616635e-03  1.5857023e-03
   423 : -1.8415962e-02  4.1748110e-02 -1.2008469e-02
   424 : -3.2462000e-05 -1.4042755e-06  8.0580742e-06
   425 : -2.2791622e-06 -3.0299564e-06  1.1022215e-06
   426 :  1.6306728e-04  1.5694997e-04 -5.4399497e-05
   427 : -1.4428365e-03 -8.1199505e-04  4.7758040e-03
   428 : -1.1903017e-05 -2.8008304e-05 -4.8934095e-05
   429 :  1.3477493e-02  1.6737050e-02  1.0036690e-02
   430 : -6.6803215e-03 -1.1177017e-02 -5.1387384e-04
   431 :  1.8293562e-02  1.2526074e-02  1.0607073e-02
   432 :  1.0970246e-02 -2.1856323e-03  1.1661403e-02
   433 : -5.8653929e-12  3.2906846e-11 -7.5894755e-12
   434 : -2.3127976e-04  9.7783848e-03  7.2773118e-03
   435 :  2.7342021e-02 -5.1915340e-03  1.9094695e-02
   436 :  2.1536989e-06  1.8573721e-06 -4.2676772e-06
   437 : -1.2090789e-02 -3.0895016e-02 -1.5790122e-03
   438 : -7.5434440e-03 -5.3285010e-03 -7.0689218e-03
   439 :  2.4908959e-03 -5.1802788e-04 -2.7010196e-03
   440 :  1.5062396e-08 -2.4682864e-08  9.0184842e-09
   441 :  1.1328238e-12  1.7213524e-13  1.0044214e-11
   442 :  8.6043073e-03  7.0655094e-03  1.1359069e-02
   443 :  6.5440327e-02 -2.7239734e-02  3.2434782e-02
   444 :  1.1799023e-02  7.1208940e-03  4.9790239e-04
   445 :  4.1181176e-03  4.5233718e-03  9.9785515e-03
   446 : -4.2735637e-03 -5.7981835e-03 -3.6984303e-03
   447 :  1.5674008e-02 -2.6449695e-03  8.0143630e-03
   448 : -3.2365566e-03 -1.3854427e-02 -8.1824234e-03
   449 : -1.3465560e-11  3.2052039e-11  2.6577971e-11
   450 :  2.3006571e-12 -2.2698294e-12 -3.9189556e-12
   451 : -1.1177525e-02 -3.3967713e-03 -1.8444669e-03
   452 : -3.2239062e-04 -2.7278247e-03 -5.7376307e-03
   453 : -3.5460343e-03 -8.6949728e-03 -1.8917277e-03
   454 : -1.1825718e-03 -3.3712954e-03  1.0669167e-03
   455 :  1.7556532e-04 -8.7939534e-05 -3.6709702e-05
   456 :  9.8023763e-03  9.1359463e-03  1.4879972e-02
   457 : -5.8958784e-12  1.5544834e-11  1.4347898e-12
   458 :  2.9295338e-04 -1.0311594e-03  2.3635691e-04
   459 : -1.0208567e-02 -1.8217214e-02 -5.9501142e-03
   460 : -8.5331205e-03 -1.3171438e-02 -7.0071852e-03
   461 :  3.4706299e-04  1.3981743e-02  8.3091540e-03
   462 :  2.6608641e-02 -1.4489606e-02  2.1955505e-02
   463 :  3.4243840e-08  1.8276365e-08 -1.3476435e-07
   464 :  1.1471269e-03 -4.1696816e-03  6.6446974e-03
   465 : -5.5574557e-03  1.4182384e-02  8.1737802e-03
   466 :  8.5856540e-03  8.3856090e-03  5.6470245e-04
   467 : -1.1590809e-08  4.7001801e-08 -4.8592130e-08
   468 : -1.3663881e-06  1.9934790e-06 -6.2133444e-07
   469 : -2.1496009e-13  1.0529639e-13  1.7452990e-13
   470 : -1.3364818e-11  1.5527910e-11  1.2012265e-12
   471 : -2.1835956e-05  7.9954259e-06  1.0469038e-05
   472 :  2.5826481e-07 -5.4216516e-07 -2.6278898e-07
   473 :  3.6892950e-03  1.5647578e-04  5.7140882e-04
   474 :  1.3655891e-09 -1.0814425e-09 -1.6255531e-09
   475 : -2.9457641e-05 -1.4082432e-06 -2.2094502e-05
   476 : -3.1899269e-05 -1.5990581e-05  1.2376710e-05
   477 :  3.0562343e-13  2.3941259e-13 -1.4232673e-12
   478 :  1.4704110e-02 -1.0156892e-02 -2.4953829e-03
   479 : -5.4854771e-14  1.3969756e-13 -2.5655299e-14
   480 :  6.6716035e-03  5.3372793e-03 -1.8884352e-03
   481 : -4.0209525e-05 -5.6943418e-05  2.6729859e-04
   482 : -1.3132480e-08  3.6683618e-08 -1.2377205e-08
   483 :  9.4350652e-03  6.4386162e-03  4.5652289e-03
   484 :  1.1652518e-03 -2.0015382e-02 -2.1248303e-02
   485 :  2.8225210e-02 -2.3887293e-02  7.4164690e-02
   486 :  1.4521757e-03  1.0029171e-03 -3.5212424e-03
   487 : -1.1796622e-03  2.0917823e-02 -3.9692989e-02
   488 : -1.4643240e-03  5.2896785e-03  4.3112111e-03
   489 : -8.9972524e-10  6.2062908e-11  1.4494675e-09
   490 :  4.1324809e-09  1.1355399e-08 -9.7457016e-09
   491 : -4.1384726e-09 -7.1693474e-09  2.1093676e-09
   492 :  1.2495018e-02 -8.8107969e-03  2.8262263e-02
   493 : -9.5470400e-04  8.8381157e-04 -1.2514629e-03
   494 : -2.1350541e-03 -3.1362760e-03 -3.6385406e-03
   495 :  1.1443576e-02  1.4521242e-02  1.5330530e-02
   496 :  4.2355442e-07  7.6808205e-06 -7.6808331e-06
   497 :  1.2265091e-11 -6.6548067e-12  1.1868868e-11
   498 :  1.7327457e-10 -2.8717863e-10  2.8839785e-10
   499 :  1.0591675e-02 -4.1466926e-03 -1.1830768e-03
   500 : -2.2901222e-13  7.8818387e-13  1.1240992e-12
   501 :  4.9901631e-13 -2.0766747e-12  1.5766740e-13
   502 :  4.5005842e-03 -5.0643153e-03  6.8460241e-03
   503 :  9.3813773e-04  6.3191224e-04  5.0397964e-04
   504 :  1.4737098e-02 -1.2330601e-02  1.1772767e-02
   505 :  5.1039246e-04 -1.6549503e-03  9.2347108e-03
   506 :  2.2985142e-08 -5.2262708e-08  4.8435657e-09
   507 : -3.4694995e-07 -3.3818289e-07  9.2704558e-07
   508 : -1.5073479e-07  7.7736581e-07 -2.2944528e-07
   509 : -7.1052697e-03 -7.0484518e-03 -1.2304750e-02
   510 : -5.7721255e-07  4.1229061e-06 -1.1305130e-06
   511 : -2.5257925e-03  7.0507908e-03  6.0711147e-03
   512 :  2.2407228e-04  2.5834874e-04 -1.0108208e-05
   513 :  2.2875785e-02 -6.6388710e-04 -1.1519159e-02
   514 : -9.2859808e-03 -5.6725106e-04  3.5259636e-03
   515 :  1.4030418e-02 -2.1103294e-03  1.3729677e-02
   516 : -4.8344388e-07 -9.0550183e-07  3.4553804e-07
   517 :  1.0826764e-02  4.7585164e-03  7.0278808e-03
   518 :  1.5825905e-02 -7.0843981e-03  2.7599394e-02
   519 :  4.1543218e-03  5.3664721e-03  1.0419826e-02
   520 :  3.4392617e-03 -2.5921361e-03  1.4634030e-02
   521 : -1.9455297e-03 -6.6656975e-03 -6.4106352e-03
   522 :  1.6206497e-03 -1.8090105e-03  2.8271775e-03
   523 :  8.8741455e-03  1.3968057e-01 -1.0508820e-01
   524 : -7.5634513e-03 -1.2176364e-01  1.1316979e-01
   525 : -1.9724263e-02  7.3806075e-03  3.6528461e-03
   526 :  9.6267369e-06 -4.4393342e-05  1.6225473e-04
   527 : -8.5915065e-12 -4.1754370e-10  8.2823477e-11
   528 :  7.2506227e-03  2.7428142e-03  8.0844952e-04
   529 :  1.9280759e-03 -3.5899976e-03 -1.4011578e-03
   530 : -1.0066111e-03 -1.6148474e-03 -3.1772569e-03
   531 : -2.1061561e-03 -7.2160955e-03  6.1982867e-03
   532 : -1.5827818e-03 -1.8735964e-03  1.4293430e-03
   533 :  1.0251851e-14 -8.4109285e-15  8.9122970e-15
   534 : -2.0481107e-15 -7.4562256e-15  1.5118054e-14
   535 : -8.0686908e-09  4.5767065e-09 -2.6259934e-09
   536 :  8.6325861e-03  7.6409905e-04  3.5376638e-03
   537 :  3.1119799e-04  7.8334100e-04  9.1442574e-04
   538 :  2.6295056e-03 -1.6348673e-02  6.7872517e-05
   539 : -4.2784962e-10  1.9730651e-09 -1.3385842e-09
   540 :  2.4253170e-08 -7.7365101e-08  2.0636970e-08
   541 : -1.1863687e-07 -2.0398663e-07  1.7432872e-07
   542 :  1.6998146e-03  1.2850408e-02  3.5607511e-03
   543 : -7.5913379e-11 -1.6874438e-10  2.6404483e-10
   544 :  1.4312270e-02  1.2677500e-02  1.4389638e-02
   545 : -8.6188657e-07  5.2376270e-06  6.3689686e-06
   546 : -1.7691352e-03 -2.0354817e-03  6.5120990e-03
   547 : -1.1313334e-08  3.2591097e-08  9.5857256e-10
   548 : -5.9081574e-04 -5.9990252e-03 -3.0136123e-03
   549 : -1.7689928e-07 -7.5489688e-07  2.3989743e-06
   550 :  8.7051938e-04 -4.0017895e-03  3.1018447e-02
   551 :  1.0951782e-02  1.1200903e-02  7.6908500e-03
   552 : -1.5907152e-03 -6.2349553e-03 -3.5900271e-03
   553 :  6.4259096e-03  1.8568422e-03  2.4444458e-02
   554 : -6.6666177e-07  6.3074315e-06 -3.3313074e-07
   555 : -7.1391559e-04  8.8770878e-03  2.0587522e-03
   556 : -6.6558618e-07 -9.6726973e-07  2.9505720e-07
   557 :  1.0408858e-02 -1.0047853e-02  2.2184663e-04
   558 : -4.5238998e-03 -2.1851164e-03 -6.8404671e-05
   559 : -3.6405627e-03  8.3797641e-03 -2.2507812e-03
   560 : -1.1277301e-03  7.0869333e-03  2.6076360e-02
   561 : -1.1927159e-02 -6.5374913e-03  4.4451571e-03
   562 : -1.3558906e-03  5.2255429e-03 -1.0548280e-03
   563 : -3.7563427e-12  1.5249197e-12  2.5392249e-13
   564 :  6.5550455e-03  1.1271279e-02  1.1131160e-02
   565 :  6.7152191e-03  7.9530749e-03  5.4790359e-03
   566 :  2.0813779e-07  1.2583346e-07 -4.9373209e-07
   567 : -9.1249321e-03  2.9669727e-02  1.3164437e-02
   568 :  4.0650493e-04  2.6715445e-02 -2.9865324e-02
   569 :  1.1616403e-02  1.0833174e-02  1.1639076e-02
   570 :  3.1298268e-08  5.3519441e-06  5.6897028e-06
   571 :  3.5366963e-04  1.9326069e-03 -3.1434154e-03
   572 : -1.3807001e-12 -2.6722101e-12  1.1000371e-12
   573 :  1.6056661e-03 -4.3539888e-03 -8.4784405e-03
   574 :  2.9484672e-03 -4.6914235e-03  1.3127136e-03
   575 : -2.7493422e-03 -1.3725337e-03  9.9910396e-04
   576 : -1.8203772e-03 -3.4784492e-03 -8.2513473e-03
   577 :  2.6787863e-03 -1.4323142e-03  4.2117489e-04
   578 : -4.4672282e-14  2.0918441e-13 -1.1304122e-13
   579 : -4.5472370e-04 -4.9012600e-03  6.0584299e-03
   580 : -2.7874814e-03 -3.1271131e-03 -6.5737791e-03
   581 :  1.1123536e-06  1.2851703e-07  1.8517440e-06
   582 : -5.5239964e-14  5.3716217e-14 -2.1286420e-14
   583 : -6.6434118e-05  1.8527371e-04  2.0320057e-04
   584 :  2.6250989e-11 -6.0031028e-11  4.4000531e-13
   585 : -2.8838121e-03 -2.5817866e-03 -6.6301277e-03
   586 :  2.8771337e-08 -3.8048314e-08 -6.6650289e-08
   587 : -6.6604787e-05  1.9246182e-04 -1.3302076e-05
   588 : -4.3431589e-07  2.0778272e-07  1.0187657e-07
   589 : -9.2043054e-03  1.0838611e-02 -1.2287259e-02
   590 : -3.3230785e-03  1.3741111e-04  2.8353847e-03
   591 : -5.1137283e-13  8.0806696e-13  2.8585468e-13
   592 :  3.8877943e-07  9.1974562e-07 -2.6139814e-06
   593 :  7.1181009e-03  6.0040204e-04  3.5506636e-03
   594 : -1.1902447e-03 -3.1829668e-04 -1.6671541e-04
   595 :  2.4132712e-02  2.1083350e-02  5.4453551e-03
   596 : -3.6146909e-03 -2.5129751e-01  2.8620496e-01
   597 : -2.0531117e-03 -6.7828089e-04 -3.5310881e-04
   598 :  1.0687287e-04  2.8622384e-04 -1.3710490e-04
   599 : -1.5784281e-02 -8.3793808e-04 -4.8847130e-03
   600 : -8.6014464e-03 -2.4319662e-02 -5.8296267e-03
   601 : -7.4344025e-03 -3.1916477e-03 -3.3438084e-03
   602 :  4.7117947e-08  1.0608175e-07 -4.0816355e-08
   603 : -1.1826052e-09 -1.3951936e-09  9.7891260e-10
   604 : -9.6976800e-05  7.7560033e-05 -7.4150932e-05
   605 :  6.8823229e-04 -1.5356183e-03 -1.1024138e-03
   606 : -2.5587885e-03  2.7838982e-03 -1.7963300e-03
   607 :  5.1730222e-03  1.5590200e-02  1.6404001e-02
   608 : -1.4720335e-07 -2.0892626e-07  4.1886300e-08
   609 : -1.6263265e-06 -1.6552354e-05  3.9440629e-06
   610 : -2.4029355e-09 -3.8656614e-09  1.2344717e-08
   611 : -7.7494912e-03 -2.8042469e-03 -2.6498043e-03
   612 :  5.0131639e-02  2.3176036e-03  1.4054791e-02
   613 :  1.3243659e-02  1.2345082e-02  8.7299754e-03
   614 : -4.2415457e-02  7.8621829e-02 -9.5310388e-02
   615 :  1.6268885e-02  9.4196733e-03 -4.8005861e-04
   616 :  2.9213393e-10 -3.7986545e-10 -2.7117440e-10
   617 :  3.7633933e-03  8.2155873e-03  5.4569879e-03
   618 : -3.8707387e-04 -1.0281155e-03  5.4713474e-04
   619 : -5.4007257e-08  1.2574455e-07 -3.2727994e-08
   620 :  2.6034206e-04  1.2981175e-04  3.1631461e-04
   621 :  5.1645220e-02  6.1976565e-03 -1.2562923e-02
   622 :  7.8383345e-03  4.7678199e-03 -2.3673066e-03
   623 : -1.2270902e-02  1.6054367e-03 -1.0303780e-03
   624 : -2.6245710e-03 -4.4445290e-03  3.4163400e-03
   625 :  1.5791356e-03  1.0589962e-02  1.9550515e-03
   626 : -8.0195602e-14  3.9713042e-13 -1.3340670e-13
   627 : -5.9695926e-09  8.0640701e-09  3.9551412e-09
   628 : -1.5777271e-04  4.6057855e-05  1.3683928e-04
   629 : -1.1633252e-02  4.2436984e-03  6.7978625e-04
   630 :  9.5800245e-03  6.3402272e-03  8.8907588e-03
   631 :  1.1969406e-02  1.0433872e-02  8.7978905e-03
   632 :  6.6757307e-11 -9.1782578e-11  2.5448955e-11
   633 : -6.5654782e-03 -9.6859395e-04  3.8542304e-03
   634 :  1.2919623e-02  1.2643553e-02 -4.6818161e-04
   635 : -6.0228138e-03 -7.0598801e-03 -7.5089388e-03
   636 :  1.1722954e-03  8.5686185e-04  9.5011741e-04
   637 :  8.3088181e-03  1.3005941e-02  8.8489018e-03
   638 :  5.7843422e-03 -4.5643373e-03 -2.9667576e-03
   639 : -8.6296416e-04 -5.4646350e-03 -6.8434833e-03
   640 : -2.1471454e-03 -8.7694284e-03 -2.4485870e-03
   641 :  1.3282478e-07 -3.2660182e-07  9.3077376e-08
   642 :  2.1207511e-02  3.1112253e-03 -3.0192797e-02
   643 :  1.1837135e-02  1.7143456e-03  4.7918882e-03
   644 : -3.1566697e-02 -2.9180321e-02 -1.2745522e-02
   645 :  7.6355025e-04 -8.0255699e-03 -6.7099154e-03
   646 :  1.3573999e-02  3.8017427e-03  1.8742734e-02
   647 : -1.6510828e-02  4.9005374e-03  3.3213089e-03
   648 : -3.1431028e-03 -1.1622881e-03  6.0815994e-04
   649 :  1.2048893e-02  1.2527448e-02  1.1471628e-02
   650 :  4.1162462e-03  1.7936137e-02  4.9257365e-03
   651 :  3.8250758e-02  4.2919937e-03 -2.9442066e-02
   652 : -5.7716916e-03 -2.8403544e-03  8.4620623e-03
   653 :  1.6168129e-02  1.2274465e-02 -2.0720539e-03
   654 : -3.2732635e-05  7.9936813e-06  1.3808023e-06
   655 :  3.7917696e-03  1.3531478e-02  3.7740671e-03
   656 : -5.5873445e-04 -5.1073649e-03 -1.7445899e-03
   657 :  1.0001383e-03  1.2282989e-02  3.0203142e-03
   658 :  2.3083587e-03  5.4245460e-04 -1.0999337e-03
   659 :  4.8432843e-03 -1.3618998e-02 -3.3201968e-03
   660 :  5.9694195e-03  8.2967289e-03 -3.4682449e-03
   661 : -1.8569222e-02  9.5289141e-03 -4.4908614e-03
   662 : -1.0222681e-03  1.2266006e-05 -6.5581661e-04
   663 :  4.9139878e-04 -3.1682430e-03  7.3566649e-03
   664 : -6.0784004e-03  2.2628273e-02  8.8054495e-03
   665 : -6.2251906e-03  2.9850626e-03 -2.5462890e-03
   666 : -3.3692026e-11  9.4554389e-11  2.2304504e-11
   667 :  1.4443164e-07  1.2040951e-06  1.5038940e-06
   668 : -3.0805630e-03  2.3480136e-03  3.4673923e-04
   669 : -1.0607874e-13  1.7923285e-13  2.7454487e-13
   670 :  4.0418853e-03  3.0219384e-03 -2.9437872e-04
   671 : -2.4632663e-03 -4.3733804e-03 -2.0457964e-03
   672 : -5.9218120e-06 -1.1730227e-03  1.5672368e-03
   673 :  3.3322461e-03  3.0801308e-04  7.8520094e-03
   674 : -3.6516206e-03  5.5080349e-03  4.8129354e-03
   675 :  1.1284940e-02  5.5212408e-03  1.2184477e-02
   676 : -1.1928310e-02 -1.6554369e-01  1.5867387e-01
   677 :  1.1577731e-02  2.2740533e-03  1.2226193e-02
   678 : -7.4951157e-04  8.1530422e-04  5.9856458e-04
   679 :  3.4923358e-03 -1.0341112e-02 -4.4460143e-03
   680 :  6.1942763e-03  5.8894499e-03 -1.2553692e-03
   681 :  7.3331089e-07 -3.4238084e-07  1.3579838e-06
   682 : -3.5315657e-07  1.4296713e-06  8.4076771e-07
   683 :  3.0950643e-06 -1.1122783e-05 -1.3397928e-05
   684 :  6.2597542e-08 -6.8777317e-08  1.2681071e-07
   685 :  3.1669881e-03  5.2820672e-03 -2.2182864e-03
   686 :  1.1358929e-02  1.2334868e-02  1.0932894e-02
   687 : -1.3381815e-07  3.9886458e-07 -1.5252065e-06
   688 :  3.7345070e-03 -1.4626676e-03  1.3016167e-02
   689 : -3.4270599e-03 -2.6871699e-03  5.2995144e-03
   690 :  1.1541066e-02  1.1378075e-02  1.1211264e-02
   691 : -7.0034047e-03 -5.7703431e-03 -7.7523942e-03
   692 : -4.1850671e-03 -8.8506993e-04 -1.2580570e-03
   693 : -5.3270973e-14  3.3582682e-13  2.6995893e-13
   694 : -2.7959296e-09  6.9593790e-09  8.3355260e-09
   695 :  6.6236329e-03 -1.5085396e-03  4.0730612e-03
   696 : -1.1977210e-02 -2.0178622e-03 -2.3542789e-03
   697 : -1.3411112e-02 -2.9676514e-02 -2.5341448e-02
   698 :  6.6928239e-03  7.8580892e-04  6.3852293e-03
   699 : -1.5462680e-03 -1.4282810e-04 -2.3143284e-03
   700 :  3.6158905e-12  5.5638385e-12 -1.6833816e-11
   701 : -7.2061579e-11  2.0676842e-10 -5.9866341e-11
   702 :  3.2765286e-06  3.3880194e-06  7.1336326e-06
   703 :  5.3541708e-04 -4.2763065e-03 -3.5606180e-05
   704 : -1.0796108e-02 -1.8384535e-02 -3.8353718e-02
   705 : -3.0366966e-09 -9.5828584e-08  5.3438034e-08
   706 : -2.3585821e-01  1.9473035e-01  4.4335468e-02
   707 :  2.3375103e-02 -7.7311053e-03  2.4042564e-02
   708 : -9.1847892e-03  3.8818934e-03  1.3027494e-02
   709 :  5.2389744e-03  4.1147488e-02 -1.4018738e-02
   710 :  3.8154671e-04 -5.6562874e-05  2.8694675e-05
   711 :  3.9456016e-03  6.3906530e-03  1.2582366e-02
   712 :  1.1490423e-02  1.1442022e-02  7.3996076e-03
   713 :  3.3554143e-03  8.4256327e-03  5.6366082e-03
   714 :  9.1595791e-04 -1.2780629e-03  1.7239305e-03
   715 :  1.0672208e-02  6.6400044e-03  7.5686268e-03
   716 :  6.9829739e-09 -8.6562631e-09  2.0006681e-08
   717 : -1.9493859e-03 -7.0214770e-03 -5.3317572e-03
   718 :  3.6985887e-03  1.6236430e-02 -6.8215429e-03
   719 : -3.0310530e-03  4.3429588e-03 -2.0100434e-03
   720 : -4.3407320e-03 -8.1380311e-03 -2.7689341e-03
   721 :  4.1598639e-02 -2.4815784e-02 -7.6789027e-03
   722 : -3.1717334e-07  4.3836281e-07 -2.9462851e-07
   723 : -7.6114545e-07 -9.2440537e-06  8.3485269e-06
   724 :  7.7407065e-07  1.6666704e-06 -4.4428081e-07
   725 :  9.0183235e-03  1.1065199e-02  1.1351763e-02
   726 :  6.8345352e-03  1.5203218e-03 -2.5364372e-03
   727 :  1.0099580e-02  8.9011676e-03  1.1542083e-02
   728 : -1.0096607e-03 -5.9300641e-03 -7.2893294e-03
   729 :  2.4191769e-02 -2.8304528e-03 -8.0840935e-03
   730 :  5.7100625e-03  5.5673761e-03  7.0461079e-03
   731 :  2.3047664e-06 -1.9360551e-06 -5.2622026e-08
   732 : -1.0035561e-03  6.8381862e-05  2.7345245e-04
   733 : -5.7131423e-03 -5.4115212e-04 -1.4743201e-03
   734 : -2.5831768e-02 -7.9677824e-01  9.1760464e-01
   735 : -7.0654283e-03 -6.5815868e-01  6.4553175e-01
   736 : -7.8638342e-03 -3.1689773e-03 -3.4334018e-03
   737 :  1.2455113e-02  8.5938972e-03  9.3398627e-03
   738 : -5.7872702e-04  2.7828310e-04  7.7074763e-04
   739 :  2.9521732e-04 -7.1164526e-03  7.8307424e-05
   740 :  5.7009640e-03  6.1764034e-03  2.8186619e-03
   741 :  2.1921484e-03  7.8819517e-03 -1.5573092e-03
   742 :  1.8926873e-02  7.1129496e-03  5.5747481e-04
   743 :  3.2390224e-03 -1.2504217e-03 -4.9996172e-03
   744 : -4.0770272e-03  2.1999211e-02 -4.4283959e-03
   745 : -1.9199691e-07  3.4950398e-07 -1.8576807e-07
   746 : -2.0276982e-06 -1.5021931e-05 -1.9488137e-05
   747 : -1.3536004e-03 -2.1909483e-03 -1.8151930e-03
   748 :  5.2684073e-03  6.7522546e-03  7.9398871e-03
   749 : -4.2548553e-03 -1.3390601e-02 -6.3343533e-03
   750 :  2.7752099e-08  6.8402535e-08 -2.1981198e-07
   751 :  1.1684464e-03  3.3286978e-03  5.2620750e-03
   752 :  4.6760450e-02  2.5916561e-02 -2.2611928e-04
   753 : -1.4992594e-02 -1.2322215e-02 -3.5674104e-03
   754 : -5.1007618e-05 -2.3108611e-05  1.7954403e-04
   755 :  1.2764728e-03  1.3585942e-02 -5.8228157e-03
   756 :  1.1171980e-02  2.0437039e-02  1.6235046e-03
   757 :  2.3606138e-13  1.3714309e-13 -1.8705648e-13
   758 :  3.2799051e-02  2.8642433e-02  2.2561953e-02
   759 :  7.5587805e-03  6.7287823e-03  2.6087795e-03
   760 :  8.0566840e-04  1.0903602e-02 -2.3806871e-03
   761 :  4.7924860e-04  3.6556141e-03 -1.0120045e-03
   762 :  3.2502805e-02  5.6726710e-02 -1.2965687e-02
   763 :  1.6748693e-09 -6.1477317e-09  1.8520115e-09
   764 :  2.5721178e-10  4.5039876e-10 -2.5920397e-10
   765 :  1.5098241e-03  1.8550013e-03  4.5818539e-03
   766 : -1.8051918e-03  1.5621891e-02 -5.5923163e-03
   767 :  2.2317503e-02  2.8843349e-01 -2.1929692e-01
   768 :  1.2461432e-09 -2.5456247e-07  2.3788634e-07
   769 :  1.0637465e-03  1.6693295e-03  3.6326833e-03
   770 :  1.7464166e-02  6.9171788e-03  7.8821956e-03
   771 : -5.3276312e-04  6.9859156e-03 -1.0758272e-02
   772 :  6.7511138e-03 -1.8091630e-03  7.6182963e-03
   773 :  1.9223504e-03  1.0634135e-02  1.9307047e-02
   774 :  1.2406291e-02  2.8738731e-03  9.3211969e-04
   775 :  6.2953640e-02 -2.5034832e-01  2.6994127e-01
   776 :  1.7451184e-03  9.6010229e-03  1.2659875e-02
   777 :  4.0056541e-03  7.1107346e-03  3.5104148e-03
   778 : -2.5313114e-03 -6.2017745e-03 -5.1261848e-04
   779 :  5.3041941e-05 -7.8693212e-05  1.1990462e-05
   780 :  3.9248012e-02 -1.1222951e-02 -6.9644667e-03
   781 : -2.1128054e-07  9.6162948e-08 -1.4716514e-07
   782 :  8.7072953e-14  1.4571405e-14 -1.7541710e-13
   783 : -2.2460331e-02  6.8916323e-03 -8.7664461e-04
   784 : -2.1659376e-02 -2.4837501e-02 -2.6720533e-02
   785 :  1.3809864e-07 -5.7483954e-07 -1.8086991e-07
   786 :  2.2712274e-02 -1.0523374e-02  6.9642505e-03
   787 : -2.1112880e-03 -1.7902860e-03  1.2202165e-03
   788 : -3.1718601e-07 -1.6585595e-07 -3.4937426e-07
   789 :  2.0061913e-06  1.1965171e-05  8.8700142e-06
   790 :  1.5715956e-02  1.2635932e-02  5.1612290e-03
   791 :  1.8275799e-02  1.0419881e-01 -6.2192974e-02
   792 :  7.2907971e-03 -3.3188912e-03  7.6879515e-03
   793 :  6.9954805e-03 -4.1284073e-03 -2.2225262e-03
   794 : -1.4129795e-03 -9.5957611e-03 -6.4636560e-03
   795 :  8.3034609e-03  3.4949097e-03  1.1196189e-02
   796 : -3.7328785e-03 -1.1269297e-02 -3.1987502e-03
   797 :  1.7356556e-07  5.7015608e-08 -1.4569852e-07
   798 : -5.9927893e-03  4.7666600e-02 -5.6535317e-02
   799 : -2.0103635e-03 -1.0268679e-03  8.9818462e-04
   800 :  9.6173521e-04  1.6993832e-03  3.6613065e-03
   801 : -1.1794126e-05  2.3270477e-05  2.0789294e-06
   802 : -1.1332002e-02 -3.7743441e-01  3.7395614e-01
   803 : -1.1016500e-03 -1.9888098e-03 -2.5628858e-04
   804 :  1.4977916e-03  4.5812465e-03  3.7581285e-03
   805 : -3.1018790e-03  4.7975790e-03  7.0843319e-03
   806 : -3.6422084e-05  4.2810175e-05  1.0304379e-05
   807 : -5.6831454e-08  2.8108321e-07 -6.1633019e-08
   808 :  1.0357611e-02  1.2380086e-03  2.5180256e-03
   809 :  2.7312630e-03  1.1554688e-02  1.0655357e-02
   810 :  1.8669562e-06 -1.8992630e-06 -1.1013665e-06
   811 : -5.4548390e-14  1.6519357e-14 -1.0914793e-14
   812 :  1.0198159e-02  7.3714266e-03  3.8584960e-03
   813 : -5.1877425e-03 -2.0087678e-01  2.2277164e-01
   814 : -4.2293497e-13  1.3224488e-14  3.9469954e-13
   815 :  6.3622487e-15 -1.9339536e-15 -1.4679100e-15
   816 :  6.3060332e-11 -2.2008279e-11 -1.8987884e-11
   817 :  1.2489623e-13 -4.0315654e-12  4.0491052e-12
   818 : -1.3007070e-13 -9.9963886e-13  8.5174316e-13
   819 :  2.2171176e-02 -1.3946076e-02  5.4730379e-03
   820 :  1.5439988e-13 -4.3058582e-13  9.4168132e-14
   821 :  1.2219569e-02  3.3811116e-02 -1.5047300e-02
   822 : -3.3252612e-02 -3.8942274e-02 -1.4483302e-02
   823 : -4.6715701e-05  2.1171750e-04 -5.3947821e-06
   824 : -1.2501715e-03  1.4125030e-03 -6.8084727e-04
   825 :  3.6751446e-09  3.9420097e-10 -8.8607984e-09
   826 :  2.6575406e-03  4.1034575e-02 -4.5819294e-02
   827 :  1.0650892e-05 -6.3762551e-06 -7.8803520e-07
   828 : -9.5629418e-04  1.3589527e-04  4.5907852e-05
   829 : -2.4985438e-03 -7.5666697e-02  8.4705078e-02
   830 :  1.4763608e-02 -9.1003165e-03  4.1276928e-02
   831 :  5.6256572e-03 -2.7193149e-01  2.9052868e-01
   832 :  1.2435512e-02  4.9327751e-02 -1.5741888e-02
   833 : -7.2035780e-03  2.0469753e-03 -3.3993345e-02
   834 : -4.7900881e-12  3.9016795e-12 -4.1785574e-12
   835 :  4.5538473e-15 -1.3781088e-14  1.8660149e-14
   836 :  5.8873687e-03 -3.3273112e-02  3.8378228e-02
   837 :  1.6371655e-06 -4.4875842e-07  4.2524806e-06
   838 : -6.2019347e-04  5.3365780e-03 -6.2368326e-03
   839 :  6.3428069e-04 -1.9835281e-03 -1.2920141e-03
   840 :  6.9436301e-07  8.5581063e-07 -3.3814660e-06
   841 : -1.8409787e-04  3.2235689e-05  1.0586396e-04
   842 :  6.6673833e-03 -5.3860048e-03  1.2214727e-02
   843 :  2.2994408e-05 -5.4764241e-05 -1.4784752e-05
   844 :  3.4405612e-03  2.2552158e-02 -2.2511928e-03
   845 :  1.8689797e-09 -3.4262824e-09  8.6725099e-09
   846 : -1.6488736e-03 -1.6132302e-01  1.7902148e-01
   847 :  1.2442081e-02  2.2121853e-02  4.7117054e-03
   848 : -6.8371737e-16 -1.4434759e-16  3.5746976e-16
   849 : -1.6073416e-03  1.8727288e-03  6.5320356e-04
   850 : -1.5562186e-03 -1.4548146e-04 -1.9961516e-03
   851 :  3.7028225e-05  2.2843990e-04  2.0750926e-04
   852 :  5.0422903e-10 -9.9940489e-10  5.9529784e-10
   853 : -5.9284646e-03 -1.2065829e-02 -1.5246977e-02
   854 :  2.0517921e-16 -3.7983408e-16 -1.5234840e-16
   855 :  5.6758745e-03 -1.0915407e-02 -3.1677909e-03
   856 : -6.4439301e-03  1.2356246e-02  1.1035110e-03
   857 :  6.4863567e-03 -3.8845392e-03  9.1147630e-03
   858 :  1.4879022e-03 -2.0372942e-03  2.3704512e-03
   859 :  2.7667889e-09 -3.2736187e-09 -2.1248271e-09
   860 :  8.5991633e-05  1.1024035e-03 -1.8691268e-02
   861 : -9.1742142e-03  4.9615081e-03 -9.8646396e-03
   862 : -1.1931323e-02  7.1834401e-03  1.0910722e-02
   863 : -8.2376879e-03  6.8102138e-04  8.9086593e-04
   864 :  2.3052409e-03  1.4950446e-03  8.4292614e-03
   865 :  5.7584781e-03  2.1601993e-02  9.9505972e-03
   866 :  7.0776836e-02 -2.3234771e-02 -5.0483279e-02
   867 : -3.3096149e-03 -2.6640903e-03 -3.7617750e-03
   868 :  2.0733732e-03  1.3987448e-02  1.7634891e-02
   869 :  1.2790281e-02  1.3252869e-02 -1.9648786e-03
   870 :  2.4510631e-02 -3.3612146e-02  9.2117378e-02
   871 : -1.1618715e-02 -2.8477439e-02  4.7102378e-03
   872 : -3.2940603e-03 -1.1485506e-02 -1.6438175e-02
   873 : -5.9728726e-03 -2.9238399e-03 -1.7747939e-03
   874 : -1.6223168e-03 -2.7624842e-03 -6.3224299e-03
   875 :  3.9671594e-05 -1.3588309e-05 -2.1781172e-05
   876 : -4.0338408e-05  1.1515979e-04  7.8434762e-05
   877 :  9.0725229e-13 -9.0161113e-13  8.5197663e-13
   878 :  7.0706356e-11 -1.8741242e-10  4.8934834e-11
   879 :  2.7450243e-05 -4.3860708e-05  1.2094333e-05
   880 :  1.1437345e-03 -1.7029530e-04 -5.3488503e-04
   881 : -1.1935031e-12  3.6754507e-13  4.2892004e-13
   882 :  6.6510138e-12 -3.4615678e-12 -1.0840201e-11
   883 :  2.3896494e-06  1.0428903e-06 -4.0390935e-06
   884 : -2.1713772e-05 -3.6545999e-05  3.2070022e-06
   885 :  1.0216556e-02 -1.8847285e-02 -1.9402817e-02
   886 : -1.9178621e-02  1.2567927e-02  1.1116445e-02
   887 :  3.7550189e-03  2.4903996e-02  1.0538954e-02
   888 :  8.5873734e-03 -1.4615456e-04  4.8058807e-03
   889 : -1.3740117e-03 -2.7826714e-03  7.0301566e-03
   890 :  4.7197754e-03  6.6265993e-03  9.5344498e-04
   891 : -4.1294434e-05  2.1701781e-05 -4.4124461e-06
   892 :  2.2275437e-04  5.9749574e-06 -4.6967609e-04
   893 : -1.5019012e-02  5.9039709e-02  1.8580006e-02
   894 :  1.0666705e-02  3.0476772e-04  3.9143876e-02
   895 : -1.2409515e-03 -4.2592505e-03  9.4463178e-03
   896 :  4.8550488e-03  5.9376144e-03  4.8118510e-03
   897 : -6.6273736e-06  1.6812046e-06  2.7032778e-06
   898 :  6.2526926e-06 -1.4108419e-05 -1.5452671e-05
   899 :  9.8559665e-03  4.6320967e-03  5.2808183e-03
   900 :  6.1428714e-03  9.9963075e-03  8.7897493e-03
   901 :  1.9660306e-02  1.1798418e-02 -6.2165394e-03
   902 : -6.0636401e-03 -1.0142065e-02  1.7275470e-02
   903 : -4.2235422e-03 -2.1473695e-03 -6.9288915e-03
   904 : -5.4893091e-03 -2.1477100e-03 -5.5428648e-03
   905 :  6.9774249e-03  8.3958451e-03  1.4718767e-03
   906 :  7.1202798e-03  6.4207001e-03  8.4295940e-03
   907 :  1.3649874e-02 -2.5288493e-03  7.7577564e-03
   908 :  7.1603223e-01 -1.2561696e+00 -1.3871799e-01
   909 : -2.2643094e-01  4.0987104e-02  4.9995040e-01
   910 :  1.8318249e-04  6.7721048e-03  1.7407961e-03
   911 :  9.9449133e-04 -8.3203124e-03  4.3391833e-04
