Number of elements 912
     0 : -2.5508607e-14  7.9149285e-15  4.6649155e-14
     1 :  3.0932063e-08 -5.8391653e-08 -3.9414404e-09
     2 : -2.6047087e-01 -1.5124206e-01 -1.6684093e-01
     3 : -3.3008503e-10  1.2221111e-10  5.8398815e-10
     4 : -5.1533172e-02 -3.1202655e-02 -3.3688408e-04
     5 : -2.6872193e-01 -1.1320158e-01 -7.7788754e-02
     6 : -1.2386137e-22 -2.3334906e-22  5.0862377e-22
     7 : -8.8855147e-08  8.3384812e-08  2.2504497e-08
     8 :  1.4939872e-06  2.5706131e-06 -1.2635490e-06
     9 :  8.2025938e-21  2.9913199e-20 -4.5976972e-20
    10 : -8.7866535e-07  4.0594360e-06 -1.5771742e-06
    11 :  4.4797959e-23 -1.1708141e-22  4.8034490e-24
    12 : -1.8760767e-01 -1.6526668e+00  1.2876046e+00
    13 : -9.6813248e-05  2.5850513e-05 -4.9768269e-05
    14 :  1.1641725e-11 -5.5478899e-11  1.1451247e-11
    15 :  8.9322825e-06 -3.8913165e-05 -3.7068365e-05
    16 : -4.5083672e-24  6.2610229e-24  4.8582617e-24
    17 :  9.0992875e-17 -7.6268917e-19 -2.9644906e-16
    18 :  2.7449456e-06 -8.8995293e-06  1.8991440e-06
    19 : -4.0085858e-28  4.8462675e-28  4.1919936e-28
    20 :  7.5084582e-17 -2.3389189e-16  7.4381270e-17
    21 :  8.4730805e-05  4.4740268e-04  5.0804942e-04
    22 :  2.0333796e-04 -2.2211467e-05 -1.0441957e-04
    23 : -4.7677039e-26  4.6245912e-26 -6.1146441e-26
    24 : -3.9320434e-08  1.4492547e-07 -1.9102404e-07
    25 :  2.7550600e-27 -4.8297479e-27  1.0077669e-27
    26 : -4.7225222e-08 -3.4865125e-07  1.3903806e-07
    27 : -8.3891905e-05 -4.3883184e-05  1.5900045e-04
    28 : -1.6364841e-05  1.4089102e-04 -7.5293995e-05
    29 : -6.4887419e-09  8.7119135e-10  2.4755280e-08
    30 :  1.1327372e-06 -4.5019332e-06  1.7169344e-06
    31 :  8.2988893e-11 -3.4265830e-11 -1.2411395e-10
    32 : -2.7789689e-22 -6.2376452e-22  1.4612291e-21
    33 :  4.0582309e-04 -1.5383875e-03 -8.8419169e-04
    34 :  1.3625765e-29 -9.5432197e-29  5.7736352e-29
    35 : -1.0206124e-10  4.1047079e-11  7.6604925e-12
    36 : -7.1993274e-02 -1.2524438e-01 -2.0318058e-02
    37 : -1.0873313e-02 -6.6669240e-03  2.8855774e-05
    38 :  9.8809292e-06  5.8722498e-04 -1.9701409e-04
    39 : -1.2797644e-08  1.4848101e-08  3.5979288e-08
    40 : -8.6027919e-09  1.7592499e-08 -1.2442861e-08
    41 : -1.3207595e-05 -1.8846749e-05 -6.1119703e-05
    42 :  3.6623845e-27 -8.1921799e-27  3.7099212e-27
    43 : -2.0588177e-15  2.0856266e-15  2.3919289e-15
    44 :  8.7716280e-04  5.8976994e-04 -6.6602040e-03
    45 : -2.8152499e-12  2.0226292e-12 -1.9155795e-12
    46 : -5.4621512e-12  3.2014085e-12 -2.5586476e-12
    47 : -1.3525980e-21 -1.8477815e-21  5.2315193e-21
    48 : -4.5706487e-24 -3.5996020e-23  1.1934514e-23
    49 :  3.5889732e-06 -1.9953377e-05  7.7216042e-06
    50 : -4.8308735e-04 -1.5895739e-03  4.8388024e-04
    51 : -5.2556915e-02  9.9646487e-02  5.5433447e-02
    52 :  2.6149071e-06 -6.5226456e-07 -5.5905281e-07
    53 : -4.6178045e-22  3.0131964e-22 -1.6867192e-22
    54 :  9.5845859e-06  1.2401617e-04 -1.8034229e-04
    55 :  7.8209517e-05  6.2557342e-05 -3.4006141e-05
    56 : -5.8220296e-02 -1.2409091e-01 -1.3705718e-01
    57 :  4.8150915e-06  2.7133202e-05 -8.8269728e-05
    58 :  3.3551408e-02  3.9638714e-02  3.1222311e-01
    59 :  2.6153172e-06  5.0027008e-06 -2.2699712e-06
    60 : -1.4472707e-04  7.2766248e-04  9.1014339e-04
    61 :  7.8012795e-02  3.3332131e-02  1.1663945e-01
    62 : -3.9427967e-07 -1.5744384e-07  2.2753075e-07
    63 : -3.4964336e-03 -3.0395841e-03  1.0090754e-03
    64 :  2.9496952e-07 -2.9488331e-07 -3.8326534e-07
    65 : -2.6849935e-09  1.7422636e-08 -6.6589113e-09
    66 : -4.9168594e-11 -2.1268429e-10  5.4386341e-11
    67 :  4.6654834e-23 -3.2002546e-23 -7.3880098e-23
    68 : -1.6062774e-23  4.8934446e-23 -8.1757577e-24
    69 :  5.8986578e-23 -5.0342180e-23 -7.7932351e-23
    70 : -7.4650097e-13  9.3679543e-13  9.8370244e-13
    71 : -1.7408988e-03 -3.8774524e-03 -2.7632301e-03
    72 :  2.5418938e-25 -8.7258248e-25  2.8384216e-25
    73 : -2.2037593e-03 -5.6390067e-03 -8.1203967e-03
    74 : -1.2135909e-17 -1.0211996e-17  8.9441510e-18
    75 : -2.3721451e-18 -9.9320340e-18  6.2606181e-18
    76 : -4.2863536e-25  8.3528131e-25 -2.1329306e-25
    77 :  9.2020141e-19 -3.3992766e-18  5.6950682e-19
    78 :  5.2635303e-21 -2.0570000e-20  4.8560633e-21
    79 : -3.6640642e-15  2.4156296e-15 -3.6068608e-15
    80 : -4.2695556e-34 -1.4758941e-33  7.2256754e-34
    81 : -2.3649083e-22 -1.0776771e-21  5.2429177e-22
    82 : -2.6319882e-01 -8.9506510e-01 -2.6059838e-01
    83 : -1.7753751e-28  2.4941275e-28  1.6414294e-28
    84 : -7.1250183e-28  1.3431318e-27 -1.8184610e-28
    85 : -1.9921703e-01 -1.1803117e+00  1.0023549e+00
    86 :  5.1464594e-17  1.1879509e-16 -3.3756859e-16
    87 : -2.6672561e-16 -1.8671932e-15  1.9620904e-15
    88 : -1.3002657e-09 -1.2826260e-09  1.2305063e-09
    89 :  4.2767724e-02 -4.4143313e-03 -1.5882667e-02
    90 :  8.8029575e-26  2.3196207e-25 -1.5604940e-25
    91 : -7.9734527e-02 -6.6268975e-02 -2.4992994e-02
    92 : -4.8733059e-12  7.0492577e-12 -2.8082526e-12
    93 :  1.6921583e-32 -1.6306088e-33 -9.5689566e-33
    94 :  5.9634506e-15  5.8036209e-15 -8.5126768e-15
    95 : -3.4104363e-23  8.6771023e-24  1.6679732e-23
    96 : -2.3196564e-10  3.9672164e-10 -5.7265098e-10
    97 :  1.2537167e-11 -8.1587807e-12 -1.7402383e-11
    98 : -8.0059414e-02 -5.6008410e-02 -4.7998347e-02
    99 :  9.2352557e-22  9.5023164e-21 -4.7475948e-21
   100 :  2.1498738e-22 -6.5032276e-23 -3.9200001e-22
   101 :  2.5037393e-09  1.0778280e-10 -1.3901933e-09
   102 : -5.5787177e-06 -1.8823769e-05  1.0501334e-05
   103 : -3.2319615e-30  8.0237086e-30 -1.3048255e-30
   104 :  1.9124397e-13  2.7231016e-13 -5.5324182e-14
   105 :  5.6429817e-06 -1.1927603e-06 -1.3444630e-06
   106 :  2.5624094e-08 -1.4622413e-08 -2.5165256e-08
   107 :  2.5028814e-08 -1.2027765e-07  4.3130006e-08
   108 :  3.8094332e-08 -9.6363099e-08  8.5913281e-08
   109 :  7.4179068e-06  1.1409045e-05 -3.7329875e-05
   110 :  3.0921315e-04 -9.8024121e-03 -1.8123592e-03
   111 : -3.4154558e-07  3.5686793e-08  1.1444835e-07
   112 :  1.2531876e-20  8.2783139e-20 -1.0872053e-19
   113 : -4.3018602e-02  9.9021100e-02  9.1501668e-02
   114 : -1.6420651e-11  6.2483286e-12  2.0165813e-12
   115 : -3.0342160e-05 -8.7898599e-05  3.8521544e-05
   116 :  7.3933397e-04 -2.3604949e-03 -2.3459161e-03
   117 : -7.9165822e-02 -1.1968945e-01 -6.6189559e-02
   118 : -2.4227141e-01 -1.0856346e-01 -2.5651179e-01
   119 :  2.3101058e-24  3.0667035e-24 -7.5946724e-24
   120 :  1.4395259e-11 -7.9033596e-12  3.4989187e-12
   121 : -9.6506583e-19  1.2404328e-17 -7.3116397e-18
   122 : -6.1796589e-06  5.3873231e-05 -3.1126726e-05
   123 : -1.6865447e-29 -3.2954994e-29  5.6271343e-29
   124 : -9.3614981e-22  6.1905160e-22  1.2710225e-22
   125 : -1.8086886e-32  5.3040983e-32 -1.6929759e-32
   126 : -5.6030051e-17 -4.2378868e-17  1.3368297e-16
   127 : -3.7843299e-20 -1.2693266e-17  1.1895640e-17
   128 :  1.0922667e-05 -4.5876511e-05  1.3199693e-05
   129 : -1.0856234e-14 -9.8795951e-15  5.0548569e-14
   130 :  8.3356017e-02  6.9201694e-02 -2.6977112e-02
   131 : -2.2084546e-04 -5.9120918e-06  6.8488773e-04
   132 : -8.9210494e-05  2.9797668e-04 -5.8785152e-05
   133 : -4.3636755e-03  2.5347435e-02 -5.8257709e-03
   134 : -8.3850026e-05  3.2046871e-05 -1.7947088e-05
   135 : -1.1819691e-06  1.2339846e-07  2.1428689e-06
   136 :  2.7675944e-08 -3.2947116e-08 -5.2267099e-11
   137 : -3.7703498e-06  8.5514419e-06  4.0872681e-06
   138 : -5.2459676e-08  3.7217024e-07 -3.1104256e-07
   139 :  2.9120971e-09 -1.7527773e-07  8.1890771e-08
   140 :  1.8159047e-19 -3.3495388e-19  6.7654104e-20
   141 :  1.9629536e-18 -1.8364146e-18 -2.9978509e-18
   142 : -1.2829651e-07  2.4952575e-07 -5.5447606e-07
   143 :  1.1624403e-24 -5.9677147e-24  4.3990638e-24
   144 :  3.2803068e-08  2.0735884e-08 -1.7698758e-08
   145 :  1.0680258e-10 -1.9515399e-10  1.7758524e-11
   146 :  5.1862389e-13 -2.7659180e-13 -9.0901287e-13
   147 : -8.6411887e-24 -7.7607122e-25  3.6845564e-24
   148 :  4.4246772e-14  4.2186225e-14 -1.4017701e-13
   149 : -8.6982239e-04 -1.2681659e-02 -1.0631217e-02
   150 : -1.7311195e-10 -1.0715178e-10  6.6389003e-10
   151 : -1.9510296e-17 -7.1946404e-18  5.5222919e-17
   152 :  5.6988220e-15 -1.3296051e-14  1.7888241e-15
   153 : -4.9160635e-02 -1.2120678e-01 -1.4162223e-01
   154 :  8.3497817e-33 -1.1693582e-32 -4.9076623e-33
   155 : -3.8105466e-24  5.9343963e-24  2.5785109e-24
   156 : -9.8171625e-26  1.1004142e-25 -9.0408205e-27
   157 : -9.8324077e-12  1.7316307e-11  5.8091474e-12
   158 :  1.9615437e-07 -9.2829812e-07  2.2444231e-07
   159 : -3.8502725e-11 -1.3619663e-09  7.2359295e-10
   160 :  2.4961162e-31 -1.1173289e-31 -6.9133942e-32
   161 : -3.7584534e-30 -4.6200668e-30  1.3680010e-29
   162 : -4.7541367e-03 -1.9223896e-02 -2.2422886e-02
   163 :  1.6815209e-05 -1.1681143e-06 -6.5970815e-05
   164 : -5.5222811e-17 -1.4407437e-16  2.8675822e-16
   165 : -5.4393400e-09  3.3795046e-08 -2.5287041e-08
   166 : -1.9730389e-25  9.4573891e-26  3.4116077e-25
   167 :  9.6896570e-07 -6.4017555e-07  7.8914872e-07
   168 : -1.6053018e-04  4.7392328e-04 -1.1720886e-04
   169 : -7.3552280e-01 -2.7747367e-01 -3.4511087e-01
   170 :  8.3210547e-23  9.1025450e-24 -1.1252972e-22
   171 :  1.2667473e-23  1.7273046e-22 -3.6613489e-22
   172 : -3.2370326e-04  9.5589868e-04  6.3559260e-04
   173 :  3.8538556e-06  9.4139692e-06 -3.1562713e-05
   174 :  2.1540419e-07 -2.8924962e-07 -2.6210063e-07
   175 : -9.2523649e-13  2.5133673e-13  1.8384260e-13
   176 : -8.8153757e-21  7.7057441e-21  1.3300474e-20
   177 : -1.7963801e-08  2.3260793e-07 -1.6967275e-07
   178 : -1.7341731e-01  2.7202076e-02 -3.2817579e-01
   179 :  2.6127364e-07 -6.2554901e-07 -1.9202149e-07
   180 :  1.9853919e-24 -1.3858373e-25 -4.2904115e-24
   181 : -1.6210480e-04  9.8964240e-05  4.1279553e-04
   182 : -5.9738501e-15 -7.7957233e-15  2.7249632e-14
   183 : -1.7485502e-03  2.9367051e-03 -6.7812710e-03
   184 : -6.8879969e-33  3.7183814e-31 -1.6552498e-31
   185 :  5.9049180e-17 -1.0329392e-17 -2.1002924e-17
   186 : -2.1018124e-11 -9.5581597e-12  4.1495755e-11
   187 : -3.1720012e-07  8.8004223e-07 -6.3033996e-07
   188 : -1.0026748e-01 -1.0201305e+00  6.3504296e-01
   189 :  1.3559597e-06  7.5140591e-06 -8.6270282e-06
   190 : -6.5894646e-09 -3.8188236e-08  2.0501896e-08
   191 :  7.9391637e-30  4.0238448e-31 -2.0561568e-29
   192 :  1.4646873e-03 -5.3685733e-04 -4.5473906e-03
   193 : -8.5642386e-02 -4.0158407e-02  1.4590264e-03
   194 : -1.0766194e-01 -4.6879667e-01  1.2463671e-01
   195 : -7.3988020e-13 -2.3082118e-13  3.8191916e-13
   196 : -1.1385921e-24  1.5075799e-24  1.1571669e-24
   197 :  4.6340442e-25 -7.7472734e-25 -1.5659014e-25
   198 : -4.3516242e-10  3.3651125e-11  3.9316067e-10
   199 :  2.2720655e-01 -1.0260194e-02  1.3731782e-01
   200 : -9.4511494e-24 -3.0343941e-23  5.8815432e-23
   201 :  3.2787259e-04 -2.0333324e-04  5.1470340e-04
   202 : -1.7639828e-11  6.5313759e-12  1.9242819e-12
   203 : -9.7853119e-27 -2.2914403e-27  5.2529358e-27
   204 :  2.4509244e-12  3.3118664e-12 -8.8758680e-12
   205 : -3.9291960e-05  2.7738796e-04  6.0996735e-05
   206 :  1.5249945e-26 -6.4931852e-27  4.8109356e-28
   207 :  1.7925848e-25 -2.1375317e-25  2.8447015e-25
   208 :  1.8678636e-18 -1.5596694e-18 -4.8059522e-18
   209 : -2.0018277e-01 -6.0192855e-02 -5.2803005e-02
   210 :  2.4221949e-12 -3.0890452e-12 -2.1309250e-12
   211 : -5.5663787e-27 -7.3268373e-27  2.2952909e-26
   212 : -1.2249871e-06  4.5624685e-06 -1.0033971e-06
   213 : -1.9956300e-24  2.1033420e-24  6.9325500e-25
   214 : -5.3073639e-03  5.9676814e-03 -1.1553463e-02
   215 : -1.5248886e-01 -7.4711751e-02 -5.5282986e-02
   216 : -5.4672905e-07  8.5544158e-07  1.9163562e-07
   217 :  1.0540686e-32 -1.2275199e-31  5.2762047e-32
   218 : -6.1613867e-20 -5.9865449e-20  2.2464518e-19
   219 : -3.0649935e-05 -6.9837592e-05  5.2749685e-05
   220 :  3.0370006e-16 -1.3473428e-16  1.2043273e-16
   221 : -3.7266980e-21 -1.1235960e-21  8.7992358e-21
   222 :  9.5704190e-02  1.9976128e-02  8.6421521e-02
   223 : -7.3314732e-03  8.7439144e-03 -7.7266828e-03
   224 : -3.6076952e-10 -2.0378029e-10  9.9377935e-10
   225 : -9.6708898e-17  5.0955114e-16 -6.0010760e-17
   226 :  1.7931380e-21 -8.2609634e-22 -5.0281775e-22
   227 :  3.0172452e-12 -4.4806024e-13 -8.9032813e-13
   228 :  5.6325012e-10 -4.5663905e-10 -2.0791868e-10
   229 : -2.7738327e-14  5.4777941e-14 -1.5853577e-14
   230 :  6.0590410e-22  6.0552184e-22 -4.8824352e-22
   231 : -1.7560521e-22  6.9703731e-22 -2.9335111e-22
   232 : -9.5855859e-31 -8.3155624e-31  8.2280857e-31
   233 : -4.4220090e-21  7.0866338e-22  8.7814605e-21
   234 : -2.5182401e-02  9.1203971e-02 -3.5976667e-02
   235 :  1.0202652e-03  1.2861321e-03 -6.6872400e-03
   236 :  1.3827253e-20 -9.5646532e-20  5.4396583e-20
   237 :  1.8883752e-18 -5.3164013e-18  3.6457715e-18
   238 : -2.1816895e-28 -1.2925087e-29  1.1294362e-28
   239 :  1.4164887e-21 -4.3630414e-21  7.7649066e-21
   240 : -1.0746911e-25  2.7929841e-25 -2.0060577e-26
   241 : -4.8838453e-05 -7.6329340e-05  2.1008394e-05
   242 : -2.6206110e-05 -9.5415521e-06  4.0930242e-05
   243 :  9.4533971e-02  3.4973735e-02  7.8322059e-02
   244 : -3.7734460e-03 -2.3063193e-03 -1.4072218e-03
   245 : -4.6482257e-21 -1.2455001e-20  3.6084589e-20
   246 : -1.1015826e-05  2.2153091e-06  3.2410921e-06
   247 :  5.7944594e-02 -2.5858994e-02  5.5775778e-02
   248 :  6.8432550e-31 -1.3566163e-30 -9.0029768e-32
   249 :  1.4890205e-15 -1.3489570e-15 -2.7959803e-15
   250 : -1.5156908e-05  5.3512618e-06  8.6521028e-06
   251 :  1.7845001e-10 -2.0531054e-10  1.0331782e-10
   252 :  7.8524430e-22 -7.0489299e-22 -2.3540397e-22
   253 :  1.6951501e-27 -4.9657434e-28 -4.3746783e-28
   254 :  5.2413557e-02  1.0505464e-01  9.3351335e-02
   255 : -1.0900126e-11 -3.4929589e-13  3.8258850e-12
   256 :  1.0159307e-05  4.7305002e-06 -2.4983095e-06
   257 : -6.0667928e-03 -3.1232579e-03 -6.2290343e-03
   258 :  1.6072200e-13 -1.4728395e-12  1.4202698e-12
   259 :  2.8142128e-18 -8.7966350e-18  2.1170891e-17
   260 :  2.1212351e-05 -1.6978870e-05 -3.6985464e-05
   261 : -1.7945199e-11 -1.4476162e-11  7.2519443e-11
   262 : -1.4227593e-20 -5.2958235e-21  3.2527862e-20
   263 :  3.0683406e-23 -4.8521194e-23 -1.9226231e-23
   264 :  4.0540850e-11 -2.8972564e-11  4.4606989e-11
   265 : -5.3863586e-05  3.5646378e-05 -9.2028359e-05
   266 : -4.6909546e-15 -7.8574983e-15  4.4880817e-15
   267 :  4.6915016e-14 -1.3638423e-13  4.0125441e-14
   268 :  3.1230915e-25  3.7121020e-24 -8.5903029e-24
   269 :  5.2334093e-02 -2.5676944e-02  1.1855735e-02
   270 :  3.1860575e-13 -4.5627033e-13 -2.4263442e-13
   271 : -9.8740546e-05 -9.4925246e-05  2.3040758e-04
   272 : -4.6292918e-14 -1.4875451e-14  1.1121233e-13
   273 : -8.0602098e-23  5.2412102e-23  1.1577445e-22
   274 :  4.1084167e-06  6.4888010e-06 -1.9779309e-05
   275 :  1.0077137e-19  1.0800015e-18 -1.6857685e-18
   276 : -5.7547688e-04 -5.5148881e-04  1.4604515e-04
   277 : -1.3782185e-20  2.1479121e-20  1.0940717e-20
   278 :  2.8921337e-06  4.4878787e-06 -1.5426121e-05
   279 : -4.7735840e-11  4.1732650e-11  7.4244335e-12
   280 : -2.6753073e-01 -1.8385471e-02 -5.7099148e-02
   281 : -8.3148545e-11  1.4186162e-10  1.1997510e-10
   282 : -3.5237595e-15  2.4416719e-15 -1.8474334e-15
   283 :  1.1060866e-18 -1.6663652e-18 -6.5304381e-19
   284 :  8.6762260e-21  4.5129587e-20  1.1690098e-19
   285 :  1.3740107e-03  3.1353476e-02  1.5696458e-01
   286 : -4.6701340e-06  4.2172495e-06  1.1070029e-05
   287 :  2.1477622e-11  5.3475494e-08  2.1829071e-08
   288 : -7.6741259e-02 -2.7907809e-02 -5.3540305e-02
   289 : -9.0196298e-09 -2.6502318e-09  2.8208616e-08
   290 :  3.6154996e-03 -4.5272247e-02  4.9683888e-02
   291 :  2.7241399e-11 -3.7731217e-11  5.5849123e-12
   292 : -1.7385790e-03  1.6115623e-03  5.8450643e-02
   293 :  6.9399608e-19  1.1184469e-18 -2.8773323e-18
   294 : -1.6370892e-06 -1.9859876e-07  1.6857111e-06
   295 : -4.4858231e-26 -4.2587652e-26  3.7296244e-26
   296 :  2.9323567e-04  6.3572796e-04 -1.9048597e-03
   297 : -2.7403915e-09  8.3347884e-09 -6.9359736e-10
   298 :  7.0438018e-10 -5.3482099e-10  1.3518462e-10
   299 : -1.2320819e-29  9.0805552e-29 -1.2567085e-28
   300 :  5.7861332e-04  2.8700998e-04 -1.5072914e-04
   301 :  3.3545424e-12  1.0849440e-10 -4.3612701e-11
   302 :  2.4805414e-06 -9.8521860e-06  4.9629424e-06
   303 :  2.0261228e-08  1.8127597e-07 -1.0812516e-07
   304 : -1.0369826e-06 -5.8048876e-07  1.9153716e-06
   305 :  6.6197127e-12 -4.7972977e-12 -9.6877358e-13
   306 : -6.5930109e-03 -5.3875484e-03 -4.2564857e-03
   307 : -5.3295459e-07 -5.2673895e-08 -1.2493375e-07
   308 :  3.1915019e-11  7.7341527e-11 -2.0570459e-10
   309 :  1.3560374e-29 -1.1785057e-27  5.7247808e-28
   310 : -4.8483233e-09  7.2361643e-10  1.3233158e-08
   311 : -3.1312216e-06  7.4517844e-07  6.5913741e-06
   312 : -2.9540171e-25 -3.8813717e-25  6.1029557e-25
   313 : -9.2203883e-18  2.9461408e-17 -7.6660018e-18
   314 : -2.5446403e-28 -2.5556593e-28  8.3082177e-28
   315 :  2.5904097e-21  1.5485425e-20 -7.9024218e-21
   316 :  1.8988760e-03 -8.6385587e-03 -3.8640140e-03
   317 : -9.0690460e-29  2.4126841e-28 -1.9071450e-29
   318 :  1.5755787e-04 -5.4157536e-05  7.7231396e-05
   319 : -1.1842076e-04  1.2063753e-04  1.4323786e-05
   320 : -4.3077796e-01 -2.5687969e-01 -6.5585715e-02
   321 : -6.4618276e-03 -1.0502221e-02 -1.8452141e-03
   322 : -1.5043331e-27  3.6892017e-27 -5.8322717e-28
   323 :  1.2960448e-30 -4.2005094e-30  1.4561536e-30
   324 :  8.0712132e-20 -2.0662240e-19  4.7858551e-20
   325 : -3.4837072e-18 -2.8164076e-18  1.8579895e-17
   326 :  2.3782321e-01  5.7253788e-03 -9.5091091e-03
   327 : -5.8892626e-01 -4.2421043e-01 -6.0707504e-01
   328 : -3.9124309e-05  1.1859284e-05  8.8591102e-06
   329 : -1.8949320e-20  4.6374113e-19 -2.2122668e-19
   330 : -4.3615045e-32 -1.6300241e-29  1.6399848e-29
   331 : -1.0077414e-13  5.3484255e-13 -7.2308713e-13
   332 :  5.7656201e-07  2.7967269e-07 -3.5321146e-07
   333 :  8.3018679e-18 -5.6697054e-18  8.0606426e-18
   334 : -2.1324658e-04  6.4539718e-04  1.1676464e-04
   335 : -9.1582275e-07  2.1297425e-06  1.4430986e-07
   336 :  6.5341235e-06 -9.4020537e-07 -1.2504676e-05
   337 : -1.4307794e-26  3.7423496e-26 -1.1998724e-26
   338 : -2.3289505e-05  1.3253418e-05  5.9408132e-06
   339 :  4.0052395e-19 -5.2672496e-19 -5.0810418e-19
   340 : -2.1839451e-05  1.6340514e-04  8.1389650e-05
   341 : -3.0222459e-25  3.1361399e-25 -8.7054776e-27
   342 :  1.0271997e-21 -1.7047300e-21 -6.6523776e-22
   343 : -1.7993749e-10  1.2876537e-10  1.9136537e-11
   344 :  2.0856929e-04 -4.4707503e-04  2.1424045e-04
   345 : -6.5525645e-02  4.8124941e-02  1.0433134e-01
   346 :  8.8299842e-21  6.8901794e-21 -6.7586479e-21
   347 :  3.2811705e-04 -2.2143912e-04  1.4347748e-04
   348 : -4.3275856e-11  5.8718134e-11 -1.0714693e-11
   349 :  9.0184342e-12 -7.1951336e-12  5.3997375e-12
   350 :  6.1524976e-04 -1.6012396e-04  2.1458698e-04
   351 : -6.0112796e-17 -4.1457528e-17  3.9451545e-17
   352 :  3.4196917e-04 -2.0719724e-04  1.7085213e-04
   353 : -1.3507468e-06  3.0235798e-06 -9.0048432e-07
   354 : -3.2867309e-02  3.3189498e-02 -5.7712239e-02
   355 : -3.3965372e-02 -1.4276256e-02 -7.1006712e-02
   356 :  1.3872197e-26 -1.6530978e-26 -1.1525518e-28
   357 :  1.3241177e-04  1.5950462e-03 -4.9693970e-03
   358 : -1.2802863e-12 -3.0462028e-13  3.0251385e-12
   359 : -2.2973195e-32  6.1261597e-32 -1.9475307e-32
   360 :  3.4947005e-05 -4.9850919e-05 -8.6847220e-05
   361 : -1.6934579e-15 -1.5143101e-15  1.2037791e-15
   362 :  4.6677281e-12 -2.7762144e-11  5.2873851e-11
   363 :  4.8995761e-14 -4.1827162e-14  6.2593441e-14
   364 :  1.0431249e-15  1.4367180e-14 -5.1380899e-15
   365 : -1.4784024e-10  4.9816305e-11  1.6882778e-11
   366 :  1.1454383e-24  3.5161731e-23 -3.6044199e-23
   367 : -6.3551356e-09 -3.8766708e-09  1.5932140e-08
   368 : -3.1396778e-05  1.1324956e-04 -2.4439446e-05
   369 : -2.3813675e-11 -7.3953718e-11  1.5320252e-10
   370 : -1.3737177e-13  3.1176677e-13 -3.1017506e-14
   371 : -9.8800920e-25  3.5311536e-25  1.2954415e-25
   372 : -6.0707867e-11  1.2333788e-10  5.4409726e-11
   373 : -5.7775485e-07 -3.8153207e-07  1.5327508e-06
   374 :  1.7970056e-02  7.1546025e-02  7.6933035e-02
   375 :  3.8095800e-17  5.2350281e-17 -3.3167982e-17
   376 :  3.1535409e-27  1.1095711e-26 -1.7776357e-26
   377 : -1.3668766e-09  8.9029032e-10 -2.5460620e-10
   378 :  2.6416901e-14 -3.8257191e-13  2.1967795e-13
   379 :  9.6668059e-30 -2.8624719e-29  9.9915533e-30
   380 :  2.9539463e-02  3.7673145e-03 -8.1226013e-03
   381 : -9.2208399e-13 -9.3603668e-13  6.1497830e-13
   382 :  4.2860111e-18 -3.5451952e-17  2.8674624e-17
   383 :  7.2203088e-04 -9.7305656e-05  7.0211226e-04
   384 :  2.1480166e-16 -7.4165454e-16  2.1083731e-16
   385 : -2.2483197e-06  3.1515609e-06  3.6660045e-06
   386 :  2.2675356e-04 -3.1311490e-03 -5.9575701e-03
   387 :  9.5505859e-19 -5.3544996e-19 -1.7148040e-18
   388 : -1.0301307e-01 -1.2806960e-01  4.8570652e-02
   389 :  7.4059449e-16 -1.6619961e-16 -1.0133138e-15
   390 :  6.6347016e-06 -1.6863400e-05 -1.1783545e-05
   391 : -8.8957148e-13 -1.3263967e-13  4.1131684e-13
   392 :  9.4525982e-04  6.0208599e-04  8.0369801e-04
   393 :  2.1767751e-03 -1.6581487e-03 -6.2576742e-03
   394 :  2.6424989e-16  3.1755141e-16 -9.7890047e-16
   395 :  1.7160293e-09 -2.4510453e-10 -1.5607531e-09
   396 : -6.0175935e-30  9.0436660e-30 -1.3661081e-29
   397 :  9.5703474e-04 -4.2146068e-03  1.2654047e-03
   398 : -3.0435032e-07 -7.6526542e-07  3.4258594e-07
   399 : -1.2514845e-03 -9.7144693e-03  2.7111961e-04
   400 :  8.0310477e-08  3.5595074e-08 -7.4455210e-08
   401 : -1.4119435e-06  2.5640674e-06  1.6471673e-06
   402 :  5.1341460e-15 -4.7743521e-16 -1.7122006e-15
   403 : -1.6851689e-14  7.7792629e-14 -2.4700768e-14
   404 : -3.0293421e-24  9.9208588e-25  7.7830590e-24
   405 :  5.3528873e-10  5.1431145e-09 -3.6543177e-09
   406 :  3.9248818e-05 -9.2245894e-05 -5.1861519e-05
   407 : -8.0425916e-03  2.6463961e-03 -4.1496419e-03
   408 :  2.2116888e-02 -1.1745072e-02 -6.7121895e-03
   409 : -2.7926118e-08  6.7627424e-08 -1.3151061e-08
   410 : -8.5874545e-02 -1.5063720e-01 -1.5419019e-01
   411 : -3.1756602e-09  2.4074951e-08 -5.9355829e-09
   412 : -1.0432576e-06  1.1514567e-06  1.9941239e-06
   413 :  1.4315619e-26 -1.3281495e-26 -8.2320693e-27
   414 : -5.7648646e-02  3.2945064e-02 -6.2065993e-02
   415 :  1.4077906e-07 -8.5923262e-08 -2.3515053e-07
   416 :  2.4035362e-19  4.8456700e-19 -1.4125916e-18
   417 :  1.7215494e-04 -1.1749930e-04  4.6436022e-04
   418 : -1.0037219e-02 -6.6129654e-04  1.5613445e-02
   419 : -2.5236929e-24  4.7156670e-24 -9.5464512e-25
   420 : -3.2954908e-24  3.0027481e-23 -1.8323524e-23
   421 :  4.5067481e-20 -2.7580222e-19  1.7549141e-19
   422 : -9.6244032e-12  7.8985228e-12  4.8126018e-11
   423 : -4.7233607e-09  2.9407643e-08 -9.3428911e-09
   424 : -1.2018481e-15  1.0730475e-15 -5.9255678e-17
   425 :  1.0114178e-20 -2.2796050e-19  1.1684889e-19
   426 : -3.7659587e-14 -8.0044139e-14  5.4904854e-14
   427 : -6.4225966e-15 -1.4025893e-14  3.5659536e-14
   428 :  3.9155329e-15 -7.5398246e-15 -2.6602191e-15
   429 : -5.8227018e-07 -5.5606201e-07  2.7673028e-07
   430 :  5.2523793e-06  2.0814738e-06 -2.4908295e-06
   431 : -2.2668529e-09  5.4921199e-09 -4.7441137e-09
   432 :  3.3510199e-10 -1.8528809e-10  2.1912164e-10
   433 : -7.2159143e-27  1.7720019e-26 -2.2531164e-27
   434 :  8.2324778e-02 -1.8777213e-02  1.5854368e-02
   435 : -1.8560346e-08  1.1963735e-08 -9.9043685e-09
   436 :  3.7165373e-17  1.7241654e-16 -2.8833888e-16
   437 :  1.8366663e-04 -2.0656895e-04  3.2308300e-04
   438 : -6.5477884e-05  2.3601360e-05 -2.7751663e-05
   439 : -2.3718286e-03  2.2609020e-03 -3.8847703e-03
   440 : -6.0287306e-21  2.2920797e-20 -8.2810175e-21
   441 : -1.2544631e-28  7.4079951e-29  6.3996904e-29
   442 :  4.4376120e-04  7.6214743e-05  3.8934436e-04
   443 : -1.8989155e-10  4.3309769e-10  1.3773182e-10
   444 :  1.7531680e-04  6.1477384e-05 -6.1166150e-05
   445 : -7.2969448e-12  2.4746167e-12  9.6905037e-13
   446 : -7.8698890e-03  3.6123203e-02  7.8035386e-02
   447 :  7.3140861e-13 -7.8975790e-13  1.1187365e-12
   448 :  4.1626916e-08  9.4038399e-08 -1.0142784e-07
   449 :  8.6067442e-26 -1.7518983e-26 -1.7110568e-25
   450 : -2.1688807e-29 -8.8587653e-28  9.5814774e-28
   451 :  5.6200566e-02  7.3647621e-02  1.2614546e-01
   452 : -4.1775421e-02 -8.0395985e-03 -1.6274396e-02
   453 :  2.4096976e-02  6.2435859e-02  1.0800356e-01
   454 :  2.2048758e-03 -3.1719594e-03  1.1552107e-03
   455 :  5.5841919e-15 -5.5402948e-15  2.9771821e-16
   456 : -1.8134013e-07  1.1184943e-07 -1.2013748e-08
   457 :  5.5100897e-29 -1.7218389e-28  3.6663202e-29
   458 : -3.3649030e-14  7.9599037e-13 -3.0260783e-13
   459 :  6.7917075e-08  3.2594551e-08 -1.3732555e-07
   460 :  9.6716540e-09  2.4948088e-07 -4.3814910e-07
   461 : -5.0818699e-13  4.1398094e-13  7.9257844e-13
   462 : -1.0215846e-10  1.8249216e-10  1.0644144e-10
   463 :  1.0488890e-19  6.0809606e-20 -2.5349761e-19
   464 : -9.4358323e-05 -8.3324916e-05  2.9521084e-05
   465 :  2.7522876e-07 -6.0576188e-08 -1.4264212e-07
   466 : -5.3896574e-03  9.4411122e-05  1.8665126e-03
   467 :  3.0735907e-21 -9.2480764e-23 -3.7030154e-21
   468 :  8.4392884e-19  1.9647965e-18 -9.1065942e-19
   469 :  4.5555292e-29 -4.6570988e-29 -4.6833648e-29
   470 : -4.6338979e-27  4.8008499e-27  3.2922791e-29
   471 : -2.9827398e-17  1.0210869e-16 -7.4135334e-17
   472 : -3.3869047e-21  1.0414362e-19 -1.0397962e-19
   473 :  3.1579453e-06  2.6931820e-06 -9.5869417e-06
   474 :  1.6501657e-23  3.3471855e-23 -7.4809414e-23
   475 :  3.9406335e-16 -7.9006212e-16  1.3707624e-15
   476 :  4.5211412e-16 -1.0020966e-15  2.4531687e-16
   477 : -3.1852935e-30  3.2060494e-30 -4.7199408e-30
   478 :  2.1011224e-07 -2.9328212e-07 -1.5801460e-07
   479 : -2.1016310e-31  6.8974309e-31 -2.7078845e-31
   480 :  1.5833055e-02  1.5297052e-02  8.6147318e-02
   481 :  2.3846640e-15  2.0623043e-14 -5.1278425e-14
   482 :  6.5275890e-23 -2.8175395e-22  9.6818010e-23
   483 : -2.7321102e-03  4.8320315e-03  2.7148205e-02
   484 :  5.0645846e-08  2.5141991e-08 -1.6789130e-08
   485 :  4.2903931e-08 -8.0978677e-08 -3.1516889e-08
   486 : -3.8911701e-02 -6.1054214e-02 -2.8204935e-02
   487 :  4.1700948e-07 -4.8919238e-07  5.9894445e-07
   488 :  9.3723365e-02  4.9752224e-02  3.5736831e-02
   489 :  4.6594862e-24  2.5131119e-24 -1.2773681e-23
   490 : -3.3250171e-21 -5.9614360e-22  2.0080717e-21
   491 :  9.8477296e-23  9.4745754e-24 -7.6375518e-24
   492 :  4.5066223e-06 -5.5850188e-06  1.0464571e-05
   493 :  2.6877481e-04 -6.1158320e-04 -1.9855716e-04
   494 : -1.8246304e-03 -1.0959266e-02 -1.2486790e-02
   495 :  9.6590150e-10  2.6220820e-10 -2.8437062e-09
   496 : -2.6374574e-19 -3.2250952e-18  3.9190646e-18
   497 : -1.3663751e-27 -5.5289098e-28  9.1464535e-28
   498 : -2.1736518e-25  5.6648743e-26  6.9357931e-26
   499 :  2.1746587e-02  6.2328462e-02  4.9617035e-02
   500 :  2.2543026e-28 -7.5047667e-29 -4.1441999e-28
   501 : -4.6761611e-31 -1.4423024e-30  1.8715515e-30
   502 :  4.2766351e-06 -7.5490450e-05 -2.2470070e-05
   503 : -1.8645573e-05  8.5548925e-05 -1.7512322e-05
   504 :  3.1912898e-08 -9.1547003e-08  2.9494665e-08
   505 :  8.5995876e-02  1.8391089e-02 -1.9893227e-02
   506 :  6.7032971e-20 -1.9162650e-19  3.2580213e-20
   507 : -9.9955269e-19 -2.1300059e-18  4.8183756e-18
   508 : -3.2882011e-18  8.2958294e-18 -1.9766562e-18
   509 :  1.9880349e-06 -1.1650633e-06  9.7705569e-07
   510 : -2.5022396e-18  5.5207408e-18 -1.0421306e-17
   511 : -3.0633032e-13  1.1877382e-13  5.8928674e-13
   512 : -2.2020212e-14  6.6716675e-14 -4.8353589e-15
   513 : -3.0941908e-10 -6.1931523e-10  8.5165360e-10
   514 : -9.6133747e-09  2.0667806e-08 -5.1305275e-09
   515 :  7.8377893e-04  6.0093834e-04 -1.8738762e-03
   516 : -1.2489264e-18 -2.8900482e-18  1.9162651e-18
   517 : -6.2537467e-05  4.3322347e-04 -7.4817064e-04
   518 :  7.5859375e-09  1.9389841e-09 -1.1015024e-08
   519 : -1.5639431e-13  1.6054421e-12 -1.1273349e-12
   520 : -8.6929674e-11  1.6490663e-10 -2.2955111e-10
   521 :  3.5443048e-04 -1.4246837e-04 -5.4450441e-05
   522 : -6.8407578e-02 -9.6769545e-03 -1.2940887e-01
   523 :  1.0755853e-02 -1.2789752e-03 -4.4570225e-03
   524 : -7.0020876e-10 -1.7903765e-09  8.1748789e-10
   525 :  3.9064330e-08 -2.0127063e-08  3.4799271e-09
   526 :  3.8426549e-14 -1.0090885e-14 -8.3878062e-15
   527 : -2.7346650e-24 -6.7504623e-23  1.0032943e-22
   528 :  4.7480037e-02 -1.4773852e-01 -5.9540844e-02
   529 : -3.3905990e-06  3.0875196e-06  4.6378161e-06
   530 : -6.5970171e-03 -3.6950149e-03 -9.7311497e-03
   531 :  8.8465554e-06  2.7810139e-06  2.1922754e-06
   532 : -6.8714647e-14  4.0255809e-13 -1.8022241e-13
   533 :  2.0815242e-32 -9.5558679e-33  8.1693334e-35
   534 : -2.3051902e-33 -1.2953090e-32  3.3309380e-32
   535 :  3.5819855e-22 -1.3789427e-22 -5.6186612e-22
   536 : -4.2524364e-03  1.3117248e-03  1.3152213e-03
   537 : -1.8085747e-05 -1.5682470e-05  3.1864766e-06
   538 : -6.1369645e-07  2.8697527e-07 -1.0285779e-07
   539 : -1.2091214e-22  4.2376632e-22 -1.3659740e-22
   540 : -2.9983237e-20 -5.2457816e-20  9.8328749e-20
   541 :  5.6325907e-19 -1.2919338e-18  9.8060016e-20
   542 : -5.9529471e-10 -7.6424148e-10  2.5946637e-10
   543 : -8.1267097e-24 -1.0125182e-23  8.6145117e-24
   544 :  8.1475763e-10 -3.4957886e-09 -1.6973079e-09
   545 : -9.3702923e-17  2.4636611e-17  2.0477423e-16
   546 :  4.7135780e-02  7.0101539e-02  2.7510985e-03
   547 : -6.0994248e-22  1.4803604e-21 -2.4138162e-22
   548 :  1.0977289e-03  8.3246973e-04 -2.1602781e-03
   549 : -1.3768072e-18  8.5937588e-19 -1.2921541e-18
   550 : -1.4066321e-06  3.7296442e-06 -9.4221811e-07
   551 : -1.0079442e-03 -1.4873848e-03 -3.1940841e-03
   552 :  9.3833449e-05  3.0730993e-06  1.8993968e-05
   553 : -1.6493107e-05  3.3074041e-06  8.8133458e-06
   554 : -1.2963155e-17  5.1282020e-17 -1.5638386e-17
   555 : -2.3440019e-10  1.9591501e-10  1.9067684e-10
   556 : -1.1809826e-18 -1.0308726e-18  9.3147103e-19
   557 : -1.0326816e-01 -8.8866186e-02 -9.2393608e-02
   558 : -3.4550328e-06  2.8333512e-06  9.1170661e-06
   559 :  1.8908848e-04 -1.7364567e-04  1.0572441e-04
   560 :  4.7845180e-06  4.0126712e-07 -2.1797712e-06
   561 :  3.7819466e-02 -6.4178327e-02  3.0977199e-02
   562 : -1.1628736e-14  6.6051343e-14 -2.6574031e-14
   563 : -8.2477842e-28  7.4010351e-28 -9.1297061e-28
   564 : -1.3018492e-03 -2.2475373e-03 -3.8640870e-03
   565 :  1.0988985e-02 -1.0556675e-02  1.2886815e-02
   566 : -1.1854746e-20  6.9193615e-20 -6.5110912e-20
   567 : -6.3457615e-15 -3.6795204e-10  3.2452627e-10
   568 : -7.7134684e-05  2.5040706e-04 -1.8693595e-03
   569 : -3.4188193e-03 -1.8636614e-03  6.1598758e-04
   570 : -6.2328693e-17  1.2941727e-16  4.4813797e-17
   571 : -1.2114985e-10  8.5358883e-11  2.9015742e-11
   572 :  3.4797542e-30 -3.7716831e-30  2.5810308e-32
   573 : -4.1520450e-07 -7.6246504e-07  1.7916157e-06
   574 :  6.6902016e-07 -2.6620770e-06  5.4944064e-06
   575 : -6.4023323e-03  3.1015651e-02  2.9292372e-03
   576 :  1.0045242e-08  1.8251044e-08 -2.8098532e-08
   577 : -9.8092612e-02 -7.6244598e-02 -5.8690218e-02
   578 : -4.7013828e-32  8.8680123e-32 -8.5367050e-34
   579 :  9.0428420e-02  9.5427805e-02  5.3756635e-02
   580 : -3.9455720e-02 -4.7424494e-02  4.8766213e-02
   581 : -4.1325770e-17  4.2098055e-17  8.0013227e-17
   582 :  4.5858393e-31  4.6125367e-30 -2.3184871e-30
   583 : -2.2243264e-16  3.6679251e-16  1.8623226e-16
   584 : -2.1445766e-25  4.0365130e-25  4.1535401e-26
   585 : -5.1666905e-05 -5.2376730e-03  2.4945166e-03
   586 : -6.9860376e-21  1.5917354e-20 -1.0388121e-21
   587 :  3.8020023e-15 -4.7332504e-15 -8.1307345e-15
   588 : -1.8505392e-19  1.3163251e-19  2.0239666e-20
   589 : -3.6325666e-04  4.8375980e-04  7.1521694e-04
   590 : -1.8298953e-04  4.7050336e-06  6.9500594e-04
   591 :  4.4436446e-28 -6.7123163e-28 -2.4480630e-28
   592 : -3.2041455e-18 -2.3578879e-18  8.0367996e-18
   593 :  6.6505552e-13 -2.5059938e-14 -2.4770532e-13
   594 :  2.3841167e-15 -1.5023683e-14  4.6047651e-15
   595 : -3.1662127e-08 -9.8526492e-08  2.0426166e-07
   596 :  1.0433643e-07 -3.3002421e-07  1.3928250e-07
   597 : -1.8453987e-11 -1.1147134e-11  4.3720379e-11
   598 :  3.1672978e-14 -9.9120873e-15 -6.6631552e-15
   599 : -8.6687982e-04  1.3900743e-01  1.6792434e-01
   600 : -1.0033257e-08  5.1088094e-09  1.5255445e-08
   601 :  6.8458530e-02  6.0137730e-02  6.8136800e-02
   602 :  4.8444522e-21  1.4442968e-20 -8.2592383e-21
   603 :  4.8296200e-24  1.6917528e-23 -2.2101572e-23
   604 :  2.0371576e-17  1.6820880e-17 -4.6783567e-17
   605 :  1.5860282e-13 -1.2449419e-12  2.5585220e-13
   606 : -2.0614426e-02 -1.1769559e-01 -1.2554329e-02
   607 : -2.7004434e-09  2.3969184e-09  1.9447683e-09
   608 : -2.7400545e-19 -1.4028922e-18  6.5478502e-19
   609 :  1.4836454e-16 -1.1155697e-15  4.5645344e-16
   610 : -8.3563903e-24 -2.5557426e-23  6.0969218e-23
   611 :  7.5567798e-02  8.6445487e-02  5.6663817e-02
   612 :  3.5511699e-09 -6.1211310e-09 -4.0112452e-09
   613 :  6.7804986e-12 -1.8074190e-13 -1.6809225e-11
   614 : -3.8830406e-04  3.7839682e-04  8.6942809e-04
   615 : -2.2152282e-10  3.7090605e-11  4.3729901e-10
   616 :  7.3781313e-26 -9.8808361e-26 -4.6263308e-26
   617 : -1.1204775e-11 -7.9905521e-12  5.8401582e-12
   618 : -4.6279830e-15 -2.7395115e-15  3.6563971e-15
   619 :  7.8100914e-20 -9.2338144e-20 -6.5744625e-20
   620 :  1.2953896e-13 -1.9984560e-14  1.0411004e-13
   621 :  1.2929823e-09 -1.1138559e-09 -1.9272201e-09
   622 : -9.7714983e-03 -4.2874972e-03  2.9828414e-02
   623 : -1.9543501e-05  2.9459263e-06  1.6530855e-05
   624 :  1.7871959e-10  3.0033251e-11  4.5581013e-11
   625 : -1.1186578e-11  2.1307786e-10 -9.8087027e-11
   626 : -2.1535387e-32  1.0128425e-31 -4.4275175e-32
   627 :  3.3578556e-22 -1.5144150e-21  8.5644274e-22
   628 : -1.5424568e-15 -4.8271412e-15  2.9589475e-15
   629 :  1.0797319e-05 -2.9195436e-05 -9.9634491e-06
   630 : -5.5543054e-03  2.2680235e-03 -1.5451376e-03
   631 :  2.5134775e-12 -1.0608075e-11  1.9124748e-12
   632 :  3.2975421e-24 -6.5799431e-24 -4.5746455e-25
   633 : -1.3141554e-05  7.4974856e-06  4.0068308e-06
   634 : -2.0045382e-08 -2.0222132e-08  9.7758279e-08
   635 : -1.9937233e-05 -2.4215895e-05 -1.8113167e-05
   636 :  1.7076920e-04  1.4131918e-04 -4.6866449e-05
   637 : -3.9514159e-03  1.2971662e-03 -3.9756941e-03
   638 : -1.4121272e-02  4.6966690e-02  4.6659833e-02
   639 :  5.1606378e-04  4.9124338e-04 -2.7165581e-04
   640 :  3.1913887e-02 -2.0569447e-02  1.2350335e-02
   641 : -1.6874613e-19  3.6488264e-19 -1.6934592e-20
   642 :  1.1181964e-06 -8.3366983e-08 -1.6211145e-06
   643 :  9.8642185e-05 -2.0068880e-05 -4.9739091e-05
   644 : -9.7144681e-05 -1.5268927e-05  8.6884469e-05
   645 :  5.9053803e-09 -1.5710901e-08  6.8409504e-09
   646 :  2.7378159e-10 -1.2372586e-10 -4.4226054e-10
   647 : -5.9036012e-02  5.6283129e-02 -1.4811170e-01
   648 : -1.7970618e-09 -3.9556509e-10 -6.3525574e-10
   649 :  5.8076828e-04 -2.2973677e-03  3.1045238e-04
   650 : -1.4876941e-10  6.8967674e-12  1.1653052e-10
   651 :  3.7320340e-02  4.5182832e-02  1.1049968e-01
   652 : -2.2510835e-09 -4.9131140e-09  2.1975579e-09
   653 : -1.8626227e-03 -8.9753313e-03 -8.3774589e-03
   654 : -1.1323028e-15  9.0401481e-17  6.0160199e-16
   655 : -3.1514553e-10  8.3061386e-10 -2.2643139e-09
   656 :  9.7068274e-02  1.0732216e-01  3.3708869e-02
   657 :  2.5818900e-04  4.1522602e-04  8.3553496e-04
   658 :  2.0068350e-09 -6.0289575e-09  7.1707095e-09
   659 : -5.3654436e-07  3.8425869e-07 -1.2997753e-08
   660 : -5.9008812e-03 -9.2477227e-03  2.8306181e-02
   661 : -1.1546576e-01 -8.9753038e-02  1.6420487e-02
   662 :  4.5294889e-15  2.3800925e-15 -1.1165684e-14
   663 :  9.1334999e-04  3.2721666e-04 -1.1112789e-04
   664 :  1.1216089e-02 -4.7301559e-03  4.8654784e-02
   665 :  2.3984334e-02 -6.4117932e-03 -1.0972754e-02
   666 : -1.1810813e-25  1.1504128e-25  1.4517108e-25
   667 :  6.1457844e-17 -2.1771807e-17 -1.1689199e-17
   668 : -2.2058547e-05 -2.5459638e-05  1.0704124e-04
   669 :  5.5261034e-32  5.0718335e-31 -6.0394098e-31
   670 : -5.7990499e-04  1.0445686e-03  1.8422507e-04
   671 : -9.1452235e-03 -4.4362998e-02  3.2313869e-02
   672 : -1.3488467e-03 -4.3999003e-04 -1.3325223e-03
   673 : -1.6526610e-13 -2.8069248e-14  5.0904563e-13
   674 : -3.2940433e-11  1.6862744e-11  6.9411796e-11
   675 :  1.5979285e-12 -1.2765829e-12  1.7147659e-12
   676 : -7.8312522e-09  2.1005118e-08  2.1374223e-08
   677 : -4.2490885e-09  3.3671939e-09 -5.0848945e-09
   678 :  1.4862431e-04  1.6597358e-04 -3.0632552e-04
   679 : -1.3464409e-06  3.7430296e-06 -1.6721834e-08
   680 : -1.3437829e-06  8.1563775e-07  2.6233010e-06
   681 :  5.6459151e-18 -8.5111392e-18  1.8336351e-17
   682 :  3.0645330e-18 -4.4381247e-20 -6.4699413e-18
   683 :  1.8582017e-16 -4.7492260e-16 -6.1159409e-17
   684 :  3.3017971e-21 -3.1056703e-21 -1.0399246e-21
   685 :  9.2436323e-08 -1.9270110e-07 -1.9744964e-08
   686 : -1.2195958e-11  4.2003772e-12  1.4281081e-12
   687 :  7.3220975e-21  1.1679579e-20 -2.5396825e-20
   688 : -1.2321947e-12  2.0677088e-12  2.8850368e-13
   689 :  6.1852113e-02  4.8059905e-02 -9.6490551e-03
   690 : -2.3395940e-08 -1.1827200e-08  1.3791747e-08
   691 :  1.5857709e-08  1.3398840e-08 -3.8459460e-08
   692 : -5.4319874e-10 -7.7399254e-09  1.6430561e-08
   693 : -2.4216475e-31  2.8805589e-31  2.8084409e-31
   694 : -5.3347998e-21  8.1907038e-21  4.6448484e-21
   695 :  1.0122163e-03  7.0546200e-02  3.4417647e-02
   696 : -1.6841911e-05  2.4251407e-05 -2.9140718e-05
   697 :  1.2912261e-09 -7.1381909e-09 -1.9686989e-09
   698 : -1.4845603e-03  3.8169994e-02 -1.0197125e-03
   699 : -7.8440255e-15 -2.8894479e-14  6.9299154e-14
   700 : -9.2194307e-27 -1.4182873e-26  3.8825975e-26
   701 :  4.0791884e-25 -1.3902046e-24  4.7862927e-25
   702 :  1.5621594e-17 -2.2068041e-17  3.8480565e-18
   703 : -1.1977248e-01 -1.1952906e-01 -7.2215414e-02
   704 :  1.7169262e-09  9.2938465e-10 -4.0783757e-09
   705 : -1.4996969e-20 -2.2659397e-19  1.0378028e-19
   706 : -2.5826191e-01 -7.4522392e-02 -1.6317477e-01
   707 : -6.3989985e-05 -6.7982360e-05  4.0099967e-05
   708 :  7.4945759e-06  2.3803501e-06 -2.3369899e-06
   709 :  5.1601839e-12 -1.6457692e-12 -2.4833035e-11
   710 :  3.8784705e-14 -1.5203874e-14 -2.8053683e-14
   711 :  2.0040357e-10 -6.7628231e-12  1.5326450e-10
   712 :  2.7163450e-04  3.3058283e-04  1.1201199e-04
   713 : -1.4745574e-09 -1.0248101e-09 -2.0676703e-09
   714 : -5.9694106e-02  3.0991744e-03 -2.4978410e-02
   715 : -4.1116195e-09  7.3190774e-09  1.5402139e-08
   716 :  6.2707633e-22 -4.5136265e-21  9.6141183e-21
   717 :  5.8309449e-06 -6.3079390e-06  8.6024966e-06
   718 : -1.1587409e-09  7.3134063e-10 -8.9361345e-10
   719 : -4.0857585e-05 -4.1265189e-05  2.0313975e-05
   720 : -4.2094618e-02 -2.5113215e-02  3.3215070e-02
   721 :  1.0020861e-03 -8.5023762e-03  2.1759286e-04
   722 :  4.7160351e-19 -1.7360976e-18  5.5089750e-19
   723 :  1.6548584e-19  3.8999510e-18 -3.3663419e-18
   724 : -6.8875156e-18  1.6885621e-17 -4.5835516e-18
   725 :  7.8244558e-04  2.4733565e-04 -1.0298061e-03
   726 : -1.5589309e-12  4.1028162e-13  5.2082876e-13
   727 : -2.1939352e-04  9.6569167e-04 -1.1748611e-03
   728 :  1.0267142e-05 -1.6711324e-06 -9.1909406e-06
   729 :  2.5736841e-07 -6.3526888e-07 -2.5484881e-07
   730 : -1.1655935e-09 -2.3454132e-09 -8.4272286e-10
   731 : -5.1719351e-18  9.0340517e-18 -1.9416135e-18
   732 :  1.6044505e-16  7.5747244e-16 -4.2117604e-16
   733 :  2.8865951e-09  5.9899990e-09 -5.7360073e-09
   734 :  2.7743080e-01 -4.7648313e-01  7.8579017e-01
   735 :  6.2358436e-10  7.8973197e-09 -4.3618752e-09
   736 :  8.3682984e-02  5.5279339e-02  5.1415277e-02
   737 :  2.0681666e-12  3.3468418e-12 -1.4524359e-11
   738 :  1.1802356e-04 -3.6005107e-05  1.1328217e-04
   739 : -7.1111704e-02 -8.3235133e-03 -7.0594082e-02
   740 :  2.3518458e-08 -5.5690529e-08  3.3151010e-08
   741 : -2.5103663e-03 -2.2663677e-03 -1.5134093e-03
   742 :  6.0078384e-10  3.3704311e-10 -2.2859126e-09
   743 :  4.0672295e-08  3.3190989e-08 -7.2274128e-08
   744 : -2.2626358e-01 -1.2619447e-01 -1.5884292e-01
   745 :  8.4191289e-19 -1.5033004e-18 -9.3724579e-19
   746 :  1.2621915e-15  1.4707706e-16 -3.9059352e-15
   747 :  4.6050802e-13 -4.4949598e-13  2.2307042e-12
   748 :  2.5490715e-09  4.0545500e-09  1.1957822e-08
   749 :  1.9026654e-05 -6.4486368e-05 -1.5291653e-05
   750 :  1.3155607e-20  1.0004010e-19 -1.8156313e-19
   751 : -6.3636629e-02 -1.4429399e-01 -1.6828615e-01
   752 :  2.4543825e-09 -2.0449773e-09 -5.4565217e-09
   753 :  1.6497160e-05 -5.4375781e-05  1.4101003e-05
   754 : -6.8708685e-18  9.3683822e-17 -2.4418179e-17
   755 : -9.8213081e-02 -1.4202155e-01 -1.4159467e-01
   756 : -8.7921635e-12  2.9473050e-11 -2.1377591e-11
   757 :  3.6934426e-30  1.1369212e-30 -2.2646797e-30
   758 :  1.6390798e-01  1.5874031e-01 -2.0145425e-02
   759 : -1.4662990e-09 -1.5482081e-09 -1.3563378e-09
   760 : -1.3305944e-13  3.7901982e-13 -8.9949708e-14
   761 : -1.6658566e-08  3.7024387e-08  1.7055448e-08
   762 :  1.1589343e-01 -2.2404075e-02  4.6416563e-02
   763 : -3.1555494e-23  8.8326205e-23 -2.6721428e-23
   764 : -2.5284349e-24 -1.1255852e-23  6.4614989e-24
   765 : -3.0851902e-02 -6.9628486e-02 -1.6213694e-01
   766 : -1.2992302e-10  3.5050904e-10 -2.3691657e-11
   767 : -1.3752834e-02 -2.1263423e-02  1.0339412e-01
   768 : -1.3363749e-20  4.0995137e-20 -9.0051776e-20
   769 : -9.9265798e-02 -5.8916221e-02 -1.3255301e-01
   770 :  2.6611267e-08  8.5349630e-09  7.3900509e-08
   771 : -2.6635914e-05  1.4703408e-04 -4.7824634e-05
   772 : -1.5872775e-03  1.2102122e-03 -4.1261994e-03
   773 : -2.8414514e-11  7.1052907e-10 -5.5443477e-10
   774 : -2.4148340e-01 -1.8234579e-01 -1.4780171e-01
   775 :  1.9009179e-01 -4.2985375e-01  2.0481652e-01
   776 :  2.9839218e-10  1.8430014e-09 -2.2391817e-09
   777 : -1.5010108e-08  1.3799368e-08  2.4820081e-08
   778 :  3.1129161e-08 -3.8786098e-08  2.1673026e-08
   779 : -2.1554299e-17  3.1021249e-17 -3.3005935e-18
   780 :  7.2181617e-04  4.5601344e-03 -8.0042885e-03
   781 : -2.6619317e-19  2.4680064e-19 -3.9046861e-19
   782 :  5.1280719e-31 -4.9873378e-32 -6.3771967e-31
   783 : -2.1618734e-09  9.9432468e-09  1.6280752e-08
   784 : -1.3071713e-09 -8.9522686e-09  3.7330888e-09
   785 :  5.3714742e-19 -1.3546545e-18  1.1321152e-19
   786 : -2.2820635e-01 -1.8876530e-01 -2.7681294e-01
   787 :  3.2242065e-02 -1.3939404e-02 -5.3278227e-02
   788 : -1.6136526e-19  1.4106230e-19  7.2762147e-20
   789 :  3.8340489e-18 -8.4753633e-18  6.6150931e-18
   790 : -3.5161300e-07 -1.0670689e-06  3.1587735e-07
   791 : -1.2254314e-05  7.4265535e-06  2.0016916e-06
   792 : -4.0672229e-03  1.0176923e-03  5.1448206e-04
   793 : -1.7439696e-04  3.9801348e-04  6.8817697e-04
   794 :  1.0226997e-07 -1.3506608e-08 -1.6122109e-07
   795 : -6.2022674e-03 -6.8505582e-03  2.0114016e-03
   796 :  2.3487749e-04 -1.4802482e-04  5.7197884e-04
   797 :  2.0350706e-20 -3.9751437e-20  6.1203908e-20
   798 :  5.7763710e-06  1.0424915e-05 -5.6050937e-06
   799 :  8.0205869e-13 -3.0987591e-11  3.3596060e-11
   800 : -6.0392281e-02 -3.3072028e-02 -1.3184124e-01
   801 :  2.5566018e-18  5.4390536e-18 -9.8326644e-18
   802 : -1.7537074e-09  7.3129351e-09 -6.8257627e-10
   803 :  3.1659563e-14  1.3702841e-13 -7.4652024e-14
   804 : -2.7722283e-02 -1.6228001e-01 -1.3605736e-01
   805 : -8.0532977e-09  1.8824850e-08 -7.7974681e-09
   806 :  6.1649566e-17 -3.8848226e-17  4.9784481e-17
   807 : -3.2424497e-20 -1.3155174e-19  6.0930135e-20
   808 : -2.1992363e-01 -1.3571163e-01 -1.7021000e-01
   809 : -7.9515075e-13  1.1642144e-12  1.3434787e-12
   810 :  1.5151853e-19  4.9789365e-19 -1.2233710e-18
   811 : -1.9613290e-31 -3.5800141e-31  9.7684170e-31
   812 :  1.0539252e-10 -2.0425906e-11  1.9407398e-10
   813 : -4.3693662e-09  3.9562713e-09 -9.2168055e-09
   814 :  2.7820893e-28  5.0818192e-30 -2.8861040e-28
   815 : -5.2127331e-32  1.1363130e-31  5.0369726e-32
   816 :  2.5140606e-27  4.4569607e-28 -1.5012127e-27
   817 :  3.6679590e-28  5.5061365e-28 -1.2922537e-27
   818 :  3.6697379e-30 -2.8805464e-29  1.9144809e-29
   819 : -3.5069968e-10  2.2562593e-10 -1.5708084e-10
   820 : -4.8536276e-29  1.3631356e-28 -2.8438624e-29
   821 :  2.2803304e-04  9.4503386e-04 -3.7176083e-04
   822 :  1.4442810e-07 -9.3679172e-07  6.6534546e-07
   823 : -1.5454252e-14  4.0746677e-14 -1.2546089e-14
   824 :  2.5715256e-14 -3.6428892e-14 -2.9368253e-14
   825 :  2.0438903e-22  5.4723021e-23 -4.7699482e-22
   826 :  2.7184538e-06 -2.6348635e-05  1.0103746e-04
   827 : -1.0179162e-16  5.0819235e-17  2.2890574e-17
   828 : -3.8836828e-12  1.5875375e-11 -5.3515415e-12
   829 :  5.4391504e-07  9.2131246e-07 -7.4786943e-07
   830 :  1.4303839e-01 -1.3105360e-01  2.9494154e-01
   831 : -3.5205187e-02  1.5417461e+00 -1.2080665e+00
   832 : -5.3439190e-10  1.0035142e-09  1.1516692e-10
   833 : -4.5546833e-02 -3.2895394e-01  5.4348278e-01
   834 :  9.7652570e-27 -8.5227538e-27  8.1604886e-27
   835 : -1.4316997e-30  3.8819178e-30 -6.9251633e-30
   836 :  1.9317032e-08 -6.7799503e-09 -4.2885871e-09
   837 :  1.8137278e-17 -5.0331109e-18 -2.7472137e-18
   838 :  4.8619283e-06  4.7880378e-07  5.8362740e-06
   839 :  7.0263500e-14  1.4230075e-13 -2.5245825e-13
   840 : -1.0738363e-16  6.6929914e-17 -1.1105914e-17
   841 :  3.1992989e-15 -3.8741988e-16 -2.2781468e-15
   842 :  3.2531142e-11 -9.3198192e-12 -9.7771874e-12
   843 :  9.2224602e-17  4.4369988e-16 -5.5141548e-16
   844 : -4.0766815e-10  5.4119206e-10 -8.1476995e-10
   845 :  1.1251519e-21 -1.8286873e-21  2.9667254e-21
   846 :  1.2215852e-07 -1.5872555e-07  4.6963418e-08
   847 : -2.7145655e-11  4.1709856e-12  1.8588094e-11
   848 :  6.2524706e-34  3.4797547e-33 -2.0265479e-33
   849 :  1.1854715e-14 -5.5684217e-14 -3.8312229e-14
   850 : -1.7975002e-12  7.9268783e-12 -1.6486937e-11
   851 : -8.3369721e-15 -3.3767222e-13  3.5206710e-13
   852 :  3.6769069e-24 -1.2810962e-23  5.4200959e-24
   853 : -5.2485014e-05  1.6362986e-05 -1.5768190e-05
   854 : -1.5049866e-34 -4.0622999e-34  1.1972954e-33
   855 :  5.6952924e-04 -1.4674365e-04 -9.5632428e-05
   856 :  5.9048203e-06 -1.8276028e-06  4.5110892e-06
   857 :  7.4260024e-04 -4.0357826e-05  1.0057936e-03
   858 :  3.8810534e-07 -8.4340841e-07 -2.4424521e-07
   859 : -1.0114790e-23  4.8083270e-24  1.9671511e-23
   860 : -3.3421346e-08 -2.0513468e-07  1.6589691e-07
   861 : -6.5706776e-08  7.6309959e-08 -5.2695076e-08
   862 :  4.3374780e-09 -7.1100326e-09  3.7928402e-08
   863 :  1.5231779e-05 -5.0267508e-05 -4.0272480e-05
   864 :  4.7549525e-05 -1.3648778e-04  3.0803632e-04
   865 : -7.0564420e-04 -4.9963121e-03 -5.7731893e-03
   866 : -1.3303002e-01 -1.3941443e-01 -1.7168517e-01
   867 : -9.5241105e-03  5.2334782e-03 -1.4770985e-02
   868 : -7.8565813e-10 -3.5423368e-09  5.9191010e-09
   869 : -1.0388817e-09 -1.1876592e-09  9.3685778e-10
   870 : -1.0553273e-10  3.4863867e-10 -1.1299807e-10
   871 : -1.4539105e-04 -2.1280890e-04  4.7562085e-04
   872 :  4.3705601e-04 -9.9411537e-05 -1.2788896e-04
   873 :  3.0541864e-02 -1.5665304e-02 -1.8453289e-02
   874 : -2.5286855e-02 -3.5219294e-02  3.3624671e-02
   875 :  2.3522796e-14 -5.0051962e-15 -7.4418305e-15
   876 : -4.6498403e-14  3.5096028e-14  8.6661492e-14
   877 : -4.1414306e-29  6.1141693e-29 -8.2850567e-29
   878 :  2.3362555e-27 -7.0850286e-27  1.9830526e-27
   879 :  1.2867232e-16 -4.1934525e-18 -1.4325388e-16
   880 :  3.4958373e-15 -8.0177948e-15  2.1599116e-15
   881 :  6.4752725e-28 -1.9546374e-28 -2.5089873e-28
   882 : -1.2769866e-26  6.8363311e-27  1.9341316e-26
   883 :  2.1728205e-16 -1.2274924e-16  4.2920764e-17
   884 :  2.9893319e-16 -2.6377719e-15  8.5958948e-16
   885 : -4.5002927e-08 -7.7168926e-07  5.5089958e-07
   886 :  1.1608716e-07 -5.3861749e-08  6.0167997e-08
   887 : -7.7797534e-08 -2.4288728e-07 -6.5376354e-07
   888 : -2.6782392e-07  1.1167710e-06 -7.5735015e-07
   889 :  6.1291541e-02  8.9725338e-02  2.2941963e-02
   890 :  2.0669951e-02 -3.1251972e-03  5.4400094e-02
   891 :  3.2905272e-15  2.4193884e-15 -7.7473703e-15
   892 : -3.6510065e-13  7.3431832e-13  3.1017513e-14
   893 : -3.6738766e-09 -6.0133162e-09  1.2703861e-08
   894 :  2.7198952e-07 -2.7736921e-07 -3.0368795e-07
   895 :  3.6361795e-02  7.0177712e-02  3.3997989e-02
   896 : -2.6771884e-03 -1.4284702e-02  4.7711866e-02
   897 : -1.7092392e-16 -5.0274118e-18  1.5929079e-16
   898 :  6.5185961e-16 -1.8112817e-15 -3.8911299e-16
   899 : -7.5177323e-03  3.1892425e-02  4.2574549e-02
   900 :  3.8097153e-02 -1.4463371e-03 -4.2845197e-03
   901 :  1.6654944e-09 -2.2006509e-09  3.1414321e-09
   902 :  3.0561067e-08 -4.6164571e-08  8.0483038e-11
   903 : -1.3150744e-04  1.7459624e-04 -5.1427169e-05
   904 : -1.0489755e-05  3.0334802e-05 -8.1791514e-05
   905 :  7.3524634e-05  2.7994663e-04 -1.1868105e-04
   906 :  5.6445896e-04 -6.9435043e-03 -5.8936483e-03
   907 : -2.8636781e-03  1.2100109e-03  2.7938046e-04
   908 : -4.2165288e-06  2.4861490e-06  4.0504424e-07
   909 : -8.5082855e-06  3.9167438e-05 -1.3951011e-05
   910 : -1.3845308e-05  1.3771353e-05 -6.1380331e-05
   911 : -3.5010762e-05  1.3309941e-05 -9.5677777e-06
