Number of elements 912
     0 : -1.0951065e-08 -1.1866181e-08  2.8362039e-08
     1 :  1.7392979e-04 -5.3611634e-04  5.2368670e-04
     2 : -4.2157736e-02 -2.6491772e-02 -3.9639193e-02
     3 :  2.7945473e-05 -2.8021332e-05 -6.1196195e-05
     4 : -5.4014643e-02 -3.0365683e-02 -3.4225533e-02
     5 : -1.1434024e-01 -4.9855460e-03 -3.0245681e-02
     6 :  6.3761485e-16 -4.6575305e-15  1.4017516e-15
     7 :  4.1005344e-04 -3.2106598e-03  1.8718611e-03
     8 : -1.5255495e-03 -3.3366070e-03  6.3729852e-04
     9 :  1.2757099e-13  1.5958270e-13 -4.3152909e-13
    10 :  1.4937297e-05 -1.8560060e-03 -2.2474344e-03
    11 :  9.5808625e-16 -2.7193165e-15 -7.2403542e-16
    12 : -6.9767571e-02 -8.9780658e-01  7.3858878e-01
    13 :  2.9484386e-02 -2.0480133e-03  2.2490274e-02
    14 :  8.2990563e-07 -4.2144304e-06  1.4676262e-06
    15 :  2.8201726e-02  2.3346200e-02  4.1944459e-02
    16 :  2.1391272e-17  3.0760398e-16 -2.2417818e-16
    17 : -1.5424755e-10  2.3584868e-12  9.0842430e-11
    18 :  1.9958464e-03  4.4847643e-03  1.6105224e-03
    19 : -3.6888965e-19 -4.1773155e-19  3.5003501e-19
    20 :  4.5585261e-10  5.1837775e-10 -1.5435347e-09
    21 :  1.9126640e-02  4.4487513e-03  4.3546007e-03
    22 :  3.4336339e-02  2.2925986e-02  1.2566451e-02
    23 : -1.1673879e-17  4.0004329e-17 -2.7976128e-17
    24 :  1.9822357e-04 -4.9556371e-04  4.6227671e-04
    25 : -9.8259078e-20  4.9684127e-19 -9.3718764e-22
    26 :  3.5131806e-04 -2.4225786e-03  5.5102209e-04
    27 :  5.0186919e-02  9.1164255e-03 -2.0534077e-03
    28 : -4.2691332e-03 -3.6458665e-02  3.1877426e-02
    29 : -9.1628300e-05  4.2494982e-05  3.9406660e-04
    30 : -5.2591110e-03  2.9374612e-02 -1.0990226e-02
    31 :  8.0784965e-06  4.1871303e-06 -1.7491337e-05
    32 :  5.7342082e-14  3.7997750e-14 -1.7442775e-13
    33 : -1.2068680e-02 -4.7822932e-03 -7.1155255e-03
    34 : -1.1515300e-19  2.2489505e-19  1.2912371e-19
    35 :  6.0345471e-06  9.8307902e-06 -1.7696466e-05
    36 : -1.3675833e-02 -2.6504116e-02  3.6868542e-03
    37 : -2.4616430e-02 -3.3438951e-02 -9.4857993e-03
    38 :  1.6751065e-02 -9.9574981e-04  5.3645137e-02
    39 : -7.8896152e-05  4.0182263e-04  5.7869785e-04
    40 :  4.4390845e-04  5.1874762e-05  9.8423143e-04
    41 :  2.0457001e-02  3.3640997e-02  2.2699018e-02
    42 :  3.5832547e-18 -3.5277869e-18 -1.3056031e-18
    43 :  3.6175976e-10 -1.2144491e-09 -1.1796946e-09
    44 : -4.4258459e-03 -8.5761212e-03 -3.6192995e-02
    45 :  6.4393592e-07 -2.5522396e-07 -9.5010850e-08
    46 : -9.8522995e-07  4.2296794e-07 -3.2622650e-07
    47 : -1.6017875e-13  7.3563862e-14 -1.8230797e-13
    48 : -2.5059737e-16 -7.5089779e-16  6.8675627e-16
    49 : -3.7888472e-03  9.7344972e-03 -1.8510746e-03
    50 : -1.3072755e-02 -1.7585418e-03 -1.3238738e-02
    51 :  2.7827269e-02  1.2022289e-02  3.5882033e-02
    52 : -1.5881446e-02  6.0151701e-02 -7.6693796e-03
    53 : -9.0353988e-15  3.3956645e-15  2.2000679e-15
    54 : -6.9718920e-03  2.9780603e-03 -8.3050152e-04
    55 :  3.2729623e-03  5.6754462e-03 -4.8781137e-03
    56 : -2.3812842e-02 -5.8099538e-02 -2.9443771e-02
    57 :  3.8903317e-02  2.9437867e-02  3.3215143e-02
    58 : -1.5724157e-02 -1.2818763e-01  1.8503963e-01
    59 :  1.8950450e-02  1.9523481e-02 -4.3711416e-03
    60 :  3.2268128e-02  2.8936465e-02 -1.0246890e-03
    61 : -8.9714981e-03 -4.1995870e-02 -1.6593071e-03
    62 : -2.4368160e-04  1.8795225e-04  4.3960458e-04
    63 : -1.6849140e-02 -6.7720359e-03 -1.2134074e-02
    64 :  2.2729266e-03 -3.7101678e-03 -2.4569237e-03
    65 : -6.0779819e-05  1.4642786e-05 -5.4177427e-05
    66 :  9.7382661e-07 -3.0989903e-05  8.7962086e-06
    67 : -9.1499936e-15  9.0161489e-15  1.7197275e-14
    68 :  1.2494412e-15 -2.8342512e-15  2.2607779e-16
    69 : -1.1492653e-14  1.2549272e-14  1.6158234e-14
    70 : -9.4191386e-07 -1.6081223e-07  2.4177310e-06
    71 : -3.6486313e-02 -8.3448422e-03 -2.5230992e-02
    72 : -3.8301172e-18  1.2831810e-17 -1.1505403e-17
    73 : -4.4603324e-02 -4.9410643e-02 -4.4314054e-02
    74 :  1.0040736e-10 -1.9869062e-11  7.3552781e-12
    75 :  1.4159315e-12 -1.6203437e-11  6.8922246e-12
    76 : -6.8187106e-18 -5.5545052e-17  1.4730847e-17
    77 :  7.9727076e-12 -3.5052224e-11 -1.4055717e-12
    78 :  4.9870983e-14 -2.1022143e-13  5.5210456e-14
    79 : -3.4611818e-09  2.5401645e-09 -4.7077281e-09
    80 : -2.2247253e-23 -1.3448553e-22  6.0019581e-23
    81 : -3.7296403e-13 -5.1680973e-13  4.3657828e-13
    82 : -6.2951444e-02 -1.5559366e-01 -4.0946902e-02
    83 : -1.7027107e-20  1.6055384e-20 -4.6539914e-21
    84 :  1.1943074e-18 -3.0028775e-18  6.9441243e-19
    85 :  2.1236187e-02  2.7988726e-01 -2.0843535e-01
    86 :  1.9280682e-10  1.0835578e-10 -4.8965235e-10
    87 :  9.9981176e-11 -1.0803347e-09 -5.0443324e-10
    88 :  1.4194897e-04  1.1112463e-04 -1.3180759e-04
    89 : -7.7866363e-03 -2.7971444e-02 -2.7280752e-02
    90 : -6.5338233e-17 -1.4868428e-16  1.0549732e-16
    91 : -5.5686282e-02 -2.3296831e-02 -2.9403839e-02
    92 : -2.8814363e-07  1.8631195e-06 -1.1170128e-06
    93 :  1.1517728e-21 -1.2423992e-22 -3.9775157e-22
    94 : -1.5183190e-10  2.8863536e-09  1.0419860e-09
    95 : -1.6072654e-15  5.4732722e-16  3.0628429e-16
    96 :  6.8828610e-06  7.5173343e-06  3.9540914e-08
    97 : -2.5057411e-07 -7.8166559e-06  9.1701143e-06
    98 : -2.4187421e-02 -1.4676220e-02 -1.6105064e-03
    99 :  3.8587018e-14  1.0126965e-13 -6.1324168e-14
   100 :  1.0574327e-14  2.6668508e-14 -5.6201172e-14
   101 :  3.7232869e-06 -5.4809423e-05 -3.6066778e-06
   102 :  5.0085165e-03  4.3417677e-03  5.2342938e-03
   103 : -3.5773674e-20  1.4018451e-20  7.2019003e-20
   104 : -1.2941920e-07 -7.0156165e-08  9.5666361e-08
   105 :  1.8836175e-03 -5.3216098e-03 -4.9504318e-03
   106 : -6.5861310e-05 -6.8339108e-06  3.1846816e-04
   107 :  4.1808006e-04 -2.1826563e-03  8.5216584e-04
   108 : -3.3745659e-03 -3.0876163e-03  8.4215789e-03
   109 :  1.1937828e-02  2.3046773e-02  3.5202193e-02
   110 : -3.5339319e-02 -5.0105524e-02 -4.1724758e-02
   111 :  2.6646347e-04  2.4463388e-04  2.2889711e-04
   112 :  3.2447335e-13 -9.6938029e-13 -3.6026775e-13
   113 :  3.1320576e-02 -9.6328208e-03  9.5500508e-03
   114 :  1.8421719e-06 -7.9748901e-06  1.7711418e-06
   115 :  1.9722850e-02 -7.0219469e-03  7.9634876e-02
   116 :  1.7965131e-02  1.8049298e-01 -1.9445183e-01
   117 : -5.5422801e-02 -5.2461249e-02 -2.2788079e-02
   118 : -6.0337208e-02 -5.3902920e-02 -6.5785509e-02
   119 : -2.7684281e-15 -1.1237569e-15  5.0678873e-15
   120 :  1.8371242e-06 -9.2923319e-07  5.8209591e-07
   121 : -8.0216037e-13  1.7067841e-11 -6.2817281e-12
   122 : -2.9627714e-03 -4.8034819e-02  7.3045860e-02
   123 : -7.1777797e-20  1.4817692e-19  1.6162633e-19
   124 : -8.1980524e-15  1.2968418e-14 -1.5393838e-15
   125 : -1.1431739e-23  3.4452390e-23 -1.0686672e-23
   126 :  1.6288657e-10  3.1849735e-10 -8.1990148e-10
   127 : -3.1885466e-11  8.0951736e-11 -1.5575546e-12
   128 : -2.2208510e-02  4.7612642e-02  6.5984247e-02
   129 : -9.0533559e-09 -9.7496145e-09  3.8944272e-08
   130 : -1.0957088e-02 -2.7274567e-03  4.5831725e-03
   131 :  1.0096443e-02  2.6416622e-02  2.7308689e-02
   132 :  3.7448351e-02  2.0354141e-03  2.8431972e-02
   133 : -9.9656582e-03  3.9991648e-03 -6.0299785e-03
   134 :  3.6743771e-02  9.4949468e-04  1.2389195e-02
   135 : -6.3504408e-04 -4.7747386e-03 -4.5998118e-03
   136 :  2.3874210e-04  3.6501383e-04 -1.6625301e-04
   137 : -3.6683746e-03 -2.6140884e-03  3.2264169e-03
   138 : -1.7862865e-03  5.8611213e-04 -5.2756349e-04
   139 :  9.8514484e-04 -3.1275473e-03  1.1674455e-03
   140 :  2.3230292e-13 -8.9783066e-13  2.0277051e-13
   141 :  5.6413564e-13 -1.5920332e-12 -2.4433881e-12
   142 : -2.3055514e-03  6.9336826e-04 -4.2420452e-03
   143 : -6.3498852e-16  2.9322661e-15 -2.3303713e-15
   144 :  5.7838679e-05  5.9576644e-05 -1.2800841e-04
   145 :  1.7822243e-05 -7.0338224e-05  3.0608718e-05
   146 :  9.6681941e-08 -5.0703271e-08 -1.3305769e-07
   147 : -4.6521312e-16  9.7161632e-17  1.6056557e-16
   148 :  1.2190178e-07 -1.3557447e-07 -1.2883860e-07
   149 :  4.4688450e-03  1.9487824e-02  3.0617765e-02
   150 :  4.6798063e-05 -9.1683536e-05 -5.0867345e-05
   151 : -6.4842950e-12  3.8495862e-12  2.6213419e-11
   152 :  1.3856883e-09  3.7139663e-09  2.7019570e-10
   153 : -3.2644461e-02 -7.5419576e-02 -9.5681592e-02
   154 :  1.4999374e-22  1.4557032e-22 -1.3131983e-22
   155 : -5.9962474e-16  8.6537118e-18  3.9289535e-16
   156 : -9.2253738e-18  2.4825761e-17 -8.0385799e-18
   157 : -1.6283575e-06  2.8604232e-06  8.9005241e-07
   158 : -3.5792598e-03  3.2024929e-03 -1.3881744e-03
   159 :  8.8971199e-05  1.6431652e-04 -1.0803531e-04
   160 :  5.7491552e-21 -3.2290893e-21 -1.3777842e-21
   161 : -2.7327809e-20 -2.4724952e-21  2.0985753e-20
   162 :  4.7787375e-02  3.4343100e-02  1.7668221e-02
   163 :  4.2783202e-02  1.0208743e-02  3.4686996e-02
   164 :  4.9571072e-11 -2.8404392e-11 -7.6409288e-12
   165 :  3.9072938e-04 -1.6837474e-03  5.8845795e-04
   166 :  2.1090507e-16 -6.3097288e-17 -3.9591391e-16
   167 : -9.5719787e-04  8.6694136e-04 -1.3267483e-03
   168 :  5.4310339e-02 -1.0199023e-02  4.1297025e-02
   169 : -1.0819704e-01 -4.4956916e-02 -5.9419281e-02
   170 :  1.4464749e-15  2.0198893e-16 -2.8663737e-15
   171 :  3.9691354e-16  2.5566495e-15 -5.2441229e-15
   172 :  3.1504378e-02  2.3493348e-02  2.9729969e-02
   173 :  6.8379387e-03 -3.1014443e-03  3.2144289e-02
   174 :  8.9695427e-04 -1.9104357e-03 -5.1642090e-05
   175 :  1.7147285e-07 -2.9161766e-08 -3.5677073e-08
   176 : -6.7715519e-14  6.6015506e-14  1.3711396e-13
   177 :  1.1900278e-04 -1.8836222e-04  3.1923721e-04
   178 : -4.5805804e-02  3.1401955e-01 -4.2851352e-01
   179 :  4.6737522e-04 -6.6612194e-04 -3.3256585e-03
   180 :  5.8574817e-17  4.6579786e-17 -1.1172756e-16
   181 :  3.7485057e-02  3.5607832e-02 -1.0219028e-03
   182 :  3.8760196e-09 -2.1268399e-09  1.1105324e-09
   183 : -2.3734738e-02  1.5877426e-02 -4.4124077e-02
   184 : -1.2136733e-20 -5.8115960e-20  2.6823399e-20
   185 :  2.4037571e-10  6.8695726e-11 -1.3292012e-10
   186 :  3.8360519e-06 -1.9370261e-06  3.6621117e-07
   187 :  5.7996964e-04 -3.5323925e-03 -3.3446225e-03
   188 : -7.4364144e-02 -5.3969650e-01  3.8527760e-01
   189 : -6.0066148e-03  2.8598394e-02  5.1993818e-02
   190 :  9.3139795e-05  2.2184613e-04 -1.0125430e-04
   191 : -9.1332645e-20  3.4114423e-19  3.0219070e-19
   192 :  2.6406701e-02 -7.5437271e-04 -2.6572396e-02
   193 :  8.0135479e-02  3.3558862e-02  4.2751540e-02
   194 : -1.2235238e-02  1.7790032e-01 -1.8222466e-01
   195 :  7.8195086e-07  6.0273582e-07 -5.7651216e-07
   196 : -6.5275982e-17  4.9036699e-17  1.2208442e-16
   197 : -2.4073705e-16  3.9588991e-16  8.1079766e-17
   198 : -1.6365782e-05  4.5765974e-06 -1.5208110e-06
   199 :  1.9546796e-02  9.6519667e-02  1.6051524e-02
   200 : -3.2179707e-15  8.9144979e-15 -3.9201554e-15
   201 :  5.7549656e-02  6.8881078e-02 -3.6825020e-02
   202 : -1.5454727e-05  6.8794866e-06  5.3421299e-06
   203 : -1.7903615e-18 -1.9651567e-18  1.6331881e-18
   204 :  4.6213645e-07 -9.6802411e-07  1.2316114e-06
   205 : -9.0414066e-03 -4.0470695e-02  1.2114318e-02
   206 :  2.8878965e-18 -8.6491363e-19 -7.9045023e-19
   207 : -6.9044360e-16  4.0053246e-16 -2.7016985e-16
   208 :  4.8953145e-12 -2.5253582e-11  7.0139893e-12
   209 : -1.8427112e-01  7.9132865e-03 -2.0702477e-02
   210 : -3.4569967e-07  1.3727391e-06  8.2582150e-07
   211 : -6.4728661e-18  1.0575081e-18 -6.0573781e-19
   212 : -4.1339625e-03 -1.7753500e-04 -7.0487183e-04
   213 : -1.0228580e-15 -1.9597739e-15  4.2641407e-15
   214 :  4.1794933e-03 -7.4371756e-03  2.2010557e-02
   215 : -9.6128330e-02  9.8498450e-03  1.4117230e-02
   216 :  1.3891709e-03 -2.8512376e-03 -4.5833126e-03
   217 : -6.2009170e-22 -8.9384855e-23  3.7941150e-22
   218 :  9.6271060e-13 -1.3020059e-12  9.8241265e-13
   219 :  1.6549163e-02  3.2106830e-02  2.7736406e-02
   220 : -3.0551127e-10  1.6408125e-11 -3.1577535e-10
   221 : -3.3846954e-14  5.9791006e-15  7.8579689e-14
   222 : -9.3604766e-03 -3.5671500e-02  3.8504332e-03
   223 : -4.7726723e-02 -3.4708779e-02 -3.6861230e-02
   224 : -3.2441158e-05  1.0597109e-04 -4.8370995e-05
   225 :  3.2191165e-10  1.1084766e-09 -1.5566539e-09
   226 : -1.7162779e-13  5.4472551e-14  4.2690717e-14
   227 :  4.1701258e-07 -7.9220628e-08 -2.0293532e-07
   228 : -5.8448953e-05  6.9977334e-05  4.9341542e-06
   229 :  2.8381157e-08 -1.3571275e-08 -2.0570869e-09
   230 :  8.5858138e-15  1.0273770e-14 -7.5545348e-15
   231 : -3.1793797e-15  1.0350702e-14 -3.5361384e-15
   232 : -4.2986374e-22 -3.1585939e-22  3.2800774e-22
   233 : -6.8115498e-15  7.0767105e-15  1.9607217e-14
   234 :  4.0109332e-03 -8.8455835e-03 -7.1826114e-04
   235 : -6.1706079e-02 -2.2928158e-02 -2.8826256e-02
   236 : -1.1433707e-13  4.2364912e-14  7.0163829e-14
   237 : -4.8275203e-12 -6.3350173e-11  1.2540035e-10
   238 : -2.7627616e-20 -9.1002210e-21  2.5754134e-21
   239 :  4.6605711e-14 -4.2643565e-14  6.3445119e-14
   240 : -2.5953720e-17  1.6322984e-17  5.4471929e-17
   241 :  2.9102528e-02  3.1080793e-02  2.5861925e-02
   242 :  8.6760240e-03 -1.2488524e-02  6.8433545e-02
   243 :  2.7466419e-02  5.3740916e-03  1.8700637e-02
   244 : -1.2885399e-02  4.5371228e-04 -1.3341906e-02
   245 : -1.1538589e-13 -3.8825622e-14  2.4116042e-13
   246 :  2.9322719e-03  4.2938810e-03  2.2200293e-03
   247 : -1.9125054e-03 -3.0500171e-02 -1.4252293e-02
   248 :  9.0824529e-22 -5.3954484e-21  2.9266649e-21
   249 : -1.5848147e-10 -3.5215004e-10  1.6279976e-10
   250 :  3.2233228e-02 -9.4735373e-04  7.2461947e-03
   251 : -6.3628631e-05  1.9135959e-04  1.3187832e-04
   252 : -8.9068274e-14  4.2761711e-14  3.4275143e-14
   253 :  6.2401685e-18 -7.3470625e-18  6.1830518e-18
   254 :  2.2455511e-02  2.8684044e-02  2.1509399e-02
   255 :  2.7190328e-06 -8.5294183e-07 -5.3720271e-07
   256 :  4.1964187e-03  4.1440795e-03 -6.2277451e-03
   257 : -4.6238332e-02 -4.3751514e-02 -4.3214649e-02
   258 : -3.5667175e-07  2.5523138e-07 -9.0444892e-07
   259 :  1.5373691e-11 -1.2747455e-11  3.4280881e-11
   260 : -8.4466234e-03  6.7091014e-03  1.6388290e-02
   261 : -3.6970070e-06 -1.9586862e-06 -3.3015052e-06
   262 :  3.0643200e-13 -6.4725243e-14 -7.9162036e-13
   263 : -9.7742187e-15  1.2646084e-14  1.7421743e-14
   264 :  4.0582832e-06 -2.7598173e-06  4.2232172e-06
   265 :  3.2719978e-02  1.3521243e-03  3.5411637e-02
   266 : -5.5368699e-09 -8.7936632e-09  4.3931411e-09
   267 :  9.8239890e-09 -4.4505812e-09  3.0425266e-09
   268 : -3.9247632e-17 -2.3646662e-16  5.3473409e-16
   269 : -2.2840192e-02 -2.5221696e-02 -4.4543709e-02
   270 :  1.1975944e-07 -3.0712106e-07 -1.7142308e-08
   271 :  3.5227182e-02  1.5565674e-02  3.5087627e-02
   272 : -2.7985495e-08  1.3000732e-08  1.3476139e-09
   273 :  5.7435336e-15  1.9760941e-15 -1.5091609e-14
   274 :  1.5677284e-02  1.7929082e-02  3.8255394e-02
   275 :  7.4034199e-13  2.6879366e-12 -7.4694587e-12
   276 : -8.6143444e-03 -4.5377564e-03  1.9864256e-02
   277 : -4.7816144e-14  8.4269841e-14  6.4647180e-14
   278 : -2.3668456e-03 -3.5263380e-03  7.0299823e-03
   279 : -2.4697166e-08 -7.4845796e-06  2.0149296e-06
   280 : -3.2099417e-03  1.2108624e-02  2.7906602e-02
   281 : -1.7031248e-06  8.8222853e-06  5.4911894e-06
   282 :  2.1076973e-08 -1.1260491e-08  9.2937410e-09
   283 :  2.4566529e-11 -4.1654240e-11 -6.7153399e-12
   284 :  2.5209303e-13  9.5211639e-14  5.4722361e-13
   285 :  5.6483988e-02  3.7494095e-02  2.2434949e-02
   286 : -7.8592812e-03  1.7871998e-02  9.4530446e-03
   287 : -2.9554190e-03 -3.3954204e-03  5.7321984e-04
   288 : -5.2221652e-02 -2.9840847e-02 -5.3653643e-02
   289 :  5.5087245e-05 -1.1292956e-04  9.9949872e-05
   290 :  4.4918427e-02  2.1515231e-02  3.6442359e-02
   291 : -4.2116495e-06 -9.2959159e-06  4.2351959e-06
   292 : -4.8286389e-02 -4.8653512e-02  3.2540220e-03
   293 : -1.4752974e-11  1.0909331e-11  2.3238561e-11
   294 : -6.1966137e-03 -2.5895871e-03  1.2207763e-02
   295 : -1.7400339e-18  4.2830688e-18 -1.2917769e-18
   296 : -3.3214985e-04 -9.4526861e-03 -1.1677280e-02
   297 :  7.1459445e-06 -4.5004255e-05 -4.3101794e-05
   298 :  1.0055828e-05 -6.2837366e-05  3.5293988e-05
   299 :  3.8671849e-19  7.7550914e-20 -5.9457308e-19
   300 :  3.9240440e-03  3.5136534e-02  3.4593315e-02
   301 : -2.6576828e-05  2.1626264e-05 -1.0766564e-05
   302 :  2.7685511e-03  6.2343699e-03  8.7411988e-03
   303 : -3.0663485e-03 -3.9528080e-03  2.3257334e-03
   304 : -1.3355132e-03  9.6095781e-04 -3.8545885e-03
   305 :  7.7948782e-07 -5.6522742e-07 -1.5692126e-07
   306 : -4.2759105e-02 -4.2050073e-02 -4.4025946e-02
   307 : -2.8868734e-03 -2.5050841e-03 -1.9229575e-03
   308 :  6.2854468e-06  1.0574421e-06 -1.1924065e-05
   309 : -1.4043487e-18 -9.7121867e-19  3.2695427e-19
   310 :  3.0138397e-04  7.5186706e-04 -1.5253898e-03
   311 : -7.4980921e-03 -2.9543838e-03  1.6736694e-02
   312 :  1.6253098e-17 -9.0846886e-17  1.6919148e-16
   313 : -3.4255522e-11  1.0772561e-10 -4.0345986e-11
   314 :  1.2722978e-19  1.3910756e-19 -2.9579611e-19
   315 : -8.3373836e-14 -3.1710668e-13  9.6644892e-14
   316 : -4.4988933e-02 -4.3434668e-02 -2.4276245e-02
   317 : -4.4465348e-20  1.6574004e-19 -2.7854319e-20
   318 : -5.9013897e-03 -4.3898333e-03  4.4147823e-03
   319 :  1.8134320e-02  2.5838864e-02  3.0653103e-02
   320 : -1.3512342e-01 -1.3700061e-02 -9.8646182e-03
   321 : -2.6706040e-02 -4.7116437e-02 -5.4185781e-02
   322 : -2.5448297e-19  6.2239428e-19 -6.8931257e-20
   323 : -7.4586728e-20  2.0398511e-19 -4.3288782e-20
   324 : -3.5527527e-13  1.8436861e-12 -2.1027464e-13
   325 :  9.7848555e-11 -6.7451074e-11  1.4930966e-10
   326 :  1.9898245e-02  2.8395530e-02 -4.6530029e-03
   327 : -8.7714634e-02  5.3762221e-02 -2.3742934e-01
   328 :  3.3575500e-02  2.4509363e-02  2.1847672e-02
   329 : -7.5836871e-14  1.3363904e-12 -5.6285355e-13
   330 :  4.6648018e-21 -6.0482076e-21 -2.9693617e-22
   331 :  2.1612047e-07 -1.2709871e-07 -4.8484556e-07
   332 : -6.4408009e-03 -4.2184401e-03  2.6722940e-03
   333 :  3.5178720e-11 -1.2370059e-11  1.4684843e-11
   334 :  3.5071832e-02 -1.7440386e-02 -3.6968813e-03
   335 : -5.3881036e-04  7.4938511e-03 -1.5587685e-03
   336 : -8.7849776e-03 -5.2211090e-03  9.9862513e-03
   337 :  1.7789059e-18 -4.9569850e-17  7.0815586e-17
   338 :  3.5565132e-02  2.6152060e-02 -6.5314618e-03
   339 :  1.0699803e-12 -1.5147760e-12 -2.4428293e-12
   340 : -2.3068070e-03 -7.5870107e-03  4.5593951e-03
   341 :  6.4560844e-17 -5.5023425e-17 -1.5315216e-18
   342 :  2.5645644e-14 -7.7631506e-14 -6.5167518e-15
   343 : -5.3543001e-06  4.4595799e-06  8.1259487e-07
   344 : -1.0948944e-02 -8.2439968e-03 -6.1705509e-03
   345 :  2.5133356e-02 -1.8103397e-03 -8.1531159e-03
   346 : -2.9851885e-13 -1.7037127e-13  1.1840751e-13
   347 :  3.1649913e-02  1.4055128e-02  3.2585074e-02
   348 : -5.9047170e-06 -1.6692661e-05  1.0066820e-05
   349 : -2.2056263e-07 -2.8998342e-07  1.0981937e-07
   350 :  5.3803308e-03  2.6026024e-02  2.5959404e-03
   351 :  1.2472020e-10  1.2139772e-10 -1.0680321e-10
   352 : -3.0471789e-03  1.8733248e-02  5.6535125e-03
   353 : -2.0403723e-03 -3.3638284e-03 -5.9540868e-05
   354 : -4.5840109e-02 -1.7015148e-02 -3.2715141e-02
   355 :  8.3134939e-03  3.7655392e-02  2.4776942e-02
   356 :  4.9712364e-17  5.7316039e-17 -1.3620455e-16
   357 : -1.7802628e-02  4.0448779e-02 -6.0402683e-02
   358 : -2.0153115e-07 -2.4522454e-07  3.0710958e-07
   359 :  8.2132519e-24 -1.3187728e-25 -1.7956726e-23
   360 :  2.1897325e-03  2.7043715e-02  1.6684446e-02
   361 :  5.4289307e-10  5.0584205e-10 -4.5697024e-10
   362 :  1.5788454e-06  5.7834803e-08  1.5852850e-06
   363 :  7.0382891e-08 -1.6970662e-08  1.5739876e-08
   364 : -2.8895721e-09 -2.4444850e-09  2.9130675e-09
   365 :  4.2638488e-05 -5.0879883e-06 -7.5012720e-06
   366 :  1.8508759e-16  3.0230750e-16 -8.8579721e-16
   367 : -1.0139636e-04 -9.6838668e-05  3.6186466e-04
   368 :  8.5495620e-03 -1.1912555e-02  5.1692857e-05
   369 : -1.6154990e-06 -1.5108128e-06  8.8943105e-06
   370 : -4.9998313e-08  1.5319456e-07 -2.0019017e-07
   371 :  1.3630676e-16 -3.0643552e-16  5.7743171e-16
   372 :  1.0016943e-05 -2.6005874e-05  1.1739888e-05
   373 : -6.3880985e-04 -8.4732652e-05 -3.5072510e-03
   374 :  1.4129398e-02  8.8835343e-03 -1.0476503e-02
   375 :  1.5899433e-11  4.8035482e-11 -7.7156297e-12
   376 : -1.5987379e-17  2.8383457e-18  3.3327125e-17
   377 : -3.2106354e-05 -3.2080178e-05  1.6270252e-05
   378 : -3.5707428e-07  1.5661141e-06 -7.0512771e-07
   379 :  7.5145218e-21 -1.5732449e-20  4.7793190e-21
   380 :  5.7713094e-04 -1.0616518e-02 -8.8507291e-03
   381 :  1.1227243e-07 -2.1480897e-07  3.1954485e-08
   382 :  3.7209183e-10 -3.7008697e-10 -4.0864510e-10
   383 : -2.9338908e-02 -4.7468297e-02 -4.6764500e-03
   384 :  8.5961756e-12 -3.3758500e-10  4.2705970e-11
   385 : -2.4409935e-03 -3.5919668e-04 -2.7019982e-03
   386 : -4.4071327e-02 -2.4358174e-02 -3.6392912e-02
   387 :  3.1317571e-12  2.2740827e-12 -3.8013865e-12
   388 : -3.2536353e-02 -2.7878752e-02  3.1841398e-02
   389 : -9.7390051e-09  1.2666523e-08  1.3504282e-08
   390 :  6.4676339e-03 -1.5130065e-02  2.7529359e-02
   391 : -1.4432360e-07 -2.1695144e-07  1.3581121e-07
   392 : -1.8176255e-02  2.4508622e-02  1.3783056e-02
   393 :  5.7706313e-03 -2.3871811e-02 -4.2761804e-02
   394 :  1.5306744e-09 -2.9443412e-09 -1.5162160e-09
   395 : -4.3946712e-05  1.4351497e-05 -2.2086621e-05
   396 : -9.7331771e-21  1.6742010e-20 -4.1866933e-20
   397 :  4.3746643e-03 -4.1337498e-02  1.3738334e-02
   398 :  1.3413379e-04 -5.7198115e-04  7.1924152e-04
   399 : -8.9086746e-02 -3.5029454e-02 -3.9065154e-02
   400 :  3.3066754e-04  3.0892366e-04  4.0397646e-05
   401 : -6.1507766e-03  1.1578782e-02  1.1441282e-02
   402 :  1.7574841e-09  3.5656720e-10  1.0993225e-09
   403 : -2.2409135e-08  6.5212950e-08 -6.8161476e-09
   404 : -2.8624253e-17  1.1122172e-16 -8.4044922e-17
   405 :  1.3254143e-05 -4.0885798e-05 -5.7236743e-05
   406 :  4.3686301e-03  2.5223640e-02  2.6819276e-02
   407 : -2.4611161e-02  1.9736484e-02 -5.5438038e-03
   408 : -3.1923951e-02 -2.5495681e-02 -6.3623152e-03
   409 :  3.9339649e-04  2.2854024e-04 -1.7058692e-04
   410 : -1.5489209e-02 -2.8075755e-02 -2.8462390e-02
   411 : -1.1285326e-04  3.8857318e-04  1.0252599e-04
   412 : -7.5855362e-04  2.0719373e-03  4.8338524e-03
   413 : -7.3192918e-18 -5.1523036e-18  2.0951507e-17
   414 :  3.9564255e-05 -1.2801054e-03  1.7946654e-02
   415 :  6.1796373e-05  5.2487255e-04  1.3275608e-04
   416 :  2.0349156e-12  4.3610955e-13 -3.7009480e-12
   417 : -2.7552517e-04  2.8908938e-02 -6.7158996e-03
   418 : -4.9109988e-02 -4.1024997e-02 -2.7029418e-02
   419 :  5.4220116e-16 -1.8305214e-15  5.6610073e-16
   420 :  3.5028013e-15 -1.1866816e-14  4.6953331e-15
   421 : -3.5109988e-13  1.2261440e-12  1.1669827e-13
   422 :  2.9118096e-06 -2.4848211e-06  7.1198835e-06
   423 :  5.9084413e-04 -2.4353206e-03  5.5288238e-04
   424 : -1.3453328e-09  1.7183232e-09  1.6407936e-10
   425 : -3.4260148e-12  2.1821031e-11 -7.7184590e-12
   426 : -2.4689668e-08 -1.2975839e-08  2.0843701e-08
   427 :  4.7615618e-08  1.1869363e-08 -1.0612606e-07
   428 :  3.4694564e-09 -8.1206860e-09 -4.5563332e-09
   429 : -3.5723401e-03 -4.4147461e-03  7.5858648e-04
   430 :  2.7852099e-02  1.6418955e-02  2.9981763e-02
   431 : -3.4669796e-05 -2.6661388e-05 -6.1007402e-05
   432 :  9.2890552e-06 -9.6912138e-07  7.0098543e-06
   433 :  1.3008309e-17 -2.3475108e-17 -3.1434870e-18
   434 : -2.1617634e-02 -4.8705211e-02 -3.6650641e-02
   435 :  3.5971785e-04 -2.2197258e-04  4.7832011e-04
   436 : -2.0516423e-11 -1.1469300e-10  1.3010753e-10
   437 :  4.6411917e-02  2.8497286e-02  5.0749555e-02
   438 :  2.9119091e-02  2.3691767e-02  2.7827662e-02
   439 : -2.4726050e-03  2.8455429e-02 -1.5301909e-02
   440 : -1.6428011e-13  6.6919430e-13 -2.2312109e-13
   441 : -2.7376841e-19  2.2017261e-19 -1.4089788e-18
   442 :  4.1205644e-03  5.1427102e-03 -2.8665975e-03
   443 :  2.3766704e-05 -6.1508647e-05 -1.2254116e-05
   444 :  4.2727369e-04  4.7536285e-03  2.1872291e-02
   445 : -5.6828312e-06  2.1608446e-06  1.4875217e-06
   446 :  6.0600479e-03  1.7917963e-02  1.1112272e-02
   447 :  3.4765344e-07 -4.1403759e-07  2.4354768e-07
   448 : -2.3435621e-03  5.9597275e-03 -2.2510631e-03
   449 : -1.1209913e-17  2.4016281e-17  1.6472560e-17
   450 :  1.0608400e-18 -8.0080626e-19 -2.0176402e-18
   451 :  4.7941992e-02  9.5103020e-03 -2.7293359e-03
   452 :  5.7093494e-03 -1.5975744e-04  3.4648722e-02
   453 :  1.6917622e-02  2.1524668e-02  2.9040354e-02
   454 : -3.1996168e-02 -5.1660204e-03 -4.6523409e-02
   455 :  2.1102530e-08 -5.5550913e-09 -7.5605352e-09
   456 : -2.8522127e-03  8.0978720e-04 -1.9411276e-03
   457 :  1.1160335e-18 -3.0071522e-18  6.4874065e-20
   458 :  3.2995851e-08 -4.6407840e-08  3.4084015e-08
   459 :  8.5548403e-04  5.2413206e-04 -2.0164636e-03
   460 : -4.4224935e-03  1.1070600e-02 -4.3236539e-04
   461 : -2.0790919e-08 -3.1706057e-07 -8.6782116e-08
   462 : -2.8461874e-05  6.0415016e-05 -3.0567258e-05
   463 :  5.4789593e-13  1.2956210e-13 -1.4199757e-12
   464 :  3.0195137e-02  1.5650625e-02  3.1808249e-02
   465 : -1.3363595e-04  1.1758429e-04  4.0960060e-04
   466 : -2.1788293e-02 -6.8158511e-03  3.2595617e-02
   467 : -1.0717409e-13  3.7238388e-14  1.1183127e-13
   468 : -8.9223147e-12  8.7336771e-13  4.1046940e-12
   469 :  2.6773469e-20 -1.5864150e-20 -1.4744462e-20
   470 :  2.8142593e-18 -3.0842259e-18  1.9575910e-19
   471 : -3.9059023e-10 -7.0975190e-11  4.3827907e-10
   472 :  2.4401212e-13 -7.9722270e-13  5.2790814e-13
   473 :  3.6183427e-03  4.4725542e-03  5.8524556e-03
   474 :  4.7856847e-16  2.7461774e-16 -2.5196207e-15
   475 : -2.1024526e-09  4.2479629e-10 -1.3602863e-09
   476 : -8.3015812e-10  6.1779329e-10 -9.7420451e-11
   477 : -4.7955971e-20 -1.1592530e-20  1.1351275e-19
   478 : -3.1545871e-03 -9.4545888e-04 -1.2259586e-03
   479 : -3.0248335e-21  7.9077267e-21 -1.6196019e-21
   480 : -3.5802117e-02 -3.1885310e-02  8.3048996e-04
   481 : -9.0900063e-09  5.4544398e-12  1.8763588e-08
   482 :  2.8894029e-15  2.8356358e-14 -1.1635453e-14
   483 : -1.0928575e-02 -8.5662287e-03  1.4136218e-03
   484 : -2.9041317e-03  6.3876644e-04  5.1280749e-04
   485 :  4.4804331e-05  5.1386325e-04  1.0174450e-03
   486 : -1.3816944e-03 -1.5662419e-02  8.7576697e-03
   487 : -1.3051039e-03  2.0487918e-03 -7.1833877e-03
   488 :  2.6822491e-02  6.3757949e-03  5.2744678e-03
   489 : -1.1675468e-15 -9.3113242e-16  3.7798296e-15
   490 : -9.6779701e-14  2.9990092e-16  3.8712044e-14
   491 : -2.3506908e-14 -5.8426086e-14  3.8188517e-14
   492 :  1.5195543e-02 -1.4450352e-02  2.4425532e-02
   493 : -4.6876822e-03 -8.3467564e-03 -4.3713296e-03
   494 : -2.3278148e-02 -3.3040301e-02 -1.9210257e-02
   495 :  8.8088877e-06 -2.1946281e-06 -5.9784828e-05
   496 :  7.0364958e-12 -8.2494188e-11  6.5555381e-11
   497 : -2.2911378e-18  7.3569833e-18 -5.0047426e-18
   498 : -2.4362699e-16  2.7188129e-16 -4.3349919e-16
   499 : -7.7451995e-02  1.9692000e-02  5.1010457e-03
   500 : -5.4651274e-20  4.7755697e-20  2.8073188e-19
   501 : -5.7163157e-20  3.0568919e-19 -9.7395044e-20
   502 :  1.3187308e-02  3.9437850e-02  1.1101537e-02
   503 : -1.4389248e-04 -6.2437986e-03  2.1772555e-03
   504 : -7.4167959e-05  3.4378925e-04  6.0036913e-05
   505 : -2.4351689e-02 -4.7018653e-02 -4.8871561e-02
   506 :  4.0170405e-13 -1.0570003e-12 -8.4466603e-15
   507 : -1.6306128e-11 -8.7611746e-12  3.5017099e-11
   508 : -2.0343072e-12  2.2600914e-11 -6.2747718e-12
   509 :  2.7477337e-02 -2.0576566e-03  1.4849198e-02
   510 : -3.7785298e-12 -2.5721474e-11 -3.7805514e-11
   511 : -4.3880905e-07  1.8527134e-07  5.4525511e-07
   512 :  2.2857566e-08  5.4461302e-08 -1.4687725e-08
   513 : -7.1320793e-06 -9.8385982e-05  2.2248255e-05
   514 : -1.0651603e-04  5.8331915e-04  4.1880781e-04
   515 : -1.3584296e-02  3.3125502e-02 -4.2571014e-02
   516 : -3.6365568e-12 -1.2102252e-11  8.6216822e-12
   517 : -2.4475811e-02  1.7911998e-02 -1.7918589e-02
   518 : -1.0603301e-04 -1.5165544e-04  4.3311921e-04
   519 : -9.3587375e-07  1.5199328e-06  1.6111696e-06
   520 :  7.0410750e-06  1.1501359e-05 -3.5361289e-05
   521 :  8.1131676e-03  3.0201675e-02  2.5808015e-02
   522 : -3.1897268e-02 -9.1278705e-03 -2.6753601e-02
   523 : -6.3588732e-04 -1.5992967e-01  1.1379493e-01
   524 : -2.2391027e-05  3.5271355e-04  3.0194665e-05
   525 :  4.2091704e-04 -1.2152950e-04  1.5945955e-04
   526 :  9.6462874e-09 -6.1337445e-10  7.3783890e-09
   527 : -7.1950019e-17 -1.4707965e-15  1.7375614e-15
   528 :  3.9728993e-02  3.5219631e-02  4.0289766e-02
   529 : -8.8894145e-03  1.5704533e-02  1.8982806e-02
   530 : -2.6643394e-02 -5.2566603e-02 -3.3400172e-02
   531 :  2.3217631e-02  2.8819087e-02  1.5578499e-02
   532 :  1.1528605e-07 -3.6094986e-07 -1.2217936e-07
   533 :  5.5870399e-22 -1.4564228e-22 -1.7576805e-22
   534 : -1.2806978e-22 -4.4101449e-22  1.0799672e-21
   535 :  5.2095549e-15  1.1731085e-14 -5.7027832e-15
   536 : -1.9463393e-02  3.1152742e-02  1.9985685e-02
   537 :  5.0954574e-04  2.7780440e-03  4.8802236e-03
   538 : -4.6857371e-03  9.3626700e-04 -3.7237795e-03
   539 :  2.5671412e-16  3.7813512e-16 -2.5510044e-15
   540 : -3.4058169e-14 -3.5695370e-13  3.0490179e-13
   541 : -2.2505149e-14  2.9848805e-12 -2.2375630e-12
   542 :  5.0044378e-06 -2.3550445e-05  1.2017364e-05
   543 :  4.2726724e-16  3.4494216e-16 -4.0458081e-16
   544 : -1.0173664e-05 -3.7110906e-05 -3.1286856e-05
   545 : -2.5487729e-10  5.3016450e-11  5.4332027e-10
   546 :  5.3054631e-03  1.3577159e-02 -1.0158088e-02
   547 :  5.1943365e-14 -1.2094708e-13  1.1435479e-14
   548 :  2.8036631e-02  2.4599374e-02 -1.3792712e-02
   549 :  8.6493303e-12 -9.7077114e-13  6.3145913e-12
   550 :  4.5613272e-03  2.5089567e-02 -4.2162121e-03
   551 :  1.9114576e-04 -5.9972698e-03 -1.3999720e-02
   552 :  4.3326916e-03  1.8564912e-02  6.9999304e-03
   553 :  3.8137555e-02 -6.8969952e-03  1.0011503e-03
   554 : -3.4420180e-11  1.5550382e-10 -6.0482998e-11
   555 :  7.1090537e-06 -1.9641329e-05 -8.5020047e-07
   556 : -3.4929176e-12 -4.8178148e-12  5.6282477e-12
   557 : -5.0401662e-02 -6.2509339e-02 -6.4786118e-02
   558 : -4.1629800e-03  3.8088710e-03 -4.1459042e-04
   559 :  1.0270801e-02 -1.2866147e-02  1.3741458e-02
   560 :  2.3013233e-02  1.4032071e-02 -5.3226751e-03
   561 :  1.0231784e-02 -1.6279802e-02  2.5033534e-02
   562 : -6.8123742e-09 -7.0310187e-08  1.6035052e-08
   563 : -1.8770575e-18  6.5764357e-19  3.0027169e-19
   564 : -1.1973999e-02 -6.1979894e-03 -8.0360523e-03
   565 : -3.6428201e-02 -3.9150648e-02 -3.4261732e-02
   566 : -2.9953828e-13  2.6108048e-13  1.1162624e-12
   567 :  6.2700983e-06 -1.8929089e-05  8.4468763e-06
   568 : -3.9712707e-03 -1.0761365e-02 -3.7681221e-03
   569 : -8.6874617e-03 -5.7470835e-03 -2.0018198e-03
   570 : -1.3955213e-10  2.8424321e-10  6.2558872e-11
   571 :  6.3169630e-06  8.2377541e-06 -2.7138846e-06
   572 :  1.5029575e-19  5.9756449e-19 -2.7851732e-19
   573 : -2.1563951e-03 -2.2200665e-03  2.5613881e-02
   574 : -2.0268664e-03 -1.9848134e-03 -1.1630361e-03
   575 : -9.3669917e-03 -2.5019090e-02 -4.4671037e-02
   576 :  7.4198281e-04 -1.6011639e-03 -2.0699997e-03
   577 : -5.9972245e-02 -5.3979196e-02 -5.2395629e-02
   578 :  4.2097852e-21 -8.2752631e-21  3.4757943e-21
   579 :  2.6697743e-02  2.8501510e-02  7.3016659e-03
   580 : -2.4162780e-02 -1.4757144e-02  1.9417606e-02
   581 :  5.8579812e-11 -9.5243002e-11 -7.7450998e-11
   582 : -9.3290639e-21  1.3435952e-20 -3.6965792e-21
   583 :  9.5584873e-10 -4.8544925e-10 -2.4522015e-09
   584 :  5.5629218e-18 -1.1046934e-17  1.5509927e-18
   585 : -1.9472056e-02 -1.7929494e-02  2.6339655e-02
   586 : -3.1505643e-15 -1.8282611e-13  1.7039636e-13
   587 : -3.0859891e-09  1.6835734e-08 -8.4096247e-09
   588 :  1.5624191e-12  3.8789302e-13 -5.1495360e-13
   589 :  5.9349666e-02 -4.7579177e-02 -8.0984957e-03
   590 :  2.9887887e-02  2.2553608e-02  2.8767717e-02
   591 :  7.2309269e-20 -1.0228022e-19 -5.5644702e-20
   592 :  1.1710790e-12  6.7651124e-12 -1.5485415e-11
   593 : -4.3288931e-08 -1.9396810e-07 -2.2025606e-07
   594 :  3.5763582e-08  9.4524156e-09 -5.8884590e-09
   595 :  8.7733077e-05  1.5301220e-03 -3.5910674e-03
   596 : -2.7442148e-03 -2.6049249e-03 -4.5611486e-03
   597 : -1.1634859e-06 -1.3339512e-06  3.7235967e-06
   598 :  2.2034863e-08  3.1515759e-08 -1.9311689e-08
   599 :  9.1001480e-02 -1.7156440e-02  6.0106421e-03
   600 : -2.6111783e-04  4.9962678e-04  3.0345779e-04
   601 :  2.7512708e-02  8.1225380e-03  8.8900407e-03
   602 : -2.0384303e-13 -2.9948017e-13  9.3403353e-14
   603 : -5.2212772e-16 -2.9964958e-15  1.7706385e-15
   604 :  1.7768182e-09 -1.5693674e-09  1.5293442e-09
   605 :  2.7250092e-07 -6.7424832e-07 -2.9032469e-07
   606 :  3.4443093e-03 -2.6235780e-02 -9.1718926e-03
   607 :  5.6954097e-06 -6.7911456e-05 -3.7086188e-05
   608 : -5.1918049e-13 -3.2663218e-12  8.1602387e-13
   609 : -2.3367396e-10  4.0726157e-10 -2.4522553e-10
   610 :  2.1912317e-15  5.5283086e-15 -1.3940318e-14
   611 :  2.7985224e-02  1.8153742e-02  6.9899456e-03
   612 : -1.5371403e-05  3.0866827e-06 -6.4151248e-05
   613 : -5.3766667e-07  1.8578086e-06  1.5123144e-06
   614 :  1.0642004e-01 -7.8592091e-02  1.3413491e-01
   615 :  3.4891368e-05 -1.1693404e-05 -6.3510310e-05
   616 : -3.7297757e-17  2.7020265e-17  3.7445700e-17
   617 : -9.8818897e-06 -1.4382835e-06  4.6179677e-06
   618 :  1.7509200e-08  1.4610763e-08 -1.4888772e-08
   619 :  2.6489090e-13 -4.2583785e-14 -5.7843791e-13
   620 : -1.1171764e-08  8.5398832e-09  1.4896295e-07
   621 :  3.2100360e-05 -6.8572407e-05 -9.7707097e-05
   622 : -3.2246553e-02 -2.7152951e-02 -1.7546386e-03
   623 :  3.0226264e-02 -1.8982659e-03  2.5226855e-03
   624 : -1.3338299e-05  1.6293583e-04 -5.0236781e-05
   625 : -5.5733150e-06 -2.8373780e-05  1.5326953e-05
   626 :  7.8076983e-21 -3.0554173e-20  1.0869247e-20
   627 :  6.2746456e-16 -3.7592973e-14  3.6512636e-14
   628 :  7.0302173e-09  1.2245018e-08 -8.7588074e-09
   629 :  1.7719747e-02  3.2140508e-02  2.7896500e-02
   630 : -4.9690254e-02 -3.2048290e-02 -4.3811712e-02
   631 : -2.0311607e-07  2.1106285e-06  2.9539996e-07
   632 :  8.8914906e-17 -1.5883308e-16  1.7397839e-17
   633 :  3.3007509e-02  1.6757621e-02 -1.4404232e-03
   634 :  1.1029080e-05  1.6395931e-05  6.1543954e-05
   635 :  4.5382690e-03  2.6775297e-02  2.6151530e-02
   636 : -1.0527548e-02 -6.7851203e-03  9.4306080e-04
   637 : -2.1355455e-02 -1.1095926e-02 -3.3579227e-02
   638 : -1.4139003e-02  8.6316002e-03  1.2261401e-02
   639 :  5.8699811e-03  1.3184075e-02  3.1119817e-02
   640 : -1.7288034e-02  2.1400737e-02 -8.2860831e-03
   641 : -4.3896765e-13  9.1117335e-13  3.7826635e-13
   642 : -3.7735536e-04 -5.8748116e-03 -3.9841657e-03
   643 :  2.2278671e-03  2.0483768e-02  2.7622407e-02
   644 :  5.1086630e-02 -2.9375552e-03  6.7151071e-02
   645 :  1.1109888e-03 -2.4336570e-03 -7.4257299e-04
   646 : -1.6637024e-06  1.5453587e-05 -5.1941843e-05
   647 : -1.9273486e-02  3.4316556e-02 -2.7152811e-02
   648 :  2.6329694e-04 -1.8801030e-04  2.4474298e-04
   649 : -4.5454121e-04 -9.1258930e-03 -2.3549925e-03
   650 : -2.6474124e-05  1.6975433e-06  1.6445926e-05
   651 :  1.9647443e-02 -6.1448002e-03  2.0409494e-02
   652 : -1.1041453e-04  3.0929718e-04 -8.3645694e-05
   653 : -6.6718897e-02 -2.9829645e-02 -3.6630145e-02
   654 : -1.0353379e-09  1.4464209e-10  9.3307988e-10
   655 :  1.0845820e-05 -9.4371321e-05  1.8239664e-04
   656 : -1.2575843e-02  1.2409206e-03 -4.5032942e-02
   657 : -2.5756562e-03 -4.8645775e-02 -3.1601110e-02
   658 : -2.5745106e-04  4.6856621e-04 -5.4591074e-04
   659 : -3.7219030e-03  5.9893052e-03 -2.2943130e-03
   660 : -1.6752485e-02 -3.2992765e-02  2.4047340e-03
   661 :  4.9458117e-02  9.1051064e-02  2.4124039e-02
   662 : -5.4179596e-09 -8.6902865e-09  3.1081139e-08
   663 :  3.9058987e-03  2.8061694e-03 -2.2013316e-02
   664 : -2.3502343e-02 -3.0205095e-02  8.8406736e-03
   665 : -3.3406471e-02 -4.3241306e-03 -1.9914937e-02
   666 :  6.0980628e-17 -6.1343812e-17 -7.7414687e-17
   667 : -1.0744425e-10  5.3468453e-11  1.0823302e-11
   668 :  8.0462099e-04  2.2951865e-03 -7.7996274e-03
   669 :  1.0871065e-20 -8.2166850e-21 -2.1763708e-20
   670 :  7.6796243e-03  2.2475079e-02  2.8186696e-02
   671 : -1.1092448e-02 -2.5990254e-03 -2.1154386e-02
   672 : -5.7165064e-03 -6.1710670e-03 -7.5754912e-03
   673 : -1.1651107e-07 -8.6397029e-08 -2.6597286e-07
   674 : -3.1539330e-06  2.4817246e-06  7.8196806e-06
   675 :  1.2145086e-06 -3.1535511e-07  8.2561372e-07
   676 : -8.7474115e-04 -4.8453317e-03 -6.9574642e-04
   677 : -1.3021631e-05 -1.2353233e-05 -8.2909358e-06
   678 : -4.7532738e-03 -6.7006776e-03 -8.6481110e-03
   679 : -3.2626108e-03  2.9070908e-02 -4.9521165e-04
   680 : -4.2371517e-03  3.2910503e-05  9.2137344e-03
   681 : -9.1523771e-12  1.0449796e-11 -1.5431660e-11
   682 : -1.5715858e-12  1.2467389e-11  2.4168794e-11
   683 : -3.6991674e-10  4.1593238e-10 -7.1098093e-11
   684 : -1.4156632e-13  2.4161489e-13 -1.1885412e-13
   685 :  2.1995226e-04 -2.8499704e-03 -1.7019515e-03
   686 :  2.4775796e-06  7.0416057e-07 -1.0572891e-07
   687 : -1.3052622e-12 -1.3455032e-12  3.5895571e-12
   688 : -3.7949457e-09 -8.1694374e-07  9.9293269e-07
   689 :  5.3891544e-03  4.5874974e-03 -2.9242564e-02
   690 :  1.7916203e-04  2.8893999e-05 -8.1751984e-05
   691 : -2.9724598e-03 -9.1244619e-04 -2.3052302e-03
   692 :  5.1784636e-04  5.3078416e-04 -1.1505753e-03
   693 :  2.0146882e-20 -4.2384500e-20 -2.3556823e-20
   694 : -3.4271164e-14  7.4173282e-14  3.0234413e-14
   695 : -1.0490775e-02  1.5150076e-02  4.7534831e-03
   696 :  2.3621106e-02  3.1312712e-03  2.1907371e-02
   697 : -2.7648164e-04  4.8492124e-04  6.7371877e-04
   698 : -4.5099662e-02 -1.0699788e-02 -4.2422308e-02
   699 :  3.9609147e-08  3.9793769e-08 -1.3605209e-07
   700 : -5.3532702e-19 -2.7358348e-19  1.2095557e-18
   701 : -6.8883853e-18  4.2998811e-17 -1.7940755e-17
   702 : -1.2934150e-10  4.4688169e-10  1.1539908e-10
   703 : -6.3479741e-02 -5.3573484e-02 -4.9154330e-02
   704 : -1.9327088e-04 -7.7935604e-05  4.0436185e-04
   705 : -3.5236554e-14 -1.4633437e-12  8.2756607e-13
   706 : -2.4829721e-01  1.3749602e-01  5.4267493e-03
   707 :  3.8236525e-02  4.6879936e-02  1.6864929e-04
   708 :  5.0406618e-03  3.1206113e-04 -6.4517941e-03
   709 : -1.4033698e-05  9.7854151e-06 -1.3760426e-05
   710 :  3.2550685e-08 -9.9282548e-09 -1.2243138e-08
   711 : -3.1328292e-05 -1.0304296e-05 -2.4547553e-05
   712 :  4.3287159e-04 -3.2063437e-03  5.1118126e-03
   713 :  1.8656807e-04 -1.8972022e-05  4.4190938e-04
   714 : -5.3497189e-02 -3.4431009e-02 -4.6960597e-02
   715 : -1.7285022e-03  5.1877495e-04  4.7817484e-04
   716 :  2.9606063e-14 -8.3440654e-14  1.4745335e-13
   717 :  1.9596824e-02  3.1159079e-02  2.1555848e-02
   718 :  1.3694146e-04 -6.4281780e-05  2.3631957e-04
   719 :  3.4036669e-02  3.5112479e-02  1.8769582e-02
   720 : -3.0990766e-03  1.7049549e-02 -1.4035163e-02
   721 :  6.5548825e-02 -7.8731573e-02 -1.5436526e-03
   722 : -5.6509972e-13  9.3876060e-12 -5.3762034e-12
   723 :  1.2472385e-12  9.2602422e-11 -7.6203700e-11
   724 :  2.0169193e-11 -1.3843834e-11  5.5301433e-12
   725 :  4.6794319e-03 -2.1893957e-03 -5.9437815e-03
   726 :  4.9152165e-07 -5.1156950e-07 -4.6225495e-08
   727 :  2.5899360e-03  6.1791843e-03 -7.9856059e-03
   728 :  2.0485108e-02  2.6324526e-02  2.7912767e-02
   729 : -4.3112350e-03  3.1868432e-04 -3.5195875e-03
   730 :  3.5637043e-04  2.5861179e-05  2.7897592e-04
   731 :  1.0543816e-11 -1.8080933e-11  3.9636475e-12
   732 :  1.2940313e-08 -3.9438465e-09 -5.5913898e-09
   733 : -3.7773209e-04 -5.5084832e-04  3.7984665e-04
   734 : -4.6691178e-02 -8.0283311e-01  7.8457236e-01
   735 :  5.7258859e-04 -1.9257590e-03  2.5215584e-03
   736 :  2.7570973e-02  8.5469998e-03  8.0097655e-03
   737 :  2.7849008e-06  1.0328817e-06  4.6814385e-07
   738 : -6.1207050e-03  2.4553083e-03 -6.2887158e-03
   739 :  3.2676856e-02  3.4360503e-02  4.7242545e-02
   740 :  7.3913128e-04 -2.4486719e-03  2.3626161e-04
   741 : -4.3356591e-03  1.0627341e-02 -1.8018813e-02
   742 : -5.8218869e-05 -5.5554198e-05  1.5138345e-04
   743 : -1.5208516e-03 -7.2684085e-04 -2.5599974e-03
   744 : -7.3278394e-02 -4.6349859e-02 -6.3300116e-02
   745 : -4.3163192e-12  7.0068797e-12  1.6123616e-12
   746 : -7.6043601e-10  3.8172036e-11  1.5901908e-09
   747 : -9.8527500e-08 -1.4951979e-06  1.7541619e-06
   748 :  4.0068945e-04  4.7206050e-04 -1.6295430e-03
   749 :  2.4896668e-02  2.2671710e-02  2.4736914e-02
   750 :  5.5722255e-13  1.2315703e-12 -2.8056685e-12
   751 : -3.1311174e-02 -2.7889999e-02 -4.7389923e-02
   752 : -4.9721314e-06 -5.8271613e-05 -1.5878704e-05
   753 :  3.3239182e-02  2.3575628e-02  2.4448206e-02
   754 : -1.1334829e-11 -4.5840322e-10  1.7074588e-10
   755 : -6.2866004e-02 -4.5355831e-02 -7.8703390e-02
   756 :  6.4394294e-06 -3.8756434e-06 -5.0566763e-06
   757 :  2.3269386e-20  1.6787217e-20 -1.5050627e-20
   758 :  3.6144727e-02 -6.1477989e-02  3.5032732e-02
   759 :  3.0932421e-04 -1.1765516e-04  4.1237605e-04
   760 :  8.8803271e-08 -3.0220592e-07 -3.7028594e-08
   761 :  6.8960581e-04  1.5302790e-04 -1.2826034e-03
   762 :  3.3968782e-02  2.8459202e-01 -2.2686811e-01
   763 :  2.2990098e-15 -6.3615571e-15  2.0919650e-15
   764 :  1.6907394e-16  7.3510489e-16 -4.5435729e-16
   765 : -4.5245269e-02 -3.2371036e-02 -4.7645959e-02
   766 : -8.8127644e-07  7.8281797e-06  1.4876300e-06
   767 : -6.4819468e-02  4.8412331e-01 -5.6605494e-01
   768 :  2.5575966e-13  6.8366228e-13 -8.0718541e-13
   769 : -6.3865777e-02 -5.0649924e-02 -5.8359589e-02
   770 : -1.4956296e-03  5.2107196e-04  4.8271993e-04
   771 : -3.5397899e-03 -4.2502811e-02  3.4482755e-02
   772 : -2.3513281e-02 -5.1825267e-03 -3.6112974e-02
   773 :  1.0588821e-05  4.0671433e-07 -2.2126550e-05
   774 : -4.1753181e-02 -5.2230088e-02 -3.0188175e-02
   775 : -4.0532823e-02 -3.4278836e-01  2.5145413e-01
   776 : -9.9172298e-07 -3.5642026e-05 -1.9018863e-05
   777 :  6.8970888e-04  4.3298342e-04  1.1333638e-04
   778 : -1.4526803e-03 -2.7329520e-03 -5.9257480e-04
   779 : -8.8329961e-10  1.2175034e-09 -1.6739822e-10
   780 :  1.0827347e-01 -9.4116859e-03 -7.2572632e-02
   781 : -3.6201953e-12  2.3226951e-12 -2.6472204e-12
   782 :  4.6269180e-21 -4.3747630e-22 -9.0242729e-21
   783 : -8.3390782e-04 -7.8866789e-04 -3.3305641e-03
   784 :  1.5988471e-04  6.7846134e-04 -2.6030021e-04
   785 :  6.9519921e-12 -1.7419867e-11  1.8500916e-12
   786 : -3.6177673e-02 -5.8752497e-02 -6.2280800e-02
   787 : -1.7470726e-02 -1.1588096e-02 -3.1218729e-02
   788 :  1.5789675e-12 -2.8516134e-12  5.8926701e-13
   789 : -1.4764481e-11  1.0603445e-10 -1.6497738e-10
   790 : -2.6952710e-03 -4.7962785e-03 -2.0852722e-03
   791 :  1.6520598e-02  4.6171018e-03 -1.2868373e-02
   792 : -3.5904356e-02 -4.9591142e-04 -2.9904342e-02
   793 : -2.2058997e-02  3.8156269e-03 -5.9601570e-03
   794 : -2.4294011e-03 -3.3099325e-03 -1.6804689e-03
   795 : -4.6910614e-02 -2.7346465e-02 -4.0674107e-02
   796 :  1.8052151e-03  1.7137082e-02 -4.3063584e-03
   797 : -3.6175999e-13  2.5626377e-12 -4.7842313e-12
   798 :  1.8669714e-02  3.5944987e-02  6.2022231e-03
   799 : -4.6941484e-07  3.6874539e-06  3.1128058e-06
   800 : -5.2881095e-02 -4.4574199e-02 -5.8073284e-02
   801 : -5.9632793e-11 -1.1691273e-10  2.4820494e-10
   802 :  6.1330992e-04 -1.9684414e-03  1.0854085e-03
   803 :  8.2943080e-09 -2.0238579e-07  7.8857650e-08
   804 : -4.4124922e-02 -4.8314711e-02 -5.6986915e-02
   805 :  4.9675928e-04  1.9582868e-04  4.5601952e-04
   806 : -4.8668950e-10 -3.9056545e-11 -4.8003171e-10
   807 : -1.3377421e-13 -8.3976800e-13  8.7585922e-13
   808 : -5.6583164e-02 -5.8994781e-02 -4.8037702e-02
   809 : -4.8315412e-07  2.0955149e-07 -5.1885452e-07
   810 : -3.2712815e-13 -1.9032533e-11  4.5837980e-11
   811 : -6.3763244e-21  2.3105546e-21  1.0156539e-23
   812 : -4.1706469e-05 -1.0394495e-05 -2.1433861e-05
   813 :  2.0951874e-04  3.9574352e-04  7.4519520e-04
   814 :  5.0852793e-20  4.1968580e-21 -5.9540053e-20
   815 : -8.5728623e-23  4.4122844e-22 -6.4759970e-22
   816 : -7.2442102e-19 -2.6728022e-18  1.7063174e-18
   817 : -4.0985113e-19 -6.2030293e-20  8.4039052e-19
   818 : -1.2359066e-20  1.3880994e-19 -1.0178269e-19
   819 :  6.7349079e-05 -2.2147291e-05 -2.4812941e-05
   820 : -1.9650893e-20  5.6154678e-20 -1.1966160e-20
   821 : -3.8553816e-02 -1.0207603e-01  1.3983017e-01
   822 :  8.1292143e-04 -2.8386386e-03 -1.4647979e-03
   823 : -1.5416592e-08  3.7675538e-08 -7.6210396e-09
   824 :  3.9245336e-08 -2.1134143e-08  2.2011639e-08
   825 : -1.0803592e-14 -6.2499270e-15  3.1875914e-14
   826 :  2.0223650e-03 -4.7582278e-02  5.5520879e-02
   827 :  3.5026932e-10 -2.4630768e-10 -4.6266526e-11
   828 : -6.9728507e-07  2.7329593e-06 -9.2649719e-07
   829 :  5.1546165e-04  3.5432652e-03 -4.4131743e-03
   830 :  5.6105756e-02  5.0979378e-02 -2.6692634e-03
   831 :  7.0098376e-02 -6.8465263e-01  7.7078764e-01
   832 : -1.0279131e-04  1.7143983e-04  2.9601384e-05
   833 :  5.3518921e-02  2.3707796e-01 -1.0650481e-01
   834 :  3.2837595e-19 -3.3164925e-19  5.3102180e-19
   835 : -6.8413901e-22  1.8089062e-21 -3.2916505e-21
   836 :  4.0153065e-04 -1.1576409e-04 -1.0656538e-04
   837 : -3.4542747e-11  2.5623775e-11 -7.0474739e-12
   838 :  1.9747074e-02  1.5448980e-02  2.9296144e-02
   839 :  1.5783691e-08  9.6524178e-08 -1.4756680e-07
   840 : -2.0382589e-11  1.1263657e-10 -1.9571291e-10
   841 : -1.2076534e-08  4.3730834e-09  2.9710428e-09
   842 : -1.8233804e-05 -2.9970607e-05  1.0715266e-05
   843 :  1.7040082e-09 -3.6914532e-09  3.0761913e-10
   844 :  9.1388641e-05 -8.8878148e-05  1.0396006e-04
   845 :  1.8219701e-14 -2.3762477e-14  4.3673862e-14
   846 : -1.8308925e-03 -1.3899428e-03 -3.5321122e-03
   847 :  4.0051179e-06 -2.5216249e-06 -2.2521278e-06
   848 : -7.6431353e-23 -2.9847804e-23  4.6386249e-23
   849 :  9.4608055e-08 -1.5705935e-07 -8.3373984e-08
   850 : -4.3463462e-07  5.3955624e-07 -1.5642611e-06
   851 : -2.7335561e-08 -1.0388463e-08  1.0978631e-07
   852 : -1.2954609e-15  3.6490068e-15 -1.5809535e-15
   853 :  3.4327442e-02  9.8234506e-03  4.4196470e-02
   854 :  2.8569189e-24 -1.4576616e-23  7.1163567e-24
   855 :  8.3568902e-03  3.4132762e-02  3.0817059e-02
   856 :  3.4521178e-03 -5.6348779e-03 -1.1189815e-03
   857 : -1.1528525e-03  3.4497820e-02 -5.4257927e-03
   858 :  1.5104344e-02 -2.8291899e-03 -4.7561669e-03
   859 : -3.1690270e-15  7.0501985e-15  2.0127661e-15
   860 : -3.6137069e-03 -3.8807903e-03  7.7973048e-04
   861 :  5.5380500e-05  2.7551495e-04  1.6974525e-04
   862 :  4.1461658e-04 -2.3911334e-05  9.3306793e-05
   863 :  3.0503549e-02  1.9663612e-02  2.2354990e-02
   864 :  1.8594998e-02  1.5151437e-02  4.2558724e-03
   865 : -3.3813331e-02  4.1011887e-01 -4.7216574e-01
   866 :  1.1580582e-02 -6.9758278e-02 -1.2062053e-01
   867 : -3.2599902e-02 -4.8107511e-02 -1.8878777e-02
   868 :  1.4911350e-05 -3.5959098e-05 -5.4753163e-05
   869 : -2.6835938e-05 -1.0946380e-05  2.0328030e-05
   870 :  2.5281734e-05 -4.1126038e-05  1.2057821e-05
   871 :  1.6538631e-02  1.1565186e-01 -6.4196515e-02
   872 : -5.7429682e-03  1.5985490e-02  3.0466099e-02
   873 :  1.2661850e-02 -7.2660801e-03 -2.7430871e-02
   874 : -3.2142412e-02 -2.4514355e-02  1.8921703e-02
   875 : -4.4631602e-09  6.8838270e-10  2.0612098e-09
   876 :  9.9856365e-09 -6.7655462e-09 -1.6657523e-08
   877 :  1.6611665e-19 -2.1509073e-19  2.7495404e-19
   878 :  6.8618684e-20  5.2916046e-19 -7.7667920e-19
   879 : -4.9362596e-10  5.7757179e-10 -5.9314540e-10
   880 : -1.7004946e-08  9.3603082e-09  4.5462252e-09
   881 :  1.0997529e-19 -2.6895700e-20 -5.4064280e-20
   882 : -4.5590305e-19  5.2450296e-19  5.4557070e-19
   883 :  5.3891733e-10 -2.4109640e-10 -1.0614944e-11
   884 : -5.4156646e-10 -4.2338554e-09  1.5410135e-09
   885 :  9.4583296e-04 -4.0543919e-04 -1.0183588e-03
   886 : -2.9683863e-04  8.6568286e-05  3.7422308e-04
   887 : -3.7592260e-03 -2.8061164e-03  9.4471012e-03
   888 :  1.2771472e-02  1.7465674e-02 -6.0237401e-03
   889 : -2.3489282e-03  5.4287688e-03 -3.7840626e-02
   890 : -2.7060221e-02 -4.0560018e-02 -1.6086204e-02
   891 : -1.8744226e-10  3.0775417e-09 -5.8219771e-09
   892 : -5.9058491e-08  1.6986982e-07 -3.1154525e-08
   893 : -2.4272562e-03  1.0212210e-03  7.2948787e-04
   894 : -8.0873322e-04 -6.7658596e-04 -2.8824034e-03
   895 :  4.4240181e-02  8.5497460e-03 -8.9508128e-02
   896 : -4.3539273e-02 -3.6656424e-02  1.1731398e-02
   897 : -3.4935224e-10  8.1937928e-11  5.6579079e-11
   898 : -1.7208478e-10 -1.8704222e-10 -2.2584192e-10
   899 : -1.4584449e-02  3.7404583e-03  2.2319307e-03
   900 :  4.8504025e-05 -2.5698410e-02 -1.2527570e-02
   901 :  3.6095814e-04 -1.3946111e-04  2.1090127e-05
   902 : -7.4244511e-04 -2.5662527e-03  1.4477063e-03
   903 :  3.0751154e-02  3.7260187e-02  1.4384579e-02
   904 :  1.2596798e-02 -2.5661997e-03  3.0173660e-02
   905 :  4.5207623e-03  3.8922045e-03  1.4826860e-02
   906 : -5.1443856e-03 -3.3643342e-02 -3.3915180e-02
   907 : -4.1996630e-02  3.4343396e-02 -7.7148916e-03
   908 :  5.2230586e-03 -6.4813500e-03 -6.3199443e-03
   909 : -3.4206102e-03  2.7704321e-02 -5.5117194e-03
   910 :  2.1343039e-02  5.2706611e-03  1.3049332e-02
   911 :  1.7785994e-02  2.9774167e-02  2.1954952e-02
