Number of elements 912
     0 :  1.4257396e-15  3.7060569e-17 -3.3679905e-15
     1 : -5.6842811e-09  1.3180603e-08 -7.0986104e-10
     2 : -1.9879102e-01  5.3900089e-03 -1.5130639e-01
     3 :  2.8232039e-11 -2.2141820e-11 -4.1140676e-11
     4 : -3.4698793e-02 -2.0137036e-02 -2.8712136e-02
     5 : -8.0528375e-02  3.4546228e-03 -1.3397500e-01
     6 : -1.1298629e-24 -3.3653370e-24  5.8022799e-24
     7 :  1.3522868e-08 -5.7310690e-08  2.6814781e-08
     8 :  1.5200903e-07 -8.6846886e-08 -8.0001125e-08
     9 :  1.7023701e-22  5.1168311e-22 -8.5497626e-22
    10 :  7.1165788e-08  3.5571276e-08 -2.9378671e-07
    11 :  3.0550002e-26 -6.6628410e-25  5.7027389e-25
    12 : -1.3628690e-01 -2.4014740e+00  2.0712614e+00
    13 : -1.8869359e-06  1.2933373e-05 -2.1512277e-05
    14 : -2.6364161e-12  1.3343781e-12  1.5276620e-12
    15 :  1.7643710e-06 -1.2535422e-06  2.9494054e-06
    16 : -4.9070955e-26  7.8129955e-27  1.0013495e-25
    17 :  4.9185025e-18 -2.1264139e-18 -1.1336524e-17
    18 : -4.3009195e-07  1.4503970e-06 -2.0621503e-07
    19 : -1.8433424e-30  1.4783084e-30  1.8437103e-30
    20 : -7.3550498e-18  1.9575445e-17 -6.2426419e-18
    21 : -6.9532144e-05 -7.6057417e-05  1.1646601e-04
    22 : -6.2600009e-05 -4.2881152e-05  2.5794623e-05
    23 : -3.2852365e-28  2.3684580e-28 -6.5976526e-29
    24 :  1.3517449e-08 -3.9009198e-08  3.5031699e-09
    25 :  1.2556931e-29 -2.4968019e-29  5.2567129e-30
    26 :  2.1521695e-08  2.2660793e-08 -7.3203959e-09
    27 :  3.2588284e-05 -3.5007715e-05 -3.4623236e-05
    28 : -1.4708119e-05 -2.6767708e-05  1.4576458e-05
    29 : -1.0080066e-09 -3.7235897e-09  5.8112894e-09
    30 : -2.6203314e-07  7.2225563e-07 -7.3681584e-08
    31 : -7.1295862e-12  2.7653130e-11 -9.0062225e-12
    32 :  4.0053684e-24 -1.2420119e-26 -5.3302419e-24
    33 :  7.2902637e-05  4.7214615e-05  3.1452031e-04
    34 :  1.0270443e-31 -2.4816115e-31  1.7015103e-32
    35 :  2.1046310e-11  1.9545293e-11 -8.6088734e-11
    36 : -5.7974083e-02 -1.5666691e-02 -1.5009663e-02
    37 : -2.1358411e-03 -2.7502990e-03  2.2566545e-03
    38 : -2.7630894e-05  2.8116521e-05 -4.7458789e-06
    39 : -8.8359758e-10  3.2389543e-09 -2.8876030e-09
    40 :  5.1418062e-10 -3.2003268e-09  1.2262898e-09
    41 :  1.6513702e-05 -3.9294579e-05  7.6372834e-06
    42 :  8.4901490e-30 -3.5250001e-29  2.3517897e-29
    43 :  1.9468545e-16 -2.9091411e-16 -1.4659429e-16
    44 :  4.3349257e-04  1.2244105e-03 -1.4009143e-03
    45 : -6.3736899e-13  5.3222818e-14  5.6935944e-13
    46 :  1.3575118e-13 -2.5918239e-14 -1.7000331e-14
    47 : -4.3810166e-23  2.7044173e-23 -2.0057501e-23
    48 : -4.3043853e-26 -3.3820000e-25  1.2336244e-25
    49 :  7.9538866e-07 -2.5022262e-06  7.6566444e-07
    50 :  3.1865564e-04  1.7019824e-04  4.4860366e-05
    51 :  4.1823943e-02  8.6785685e-02  1.1037703e-01
    52 :  3.0942007e-07 -1.8135112e-06  4.4356363e-07
    53 : -2.2616499e-24  2.6790333e-24 -3.3733254e-24
    54 :  6.3176206e-05 -1.6116373e-05  7.7780660e-05
    55 : -1.2348493e-05 -6.5751680e-06  7.3864236e-05
    56 :  1.1865786e-03 -1.1565250e-01  2.5470523e-03
    57 :  3.8039792e-06 -4.4451346e-08  1.1607425e-06
    58 : -5.6776933e-02  1.6016555e-01  8.2000435e-02
    59 : -6.0170961e-07 -4.7675895e-07  1.9081075e-07
    60 : -1.7363666e-04 -4.7105664e-05  3.3787993e-04
    61 :  3.4579922e-02 -3.1794004e-02  1.0430504e-01
    62 :  2.1124252e-08  3.8157712e-08 -1.8164337e-08
    63 : -6.5740152e-04 -1.8240714e-04  5.2448778e-04
    64 : -1.6315483e-08 -2.0128325e-08  6.3948129e-08
    65 : -2.3117306e-10 -1.2472210e-09  3.5229226e-10
    66 :  3.0526537e-11 -1.6241336e-10  6.2290997e-11
    67 : -3.8132887e-26 -7.2475209e-26  1.7783091e-25
    68 : -1.0191528e-24  2.5617712e-24 -2.9553658e-25
    69 : -5.9869190e-26  1.0166227e-25  4.4023461e-26
    70 : -5.6030233e-14 -3.5732885e-14  1.4677248e-13
    71 :  1.6458248e-03 -1.9482515e-03 -2.0401815e-03
    72 :  6.4290377e-27 -2.0744545e-26  6.7709618e-27
    73 :  3.2763200e-03 -4.3566353e-03 -4.7298731e-03
    74 : -1.0083388e-20 -3.1135785e-19  2.0094635e-19
    75 : -3.4206897e-19 -5.0687494e-19  3.8961747e-19
    76 : -2.5915106e-27  1.0084803e-26 -3.3639534e-27
    77 :  7.7780847e-20 -1.9891232e-19  1.4742349e-20
    78 :  8.8794837e-23 -3.2067124e-22  8.3162102e-23
    79 : -1.6794978e-16  1.4004212e-16 -1.7458492e-16
    80 :  2.8802630e-36  1.0425987e-35 -6.6511776e-36
    81 : -3.8166641e-24 -2.5812713e-22  1.2971627e-22
    82 : -5.0298878e-01 -2.1526645e+00  1.0902389e+00
    83 : -6.2004562e-31  8.2544311e-31  5.6101963e-31
    84 : -3.8591688e-29  1.0004441e-28 -2.3624247e-29
    85 : -8.1725696e-02 -9.4516819e-01  1.1648274e+00
    86 :  1.1432489e-17  4.1169461e-18 -2.1064630e-17
    87 :  2.1304922e-16 -2.9130772e-16 -1.9245305e-16
    88 :  1.3370711e-10  1.1093541e-10 -1.0769578e-10
    89 :  1.7858651e-03 -4.4135989e-03 -5.7827784e-03
    90 : -3.6403424e-28 -9.0707846e-28  6.1132098e-28
    91 : -8.4784132e-02  3.4324319e-03 -2.0014343e-02
    92 : -2.2382569e-13  3.6330330e-13 -1.3787356e-13
    93 : -9.8557433e-35  1.5860650e-35  3.9351435e-35
    94 :  2.7076898e-15 -1.0162256e-15 -8.8232100e-16
    95 : -9.4963371e-26 -7.1618344e-27  1.1920939e-25
    96 :  7.1345928e-12 -1.8385417e-11  4.9951346e-11
    97 : -6.0630629e-13 -1.3475791e-12  2.5508278e-12
    98 : -3.4087117e-01 -4.3223470e-02 -6.8524964e-02
    99 :  4.6948755e-23  1.6197224e-22 -9.6897035e-23
   100 :  4.8380375e-25  2.4504047e-24 -4.5076749e-24
   101 : -4.1710177e-10 -1.4004278e-10  2.2220508e-10
   102 :  1.4725446e-06  1.9529921e-06 -8.3872746e-07
   103 :  2.6989790e-33  7.5656431e-33 -1.4188502e-32
   104 :  8.5874158e-14  1.6292217e-14 -3.4349695e-14
   105 : -2.2467223e-07 -8.8610960e-09  7.5532648e-09
   106 : -1.9820763e-09 -4.5283662e-10  4.4507707e-09
   107 :  6.3520766e-10  5.7673693e-10 -2.4485786e-09
   108 :  2.8676330e-09  1.6055507e-08 -5.6653826e-08
   109 :  7.6526225e-06 -2.2443379e-06  3.8461377e-06
   110 :  1.1978517e-03 -2.1547687e-03  1.1490007e-03
   111 : -1.8934769e-09  7.7404653e-09 -3.9616083e-10
   112 : -2.0099522e-22  1.0064302e-21 -5.4176675e-22
   113 :  7.6529934e-02  5.8276055e-02  6.8394450e-02
   114 :  2.4034128e-13 -2.7642260e-13  3.9491543e-13
   115 :  5.7852519e-06  9.0852797e-06 -8.7733822e-07
   116 : -1.7306188e-03 -4.9359223e-04  5.3798215e-04
   117 : -8.9358557e-02 -8.9499864e-02  5.3485794e-03
   118 : -5.7367253e-01 -8.9858086e-02 -1.8455104e-01
   119 : -3.0510549e-26  2.8579215e-27  3.0673643e-26
   120 :  3.5990934e-13  4.2919444e-13 -1.5694163e-12
   121 :  5.2149023e-20  2.2714737e-19 -2.3425160e-19
   122 : -5.6069607e-06 -1.2934245e-05  8.7114034e-06
   123 : -4.6252789e-32 -1.0212932e-31  1.6389125e-31
   124 : -8.3616289e-24 -4.4594032e-24  5.7135484e-24
   125 : -7.5248746e-35  2.1842033e-34 -6.8091602e-35
   126 : -5.6098008e-19  2.2585633e-17 -2.1246797e-17
   127 :  1.4494082e-19 -6.5178584e-19  3.1192064e-19
   128 :  2.9312012e-06  1.9754668e-06 -6.9847997e-06
   129 : -9.1196857e-16 -1.0235296e-15  3.6060282e-15
   130 :  4.4308361e-02  1.1914544e-01  1.0457246e-01
   131 :  4.7882514e-04 -1.3249399e-04 -4.2206956e-05
   132 :  7.2641336e-06 -3.2202629e-05 -3.4759662e-06
   133 : -2.8219417e-03 -4.1955769e-04 -4.9607601e-04
   134 : -3.2014170e-06  1.3111216e-06  7.6853010e-06
   135 :  1.3081056e-07 -9.7349085e-08 -3.8068547e-07
   136 : -2.0935639e-09  3.9916813e-09 -5.5971408e-10
   137 : -5.0238264e-07 -4.1143868e-07  1.4808688e-06
   138 : -3.2300147e-09 -6.6716835e-08  4.4539290e-08
   139 :  1.7025028e-08 -2.0788329e-08  3.0415600e-09
   140 :  4.5536131e-21 -3.2862691e-21 -4.7382458e-22
   141 :  6.4300808e-20 -9.7950142e-20 -5.3157449e-20
   142 :  3.8350953e-08 -2.0344026e-08  5.1214117e-08
   143 :  1.8222623e-27  1.6957801e-27 -9.9622753e-27
   144 : -1.2129904e-09  1.1119528e-09 -4.8591701e-10
   145 : -1.6576986e-11  4.7913202e-11 -1.2700666e-11
   146 : -1.3553127e-14  2.8852868e-14  1.0909127e-14
   147 : -4.7421288e-26 -1.4312907e-26  2.5774375e-26
   148 :  1.8351846e-15 -3.6983955e-15  1.5468662e-16
   149 : -3.8510434e-02 -1.9815877e-02 -2.7713692e-02
   150 : -9.9666211e-12  4.9951043e-11 -3.3982823e-11
   151 : -3.7025618e-19 -9.2824382e-19  1.7142649e-18
   152 : -1.3039261e-16 -6.8357388e-16  3.0825224e-16
   153 : -1.8316801e-01 -5.9684360e-02 -1.5169282e-01
   154 : -7.4314541e-36 -6.9343615e-36  1.1739155e-35
   155 : -2.3053953e-26  2.9513358e-26  1.0283048e-26
   156 : -2.4182647e-28 -1.2956899e-28  1.6152285e-28
   157 : -8.6935591e-13  2.1927463e-12 -4.0028110e-13
   158 : -4.6988996e-08  1.0009916e-07 -2.7036044e-08
   159 :  9.4969752e-11  2.0985709e-10 -1.4554734e-10
   160 : -1.0524273e-33  4.3413377e-34  3.0857839e-34
   161 : -2.0116162e-32  1.4252982e-32 -8.7344979e-33
   162 :  7.6132151e-02 -4.8303886e-02 -3.2087503e-02
   163 : -2.5479781e-05  1.3302409e-05 -9.4447939e-06
   164 : -9.4447264e-18  7.8628983e-18  1.4910881e-17
   165 :  1.3057667e-09 -4.7427109e-09  1.9519944e-09
   166 :  5.0368448e-28 -7.9179487e-29 -1.0958161e-27
   167 :  6.9646352e-08 -1.3374188e-08 -8.0166236e-08
   168 : -1.4309128e-05 -6.5362110e-06  5.8420928e-06
   169 : -6.5984733e-01 -2.2475404e-01 -2.2669342e-01
   170 :  9.2137801e-25  6.4782344e-27 -9.8885647e-25
   171 :  1.0731146e-25  1.9242165e-24 -4.0155351e-24
   172 : -6.9675030e-05  2.4844348e-05 -8.1562014e-05
   173 :  2.8623165e-06 -8.6533177e-07  2.3847580e-06
   174 : -5.8439801e-09  1.3970754e-08  1.0826110e-08
   175 : -1.1237649e-13  3.9334072e-14 -4.7583384e-15
   176 : -1.0001500e-22  5.5982954e-23  1.6989699e-22
   177 : -5.0051530e-09  5.1439203e-09  6.3102795e-09
   178 : -5.5263990e-01 -1.1128146e+00  2.0961724e-01
   179 :  8.9696099e-09  1.2135055e-07 -1.1348761e-07
   180 :  1.3618792e-26 -4.7848435e-28 -2.8830222e-26
   181 :  6.9228241e-06 -4.7481230e-05 -3.1365047e-05
   182 : -1.6831242e-15  3.5271695e-16  7.6429700e-16
   183 :  1.6184288e-03 -1.2832168e-04 -8.7872924e-06
   184 :  7.8233547e-35  1.3279863e-33 -6.6350191e-34
   185 :  3.9836870e-19 -9.5411498e-19  2.1808067e-19
   186 :  1.8640237e-12  9.5479689e-13 -4.3869254e-12
   187 :  1.0753875e-07 -2.5630230e-07 -4.4805914e-08
   188 : -2.7164499e-01 -2.2692795e+00  1.5109920e+00
   189 : -5.1579859e-07 -2.7097380e-07  1.3652423e-06
   190 :  3.0376250e-09  3.5069634e-09 -1.8568620e-09
   191 :  8.1769202e-32 -6.2511526e-32 -1.2335452e-31
   192 : -1.1435874e-04  5.5182536e-04  1.8646910e-04
   193 :  1.4158599e-01 -6.8124454e-02  7.7514263e-02
   194 : -2.5580200e-01 -1.0131890e+00  6.6335114e-01
   195 : -6.2946742e-14 -2.0576558e-14  4.3967198e-14
   196 : -3.4258308e-27  7.3465996e-27  4.1324816e-28
   197 : -1.1451051e-26  1.9173290e-26  4.5179014e-27
   198 :  6.1018542e-11 -1.5177390e-11 -2.5781637e-11
   199 :  1.0186229e-01  1.5187678e-01  5.7347267e-02
   200 :  3.6270176e-24 -1.3392121e-23  8.1825915e-24
   201 : -5.4773953e-05 -4.5152437e-05  9.6215306e-05
   202 :  3.2693061e-13 -1.5225565e-13 -3.4797911e-14
   203 : -1.4999949e-29  1.5186000e-29  1.2047007e-31
   204 :  7.5042588e-16 -7.4266001e-13  6.4698539e-13
   205 :  1.2110720e-04  4.6827383e-05 -6.3603934e-05
   206 : -6.8948439e-30 -2.6400735e-30  1.1303383e-29
   207 : -3.3787941e-27  1.6873060e-27 -4.8078752e-28
   208 :  3.2426789e-20  4.4622764e-20 -1.5257857e-19
   209 : -2.5968633e-01 -8.4404131e-02 -4.6524829e-02
   210 : -9.1442886e-14  1.2382639e-13  8.0999154e-14
   211 :  1.3498228e-29 -4.3389050e-29  8.5595605e-29
   212 : -1.0692269e-08  1.3988078e-08 -2.2027952e-08
   213 : -1.1917438e-26 -2.0163634e-26  4.5882430e-26
   214 : -2.6521193e-02 -2.7623563e-02 -2.9878843e-02
   215 : -5.0093562e-01 -8.3458823e-02  1.9173001e-02
   216 :  1.5494166e-07 -1.7468271e-07 -1.9011178e-07
   217 :  4.0008540e-35 -3.2585944e-35 -1.5106184e-36
   218 : -3.7785509e-21  5.5124275e-21  3.1652914e-21
   219 :  2.4768647e-05  7.1293855e-07 -4.4782347e-05
   220 :  8.7030651e-18 -5.5609200e-18  6.5353747e-18
   221 : -2.1600157e-23 -3.7581596e-23  7.4752640e-23
   222 :  4.4711869e-02 -1.7634373e-02  5.2709776e-02
   223 : -5.2178571e-04 -7.7534646e-03  2.0987730e-05
   224 : -4.0874213e-12  7.3215467e-11 -7.2379441e-11
   225 : -1.1058516e-17  9.8760100e-18  2.0309835e-17
   226 :  1.4907828e-25 -8.3640120e-25  4.6547702e-25
   227 : -1.1019433e-13 -5.8270264e-15  1.1036374e-13
   228 : -6.5068893e-11  1.1110824e-10  3.5615275e-11
   229 : -5.7801963e-15  1.5036803e-15  1.5915755e-15
   230 :  7.3437118e-24  7.4077276e-24 -6.3362082e-24
   231 : -2.2471884e-24  8.7931671e-24 -3.8384545e-24
   232 : -5.6191330e-33 -4.8589558e-33  4.9456195e-33
   233 : -3.7903041e-23 -4.2051562e-23  1.2785375e-22
   234 :  5.8722415e-02  7.2421629e-02  6.7714764e-02
   235 :  1.3109998e-03  3.6102644e-04 -9.1933191e-04
   236 : -6.0463563e-22 -4.6327182e-23  1.3682218e-21
   237 :  7.3294200e-20 -6.2983859e-19  6.8856033e-19
   238 :  3.8944478e-31  1.3277659e-31 -2.5247339e-31
   239 :  4.6787507e-23 -8.7465307e-23  1.3417597e-22
   240 : -2.0964488e-28  1.3952827e-27 -8.7376814e-28
   241 :  6.4481912e-07  4.5448577e-06  1.7505804e-06
   242 :  3.9888223e-06  3.1444637e-06 -1.0327286e-05
   243 :  5.7562688e-02 -3.6766688e-03  3.4219471e-02
   244 : -1.1603459e-03  1.6067705e-03 -3.1779042e-03
   245 :  1.2815730e-22 -3.5549882e-22  2.8761341e-22
   246 :  1.4096456e-06  4.8131668e-08 -3.3628594e-07
   247 :  1.2174008e-02 -1.5335276e-02  9.7810798e-03
   248 :  1.3156216e-33 -2.5778306e-33 -1.6092668e-34
   249 :  1.0155114e-16  3.2267100e-17 -2.7454829e-16
   250 :  4.3457589e-06 -1.5218500e-06  8.9685778e-07
   251 : -2.1935129e-11  3.6931511e-11  1.2468159e-11
   252 :  1.7479509e-24  8.5100358e-25 -1.3777963e-24
   253 :  1.5060128e-29 -1.2867663e-29  1.3575286e-29
   254 :  1.1200575e-01  7.2086159e-02  3.9236098e-02
   255 :  1.8380671e-12 -6.0523205e-13 -1.0542364e-13
   256 :  2.1848420e-06  3.4212906e-06 -2.3643724e-06
   257 : -2.2321948e-04  1.8838139e-03 -3.4927182e-03
   258 :  6.7673458e-14  3.3284348e-13 -8.6880093e-13
   259 :  2.1405515e-19 -4.8911811e-19  9.5995808e-19
   260 :  1.5129412e-06  7.5647603e-06 -8.4470268e-06
   261 :  4.4469008e-13  4.2704500e-13 -2.0431982e-12
   262 : -2.1694591e-22 -3.1532158e-22  5.6248869e-22
   263 : -2.3166153e-25  1.3930692e-25  4.1166565e-25
   264 :  5.5852665e-12 -3.4220392e-12  1.6765913e-12
   265 :  5.8854772e-06  4.1240590e-06 -6.2852505e-06
   266 : -2.8245024e-16 -4.0714869e-16  2.8537951e-16
   267 : -3.1146429e-15  4.8550736e-15 -8.0876500e-16
   268 :  3.6144759e-26  1.9941481e-25 -4.5446979e-25
   269 :  5.6772755e-04 -3.3419049e-03 -1.4970709e-02
   270 :  1.6220777e-14 -4.5581642e-14  1.0422454e-14
   271 : -4.8400618e-05  3.1565742e-05 -7.7992209e-05
   272 :  1.4220864e-14 -8.6158830e-15  8.0212056e-15
   273 :  1.0327473e-24 -8.4438220e-25 -1.3568572e-24
   274 : -3.5493195e-07 -2.2868488e-07  2.7141741e-06
   275 :  1.4795223e-20  2.3180602e-20 -6.4404818e-20
   276 :  3.3370492e-05  2.2644973e-04  4.8907565e-05
   277 : -1.5365442e-22  3.4102334e-22  6.9594196e-24
   278 :  6.8740252e-07 -2.4865405e-07 -1.2658905e-06
   279 :  7.5891503e-12 -2.7364354e-12 -2.4734912e-12
   280 : -1.4138452e-01 -1.0500091e-01 -4.6678595e-03
   281 : -1.1471775e-11  2.0914834e-11  4.6447833e-12
   282 :  4.7725917e-17 -1.3901078e-16  2.8643392e-16
   283 :  5.3785711e-21 -4.4397545e-21 -5.6820093e-21
   284 :  6.9247644e-22  1.0819025e-21  2.2589930e-21
   285 :  1.0032055e-01  9.7400819e-02  1.0456012e-01
   286 : -6.2144359e-07 -5.0958695e-07  1.5277130e-06
   287 :  9.4515370e-09  9.0779454e-09 -9.4096855e-09
   288 : -6.6824236e-02 -2.0100126e-02 -3.9320680e-02
   289 :  1.7588270e-09 -1.6043313e-09  2.4411888e-09
   290 :  6.2137557e-02  7.1362295e-03  1.1962349e-01
   291 : -3.9994818e-12  5.6812047e-12 -7.2425542e-13
   292 : -7.6792748e-03 -5.3059379e-03  1.2299585e-02
   293 :  4.1782772e-20 -4.0714973e-20 -5.4885641e-20
   294 :  7.2992659e-08  5.4367521e-08 -2.4212237e-07
   295 : -2.2034546e-28 -3.6727465e-28  2.6438505e-28
   296 : -1.7181836e-05  1.8000315e-04  1.7970249e-04
   297 :  8.1192796e-12  1.1031452e-11 -1.9576393e-10
   298 : -1.1801245e-11  1.2388248e-10 -6.4864907e-11
   299 : -2.2936136e-31  1.5610964e-31  1.1744742e-31
   300 :  1.0501848e-04 -7.6330721e-05 -4.2680893e-05
   301 : -2.5921378e-12 -2.5055235e-12  1.8801659e-12
   302 : -3.6101664e-07  1.4577359e-06 -5.4869026e-07
   303 : -2.4622789e-08 -2.4775950e-08  2.2466194e-08
   304 : -2.4812623e-08  9.4309630e-08 -2.8680824e-07
   305 : -1.8706847e-13 -1.3843583e-13  1.1790741e-13
   306 : -4.0706348e-03 -3.5378172e-03  2.2943952e-03
   307 :  8.5629822e-08  2.3481838e-08 -1.3298395e-07
   308 :  1.3748274e-11 -1.2984405e-11  2.5165344e-11
   309 : -7.4875148e-32  7.2640284e-30 -3.4476591e-30
   310 :  5.6961878e-10  1.9222506e-09 -3.4451884e-09
   311 :  3.3201010e-07 -3.4768768e-07 -6.9393435e-07
   312 : -3.1171315e-27  1.6093595e-28 -1.5000597e-28
   313 : -1.3515703e-19  2.9959295e-19 -3.8687884e-20
   314 : -3.6203179e-30 -3.6020448e-32  3.4046004e-30
   315 : -2.6208937e-24  2.4296141e-23 -1.1972873e-23
   316 : -6.9277996e-03 -2.6769494e-03  1.9634685e-03
   317 : -5.0061806e-31  8.5247046e-33  1.0465232e-30
   318 :  9.1893259e-06  1.0363785e-04 -1.5681853e-05
   319 :  5.7287825e-05 -7.1174974e-05 -9.5708762e-05
   320 : -9.5846580e-01 -9.7557377e-02 -5.2725045e-02
   321 :  3.9324960e-03 -3.3457686e-03 -1.0495943e-02
   322 : -1.4272003e-29  3.4591397e-29 -5.4420477e-30
   323 :  7.8464530e-33 -1.4464880e-32  3.4429582e-33
   324 :  3.9414742e-22 -1.0029764e-21  2.8631939e-22
   325 :  5.4834647e-19 -1.3554425e-18  2.7875457e-18
   326 :  1.4683431e-01  1.6103713e-01  1.6012107e-01
   327 : -6.8229661e-01 -1.5558445e+00  9.8184479e-02
   328 :  3.5619097e-06  1.3701351e-07 -3.4483757e-07
   329 : -2.1511924e-22 -1.9237208e-20  9.5368919e-21
   330 :  8.3234857e-34 -4.1546144e-32  3.9534339e-32
   331 :  5.5662280e-14 -4.4535323e-14 -1.0489129e-13
   332 : -3.5833765e-08  1.4530072e-08  4.3361664e-09
   333 :  5.6062689e-19 -3.3052247e-19  2.6729355e-19
   334 :  5.1049028e-06  2.5946519e-05 -9.4716192e-05
   335 :  8.7903175e-08 -2.0473322e-07 -7.7599473e-08
   336 : -9.1248850e-07  1.2243329e-06  9.2631463e-07
   337 : -2.3531132e-29 -1.2080177e-28  1.7800996e-28
   338 :  4.5200601e-06  5.5276461e-07 -1.7829069e-06
   339 :  1.0119315e-20 -1.0206508e-20 -1.3616493e-20
   340 : -1.3507567e-05 -5.8093915e-06 -9.6152649e-06
   341 : -1.5641401e-27  1.5646528e-27  1.1904059e-30
   342 :  7.0673938e-24 -2.4511909e-23  9.0112392e-24
   343 :  9.2634064e-12 -1.2060951e-11  1.1603616e-12
   344 :  5.2250484e-05  2.6749148e-04 -2.6529751e-05
   345 :  5.1399717e-02  1.3497790e-01  7.6088758e-02
   346 :  2.2686158e-23  2.2587269e-23 -2.1555735e-23
   347 : -9.0885794e-05  4.3480035e-05 -9.5061417e-05
   348 :  8.3919682e-13 -8.0586140e-12  3.5584704e-12
   349 : -2.0623231e-12  9.5235728e-13 -3.2011155e-13
   350 : -2.9812151e-05 -1.0860731e-05 -7.3091572e-05
   351 :  4.8228991e-19 -1.9190939e-19  1.5355830e-19
   352 :  6.3408966e-05  4.9220635e-06 -1.0034342e-04
   353 : -6.5503197e-08 -4.8767982e-07  1.6238924e-07
   354 :  1.9904762e-02 -2.5267209e-02  3.6732941e-02
   355 : -7.3093327e-02  6.8090736e-03 -2.4104709e-02
   356 :  1.5838241e-28  1.2849917e-28 -4.2651426e-28
   357 :  3.1073562e-04  2.8790397e-05 -3.0527600e-05
   358 :  7.3151873e-14 -2.6852222e-13  6.6278242e-14
   359 : -9.3464651e-35  2.5285088e-34 -8.0509575e-35
   360 : -5.0231067e-05  2.0292192e-05 -1.2146915e-06
   361 : -5.2420247e-17 -4.9042384e-17  4.1779897e-17
   362 : -4.3729228e-12  3.6872269e-12 -8.4673661e-12
   363 :  7.4834711e-15 -3.2634918e-17 -7.7903335e-15
   364 :  4.6091688e-16  4.5176436e-16 -3.3518336e-16
   365 :  5.2933261e-12 -1.8388797e-12 -1.7308611e-12
   366 :  2.5725848e-26  3.0016059e-25 -3.4432197e-25
   367 :  3.6950905e-10  3.2959000e-10 -7.5091890e-10
   368 :  5.2213804e-06 -1.6966623e-05 -1.8149253e-06
   369 :  1.9881460e-12  3.6483388e-13 -7.5061437e-12
   370 :  5.3778294e-15 -1.1796882e-14  3.4008840e-16
   371 :  2.3416799e-26  3.1181643e-28 -2.3430766e-26
   372 : -1.4251612e-11  1.7457861e-11  1.2660262e-11
   373 :  1.1288451e-07  8.1614525e-08 -4.1223587e-07
   374 :  1.1300110e-01  3.1704476e-02  3.8777539e-02
   375 :  8.1337819e-19  2.6820396e-18 -1.4483104e-18
   376 : -1.4132028e-29 -4.2787374e-29  7.4135377e-29
   377 : -6.2215276e-11 -2.2981506e-10  9.9967677e-11
   378 : -2.8063513e-15  2.2673342e-14 -1.1835258e-14
   379 :  5.8838626e-32 -1.7423890e-31  5.9308631e-32
   380 :  5.2480628e-04 -4.4030119e-03 -8.3283930e-04
   381 : -2.2852963e-13  8.2423196e-14  6.4734762e-14
   382 : -1.7461225e-19  6.9505854e-19 -3.8089946e-19
   383 :  4.3435577e-04  6.4329978e-04 -3.9933097e-04
   384 :  4.8781314e-18 -4.0676501e-17  2.0195929e-17
   385 : -8.3858859e-07  1.7724985e-06  1.1272736e-07
   386 : -6.5863562e-03  1.7796514e-03 -1.4884924e-04
   387 :  8.5099786e-21 -3.6742094e-21 -1.4919162e-20
   388 :  1.1163366e-03  4.5400237e-02  1.6338150e-01
   389 : -7.1643203e-17  5.0600430e-17  8.8447884e-17
   390 :  4.7282703e-07  5.9633427e-07  9.8551748e-07
   391 : -2.8564946e-14 -6.2099780e-14  4.2720984e-14
   392 :  7.2957391e-04 -3.0551739e-04 -1.6406062e-04
   393 :  2.3503397e-04  8.3277388e-04 -2.2686713e-04
   394 : -1.4127151e-17  7.1422189e-17 -3.6620791e-17
   395 : -3.4078985e-10  1.4661004e-10 -9.1916853e-12
   396 : -4.5980112e-32  3.6064851e-32 -3.1911626e-32
   397 :  3.4945314e-05  3.2602934e-04 -1.3803135e-04
   398 :  2.3434302e-08 -2.7293497e-08  1.2352033e-08
   399 :  9.8927746e-04 -3.3211965e-03  1.7511127e-03
   400 :  3.9939665e-11 -1.4393050e-08  3.6868572e-08
   401 :  1.1530495e-07 -2.9519246e-07 -2.1015629e-07
   402 :  9.7326688e-17  3.3934364e-17 -8.5982966e-17
   403 : -2.0644780e-15  8.2509640e-15 -3.1443838e-15
   404 : -2.2212058e-26  3.4620838e-27  5.8198913e-26
   405 :  9.8779797e-10 -5.1338422e-10 -3.0023294e-10
   406 : -4.9643891e-05 -6.3901804e-06  1.5138936e-05
   407 : -5.0432598e-04  1.0567723e-03  4.6827183e-04
   408 : -6.6082867e-03 -3.4745074e-03  4.6896902e-04
   409 :  6.0740023e-09 -9.2101326e-10 -2.1850163e-09
   410 : -7.5542665e-02 -1.2858887e-01 -1.0277002e-02
   411 : -2.7966610e-09  8.9972506e-09 -2.2358356e-09
   412 :  9.0872920e-08 -1.5227726e-07 -1.8947707e-07
   413 :  8.1731510e-29 -3.2556507e-29 -1.0257272e-28
   414 :  9.3306547e-03  1.4694686e-01 -2.4115143e-02
   415 : -1.1978456e-08  2.0691720e-08  1.6350067e-08
   416 :  1.0804423e-20  1.7244387e-20 -4.9576006e-20
   417 : -2.9802411e-06 -2.9665490e-05  1.9285486e-05
   418 : -2.5762878e-04 -6.0826555e-03 -8.1893716e-03
   419 :  5.4168633e-26 -9.5170437e-26  1.6008863e-26
   420 : -3.5257365e-24  1.5605190e-23 -8.2973320e-24
   421 :  5.4996083e-23 -8.3251828e-22  7.9939637e-22
   422 :  5.2721806e-12 -4.2672626e-12  3.2539005e-12
   423 :  1.7014107e-10  6.3530061e-10 -1.2508757e-09
   424 : -4.0298226e-17  3.8071466e-17 -1.5759345e-18
   425 : -4.6979411e-22  1.2789219e-20 -5.2972702e-21
   426 :  1.4823608e-14  5.6848328e-15 -7.5703209e-15
   427 :  4.4374290e-16  6.4676549e-16 -1.9072862e-15
   428 :  1.3989092e-16 -3.6041437e-16  4.8226784e-17
   429 :  3.6688130e-08  3.4668077e-08 -2.8102682e-09
   430 : -6.5409403e-07 -9.5953688e-08  6.2197430e-07
   431 :  9.4566030e-10 -1.6458470e-09 -6.9595695e-10
   432 : -7.1178161e-12 -5.7619721e-12  1.0414209e-11
   433 : -3.2656778e-28  1.9379355e-28  4.8252333e-28
   434 :  1.6189537e-02 -6.6162729e-03 -9.3060454e-03
   435 :  1.7221639e-10 -4.0810292e-10  1.0182357e-09
   436 : -3.4903869e-19  4.0726437e-18 -4.5688929e-18
   437 : -2.5788586e-06  1.1565465e-05 -3.7293318e-05
   438 :  3.4507079e-06 -4.8702311e-07  7.5561347e-06
   439 :  5.8455320e-04  9.2515357e-05  8.3089451e-04
   440 :  6.0466476e-22 -2.1005920e-21  6.4535061e-22
   441 : -1.1352035e-30 -4.3188181e-31  2.0920676e-30
   442 : -6.6696447e-05 -4.1150486e-05  7.5204923e-05
   443 :  8.9129268e-13 -7.3518322e-12 -5.8908573e-12
   444 : -1.3445486e-05 -1.8861412e-05  2.8347965e-06
   445 :  2.3099517e-13 -7.4547028e-14 -2.8130991e-14
   446 :  7.2435508e-02  9.4290610e-02  5.1359744e-02
   447 : -2.8217359e-14  2.8367897e-14 -4.2442657e-14
   448 :  1.0296242e-09 -5.4510810e-08  1.5099600e-08
   449 :  5.9516961e-28 -3.3373770e-28 -9.3346540e-28
   450 : -1.5184228e-30 -9.1973449e-31  4.2058338e-30
   451 :  1.2338045e-01  6.5709188e-02  3.7070595e-02
   452 : -7.1959430e-02 -1.4333799e-02 -7.4746426e-03
   453 :  9.6402775e-02  1.2395320e-01  7.4171280e-02
   454 : -3.8535167e-02 -1.4054080e-02 -3.0883074e-02
   455 :  2.2375812e-16 -4.4135500e-16  5.6401054e-16
   456 :  4.0988991e-08 -1.8937189e-08  9.5247037e-09
   457 :  3.4710844e-31  5.5574899e-31 -1.1960159e-30
   458 : -2.0253479e-14 -2.8391362e-14  1.0080860e-13
   459 : -6.3224702e-09 -3.7335840e-09  1.7415484e-08
   460 :  6.3018619e-09 -7.4101379e-08  5.5430063e-08
   461 :  2.3305439e-14 -2.3516459e-14 -3.6395418e-14
   462 : -2.0962686e-12  6.4787884e-12 -5.1202836e-12
   463 :  1.9742292e-21  5.0658641e-22 -3.7157143e-21
   464 :  5.2454620e-06 -1.6552087e-05  1.0515400e-05
   465 :  3.3968595e-09 -3.3876348e-09  7.7568439e-09
   466 :  5.2026467e-04  8.3987506e-04 -2.9002259e-05
   467 : -2.1891571e-23 -1.6961790e-24  2.7107463e-23
   468 :  3.0983971e-20  5.5495463e-20 -3.1229272e-20
   469 :  2.6414167e-31 -3.1975760e-31 -2.7104705e-31
   470 :  1.8133252e-30 -9.2033351e-30  3.2674334e-30
   471 :  2.7792207e-18  3.7674221e-18 -6.4472347e-18
   472 :  1.6464640e-22  1.9980600e-21 -2.6844865e-21
   473 : -5.9681551e-07  6.7614371e-08  1.4937383e-06
   474 :  2.0456024e-26  3.2213491e-25 -4.1750677e-25
   475 : -2.3988085e-17  3.9588552e-17 -9.5511486e-17
   476 :  6.3446581e-17 -4.3300707e-17 -8.8800795e-18
   477 : -6.9222207e-33  7.4666342e-33 -1.0774075e-32
   478 : -2.2880812e-08  3.9773666e-08  2.0912664e-08
   479 : -3.3372325e-34  2.0706901e-33 -1.4206748e-33
   480 : -1.0412073e-02 -8.7588149e-03  3.8257834e-02
   481 : -4.4306280e-17 -8.1938206e-16  2.6700834e-15
   482 :  8.8745364e-25 -4.7603072e-24  1.8709579e-24
   483 : -2.4848961e-03 -4.9798080e-03 -3.9649453e-03
   484 :  1.8120220e-09 -5.8964945e-09 -2.4458947e-11
   485 :  2.4101529e-09  1.3780354e-09 -5.2400760e-09
   486 : -8.8018797e-02 -6.1840301e-02  1.2001224e-02
   487 : -8.6851783e-08 -2.5123699e-08  1.0818023e-07
   488 :  5.4529458e-02  1.2743188e-02 -2.3377909e-03
   489 :  1.9462650e-26  2.0845739e-26 -6.0858447e-26
   490 :  3.0593885e-22  9.5654240e-23 -1.8698257e-22
   491 :  3.2893273e-23  7.4607673e-23 -5.1244212e-23
   492 :  1.5863813e-08  2.0725375e-07 -9.8022006e-07
   493 : -2.9990353e-06  2.0775760e-04  1.3679332e-04
   494 :  3.0603666e-03 -1.5643968e-03 -1.0477947e-03
   495 :  4.2838179e-12  1.1734905e-10 -4.8564685e-11
   496 :  2.2435598e-20 -7.8010180e-20  3.1971671e-20
   497 :  1.3823299e-30  1.7819004e-29 -8.4487003e-30
   498 : -1.3334654e-27  1.5298830e-27 -2.1674788e-27
   499 : -1.0382176e-02  2.2700543e-02  9.0967561e-03
   500 : -4.7265744e-32  3.7392240e-31 -2.4344039e-31
   501 :  2.8519667e-34 -1.4190025e-32  1.0609483e-32
   502 :  1.3884616e-05 -3.5312914e-05  1.2872122e-05
   503 : -3.2948969e-06 -1.6719568e-05  2.8664890e-07
   504 : -4.3233327e-09  1.0815478e-08 -4.0104683e-09
   505 :  1.8064604e-02 -1.4902496e-02 -6.8683651e-03
   506 :  1.6798020e-21 -4.5115650e-21  7.2506858e-22
   507 : -1.0970025e-19 -8.0071268e-20  2.5212543e-19
   508 : -8.8962556e-20  2.6958246e-19 -8.4967835e-20
   509 : -2.6935398e-07  1.2639726e-07 -1.3815663e-07
   510 : -2.5168158e-20  7.3256228e-20 -1.4656062e-19
   511 :  1.1596786e-14 -4.5545646e-15 -2.1814375e-14
   512 : -2.5719891e-16  1.8398427e-14 -7.5032414e-15
   513 :  1.6960468e-10  1.6516248e-10 -5.4443462e-10
   514 :  8.6801784e-10 -2.7956963e-09 -5.0784833e-10
   515 :  1.1968661e-04 -1.7660552e-04  4.9926054e-04
   516 : -9.7883824e-21 -2.1931022e-20  1.5434419e-20
   517 :  3.1271429e-04 -5.0334271e-05  1.8768211e-04
   518 : -2.2383866e-10 -2.7567222e-10  7.5580538e-10
   519 : -5.0143286e-15 -4.7069913e-14  5.6047418e-14
   520 :  6.1051931e-11  1.7794653e-11 -1.1433145e-10
   521 : -4.6142184e-05  3.6403270e-06 -3.9283308e-06
   522 :  3.0947447e-02  2.6913221e-03  4.0307968e-03
   523 : -1.3577923e-03  3.0222425e-04  9.9100753e-05
   524 : -6.0526984e-11  1.5275291e-10 -3.2041415e-11
   525 : -3.1285480e-09  2.2103346e-09 -4.7710065e-09
   526 : -1.4037198e-15 -2.0121382e-15  4.4203445e-15
   527 : -8.5944993e-27 -6.5645585e-25  9.0348861e-25
   528 :  2.7406410e-01 -6.6084812e-02  9.2576720e-02
   529 : -3.0971009e-08 -1.9580352e-07 -3.1286944e-07
   530 :  4.4586326e-03 -1.1511752e-02 -1.8018057e-03
   531 : -5.4494585e-07  2.5414097e-06 -1.0765882e-06
   532 :  1.3851544e-15 -2.1483510e-14  1.7058849e-14
   533 :  4.6438481e-35 -4.6059539e-35  5.0539017e-35
   534 : -2.6027297e-36 -3.6984660e-35  8.9703076e-35
   535 :  4.4733552e-24 -3.7276280e-24 -4.8644330e-24
   536 :  7.1431556e-04 -1.0008768e-04  2.7920624e-04
   537 :  3.1332212e-07  1.2011113e-06  1.0610637e-06
   538 :  5.3890420e-08 -2.3519361e-08  2.2805443e-08
   539 : -1.2423149e-24  4.3320429e-24 -1.4742225e-24
   540 : -8.6934205e-22  2.2403884e-22  1.3375027e-21
   541 :  1.7047892e-20 -8.1458640e-21 -2.8049598e-20
   542 :  1.2831636e-11 -3.0252062e-11  2.8950241e-11
   543 : -5.9298326e-26 -7.3628411e-26  6.2589616e-26
   544 :  2.6356317e-10 -4.8095454e-10 -7.8549409e-11
   545 : -2.2227405e-18  7.0898541e-19  4.3025610e-18
   546 :  9.2678007e-03  2.0780058e-02 -8.8672544e-03
   547 :  6.5356928e-24 -1.5702257e-23  2.2851806e-24
   548 : -8.8971909e-05 -2.8018594e-04  1.0058607e-03
   549 : -4.4820675e-20  2.4177499e-20 -1.9259930e-20
   550 :  1.3566754e-07 -6.7347123e-07  1.5410655e-07
   551 :  9.3234915e-04  4.9277369e-04 -2.1327614e-03
   552 : -1.6214117e-05 -3.0132419e-05 -1.7468938e-06
   553 :  3.8602533e-06 -1.0151675e-06 -7.8358057e-07
   554 : -1.9132014e-19  6.8339961e-19 -2.3406963e-19
   555 :  2.5068566e-11 -8.3153165e-11 -1.5475891e-11
   556 : -9.1994744e-21 -1.7603266e-21  5.2657530e-21
   557 : -1.1453925e-01 -6.9144964e-02 -8.1091434e-02
   558 : -5.5469612e-07  1.6643176e-06 -3.6138347e-07
   559 : -1.7016234e-05  1.4236575e-04 -6.3389234e-05
   560 : -6.7663054e-07 -3.1679991e-07  2.8507596e-07
   561 :  8.2571589e-02  3.9335608e-02  1.3055935e-01
   562 :  6.3719604e-16 -3.2081691e-15  1.1928342e-15
   563 :  9.2780985e-31  1.1175141e-30 -3.5308613e-30
   564 : -2.8299606e-03  6.7785487e-04 -6.1450263e-04
   565 : -8.4996271e-03 -1.8471276e-04 -7.2898182e-03
   566 : -4.5455985e-22  7.7696078e-23  7.7016969e-22
   567 : -3.2129436e-14  5.6161645e-12 -5.0798569e-12
   568 :  7.7191662e-05 -7.3863789e-05  1.2146078e-05
   569 : -8.4118368e-05  4.6585363e-04  2.7803629e-04
   570 : -1.3310455e-18  2.4359441e-18  7.4476733e-19
   571 :  9.4172205e-12  4.2235334e-12 -5.3581111e-12
   572 :  1.0333891e-32 -1.2050199e-31  5.3297868e-32
   573 :  5.2064992e-08  8.5907482e-08 -2.2130837e-07
   574 : -3.9882289e-07  3.3741393e-07 -7.5449355e-07
   575 : -2.2500514e-02 -5.3647549e-02 -1.5339226e-02
   576 : -1.9379307e-09 -4.0426156e-10  5.6851930e-09
   577 : -7.0524410e-02 -7.0204823e-02 -2.6212456e-02
   578 : -7.7233441e-35  1.2346502e-34  1.4853939e-36
   579 :  6.2350880e-02  1.0634679e-01  1.1203885e-02
   580 : -4.5234483e-03  2.7018396e-02  1.0377084e-01
   581 : -9.8937678e-19  9.2485085e-19  1.7531154e-18
   582 :  2.1381583e-33  1.3669250e-33 -1.6653514e-33
   583 : -5.1008261e-18  2.1314902e-17 -1.1417927e-17
   584 : -5.5387968e-27  1.0030549e-26  1.2780764e-27
   585 :  1.2923624e-03  1.0779618e-03 -4.2903212e-04
   586 :  3.3653843e-23 -9.4212838e-23  1.9174243e-23
   587 :  4.7714508e-16  3.3661362e-17 -1.0623121e-15
   588 : -8.3622696e-22  2.2516712e-22  2.5282040e-22
   589 : -2.0902301e-05  1.9916903e-06 -4.7894132e-05
   590 : -2.8500258e-05 -5.5840657e-05 -1.8396466e-06
   591 :  4.2227782e-30 -6.3696490e-30 -2.2381745e-30
   592 :  6.6076099e-20  6.6636985e-20 -2.0723152e-19
   593 : -1.2545824e-14 -7.0222235e-15  2.5005356e-14
   594 : -1.7694795e-16  1.4730836e-16  3.6107879e-17
   595 : -1.8856384e-08  8.9762598e-09  3.7117786e-09
   596 : -9.3613090e-09  3.6721585e-08 -8.9377812e-09
   597 : -4.4452388e-13 -4.6860604e-13  1.4603099e-12
   598 :  7.9995012e-16  2.1367453e-15 -1.3683399e-15
   599 :  1.2359270e-01  3.1724024e-02  9.7030721e-02
   600 :  1.1956507e-09 -9.9364980e-10 -2.1802276e-09
   601 :  1.1496346e-01  7.1295143e-03  4.0674231e-02
   602 :  1.9306802e-23 -6.2376062e-24 -8.2347092e-24
   603 :  2.5173654e-26  1.0984713e-25 -1.5637386e-25
   604 :  3.8104013e-18 -5.0259987e-18  6.3916834e-18
   605 :  4.5011381e-14 -1.7185849e-13  5.9035738e-14
   606 : -2.1823522e-02 -2.6541895e-03  5.4101998e-03
   607 :  6.0078806e-10 -8.6464431e-10 -6.5077538e-10
   608 :  2.7813114e-21 -2.9234791e-20  1.1361890e-20
   609 :  3.3690067e-18 -3.0886089e-17  1.3539281e-17
   610 :  1.3605540e-25  3.8229723e-25 -9.4010561e-25
   611 :  1.1604459e-01  3.5442157e-02  6.0677380e-03
   612 :  1.6892643e-10 -5.7574287e-10  4.2277355e-10
   613 : -2.3435330e-13  2.0339559e-13  5.3693319e-13
   614 : -7.2564171e-05 -1.8764066e-06  1.4251660e-04
   615 :  9.5220356e-12 -8.2904346e-12 -1.3630846e-11
   616 : -2.8990959e-27  4.4330271e-27  1.5802936e-27
   617 :  1.6817044e-13  3.0639987e-13 -1.0650396e-13
   618 :  2.9896846e-16  2.2533707e-16 -2.5291910e-16
   619 : -3.5070106e-21  4.5119611e-21  2.7074351e-21
   620 :  2.0218881e-14 -3.1331087e-14  5.8992778e-14
   621 : -1.1430096e-10  1.3904372e-10  1.9086805e-10
   622 : -4.9862059e-04 -7.2607087e-03 -3.8546211e-03
   623 :  4.4773416e-06 -1.4989662e-06 -1.8383810e-07
   624 : -5.3695460e-12  2.0249957e-11 -1.0323023e-11
   625 :  2.5409115e-12 -1.3345846e-11  5.2042157e-12
   626 : -5.8612209e-35  2.4071415e-34 -9.5562009e-35
   627 : -5.0274872e-23  1.9230348e-22 -9.1544722e-23
   628 : -1.5022852e-16  2.9694888e-16 -6.6287936e-17
   629 : -1.0939813e-07  1.6517421e-06  1.3686206e-06
   630 :  6.2262356e-04 -1.4979168e-04  9.6050096e-04
   631 : -1.0457004e-13  4.5956439e-13 -6.8650566e-14
   632 :  2.3417844e-26 -4.6241210e-26 -2.7701211e-27
   633 :  3.8882015e-06 -3.3752244e-07 -1.1096234e-06
   634 : -5.3047873e-11  2.9706765e-12 -4.0482950e-09
   635 : -3.5468527e-05  8.2092718e-06  1.0641651e-05
   636 :  9.0399650e-08 -1.5448024e-05 -1.1524781e-05
   637 : -6.1251078e-04  5.4271470e-04  1.5133266e-04
   638 : -9.0322071e-03  4.6453319e-03  7.8858424e-03
   639 : -2.9665590e-05 -8.9839631e-05 -4.6998987e-06
   640 : -5.2382535e-02 -3.1405605e-02 -2.5915072e-02
   641 :  7.1401972e-21 -1.6648112e-20  1.3179805e-21
   642 : -4.1208271e-07  3.4377128e-07  5.5005632e-07
   643 : -1.2880454e-05  3.8521090e-06 -5.0043557e-06
   644 : -1.3897391e-06  9.9022999e-06 -1.4572799e-05
   645 : -1.4875654e-09  4.4707511e-09 -5.6195956e-10
   646 :  6.0522425e-11  1.5535684e-10 -2.8367306e-10
   647 :  1.6278692e-01  1.3037842e-01  3.7546314e-02
   648 :  1.7549949e-10 -3.0565936e-10  1.1108498e-10
   649 : -1.0477865e-05  1.6460917e-04  1.2972508e-04
   650 :  7.2676945e-12  4.4639680e-12 -1.6215313e-11
   651 : -2.1341292e-02  4.9472411e-03  1.0818493e-01
   652 :  2.3924686e-10  1.3411000e-10 -3.0405375e-11
   653 :  3.0932536e-03  2.8857965e-04 -7.3474102e-03
   654 : -2.8965908e-17  1.6517398e-18  1.9911801e-17
   655 :  8.6428218e-11 -1.5333137e-11 -5.7605867e-12
   656 :  5.6575922e-02  1.1157517e-01 -3.4153536e-02
   657 : -2.1345123e-04  4.5940457e-04 -1.0752613e-04
   658 : -5.8837819e-10  7.2256445e-10 -1.1531518e-09
   659 :  6.5535412e-08 -9.0110322e-08  1.1956491e-08
   660 : -3.0602769e-03 -4.2991292e-04 -4.0282308e-03
   661 :  1.2944227e-01  9.0999464e-02 -5.8220080e-02
   662 : -1.1842635e-16 -2.5140234e-18  1.7201714e-16
   663 :  7.2693164e-05 -1.3893302e-04  5.1945534e-04
   664 : -1.1790264e-02 -4.0929248e-03  2.8360706e-03
   665 : -7.6344127e-03  6.7242778e-04  5.7608501e-04
   666 : -1.6238100e-28  2.9072081e-28  4.1929667e-29
   667 :  1.3710724e-18 -4.3790946e-19 -3.8896810e-19
   668 : -5.9222116e-07 -9.6523364e-07 -1.6379486e-05
   669 :  5.9590433e-35  8.8864444e-34 -9.9571860e-34
   670 :  5.6223920e-04  2.3596558e-04 -2.2471056e-04
   671 : -2.0640497e-02 -1.5933724e-02 -9.8429713e-02
   672 : -5.2645778e-04  1.0199016e-04  1.4217785e-04
   673 :  6.1301816e-15 -3.4562450e-15 -1.2915750e-14
   674 : -5.7418965e-12  3.0197126e-12  9.3386009e-12
   675 :  1.9443137e-14  5.6802704e-14 -2.0543045e-13
   676 : -8.3848507e-11  3.7488611e-09 -3.4911978e-09
   677 :  1.5899993e-10 -4.2577894e-11  2.8864304e-10
   678 : -3.9300775e-06 -7.6493616e-06  2.1123563e-04
   679 :  1.1234367e-07 -3.5032696e-07 -6.2936932e-08
   680 :  1.7310012e-07 -2.8851544e-07 -3.4229504e-07
   681 : -6.0169659e-20 -8.1908157e-20  2.8181325e-19
   682 :  5.3859054e-20  2.4827963e-20 -1.2963084e-19
   683 :  5.7244062e-18 -1.8485013e-17  2.3698300e-18
   684 : -4.8319493e-23  5.9375530e-23 -4.5174506e-23
   685 : -1.1271862e-08  3.3035559e-08  7.3167244e-09
   686 :  4.8482994e-13 -3.7209854e-13  7.2264500e-14
   687 : -3.9320563e-22 -6.6784707e-22  1.8492332e-21
   688 :  6.4152031e-14 -8.8107596e-14 -7.9447370e-14
   689 :  1.9145981e-02  5.5962923e-03 -1.2839464e-02
   690 :  2.7562413e-09  2.6921189e-10 -8.1305866e-10
   691 :  2.4205384e-09 -1.0929113e-09  7.4054497e-09
   692 : -4.3145609e-10  6.1609591e-10 -5.6143914e-10
   693 : -7.0600992e-34  9.7075924e-34  6.0320032e-34
   694 : -9.9160315e-23  1.4854275e-22  7.4822296e-23
   695 : -8.6439851e-03  1.9843123e-02 -8.6338581e-04
   696 :  1.0300384e-05 -3.7330233e-06 -2.0997096e-05
   697 :  5.7735984e-10  2.2248090e-10 -1.1213756e-09
   698 : -6.7115225e-03 -1.2160899e-03 -5.0669731e-03
   699 : -4.3665496e-16  2.2839466e-15 -4.6370386e-15
   700 : -1.3675051e-28 -2.1141509e-28  5.7080098e-28
   701 :  1.0173010e-26 -3.4847951e-26  1.2167507e-26
   702 : -2.4506801e-18  6.5216106e-18 -6.8140040e-19
   703 : -1.2052627e-01 -8.7979645e-02 -6.4714272e-02
   704 :  2.6852181e-11 -1.1591847e-10  2.9477337e-10
   705 :  2.1475415e-22 -5.3935618e-21  2.4882170e-21
   706 : -8.8577550e-03  1.5374524e-01 -1.1828954e-01
   707 :  3.4559120e-06  5.9407172e-06  7.1227206e-08
   708 : -2.5174066e-07 -7.0006521e-07  1.4194783e-08
   709 : -1.2981098e-12  1.3222641e-12 -8.9114938e-13
   710 :  1.2822472e-16  7.9627706e-16 -3.6247635e-15
   711 :  1.0170284e-11 -6.7700102e-12 -6.9231427e-12
   712 :  6.4809822e-06  6.7282640e-05 -4.0020251e-05
   713 :  1.6276863e-10  2.9146582e-10 -4.4599044e-10
   714 : -2.0989162e-02 -3.2977208e-02  2.8855649e-03
   715 :  1.0432534e-08 -3.1504903e-09 -3.5117736e-09
   716 :  9.2931690e-24 -7.3182552e-23  1.4977332e-22
   717 : -1.2688447e-06  4.2925107e-06 -1.1123789e-07
   718 : -4.0008571e-12 -4.5243683e-11  1.2210531e-10
   719 :  5.7188152e-06  2.5337574e-06  2.7087544e-07
   720 : -1.4234544e-02 -3.2790701e-02 -9.3752452e-02
   721 : -1.8756787e-03 -9.8081821e-04 -9.7730886e-04
   722 :  3.7858767e-21 -2.8815699e-20  1.0179120e-20
   723 : -1.7493741e-20  9.1708141e-20 -5.4349819e-20
   724 : -1.3638909e-19  2.6645541e-19 -5.7511292e-20
   725 : -1.3286784e-04  1.5650724e-04  4.3497932e-04
   726 :  1.0342288e-13  1.1532079e-14 -4.7136953e-14
   727 :  3.9953134e-04 -1.8679813e-04  4.6090110e-04
   728 : -1.9542285e-06  3.6347991e-06  4.6691162e-06
   729 : -1.2975358e-08  6.0342242e-08  4.0788020e-09
   730 : -4.8795859e-10  4.5084998e-10 -5.2276442e-10
   731 :  1.5523350e-19 -1.9004366e-19  2.0015753e-20
   732 : -2.8526496e-17 -1.9866635e-18  1.2206191e-18
   733 : -5.9557325e-10 -9.8002928e-10  5.3542519e-10
   734 :  1.7366146e-01  7.8349669e-02  3.1657158e-01
   735 : -2.9014251e-10 -8.8650493e-10  3.4765451e-10
   736 :  1.1373548e-01  9.6062604e-03  6.3529099e-03
   737 :  1.7083493e-14 -7.3203492e-14  4.4384423e-13
   738 : -9.8628147e-06 -4.8302018e-06 -1.0489752e-05
   739 : -2.1609569e-02 -2.5500288e-02  7.3269646e-02
   740 : -5.0336088e-09  1.6664616e-08 -5.0313425e-09
   741 : -5.2657089e-04 -2.0153629e-03  4.3563931e-04
   742 : -1.2401003e-11  6.0205375e-11  3.2475235e-12
   743 : -4.8469464e-09 -4.2750599e-09  1.5694088e-08
   744 : -1.8912700e-01 -1.0215064e-01  1.8518610e-02
   745 :  1.2160361e-20 -2.2666874e-20 -9.0835596e-21
   746 :  4.1123593e-17  3.3055102e-17 -1.4349457e-16
   747 :  3.9805506e-13 -1.0890493e-12  2.0390792e-12
   748 : -1.4338089e-09 -1.8816523e-09  5.9092778e-09
   749 : -1.0397401e-06  7.1255006e-06  6.6918215e-06
   750 :  3.3960902e-22  2.3009432e-21 -3.9314319e-21
   751 :  2.9038447e-02 -8.2073305e-03 -2.5758210e-02
   752 :  2.2653162e-10 -1.8216442e-10 -2.7023873e-10
   753 : -1.5254344e-06  7.7051902e-06 -1.3054646e-06
   754 : -7.8406794e-18 -2.7702165e-18  1.9020064e-17
   755 : -6.6827134e-02 -1.0668613e-02 -1.1108574e-01
   756 :  1.2927597e-12 -2.0722780e-12 -5.6693098e-13
   757 : -1.1582557e-32 -2.9027971e-33  6.6038635e-33
   758 :  1.1704072e-01  6.3518066e-02 -4.4730522e-02
   759 : -7.0573298e-10  6.4458880e-10 -6.5120055e-10
   760 :  5.9048430e-15 -1.8416281e-14  4.9308239e-15
   761 :  7.9117473e-10 -5.0417511e-09  6.9620887e-10
   762 :  6.1952008e-02 -1.8227167e-02  1.8477785e-03
   763 : -1.8459246e-24  5.3282926e-24 -1.7005675e-24
   764 : -1.4494793e-25 -6.2040687e-25  3.7221534e-25
   765 :  8.5682976e-03  3.0011990e-02 -9.9041119e-03
   766 : -3.5423961e-13 -2.2727560e-12 -2.0419134e-12
   767 : -8.5740627e-03 -2.6589961e-03 -6.1621529e-04
   768 :  1.5171959e-22  4.2816489e-23 -7.0638507e-23
   769 : -6.4310532e-02 -2.3353215e-02 -2.0918442e-02
   770 :  7.3537299e-09 -5.6832748e-09 -6.4528275e-09
   771 : -1.3314239e-06 -1.8908147e-05 -1.3863994e-06
   772 :  8.2797613e-04  6.2243639e-05  4.6351889e-04
   773 : -2.8339601e-11  4.6157601e-11  1.6016297e-11
   774 : -1.6593244e-01 -3.3881644e-02 -9.3911470e-03
   775 :  1.7631789e-01 -1.2866601e-01  3.2894626e-01
   776 :  1.6868066e-11 -2.4450196e-10  2.1272129e-10
   777 :  8.8391717e-10 -2.8295993e-09 -3.6519988e-09
   778 : -3.9446939e-09  1.2125871e-08 -3.0394855e-09
   779 : -9.4794254e-19  1.8278271e-18 -4.2927981e-19
   780 : -1.9666156e-03 -2.6645650e-03 -3.6488413e-03
   781 : -1.0243128e-20  8.8671915e-21 -1.0829721e-20
   782 :  1.4726670e-33  4.0926399e-34 -1.2613368e-33
   783 : -3.7329402e-10 -1.0407958e-09  2.8477242e-09
   784 :  6.9976326e-11  2.5704272e-10 -6.0064375e-11
   785 :  1.7959428e-20 -4.3702897e-20  5.3383263e-21
   786 : -1.9141430e-01  4.1128952e-02 -2.3151759e-01
   787 : -3.0150212e-02  4.3590058e-03  3.5839772e-02
   788 : -6.7301985e-21  3.2698814e-21  5.6361124e-22
   789 : -8.5004767e-20  1.5492217e-19 -9.4112013e-20
   790 :  1.2135634e-07  2.6686757e-08 -3.2220075e-07
   791 :  2.0766557e-06 -6.7596442e-07 -3.0940058e-07
   792 :  6.3897304e-04 -2.4449662e-07  2.1585063e-04
   793 :  5.6357964e-04 -1.5575348e-04  2.8702255e-05
   794 : -1.1097162e-08  7.7351662e-09  2.5771419e-08
   795 :  1.0276469e-04  1.0246035e-04  7.2661366e-04
   796 : -8.0322283e-05 -9.0830566e-06 -5.5097233e-05
   797 : -3.6494541e-22  1.0156332e-21 -1.8295296e-21
   798 : -7.8547416e-07 -1.3432212e-06  4.1307594e-07
   799 :  3.1538332e-13  6.8735679e-12 -6.8590379e-12
   800 : -2.5733565e-02  1.0806162e-02 -1.6537614e-02
   801 : -9.6569382e-20 -1.2872709e-19  3.0741015e-19
   802 :  1.0359502e-10 -6.9753381e-10 -2.8183210e-10
   803 : -4.5765500e-15 -5.2969584e-15  3.8085296e-15
   804 :  1.4844581e-02 -1.6449130e-02 -2.4463406e-02
   805 :  7.7136205e-10 -3.1160008e-09  5.1331819e-10
   806 : -1.7400117e-18  6.8974707e-19 -7.8475567e-19
   807 : -1.3938701e-22  8.4863009e-23  6.0611551e-23
   808 : -1.5748747e-01 -1.4649729e-02 -1.9582026e-02
   809 :  1.0615920e-14  6.3093712e-16 -6.5088062e-14
   810 : -4.0389824e-21 -1.1590569e-20  3.1412273e-20
   811 :  3.9761504e-34 -4.8146367e-34  4.9990551e-34
   812 : -1.1431295e-11 -6.7442065e-12  1.6576884e-11
   813 :  6.0853802e-10 -1.5333392e-09  5.8338876e-10
   814 :  2.4840439e-30  7.5514229e-32 -2.6367302e-30
   815 : -2.4753662e-34  4.1292660e-34  3.5905724e-34
   816 : -2.9132851e-28  7.6015469e-29  1.0612071e-28
   817 : -2.0387546e-30 -3.6374544e-30  7.7906568e-30
   818 :  4.9883268e-32 -3.0732758e-31  1.9466893e-31
   819 : -1.5284069e-11  7.9214391e-11 -1.4314099e-10
   820 : -3.0203314e-31  8.3966926e-31 -1.7428077e-31
   821 :  1.5100968e-04  2.8629779e-04 -2.2514141e-04
   822 : -2.6232439e-08  1.1460667e-07 -6.0427878e-08
   823 :  2.4710731e-15 -6.3111637e-15  9.5643157e-16
   824 : -4.2720878e-16  1.8553776e-17  1.2750817e-15
   825 : -8.2153623e-27 -2.6270926e-25  3.0898837e-25
   826 : -1.5406246e-05  2.3012904e-05  3.9098809e-06
   827 : -1.5327095e-18 -2.3085630e-18  1.9213277e-18
   828 : -2.2443793e-13  6.6754564e-13 -1.8228351e-13
   829 : -1.3145406e-07 -1.5435304e-07  1.2809109e-07
   830 :  2.4776940e-01  1.7409953e-01  1.7333969e-01
   831 :  1.1670326e-01  7.4401410e-01 -1.8227238e-01
   832 : -3.1282212e-11  4.1652727e-11  3.6541334e-11
   833 :  9.0984470e-02  4.6448000e-02  2.8806084e-01
   834 :  1.4045900e-28 -1.2489480e-28  1.1733792e-28
   835 : -7.0961387e-33  2.2719372e-32 -4.0730514e-32
   836 : -2.2111861e-09  7.0253486e-09 -2.3968989e-09
   837 :  7.1833241e-19 -1.5692281e-19 -2.1409621e-19
   838 : -9.2539047e-07 -5.6563019e-07  1.6473163e-06
   839 : -2.1254024e-14  2.4494046e-15  4.0425032e-14
   840 : -1.2403190e-17 -5.3579887e-18  2.4708018e-17
   841 :  2.9102614e-16 -1.0685872e-16 -7.7391298e-17
   842 : -1.3452310e-12 -1.3053210e-12  1.0712283e-12
   843 : -4.6766934e-17  1.4652203e-17  8.6095067e-17
   844 : -1.7017346e-12 -2.9777912e-11  6.9349898e-11
   845 :  1.6255376e-23 -2.2619954e-23  3.3699805e-23
   846 : -1.3307138e-08  2.1197362e-08 -4.7773720e-09
   847 :  8.3393099e-13  3.4115571e-13 -1.5022979e-12
   848 :  1.3426740e-36 -5.9570063e-37 -3.7709092e-37
   849 : -5.0183558e-16  8.3044649e-15 -1.8610491e-16
   850 :  2.1493793e-13 -2.9788922e-13  6.2833195e-13
   851 :  2.3916495e-15  6.7278980e-15 -1.2313819e-14
   852 : -9.5554119e-27  3.3119839e-26 -1.2318870e-26
   853 :  6.2477908e-06  5.3013738e-06 -1.3623082e-05
   854 : -3.1325723e-37 -1.5502302e-36  3.4627623e-36
   855 : -1.5235014e-06  9.9037265e-06 -7.0962271e-05
   856 :  5.6087595e-07 -3.6137248e-07 -4.4617250e-07
   857 :  1.4078402e-04 -2.3147471e-04  4.2142473e-04
   858 : -2.8187967e-07  9.0054388e-08  9.5640326e-08
   859 : -1.0293882e-25  1.9326199e-25  3.9549085e-26
   860 :  2.2261917e-08  3.7861482e-08 -2.5719478e-08
   861 :  3.0115446e-08 -2.0250903e-08  2.5131107e-08
   862 :  1.0317027e-08 -3.4715239e-09 -4.7534724e-09
   863 :  1.2645988e-06  5.3610948e-06 -1.6423088e-06
   864 : -3.2377420e-05  1.6101428e-05 -6.5000268e-05
   865 : -5.0286282e-03  2.8375779e-03 -4.4574980e-03
   866 : -3.5191420e-02 -9.8160903e-02 -1.8800796e-01
   867 : -3.0396045e-03 -1.2892663e-02 -1.6803551e-03
   868 : -2.0473850e-11  9.3716984e-11 -6.3987162e-11
   869 :  1.6866770e-11  1.0921900e-10 -3.8001524e-11
   870 :  1.6450260e-12 -2.2884533e-11  8.2385799e-12
   871 :  1.7739619e-05  2.1754929e-05 -8.1013891e-05
   872 : -7.7398390e-05  1.3650200e-06  1.8220730e-05
   873 :  9.4832256e-02  3.6985325e-04 -3.6612155e-02
   874 : -3.2226152e-02 -2.1636523e-03  1.0302039e-01
   875 :  1.1085762e-15 -2.3700733e-16 -3.0225367e-16
   876 : -2.8986446e-15 -9.2311862e-18  6.8926487e-15
   877 : -1.2811014e-30  1.7958101e-30 -2.3320953e-30
   878 : -3.4694833e-28  7.9257054e-28 -1.7223891e-28
   879 : -5.5572251e-18  8.7944466e-18 -1.2254065e-17
   880 : -3.9828839e-16  4.7100945e-16 -2.7563370e-17
   881 :  5.6389023e-30 -1.7066137e-30 -2.1938789e-30
   882 : -1.8075843e-28  9.8215680e-29  2.6889143e-28
   883 :  6.0652367e-18 -3.5964554e-18  1.3995244e-18
   884 :  1.8461302e-17 -1.2538402e-16  4.7532956e-17
   885 :  6.5467613e-08 -1.0157470e-07 -5.4425643e-08
   886 : -2.5678788e-08  2.1135846e-09  1.4596007e-08
   887 :  5.0655961e-08  4.6810062e-08 -3.0998144e-08
   888 : -1.5513764e-07 -4.0711507e-07  1.8148795e-07
   889 :  1.3762922e-02  4.9019901e-02 -9.7773230e-03
   890 : -5.4812539e-03 -7.4289325e-03  3.3232462e-03
   891 :  4.2165856e-16 -6.2334149e-16  8.6436565e-16
   892 :  1.7082685e-14 -4.7051182e-14  1.0532016e-14
   893 :  8.6000085e-09 -2.0837943e-09 -4.3136237e-09
   894 : -4.0161813e-08  3.8600451e-08  5.8847326e-08
   895 :  1.3930595e-02  2.1165707e-02 -7.2750380e-03
   896 : -8.8275379e-03 -2.1862553e-04  3.2129585e-03
   897 : -1.7639014e-17  2.1084676e-18  1.1877507e-17
   898 :  1.2428275e-16 -1.3509081e-16 -1.6798999e-16
   899 : -5.2000721e-03 -1.9585414e-03  3.9436709e-03
   900 : -1.1333245e-04 -3.1033291e-03 -3.0167033e-03
   901 :  4.2355996e-11  8.7320505e-11 -2.5217759e-10
   902 : -2.1168229e-09  7.1594338e-10  1.6806940e-09
   903 : -1.7153693e-05 -7.7564210e-05  2.3374830e-05
   904 :  6.5986960e-06  9.7798759e-07  3.4882601e-06
   905 : -2.6800889e-05 -5.8562627e-05  1.2227800e-05
   906 :  1.2669414e-03 -3.2262337e-03 -2.6726532e-04
   907 :  5.5597004e-04 -2.4790133e-04  5.4546718e-04
   908 :  2.2324474e-07 -4.6475836e-07  9.0972979e-07
   909 :  2.4772343e-06 -2.3934610e-06 -3.3642405e-07
   910 :  1.2049615e-06 -1.2549844e-05  6.3245656e-06
   911 :  4.4820857e-06 -9.1628720e-07  1.2110904e-06
