Number of elements 912
     0 : -3.0721697e-25 -2.1842923e-26  6.5635683e-25
     1 : -3.3933387e-14  8.6463230e-14 -1.6491565e-14
     2 : -1.7883420e-02 -2.6122185e-01 -4.4622877e-02
     3 :  1.9026339e-17 -5.5963767e-18 -3.3876085e-17
     4 :  1.8568355e-01  1.3050758e-01  1.7660529e-01
     5 : -4.6324262e-02  6.6021480e-03  1.4228396e-01
     6 :  5.8907631e-38  1.4304672e-37 -2.6266510e-37
     7 :  1.6159387e-13 -1.2881147e-12  7.0023092e-13
     8 :  5.0909928e-12  7.0135443e-12 -5.4557231e-12
     9 :  4.2155474e-35 -2.5335790e-34  1.6053086e-34
    10 :  2.0872725e-12  4.5151004e-13 -4.9941888e-12
    11 : -3.3659850e-38  6.0738951e-38  9.4698591e-39
    12 : -9.2488643e-02  2.3486265e-01  2.4043670e-01
    13 : -2.3050013e-09  2.2624538e-09 -2.9239324e-09
    14 :  9.7022363e-20 -2.1358445e-19  3.9090920e-20
    15 : -1.2572160e-11  5.8976720e-11 -6.7792947e-12
    16 :  4.8639709e-40 -1.0846245e-39  5.8669396e-41
    17 : -1.5030312e-28  4.1409862e-28 -7.7193565e-29
    18 :  7.8124836e-12 -3.7439210e-11  8.9587685e-12
    19 :  5.0145614e-47 -7.9371009e-47 -3.7502231e-47
    20 :  1.4313895e-28 -1.8771203e-28 -7.1563242e-29
    21 :  2.2370530e-09  1.0714258e-08 -1.2851445e-08
    22 :  1.2807072e-09 -4.1541498e-09  9.3081198e-10
    23 :  2.2971817e-43 -2.0523891e-43  2.2654812e-43
    24 :  3.3234871e-14  1.8902403e-14 -1.0951039e-13
    25 : -1.2412619e-45 -1.8199618e-45  1.4112536e-45
    26 :  3.7885337e-13  7.4505895e-13 -4.7482781e-13
    27 : -1.7068653e-09  8.9454719e-09 -1.7378525e-09
    28 :  7.1523053e-10 -1.0649414e-08  4.8537986e-09
    29 : -1.0620035e-15 -4.5980168e-15  7.1212806e-15
    30 :  5.2330807e-12 -4.4122167e-12 -6.6934645e-12
    31 :  1.9540372e-18 -9.5322152e-19 -3.1225166e-18
    32 :  2.1220721e-37  2.7110058e-37 -7.2840233e-37
    33 : -3.3911380e-07  6.3701462e-07  4.4978777e-07
    34 :  1.8612974e-47 -1.0324726e-47 -2.7165615e-47
    35 : -2.4476921e-18  1.3250875e-19  4.9824659e-18
    36 : -2.5679306e-02 -1.4141297e-02  1.8870936e-01
    37 : -1.7470011e-05 -7.9613722e-06  9.2205440e-06
    38 :  5.2402403e-10 -4.9807310e-09  7.9652179e-10
    39 :  4.8985176e-15  2.4116652e-14 -3.6137150e-14
    40 :  7.3744045e-16 -2.1374436e-15  5.1381090e-16
    41 : -8.2266865e-09  1.6117665e-08  3.4371451e-09
    42 : -5.1371901e-45  8.5594920e-45 -7.9679344e-46
    43 : -1.0363668e-26  2.1050328e-26 -1.7049200e-28
    44 : -1.7610122e-07  2.3493419e-06 -2.1012938e-06
    45 :  2.2195541e-21  5.9838812e-21 -1.4894127e-20
    46 : -8.3741671e-22  5.3048980e-22 -2.8860614e-22
    47 :  8.0840493e-37  5.2627952e-36 -1.1618231e-35
    48 :  2.1695425e-40  8.0671621e-39 -3.3434896e-39
    49 :  3.8197797e-11 -1.8350910e-10  9.8034246e-11
    50 :  2.2000594e-07  1.1890086e-06 -4.5025547e-07
    51 : -6.9412506e-03  1.6619611e-03 -3.6972635e-04
    52 : -2.9076963e-11  8.6521690e-11 -1.7538680e-11
    53 :  2.6077290e-37 -1.7580621e-37  7.3536299e-38
    54 : -8.7710427e-09  8.7968860e-09 -2.4486833e-08
    55 :  3.2817346e-09  2.8197108e-09 -1.6601492e-08
    56 :  5.2154940e-02  1.4083502e-01 -5.6483827e-06
    57 : -2.1853496e-10 -8.4098736e-10  2.0492991e-09
    58 : -7.3031990e-05  2.7378922e-04 -1.0762163e-04
    59 : -1.7507537e-11 -3.1139331e-11  1.9317489e-11
    60 : -1.0992225e-07  1.0660901e-07  1.6907187e-07
    61 :  9.8629392e-04 -6.1543455e-04  6.2359015e-04
    62 :  7.8569286e-14 -1.2500568e-14 -2.8355142e-14
    63 :  9.2333757e-07  3.0148484e-07 -3.5322798e-07
    64 : -8.4796578e-13  5.7633855e-13  1.1968920e-12
    65 : -5.1193325e-16  7.4106151e-16 -1.3515533e-16
    66 : -3.5234698e-18  8.0682412e-18 -1.7427327e-19
    67 : -4.2478861e-39  2.4513131e-40  8.5058506e-39
    68 : -6.5245129e-40  5.4597298e-39 -4.1136837e-39
    69 : -4.8156727e-39  3.8042659e-39  6.0175731e-39
    70 : -4.4899039e-21 -3.5630251e-21  1.2854400e-20
    71 : -6.0009829e-07  5.1770081e-07  5.6752439e-07
    72 : -1.5725797e-42  2.5646483e-41 -2.2176021e-41
    73 : -1.3292849e-06  1.0302674e-06  9.3639572e-06
    74 :  4.0397564e-30  1.0999394e-29 -7.4409825e-30
    75 :  4.7145894e-30  3.8717242e-30 -4.1040920e-30
    76 :  1.1501164e-41  3.2776338e-42 -6.7789488e-42
    77 : -1.6922210e-32  5.3643531e-32 -1.9178652e-32
    78 : -2.7692585e-35  6.8726566e-35 -6.6624434e-36
    79 :  2.3744126e-26 -2.3725300e-26  2.6486241e-26
    80 :  1.2365723e-54  1.3826004e-53 -8.6562008e-54
    81 :  8.4512893e-36  3.7234170e-35 -2.2724577e-35
    82 :  4.7397778e-01 -2.7935184e-01  1.4263888e+00
    83 : -1.6292336e-48 -1.8115727e-47  2.1368300e-47
    84 : -1.0990408e-45 -4.0398900e-45  3.9975427e-45
    85 :  1.3810214e-03  6.7466698e-02 -4.5695470e-02
    86 : -1.9489383e-28 -2.0504322e-28  6.2420465e-28
    87 : -1.6696240e-26  3.1383583e-26  3.0338779e-27
    88 :  5.2223281e-17  4.0429107e-17 -4.4197142e-17
    89 :  1.3864900e-04 -2.3918897e-05 -6.2889598e-05
    90 : -1.6950272e-42 -5.0617987e-42  3.3559864e-42
    91 :  2.0805802e-01  4.9332687e-02  1.3399830e-01
    92 :  2.0864856e-21 -2.9538133e-21  5.3002617e-22
    93 : -7.6747121e-53  1.0816639e-53  4.0455833e-53
    94 : -1.3118269e-24 -1.0363319e-25  1.1802845e-24
    95 :  4.2888480e-39 -1.1587285e-39 -1.9501453e-39
    96 : -2.1769071e-18  4.7735780e-18 -7.0537769e-18
    97 : -2.1602807e-19 -9.4774288e-20  5.2071143e-19
    98 :  5.1059760e-01 -9.6012391e-02  1.7602896e-01
    99 : -3.9692198e-36 -2.6622820e-35  1.5543975e-35
   100 : -1.2893024e-37  1.0707428e-37  6.8777492e-38
   101 :  9.1378474e-17 -6.5508558e-17 -1.1562660e-17
   102 :  3.8568380e-11 -2.8885499e-11 -1.2041374e-11
   103 :  5.5369655e-49 -5.5834819e-49 -5.6942322e-49
   104 : -4.4377833e-22  1.0411760e-22  1.5136295e-22
   105 : -1.7232330e-11  3.4867301e-12  1.1099167e-11
   106 :  6.2678784e-15 -3.0125107e-15 -1.1018939e-14
   107 :  9.1939911e-16 -1.4943683e-14 -5.3501689e-15
   108 :  6.9077533e-14  8.8792853e-14 -2.7110936e-13
   109 :  1.0947779e-10  2.2333617e-10 -8.4529641e-10
   110 : -8.5905882e-07  5.0394645e-06 -1.1680554e-06
   111 : -9.9347764e-14  2.5143302e-14  2.8891820e-14
   112 : -1.9232643e-34 -2.5088450e-34  6.6848388e-34
   113 : -8.1896602e-03  9.4260736e-04  1.3125744e-03
   114 : -2.1975888e-20  1.2321046e-20  2.1205431e-20
   115 :  1.0571356e-09  3.3765739e-09 -1.8391611e-09
   116 : -5.1009614e-06  5.4197858e-06 -6.6998834e-07
   117 :  2.0939555e-01  1.3986715e-01  4.4195374e-02
   118 :  7.3542477e-01  1.4259131e-01  3.8677898e-02
   119 : -1.4952012e-40 -4.1729961e-41  2.3460829e-40
   120 : -3.0361991e-20 -2.9297223e-20  9.1500401e-20
   121 :  1.4044098e-31 -2.3555145e-30  1.6405490e-30
   122 :  2.0658434e-10  1.6774747e-09 -1.2469541e-09
   123 : -2.1574385e-49  1.0473854e-48 -1.0001259e-48
   124 :  2.2159675e-36 -1.8636657e-36 -1.6526459e-37
   125 :  7.1833293e-52 -2.3000819e-51  8.6493060e-52
   126 :  1.8172849e-28 -3.7734404e-28 -4.2372736e-30
   127 : -6.7870038e-30  7.6050364e-30  6.5645783e-30
   128 : -2.8165785e-10 -1.5555771e-11  6.0225462e-10
   129 :  4.0301700e-25  5.3433652e-25 -1.4931202e-24
   130 :  2.7194195e-03  1.2330766e-03 -4.6608333e-03
   131 : -2.7398491e-08 -2.4744707e-08  4.7035709e-08
   132 :  4.7147725e-09 -1.5676364e-08  4.0490045e-09
   133 :  8.3290222e-07 -1.6684213e-06 -7.1198585e-07
   134 : -7.1457446e-10  3.4958853e-10 -2.0381502e-10
   135 :  1.0381511e-11  9.4653608e-12 -3.0178696e-11
   136 :  2.4105916e-15  1.0840224e-15 -1.8159951e-15
   137 : -6.5785094e-12  3.1558256e-11 -1.8434826e-11
   138 :  1.7925662e-13  3.5527987e-13 -4.2426349e-13
   139 :  3.6226074e-13 -6.4209962e-13  1.4434531e-13
   140 : -9.0671286e-33  1.4480772e-32 -2.6468280e-33
   141 : -5.0389904e-31  4.2961697e-31  6.1601153e-31
   142 :  1.1623739e-13 -3.7285406e-13  6.0017863e-13
   143 :  1.1662204e-41  6.4610004e-41 -1.1032411e-40
   144 :  3.1187045e-15  2.8095612e-15 -2.6449509e-15
   145 : -4.8382781e-19  8.1419029e-18 -3.5896386e-18
   146 :  2.4091760e-23 -4.2227319e-23 -9.1553971e-24
   147 :  3.7455343e-40 -2.1394332e-40 -6.7179043e-41
   148 :  1.0082861e-22 -9.8415272e-23 -1.0527492e-22
   149 :  2.2362632e-01  2.4174945e-02  1.5819725e-01
   150 : -3.4000692e-19  6.9959578e-18 -6.2681692e-18
   151 :  1.7187038e-29  1.3518077e-29 -4.9195243e-29
   152 :  4.7949302e-25  1.3056182e-25 -2.8594145e-25
   153 :  6.7950620e-01  1.1378489e-01  2.5804933e-01
   154 : -4.2635155e-53  2.5829186e-53  5.8513422e-53
   155 :  7.8225392e-41 -7.0820136e-41 -1.1171607e-40
   156 :  7.0819520e-43 -9.7889109e-43  1.3673003e-43
   157 : -1.5884779e-20 -1.5973724e-20  4.8941303e-20
   158 :  1.0357732e-12 -1.3485545e-12  3.1303215e-13
   159 :  1.0519014e-16  3.7707072e-16 -2.3642812e-16
   160 : -4.0326705e-51  1.0819951e-51  1.4678999e-51
   161 : -1.6623921e-50  8.8494056e-49 -1.7656047e-48
   162 : -3.0920974e-02  1.3588804e-01  3.3900945e-02
   163 : -3.8578532e-09 -4.5615316e-10  5.1750760e-09
   164 :  6.2887896e-28  6.7082536e-29 -1.3775060e-27
   165 :  1.5135652e-15 -2.0344004e-14  1.7304734e-14
   166 :  1.0739602e-42 -9.1389702e-44 -2.1117456e-42
   167 :  1.5992081e-12 -9.3130815e-13  4.5837155e-13
   168 :  1.9745933e-08 -6.0446557e-08  1.3981197e-08
   169 :  9.2017057e-01 -1.0080800e-01  1.9942687e-01
   170 :  3.2894937e-39 -1.4766715e-38  2.7387410e-38
   171 :  4.4249287e-39 -1.7992652e-38  3.1730944e-38
   172 : -6.9787722e-08  9.1962637e-08  8.5769919e-08
   173 : -7.2371328e-11 -3.9236653e-10  1.0601832e-09
   174 :  4.7709154e-14 -1.0674316e-13  2.1325703e-15
   175 :  2.3338113e-22 -1.9205030e-22  1.9414925e-22
   176 :  2.2036716e-35 -2.0829516e-35 -2.4880404e-35
   177 : -7.3893453e-15  2.1582025e-13 -1.9437518e-13
   178 :  7.4977092e-01 -5.2108980e-01  1.7421235e+00
   179 : -2.8717284e-13  1.6695186e-12 -1.5234835e-12
   180 : -7.1267622e-41  1.6363896e-41  1.2920733e-40
   181 :  1.9982351e-08 -8.2409321e-09 -4.2839866e-08
   182 :  1.4561387e-24  3.3030017e-26 -1.5430735e-24
   183 :  2.8173342e-06  1.1993267e-07 -3.1282378e-06
   184 :  2.8068146e-53  4.6167974e-52 -2.4183603e-52
   185 : -3.1664099e-29  1.4731572e-29  8.1732460e-30
   186 : -5.4273322e-20 -6.3311833e-20  1.8864777e-19
   187 :  2.8822922e-12 -1.1270432e-11  5.0637639e-12
   188 :  4.9512088e-01  7.5589485e-02  1.2205211e+00
   189 :  7.7013684e-13  8.1133739e-14 -1.5608212e-12
   190 :  1.2129380e-15 -7.4175271e-15  2.8869079e-15
   191 :  4.3574299e-49 -3.4510930e-49 -5.5271250e-49
   192 :  7.4296133e-08 -8.1491939e-08 -1.5250767e-07
   193 : -1.9510524e-02  1.0797426e-01 -1.8214455e-02
   194 :  3.3214735e-01  3.5530133e-01  1.6214529e-01
   195 : -5.8360309e-21 -1.5250290e-21  3.6326661e-21
   196 :  3.6537162e-41 -3.6871249e-41 -3.8556044e-41
   197 :  4.4430721e-42 -6.4114352e-42 -2.5608700e-42
   198 : -1.2909891e-17 -1.3795087e-18  1.6082944e-17
   199 :  1.5670133e-03 -3.7528451e-03  1.2602752e-03
   200 :  3.1113236e-37  1.3532443e-37 -7.7798383e-37
   201 :  1.0736612e-08 -5.9234656e-11 -9.3610344e-09
   202 : -1.2617359e-21 -2.5555758e-21 -2.9001242e-21
   203 :  1.6145379e-44  7.9975068e-45 -1.1705663e-44
   204 :  2.7406656e-21  1.0059636e-21 -3.9386574e-21
   205 :  2.6021658e-08 -8.1493366e-08  2.7273679e-08
   206 : -2.8557382e-44  1.2045103e-44  1.4565308e-47
   207 : -3.9123922e-42  2.5948711e-42 -1.4226879e-42
   208 : -5.1608566e-31  2.9356582e-31  6.1802541e-31
   209 :  4.8390560e-01  2.5137402e-01  2.6177496e-01
   210 :  1.1888498e-22 -1.7228154e-22 -7.0543876e-23
   211 :  9.3595708e-44 -3.4181861e-44 -2.2526879e-44
   212 : -1.7602314e-12  1.3236932e-12  3.4112501e-13
   213 :  2.5949540e-41 -1.1530314e-40  1.1208930e-40
   214 :  2.0678177e-01  2.8033944e-01  2.0038315e-02
   215 :  5.8136204e-01 -3.6484122e-02 -1.9973893e-01
   216 :  8.6338141e-12 -8.5850589e-12 -9.7630083e-12
   217 :  4.6451242e-52  2.4054878e-51 -1.4131060e-51
   218 :  3.2976923e-33  4.5641996e-33 -1.1404049e-32
   219 :  4.1356935e-10 -4.4770839e-09  6.3994847e-09
   220 :  5.4139321e-29  2.9548047e-28 -6.7850008e-28
   221 :  9.4462117e-36  3.1128962e-36 -2.2249542e-35
   222 :  6.3212137e-04 -2.0244581e-04  5.8491977e-04
   223 :  2.1275308e-06 -1.8038719e-05  7.9186003e-06
   224 :  7.2546657e-17  1.5326538e-17 -1.6664605e-16
   225 :  8.5224545e-28 -1.4772849e-27 -2.4473577e-28
   226 : -5.0844542e-37  2.7123384e-37  1.6809759e-37
   227 : -7.9996048e-22  9.7377148e-22 -1.2658977e-21
   228 : -9.4212100e-18  1.8806465e-17  1.9071751e-18
   229 :  7.7149128e-24  6.7096671e-24 -6.8691473e-24
   230 : -5.7562441e-37 -2.5298347e-37  3.9830227e-37
   231 :  2.3540477e-38 -5.0971747e-37  4.6045448e-37
   232 :  1.9633852e-49  2.4177513e-49 -2.1590863e-49
   233 :  1.3175167e-35 -1.4823066e-35 -1.0113209e-35
   234 : -1.1783909e-02  6.8984071e-03 -1.0993234e-02
   235 : -7.8645101e-08 -1.1435502e-07  2.8891992e-07
   236 : -8.4400121e-34  1.8373345e-33 -7.6218584e-35
   237 : -3.9317256e-31  5.9635720e-31  9.9789224e-32
   238 :  8.1321987e-47  1.0581196e-47 -4.5759635e-47
   239 :  1.2356756e-37  3.0760660e-35 -6.2848755e-35
   240 :  3.6651859e-42 -1.7474669e-42 -5.7806709e-42
   241 :  1.7953342e-10 -2.1589023e-09  6.9589624e-10
   242 : -3.6430755e-10 -1.9841626e-10  7.7074213e-10
   243 :  1.3372102e-04 -1.1651251e-04  1.4365997e-04
   244 :  2.7607571e-07 -4.8905193e-07  1.0654087e-06
   245 :  1.6967487e-34  6.4900171e-35 -3.8214511e-34
   246 : -3.6710210e-11  2.5647846e-11  3.5237770e-12
   247 :  3.7696880e-04 -2.7303093e-04  3.5359461e-04
   248 :  1.1239895e-51  3.2891459e-52 -2.6033097e-51
   249 : -3.6993221e-26  1.0075781e-26  6.7706724e-26
   250 :  4.0779387e-10 -9.9070421e-11 -1.5013767e-10
   251 : -1.0700195e-18  2.6904407e-18 -9.8408591e-20
   252 : -1.8711483e-37  3.5071324e-37 -4.4075418e-38
   253 :  7.6025581e-46 -9.1134690e-46  1.1106476e-45
   254 : -2.3012113e-03  6.3334133e-04  7.1913697e-04
   255 : -2.3118863e-20  2.9237163e-21  6.0697096e-21
   256 :  2.1282167e-11  1.1797371e-10 -6.2018607e-11
   257 :  7.4800284e-07 -2.2039401e-07  9.8581784e-07
   258 : -1.1007769e-21 -3.0307422e-21  6.9829374e-21
   259 :  1.5666938e-30  5.0437334e-30 -1.2181987e-29
   260 :  1.5585148e-10  1.8966187e-10 -5.0568752e-10
   261 : -3.2833020e-21 -4.7128202e-21  1.9001263e-20
   262 :  2.2214613e-34 -5.1327385e-34  2.4966412e-34
   263 : -5.3701065e-39  5.8023916e-39  5.2928810e-39
   264 : -3.8863508e-20  1.6499140e-20  5.5862426e-21
   265 :  1.7575316e-09 -6.2817968e-10 -3.0940751e-11
   266 :  4.2024936e-26  1.1634317e-25 -7.5428514e-26
   267 :  1.1358334e-24 -5.2036079e-25 -2.8124270e-25
   268 :  1.0772712e-39 -1.6201154e-39  2.2164755e-39
   269 :  1.8332419e-04 -4.3620895e-05 -8.7976947e-05
   270 : -2.4050805e-23  1.8075055e-22 -1.2076634e-22
   271 : -9.8761894e-09 -3.1702762e-10  1.1713680e-08
   272 : -2.7350283e-23  3.3625635e-23 -4.3685490e-23
   273 :  2.6043918e-39 -3.0433937e-38  2.5446388e-38
   274 : -2.8597477e-11 -9.9073393e-11  2.0908881e-10
   275 : -2.3777288e-32 -8.5024291e-32  1.3787898e-31
   276 :  1.9692676e-07  2.0249087e-08  1.2303807e-08
   277 :  1.5648582e-34 -2.0112852e-34 -1.2151269e-34
   278 :  1.9832270e-11  6.0881508e-12 -5.4635905e-11
   279 :  1.3389195e-18 -2.7561818e-19 -5.1840029e-19
   280 :  3.5931540e-02  2.7358146e-01  8.4814324e-02
   281 : -5.3024054e-19  7.3888544e-19  3.9174300e-19
   282 : -7.3750228e-27  2.9975428e-26 -5.5897080e-26
   283 :  7.8195503e-32 -3.9984232e-31  2.4121328e-31
   284 :  2.4141294e-34 -2.1204595e-33 -1.1666090e-33
   285 : -7.8475953e-03 -3.3751376e-03  4.5836150e-03
   286 : -2.2585252e-11  3.5353289e-11  1.9895742e-11
   287 :  3.1760921e-14  5.1694370e-15 -1.6426177e-14
   288 :  1.8456179e-01  1.3339671e-01  1.8011788e-01
   289 : -2.3926347e-15 -9.7403998e-16  4.5896783e-15
   290 : -1.2803000e-02  2.9239879e-03 -7.1528086e-03
   291 : -5.6084560e-19  7.1528437e-19 -6.9913973e-20
   292 :  3.0326720e-06 -1.8641553e-05  1.1766391e-06
   293 : -3.1523083e-30  1.5135622e-30  4.8862933e-30
   294 :  2.7827208e-13  2.1894021e-12 -4.9280827e-12
   295 :  2.0398775e-43 -1.0154209e-43 -4.9112988e-44
   296 :  1.9460118e-08 -1.6662877e-07  1.4560262e-07
   297 : -1.2982040e-16  3.0549394e-16 -1.7296708e-17
   298 :  1.1743604e-17  1.7773667e-17 -1.6114460e-17
   299 : -3.5855242e-47 -2.0103247e-47  8.7910391e-47
   300 : -2.8531935e-08 -5.0532495e-08  2.4522330e-08
   301 : -9.0884107e-20 -1.9049963e-20  5.0434601e-20
   302 :  1.5166326e-11 -6.1241773e-11  2.3903339e-11
   303 :  1.7552175e-13 -1.8517272e-13  5.8790041e-15
   304 :  1.3561336e-13 -1.1677440e-12  2.0791870e-12
   305 :  1.1411680e-21  1.4939832e-22 -5.7741918e-22
   306 :  2.4952854e-06  3.8696395e-06 -3.8048928e-07
   307 :  1.3594823e-12 -4.3003669e-13 -7.6831177e-13
   308 : -2.0745295e-18  3.2712885e-18 -5.2684343e-18
   309 :  8.1239181e-47  8.8513812e-46 -4.7918292e-46
   310 :  4.5545855e-15 -1.0503957e-15 -8.9358720e-15
   311 :  2.3859791e-11  2.6315027e-12 -5.6356309e-11
   312 :  6.5036572e-42  7.8506832e-42 -2.2023571e-41
   313 :  1.0534831e-30 -3.4946029e-30  1.0129033e-30
   314 : -4.9032961e-46 -2.3616766e-45  5.2220511e-45
   315 : -5.7376562e-36 -2.6870797e-35  1.5842919e-35
   316 : -2.7541118e-05 -1.7519607e-05  1.3160891e-05
   317 :  1.8871949e-47 -1.2673651e-46  8.6024409e-47
   318 : -2.2610984e-08 -2.7984028e-08  1.3056905e-08
   319 :  5.8573589e-09  9.6177560e-09 -2.2127945e-08
   320 :  1.1094966e+00  1.6121022e-01  7.3781507e-02
   321 :  1.6088095e-05 -1.6188653e-05 -3.3972491e-05
   322 :  1.8004208e-45 -4.7304980e-45  1.1130543e-45
   323 :  1.0635578e-50 -1.4577213e-50  1.9491692e-51
   324 : -1.9978171e-34  9.9928080e-34 -3.7535587e-34
   325 :  5.8222963e-30  2.6712543e-30 -1.1388309e-29
   326 : -1.6651185e-04  2.9633719e-04  7.3215455e-04
   327 :  5.7769666e-01  1.7231785e-01  1.3383726e+00
   328 :  2.4354302e-10  1.3221057e-10 -2.1361779e-10
   329 :  9.0910512e-33 -2.8909819e-32  9.9183119e-33
   330 : -2.8991513e-49  7.6016565e-50  5.0363322e-49
   331 : -2.2011939e-22  2.5830348e-22  2.0413786e-22
   332 : -1.0080094e-12 -9.3252984e-13  9.2371662e-13
   333 : -2.9123198e-30  2.8572833e-30 -3.1126995e-30
   334 :  8.1805903e-09 -7.1619535e-08  4.7257285e-08
   335 : -3.2025329e-12  5.9653539e-12  1.3397383e-12
   336 :  3.4423059e-11 -4.0691544e-11 -3.3736346e-11
   337 : -2.1033017e-45 -5.3998408e-44  6.0701951e-44
   338 :  3.0588171e-10 -5.1757712e-10  1.0447724e-10
   339 : -1.5453430e-32  2.1503908e-32  1.0901893e-32
   340 :  1.3723222e-09 -4.4920559e-09  4.5624414e-09
   341 :  1.1856688e-42 -1.1049439e-42 -3.5178763e-44
   342 : -3.0426177e-36  2.0084074e-36  4.2370835e-36
   343 : -1.6446062e-18  9.2123802e-19  3.4691392e-19
   344 : -8.1165646e-08  5.1006026e-08 -7.8786642e-09
   345 : -9.0422329e-03  2.6358705e-03  1.1737391e-03
   346 : -5.8966148e-36 -1.0419093e-35  7.8939977e-36
   347 :  2.7336107e-09 -1.8394672e-09  2.7261220e-10
   348 :  1.1984916e-18 -4.1899222e-18  1.4807971e-18
   349 :  3.7191333e-20 -2.6362389e-20  1.8343450e-20
   350 :  2.9264423e-08  1.8069460e-08 -7.8293439e-08
   351 : -2.1116819e-29  1.9706547e-28 -8.5920054e-29
   352 : -9.6187886e-08  1.6914623e-08  5.7010090e-08
   353 :  7.8148079e-13  5.4249100e-13 -6.4035751e-13
   354 :  2.5476475e-01  3.4486689e-01  2.7601672e-01
   355 :  2.1608079e-01  1.4620012e-01  1.1620096e-01
   356 :  2.7171434e-44  5.2560325e-44 -1.1074537e-43
   357 :  6.5782837e-09  6.2358607e-08 -1.6676883e-07
   358 : -2.6509324e-21  3.3564510e-21  2.2378228e-21
   359 :  8.6077452e-52 -3.0035252e-51  1.0690153e-51
   360 : -1.1103996e-08  9.6942961e-10  9.7560161e-09
   361 :  1.1650834e-27  9.0575507e-27 -4.9021767e-27
   362 :  1.2095462e-19 -4.1663398e-19  8.1357659e-19
   363 : -7.5675705e-24 -9.5115211e-25  9.5349100e-24
   364 : -3.5542865e-25  3.5939091e-25 -4.4279628e-27
   365 :  8.7348361e-20 -5.9647789e-20 -1.0274143e-19
   366 :  5.3387648e-40 -6.7322244e-39  5.5831889e-39
   367 :  1.1053271e-15 -9.6079123e-16  1.8864195e-15
   368 :  6.7641095e-10 -2.3930301e-09  6.2629156e-10
   369 : -2.6748916e-21 -8.3941070e-20  1.1561822e-19
   370 : -5.0356884e-25  2.3033803e-24 -1.3097984e-24
   371 : -3.1365387e-41  9.9378130e-41 -1.6968198e-40
   372 :  2.5993410e-19 -2.7592600e-19 -2.4697476e-19
   373 :  9.3446711e-13  5.7138473e-13 -2.3373666e-12
   374 : -5.1652898e-03  1.2578670e-03  1.4817445e-03
   375 : -3.5608087e-29 -4.0774072e-29  3.6245650e-29
   376 :  1.6164146e-45 -4.2686674e-44  3.9846390e-44
   377 : -2.9232060e-17  3.9320305e-17 -4.9591991e-18
   378 :  8.5273044e-25 -3.6443947e-24  1.4525446e-24
   379 : -2.4493635e-48  6.7754255e-48 -1.9158514e-48
   380 : -4.9250111e-06 -2.6304657e-06  1.4726520e-06
   381 :  3.3170487e-21 -6.5749130e-22 -1.2640040e-21
   382 :  7.3089911e-30 -9.5600729e-30 -5.2629508e-30
   383 : -3.8041148e-07 -4.8235899e-07  2.8193772e-07
   384 : -9.9173753e-28  2.8172810e-27 -9.6251226e-28
   385 : -1.6713268e-11  2.8628193e-11  8.6371108e-12
   386 : -2.2231954e-05  7.1347757e-06  4.0755701e-06
   387 : -1.5355942e-32 -7.6644149e-33  3.9246992e-32
   388 :  1.5711170e-02 -1.7247802e-03 -8.9799244e-03
   389 : -7.1289777e-27  1.8165026e-26 -2.3249253e-27
   390 :  9.4371872e-11 -1.8056021e-10 -7.8149679e-11
   391 : -1.3019385e-22  1.2243884e-21 -5.3992331e-22
   392 :  4.8097885e-07 -1.9683225e-07  9.6360780e-08
   393 :  4.7678231e-07  2.9440265e-06 -3.8050638e-06
   394 :  2.7478326e-27 -3.8240355e-27 -1.9031182e-27
   395 :  2.1190373e-16 -5.0502579e-17 -1.0521576e-16
   396 : -1.6454416e-48  1.2150866e-47 -2.2975733e-47
   397 :  2.0997111e-07 -1.3494826e-06  2.0287420e-07
   398 :  1.2395530e-13 -4.5850954e-13  1.4895961e-13
   399 :  4.7015680e-08  5.3044341e-06 -2.5435889e-06
   400 : -9.5853756e-15 -6.9867406e-14  1.6922163e-13
   401 :  7.4159717e-12 -1.2041020e-11 -5.6521897e-12
   402 :  5.8006080e-26 -2.7586430e-26 -2.7760020e-27
   403 :  7.3735964e-25 -4.9676951e-24  3.4186738e-24
   404 :  1.0184601e-40 -1.8442523e-40 -8.4614932e-41
   405 : -3.0507479e-17  4.1823429e-16 -3.2312548e-16
   406 : -2.3173253e-08  2.2126553e-09  7.3307464e-09
   407 : -8.7265923e-06  4.1376068e-06 -1.8859249e-06
   408 :  4.8208003e-05 -3.8626554e-05 -4.9216642e-06
   409 :  9.3843807e-15  1.0618040e-14 -9.2918286e-15
   410 : -2.6824327e-02 -7.9845137e-02 -7.0366104e-02
   411 : -5.7339684e-15  1.6648610e-14 -4.2191464e-15
   412 : -3.4092068e-12  1.8684602e-12  6.4422011e-12
   413 :  3.1378217e-44  7.1347735e-44 -1.4606637e-43
   414 : -1.5882006e-02  3.5377055e-03 -9.0331216e-03
   415 :  2.3558076e-14 -5.6780652e-14  6.2511446e-15
   416 :  2.7056918e-32 -9.3233446e-32  1.6655389e-31
   417 : -2.0190330e-09  1.8274071e-08 -4.7910047e-08
   418 :  5.3298481e-06 -2.9289317e-06 -2.4379557e-05
   419 :  3.4737055e-41  2.7484674e-40 -1.5017550e-40
   420 : -3.0097473e-37  3.1736183e-37  2.9035747e-37
   421 : -5.1739695e-34  2.4810763e-33 -1.3710286e-33
   422 : -1.6285937e-19  8.7603967e-20  1.2986844e-20
   423 : -7.9932621e-16  3.4521529e-15 -1.2882978e-15
   424 :  1.3882912e-27 -3.5113823e-27  1.0387790e-27
   425 :  1.3630280e-33 -7.0160410e-33  2.7019853e-33
   426 : -3.1819200e-23  2.0046396e-23  5.5752245e-24
   427 :  1.4067698e-26 -4.5299188e-26  5.2889960e-26
   428 : -5.1781572e-26  1.0228930e-25  6.1461958e-27
   429 :  1.6525133e-12  7.3752428e-13 -9.6485611e-13
   430 :  2.4356688e-11 -3.4380812e-11 -2.0448304e-11
   431 :  2.1433003e-16 -4.0539914e-16 -6.9565950e-17
   432 :  5.7015434e-19 -6.8626328e-19  9.0239503e-19
   433 : -2.8438129e-43  7.1707955e-43 -1.4767758e-43
   434 :  2.7720480e-04 -5.5610460e-05 -7.1776736e-05
   435 :  1.3093989e-14 -7.2270739e-15  2.0305703e-15
   436 : -1.0080491e-28 -1.4692839e-28  4.1275336e-28
   437 :  4.0937553e-09 -5.7788434e-09  8.6879769e-09
   438 :  1.0841183e-09 -1.0342002e-09  1.7067400e-09
   439 : -9.1666631e-07  7.2370439e-07 -7.0738981e-07
   440 : -1.3235613e-36 -2.4995637e-34  1.7359826e-34
   441 : -1.9537112e-47 -1.1208398e-47  3.9971388e-47
   442 :  1.2640680e-08  2.2753952e-09 -1.2994743e-08
   443 : -2.0816430e-18  3.5065250e-18  9.0026305e-19
   444 : -2.1579925e-09  7.3799980e-10  2.6138763e-10
   445 :  4.2860095e-24  2.3388689e-23 -1.2079186e-22
   446 : -5.8997428e-03 -7.8311197e-03  3.5507521e-03
   447 : -2.0380811e-23 -5.4879625e-23  1.4838512e-22
   448 : -5.7560690e-14 -1.8911711e-13  9.4249599e-14
   449 :  6.1420203e-43 -2.0499306e-42  8.1019352e-43
   450 : -9.6490843e-46  1.4126417e-45  5.4161623e-46
   451 :  1.1675045e-04  7.0762675e-04  2.8311013e-04
   452 :  1.9736874e-01  1.4338238e-01  1.5050319e-01
   453 : -5.1038342e-03 -1.4237736e-04  2.2024962e-03
   454 :  1.6095890e-01 -2.1576021e-02  2.7715009e-01
   455 : -4.8500517e-26 -1.5472011e-26 -1.0681287e-25
   456 :  2.1707351e-13 -8.2238511e-14 -3.4217540e-14
   457 :  6.6234288e-48  1.6136411e-47 -2.7367195e-47
   458 :  6.6125531e-23  4.5374318e-22 -6.7886494e-22
   459 :  3.9450673e-15 -3.4162715e-15 -6.3432980e-15
   460 :  4.2216713e-13 -1.0323265e-12 -1.0921928e-14
   461 : -2.3141100e-23  1.2554069e-23  3.5833537e-23
   462 : -2.4598929e-19  7.2294649e-19 -2.1549040e-19
   463 : -8.8101207e-34 -8.8861109e-34  2.3714927e-33
   464 :  3.3797872e-09  9.5720784e-09 -5.2440365e-09
   465 :  1.5220318e-13 -4.3197109e-14 -6.2884921e-14
   466 : -2.5085449e-06  9.6755372e-07  6.0210878e-07
   467 :  3.3444703e-36 -3.2510604e-36  3.5283129e-36
   468 : -2.6955041e-31  2.6856256e-31  3.0130216e-33
   469 : -1.5082557e-47  7.5003304e-48  1.6142656e-47
   470 :  9.4557809e-45 -1.0721541e-44  5.8192621e-46
   471 : -5.3090431e-28  1.8051961e-28  2.1946885e-28
   472 :  3.9807353e-33 -7.0710920e-33 -1.2355598e-33
   473 :  2.0699944e-11  2.1568621e-11 -6.9757180e-11
   474 : -4.2563607e-39 -3.7060194e-40  9.0547397e-39
   475 : -8.3564343e-28 -1.2320314e-27  3.5416761e-27
   476 : -1.5718541e-26 -3.3230265e-27  9.0303782e-27
   477 :  6.7165341e-52 -1.2792847e-50  2.5701033e-50
   478 :  8.2090788e-15  3.3330238e-14 -5.6414749e-14
   479 : -9.7511902e-50  2.0210118e-49 -6.4694660e-51
   480 : -9.4869131e-05 -5.2543353e-05  3.6042348e-04
   481 : -8.6162255e-26  1.7377908e-25 -3.2228199e-25
   482 : -6.0570766e-38  1.9761931e-37 -6.7768990e-38
   483 :  3.5658680e-06  1.0272180e-07 -1.7625625e-06
   484 :  1.6395739e-17 -1.2539967e-14  4.9757726e-15
   485 : -5.1923651e-14  4.5598873e-14  6.3226240e-14
   486 :  1.9016534e-01 -1.7412137e-02  1.4026878e-01
   487 :  1.3891289e-12  8.1395525e-13 -2.4783491e-12
   488 :  1.0492273e-04 -5.9369858e-05 -5.3037601e-05
   489 : -4.1339111e-40 -1.4956105e-40  9.8820356e-40
   490 :  3.6174502e-35 -5.5533919e-35  9.5302823e-36
   491 : -7.3972026e-38  2.6440785e-36 -1.2785753e-36
   492 : -1.5463371e-11  4.7121123e-11 -8.9127156e-11
   493 : -9.2098856e-08  2.3849514e-07 -2.4923886e-08
   494 :  5.5959924e-06  1.6215789e-06 -9.0892621e-06
   495 :  5.7661758e-18  1.5196805e-17 -2.0103704e-17
   496 : -2.7136677e-31  3.0441344e-31  2.4223047e-31
   497 :  1.9153553e-46  1.4320712e-45 -7.9011481e-46
   498 :  1.2024217e-43  1.0660519e-42 -2.3287703e-42
   499 : -8.2647459e-05  1.0772453e-04 -3.5315262e-05
   500 : -8.2800229e-47  3.7581498e-47  1.3197882e-46
   501 :  6.3958716e-52 -1.9392977e-50  1.4634792e-50
   502 :  9.5696113e-11 -2.5160758e-09  1.1154997e-09
   503 :  7.0884938e-10  1.4830215e-09 -6.3109506e-10
   504 : -1.2633222e-16  6.6663111e-15 -2.8789970e-15
   505 :  2.4901208e-04 -1.1808699e-04 -2.7056742e-05
   506 : -1.0138945e-33  3.9543468e-33 -1.8855492e-33
   507 : -1.0169983e-32  2.2070903e-31 -2.9799503e-31
   508 :  7.5755984e-31 -1.0333615e-30  1.2524873e-31
   509 :  2.9721394e-12  8.0559307e-13 -4.7186097e-12
   510 : -4.4527100e-31  4.6522600e-31  1.2570296e-30
   511 :  2.5198623e-23 -9.3078023e-24 -8.3675212e-24
   512 : -2.5781782e-24 -3.3468299e-23  1.7167879e-23
   513 : -1.1660927e-17 -5.4096099e-18  2.9510908e-17
   514 :  8.2178218e-16 -5.8184697e-15  1.6898498e-15
   515 : -2.2183582e-07 -8.2634251e-08  4.4876581e-07
   516 :  5.8411768e-32  1.5434276e-31 -1.0495917e-31
   517 : -2.7698544e-07  4.6223886e-08 -1.5628193e-08
   518 : -1.6477166e-15  3.0562520e-17  1.5347638e-15
   519 : -7.3400520e-23  7.1897220e-23  8.0748232e-23
   520 : -6.1971274e-19 -4.3981088e-19  6.3583834e-18
   521 :  1.4898721e-08 -9.4118988e-09  2.9498795e-09
   522 :  2.2434397e-01  2.9804557e-01 -9.0613421e-03
   523 : -3.1846717e-06 -2.9371010e-07  1.3673812e-06
   524 : -2.1817239e-17  8.2295194e-18  5.8432668e-18
   525 : -3.6337263e-15  5.7144450e-15 -1.0338465e-14
   526 : -6.9238105e-26  8.9959288e-25 -6.6795728e-25
   527 : -3.9201166e-39  1.4326313e-38 -1.1969729e-38
   528 : -2.7562002e-02  6.0784170e-02  1.0828567e-02
   529 :  1.9385504e-12 -1.8500055e-11  1.2672204e-11
   530 :  9.9873021e-06 -2.3161911e-05  1.7424164e-06
   531 : -1.6099939e-10  3.3777285e-11  4.9894047e-11
   532 : -6.5252601e-24  5.0622330e-23 -3.6683434e-23
   533 :  7.5870609e-52 -9.0440724e-52  1.0700998e-51
   534 : -2.6431113e-52 -7.8980160e-52  1.8152738e-51
   535 : -4.9210140e-38 -1.9443677e-37  2.6870107e-37
   536 : -1.6252001e-06  4.1013323e-07  5.0238349e-07
   537 : -1.6139279e-11 -2.3589466e-10  4.8650073e-11
   538 :  6.6382139e-14 -1.3396320e-13  2.4211571e-13
   539 :  1.2677927e-38 -3.8123356e-38  9.9752726e-39
   540 :  4.2406788e-34  6.0997628e-34 -1.2334220e-33
   541 : -1.6238763e-32  1.0536001e-31 -8.7085661e-32
   542 : -9.4932370e-18 -5.6977019e-18  5.8637764e-18
   543 :  1.6613281e-40  1.5907988e-40 -1.6341966e-40
   544 :  1.6140616e-16 -2.9798001e-16 -6.5653226e-17
   545 :  5.1590684e-29  1.2541088e-29 -1.1914076e-28
   546 :  3.1034067e-05  2.3239760e-05 -3.2278182e-05
   547 : -5.4895617e-38  2.2275009e-38  8.8800181e-38
   548 :  9.6268032e-08  3.0190486e-09 -1.5014762e-07
   549 : -2.1618847e-31 -4.2334680e-31  1.1165378e-30
   550 :  4.1262277e-12 -1.2210518e-11  2.7587015e-12
   551 : -2.1087692e-07 -1.5918098e-07  8.7140027e-07
   552 : -4.1374758e-09  1.2073815e-08 -1.4552240e-09
   553 :  4.9779621e-10 -1.1397528e-10 -1.9810556e-10
   554 :  3.0096900e-30 -1.1505700e-29  4.1326398e-30
   555 : -8.6491058e-18  1.4019782e-17  5.5440542e-18
   556 :  2.9529635e-32  3.1485147e-32 -2.9406787e-32
   557 :  2.5206032e-01  1.6613188e-01  2.1064232e-01
   558 : -1.5249627e-12 -1.5167333e-11  1.4585817e-11
   559 : -3.3746031e-08 -2.2638643e-08  4.8436812e-08
   560 : -2.6079874e-11  4.4197556e-12  9.4537488e-12
   561 : -8.4186531e-03  6.4512767e-03 -1.9071324e-03
   562 :  9.2316382e-25 -3.4283172e-25 -2.7665065e-25
   563 :  2.6298938e-45 -1.0849398e-45 -4.0583227e-46
   564 :  7.7277103e-07 -2.1125327e-08  8.3119473e-07
   565 : -4.9799559e-05  1.6002251e-05 -2.5000105e-05
   566 :  1.1519665e-34 -5.9150662e-34  6.5035117e-34
   567 :  6.3920885e-19 -5.6837561e-18  4.2008828e-18
   568 :  1.0165195e-08 -9.9628905e-08  2.2345772e-07
   569 :  4.4572405e-07 -1.5577989e-07 -1.6205949e-07
   570 :  2.3471501e-29 -4.0924458e-29 -8.8159894e-30
   571 : -6.2589595e-19  3.5238315e-19  1.3309712e-19
   572 :  4.3825477e-50 -6.6657454e-49  3.0929637e-49
   573 : -3.5570728e-13  2.3371540e-13  6.3236910e-13
   574 : -8.9315807e-12  1.3552260e-11 -2.2125064e-11
   575 : -3.3755297e-02  2.8207215e-01  3.1861843e-01
   576 : -1.5677855e-15 -7.5406178e-15  1.1656170e-14
   577 :  1.7632962e-01  1.9170278e-01  1.5847952e-01
   578 :  1.3045236e-55 -6.7001753e-54  2.9226779e-54
   579 :  5.1054307e-04  2.7446417e-04 -2.2469177e-04
   580 :  7.2956807e-02  2.7146466e-02 -2.1966229e-02
   581 :  4.4039212e-30  9.9676889e-30 -1.9400382e-29
   582 :  9.2894647e-50 -4.2988643e-49  1.6542976e-49
   583 :  4.5930987e-28 -1.6655664e-27  7.0613687e-28
   584 :  6.8253928e-42 -1.7968018e-41  4.2835935e-42
   585 :  4.9991355e-07 -9.9649620e-07  2.3041876e-07
   586 :  1.1654931e-35 -7.2585526e-36 -1.6843093e-35
   587 : -2.7400788e-25 -1.2369881e-25  6.6227960e-25
   588 :  9.1511193e-34 -9.9021891e-34  3.4726334e-35
   589 :  7.5384407e-08 -2.9891170e-08 -1.4808709e-07
   590 : -1.8738650e-08 -1.4232926e-08  5.3938443e-08
   591 : -5.7653573e-46  9.5472546e-46  2.0312225e-46
   592 :  2.1278258e-30 -5.9655941e-31 -9.0742125e-31
   593 :  9.8937898e-23 -1.8258087e-23 -5.8197701e-23
   594 :  8.1740664e-26 -3.9260412e-26 -2.0335008e-26
   595 :  4.0579320e-13 -8.0766339e-15 -3.5932555e-13
   596 :  3.1379464e-15 -1.1269373e-14  2.9453687e-15
   597 : -1.6648790e-20 -4.3921003e-21  2.5077887e-20
   598 : -6.4011371e-25 -4.8563872e-24  2.7051882e-24
   599 :  1.4340930e-04 -4.4187613e-06  1.2739956e-03
   600 : -1.4219922e-16 -7.8679031e-17  3.7347089e-16
   601 : -2.4876348e-03  6.6743985e-04  1.2907604e-03
   602 : -3.7201515e-36 -2.5797572e-35  1.4253833e-35
   603 : -2.9046862e-40 -9.5243577e-40  7.9580154e-40
   604 :  2.1141925e-29  3.9797357e-29 -1.0124821e-28
   605 : -4.3209911e-22  7.6324708e-22  1.4856589e-22
   606 :  1.2711045e-01  8.6895779e-03  2.8572627e-01
   607 :  8.0282935e-17 -3.6559700e-17 -1.4191850e-16
   608 :  1.4344880e-32  6.4412193e-32 -3.7554075e-32
   609 :  3.4898558e-28  3.9515545e-28 -5.1870830e-28
   610 : -3.8176527e-40 -2.5225834e-40  8.9155293e-40
   611 : -7.7123973e-04  1.7389819e-04  3.2352024e-04
   612 :  2.0494426e-16 -7.0021645e-16  2.8580370e-16
   613 :  3.9193199e-21  1.7729780e-21 -9.9312880e-21
   614 : -2.0352169e-09  5.9055792e-09 -4.1682654e-10
   615 : -1.0703636e-19 -4.6299165e-19  6.7881472e-19
   616 :  1.4093148e-42 -3.8133172e-43 -2.4714832e-42
   617 : -3.6456216e-21  1.4226394e-21  1.0262585e-21
   618 : -9.0446190e-26  1.0528244e-26  3.9273617e-26
   619 : -2.5942663e-33 -2.5306982e-33  7.7593050e-33
   620 : -8.1781637e-23  1.0451737e-22 -1.3959926e-22
   621 : -1.5544060e-17 -7.0150805e-17  1.0160106e-16
   622 :  1.2426752e-05 -4.9710862e-05  1.2570158e-06
   623 :  3.4658338e-10 -7.4658846e-11 -1.4151996e-10
   624 :  3.4391380e-19  1.0826107e-18 -5.9921993e-19
   625 : -3.2969812e-19  7.0104105e-19 -1.8610188e-19
   626 : -5.5517498e-54  2.1673609e-53 -8.1943136e-54
   627 :  2.6266793e-35 -4.0077015e-35 -1.2680645e-35
   628 :  7.5386926e-26 -1.5233820e-25  3.7852273e-26
   629 : -1.9853799e-10  6.1597816e-10 -1.2716346e-10
   630 :  3.9304374e-07 -1.8841953e-07 -2.0390354e-07
   631 :  3.2682870e-22 -1.4092410e-21  4.1551394e-22
   632 : -1.2209509e-40  2.6883407e-40 -2.2708831e-41
   633 :  2.0053434e-10 -1.1778794e-10 -2.1597577e-11
   634 : -3.1687272e-15 -7.8841678e-15  2.3964879e-14
   635 : -7.7098554e-09  1.6776168e-09  1.5915966e-09
   636 : -1.3127227e-08  4.9989125e-10  6.5095279e-09
   637 :  9.7451832e-07 -8.0899049e-07  1.7777543e-06
   638 : -2.6624024e-05 -1.5811198e-05  4.6803352e-05
   639 :  5.3455055e-08  4.5341098e-08 -3.5759407e-08
   640 :  2.6001482e-01 -9.3239796e-03  3.2474333e-01
   641 :  8.9782573e-33 -8.5315551e-33 -9.6145872e-33
   642 :  1.5178185e-11 -1.2875912e-11 -1.9500686e-11
   643 : -2.9909695e-10 -1.2576839e-09  3.5025150e-09
   644 : -3.7252529e-10 -5.8758373e-10  1.1395714e-09
   645 : -5.1913463e-16  4.5487579e-15 -2.5756865e-15
   646 :  8.1321907e-18  1.1620431e-17 -2.9275289e-17
   647 :  1.9649553e-03 -1.6382441e-03 -4.7402547e-03
   648 :  3.0200460e-17 -2.2413987e-17 -7.6755198e-18
   649 : -3.2539866e-08  1.9181999e-07 -2.9141572e-08
   650 :  8.8265106e-19  1.0793788e-18 -3.1264847e-18
   651 : -1.4931753e-05 -1.0187857e-04  1.5951131e-04
   652 :  1.0907279e-16  1.7232734e-16 -9.9042188e-17
   653 : -1.3944301e-07  1.6849942e-06  5.8764828e-06
   654 :  1.1291337e-27  1.0331673e-29 -1.0344409e-27
   655 :  2.2086684e-17  6.3464812e-18 -3.7602274e-17
   656 :  6.9960946e-04  9.3936847e-04 -5.3071274e-04
   657 :  7.7986826e-08 -1.6898066e-07 -2.0716997e-08
   658 :  5.2032400e-17  1.1559322e-16 -3.2188310e-16
   659 :  1.1539563e-12 -6.7723791e-13 -2.0474378e-13
   660 : -2.3052309e-06  9.3456155e-06 -1.7096440e-05
   661 : -4.4878815e-02  1.0055357e-02  1.4769395e-01
   662 :  6.5085473e-27 -4.0677378e-29 -8.9008482e-27
   663 :  1.8351853e-07 -3.0639639e-07  8.2824391e-07
   664 : -4.5433317e-06  1.2513421e-05 -2.8390889e-05
   665 :  3.5449403e-05 -1.0343019e-05 -4.6743350e-06
   666 :  1.4178595e-42 -1.0280416e-42 -1.8435807e-42
   667 :  6.4757642e-30 -7.2897528e-30  1.0152355e-29
   668 : -2.7413530e-10 -1.0066851e-10  1.5924172e-09
   669 :  2.8887775e-52 -5.0197490e-52 -4.8868082e-53
   670 : -2.4142303e-08  4.4044993e-07 -1.5840841e-07
   671 : -6.9740427e-04 -3.6174735e-02  1.7046925e-01
   672 :  7.8310824e-08 -1.1246157e-07  9.6989583e-07
   673 : -7.8432275e-24 -1.0521520e-24  1.5824766e-23
   674 :  6.6771851e-20 -9.5966425e-20 -4.2964013e-20
   675 :  1.9271234e-21 -1.1479047e-21  5.1204678e-22
   676 : -6.9697674e-15  2.1055096e-14 -4.9442764e-15
   677 : -3.3006858e-16  4.1258289e-16 -6.0474604e-16
   678 : -1.0273299e-08 -1.0726969e-08  3.2685311e-08
   679 : -1.3915518e-13  2.8790345e-13  3.6901886e-14
   680 :  6.8633172e-12 -3.9245475e-12 -1.2452737e-11
   681 : -3.2022070e-30  3.1735828e-30 -3.5136248e-30
   682 : -4.5149873e-31  1.7222461e-31 -2.6577347e-32
   683 :  7.3435094e-28 -3.3935749e-28 -1.2310569e-27
   684 : -1.1842365e-35  2.9119481e-37  6.8162093e-36
   685 : -8.0914771e-14  1.9534118e-13  5.2698019e-17
   686 : -2.4163608e-20  7.4113288e-21  7.3587687e-21
   687 : -5.9363636e-35  7.0214264e-35 -8.7578255e-35
   688 : -6.6958539e-22  1.0147916e-21  3.4090325e-22
   689 :  4.4739337e-04  1.4938350e-04 -2.0580815e-04
   690 : -4.0222577e-15 -2.9910758e-15  3.0343707e-15
   691 :  1.9472114e-14 -1.3765675e-14  1.9669469e-14
   692 : -2.8621839e-16  1.0468478e-15 -1.2154088e-15
   693 : -2.2172283e-52  3.1985196e-52  1.3484848e-52
   694 :  3.7313732e-35 -3.4468494e-35 -4.3249836e-35
   695 : -4.8995677e-06  1.1815680e-05 -1.7703152e-05
   696 : -2.7690463e-09 -5.0730139e-10  7.0219273e-09
   697 :  2.9157610e-16  2.6723601e-16 -9.1618853e-16
   698 : -1.3611635e-05 -3.2238969e-05  9.8509260e-06
   699 :  2.0184343e-25 -1.4790964e-24  2.6324119e-24
   700 :  3.9441514e-44  1.2904717e-43 -3.0010086e-43
   701 : -7.1997413e-42  6.7921509e-41 -3.0179133e-41
   702 :  5.4331714e-30 -1.5448676e-29  4.3682514e-30
   703 :  2.1215372e-01  1.4028265e-01  1.9329077e-01
   704 :  2.4066617e-17 -2.6181209e-17  3.1549229e-17
   705 :  7.4180405e-35  3.0983288e-33 -1.5140755e-33
   706 : -2.1714521e-02  2.7660761e-03 -5.0572357e-03
   707 :  2.9321178e-09  4.4254073e-09 -3.0646481e-09
   708 : -4.2927538e-11 -2.6242384e-11  2.6111212e-11
   709 : -3.1246728e-20  5.6929429e-20 -8.9484751e-20
   710 : -2.1800628e-24 -4.9827005e-25  3.5586752e-24
   711 :  2.2803143e-18 -1.0987364e-18  3.6642352e-19
   712 : -8.8604611e-09 -8.4267197e-09  4.8425978e-09
   713 :  1.5807905e-17  1.1539895e-16 -2.1727021e-16
   714 :  1.5323954e-01  1.8026975e-01  2.2391704e-01
   715 :  2.4795767e-14 -8.9864735e-15 -4.3951505e-15
   716 :  5.7259643e-37  1.9291406e-36 -4.5089491e-36
   717 : -7.4465697e-11  3.4979269e-10 -1.4987726e-10
   718 :  3.7837710e-18 -7.4913163e-18  1.2106793e-17
   719 :  1.0614821e-09  1.0780344e-09 -8.1331709e-10
   720 : -3.5023927e-02  1.2203463e-02  1.5848192e-01
   721 : -2.5281331e-06  7.3966019e-07 -3.7297974e-06
   722 : -2.3867831e-32 -6.4845776e-33  1.3847576e-32
   723 :  3.8907908e-31 -6.2569515e-31  4.6697041e-32
   724 :  5.4398613e-32 -9.8053152e-31  4.9432430e-31
   725 :  4.5111266e-08 -4.8222641e-08 -1.2502572e-07
   726 : -6.9584710e-22  1.4108317e-22  2.6288677e-22
   727 : -5.2625807e-08  4.2388318e-08 -1.1171541e-07
   728 : -2.2453743e-10  2.6294698e-10  3.9249806e-10
   729 :  1.1951057e-14 -3.0178937e-14  2.0799603e-15
   730 : -3.0195087e-16  2.7477376e-16 -3.7403221e-16
   731 : -7.4566321e-31 -3.5567187e-30  2.1343587e-30
   732 :  3.2372130e-27 -7.1586858e-28 -4.1070783e-28
   733 : -2.9268796e-16 -3.7816366e-18  1.1474593e-16
   734 : -4.3025445e-04  6.8995120e-04  3.3453208e-04
   735 : -3.0550012e-17 -6.3020042e-16  2.9319468e-16
   736 : -7.2932884e-04  3.1186588e-04  3.1305656e-05
   737 :  1.8827337e-21  2.0214953e-21 -6.3470016e-21
   738 :  2.6348725e-10  1.1724509e-09 -7.8567416e-10
   739 :  1.1466094e-01  1.6653256e-01  1.3210170e-02
   740 : -1.3048309e-14  4.2026767e-14 -1.2607683e-14
   741 :  1.0067446e-06 -4.7275990e-06  1.6332584e-06
   742 :  1.4650826e-17  3.2709950e-17 -6.5461499e-17
   743 :  1.0264641e-15 -3.1137086e-15  7.5197246e-15
   744 : -4.2339018e-02  1.3476507e-01  7.6920539e-02
   745 : -1.2931282e-32  6.2700620e-33  2.2052895e-32
   746 :  3.6781349e-27 -1.3861511e-26  5.7134346e-27
   747 :  3.6813970e-22  1.6189096e-20 -3.5628215e-20
   748 : -1.6425963e-15 -2.4602792e-15  7.7494667e-15
   749 : -8.7433777e-10  2.1019497e-09  3.3585539e-10
   750 :  9.7012260e-35 -2.4587351e-34  6.0385714e-35
   751 :  1.9101445e-01 -3.5968450e-02 -1.0955781e-01
   752 :  2.5577656e-16 -2.2182198e-16 -3.4202095e-16
   753 : -3.2615161e-10  1.1112612e-09 -3.2033646e-10
   754 :  1.3210145e-27  1.9132736e-28 -2.8894337e-27
   755 :  1.9828253e-01  5.8521746e-02  1.5116603e-01
   756 :  3.8381754e-20  1.6076019e-20 -9.8147413e-20
   757 : -2.3107463e-49  2.5519476e-50  1.0109696e-49
   758 :  3.2387750e-04  6.9119335e-04 -2.9576439e-04
   759 : -9.6490574e-16  6.5075427e-16 -5.2145703e-16
   760 : -9.8199464e-24  1.8211516e-23  2.3329643e-24
   761 :  7.3101355e-15 -1.4762117e-14 -2.7321525e-15
   762 :  2.4458044e-04 -1.2579386e-04 -4.8981316e-06
   763 : -5.1978052e-39  3.4234978e-38 -1.4441665e-38
   764 : -1.5631782e-39  4.0401526e-39 -1.2406682e-39
   765 :  2.1661628e-01  1.8837024e-01 -5.5855208e-02
   766 : -6.8142988e-19  1.6364706e-18 -2.3385012e-19
   767 : -1.7395431e-05 -7.2109376e-05  9.5014095e-05
   768 : -6.3540933e-34 -2.4668209e-35  6.6950362e-34
   769 :  1.9617763e-01  1.6118707e-01  1.1877766e-01
   770 : -2.6916965e-15  7.8970942e-15 -3.6374438e-14
   771 :  2.3241563e-10  8.3874436e-10 -4.6068176e-10
   772 :  2.0990913e-06 -1.0497200e-06  1.5917076e-06
   773 : -6.7617312e-18  1.7303132e-17 -3.1759785e-18
   774 : -1.6726444e-01 -1.2736777e-01 -9.0710306e-02
   775 :  1.8452280e-03  4.7427345e-04 -6.4768222e-03
   776 :  2.3199513e-17  1.6300662e-16 -1.9876644e-16
   777 :  3.1778655e-15 -4.2890905e-15 -4.9001240e-15
   778 : -4.0654088e-15  2.0604406e-15  5.3863163e-16
   779 : -7.6231627e-29 -3.4122765e-29  5.4467069e-29
   780 : -9.1284444e-06 -1.7236210e-05 -2.0953549e-06
   781 :  8.1306690e-34 -3.4794221e-33  6.4981772e-33
   782 :  8.4970552e-50  8.8925216e-50 -2.6054299e-49
   783 : -1.2848123e-15 -4.7993996e-15  9.3756888e-15
   784 : -4.3866510e-17 -1.2764853e-16  8.1806637e-17
   785 : -1.6494934e-33  3.6015991e-33 -2.5240822e-34
   786 : -7.9718960e-02 -1.8599094e-01 -1.1880763e-01
   787 :  3.1305115e-01  3.1379296e-01  3.0366846e-01
   788 : -1.3433806e-32  1.6850766e-32 -2.2903057e-32
   789 :  1.2488722e-30 -2.2804574e-31 -1.0798305e-30
   790 :  1.1969045e-13  4.1224118e-12 -4.1108887e-12
   791 :  2.1845333e-10 -2.2953642e-10  1.4343095e-11
   792 :  1.3471198e-06 -5.2616640e-07 -1.3098247e-07
   793 :  6.7415848e-07 -1.3892513e-07 -2.5434792e-07
   794 : -4.4417652e-14  9.3615337e-14  1.6468363e-14
   795 :  8.3056322e-07  3.8441264e-06 -1.5095582e-06
   796 : -4.9302999e-08  4.3268044e-08 -8.7031555e-08
   797 :  6.9292582e-34  7.7066802e-34 -7.9926982e-34
   798 : -4.2452799e-11 -8.3428927e-11  5.4082567e-11
   799 :  9.3869567e-20 -5.9448438e-19  3.6658409e-19
   800 :  1.6153770e-01  2.1130367e-01  1.3269410e-01
   801 :  3.6080478e-31  5.6706360e-32 -7.6170648e-31
   802 :  5.4210851e-16 -1.1253905e-15 -1.9153293e-16
   803 :  7.0952624e-24  1.0550698e-23 -8.2948902e-24
   804 :  2.3200924e-01 -7.8890910e-03  1.1445131e-01
   805 :  9.7491576e-16 -3.3635089e-15  8.4578321e-16
   806 :  2.0385476e-29 -1.0717828e-29  3.6130494e-30
   807 :  1.6349821e-33  5.1275672e-34 -1.0413237e-33
   808 : -8.4079912e-02  1.4516705e-01 -3.6554727e-02
   809 : -1.7680664e-22  2.0368397e-22  1.7467506e-22
   810 :  1.8418864e-32 -9.9526236e-33  2.1277451e-33
   811 :  1.0796118e-50  2.0035811e-51 -1.6922544e-50
   812 : -5.3272152e-19 -7.9920895e-19  2.3162272e-18
   813 :  2.9441258e-16 -1.0084069e-15  3.7043074e-16
   814 : -3.6574812e-46  3.8962165e-47  2.8764728e-46
   815 :  1.8048493e-51 -4.9750238e-51  1.0509385e-51
   816 :  3.1890364e-44 -1.3031451e-44 -9.3840055e-45
   817 : -2.4319626e-45 -2.8479173e-45  7.7275495e-45
   818 : -3.5639496e-49  2.3873575e-48 -1.6542987e-48
   819 : -2.3333262e-16  3.0274882e-16 -3.7683178e-16
   820 :  1.1540894e-47 -3.1517771e-47  6.2829135e-48
   821 : -6.2419989e-08 -4.5559634e-07  2.4029899e-07
   822 : -1.0290909e-12  2.5915902e-12 -4.8315922e-13
   823 : -4.8140320e-25  1.2259274e-24 -2.4950545e-25
   824 :  2.3545763e-25 -2.0932306e-25 -2.8076492e-25
   825 : -8.9327419e-38 -3.1267653e-38  2.1104143e-37
   826 : -3.1824944e-09  5.9915403e-09 -2.9024553e-09
   827 :  4.5839663e-28  2.8068859e-28 -3.6760154e-28
   828 :  1.2773376e-21 -1.3468476e-21 -4.2729462e-22
   829 :  1.4042161e-12  2.7488817e-12 -1.9314925e-12
   830 : -4.2055165e-03 -2.1105986e-03  3.9586462e-03
   831 : -1.0330996e-02  6.0779725e-03 -8.5656642e-03
   832 : -3.2274440e-17 -5.6957716e-18  7.6563771e-17
   833 : -4.9562453e-03 -9.6588674e-03  5.8611567e-03
   834 : -7.9408804e-44  5.6859470e-44 -3.5079868e-44
   835 :  2.9618629e-49 -7.0606413e-49  1.1340467e-48
   836 : -1.6181661e-14  3.9377179e-14 -1.1194276e-14
   837 : -4.0998423e-30 -9.9959868e-30  2.5285204e-29
   838 : -4.7652077e-11  4.9409367e-12  5.5632037e-11
   839 :  7.1196161e-24  3.5084227e-23 -4.8697647e-23
   840 :  4.5582708e-28  3.6829451e-28 -1.2105922e-27
   841 : -1.3598766e-25  7.5500082e-26 -1.5514166e-26
   842 :  1.5977029e-20 -4.2937084e-20  1.2761954e-20
   843 :  2.5258677e-27 -1.6293285e-27 -3.4999142e-27
   844 : -2.8004419e-18 -1.4399194e-17  3.2157376e-17
   845 : -2.3502274e-37  1.9862578e-36 -3.6760213e-36
   846 :  1.3784617e-15 -2.0287752e-14  7.3904255e-15
   847 : -7.7602358e-20  1.4182837e-19 -2.0961775e-19
   848 :  2.9815243e-54 -2.0553286e-53  8.7746369e-54
   849 :  1.9211821e-24 -5.8188561e-24 -1.4069225e-24
   850 : -1.8596234e-22  2.0388029e-21 -4.0757213e-21
   851 : -3.5395951e-24 -8.2212860e-24  1.5525042e-23
   852 : -2.7646475e-40  1.1553999e-39 -4.5510028e-40
   853 :  2.9174017e-09 -1.2766018e-09 -4.3838246e-10
   854 :  8.8679399e-55  4.4392432e-54 -1.0231289e-53
   855 : -2.4375329e-08  1.5796719e-08 -1.2145796e-08
   856 : -4.8646579e-11  5.3918141e-11 -9.2508460e-11
   857 : -1.6821362e-08 -1.2996802e-07  3.0949638e-07
   858 : -2.8057003e-12  2.9137886e-12 -7.8244760e-15
   859 :  4.6963504e-40  1.3382157e-39 -2.3125709e-39
   860 :  3.6024974e-14  2.9674038e-13 -1.4460111e-13
   861 :  8.9546899e-14 -6.8971888e-14  6.4511354e-14
   862 :  2.0300129e-15 -7.8016488e-16 -3.4963569e-15
   863 :  3.6592462e-11 -1.6372289e-10  1.8649088e-11
   864 :  6.7944759e-10 -1.4778144e-09  4.5769440e-09
   865 : -2.8350073e-07 -1.0277600e-06  2.4146249e-06
   866 : -5.6277208e-02  1.4470542e-01  2.1242973e-01
   867 :  3.8650060e-06 -5.0163730e-05 -2.6227956e-05
   868 : -1.3716946e-17 -1.4284185e-16  1.7287937e-16
   869 : -3.2833611e-17 -1.3259849e-17  2.1644471e-17
   870 : -1.4846001e-19 -6.5483060e-19  3.7485464e-19
   871 :  1.3937704e-08  1.3541589e-08 -4.5680054e-08
   872 : -3.4644315e-08  1.2189421e-08  7.9217627e-09
   873 : -1.5462916e-02  3.3723312e-03  9.7577123e-02
   874 :  1.2503584e-01  8.2013322e-02 -4.0640572e-02
   875 : -4.2068939e-25  1.7621159e-25 -4.7055731e-27
   876 :  3.7935479e-25  6.8719492e-24 -7.6007421e-24
   877 :  5.1264725e-47 -5.9945158e-47  6.8828155e-47
   878 :  3.4565149e-44 -1.0006574e-43  3.0176868e-44
   879 :  3.5197809e-28 -3.9894156e-28  4.5246033e-28
   880 :  4.0807956e-26 -9.3580414e-26  2.5909826e-26
   881 : -9.9753116e-46  3.6220115e-46  2.7130956e-46
   882 :  9.9066147e-44 -1.8809904e-44 -1.7981125e-43
   883 : -3.5154571e-28  2.0338191e-28 -6.0162124e-29
   884 : -2.8552606e-27  2.1285544e-26 -8.8877175e-27
   885 :  3.7808430e-13 -1.1391542e-12  2.6778009e-13
   886 :  3.0266789e-14 -3.0838194e-14  4.7040205e-14
   887 : -7.5213016e-14  4.4896025e-13  4.1897990e-13
   888 : -5.3121557e-13 -6.8184846e-12  2.7684170e-12
   889 :  2.9657606e-05  4.2640508e-04 -7.3335492e-05
   890 : -3.4286779e-05 -4.2633317e-06 -1.3890392e-05
   891 : -2.7131867e-26  1.1417457e-25 -2.0254099e-25
   892 : -2.6603822e-23  5.3244989e-23  6.3488984e-25
   893 :  2.2376893e-14 -6.1589212e-15 -1.0113081e-14
   894 : -2.8963612e-13  2.4803014e-13  3.6971845e-13
   895 :  8.2294377e-05  1.0559767e-04 -1.1055033e-04
   896 : -2.3711897e-05  1.1732152e-05 -9.8783585e-07
   897 :  1.4954466e-28  2.4726940e-28 -6.5039135e-28
   898 : -2.1136886e-26  3.7819704e-26  7.1404184e-27
   899 :  1.2550050e-05 -9.5520208e-06 -1.9211133e-05
   900 : -8.4512907e-06  2.5307502e-06  3.8789207e-06
   901 :  6.0945718e-18  5.3629910e-17 -1.1972076e-16
   902 : -3.6347277e-15  7.3045153e-15  9.1469909e-16
   903 : -6.2456828e-09  1.0272727e-08 -1.1270985e-09
   904 : -2.9441731e-10  5.3421517e-10 -7.8627996e-10
   905 :  7.2008051e-10  4.7216628e-09 -1.5119754e-09
   906 :  2.6879908e-06 -8.5672703e-06  2.5212761e-06
   907 :  9.3933965e-07 -5.1286489e-07  3.1225070e-07
   908 :  1.7718158e-10 -8.5494979e-11  1.7646194e-12
   909 : -1.0775033e-10 -3.6683100e-09  1.8102603e-09
   910 :  1.0725448e-10  1.0042185e-10 -3.3057616e-10
   911 : -6.2371335e-11  1.7104845e-11  1.3954871e-11
