Number of elements 912
     0 :  5.4918051e-06  1.3403568e-05 -1.7741308e-05
     1 : -1.2911839e-02  3.1814170e-02  2.5309109e-02
     2 : -9.4326959e-03 -4.3837969e-03 -1.0224528e-02
     3 :  1.2095612e-03 -4.5622469e-04 -2.6177322e-03
     4 : -5.7939265e-03 -1.1093599e-03 -3.2808849e-03
     5 : -4.1076405e-02  1.4316111e-02  1.4508090e-02
     6 : -2.7759496e-11  4.5952892e-11  4.9061600e-11
     7 :  9.9826671e-03 -2.6327361e-02  3.3552769e-02
     8 :  1.4646161e-02 -9.2924698e-03  2.1541433e-02
     9 :  4.4449550e-11 -7.7856921e-10 -8.1323096e-11
    10 :  1.5734032e-02 -2.7363485e-02  1.2833576e-02
    11 : -2.6665034e-12  1.3859530e-11 -1.1694896e-11
    12 : -1.5445352e-02 -2.2249710e-01  2.1273294e-01
    13 : -5.6325445e-03 -1.6525356e-02 -1.3037005e-02
    14 :  4.8355902e-04 -1.8051889e-03  2.6358330e-04
    15 :  8.7225250e-03  6.2730613e-04  1.0840765e-02
    16 :  3.1428053e-12 -6.7894290e-13 -8.6923526e-12
    17 : -3.3388555e-08 -3.1401770e-07  3.3196607e-07
    18 :  1.4185344e-02  6.5291613e-03  3.4969872e-03
    19 :  1.2457297e-13 -2.2343790e-13  6.9152832e-14
    20 : -8.3847347e-07 -8.8174858e-07  2.2571942e-06
    21 : -2.9553362e-03 -1.2296004e-02 -1.1704941e-02
    22 : -1.5514914e-03 -1.2150850e-02 -2.2124604e-02
    23 : -9.9180909e-13 -1.7666012e-12  4.3916501e-12
    24 :  4.7238435e-03  2.1178953e-02  7.0659410e-03
    25 : -1.8808619e-14  7.1380070e-15  8.9737234e-16
    26 :  2.3086711e-02 -1.7992976e-02  8.3363035e-03
    27 : -7.5626101e-03  1.8761097e-02  1.5567873e-02
    28 :  6.5626270e-04 -3.4756886e-02  4.2268687e-02
    29 :  1.7438213e-03  1.0728376e-02  2.7668576e-02
    30 :  1.3527326e-02 -1.8367339e-02  2.6440326e-02
    31 :  6.2240007e-04 -1.0680645e-03 -1.9762371e-03
    32 : -5.4492822e-11  3.3045598e-11  6.5989094e-10
    33 : -1.9898712e-03 -5.5246679e-03 -4.6066937e-03
    34 :  7.1006586e-15 -1.8196289e-14  2.0973389e-15
    35 :  2.1419793e-04 -9.1295603e-04 -2.3753915e-03
    36 : -7.3378274e-03 -6.5744080e-03 -1.2704277e-03
    37 : -8.3844342e-03 -1.0089749e-02 -1.3120134e-02
    38 : -3.2803184e-03 -1.5009503e-02  1.2416539e-02
    39 :  2.5601273e-02  2.7369993e-02  2.0155597e-02
    40 :  4.7242858e-03 -1.7658782e-01  2.2867149e-01
    41 :  3.0771285e-04  5.3771361e-02 -8.0649964e-02
    42 : -5.4359765e-13 -2.9976820e-13  2.7697341e-13
    43 : -1.6160193e-06  2.9420453e-06  1.9464628e-06
    44 : -1.1495249e-02 -1.2410910e-02 -1.2719824e-02
    45 :  1.3733313e-04 -6.2299393e-05  8.8753448e-05
    46 :  3.1415169e-04 -7.7278729e-05 -2.9765193e-05
    47 :  6.5531852e-10  6.9981339e-10 -2.2656212e-10
    48 : -3.9887040e-12  7.4921430e-12 -7.4135776e-12
    49 :  1.6289948e-02 -2.1858757e-02 -1.4474136e-02
    50 : -7.5366014e-03 -4.0828924e-03 -5.2319047e-04
    51 :  7.7812860e-03  5.8782298e-03  1.3026136e-02
    52 :  1.9833581e-02 -2.1658292e-02  2.1722225e-02
    53 :  5.8507410e-11 -4.0463373e-11  7.1253166e-11
    54 : -7.3341937e-03  3.3111412e-03 -5.5164094e-03
    55 : -9.8978012e-04 -3.3441712e-03 -4.9107839e-03
    56 :  6.4166746e-04 -8.1271858e-03  5.4157682e-03
    57 : -3.3113290e-02 -2.7656074e-02  2.7881517e-02
    58 : -7.2436855e-03 -1.0259192e-01  1.1450310e-01
    59 : -1.5732639e-02 -1.3951843e-02 -2.2210351e-02
    60 :  4.3609663e-03 -4.3197324e-04 -1.0806611e-02
    61 :  1.1459047e-02 -4.1802378e-04  3.9476740e-03
    62 :  1.9762445e-02  2.1128857e-02  9.5404095e-03
    63 : -1.3704655e-02 -1.5872856e-02 -1.8859322e-02
    64 :  3.0663470e-02 -2.0366351e-02  5.0399019e-03
    65 : -1.0511901e-03  7.2390725e-03 -3.1943554e-03
    66 : -2.3155985e-03  7.3813601e-03 -2.6188007e-03
    67 :  2.2041954e-11 -1.0802922e-10 -8.7332453e-11
    68 : -2.3932367e-11  9.2598623e-11 -2.2934143e-11
    69 :  5.0101344e-11 -1.0195607e-10 -1.1328908e-10
    70 : -6.7965413e-05 -5.0926778e-05  4.7972663e-06
    71 : -2.5251240e-02 -2.6558120e-03 -1.6039559e-02
    72 :  7.0116261e-13 -2.4889050e-12  7.8086781e-13
    73 :  7.5531054e-03 -1.5814222e-03 -4.8087747e-03
    74 :  5.8729597e-07  2.3322739e-06 -1.2288553e-06
    75 : -5.2923571e-08  4.4324278e-08  5.7462437e-08
    76 :  6.6467841e-13 -3.4403486e-12  8.7376445e-13
    77 : -2.2305591e-09  5.4353408e-08  2.8156645e-08
    78 :  3.2594979e-11 -3.8257477e-10 -8.3340786e-11
    79 :  2.8595698e-06 -1.9089467e-06  4.5546298e-06
    80 : -2.6969422e-18 -2.1772185e-17  9.7982419e-18
    81 : -7.0193827e-09 -1.3502088e-09  4.1649457e-09
    82 : -1.5309338e-02 -7.3905061e-02  5.0455367e-02
    83 : -2.1358443e-15 -1.7938830e-15  7.9594963e-15
    84 :  1.2688580e-13 -3.5477186e-13  9.1659196e-14
    85 : -4.3179854e-03  7.7749069e-02 -1.1907426e-01
    86 : -3.4278821e-07 -1.2099445e-07  5.2473541e-07
    87 : -1.4910866e-06  2.6132759e-06  2.2020422e-06
    88 :  2.3931788e-02  4.1575382e-02  5.9225946e-04
    89 :  8.3301706e-03 -8.4595553e-03 -8.0418782e-03
    90 :  2.1017985e-12  4.0439694e-12 -2.7863463e-12
    91 : -5.4080838e-03  2.1962363e-03 -1.0394057e-03
    92 :  4.8092382e-05 -4.0322278e-04  2.5746583e-04
    93 :  1.8975601e-16 -2.6849712e-18 -1.0209203e-16
    94 : -8.4489591e-06  2.9809566e-06  2.2540033e-06
    95 :  7.7625261e-13  1.2548087e-13 -7.6254952e-12
    96 : -5.9491357e-04  5.0571882e-04 -2.5444240e-03
    97 : -2.0501210e-04  4.2208146e-04  4.9034521e-04
    98 :  3.4851187e-03 -8.4357703e-03 -8.3730474e-03
    99 : -5.2839383e-10 -3.0150590e-10  3.2543408e-10
   100 : -2.6566620e-10 -2.1980623e-11  8.3410303e-10
   101 :  7.4574486e-03 -8.2033103e-04 -2.3261258e-03
   102 :  6.8328058e-03  6.5117800e-04  2.2477335e-02
   103 : -4.6639292e-16  1.3201230e-15  3.8689701e-15
   104 :  2.1300816e-05 -1.7403820e-05 -3.1672399e-05
   105 : -1.5364665e-02 -2.3053113e-02 -2.3783251e-02
   106 :  1.1125849e-03 -2.0124930e-03  1.7008169e-02
   107 :  1.1470419e-02  8.4575103e-04  1.9205705e-02
   108 :  9.8257567e-03  1.2286202e-02  1.0768510e-02
   109 : -2.1904605e-02 -1.0281209e-02  3.0329352e-03
   110 :  8.4859552e-03 -7.4871608e-03 -5.3714807e-03
   111 :  2.1846217e-02  4.8599569e-03  1.0667428e-02
   112 : -2.3020175e-09  3.2594863e-10  4.5364085e-09
   113 :  9.5092676e-03 -1.4757035e-03  4.1711227e-03
   114 : -8.9726658e-04  4.0977911e-03 -2.3186148e-03
   115 :  1.4137741e-02  5.7459088e-02 -3.4421233e-02
   116 : -1.2753972e-02 -5.1352756e-02  3.3662261e-02
   117 : -5.5756636e-03 -3.9588209e-03  2.6177030e-03
   118 : -1.8208719e-02  6.7759869e-03 -1.3831513e-02
   119 :  2.1127745e-11  1.4476672e-11 -7.1545120e-11
   120 :  2.1486582e-04 -7.2074425e-05  1.6967693e-04
   121 :  1.0280217e-08 -4.3709443e-08  2.6076051e-08
   122 : -2.5655816e-03 -2.0886088e-02  1.3435025e-02
   123 : -2.0562569e-14  2.4298133e-14  1.7753039e-14
   124 :  6.8928130e-11  5.0605395e-11 -2.8368671e-11
   125 :  1.9776632e-18 -6.1370504e-18  2.1259514e-18
   126 : -3.2253310e-07 -4.7157519e-07  7.2385270e-07
   127 :  1.3124990e-07 -1.8170513e-07 -4.1102231e-08
   128 :  8.1920959e-03 -1.0516145e-02 -8.6968801e-03
   129 :  6.2156762e-06  6.8825089e-06 -1.9611280e-05
   130 :  1.0596931e-02  3.5629712e-03  3.1375791e-03
   131 :  1.5911158e-03 -1.2619825e-02 -7.3322976e-04
   132 :  1.1977322e-02 -1.1904687e-02  3.6436564e-03
   133 : -8.6349147e-03  7.6763363e-03 -1.3213621e-02
   134 :  6.4607840e-03 -9.9644659e-03 -9.1395331e-03
   135 : -1.1907177e-02 -1.1256333e-02 -3.9865110e-02
   136 :  1.2437865e-02  1.8446296e-02 -1.7993213e-03
   137 :  9.5136887e-03 -1.6086807e-02 -1.7943521e-02
   138 : -1.0807157e-04 -2.3742141e-02  3.0295147e-02
   139 :  1.7244990e-02 -1.1446742e-02  2.3596741e-02
   140 : -1.8516326e-09  2.8624312e-09 -9.7346588e-10
   141 : -5.9061811e-09  1.4196162e-08  1.3091985e-08
   142 : -1.1593961e-02  3.6842851e-03 -2.2986271e-02
   143 :  2.0493791e-11 -6.6854383e-11  2.1909301e-11
   144 :  8.4495287e-03  4.0321534e-03 -3.9646153e-03
   145 : -6.1380393e-03  1.4385372e-02 -1.0275169e-02
   146 :  4.1188226e-06 -3.5763349e-05 -2.6191186e-05
   147 : -3.1373952e-12 -4.5089712e-12  1.5650045e-12
   148 :  2.8728082e-05 -6.3736500e-05  1.8497257e-05
   149 : -3.5704372e-03  5.5151867e-03 -5.8112817e-04
   150 : -1.1322232e-02  1.9159364e-02  1.4186015e-02
   151 :  3.8884608e-08  6.2642166e-09 -1.0344961e-07
   152 : -6.6485503e-06  2.4447479e-06  2.2105209e-06
   153 :  3.8811027e-02 -1.9723557e-02 -4.3343818e-02
   154 :  5.6086527e-17 -2.5934883e-17 -1.2125711e-16
   155 :  1.6896643e-11 -4.9153458e-11  1.0714615e-11
   156 :  1.5205209e-13  9.5762486e-13 -3.1073725e-13
   157 :  6.0560842e-05 -2.2985630e-04  2.9968967e-04
   158 :  2.6688371e-03 -2.7402379e-02  2.4958148e-02
   159 : -3.9848326e-03 -4.3387871e-03  2.5384595e-03
   160 :  8.9547090e-16 -5.3618643e-16 -2.0563181e-16
   161 :  2.5287462e-15 -2.9887071e-15  4.6420572e-15
   162 :  1.0283035e-02 -3.9786927e-04  5.7181785e-03
   163 :  1.6836748e-02 -5.4191628e-03  9.7392180e-03
   164 :  9.1980106e-09 -6.4315891e-09 -2.4604137e-07
   165 : -9.2451134e-03  2.7211948e-02  5.9903585e-05
   166 : -4.6207291e-12  4.5271413e-12  1.0697220e-11
   167 :  1.6268382e-02  9.3563309e-03  1.7174813e-02
   168 : -1.7710129e-02  3.8531652e-02 -1.8655132e-03
   169 : -1.5191959e-02 -3.3721071e-03 -1.2341729e-02
   170 :  3.2350215e-11 -1.6954886e-11  1.3891557e-11
   171 : -4.4974899e-12 -9.8092576e-12  2.1941985e-11
   172 : -2.6261951e-03 -2.5866797e-03  1.6040658e-04
   173 : -1.0383998e-02 -1.7360230e-02  9.2644052e-03
   174 :  1.6071351e-02 -7.2386313e-03  1.3559377e-02
   175 :  6.5654472e-05 -9.1170072e-06 -2.3435024e-05
   176 :  4.0781742e-10 -5.3330224e-10 -5.2922328e-10
   177 : -2.7645222e-03  1.6861304e-02  1.8253190e-02
   178 :  2.2065978e-03  2.1589174e-01 -2.3261501e-01
   179 :  2.1173679e-02  1.5227878e-02 -1.9631994e-02
   180 :  6.2266200e-13 -1.1149840e-12 -3.0503923e-12
   181 :  1.1458324e-02  1.1159419e-02 -1.2856624e-02
   182 :  3.1782158e-06  6.7901212e-07 -2.9584737e-06
   183 :  3.6727691e-04  1.1532534e-02 -1.0573302e-02
   184 :  6.9560156e-16 -2.9454611e-15  2.0745349e-15
   185 : -5.0496664e-07 -2.4299585e-07  2.9458947e-07
   186 :  1.2043039e-04  4.9148583e-05  4.5054966e-04
   187 :  2.2385420e-02 -2.3190986e-02 -1.7950832e-02
   188 : -1.9047543e-02 -2.0238776e-01  1.8555762e-01
   189 :  5.3372380e-04  1.3444606e-02  7.7656399e-03
   190 :  3.6315942e-03  5.6544492e-03 -3.5486453e-03
   191 : -3.6318031e-14  3.0710101e-14  5.1636620e-14
   192 : -5.9533338e-03 -1.0635384e-02 -1.1977627e-02
   193 :  8.3786545e-03 -4.8279688e-03  8.9500737e-03
   194 :  3.9987360e-03  1.1788994e-01 -1.3105683e-01
   195 : -1.2033187e-03 -9.4689916e-04  9.2325827e-04
   196 :  7.4687124e-13 -2.0012150e-12  1.1068653e-12
   197 : -3.8214389e-12  5.7867989e-12  2.7586748e-13
   198 : -1.7684384e-03  4.8585590e-04 -6.4967444e-04
   199 :  8.0892323e-03  2.3670625e-02  1.6897365e-02
   200 :  3.1414190e-11 -7.1292755e-11  2.7728953e-11
   201 :  4.6738341e-03  1.1703936e-02 -1.8714263e-02
   202 :  7.9415376e-03 -3.4828761e-03 -8.7835595e-04
   203 : -3.1003098e-14 -1.3961363e-13  1.7361889e-14
   204 : -3.3853270e-04 -1.3606384e-05 -3.5293062e-04
   205 : -4.5124655e-03 -5.2832199e-02  5.3177783e-02
   206 :  5.1348156e-13 -1.5682281e-13 -1.0406739e-13
   207 :  1.4805244e-11 -5.6619256e-12  7.8626024e-12
   208 :  2.0127077e-08  8.5064829e-08 -9.7261238e-09
   209 : -1.1887919e-01  6.7768579e-02  3.6168014e-02
   210 : -1.4471206e-03  1.5009151e-03 -9.4554460e-05
   211 :  8.8747947e-14 -1.2537461e-13  3.5907424e-13
   212 : -1.6090757e-02 -2.9689603e-02  1.5721290e-02
   213 :  2.9531809e-11  1.2795332e-11 -8.6683795e-11
   214 : -3.5731930e-03 -3.8069651e-03  4.9124521e-03
   215 : -2.4038581e-02  4.8731586e-03  5.5376638e-03
   216 :  2.8944208e-02 -3.4195926e-02 -3.0234151e-02
   217 : -4.0398591e-18 -1.6421610e-16  5.5285349e-17
   218 : -1.1950183e-08  1.3361062e-08 -1.5965389e-09
   219 : -2.3120079e-02  3.5635847e-03  1.5703933e-02
   220 : -1.2316396e-07 -2.3631451e-07  8.5468865e-07
   221 :  2.4406547e-10  2.5557302e-11 -4.7702417e-10
   222 : -2.0057451e-03 -1.0288911e-02  1.9991055e-03
   223 : -9.1628332e-03 -8.3359649e-03 -8.1112614e-03
   224 :  1.7944632e-03 -3.7954659e-03 -1.1222890e-03
   225 : -9.7361083e-07 -1.2608476e-06  2.6324380e-06
   226 :  7.3485764e-10 -3.5077875e-11 -6.4856001e-11
   227 :  1.8141874e-04 -3.2885682e-05 -4.7106106e-05
   228 :  7.5176527e-03 -1.5462212e-02  5.7847420e-02
   229 : -8.8608297e-06 -1.1971975e-05  9.2473298e-06
   230 :  4.3297694e-11  1.7986095e-11  8.0689420e-12
   231 : -1.4641083e-11  2.7380293e-11  3.8133310e-11
   232 :  2.1038465e-17  9.6027253e-18 -6.4666154e-18
   233 :  3.0991009e-10  1.3565861e-10 -8.2163013e-10
   234 :  3.1978834e-03  1.0599410e-02  1.8203886e-03
   235 : -1.0950116e-01  5.7432451e-03  2.1037785e-02
   236 : -3.5789565e-10  2.0243674e-09 -1.7999987e-09
   237 :  2.7459507e-08  1.0148276e-07 -2.0651882e-07
   238 : -2.0818096e-14 -1.9330631e-15  8.9996087e-15
   239 : -4.6579636e-10  2.9356446e-10 -4.8398640e-10
   240 :  4.3394356e-13  6.2645018e-13 -1.1984049e-12
   241 :  4.8570258e-03  4.6362966e-03 -9.6966346e-03
   242 :  4.4997040e-04  1.6204448e-02 -2.0473055e-02
   243 :  7.5833386e-03  5.6768046e-04  6.4480004e-03
   244 : -7.2396908e-03 -1.1555705e-02 -5.0167149e-03
   245 :  9.5475128e-10 -1.5249321e-09 -6.0850165e-09
   246 :  5.7636677e-03  6.2679242e-03  5.0556988e-03
   247 :  8.9263441e-03 -8.3975054e-03  1.2907793e-02
   248 :  3.0280305e-16  5.3144246e-17 -5.5856858e-16
   249 : -6.1358453e-07  3.9155539e-07  1.7048840e-06
   250 :  1.1180083e-02 -1.1121406e-02 -8.9938358e-03
   251 :  7.4106503e-03  1.4685840e-02  1.8473479e-02
   252 :  7.1210719e-10  7.9736881e-11 -1.5946813e-10
   253 : -8.7502927e-13  5.6006327e-13 -7.4399275e-13
   254 :  9.7691768e-03  7.7816664e-03  7.5639014e-03
   255 :  2.2758124e-04  2.7089029e-04 -4.4982301e-05
   256 : -2.8779307e-02 -2.8280046e-02  1.1510469e-02
   257 : -9.0405540e-03 -4.3823661e-03 -8.2361495e-03
   258 : -2.8392771e-05 -1.0004437e-04  3.4586939e-04
   259 : -6.6145480e-09  2.7070880e-08 -6.0087576e-08
   260 :  7.3919539e-03 -2.4633601e-02 -2.2731895e-02
   261 :  2.5593714e-03  1.9333513e-03  1.8448255e-02
   262 : -1.8775207e-09 -2.5249932e-09 -4.9326395e-10
   263 :  1.0432913e-11 -7.5659293e-11 -1.3649578e-10
   264 : -1.2862053e-04  1.3243081e-04  2.4482366e-04
   265 :  7.1740196e-03 -1.1074100e-02  6.5901201e-03
   266 :  3.5920222e-06  7.9198335e-06 -2.9192106e-06
   267 :  6.9962988e-06 -2.6467123e-05  5.9950248e-06
   268 :  8.9116176e-13  4.8759402e-12 -1.3171658e-11
   269 :  9.3068964e-03  2.4575032e-03  5.8976927e-04
   270 : -4.7817299e-05  1.5739942e-04 -4.8575750e-05
   271 :  6.4350402e-03 -7.2071135e-03  2.6851197e-03
   272 : -1.7031135e-05  6.0009432e-06 -9.1810498e-06
   273 :  7.5768662e-11  1.0707592e-10 -2.6690745e-10
   274 :  1.2123015e-02  4.9349831e-03  8.6830694e-03
   275 : -4.1197101e-09  4.3243654e-09  1.1703126e-08
   276 : -8.1772968e-03 -6.4507705e-03 -7.3028576e-03
   277 :  3.6626199e-10 -7.9925230e-10 -2.1166789e-10
   278 :  1.7595247e-02  1.0753863e-02 -2.2568526e-02
   279 :  2.4424193e-02 -5.8774004e-03 -7.9639280e-03
   280 : -1.1121823e-02  1.4691779e-04 -1.0681080e-02
   281 :  5.5465101e-04 -8.0261477e-04 -1.5370394e-03
   282 : -3.1734584e-07 -9.6861735e-06 -3.2256442e-05
   283 :  2.1527227e-08 -1.6673128e-08  2.0805139e-08
   284 : -1.3363848e-09 -9.8279496e-10  2.9350997e-09
   285 :  1.5303955e-02  1.0714560e-02  1.6430613e-02
   286 : -1.9195223e-02 -1.6464256e-02 -2.3450288e-02
   287 : -4.6057007e-02 -2.3494022e-02  7.7833271e-03
   288 : -4.2244463e-03 -1.0449553e-03 -5.7172104e-03
   289 :  4.1715104e-03 -3.7626270e-03  3.8137369e-03
   290 :  1.0669396e-02  5.1750702e-03  1.4246568e-02
   291 : -2.7014482e-03  2.3984172e-02 -6.2425109e-03
   292 : -4.0583809e-03  1.1984005e-03  9.9865147e-03
   293 : -1.4748708e-07  1.8911287e-07  8.5778998e-08
   294 : -1.7900878e-02 -2.0969910e-02 -1.9623248e-02
   295 :  1.7025308e-13  2.5667994e-13 -1.2505569e-13
   296 : -1.6005125e-02 -1.6940345e-02 -1.9483652e-02
   297 : -1.3723219e-03 -3.9275466e-05 -2.7515598e-03
   298 : -5.0248966e-03  6.3217875e-03 -9.6344572e-03
   299 :  2.5730378e-16  5.6537698e-15 -1.5326290e-14
   300 : -9.1754114e-03  9.3205244e-03  8.8007554e-03
   301 :  9.0294840e-03  1.7512075e-02  1.5755823e-03
   302 :  5.1055130e-03  1.3396297e-03  1.3166209e-02
   303 :  2.5554845e-02  3.2439772e-02  1.5404934e-02
   304 :  1.2088722e-02  2.2466974e-02 -1.2237206e-02
   305 :  2.3507470e-04  1.1071978e-05 -5.3547808e-05
   306 : -4.1812621e-03 -7.8914745e-03 -4.7700061e-03
   307 :  1.6732550e-03 -1.0556283e-02 -1.2711890e-02
   308 :  6.1938613e-05  3.5301463e-04 -1.5929209e-03
   309 :  6.2089490e-14 -4.6252534e-13  2.1606101e-13
   310 : -1.3056739e-02  6.2451657e-03  3.2235786e-02
   311 : -1.4773400e-02 -2.4317936e-02 -4.5998215e-02
   312 : -2.0576361e-12  6.9060148e-12  4.4366301e-12
   313 :  9.5697031e-08 -2.9641189e-07  1.2060919e-07
   314 :  2.6628804e-17 -2.7961091e-15  2.4865608e-14
   315 :  1.7497470e-10 -4.2076683e-10  6.9441105e-10
   316 : -1.2834830e-02 -1.2249702e-02 -8.5558027e-03
   317 :  1.9179190e-14  5.2969943e-15 -4.1671279e-14
   318 : -2.6509269e-03 -4.0845685e-03 -3.3314136e-03
   319 : -2.2791636e-02  1.5914103e-02  1.0568093e-02
   320 : -3.9122319e-02  9.2385347e-03  5.0901996e-03
   321 :  1.5989894e-04 -1.1628814e-02 -3.9755183e-03
   322 : -8.1856614e-15  1.9415125e-14 -4.3837058e-15
   323 : -1.0458796e-14  9.5533417e-15 -2.5738477e-15
   324 : -5.3850873e-09  8.8832984e-10 -3.4802187e-10
   325 : -1.6748754e-07  1.0608959e-07 -1.7181193e-07
   326 :  1.8220909e-02  1.6317921e-02 -1.6439290e-02
   327 : -8.7230662e-03  5.8257090e-02 -8.1300627e-02
   328 :  5.7638782e-03 -9.5648791e-03 -1.2447449e-02
   329 :  1.0751440e-09  5.2807452e-09 -3.6314395e-09
   330 : -1.9652645e-15 -2.8139472e-16  5.7399273e-15
   331 : -6.6535006e-05 -4.6907522e-05  1.1226883e-04
   332 :  2.8204915e-02  2.8713029e-02  6.0871957e-03
   333 : -4.5399834e-08  2.2761853e-08 -1.3435355e-08
   334 : -6.6599735e-04  2.0004685e-02  8.0448266e-03
   335 :  4.1696972e-03  1.5407079e-02  7.6527663e-04
   336 :  3.2432787e-02  5.2007123e-03 -3.5087639e-02
   337 : -1.1689924e-12  4.3047327e-12 -2.4745711e-12
   338 : -1.2044362e-02 -2.8483214e-02 -2.7468595e-02
   339 : -3.8485417e-09  6.7849822e-09  4.2653671e-09
   340 : -1.9907501e-03 -2.3225229e-03 -4.0222121e-03
   341 : -1.1682245e-12  7.9872848e-13  2.4177823e-13
   342 : -1.3094306e-10  6.7164616e-10  7.4981279e-10
   343 : -1.9811243e-03  3.7272740e-04  3.7260848e-04
   344 : -1.8929829e-03 -4.7199240e-03 -6.9689167e-04
   345 :  6.8767103e-03  3.3510708e-03 -1.0277277e-03
   346 : -1.3465044e-10  3.4579955e-10  5.9547180e-10
   347 :  1.9663269e-03 -2.4675987e-02  7.7115417e-03
   348 :  8.8128993e-04  2.8510621e-04 -1.6959966e-04
   349 :  3.8229541e-04 -1.0214810e-04  2.0257352e-04
   350 :  4.1485707e-03  3.9931532e-03  2.6006041e-03
   351 : -3.5671966e-07 -2.1001324e-07  1.5637802e-07
   352 : -3.1794292e-02 -1.1109936e-02  6.0846382e-03
   353 :  1.0130504e-02 -1.6879240e-02  1.8361894e-02
   354 : -6.6415753e-03 -4.3676031e-03 -6.5517877e-03
   355 : -4.3507317e-03 -1.0852731e-04 -1.2020252e-02
   356 : -2.3689025e-12 -1.7957957e-12  7.2961016e-12
   357 : -3.1831055e-02 -5.5453262e-03 -6.2495358e-03
   358 : -7.7131390e-05  2.3731642e-04  1.7476523e-04
   359 :  8.4809587e-18 -1.5356233e-17  2.9461442e-19
   360 :  5.6944699e-03  1.5297922e-04  9.3454358e-03
   361 :  1.2738163e-06  3.9895487e-07 -4.2278439e-07
   362 :  1.7452961e-04  1.9265838e-04 -2.6964391e-04
   363 : -2.8471412e-05  1.7903504e-05 -5.4913382e-05
   364 :  4.1424226e-06 -5.6607866e-06  9.0188639e-07
   365 :  1.5491490e-02  6.3809181e-03  6.8923212e-03
   366 : -6.0700674e-12  1.7459794e-11 -2.6827160e-13
   367 :  2.2690133e-02  1.0196878e-02  3.3007510e-02
   368 :  9.0073696e-03 -3.0003625e-03  2.3543184e-03
   369 :  4.4164103e-04  3.5556061e-04 -1.6540816e-03
   370 :  2.6677132e-04 -6.4605798e-04 -4.0938545e-05
   371 : -9.1726602e-13 -1.0174514e-11  2.1975310e-11
   372 : -1.7923638e-03  3.9718429e-03 -3.2011688e-03
   373 :  1.4694620e-02  1.8249399e-02 -1.7197455e-02
   374 :  7.0125932e-03  9.7361777e-03  1.0589277e-02
   375 : -8.6150687e-08 -1.2464998e-07  6.1113277e-08
   376 :  2.5334218e-13  9.1598702e-13 -1.8204688e-12
   377 : -2.9260260e-03 -2.4396890e-03 -1.0655609e-03
   378 : -1.7122422e-04 -4.2706122e-04  3.9334234e-05
   379 : -2.6251754e-16  3.5262886e-16 -1.2312640e-16
   380 :  5.5234071e-03 -3.6839525e-03 -1.4106807e-02
   381 :  7.4634217e-05 -3.6812400e-05 -1.8476973e-05
   382 :  6.5798167e-07  5.0629142e-07 -1.0201698e-06
   383 :  1.0499357e-02 -7.7142195e-03  7.0619511e-03
   384 : -1.7418171e-07  6.8390251e-07 -3.0056763e-07
   385 :  1.2713300e-02 -2.6464720e-02  1.1282347e-02
   386 : -1.2062571e-02 -7.5795053e-03 -7.9331846e-03
   387 : -2.7617014e-08  1.8028242e-08  3.5482148e-08
   388 : -5.1133007e-03 -5.8651688e-04  1.6270195e-02
   389 : -3.7028030e-05  5.2046154e-05  3.4162720e-05
   390 :  4.2248670e-03 -1.7527114e-02  2.5501032e-02
   391 : -2.5530496e-05  1.6706352e-04 -7.1306642e-05
   392 :  4.3172174e-03  1.0169711e-02  1.1966162e-02
   393 :  3.6172588e-03 -8.7715944e-03 -1.2198134e-02
   394 : -2.1045636e-06  3.9435747e-06  1.4248906e-06
   395 : -1.5889232e-03 -1.8026218e-04 -1.9311797e-03
   396 : -1.6196563e-15  2.1287009e-15 -5.4482207e-15
   397 :  4.0962857e-03 -1.0333158e-02  1.1601452e-02
   398 :  1.6529894e-02  1.7105378e-02  1.3317666e-02
   399 :  3.4258556e-03 -1.0398240e-02  1.1926510e-02
   400 :  2.3852002e-02  1.8648542e-02  1.8734741e-02
   401 :  9.1709577e-04  9.7576110e-04  1.2477334e-02
   402 : -5.1594644e-06  1.7374079e-06  8.0425744e-07
   403 :  1.0029798e-05 -2.6206969e-05  7.4714352e-06
   404 : -2.0882637e-12 -3.0683914e-12  1.0182092e-11
   405 :  2.2371456e-03 -2.6582051e-03 -3.0527149e-03
   406 :  5.0723679e-03  3.4482395e-03 -1.0432001e-04
   407 : -7.9858098e-03 -3.7028177e-03 -1.8438512e-03
   408 :  9.4906312e-03 -7.4083447e-03 -2.0766749e-03
   409 :  1.9325732e-02  1.0402983e-02 -2.2687974e-03
   410 : -4.9537677e-03 -7.7974070e-03 -5.6952892e-03
   411 :  2.3769638e-03  2.6293458e-02  1.6862163e-02
   412 :  3.5012650e-03  4.8044550e-03  9.4123296e-03
   413 :  1.9733242e-13  2.6566274e-14 -2.9242459e-13
   414 :  2.0863528e-03  3.6803196e-03  3.9886900e-03
   415 :  2.3253552e-03  2.0572543e-02  2.2431993e-02
   416 :  2.9524092e-09 -2.5735230e-09  8.1580504e-09
   417 : -1.5274477e-02  4.2585909e-03 -1.6338171e-02
   418 : -9.3430259e-03 -7.4295480e-03 -7.0721462e-03
   419 :  2.0258654e-12 -2.3800924e-11  1.2218816e-11
   420 : -4.6449578e-11  1.3001017e-10 -2.2035287e-11
   421 : -1.6877281e-09  6.4072434e-09 -8.7940882e-09
   422 :  1.6038208e-04  5.2549604e-04 -3.6768753e-04
   423 :  2.5614656e-02 -5.5169869e-02  4.0906693e-03
   424 :  1.1785225e-06 -1.5266201e-06 -5.2426539e-07
   425 : -5.9992748e-08  1.2149670e-07 -3.3315194e-08
   426 : -1.9741819e-05 -1.8119341e-05  8.3035341e-06
   427 :  1.3186172e-04  7.7580597e-05 -3.6602597e-04
   428 : -2.8425313e-06  7.5308577e-06  6.2176359e-06
   429 : -2.1471203e-02 -2.4994819e-02  4.4712942e-03
   430 :  8.4751825e-03  1.2778483e-02  5.7652756e-03
   431 : -5.0945709e-03  5.7188734e-03  7.7606025e-03
   432 : -1.8639590e-03  5.8579962e-04 -1.9383397e-03
   433 :  6.5571635e-13 -9.8848642e-13 -3.4031918e-13
   434 : -5.0608961e-03 -1.2813400e-02 -1.1232325e-02
   435 :  3.6035004e-03 -3.9121576e-03 -1.9706827e-03
   436 : -2.7819536e-08 -1.5386032e-07  3.3358817e-08
   437 : -4.1519578e-03 -3.9453281e-03 -3.4495457e-03
   438 :  5.0281678e-03 -1.2184543e-02 -1.7988261e-04
   439 : -1.2535305e-03  2.0085789e-03  4.8777037e-03
   440 :  3.3337715e-10 -2.1129372e-09  6.4628515e-10
   441 :  1.6362945e-13  9.9425628e-14 -3.1838235e-13
   442 : -1.2774775e-02 -1.0357615e-02 -1.6512158e-02
   443 : -7.3820320e-03  2.0250578e-02  2.9220855e-03
   444 : -1.4427519e-02 -9.5746083e-03  2.7297835e-03
   445 :  5.9334956e-03 -5.7431775e-04 -1.1731727e-03
   446 :  4.7240327e-03  7.8831834e-03  1.0982252e-02
   447 : -1.1910191e-03  5.0764581e-04 -1.0207345e-03
   448 :  1.4359502e-02  1.0080587e-02  1.2630529e-02
   449 :  5.4144940e-13 -7.1409021e-13 -4.8498915e-13
   450 : -2.2645559e-14  4.5302207e-15  1.1571241e-14
   451 :  1.6235335e-02  4.4745662e-03  3.1437877e-03
   452 : -5.1603618e-03 -3.3900881e-03 -1.6231496e-03
   453 :  1.0880281e-02  4.1872374e-03  8.4010792e-03
   454 : -2.9520451e-03  5.2790206e-04 -7.1725591e-03
   455 : -4.4665237e-06  4.9831861e-06  8.1564925e-06
   456 : -2.3416502e-03  9.9153635e-03 -9.2566166e-03
   457 : -2.0890540e-14 -1.0230487e-13  1.9724323e-13
   458 : -4.4879451e-05  1.2189878e-04 -4.7800126e-05
   459 :  1.7833999e-02  7.2723457e-03 -1.0295649e-02
   460 :  9.6569053e-03  1.1654000e-02  5.2935317e-03
   461 :  3.8118919e-04 -7.4423406e-04 -1.0162365e-03
   462 : -1.5976169e-03  2.3586516e-02  1.7293458e-02
   463 : -1.8405086e-09 -1.6326524e-09  4.3955767e-09
   464 : -2.5006415e-03  1.5700652e-02 -2.6803493e-02
   465 :  1.8052351e-02 -7.4247708e-04  7.3355260e-03
   466 : -1.1276258e-02 -1.1774176e-02 -1.1512575e-04
   467 : -2.2369573e-09  7.1335651e-10  2.3547181e-09
   468 :  4.7281893e-08  2.1867708e-08 -4.5256133e-09
   469 :  1.4474181e-16  6.2126786e-16 -5.7182866e-16
   470 :  2.8064158e-14 -4.3469342e-14  2.3503178e-14
   471 : -3.5222815e-09 -1.5700730e-07 -7.8250000e-07
   472 : -4.0006058e-09  2.8576787e-09 -2.8621299e-09
   473 :  7.6858418e-03  7.3832581e-03  5.0187749e-03
   474 :  1.4655901e-11 -6.9644217e-11 -7.2882788e-12
   475 :  2.8242527e-06 -8.5842781e-07  1.9069026e-06
   476 :  1.1374969e-06  6.6469872e-07 -7.5124338e-07
   477 : -5.0649684e-15 -3.7727978e-16  1.8112602e-15
   478 :  1.0037060e-02 -9.6343558e-04 -1.3393614e-02
   479 : -4.0846240e-16  1.1373576e-15 -2.7216859e-16
   480 : -9.9958241e-03 -7.2386621e-03  1.3658944e-03
   481 :  1.0199566e-05  5.8823673e-06 -2.9940095e-05
   482 :  1.8381505e-11  7.8764062e-10 -3.1426469e-10
   483 : -7.3471833e-03 -3.6661547e-03  2.9688967e-06
   484 : -2.2294141e-02  6.3463084e-03  7.9645084e-03
   485 : -1.0991319e-02  1.5969689e-02  1.8016294e-02
   486 : -5.1869507e-03 -8.9917599e-03  1.3473206e-04
   487 :  3.0016655e-02  2.4067235e-02  2.9083594e-02
   488 :  7.5552588e-03  1.9328024e-03  4.4974239e-04
   489 : -2.8136392e-11 -2.0929579e-11  8.9883917e-11
   490 :  2.9697861e-10 -2.4637027e-10  7.3966164e-11
   491 :  2.3796220e-10  5.1153856e-10 -2.8823378e-10
   492 : -5.7244035e-02 -1.5610922e-02 -4.1923239e-02
   493 : -2.1966252e-03 -4.5850571e-03 -4.3772304e-03
   494 :  1.0187449e-03  1.5035203e-03  3.5558430e-03
   495 : -2.1338411e-03 -2.7189061e-03  3.7186101e-03
   496 :  6.8285868e-08 -2.2803267e-08 -1.8723089e-07
   497 : -3.7584626e-13 -9.8355792e-13  4.9225501e-13
   498 :  1.2571012e-11 -5.6700927e-12  1.0329725e-11
   499 : -7.5818903e-03  1.1468294e-02  4.1655905e-03
   500 :  2.8187413e-14 -3.2647672e-14 -4.3211155e-14
   501 :  2.0355752e-16  8.6570036e-15 -1.2719437e-14
   502 : -2.2671164e-02  5.6852587e-03 -2.4265323e-02
   503 :  3.7602868e-03 -4.6478794e-04  2.8996123e-03
   504 :  1.0675467e-03  2.4813504e-02  6.3064980e-03
   505 : -6.1627799e-03 -2.6475825e-03 -1.2677657e-02
   506 : -5.7239225e-10  1.0288435e-09 -8.7467458e-10
   507 :  3.2592117e-08  9.7112569e-09 -2.8740051e-08
   508 :  1.5906331e-08 -2.8914416e-08  1.0658504e-08
   509 :  7.5445605e-03  4.8242741e-03  1.2487133e-02
   510 :  6.1199617e-08 -2.6880648e-08  1.1065958e-07
   511 :  3.2092836e-04 -5.9421654e-04 -6.0419046e-04
   512 : -2.6999459e-05 -3.4619687e-05  1.2656828e-05
   513 : -7.3495856e-03  1.0188875e-02  1.5189918e-02
   514 :  2.6690322e-02  1.7732196e-02  1.7070719e-02
   515 : -1.8291122e-02  7.4935275e-03 -2.5109842e-02
   516 :  2.7759587e-08  6.0058383e-08 -4.1145275e-08
   517 : -1.1047180e-02 -8.8423050e-03 -7.9821145e-03
   518 : -8.1377408e-03 -1.4982737e-03  1.2081952e-03
   519 : -7.2703558e-04 -5.0835427e-04  6.0465452e-04
   520 : -9.5057618e-04  2.0772226e-04 -2.0765376e-03
   521 :  6.9908406e-03  5.2334603e-03  3.3948639e-03
   522 : -6.4051565e-03 -3.7950167e-03 -6.4929144e-03
   523 :  5.8213216e-03  1.2588298e-01 -1.4590905e-01
   524 :  4.8876622e-03 -4.6822625e-02  8.6002253e-02
   525 :  3.0643416e-02  1.0870848e-02  1.5997819e-02
   526 :  2.3531976e-06  5.9693865e-06 -1.8033438e-05
   527 : -6.8908127e-12 -1.5926815e-13  2.8905513e-11
   528 : -2.9392728e-02 -2.8518768e-03 -1.5131038e-02
   529 : -2.0243811e-02 -1.6706651e-02 -1.5301198e-02
   530 : -2.7839936e-04 -2.4640942e-03  1.5148528e-03
   531 : -1.0922034e-02 -6.7145213e-04 -2.4214487e-02
   532 :  9.1262457e-05  3.1648950e-04  1.1786425e-04
   533 :  1.0574256e-16 -2.4241309e-17 -3.2549834e-17
   534 : -2.4492502e-17 -8.3458711e-17  2.0124918e-16
   535 : -1.4972276e-10  3.6542436e-10  5.3609754e-12
   536 : -1.0009933e-02 -8.5960287e-04 -2.9030074e-03
   537 :  3.9952440e-03  3.5494127e-03  6.5214357e-03
   538 : -1.8625658e-02  3.2698064e-03 -2.3401491e-02
   539 : -2.1394529e-11  5.6763481e-11  1.4910272e-11
   540 :  3.1654317e-12  7.6385632e-10 -1.8525208e-09
   541 : -4.5696395e-09  7.8304982e-09  1.2380286e-08
   542 : -7.2332246e-04 -2.9164946e-03 -9.1233595e-04
   543 : -4.9954215e-12  2.3819796e-13 -3.6821544e-12
   544 : -2.8015532e-03  5.6013379e-03  7.5704990e-04
   545 :  3.7310090e-07 -2.3345091e-07 -8.3254152e-07
   546 :  6.0756766e-03  6.4577067e-03 -4.2489913e-03
   547 :  9.1853334e-10 -2.0922401e-09  1.8528216e-10
   548 :  2.2446521e-03  9.2405481e-03  6.1005353e-03
   549 :  1.5094701e-08  1.4440040e-08 -1.6147979e-08
   550 : -3.3639697e-02 -4.5724249e-03 -5.0654641e-02
   551 : -1.1516483e-02 -1.3592279e-02 -5.6601358e-03
   552 : -1.9153396e-03 -1.7344052e-03 -3.0508270e-03
   553 : -1.0622881e-02 -2.3145742e-02 -4.6814460e-02
   554 :  1.0402757e-07 -4.1272013e-07  1.3814302e-07
   555 :  7.0723400e-05 -2.0392606e-03 -7.9039968e-04
   556 :  2.6592261e-08  3.0903117e-08 -2.8165121e-08
   557 :  6.3723132e-03 -1.2974420e-02 -9.9888552e-03
   558 :  8.3125240e-03 -1.6442454e-02 -1.3352290e-02
   559 : -1.6438920e-03 -6.0617803e-03 -1.7103218e-03
   560 : -1.3309998e-02 -2.5038559e-02 -5.1917536e-02
   561 :  2.2916573e-03 -6.0723923e-04  1.6112726e-02
   562 :  1.7432484e-04 -4.0192755e-04  9.4824421e-05
   563 : -1.1377577e-15  1.1936453e-15 -3.9550615e-14
   564 : -4.3857303e-03 -1.3704594e-02 -1.3794606e-02
   565 : -1.0210826e-02 -8.6042347e-03 -7.7628440e-03
   566 : -1.5775360e-09 -5.2546537e-09 -6.0226467e-10
   567 :  7.6016024e-04 -2.2670691e-03 -1.7793323e-03
   568 : -3.6531766e-03 -1.9508398e-02  8.5863734e-03
   569 : -1.4590161e-02 -1.3406489e-02 -1.6611491e-02
   570 :  2.3577499e-07 -5.5329181e-07 -2.5804106e-07
   571 : -2.7870170e-04 -4.6887496e-04  6.2167768e-04
   572 : -9.6240407e-15  4.9430080e-14 -2.5467573e-14
   573 : -5.9778446e-03  2.7382704e-03  7.1551587e-03
   574 : -1.6449717e-02  1.4266668e-02 -1.5289685e-02
   575 :  1.0454024e-04 -5.3588610e-03 -6.7919312e-03
   576 :  1.7967459e-02  1.4633837e-02  1.1117995e-02
   577 : -6.8536130e-03 -4.0689785e-03 -5.4958415e-03
   578 :  2.7536663e-16  8.2897994e-16 -3.4018358e-16
   579 :  8.2239464e-03  6.9492633e-03  3.7381401e-03
   580 : -4.2090088e-04  2.4712369e-03  8.3314298e-03
   581 : -1.5933120e-08 -1.5273247e-07 -1.4463372e-07
   582 :  4.1450728e-16  1.8648706e-15 -6.4552658e-16
   583 :  8.2389953e-06 -1.6705913e-05 -1.6196504e-06
   584 : -5.3188619e-13  1.0645609e-12  4.4547414e-14
   585 :  3.4961452e-03  3.2384380e-03  1.0404372e-02
   586 :  1.1761272e-09 -5.5448805e-09  2.6851680e-09
   587 :  4.8771776e-06 -1.7560343e-05  6.9175125e-06
   588 :  1.4398767e-09 -9.0257341e-09  4.9592476e-10
   589 :  3.1811059e-02  6.4461628e-03 -4.9769785e-03
   590 : -3.7984392e-03 -1.2434446e-02 -5.7109335e-04
   591 :  2.6327697e-15 -4.1154625e-15 -5.0630053e-16
   592 : -6.8290929e-09 -4.1268354e-08  1.0180141e-07
   593 : -8.1956073e-04  1.7340538e-04 -2.5695610e-04
   594 :  5.0273284e-05  1.4367383e-04 -5.7342500e-05
   595 :  1.3572380e-02  2.9358459e-04  3.3665572e-02
   596 : -2.5020689e-02 -3.4891519e-01  3.4151250e-01
   597 :  3.7610769e-04  3.2129640e-05 -7.5295443e-06
   598 : -1.0005622e-05 -3.3816319e-05  1.8965297e-05
   599 :  2.0600764e-02  1.5097538e-03  1.3680834e-02
   600 :  1.4600587e-02  1.3832444e-02  1.2588637e-02
   601 :  1.1878361e-02  8.6403593e-03  1.0398631e-02
   602 :  4.7057265e-10 -9.8119445e-10  1.0257239e-09
   603 : -1.5904081e-11 -6.5760739e-11  2.5065988e-11
   604 :  3.1312115e-06 -3.3254277e-06  3.4424558e-06
   605 : -9.8864107e-05  1.5383209e-04  9.1319535e-05
   606 : -3.3520795e-03 -6.5908080e-03 -3.3655927e-03
   607 : -2.5900319e-03 -9.4696600e-05  1.9487818e-03
   608 :  4.5704913e-09  1.1994044e-08 -5.2411047e-09
   609 : -1.1607482e-07  1.1548495e-06 -3.5468694e-07
   610 :  3.9247508e-11  9.6782672e-11 -2.3634206e-10
   611 :  1.1019536e-02  7.2146619e-03  7.6967212e-03
   612 : -8.9502005e-03  1.5934219e-02  8.2735089e-03
   613 : -1.9288038e-03 -2.2379215e-03  3.8398815e-03
   614 : -3.3891599e-02 -4.4071127e-02 -1.9646372e-02
   615 : -7.6172041e-03  5.7739302e-03  1.0966643e-02
   616 :  5.9004538e-13 -2.3219783e-12 -8.3464371e-14
   617 :  6.6824686e-03  2.2979554e-03 -1.1356167e-03
   618 :  4.4068582e-05  7.0477733e-05 -5.7397159e-05
   619 :  6.7301208e-10 -3.2389339e-09  2.5973667e-09
   620 : -6.0087915e-05  9.8705755e-06 -5.6529079e-05
   621 : -1.0536959e-02  9.7270202e-03  2.1431460e-02
   622 : -1.5834825e-02 -7.6575646e-03  5.8270499e-03
   623 :  4.6746539e-03 -1.5349219e-02 -9.9497623e-03
   624 :  1.5139450e-02  1.4127030e-02  6.6893350e-03
   625 :  7.3305750e-03  4.5957963e-03 -5.3871320e-03
   626 :  3.1271797e-16 -1.0440574e-16  3.3786907e-16
   627 :  1.2952889e-10 -2.2801088e-11 -2.4032626e-10
   628 : -4.7524767e-06 -2.2098012e-05  7.7829189e-06
   629 :  1.3393826e-02  5.4950016e-03  4.5510736e-03
   630 : -1.0799281e-02 -5.2441595e-05 -4.8456718e-03
   631 : -1.3594750e-03  2.9691835e-03 -8.8694195e-04
   632 :  1.1198473e-12 -2.7173193e-12 -1.5782276e-12
   633 :  9.3307098e-03  3.7731458e-03 -1.0808923e-02
   634 : -2.4000073e-03 -4.3206344e-04  1.6189052e-02
   635 :  6.8552503e-03 -4.3359260e-04 -3.0845918e-04
   636 : -1.6657401e-03 -7.8573360e-04  3.7731261e-03
   637 : -1.4450654e-02 -1.8593605e-02 -1.7896417e-02
   638 : -8.0534048e-03  1.0920241e-02  1.0025362e-02
   639 :  6.0361897e-03  1.1771488e-02  5.6193721e-03
   640 : -4.0375174e-03  4.2026004e-03 -3.9244510e-03
   641 : -2.3865871e-09  6.0409451e-09 -3.6497944e-09
   642 :  2.6819243e-02  2.0398096e-02  2.0369835e-02
   643 : -1.3319015e-02  1.5031031e-03  4.0897020e-03
   644 : -5.0056785e-02 -1.1816929e-02 -1.4211569e-02
   645 :  1.8521843e-02  1.0631708e-02  7.5088706e-03
   646 : -2.3933774e-03 -1.7410917e-03  6.4052495e-04
   647 : -1.2635720e-02  1.8774678e-02  3.7902288e-03
   648 :  1.2952308e-02  1.0819833e-02  1.8072392e-02
   649 : -1.5842619e-02 -1.6814473e-02 -1.6425304e-02
   650 :  1.1429403e-04  1.0810162e-03  8.0379278e-03
   651 :  3.5084266e-02 -2.7144694e-03 -1.3897013e-02
   652 :  2.2727536e-02  2.3178614e-02  1.4881299e-02
   653 : -1.4431388e-02 -1.2419791e-02  1.4175277e-02
   654 :  1.0074392e-06 -4.9736655e-07 -9.6753523e-07
   655 :  1.9210709e-02  9.1035804e-03  2.1837539e-02
   656 : -3.5070048e-03  4.0430621e-03 -2.0476741e-03
   657 :  1.0007605e-02 -8.3892714e-03  4.6291593e-03
   658 :  1.9579341e-02  1.7412226e-02  2.0662440e-03
   659 :  2.2917375e-03  1.0096922e-02  1.4562758e-02
   660 : -9.2128935e-03 -1.6584386e-02  8.7247748e-03
   661 : -7.4972138e-03 -5.5241707e-03 -1.0289559e-03
   662 : -5.3268690e-05 -3.9417046e-05  1.4147007e-04
   663 :  2.4771424e-03  2.3053200e-03 -6.6349252e-03
   664 : -1.5554358e-02 -4.3961949e-03  7.7952996e-03
   665 :  8.1448929e-03 -2.2160286e-03  3.0481807e-03
   666 :  1.5360914e-12 -8.6030933e-13 -2.1227194e-12
   667 : -1.7172578e-07 -2.0997043e-08 -1.1740799e-07
   668 :  2.1595595e-05  3.4987527e-03 -2.3478613e-03
   669 :  1.1373952e-15  7.1247302e-17 -1.2584631e-15
   670 : -3.4714979e-04 -2.1634357e-03 -1.1383142e-02
   671 : -2.7261340e-05  8.6867162e-04 -4.7996560e-03
   672 : -7.2360082e-03 -3.1648370e-03 -4.6031273e-03
   673 :  9.8232370e-05  1.5917437e-04 -8.2946173e-04
   674 :  7.5555727e-04 -8.9915971e-04 -1.1589739e-03
   675 : -1.5506604e-03 -4.5921590e-04 -3.7396779e-04
   676 : -1.6561315e-03 -1.6179953e-01  1.9600409e-01
   677 : -1.5608683e-03 -1.2200636e-03 -7.4418640e-04
   678 : -2.2344443e-03 -6.4524177e-04 -4.4425097e-03
   679 : -7.7005504e-03  9.3458404e-03 -1.7238868e-03
   680 :  6.9930059e-04 -1.0510147e-02 -1.8086707e-04
   681 : -1.5504006e-09  2.0298285e-08 -5.7802096e-08
   682 :  3.3126821e-08 -6.7408307e-08 -1.7155351e-08
   683 : -2.7539300e-07  5.8086862e-07  1.0332146e-06
   684 : -3.1044647e-09  4.1989652e-09 -9.3770745e-10
   685 :  1.7268230e-02  2.6220887e-03  1.4456761e-02
   686 : -1.1802579e-03 -6.0402907e-04 -7.7769416e-04
   687 : -1.3799466e-08 -8.9364231e-09  1.8446316e-08
   688 : -6.3945707e-05  3.4121771e-04 -8.9656728e-04
   689 :  1.0390817e-02  6.9553332e-03 -8.5521858e-03
   690 :  4.8461335e-03  3.8382122e-04 -2.8731618e-03
   691 :  8.8314000e-03  9.4644455e-03  1.3058620e-02
   692 :  3.9468058e-02  3.6178604e-02 -1.2801173e-02
   693 :  2.3927738e-15 -2.4329105e-15 -7.7223884e-16
   694 :  1.9686175e-10 -1.3807175e-10 -4.1372945e-10
   695 : -4.1204586e-03  6.1844625e-03  5.5665778e-04
   696 :  1.4697222e-03 -4.0279629e-03 -2.3786695e-03
   697 :  2.0194183e-02  1.3054116e-02  1.0559872e-02
   698 : -3.8114008e-03 -1.7620886e-04 -7.8252065e-03
   699 :  6.3494503e-05 -6.3556103e-05  2.6208399e-04
   700 : -3.6789906e-14 -6.4462724e-14  1.7576503e-13
   701 :  1.1317566e-12 -3.6276074e-12  1.1763136e-12
   702 :  1.7175753e-07 -7.3684823e-07 -2.6604236e-07
   703 : -6.2842411e-03 -5.7565148e-03 -2.4308972e-03
   704 :  1.6474948e-02  2.1065618e-02  1.7419094e-02
   705 : -9.4364241e-10  9.2095542e-10 -1.9717123e-09
   706 : -2.4214203e-01  1.9696648e-01  4.7251175e-02
   707 : -2.8066667e-02  1.7460717e-02 -5.1503874e-02
   708 : -1.1234195e-02 -9.4397896e-03 -2.3027728e-02
   709 :  5.8532101e-03 -1.7295548e-03  1.0088970e-02
   710 : -5.0532064e-05  1.3289882e-05  9.0228520e-06
   711 :  1.9674176e-02  6.5414801e-03  7.4042701e-03
   712 : -1.4337179e-02 -1.6882634e-02 -1.0662605e-02
   713 :  2.0957834e-02  1.7249466e-02  1.4864034e-02
   714 : -5.9909313e-03 -3.3894784e-03 -6.6837048e-03
   715 : -8.8976610e-04  1.9183307e-02  1.0853442e-02
   716 : -2.0154690e-10  3.0275190e-10 -3.6190192e-10
   717 : -1.4409481e-02 -2.3698603e-04 -1.1850981e-02
   718 :  2.3650224e-02  1.8536839e-02  1.3501746e-02
   719 :  9.1076952e-03  8.0656286e-03  4.9417563e-03
   720 :  1.2501688e-03  3.3107011e-03 -3.7046326e-03
   721 : -3.0977331e-02 -7.8626103e-03  1.4862972e-02
   722 :  1.8046297e-08  4.5710928e-09  4.0399501e-09
   723 :  8.8478988e-09 -1.6475827e-08  4.8427155e-11
   724 : -8.7650341e-09 -8.0438005e-08  3.3120391e-08
   725 : -1.3291443e-02 -1.5913126e-02 -1.4083201e-02
   726 : -5.4765542e-04  7.1608267e-05  2.0876458e-04
   727 : -1.0474624e-02 -1.3208350e-02 -1.3788243e-02
   728 : -1.5493075e-02 -2.1372577e-03 -1.6150490e-04
   729 :  3.7296963e-03 -2.3990800e-02  7.0969018e-04
   730 :  1.6555232e-02  1.7850320e-02  1.7806229e-02
   731 : -8.5993352e-08  8.6184145e-08 -3.6601269e-09
   732 : -4.4498801e-06 -1.4991174e-05 -8.6548108e-06
   733 :  7.7376894e-03  1.0885264e-02  1.6783105e-02
   734 : -7.9728579e-02 -7.6153214e-01  7.4979116e-01
   735 :  4.1582344e-03 -7.4481943e-01  7.9110176e-01
   736 :  1.2107539e-02  8.1428662e-03  9.4059779e-03
   737 : -8.9089696e-04 -1.1551347e-03  4.1597975e-03
   738 : -2.2483341e-03  2.9597985e-03 -5.1220387e-04
   739 : -8.7530152e-03  1.8497507e-03 -1.5328127e-02
   740 :  1.7622973e-02  2.5122911e-03  1.6657316e-02
   741 : -6.9874486e-03 -6.5009888e-03 -5.1763068e-03
   742 :  7.0962857e-03  1.5649048e-02  2.3768076e-02
   743 :  5.4748023e-03  9.3932997e-03 -5.1230088e-04
   744 : -2.9648536e-02  7.8947709e-03 -8.7964638e-03
   745 :  2.3028089e-09  7.5758303e-09  1.2716292e-08
   746 : -2.4337997e-07  1.2851804e-06  1.7697999e-06
   747 :  1.4441728e-04  3.3399916e-04  3.1007571e-04
   748 :  1.7297971e-02  1.8593345e-02  2.2348593e-03
   749 : -8.6972516e-03  1.2318582e-02 -1.8093596e-03
   750 : -2.6762413e-09 -2.4735273e-09  4.9069502e-09
   751 : -6.8163767e-03 -6.0117274e-03 -8.5876429e-03
   752 : -7.5912978e-03  1.4140761e-03  1.6123192e-02
   753 :  1.3588971e-03  1.6253272e-02 -8.4949689e-03
   754 :  2.8536385e-06  3.2237477e-06 -9.7952724e-06
   755 : -5.4520745e-03  2.1828380e-03 -2.2767523e-02
   756 : -3.3823885e-03  2.7096456e-03  7.2729248e-03
   757 :  3.5115275e-15  2.5184261e-15 -2.2285314e-15
   758 : -5.0517891e-02 -7.1030360e-02 -2.6588375e-02
   759 :  1.7875074e-02  1.7138152e-02  1.6890963e-02
   760 :  2.1126268e-04 -8.4337861e-04  4.6394659e-04
   761 :  2.7479583e-02  1.5128265e-02  1.1847077e-02
   762 : -5.0196416e-02 -2.4460185e-02 -4.2759487e-02
   763 : -5.6250716e-11  1.7142843e-10 -5.3753366e-11
   764 : -5.8368044e-12 -1.5486318e-11  9.4925762e-12
   765 : -6.6452823e-03 -6.4647150e-03 -8.2658946e-03
   766 :  4.9199232e-04 -2.3252711e-03  6.2415050e-04
   767 : -5.8335880e-02 -1.0129308e-01 -4.3801372e-02
   768 :  6.0853639e-09 -3.0112292e-10  1.0208321e-08
   769 : -6.1362207e-03 -4.9407885e-03 -9.8896866e-03
   770 : -1.1182942e-02  1.2398063e-02  6.2761677e-03
   771 : -1.7432139e-03 -2.6797538e-02  2.2560419e-02
   772 : -7.0867457e-03  3.7086881e-03 -7.8260123e-03
   773 : -3.8892902e-04 -2.0364931e-03 -1.3423762e-03
   774 : -9.7542719e-03 -8.7221704e-03 -7.2063000e-03
   775 : -3.3809321e-02 -2.5723215e-01  2.3149284e-01
   776 : -9.9500588e-04 -1.9990058e-03 -1.0432875e-03
   777 :  1.8700124e-02  1.5868302e-02  1.3433705e-02
   778 :  1.3259822e-02 -7.7515451e-04  8.9468702e-03
   779 : -2.8979182e-06  1.9210247e-06  3.0073045e-07
   780 : -3.2369032e-02  8.2885598e-03 -6.7019797e-03
   781 :  7.1060181e-09 -4.8612877e-09  2.4240125e-09
   782 :  6.7630376e-16 -1.2512585e-16 -1.2973054e-15
   783 :  3.2313874e-03  1.5337186e-02  1.3245266e-02
   784 :  2.7448150e-02  1.7123893e-03  2.7933604e-02
   785 : -1.5295461e-08  3.2872475e-08 -5.0850320e-09
   786 :  3.2021698e-03 -8.4250659e-03 -2.5544611e-02
   787 : -3.9956377e-03 -3.9707066e-03 -6.3823624e-03
   788 :  1.4760884e-08 -3.3538002e-11  3.1182854e-09
   789 : -1.6320078e-07  5.0679907e-07 -1.0467501e-06
   790 : -1.0710303e-02 -2.0602901e-02 -1.2634255e-02
   791 : -3.4375983e-02 -7.2140980e-02 -1.8862783e-02
   792 : -8.7370891e-03  4.7973098e-03 -2.8256709e-03
   793 : -6.5173168e-03  3.5007002e-03  3.8620011e-03
   794 :  1.5537562e-02  5.8567814e-03  1.4931794e-03
   795 : -9.6269294e-03 -8.2106162e-03 -3.3515414e-03
   796 :  2.7076115e-03  9.4711462e-03  6.2164035e-03
   797 : -5.5566128e-09  2.3780701e-08 -4.8177529e-08
   798 :  2.2383028e-03  1.9164647e-02 -5.3152703e-02
   799 :  3.2955300e-04  1.0971717e-04 -4.5057986e-04
   800 : -5.8951246e-03 -6.4107999e-03 -8.1177426e-03
   801 : -4.2071352e-07 -2.5864229e-07  1.3184322e-06
   802 :  1.0854590e-02 -4.0613809e-01  4.4854732e-01
   803 :  5.6430666e-05  2.4259342e-04 -5.0439436e-05
   804 : -6.3391450e-03 -8.4621043e-03 -8.1920192e-03
   805 :  3.0074486e-02 -2.4711799e-03  3.3047491e-02
   806 : -2.6828936e-06  4.7465904e-08 -2.2742741e-06
   807 :  4.9146831e-09  1.8786734e-08 -2.3493570e-09
   808 : -1.1043531e-02 -8.6350184e-03 -8.4991693e-03
   809 :  4.3144296e-04 -1.7446016e-03 -5.1333734e-04
   810 : -5.5826423e-09 -1.2539824e-07  2.9702782e-07
   811 : -5.3483280e-16 -3.2140666e-16  1.3797823e-15
   812 :  1.3201584e-02  4.6424962e-03  1.7684839e-02
   813 :  5.5260330e-03 -1.1340172e-01  1.6099039e-01
   814 :  1.0503390e-15 -6.3248419e-17 -9.0045288e-16
   815 : -7.2498505e-18  3.5501608e-17 -9.0068241e-17
   816 :  3.6140670e-13 -3.6172596e-13  1.8791199e-16
   817 :  2.2694811e-14  4.0085529e-14 -8.6221882e-14
   818 : -1.2144854e-15  1.4868986e-14 -1.1209354e-14
   819 :  1.7193426e-03  7.9885950e-04 -4.0229544e-03
   820 :  3.2863304e-16 -1.3110653e-15  2.9855351e-16
   821 :  7.4046631e-03  1.5009349e-01 -1.2132578e-01
   822 :  4.5208064e-02 -4.4666651e-02  3.2560354e-02
   823 :  8.2902803e-06 -2.2611866e-05  4.0008904e-06
   824 : -1.7881022e-06  9.4764511e-05  1.8479926e-04
   825 : -3.8649855e-11  7.6999488e-11 -5.0764770e-11
   826 :  1.6183899e-04  1.9037227e-02 -2.4541454e-02
   827 : -1.2702450e-06  1.2392112e-06 -2.6828649e-08
   828 :  1.6247480e-04 -1.3117291e-04  1.6897547e-06
   829 :  6.9901464e-03 -3.1539562e-02  4.0766370e-02
   830 : -3.2605385e-02  8.0522713e-03 -6.4987265e-02
   831 : -4.2864194e-03 -1.8892827e-01  1.0865911e-01
   832 : -2.7088020e-03  7.1933061e-03 -1.2980362e-02
   833 :  8.3932196e-03  1.3124633e-01 -1.0092601e-01
   834 :  4.4291080e-14 -3.7979505e-14  3.3243974e-14
   835 :  6.6963150e-17 -7.5775131e-17  1.7265135e-16
   836 :  8.9962260e-03  3.1471824e-02 -1.3583026e-02
   837 : -5.7610899e-08  4.8308874e-08 -1.3411198e-07
   838 : -1.5464861e-02 -2.2736582e-02 -2.0961151e-03
   839 :  3.4272823e-06  1.2509725e-05  6.8928315e-05
   840 :  3.6271402e-08 -1.3416157e-07  2.7128038e-07
   841 :  1.2735119e-05 -3.2561848e-06 -5.5281072e-06
   842 :  1.0239138e-02  8.8488611e-03 -1.6231269e-03
   843 : -2.4372500e-06  4.8812228e-06 -2.0188701e-07
   844 :  2.5142315e-02 -7.8901141e-03  3.3887016e-02
   845 :  3.3831034e-11  1.1694320e-10 -1.6606338e-10
   846 : -6.5542961e-03 -1.9753360e-01  1.8508539e-01
   847 :  7.0700320e-03  7.6405779e-04 -2.3294567e-03
   848 : -7.8785009e-18  2.1974013e-17 -7.1604419e-18
   849 :  1.0607420e-04  2.5769317e-05  1.2146877e-04
   850 :  1.8459453e-04 -9.4794311e-05  3.9597206e-04
   851 :  2.4152027e-05 -5.1797460e-05 -4.1105164e-05
   852 :  1.8334597e-11 -4.6443322e-11  1.6898687e-11
   853 :  1.0842352e-02 -5.9530747e-03  1.8059323e-02
   854 :  9.0043717e-20  3.5393405e-18 -2.3252061e-18
   855 : -6.5891127e-03  8.8808722e-03  4.1061212e-03
   856 : -1.5707004e-02 -2.3173805e-02 -1.5446635e-02
   857 : -1.0093807e-02  5.1483820e-03 -1.2651060e-02
   858 : -2.0108797e-02 -2.0662103e-02 -2.3063194e-02
   859 :  3.7732694e-11 -9.0991108e-11 -1.0931474e-10
   860 : -2.1244687e-02 -2.4010735e-02  5.4207819e-03
   861 :  2.0158298e-02  1.3458963e-02  2.0790558e-02
   862 :  2.4986361e-02  1.0037951e-02  7.0112509e-03
   863 :  1.0526525e-02  9.4975149e-05 -7.2674515e-06
   864 : -2.3982886e-03 -2.1682329e-03 -1.2456636e-02
   865 : -1.1020885e-02  1.0138268e-01 -1.5493648e-01
   866 :  6.5565827e-02 -2.1844217e-02 -6.0796058e-02
   867 :  1.8050706e-03 -8.1713273e-04  4.0529527e-03
   868 : -1.4563391e-03 -2.8453105e-03  1.2560246e-05
   869 : -2.2345779e-03 -2.6958021e-03  2.8294522e-04
   870 : -6.4622038e-03  1.5321900e-02 -7.1587257e-03
   871 :  1.5266350e-02 -9.4749604e-03  4.6833210e-02
   872 :  7.3540521e-03  7.7433460e-03  1.9700529e-02
   873 :  7.5351616e-03  1.1702422e-03 -2.7344647e-03
   874 : -2.9001006e-03 -5.3106712e-04  8.6270906e-03
   875 : -2.6838095e-06  6.1416601e-07  2.2161246e-06
   876 :  4.9253520e-06 -1.2187616e-05 -6.9251867e-06
   877 :  1.7854017e-14 -2.2604713e-14  2.8594709e-14
   878 :  4.9158000e-13 -1.1686674e-12  2.0924497e-13
   879 : -4.9666436e-06 -1.1027210e-06  8.9390851e-06
   880 : -5.9901209e-06  3.7604892e-05 -1.2249046e-05
   881 :  3.5342924e-15 -1.4574483e-15 -6.9912696e-16
   882 : -6.4565722e-14  2.6842923e-14  1.0264591e-13
   883 : -7.8208842e-07  3.5346348e-07 -1.1286792e-07
   884 :  9.0922458e-07  4.7247000e-06 -1.5819180e-06
   885 :  8.0504636e-03  1.8577212e-02  1.8519015e-02
   886 :  2.2024143e-02  4.4374632e-03  5.6208288e-03
   887 : -2.3112153e-02 -4.5577383e-02 -3.0693056e-02
   888 : -2.6733190e-02 -1.7247647e-02 -2.5932722e-02
   889 :  2.5432175e-03  2.4703314e-03 -9.1404946e-03
   890 : -7.7776179e-03 -7.5596912e-03 -9.9872902e-05
   891 :  4.8994595e-07 -1.6748944e-06  2.6819709e-06
   892 :  3.5727843e-06 -4.4415594e-05  2.6931172e-05
   893 : -5.4303125e-02  5.5433634e-02  4.3312184e-02
   894 :  1.6089977e-03 -1.7234434e-02 -7.5465680e-02
   895 :  1.9460729e-02  1.1109189e-02 -4.2521181e-03
   896 :  1.8729988e-03 -1.5656437e-02  2.3866441e-02
   897 :  3.7093910e-07 -7.5389470e-08 -2.5018874e-07
   898 : -7.6246371e-07  1.1517485e-06  1.4130927e-06
   899 : -8.4984530e-03  3.5944761e-04  6.3331384e-04
   900 :  1.2677279e-03 -1.2363194e-02 -8.4624184e-03
   901 :  1.2510390e-02 -3.5175205e-03  2.1366225e-02
   902 :  1.6305951e-02  1.7370419e-02  2.1179204e-02
   903 : -2.7095314e-03  3.8573294e-03 -7.7236854e-03
   904 : -9.4205930e-03 -1.6573920e-02 -4.7612325e-03
   905 : -1.0299338e-02 -1.2614432e-02 -2.2818002e-03
   906 : -1.1483821e-02 -1.1225953e-02 -1.6118963e-02
   907 : -2.2928402e-02  6.2718997e-03 -1.2221874e-02
   908 :  1.2735798e-01 -1.6638939e-01 -7.4877865e-02
   909 : -7.1939919e-02  2.5447223e-02  1.0978328e-01
   910 :  2.4040291e-03 -9.1462115e-03 -2.6279419e-03
   911 : -8.8297527e-05  1.0045253e-02  2.6424658e-03
