Number of elements 912
     0 :  2.4079703e-19 -1.3544436e-19 -3.6913561e-19
     1 :  2.0078421e-11 -3.2458981e-11 -8.1713429e-12
     2 : -2.3431337e-01  1.3386850e-02 -2.5036748e-01
     3 : -2.4647596e-14 -1.7515740e-15  4.7905568e-14
     4 :  5.2466811e-02  1.2827906e-01  1.0358987e-01
     5 :  5.1031375e-01  2.0464900e-01  1.1341576e-01
     6 : -9.0456273e-31 -6.7227564e-30  8.5812530e-30
     7 : -5.7464011e-11  1.6576915e-10 -5.3314223e-11
     8 : -2.4488518e-09  4.0834770e-09 -2.2888435e-10
     9 :  1.4850277e-27  3.7948220e-28 -3.5501514e-27
    10 : -1.5476284e-09  2.8635015e-10  3.5500192e-09
    11 : -2.4535246e-30  2.6252868e-30  2.6904010e-30
    12 :  2.5987979e-01 -1.2213049e+00  1.9255083e+00
    13 : -2.6818213e-07 -1.8218425e-07  4.2891986e-07
    14 :  2.2416680e-15 -2.5330332e-15 -2.3400345e-16
    15 :  5.3917181e-08 -1.0724999e-07 -4.6237640e-08
    16 : -2.6113133e-32 -1.4629131e-31  1.9186028e-31
    17 :  1.7234921e-22  4.9030093e-22 -8.4100284e-22
    18 :  4.8599218e-09 -1.4987696e-08  4.8437431e-09
    19 : -1.9010304e-37 -1.0349414e-38  2.3555482e-37
    20 : -2.0739020e-22  1.1363931e-21 -7.9474378e-22
    21 : -1.2978413e-06  7.7105624e-07  3.8272266e-06
    22 :  2.0957215e-06  1.1482419e-06 -9.7125910e-07
    23 : -6.8860357e-35 -1.3057302e-35  1.9319829e-34
    24 : -1.2524666e-10  2.9611375e-10  4.6919271e-11
    25 :  1.9065116e-36 -7.7787427e-36  2.5080795e-36
    26 : -1.2390876e-10 -5.3598383e-10  2.4820494e-10
    27 :  2.2757032e-08 -7.1613380e-07  3.1329770e-07
    28 : -6.9866862e-08  1.5291449e-06 -7.1299083e-07
    29 :  2.4928697e-12  2.1170359e-11 -2.6172701e-11
    30 : -5.0948625e-11 -2.7029711e-09  2.9871046e-09
    31 :  1.6459114e-14 -2.8706205e-14 -9.3211246e-15
    32 :  3.1096667e-29  3.3283980e-29 -9.6935459e-29
    33 :  7.0271774e-06 -1.8534376e-05 -3.1901495e-05
    34 :  5.1024930e-38 -4.0181600e-38 -6.4520221e-38
    35 : -1.2660315e-14 -4.7564769e-14  9.7545529e-14
    36 : -1.2900302e-01 -1.6233291e-01  8.8184139e-04
    37 :  3.7530017e-04  2.0721811e-04 -2.4110068e-04
    38 : -5.4370127e-07  2.4976731e-06 -7.0307968e-07
    39 : -1.2667380e-11  4.5191400e-12  3.4766820e-11
    40 : -1.5228265e-12 -3.2015484e-12  2.5727655e-13
    41 :  6.6710113e-08 -1.0581037e-07 -3.0226122e-07
    42 : -4.5804704e-36 -9.5843830e-37  6.7256400e-36
    43 :  3.8528539e-20 -5.2257933e-20 -2.8475994e-20
    44 : -8.0094620e-06 -9.1038878e-05  8.0002559e-05
    45 : -5.4119766e-16  1.3866693e-16  2.3664812e-16
    46 :  1.3402458e-16 -1.1602143e-16  1.2357809e-16
    47 : -7.3487465e-29  3.7566775e-28 -7.2626435e-28
    48 : -6.1532343e-32 -1.4603077e-31  5.9657662e-32
    49 : -1.9075372e-08  3.7287462e-08  7.3595039e-09
    50 : -1.8866988e-05 -3.7702876e-05  1.0942040e-05
    51 :  1.2059015e-01 -3.6344901e-02  1.5310831e-03
    52 :  9.0057284e-09 -2.0076059e-08  3.5141248e-09
    53 :  1.2971773e-29 -3.5035440e-30 -6.8107346e-30
    54 : -8.0127645e-07  7.6605364e-07 -8.5536135e-07
    55 :  4.7185526e-07  1.0050335e-07 -4.3115816e-07
    56 :  1.2624105e-01  2.0180819e-01  2.2968489e-01
    57 :  4.8290414e-08  1.2698098e-07 -3.4234099e-07
    58 :  3.3601754e-04 -6.1955455e-04 -2.7701108e-03
    59 :  3.9136413e-09  1.1200950e-08 -5.7409376e-09
    60 :  5.6422358e-06  1.6351660e-06 -8.4618296e-06
    61 : -1.2392448e-02  7.6248362e-03 -1.1321014e-02
    62 : -3.1600358e-10 -4.3765148e-10  2.9952021e-10
    63 :  1.6220090e-06 -2.6021755e-06 -1.2221857e-05
    64 :  3.4052800e-10 -3.1513026e-10 -3.9515300e-10
    65 :  1.0247616e-12  3.0938293e-13 -1.3791430e-13
    66 : -4.4557624e-14  1.9055167e-13 -6.0679773e-14
    67 : -1.1459396e-30  1.8424438e-31  2.2674932e-30
    68 : -5.2887353e-30  1.2393588e-29 -1.2749454e-30
    69 : -1.4544090e-30  1.3070422e-30  1.7340832e-30
    70 : -1.1984798e-16  2.4979978e-17  2.4065111e-16
    71 :  3.1548762e-05 -1.0428195e-04 -3.4935342e-05
    72 :  1.4435623e-32 -4.2063010e-32  1.2111835e-32
    73 : -2.2537244e-04  2.1578893e-04  1.5578032e-04
    74 :  6.2103881e-23  1.3216826e-22 -9.4802475e-23
    75 :  5.1154373e-24  7.2795210e-24 -5.6641248e-24
    76 :  6.8610640e-34  1.0069483e-32 -4.8367806e-33
    77 :  7.8939524e-25 -1.8643607e-24  1.8020825e-25
    78 :  2.0225442e-28 -7.5389287e-28  3.3287851e-28
    79 :  1.7521372e-20 -1.6821962e-20  2.1350252e-20
    80 :  3.3684922e-43  1.0321571e-42 -7.2531951e-43
    81 :  1.3081766e-27  5.3252654e-27 -3.2738468e-27
    82 :  1.5104064e-01 -2.3989975e+00  2.7668366e+00
    83 : -8.4104446e-38  6.9359854e-38  1.0840290e-37
    84 : -3.4420829e-35  8.1737134e-35 -1.5867273e-35
    85 :  2.3043163e-01  2.7198368e-01  1.9321729e-01
    86 :  8.7063142e-22  1.3135679e-22 -1.1528723e-21
    87 :  3.7740793e-20 -3.8785853e-20 -4.0774290e-20
    88 :  5.1997845e-14  4.5789635e-14 -2.4414876e-14
    89 : -2.0190841e-03  4.3660974e-04  1.1948447e-03
    90 : -1.2723548e-33 -3.5711280e-33  2.3854567e-33
    91 :  1.4598993e-01  1.5052466e-01  1.1468305e-01
    92 :  1.9752213e-16 -4.0004122e-16  1.3863030e-16
    93 : -9.7880898e-42  1.7099672e-42  4.1466879e-42
    94 :  6.2351189e-19 -5.5055440e-19  5.9805782e-20
    95 :  5.1584619e-31 -2.1569854e-31 -6.7352072e-32
    96 :  3.4120329e-14 -2.7015145e-14  2.3241008e-14
    97 :  4.7847888e-16 -2.0297639e-15  1.1385109e-15
    98 : -7.3552828e-02 -1.1886721e-01  6.4730895e-02
    99 :  3.0710454e-28  5.3766223e-28 -3.9127789e-28
   100 : -1.4048437e-29  1.6025715e-29  2.0196905e-30
   101 :  6.8713969e-13  8.0501583e-14 -3.3046858e-13
   102 : -2.2407449e-08 -9.2172139e-08  5.4766946e-08
   103 :  2.9195301e-39 -2.3888135e-39 -3.7181949e-39
   104 :  1.1824312e-17  1.4639112e-17 -1.3676607e-17
   105 :  1.0970033e-08 -2.1408741e-09 -3.7909419e-09
   106 :  1.2767450e-11  1.6091015e-11 -4.2013556e-11
   107 :  1.1983147e-11 -5.7562982e-11  1.9525820e-11
   108 : -5.1385526e-11 -6.9663826e-11  1.5184386e-10
   109 : -6.1687675e-08  2.0014529e-08 -3.6113715e-08
   110 : -3.5549997e-05 -2.7537142e-05 -1.9328707e-05
   111 :  1.5946218e-10 -8.1794668e-11 -2.5071266e-11
   112 : -7.1818763e-27  1.7652357e-27  1.4214946e-26
   113 :  9.1357895e-02 -1.3701427e-02 -1.8971945e-02
   114 : -8.3420745e-16  1.6711749e-16  2.2247300e-16
   115 : -1.3448180e-07 -4.4984104e-07  2.4145660e-07
   116 :  1.4536578e-04 -5.9231438e-05 -2.7207081e-05
   117 :  1.5168518e-01  2.1005615e-01  1.4495431e-01
   118 :  3.2034324e-01  4.2443016e-02 -7.2922057e-02
   119 : -8.8185173e-32 -2.4076177e-32  1.3812676e-31
   120 : -6.4498874e-15  3.3196164e-15 -7.2172467e-16
   121 :  3.3580964e-24 -4.4028272e-24 -9.5305954e-25
   122 : -1.6779717e-07 -3.8606824e-09  4.8733010e-08
   123 : -4.7407539e-39 -3.9247071e-39  9.6159340e-39
   124 :  3.5949934e-29 -1.0279541e-28  3.1886015e-29
   125 : -7.6543875e-42  2.1178385e-41 -5.8694046e-42
   126 : -1.3819115e-22  1.7632120e-21 -1.2815305e-21
   127 : -1.2558723e-23  2.0628536e-24  2.5793219e-23
   128 :  7.5959843e-08 -1.1387506e-07 -5.3181949e-08
   129 :  1.2222361e-19  1.7631637e-19 -5.0569589e-19
   130 : -2.7119066e-02 -1.3105323e-02  5.7341780e-02
   131 : -1.5830246e-05  4.2624201e-06  2.4871573e-06
   132 : -5.3771265e-07  1.8367830e-06 -3.7389335e-07
   133 :  1.6464321e-04 -9.0824311e-05  3.0946916e-05
   134 : -2.1420701e-07  9.6559367e-08 -1.4570646e-07
   135 : -2.4631274e-09 -5.0311205e-10  5.5947726e-09
   136 :  5.6157555e-12 -6.5418566e-12  5.3572337e-13
   137 : -1.5288100e-09  1.9887413e-08 -1.7894880e-08
   138 : -5.6789336e-11 -1.2669110e-10  7.0551358e-11
   139 : -3.4340803e-11 -4.6545187e-11  3.9660692e-11
   140 :  7.9162247e-27  9.0096729e-26 -4.5342616e-26
   141 :  1.0725862e-25 -1.6257485e-24  1.3584804e-24
   142 :  3.4388256e-11  2.8007680e-10 -5.7178497e-10
   143 :  1.0547338e-34  4.6095446e-32 -6.3536764e-32
   144 : -4.1121717e-12 -1.3088934e-11  7.5641065e-12
   145 :  4.5811621e-14 -1.1895271e-13  3.2320602e-14
   146 : -2.9498142e-17  2.3617628e-17  4.0463433e-17
   147 :  1.1855332e-32 -4.4200223e-32  1.6498975e-32
   148 :  4.7527919e-18 -9.9187576e-19 -8.8631999e-18
   149 :  1.9783605e-02  1.6196865e-01  1.1802404e-01
   150 : -5.5736047e-14 -3.5838671e-14  1.6062886e-13
   151 :  2.6585399e-23 -4.0669461e-23 -1.9463322e-23
   152 :  1.4359360e-19 -5.7879769e-20 -3.6015866e-20
   153 :  3.4091049e-02  9.6079691e-02 -2.1584003e-02
   154 : -1.2779268e-42  5.1148489e-43  1.6163620e-42
   155 :  1.7034224e-33 -7.0612951e-33 -1.2951611e-32
   156 :  2.9503340e-34 -7.0292464e-34  1.9773928e-34
   157 :  2.8918348e-16 -1.5051934e-15  9.4748198e-16
   158 : -1.4718681e-10  3.8557551e-11 -1.1523976e-11
   159 :  2.1488975e-14 -3.5129565e-13  1.7345151e-13
   160 : -2.3540332e-40  7.8926972e-41  7.7684419e-41
   161 : -2.0928812e-39  5.9759067e-39 -1.0030138e-38
   162 :  1.0580433e-01  1.4390400e-01  1.4862649e-01
   163 :  5.5092867e-07 -1.9870336e-07 -2.0616028e-07
   164 : -6.7978896e-22  1.4732419e-21  2.7885608e-23
   165 : -7.9608119e-13  1.7469457e-11 -1.6531038e-11
   166 :  1.4158888e-33 -2.9586043e-34 -2.7058908e-33
   167 : -1.5110599e-09  2.7820544e-10  9.9677584e-10
   168 : -1.0890102e-06  3.3485252e-06 -6.2697291e-07
   169 :  2.6550814e-01 -9.4620581e-02 -3.8170518e-01
   170 :  1.9220275e-30 -8.3124570e-31 -1.6661021e-31
   171 : -5.1964412e-33  1.8255345e-30 -3.6694802e-30
   172 :  1.4411396e-06  1.0153840e-06  2.8744819e-06
   173 : -1.0435393e-08  4.8961584e-08 -1.4783797e-07
   174 :  3.3697714e-11 -5.5375192e-11 -3.9914434e-11
   175 : -3.1410825e-17  4.1994017e-18  8.6729747e-18
   176 :  1.7978739e-28 -4.3445400e-28  3.4261169e-29
   177 :  1.5358397e-10 -1.8434865e-10 -1.8675459e-10
   178 : -1.7739920e-01 -3.1792563e+00  2.8875348e+00
   179 :  6.8778648e-10 -1.6875380e-09  4.9945744e-11
   180 :  3.7450418e-33  1.3023563e-33 -8.8581754e-33
   181 : -1.4579380e-06  1.2120748e-06  3.2022875e-06
   182 : -3.2569103e-19  3.5947857e-19 -4.8064334e-19
   183 : -9.4001863e-05  1.8216229e-05  2.4439925e-05
   184 :  3.5100630e-42  5.1543652e-41 -2.6754146e-41
   185 : -9.6010512e-23  1.2021297e-23  3.8798978e-23
   186 :  1.8893549e-15 -5.8848544e-16 -5.0123950e-16
   187 : -9.3351316e-10  3.4945108e-09 -1.6494704e-09
   188 : -1.1586774e-01 -3.0049430e+00  3.4379657e+00
   189 : -3.1810329e-09  9.2500883e-09 -2.2375211e-09
   190 : -1.5879687e-11 -4.4601722e-12  6.4606169e-12
   191 :  1.0811831e-38 -8.9599737e-39 -1.4131656e-38
   192 :  1.2066510e-05  5.5826452e-06 -3.4283553e-05
   193 :  1.6980621e-01  1.4603394e-01  9.0512045e-02
   194 : -5.0003794e-02 -6.8329895e-01  1.0920447e+00
   195 : -2.4154076e-16 -7.6919331e-17  1.5210602e-16
   196 :  7.5878858e-33 -4.1764141e-33 -1.2022701e-32
   197 : -2.4609968e-32  4.1532102e-32  8.3931939e-33
   198 :  2.4049721e-13 -7.1584180e-14 -7.3228879e-14
   199 : -2.0360524e-02  5.4986755e-02 -1.6440774e-02
   200 :  5.2064045e-29 -1.4234813e-28  5.8508980e-29
   201 :  8.0416395e-07 -1.9261043e-06  3.7184552e-06
   202 : -8.8865922e-16  2.1042137e-16  3.2446055e-17
   203 :  1.5689267e-35  1.5251579e-35 -1.4478872e-35
   204 :  9.7016044e-17  1.2640813e-15 -1.2352151e-15
   205 : -3.5598827e-06  4.2147692e-06  8.9284349e-08
   206 : -3.9871230e-35  1.4459493e-35  4.5659361e-36
   207 : -4.9784383e-33  3.1894414e-33 -1.8054262e-33
   208 : -2.5686390e-24  2.7423626e-24  1.5279264e-24
   209 :  1.0783604e-01  1.9030918e-01  5.7329600e-02
   210 :  4.6030390e-17 -5.4292882e-17 -4.3204571e-17
   211 :  5.6869033e-35 -3.1232140e-35  1.0714554e-35
   212 : -3.3594792e-12 -5.4350620e-11 -7.5981409e-11
   213 :  7.2420022e-33 -6.7234530e-32  7.7194570e-32
   214 : -6.3579962e-03 -3.7687912e-02  1.9181330e-01
   215 : -8.3540340e-02 -2.3876385e-01 -5.2143376e-02
   216 : -1.4924432e-09  1.8822015e-09  1.1700040e-09
   217 :  5.8128649e-42  2.5135482e-41 -1.4912487e-41
   218 :  2.2720257e-27  1.1127400e-25 -1.1713922e-25
   219 : -3.1638460e-07  1.9544562e-08  4.0785294e-07
   220 :  5.5123366e-22  7.3620950e-23 -6.7435731e-22
   221 :  2.4880333e-28 -1.6068208e-28 -3.7769609e-28
   222 : -7.3949083e-03  2.5022149e-03 -8.9147123e-03
   223 : -9.7036067e-05  5.9860797e-04 -1.2482857e-04
   224 : -1.4453760e-13  4.9911451e-14  2.4403721e-13
   225 :  4.7181733e-22 -1.8456254e-21  8.3821455e-22
   226 : -7.6289018e-29  3.4539493e-29  2.6713784e-29
   227 : -4.5456088e-16  1.2051199e-16  1.5043982e-16
   228 : -9.2501051e-14  2.7213609e-13  4.5243831e-14
   229 : -6.7986533e-19  1.3515049e-18 -2.9965151e-19
   230 :  8.0162071e-30  1.3416101e-29 -1.0010454e-29
   231 : -5.9585521e-30  1.4532123e-29 -2.0840878e-30
   232 : -1.1419014e-39 -8.8417296e-40  9.8546583e-40
   233 :  1.8041110e-28 -6.4571741e-28  3.5605762e-28
   234 :  1.1283958e-01 -6.0087176e-02  9.6899295e-02
   235 : -6.2111549e-06  2.6451795e-05 -5.5973211e-05
   236 : -1.8137623e-26  2.6472445e-26  1.2781880e-26
   237 :  2.2037399e-24 -1.0722768e-23  7.7263964e-24
   238 :  8.2911679e-37  1.1739121e-37 -4.6847497e-37
   239 :  2.9044310e-28 -1.3418122e-28 -4.8812450e-29
   240 :  8.8863095e-34  2.5121864e-34 -2.1162732e-33
   241 : -9.5731727e-08 -7.0128818e-08  7.7351335e-10
   242 : -2.5059804e-08  7.9052726e-09  3.1870619e-09
   243 : -6.3363482e-03  2.0293553e-03 -4.1893554e-03
   244 : -8.0435140e-05 -5.0333083e-06  2.6790895e-05
   245 :  5.1966187e-27 -1.8837529e-28 -8.9228675e-27
   246 : -1.9884024e-08  1.0121529e-08  5.0690632e-09
   247 : -4.3671867e-03  3.7030125e-03 -5.3693666e-03
   248 :  5.6946495e-41 -9.0734506e-41 -2.5424788e-41
   249 : -2.2136646e-21  2.3169945e-20 -1.7328151e-20
   250 : -7.3010101e-08  2.0231041e-08  3.0809861e-08
   251 : -2.6751712e-14  5.2354659e-14  3.7379636e-14
   252 : -2.2701015e-29  4.1967590e-29 -2.7530437e-30
   253 :  4.6267492e-36 -5.1611616e-36  6.2895615e-36
   254 :  3.2462130e-02 -1.2124901e-02 -1.1201350e-02
   255 :  3.1907482e-16  3.2119715e-16 -3.2296591e-16
   256 : -1.3985367e-08 -6.1203347e-08  3.1659492e-08
   257 : -4.0607720e-05 -5.5886627e-05  1.2259088e-05
   258 : -7.3916937e-17 -1.6638395e-17  1.0866944e-16
   259 :  1.1758672e-23 -1.4290749e-23  1.8955306e-23
   260 : -5.9407834e-09 -2.0070412e-07  1.7602632e-07
   261 : -7.9035894e-16 -5.2099263e-16  2.9520905e-15
   262 :  3.6321461e-27 -1.4159702e-26  9.4161833e-27
   263 : -1.5014246e-30  1.5935070e-30  1.6354669e-30
   264 : -1.1306593e-14  1.1510755e-14 -1.3974264e-14
   265 : -2.9845316e-07  1.4976410e-07 -3.0837458e-07
   266 :  1.4446852e-20  5.3224085e-20 -3.0090938e-20
   267 : -1.5938346e-18  2.9074126e-18 -6.3929885e-19
   268 :  2.7025831e-31  8.7952252e-31 -2.0641122e-30
   269 : -2.5946328e-03  6.8175975e-04  1.9318806e-03
   270 : -6.2948699e-18  2.6474364e-17 -1.2121103e-17
   271 :  5.5782997e-07 -8.3924173e-07  2.2923622e-06
   272 :  9.7899318e-18 -2.2579055e-18 -4.6803042e-18
   273 :  1.2351246e-29 -1.2467774e-29 -1.2773013e-29
   274 :  9.4473688e-09  2.3032890e-08 -5.8035075e-08
   275 :  3.6085980e-25  2.4802903e-25 -1.0683365e-24
   276 : -2.5909216e-06 -8.3854748e-06 -7.7273872e-07
   277 :  1.3340724e-27 -3.1343693e-28 -2.5219337e-27
   278 : -1.4798280e-08  7.3455161e-09  2.4384134e-08
   279 :  1.7374651e-14 -2.1433000e-15 -6.9458478e-15
   280 :  3.4529461e-01  3.5502177e-02  1.8521164e-01
   281 :  3.0913235e-14 -5.1657772e-14 -1.9516701e-14
   282 : -1.0799671e-20  6.5992257e-20 -1.3959209e-19
   283 : -1.1245817e-24  1.0518316e-25  2.1590597e-24
   284 :  1.0993627e-26 -1.3011606e-27  1.8707351e-26
   285 :  6.6261355e-02  1.5671772e-02 -2.6876810e-02
   286 :  3.1859899e-09  2.9462188e-09 -8.0042936e-09
   287 :  4.9097930e-11  1.1150568e-10 -4.4637856e-11
   288 :  1.3925000e-01  1.2643020e-01  6.3084745e-02
   289 : -5.9851325e-12  1.1641554e-11 -2.3975218e-11
   290 :  8.3139434e-02  1.3837583e-01  1.6237191e-02
   291 : -5.6802393e-15  8.9822507e-15 -1.2996007e-15
   292 :  6.5999218e-04  5.4408072e-04 -1.1555640e-03
   293 : -2.2322516e-23  1.0430460e-23  3.5122847e-23
   294 : -1.3563835e-09 -5.5727466e-10  2.4381019e-09
   295 :  5.2869258e-36 -2.3255082e-34  1.0864719e-34
   296 :  1.0277824e-06  2.1839271e-06 -1.2275681e-05
   297 :  6.2867481e-13 -2.3588210e-12  9.7230855e-13
   298 :  8.8900983e-14 -3.2570697e-13  1.4003653e-13
   299 : -1.1045230e-37 -3.2609071e-38  2.2615177e-37
   300 : -1.0202837e-06  4.1234191e-06  1.8131350e-07
   301 : -5.2272096e-15  5.2412337e-15 -1.6140851e-16
   302 :  2.0824947e-09 -7.4825370e-09  3.6316446e-09
   303 : -6.1165281e-11  1.3536693e-10 -4.0978420e-11
   304 : -4.7624834e-10 -1.4764696e-09  4.7573812e-09
   305 : -8.2779486e-16  5.2989140e-16  1.3353350e-16
   306 :  1.4882988e-04 -3.7271458e-06 -1.2234893e-04
   307 : -5.2739874e-10  2.4727068e-10 -4.8305289e-10
   308 : -9.7800155e-14  8.4330389e-16  9.8575210e-14
   309 :  9.9734712e-38  4.2777122e-36 -2.1493533e-36
   310 : -3.6313655e-12  2.5199608e-12  5.8797960e-12
   311 : -6.6590161e-09 -9.7873359e-12  1.4413864e-08
   312 : -1.8119313e-33  3.9620909e-33 -7.1495105e-33
   313 :  5.4577605e-24 -1.9780103e-23  6.2180283e-24
   314 : -3.5286812e-36 -2.1942698e-36  7.6691413e-36
   315 : -3.7596998e-28 -1.6483052e-27  9.4760019e-28
   316 :  5.6245861e-04  2.4488756e-04 -1.9611873e-04
   317 : -5.1912011e-38 -3.1441401e-37  4.0747852e-37
   318 :  1.9180053e-06 -2.0519508e-06  5.9007353e-07
   319 : -1.1879629e-06  8.6312382e-07  2.1049712e-06
   320 :  2.3832278e-02 -3.9108677e-01 -3.5549563e-01
   321 : -3.9073022e-04  2.7194854e-04  8.6907829e-04
   322 : -6.8058516e-36  1.6048671e-35 -2.2958393e-36
   323 :  5.6762730e-40 -8.4044821e-40  1.4362699e-40
   324 : -8.4665571e-27  2.6381121e-26 -7.6247198e-27
   325 :  1.0490736e-23 -4.8890883e-23  9.6356491e-23
   326 : -1.8568399e-02  2.5141909e-02  3.0601565e-02
   327 :  3.1477990e-01 -2.8409698e+00  2.9592750e+00
   328 : -1.0613318e-07  1.3542467e-08  3.2720034e-08
   329 :  9.4457199e-26 -1.5614064e-24  7.2950044e-25
   330 : -9.0906413e-40 -2.5722455e-39  4.3603328e-39
   331 : -4.8981144e-18 -1.7492661e-17  2.8467024e-17
   332 :  6.4359437e-10  5.2071404e-10 -5.3764780e-10
   333 :  1.8606977e-23 -1.1300745e-23  6.3904148e-24
   334 : -1.0012770e-06  4.1336546e-06 -8.2531576e-07
   335 : -6.7880144e-10  1.4667954e-09 -6.2956717e-10
   336 :  1.8192469e-09  2.2420568e-09 -4.5158075e-09
   337 :  1.6127732e-36 -1.5015518e-34  1.5886360e-34
   338 : -6.7777169e-08  7.5709302e-08 -2.7144518e-09
   339 :  4.2975714e-26  2.1154750e-26 -1.0922729e-25
   340 : -5.7785682e-07  1.5061634e-06  4.1622036e-07
   341 : -2.9049333e-34  1.3576180e-34  9.9656705e-35
   342 : -1.4554999e-28  4.7228450e-29  2.6115162e-28
   343 : -2.9461612e-15  5.0736260e-15 -1.0925357e-15
   344 :  2.8609907e-06 -1.4771708e-05  3.8128897e-06
   345 :  1.1440548e-01 -2.4687153e-02 -2.5059351e-02
   346 : -4.8623760e-28 -5.2006752e-28  4.6684235e-28
   347 :  3.6305638e-06 -1.7484904e-06  2.2543055e-06
   348 : -6.2588586e-15  1.3048964e-15  2.0669986e-15
   349 :  7.4166889e-16 -3.7469277e-16  1.5269959e-16
   350 :  1.4567232e-06 -7.4483608e-07  3.5877029e-06
   351 :  8.8828347e-22  9.1153455e-22 -8.2870630e-22
   352 :  1.3564078e-06 -1.3262022e-06  1.9368841e-06
   353 : -9.0806688e-10  8.9914335e-09 -2.8876321e-09
   354 : -8.2048888e-02  2.4558717e-03 -1.6151259e-01
   355 :  6.6298751e-02  1.1818673e-01  1.5771348e-01
   356 :  8.0094410e-35  1.3565557e-34 -3.0526064e-34
   357 :  1.0787629e-05  1.5601303e-05 -4.5693844e-05
   358 : -1.0489587e-16  1.9380436e-16  5.1699641e-17
   359 : -9.0980329e-42  2.3331460e-41 -7.2332628e-42
   360 :  7.8242385e-07 -2.1023772e-07 -7.8453340e-07
   361 : -3.1818036e-21  3.4184436e-21 -1.4903410e-22
   362 : -8.1103946e-15  6.3756489e-15 -5.4852452e-15
   363 : -1.0334965e-18  1.0109895e-18 -1.2368190e-18
   364 : -2.4765157e-20  1.9486329e-19 -7.5087959e-20
   365 : -5.8364345e-15  2.7873470e-15 -1.7243660e-15
   366 :  8.1576390e-32  1.0811786e-31 -2.7485423e-31
   367 : -4.5901693e-12 -2.1188282e-12  9.6245438e-12
   368 : -1.7043663e-07  8.2466076e-07 -3.1078110e-07
   369 : -1.6354041e-15  3.3366426e-15  2.8581628e-16
   370 : -1.7264239e-18  4.3928987e-18 -8.4238487e-19
   371 :  9.3265741e-32  1.6469065e-32 -1.2492280e-31
   372 :  1.4116237e-14 -1.2846932e-14 -1.6010202e-14
   373 : -1.3700162e-09 -1.3471662e-09  5.4506306e-09
   374 :  5.3305406e-02 -1.1382366e-02 -1.9188264e-02
   375 : -4.3025585e-23  6.3206085e-23 -1.0506726e-23
   376 : -1.0594885e-35 -7.0099640e-35  9.3088499e-35
   377 :  3.8437997e-13  3.6547889e-13 -2.7172734e-13
   378 : -1.0515256e-19 -3.9628830e-18  2.6136925e-18
   379 :  1.2471831e-38 -3.7239050e-38  1.2580111e-38
   380 : -2.2985091e-04  3.0370111e-04  6.8499022e-05
   381 :  2.1449632e-17  2.1443610e-16 -1.0428690e-16
   382 :  6.8295916e-23 -9.0388578e-23 -5.1616800e-23
   383 :  2.2090628e-06  3.5462600e-06  4.7171103e-06
   384 : -8.2200267e-22 -7.8577873e-22  1.2669928e-21
   385 :  1.3291514e-08 -3.1919619e-08 -6.2331386e-10
   386 :  4.9372983e-04 -1.4225033e-04 -7.8786114e-05
   387 : -2.2566610e-25  3.2815811e-26  4.5225860e-25
   388 :  1.7413512e-01  1.8521579e-01  2.6105392e-02
   389 :  7.6462085e-21  4.8942303e-21 -1.6257339e-20
   390 :  4.3744506e-08 -7.2662624e-08 -1.9752085e-08
   391 :  7.9825547e-18  7.3532584e-17 -3.9020037e-17
   392 : -1.7783178e-05  1.1697399e-05  3.5679872e-06
   393 : -7.5082650e-06 -6.6268361e-05  4.7346996e-05
   394 : -1.6758490e-21  4.5638106e-21 -8.7811019e-22
   395 :  1.5720080e-12 -1.3661218e-12  1.5636313e-12
   396 : -2.3473502e-38  4.2509674e-38 -6.4474970e-38
   397 : -2.1440874e-06  5.8797741e-06  3.1892056e-06
   398 : -2.0082098e-10  4.2939460e-10 -1.0870807e-10
   399 : -3.7309715e-05  7.3751487e-05 -5.6583198e-05
   400 :  1.1244482e-10  7.2049200e-11 -2.6717466e-10
   401 : -2.7763060e-09  4.3521241e-09  2.4931260e-09
   402 :  5.1367671e-20 -1.3376341e-20 -1.3785350e-20
   403 :  4.1559920e-20 -7.3621925e-19  6.2536597e-19
   404 : -1.0796230e-32 -1.8914582e-32  4.5649299e-32
   405 : -3.1385219e-12  7.2984249e-13  2.0711062e-12
   406 :  1.3927467e-06 -2.4835298e-07 -5.2621959e-07
   407 :  1.3326963e-04 -9.9709405e-05  2.0568468e-05
   408 : -6.0232223e-04  6.2081228e-04  1.2607510e-04
   409 : -2.3860884e-11 -8.0492913e-12  1.4126209e-11
   410 : -1.2185197e-01 -2.2863959e-01 -1.0820501e-01
   411 :  1.6921834e-11 -4.1810644e-11  1.1387529e-12
   412 : -1.0912624e-09  6.2745689e-10  1.4373251e-09
   413 :  4.3745971e-35  3.0067353e-35 -1.1546092e-34
   414 :  1.4591382e-01 -4.4869955e-02  1.7915566e-01
   415 :  1.4481914e-10 -2.2165957e-10 -1.4889032e-10
   416 :  3.1215603e-25  1.4812510e-25 -6.1152395e-25
   417 :  5.2509171e-07 -7.2320662e-07  2.8269005e-06
   418 : -1.7948274e-04  2.3007440e-04  7.7056318e-04
   419 :  2.2260938e-31 -2.6721350e-31  1.6010838e-32
   420 : -4.6089036e-29  1.7794574e-28 -8.4268100e-29
   421 : -1.5333454e-26  7.1891945e-26 -3.7132024e-26
   422 : -3.0017195e-15  3.8009764e-15 -7.2374194e-15
   423 : -1.3978916e-12  2.5632613e-11 -1.6002563e-11
   424 :  1.3347081e-21 -3.4239335e-21  1.0137030e-21
   425 :  8.6759288e-26 -4.3551400e-25  1.5583533e-25
   426 :  7.7649241e-18  9.8594153e-18 -7.8773452e-18
   427 : -6.4780597e-20 -1.5931312e-19  3.9365420e-19
   428 : -2.8574209e-20  4.7238137e-20  1.6713235e-20
   429 : -1.0432061e-09 -6.7406888e-10  5.4580443e-10
   430 : -4.5110024e-09  8.9232348e-09  2.9552970e-09
   431 : -4.8745928e-12  7.9771670e-12  3.6830357e-12
   432 : -7.6890536e-15  2.3302764e-14 -4.2266805e-14
   433 : -7.0217573e-34  6.1399781e-34  8.1049838e-34
   434 : -3.3719902e-03  6.5507707e-04  1.0795690e-03
   435 : -1.3439479e-11  7.6508482e-12 -2.7828409e-12
   436 : -2.2233023e-22 -3.5908096e-23  5.3792189e-22
   437 :  8.6803280e-07 -9.6358154e-07  1.1087645e-06
   438 : -2.2356068e-07  1.1794300e-07 -1.8318407e-07
   439 : -6.9740199e-06 -9.7492615e-06 -2.4315718e-05
   440 :  1.5356684e-26 -5.7584046e-26  1.9863092e-26
   441 : -2.3444470e-37 -1.3675508e-37  4.8793595e-37
   442 :  1.3993340e-06 -6.4671249e-07  2.8935599e-06
   443 : -5.9055706e-14  1.1757122e-13  2.6931765e-14
   444 :  4.6723580e-07 -7.1195059e-08 -1.1757172e-07
   445 : -1.6726306e-16  6.2499859e-17  1.2294387e-17
   446 :  9.3820293e-02  4.6957092e-02 -3.3428078e-02
   447 :  3.2110464e-17 -4.6276001e-17  7.0414422e-17
   448 :  3.5008972e-11  7.8708309e-11 -6.4431302e-11
   449 :  5.0019454e-34 -7.3356513e-34 -2.9503109e-34
   450 : -1.3999295e-36  1.5416666e-36  1.3468801e-36
   451 : -6.2285839e-04 -1.2329236e-02 -5.1384583e-03
   452 :  6.1779190e-02 -5.4284820e-03  1.3069089e-01
   453 :  5.4595911e-02  3.1784845e-02 -2.0145291e-02
   454 :  1.2315983e-01  1.7687221e-01  1.1156234e-02
   455 : -1.1801682e-19 -2.6415580e-20  8.3726659e-20
   456 : -3.8843004e-11  1.9025994e-11  6.1120523e-11
   457 :  7.7406808e-38  1.8727025e-37 -3.1905728e-37
   458 :  5.0226786e-19  1.6914511e-17 -3.0965396e-17
   459 :  2.3783388e-11  1.1217045e-11 -6.3598227e-11
   460 : -2.4258162e-10  6.0226623e-10  2.5705289e-11
   461 : -2.2588716e-17  1.6739679e-17  3.4514711e-17
   462 : -1.5071527e-14  3.2654978e-14  5.5246856e-16
   463 :  4.4179504e-27 -1.0062442e-26  6.2716963e-27
   464 : -4.2959480e-07 -7.6330636e-07  3.8034624e-07
   465 : -2.2494928e-10  1.0197585e-10 -3.4106022e-11
   466 :  1.8347152e-05 -4.4712154e-05 -5.2891023e-06
   467 : -7.0421637e-28 -1.8353955e-28  1.1998906e-27
   468 : -1.0739850e-24  2.6691171e-24 -6.3484129e-25
   469 :  5.1758579e-38 -8.0967009e-38 -4.9993730e-38
   470 :  4.0917059e-35 -4.8912528e-35  3.4548857e-36
   471 : -4.3471392e-22  4.2211620e-22 -9.7048663e-23
   472 :  5.1555072e-26 -7.0196210e-26 -4.4391774e-26
   473 : -2.6174580e-09  1.2395507e-08 -3.6367343e-09
   474 : -4.2934204e-31  3.5852263e-31  4.6387583e-31
   475 : -5.3345723e-21  5.8691128e-21 -8.1617634e-21
   476 : -4.9567889e-21 -7.7449147e-21  5.5756055e-21
   477 : -3.1879677e-40  2.5253946e-40 -2.4318020e-40
   478 : -1.6922824e-11  3.3988730e-13  7.0539272e-11
   479 : -5.7470331e-40  1.5038172e-39 -3.4927893e-40
   480 :  1.1421460e-03  1.1786112e-03 -5.8673540e-03
   481 : -9.8379328e-20 -1.8263895e-19  5.9537228e-19
   482 : -2.1232743e-29  6.8158753e-29 -2.2841502e-29
   483 : -1.5474158e-04  2.4292587e-04  5.4835697e-04
   484 :  4.9895089e-11 -8.7721152e-13 -1.8617013e-11
   485 :  4.2004210e-11 -4.7751843e-11 -4.2847225e-11
   486 :  3.9551868e-02 -1.2958200e-01  1.2247245e-02
   487 : -2.3612428e-10 -5.2255416e-10  1.0210911e-09
   488 : -5.1657039e-03 -6.4244172e-04  1.5574105e-03
   489 : -3.3900346e-31 -1.1506152e-31  8.1388308e-31
   490 :  8.3809117e-27  1.6055345e-27 -4.8521591e-27
   491 :  3.4566752e-28  9.2052712e-28 -6.2066979e-28
   492 :  8.6499327e-09 -1.3686807e-08  2.2825712e-08
   493 :  5.0221103e-06 -1.5815834e-05 -6.4710618e-06
   494 : -2.4054873e-04 -1.8133554e-05  1.4312007e-04
   495 : -2.2594250e-14 -4.3783234e-13  4.4420297e-13
   496 : -3.3588647e-24  1.2171060e-23 -5.4576692e-24
   497 :  1.3999277e-36  8.1257654e-36 -4.4828525e-36
   498 : -2.0720527e-34  1.4945376e-33 -3.0056055e-33
   499 :  1.5770987e-03 -2.6749291e-03 -5.9091946e-04
   500 : -2.4554875e-37  1.8368907e-37  3.3324500e-37
   501 :  4.4987994e-41 -1.0505838e-39  7.6360355e-40
   502 : -1.1838369e-07  5.4921999e-07 -3.6219101e-07
   503 : -2.1315652e-07  3.8601309e-07 -1.2696217e-07
   504 :  2.7475815e-11 -5.6343186e-11  2.7762029e-11
   505 : -3.6854546e-03  2.1588695e-03  5.0838064e-04
   506 :  1.3005182e-26 -2.6047949e-26 -1.7822152e-27
   507 : -1.8145435e-24 -1.3032391e-24  3.9644052e-24
   508 :  3.8589886e-25  2.7968209e-24 -1.7970301e-24
   509 : -1.2926418e-09 -4.2926635e-10  2.0841068e-09
   510 : -1.8183919e-25  1.5715014e-24  5.8939617e-24
   511 : -1.6003946e-18 -7.8680655e-20  7.5805317e-18
   512 : -5.7232287e-19 -4.3087583e-18  2.1309171e-18
   513 : -2.8158479e-13 -2.0090283e-13  8.1365268e-13
   514 : -1.9543549e-12  8.4808273e-12 -7.4526685e-12
   515 :  5.5060659e-06  9.2635948e-06 -2.8478071e-05
   516 :  6.4434092e-25  1.8056257e-24 -1.1868213e-24
   517 : -1.0441084e-05  7.5129687e-06 -8.8581015e-06
   518 :  2.2785771e-12  1.1889738e-13 -2.4563663e-12
   519 : -1.9012846e-17  4.3169626e-17 -1.3618058e-18
   520 : -1.4576143e-13 -1.3857338e-13  3.4792098e-13
   521 :  1.2348680e-06 -4.6064555e-08 -1.6950719e-07
   522 : -1.4009720e-01 -7.8905334e-02 -1.5730145e-01
   523 :  3.6362077e-05 -4.0630363e-05  1.4676522e-05
   524 : -1.7136043e-13  1.0368495e-13  1.1415554e-14
   525 :  3.6331115e-11 -2.0220857e-11  1.6641939e-11
   526 : -1.0614823e-18 -4.2782493e-19  1.5676472e-18
   527 : -1.1709020e-31 -4.3351563e-31  7.3140820e-31
   528 :  8.4778122e-02  2.1821918e-01  1.5550707e-01
   529 : -3.6899044e-09  5.8799751e-09  6.4560794e-09
   530 : -4.0024370e-04  8.3224622e-04 -4.4936958e-07
   531 :  3.5436934e-08  1.5064898e-08 -9.7541447e-09
   532 : -2.5661036e-18  2.3463789e-17 -1.7390478e-17
   533 :  1.4255006e-41 -1.4964104e-41  1.6455777e-41
   534 : -3.3735490e-42 -1.3881841e-41  3.1933060e-41
   535 :  7.3509017e-30 -1.8929677e-29  2.0675029e-30
   536 : -9.0397648e-06  1.0660282e-06 -1.3841632e-05
   537 : -9.0167953e-08 -4.7303775e-08  5.0843613e-08
   538 : -3.9857385e-10  1.9777820e-10 -6.3644223e-11
   539 : -1.0989172e-30  3.7474682e-30 -1.3005326e-30
   540 : -3.8421340e-27  1.5345760e-26 -6.9166945e-27
   541 :  2.3585669e-25  5.8780969e-25 -1.1609396e-24
   542 :  9.0421529e-14  1.8922141e-13 -1.2180564e-13
   543 : -2.2291005e-32 -2.3691648e-32  1.5374381e-32
   544 : -9.8033043e-13  2.0995420e-12  2.2586093e-13
   545 :  1.1453414e-22  2.6158164e-23 -2.7443288e-22
   546 : -1.6997779e-03 -1.4139385e-03  1.0787530e-03
   547 :  8.4575184e-29 -2.1617414e-28  4.5791805e-29
   548 :  5.7325170e-06  9.2417140e-06 -3.5779443e-05
   549 : -2.5922261e-24 -1.9720502e-24  7.0423895e-24
   550 : -1.8990511e-09  3.0138198e-09 -7.1636967e-10
   551 :  1.9614328e-06 -2.0964178e-05  8.4510369e-06
   552 :  4.9851523e-07  1.3618452e-07 -1.8602793e-07
   553 : -6.6997587e-08  1.1678212e-08  3.1867121e-08
   554 :  1.4273105e-23 -6.1108946e-23  2.1496633e-23
   555 :  2.7660932e-15  9.9019647e-14 -7.9954684e-14
   556 :  3.6074659e-25  4.2315086e-25 -3.5993188e-25
   557 :  1.9339235e-01  1.6579288e-01  7.3714157e-02
   558 : -3.5232360e-09 -1.9144315e-08  2.5853382e-08
   559 :  9.0052975e-07 -2.9410099e-06  1.6004340e-06
   560 :  7.6272838e-09 -2.5513312e-09 -3.1517477e-09
   561 :  5.6656916e-02  1.4548505e-01  5.5054816e-02
   562 :  1.4218435e-19  6.3809783e-19 -3.6565694e-19
   563 :  3.2277442e-36 -1.0535885e-36 -1.0169508e-36
   564 :  9.4703197e-05 -6.4253967e-05  2.7514972e-05
   565 :  8.1212417e-04 -1.8818924e-04  6.8320631e-04
   566 :  5.6548156e-28 -1.6120946e-26  2.1886976e-26
   567 : -2.1114029e-14  3.1010193e-14  1.5943841e-14
   568 : -3.4239152e-06  1.2248731e-06  3.8326537e-06
   569 : -1.2157551e-05 -2.8002026e-05  4.4392585e-06
   570 :  8.4426017e-23 -1.6029980e-22 -3.4104020e-23
   571 :  6.1260808e-15 -1.4138481e-14  3.1507610e-15
   572 :  1.1159276e-39 -1.6682439e-38  7.6635462e-39
   573 :  2.1806477e-10 -1.8004066e-10 -3.9631163e-10
   574 :  1.8632700e-09 -8.5354553e-09  1.9844496e-08
   575 :  1.9082331e-01  4.3251602e-02 -2.2603008e-02
   576 :  1.8815708e-12  4.3368035e-12 -5.6746341e-12
   577 :  7.5773690e-02  1.5738859e-01  4.8139563e-02
   578 : -1.2178285e-42  1.4655694e-42  1.9070061e-43
   579 : -6.8524755e-03  3.7304426e-03 -2.5673145e-03
   580 :  1.3254431e-01  1.3430760e-01  4.5093852e-02
   581 : -2.3677477e-23  5.8354292e-23 -1.8855555e-24
   582 :  5.4373599e-40 -2.1491022e-39  7.6953767e-40
   583 :  3.0028419e-21 -1.0027491e-20  3.5263065e-21
   584 : -1.1989887e-32  2.0452198e-32  3.7653159e-33
   585 : -4.1853750e-05 -3.8282372e-05  2.0882913e-05
   586 :  2.9689706e-27 -5.5125385e-27 -6.4062504e-28
   587 : -5.7511014e-20 -1.1227862e-19  2.2298373e-19
   588 :  2.5679945e-26 -2.7066101e-26  6.1983106e-28
   589 : -3.7029203e-06  2.4679021e-06  7.4557661e-06
   590 :  2.7967206e-08  1.8048165e-06  1.4785951e-06
   591 :  1.9897945e-36 -2.9507538e-36 -1.0636787e-36
   592 :  2.3456625e-23  1.3458077e-23 -5.0659189e-23
   593 :  3.8154851e-17 -3.2508912e-18 -2.8977534e-17
   594 :  1.5205811e-19 -8.0236390e-20 -3.3032051e-20
   595 : -1.9176809e-10 -3.7089995e-11  2.4153645e-10
   596 : -3.7784490e-12  3.2460866e-11 -1.1750327e-13
   597 :  1.5696358e-15  1.3079780e-15 -3.7839481e-15
   598 : -3.0117726e-19 -1.3224789e-18  7.7577555e-19
   599 : -3.8593659e-06 -4.8427275e-03 -1.4475645e-02
   600 : -2.5197563e-12  1.1300295e-12  4.8374807e-12
   601 :  1.8382468e-02 -5.6295227e-03 -1.4684538e-02
   602 : -2.4748685e-28 -1.5476195e-27  8.2923169e-28
   603 : -1.9039762e-31 -6.5702879e-31  3.7109127e-31
   604 : -4.8832086e-22  7.5855004e-22 -1.0527184e-21
   605 : -4.7445626e-17  5.6809278e-17  5.2560598e-17
   606 : -1.7336382e-02 -1.6246620e-01 -8.0347208e-02
   607 : -2.5912664e-12  3.5805448e-12  2.5226198e-12
   608 :  2.1779467e-25  3.2589306e-26 -1.0886547e-25
   609 :  6.5363277e-22 -9.6076741e-22 -7.4258401e-24
   610 :  5.9165874e-31  2.0435269e-30 -4.7647489e-30
   611 :  1.6927361e-02 -4.0123986e-03 -6.5970401e-03
   612 :  6.0917948e-13  3.9265197e-13 -2.2771334e-12
   613 :  7.5100742e-16  1.7313077e-16 -1.9005973e-15
   614 : -1.7155771e-06  2.9541540e-06  8.3263890e-07
   615 : -3.5615795e-14  5.6228605e-15  6.9846120e-14
   616 : -4.6428261e-33  8.0436490e-33  1.3783963e-33
   617 : -6.8670830e-16 -9.3633054e-17  3.1230189e-16
   618 : -1.4231269e-19 -7.0796486e-20  1.0334942e-19
   619 : -2.5309920e-25  2.8321031e-25  2.2834480e-25
   620 : -8.9847962e-18  6.5793628e-18 -6.5474735e-18
   621 :  6.6182234e-13 -6.0541933e-13 -1.0080038e-12
   622 : -7.3389183e-05  1.0150514e-03 -8.7416147e-05
   623 : -9.2888406e-08  1.0505197e-08  6.9090769e-08
   624 :  7.4054908e-15  4.3967635e-14 -1.6306291e-14
   625 : -6.3249850e-15  6.1816047e-14 -2.7356068e-14
   626 : -1.3085930e-42  5.1407884e-42 -1.9639443e-42
   627 : -8.8898088e-28  4.1344098e-27 -2.3632469e-27
   628 :  1.0718026e-19 -1.8208255e-19  3.5830492e-20
   629 :  3.7783458e-08 -1.1183232e-07  3.3478120e-09
   630 : -3.6229497e-05  1.8822176e-05 -8.5624214e-06
   631 :  1.6696483e-16 -6.8910714e-16  1.5579572e-16
   632 :  8.0058799e-33 -1.2980732e-32 -3.4551638e-33
   633 : -4.4651042e-08  2.7689538e-08  6.1555687e-09
   634 :  2.3970041e-11  7.5093639e-12 -3.0925989e-11
   635 :  4.8412219e-07 -1.6668509e-07 -1.2934458e-07
   636 :  1.6903896e-06  1.3418333e-06 -8.3436462e-07
   637 :  2.8271204e-07 -2.0926844e-06 -5.2645120e-05
   638 :  1.0412710e-03 -5.0862592e-04 -1.3004236e-03
   639 :  5.8144259e-07  1.2544988e-06  9.7603685e-08
   640 :  3.4051806e-02  1.8986156e-01 -5.5735428e-02
   641 :  5.6338311e-25 -1.1792357e-24  2.4220860e-26
   642 : -2.2107869e-09  2.9095130e-09  2.6002329e-09
   643 :  2.6159845e-07  3.3611407e-08 -3.0864442e-07
   644 : -1.2048180e-07 -5.3470379e-08  2.1141347e-07
   645 : -1.4670461e-12  1.5273086e-12  4.3599055e-12
   646 : -2.2916062e-13 -4.8434315e-13  8.9737099e-13
   647 :  7.5889522e-02  1.7483040e-02  1.9927136e-01
   648 :  1.1434381e-13 -6.7395126e-13  1.8679397e-13
   649 :  1.2725688e-06 -1.4669419e-05  3.5549114e-06
   650 : -1.0788078e-14  9.1910939e-15 -1.0154944e-14
   651 :  1.7499346e-04 -1.5541895e-04 -1.3772614e-03
   652 : -5.0583876e-13 -1.9936856e-12  1.1360825e-12
   653 : -2.5718241e-04 -6.9692228e-05  5.1292821e-04
   654 :  1.9939030e-21  1.2172926e-23 -1.7256494e-21
   655 :  2.2714333e-13  1.7687130e-13 -7.2926739e-13
   656 : -1.1039135e-02 -1.4836065e-02  7.2852281e-03
   657 : -1.4066986e-06  6.6397647e-06  3.0933054e-06
   658 : -1.1407818e-12  6.7847431e-13 -1.1570220e-12
   659 : -5.6691592e-10  3.7119565e-10  7.6414869e-11
   660 :  2.3864304e-04 -1.3803605e-04  2.5844418e-04
   661 :  1.9460753e-01  1.8478359e-01  9.4518734e-02
   662 :  3.1495826e-20 -6.2025988e-21 -3.0160861e-20
   663 : -2.4661558e-06  8.7789189e-06 -2.6931083e-05
   664 :  3.0822370e-04  1.3416717e-04  5.1153948e-04
   665 : -2.9349406e-04  1.6057989e-04  1.6781242e-05
   666 :  2.6730779e-33 -1.9144526e-33 -3.5779678e-33
   667 :  6.2843242e-23 -3.1434537e-23  1.3531918e-23
   668 : -1.1547688e-07 -2.1964771e-07  5.0488730e-07
   669 :  5.5282624e-42  1.4541904e-41 -2.5672064e-41
   670 : -1.7752098e-05 -1.1014386e-05  9.7210747e-06
   671 :  1.6603536e-01  1.8074540e-01  1.4728068e-01
   672 :  3.4756552e-05 -5.0052055e-06 -2.4431996e-05
   673 : -6.9434339e-18  5.1259325e-19  1.4011371e-17
   674 :  4.6061301e-15 -3.2228111e-15 -6.6288888e-15
   675 :  2.9926577e-16 -2.0439769e-16  1.9339156e-16
   676 :  7.7988057e-12 -1.5768358e-11  3.0423380e-12
   677 :  3.2422583e-12 -1.7859025e-12  6.3397708e-13
   678 :  2.1409518e-06  1.6796555e-06 -9.3884019e-06
   679 : -4.8678393e-10  1.0787299e-09 -2.7073962e-10
   680 : -2.3362220e-09  6.2187081e-10  4.4690739e-09
   681 : -1.4154822e-23  8.5057474e-24 -4.6993022e-24
   682 : -2.0213628e-24  1.6649828e-24 -2.4992089e-24
   683 :  1.4490262e-21 -1.7803627e-21 -1.5963446e-21
   684 : -1.4856527e-27  7.6441329e-28  7.4018615e-28
   685 :  5.2018661e-11 -9.4161235e-11  1.1897259e-12
   686 : -1.9079327e-15  6.1665803e-16  4.2557373e-16
   687 : -9.4842510e-28  5.2610945e-27 -1.1171281e-26
   688 : -1.2930105e-16  1.9374739e-16  8.2559215e-17
   689 : -6.4686967e-03 -2.2407571e-03  2.6032139e-03
   690 : -6.0749322e-12  7.4196686e-12 -4.1103306e-13
   691 : -1.7341505e-11  1.6706991e-11 -1.4995068e-11
   692 : -2.8563573e-13 -5.2734282e-13  9.9383491e-13
   693 : -2.5638619e-41  3.6692550e-41  1.7537768e-41
   694 : -2.2461682e-28  5.1352995e-28 -6.3478894e-29
   695 :  6.8429607e-04 -1.3479740e-03  7.6241184e-04
   696 :  8.1208613e-08 -9.7402898e-08 -1.8131781e-07
   697 :  2.5483082e-12 -3.6845363e-12 -3.3595809e-12
   698 :  6.2920678e-04  4.2700509e-04  5.4183043e-05
   699 :  2.6575485e-19 -1.5654918e-18  2.9922741e-18
   700 : -1.4129654e-34 -2.0252111e-34  5.5070718e-34
   701 :  2.2082900e-32 -7.1093723e-32  2.4379646e-32
   702 : -8.2226748e-23  1.7744237e-22 -1.7342990e-24
   703 :  1.9799868e-01  2.2430781e-01  1.4668730e-01
   704 :  6.2706746e-13  1.5191596e-13 -1.0578758e-12
   705 :  6.0769483e-27 -3.9965381e-26  1.6968456e-26
   706 :  3.7712367e-01  7.9311639e-02  2.6033318e-01
   707 : -3.1630361e-07 -3.6667141e-07  2.4450344e-07
   708 :  1.8456596e-08  5.8063225e-09 -7.5934871e-09
   709 : -2.8731278e-15  4.4924388e-15 -8.1801259e-15
   710 : -7.9712129e-19  1.5741254e-19  5.8283198e-19
   711 :  8.5048145e-14 -2.8268131e-14  2.0401566e-14
   712 :  7.9858620e-07  2.2917953e-06 -5.3230282e-08
   713 :  1.9076320e-13  6.3705995e-13 -2.1395371e-12
   714 :  2.3193991e-02  1.1721806e-01 -5.7231414e-02
   715 :  2.5715882e-11 -3.8015404e-12 -6.1889435e-12
   716 :  7.5061170e-30 -1.3981983e-28  2.8291506e-28
   717 :  1.4608258e-08 -4.1315577e-08  3.0600758e-08
   718 : -1.4655962e-13 -5.0462939e-15  1.4915630e-13
   719 : -1.8051842e-07 -1.8317629e-07  1.1768630e-07
   720 :  1.8018733e-01  1.7418525e-01  1.4313429e-01
   721 :  1.3940736e-04  7.3937669e-05  1.0508429e-04
   722 : -2.8217306e-25 -3.8023564e-25  2.8198017e-25
   723 :  3.4067630e-24 -1.5643985e-23  8.6810126e-24
   724 : -2.6627360e-24 -1.4053002e-24  2.1897643e-24
   725 :  4.9797195e-06  2.0822654e-06 -8.5625548e-06
   726 : -1.5477079e-16  1.7996588e-17  5.9527881e-17
   727 :  4.9973085e-06  3.6757980e-06 -5.9907229e-06
   728 :  3.3418607e-08 -1.4138787e-08 -4.6468142e-08
   729 :  6.1182072e-11 -4.1190358e-11 -5.3344665e-11
   730 : -2.1691501e-12  7.4092203e-13 -1.8643391e-12
   731 :  2.8594398e-23 -6.4730675e-23  1.8047029e-23
   732 :  1.5359517e-20 -3.1535815e-21 -9.8404029e-22
   733 : -4.1790063e-13 -1.2493896e-12  2.0721895e-13
   734 : -1.4808721e-02  2.8811599e-02 -2.2548023e-02
   735 : -5.3068713e-13  7.8576693e-13 -6.1304487e-13
   736 :  1.0042526e-02 -4.1112383e-03 -2.4406136e-03
   737 :  4.0595995e-16  4.0722066e-16 -1.5138163e-15
   738 :  8.4842286e-07 -4.4208766e-07  6.7115389e-07
   739 :  1.5283404e-01  9.7436059e-02  1.6568098e-01
   740 :  1.6756672e-12  2.5386943e-12  5.6745606e-12
   741 :  2.5476805e-05  1.8802532e-04 -6.1985156e-05
   742 :  1.5286915e-13  3.6155266e-13 -8.1128998e-13
   743 : -6.1180126e-12 -9.4254927e-13  1.4455128e-11
   744 : -1.0465091e-01  2.2079024e-02  3.3242387e-03
   745 :  1.1119447e-26 -1.8205265e-25  1.7857685e-25
   746 :  5.9053731e-21 -5.7793893e-21 -8.3987361e-21
   747 :  4.5976194e-16  3.6098096e-16 -8.8451243e-16
   748 : -3.7862837e-12 -2.9494586e-12  2.0821144e-11
   749 :  1.1960925e-07 -2.9721820e-07 -4.1657501e-08
   750 :  3.8499795e-28  8.6617238e-27 -1.1239709e-26
   751 : -1.3329638e-01 -1.5248807e-01 -1.5556673e-01
   752 : -2.8266296e-13  8.5921015e-13 -2.5583370e-13
   753 :  6.3859166e-08 -2.0101295e-07  6.0848606e-08
   754 :  3.8852993e-21  5.3655074e-22 -8.8115064e-21
   755 :  9.5036207e-02 -4.3818243e-02 -2.2826450e-02
   756 :  1.6676944e-15  2.8037470e-15 -7.0568383e-15
   757 : -6.0891218e-39 -2.8666415e-40  3.0741847e-39
   758 : -3.2958828e-03 -1.4633275e-02  3.2451551e-03
   759 : -2.8983424e-12  1.8037541e-12 -3.1810072e-12
   760 : -5.3843265e-18  1.4147141e-17 -2.3920283e-18
   761 : -7.2321926e-12  7.9067320e-12  4.5280597e-12
   762 : -3.8964781e-03  2.2524599e-03 -5.6466420e-04
   763 : -9.4455582e-30  2.8640288e-29 -9.4979302e-30
   764 : -7.9626106e-31 -2.8282708e-30  1.7888449e-30
   765 : -6.3637453e-02 -1.5130358e-01 -1.7549626e-01
   766 :  5.9672951e-15 -1.5660476e-14  4.2116400e-15
   767 :  1.0458344e-03  1.5637083e-03 -4.4138214e-03
   768 : -7.4210490e-27 -3.5116396e-26  8.2847437e-26
   769 :  8.5434550e-02  4.3595074e-02 -7.3328192e-02
   770 :  5.6825163e-11 -3.3536778e-11  5.0454907e-11
   771 : -2.1936394e-07  7.3472444e-07 -2.1000504e-07
   772 : -5.7468404e-05  2.0519687e-05 -5.3518729e-05
   773 :  7.2851245e-14 -1.5343631e-13 -6.0872298e-15
   774 : -2.2304253e-01 -8.5626033e-02 -1.1424929e-01
   775 : -4.4474407e-02  8.9730291e-02  1.9860763e-01
   776 : -5.8684024e-13  4.3337658e-13  7.2788387e-13
   777 : -4.8023699e-12 -1.1178265e-12  6.2889784e-13
   778 :  8.2585194e-13  1.7519262e-11 -3.3785424e-12
   779 :  7.8420710e-24 -3.1936108e-22  1.5039274e-22
   780 :  2.0800124e-04  3.1697290e-04  3.0349436e-04
   781 : -7.8353311e-26  7.5674896e-26 -8.5699252e-26
   782 :  7.5956666e-40  5.1699330e-40 -1.5820848e-39
   783 :  1.5310241e-12  7.2688991e-12 -5.7377249e-12
   784 : -5.1814884e-13 -4.5975453e-12  2.1706684e-12
   785 :  8.5510870e-26 -2.0227051e-25  2.7357168e-26
   786 : -9.9303597e-02  2.6569248e-02 -2.8728099e-01
   787 :  1.2767352e-02 -1.0179380e-01 -1.5396447e-01
   788 : -2.8177276e-25  2.3592563e-25 -2.6119264e-25
   789 :  1.0564409e-23 -5.8570770e-25 -1.4567976e-23
   790 :  1.0930893e-10 -2.1686074e-09  9.7912757e-11
   791 : -4.0325869e-08  3.1453024e-08  2.7339317e-09
   792 : -5.4274470e-05  1.4987739e-05  5.0218495e-06
   793 : -2.5299363e-05  6.5653972e-06  8.4792009e-06
   794 :  3.1917881e-11 -7.2713808e-11  9.1303263e-12
   795 : -5.4591615e-05 -9.5596324e-05  2.8334840e-05
   796 :  3.0169605e-06 -1.9959290e-06  5.2150173e-06
   797 :  1.3206406e-26  1.4446395e-26 -2.3232177e-26
   798 :  1.1421124e-08  2.1983356e-08 -1.6164985e-08
   799 :  6.5595180e-15 -4.2849960e-15 -1.1058852e-14
   800 :  4.0430964e-02 -7.3645962e-02 -7.5263001e-02
   801 :  9.6624542e-24  1.1498596e-25 -1.9376132e-23
   802 : -1.2475512e-12  2.1701299e-12 -1.6293029e-13
   803 :  3.9833123e-18  5.4326548e-18 -4.0127783e-18
   804 : -6.6803593e-02 -1.7095767e-01 -7.1440639e-02
   805 : -7.3807225e-13 -1.4235887e-12 -8.7496906e-13
   806 :  2.3067396e-22 -8.4785751e-23  7.4814620e-24
   807 :  5.6091821e-26  1.0712746e-25 -7.4567422e-26
   808 : -1.0466530e-01 -3.7501470e-02 -1.4227589e-01
   809 : -6.0528561e-17  6.6181076e-17  8.4495600e-17
   810 :  3.8858698e-25 -2.4369920e-25  1.3558635e-25
   811 :  1.2774795e-40  6.0037699e-42 -1.6575208e-40
   812 : -1.7170153e-14 -2.8405604e-14  1.0219462e-13
   813 :  6.2783188e-13 -3.1480511e-12 -9.2819041e-13
   814 :  1.0651848e-36  7.9886829e-38 -1.2256970e-36
   815 : -3.1513761e-41  4.9955349e-41  3.1756885e-41
   816 : -2.7146133e-34  5.3197944e-35  1.0833935e-34
   817 : -3.6294165e-36 -4.9180416e-36  1.2231429e-35
   818 :  1.1472048e-38 -5.9677187e-38  3.5581092e-38
   819 : -4.3679869e-13  2.3877940e-13 -6.1306227e-14
   820 : -6.6105085e-38  1.8178131e-37 -3.7739456e-38
   821 : -3.8121445e-07  5.6722062e-06 -1.4882851e-06
   822 :  2.1908403e-10 -1.0742508e-09  6.6417859e-10
   823 : -8.8465376e-20  1.6894939e-19  1.7646556e-20
   824 :  3.7023717e-19 -1.9157603e-19 -6.4878580e-19
   825 : -1.1691293e-29 -4.6472286e-30  2.8387293e-29
   826 :  2.1296278e-07 -7.0693220e-07  3.1156520e-07
   827 :  1.5592174e-21  7.5163172e-22 -1.1401145e-21
   828 :  1.5117418e-16 -3.7355112e-16  7.6489900e-17
   829 :  6.8731595e-12  5.1244303e-10 -3.7011587e-10
   830 :  3.3877825e-02  1.6588882e-01 -6.9654026e-02
   831 :  9.7339629e-02 -7.5400344e-02  2.5015139e-01
   832 : -8.6593511e-14  2.3129753e-13 -2.2562138e-14
   833 :  7.0575563e-02  1.2001887e-01 -5.8092765e-02
   834 :  1.3105637e-34 -1.2240722e-34  1.1752575e-34
   835 : -9.1987195e-40  4.6844287e-39 -8.6915592e-39
   836 :  7.0134524e-12  2.9473866e-12 -4.0572631e-12
   837 :  1.8971945e-23 -4.0691366e-23  7.5183334e-23
   838 :  9.4054130e-09 -4.5249595e-09  1.2379990e-08
   839 :  2.5534242e-17 -2.9602594e-18 -4.9031476e-17
   840 :  5.2656955e-22 -5.4920350e-23 -4.3831560e-22
   841 : -3.3912833e-19  1.1070114e-19  1.1493791e-19
   842 :  9.2843897e-16 -3.4654682e-15  1.2223991e-15
   843 :  2.8006129e-23 -4.3162923e-21  4.2601405e-21
   844 : -4.2229246e-14 -1.0653064e-14  6.5583764e-14
   845 :  5.1442306e-29 -2.1839083e-29  3.3259118e-30
   846 : -1.3748440e-11  5.0245064e-11 -1.4547011e-11
   847 : -2.3592953e-15  2.1518415e-15 -2.1158139e-15
   848 :  8.5567559e-44 -4.7595184e-43  1.9390031e-43
   849 :  1.4045287e-18 -6.4138067e-18 -1.0312304e-18
   850 : -7.8332897e-17 -5.9699823e-17  1.8402780e-16
   851 : -9.0788744e-19  7.1325166e-18 -5.1796384e-18
   852 : -9.3844265e-32  3.6609534e-31 -1.4523370e-31
   853 : -3.4408644e-07  9.4860775e-08  7.5309731e-08
   854 : -1.5130250e-44 -8.1207266e-44  1.6585485e-43
   855 :  2.6967517e-06 -1.2870911e-06  9.8076326e-07
   856 :  1.2094100e-08 -7.4353116e-09  1.8462100e-08
   857 : -3.8831597e-08  8.8539040e-06 -1.4381942e-05
   858 : -4.1053860e-10 -1.2760384e-09  3.3700402e-10
   859 :  2.3319213e-32  4.7477787e-31 -5.2796512e-31
   860 :  9.1633965e-11 -1.1276647e-10  6.3976608e-11
   861 : -2.2125967e-10  1.8651171e-10 -2.3924153e-10
   862 : -7.7038021e-11  1.9348771e-11  3.9668240e-11
   863 :  5.9602951e-08 -1.2251899e-08 -1.2062718e-07
   864 : -5.3515561e-07 -9.5515449e-08 -4.5456500e-08
   865 :  1.0296345e-04 -4.0451091e-05 -1.6749182e-05
   866 :  4.1147860e-01  2.3998314e-01  1.8611021e-01
   867 :  1.2180196e-04  1.3467124e-03  4.0316222e-04
   868 :  3.6119842e-13  5.0489309e-13 -1.4198376e-12
   869 :  4.5265240e-14 -4.9916287e-14 -7.8573679e-15
   870 : -1.3180869e-14  5.2016589e-14 -1.6897273e-14
   871 : -1.0470603e-06 -1.2851978e-06  3.6323214e-06
   872 :  3.1631647e-06 -9.7373775e-07 -7.9064955e-07
   873 :  5.6430966e-02  1.4593831e-01  1.4383891e-01
   874 :  1.3727858e-01  1.3090429e-01  5.5059459e-02
   875 : -2.4338379e-20  3.6699678e-20 -4.2751400e-20
   876 : -6.5377438e-19  1.0043218e-18  4.5087467e-19
   877 : -5.1330460e-37  7.3885600e-37 -9.6847300e-37
   878 : -3.2073045e-34  7.2064031e-34 -1.5115946e-34
   879 :  1.7545969e-21 -2.9667130e-21  4.3130084e-21
   880 :  1.6132928e-19 -2.3545938e-19  3.4195184e-20
   881 :  2.2248502e-36 -6.3905180e-37 -9.4182697e-37
   882 : -1.6545895e-34  1.0090475e-34  2.3254355e-34
   883 : -7.3673106e-22  3.9300684e-22 -6.9275829e-23
   884 : -1.0589364e-21  1.8944862e-20 -8.0386685e-21
   885 : -8.3353480e-10  1.5028930e-09  5.1309880e-10
   886 :  1.4067092e-10  3.8667602e-12 -1.4703435e-10
   887 :  3.3675615e-10 -7.0387370e-11 -1.0509943e-09
   888 : -1.3177196e-09  4.0380654e-10 -2.5188623e-10
   889 : -1.1689344e-03 -7.3293584e-03  1.5267695e-03
   890 :  8.2223801e-04  3.3716804e-04  3.2528663e-05
   891 : -4.8174021e-20  2.9226453e-20 -1.1922620e-20
   892 :  1.5661735e-18 -4.7495656e-19 -2.7432325e-18
   893 :  5.4348217e-11 -1.9782352e-11 -1.6223584e-11
   894 :  7.0343284e-11 -8.6829336e-11  1.6844632e-11
   895 : -2.0381141e-03 -3.0925867e-03  1.1644609e-03
   896 :  1.1489684e-03 -1.8763725e-04 -5.2897672e-04
   897 : -1.3745388e-21  4.1059626e-22  4.8008263e-22
   898 :  1.5005986e-20 -1.4414431e-21 -3.0362936e-20
   899 : -7.5931321e-05  7.6645592e-04  3.8530055e-04
   900 :  5.4222181e-04  2.3820778e-05 -1.4593556e-04
   901 :  3.2128763e-13 -1.7481834e-13  3.7766378e-14
   902 :  3.4081461e-12 -1.0283622e-11  9.1216847e-13
   903 : -7.9071080e-08  2.1645480e-06 -5.1397410e-07
   904 : -1.1254022e-07  6.7083252e-08 -2.5332261e-07
   905 : -2.6873714e-07  8.7752350e-08 -1.5781523e-07
   906 : -1.1439419e-04  3.0099727e-04 -2.5082681e-05
   907 : -4.1141094e-05  2.5018773e-05 -2.9545505e-05
   908 : -1.5702391e-08  9.8470717e-09 -4.6304914e-09
   909 : -4.1283502e-08  2.0587216e-07 -7.5072243e-08
   910 :  1.0205064e-08 -1.4663013e-07 -2.8328838e-08
   911 :  1.0085138e-08  7.0241957e-09  2.0191553e-09
