Number of elements 912
     0 : -8.1533090e-05 -7.0443720e-05  2.0770045e-04
     1 :  2.6534190e-02 -2.9552106e-02  2.0519506e-02
     2 :  6.1936128e-03 -2.5331632e-03  6.5542785e-03
     3 : -1.3638023e-03 -1.3038713e-03 -3.3328850e-03
     4 : -7.9956369e-04 -2.8674128e-03 -2.4848100e-03
     5 : -3.3976555e-02  4.0843768e-04  2.8257092e-02
     6 : -2.2754362e-10 -1.4275705e-09  1.1857926e-09
     7 : -1.0420077e-01 -5.7577100e-02  4.1601722e-02
     8 : -6.3930306e-03 -7.7070893e-03 -7.3583247e-03
     9 :  6.0699746e-09  1.3695752e-08 -1.3799021e-08
    10 : -1.6921035e-02  3.2627731e-03 -1.6201279e-02
    11 :  3.9016239e-10 -8.6978753e-10 -1.7063272e-10
    12 : -1.2021224e-03  1.5929329e-01 -1.6569051e-01
    13 : -4.8053737e-03 -2.8129992e-03 -1.3633787e-03
    14 : -2.3585399e-03  8.0314852e-03 -1.7515343e-03
    15 : -8.3676646e-03  5.7510995e-04 -8.0442596e-03
    16 : -3.1167251e-11  1.1389308e-10  1.0140700e-10
    17 :  1.5698198e-06  5.6914979e-06 -6.7884354e-06
    18 :  1.4866569e-03 -1.1179278e-03  2.2882809e-03
    19 : -1.3440683e-12  1.2519074e-11 -1.7004275e-12
    20 :  9.3200839e-06  7.1979141e-06 -3.0961664e-05
    21 :  2.0453051e-03  8.4256898e-03  1.0178524e-02
    22 :  1.9877177e-03 -1.9104498e-04  5.0573647e-03
    23 : -6.3257061e-12 -2.2588641e-11 -1.3140554e-10
    24 :  1.3714479e-02 -1.7040882e-02  1.1005151e-02
    25 :  7.5993737e-13 -5.6388788e-12  2.2407721e-12
    26 : -1.2842963e-02  1.1886602e-02  1.6655416e-03
    27 : -1.9017800e-03 -2.5936548e-03 -7.0865300e-03
    28 : -3.4418895e-03 -1.9752605e-02  1.8046622e-02
    29 :  2.3808687e-02  7.9597583e-03 -1.4595405e-02
    30 : -6.9681814e-03 -1.0435315e-02  6.0092304e-03
    31 : -3.5820799e-03  3.0425891e-03  1.0298574e-02
    32 : -1.8671736e-08 -9.7024452e-09  3.1434510e-08
    33 :  1.0604053e-03  1.8913372e-03  1.1520439e-04
    34 : -3.3209373e-13  8.7845902e-13  2.7306688e-13
    35 : -1.7460530e-03  2.3539880e-03  8.6278956e-03
    36 :  1.8152966e-04  6.2074952e-04 -2.7884308e-03
    37 :  7.2138950e-03  7.4643458e-03  8.7745576e-03
    38 :  2.3546108e-03  1.1871259e-02 -7.2427211e-03
    39 : -6.3858319e-03 -1.6575660e-02 -7.9317525e-03
    40 : -9.6471380e-03 -2.7822476e-01  2.9712616e-01
    41 :  1.7581559e-03  1.7612989e-01 -2.1610790e-01
    42 :  9.8782914e-12  4.1692008e-12  3.4202789e-12
    43 :  1.1711162e-05 -2.5695224e-05 -1.9536336e-05
    44 :  6.2201448e-03  8.2812227e-03  8.9192539e-03
    45 : -8.1088133e-04  4.2411569e-04 -5.8817404e-04
    46 : -2.2392258e-03  2.0964289e-04  3.8215686e-05
    47 :  5.4423178e-08 -4.2233466e-08  5.8068379e-08
    48 :  1.1473528e-10 -5.6403927e-10  2.4153152e-10
    49 : -7.7089451e-03 -2.9946785e-03 -4.1832056e-03
    50 :  4.4966601e-04  2.5263112e-03  1.3511605e-03
    51 : -9.1716409e-03 -3.1721383e-03 -8.6095074e-03
    52 :  2.5558189e-03 -1.0132448e-02 -1.7355772e-03
    53 : -2.3513568e-09  3.3266013e-10  1.7558854e-10
    54 : -3.4144612e-03 -1.9711118e-05 -2.4138252e-03
    55 : -1.5954929e-03 -3.9591668e-03 -2.3910322e-03
    56 : -2.9722384e-03 -3.6664370e-03 -7.6851711e-04
    57 :  9.6557056e-03  1.1834982e-02 -9.1744459e-03
    58 : -9.4632476e-04 -1.7511580e-01  2.0629392e-01
    59 : -1.4431325e-03 -3.2641523e-03 -1.9049421e-03
    60 : -4.8881446e-03 -5.2033668e-04  8.7216443e-03
    61 : -7.4575381e-03 -2.8506408e-03 -5.1784568e-03
    62 : -1.1923645e-02 -9.3867683e-03  1.1947994e-02
    63 :  8.6397773e-03  1.3810621e-02  1.1753152e-02
    64 :  1.2397320e-03 -1.6015430e-02 -3.4990219e-02
    65 :  1.1532015e-02  9.7061536e-03  1.4162271e-02
    66 :  1.0633112e-02  4.9520683e-03  4.5153598e-03
    67 :  2.8510143e-09 -1.8750806e-09 -4.1172583e-09
    68 :  6.1296778e-10 -3.3709472e-09  1.0315477e-09
    69 :  3.1409460e-09 -2.8430427e-09 -3.3219370e-09
    70 : -4.8355280e-05  2.7159461e-04  1.0658165e-03
    71 :  1.6854107e-02  7.8646727e-03  4.0428820e-03
    72 : -3.6413958e-11  1.4398005e-10 -3.7149131e-11
    73 :  5.6593621e-03  8.0596621e-03  6.0484614e-03
    74 : -2.4940930e-05  4.3770479e-05 -1.8591242e-05
    75 :  1.7726641e-06 -1.1535796e-06 -1.8771364e-06
    76 : -1.4581555e-11  1.0871311e-10 -2.4717601e-11
    77 : -4.2269284e-07 -5.2619793e-07  4.7820541e-08
    78 :  2.2094456e-09 -2.7267632e-09  4.2379842e-09
    79 : -3.7256265e-05  6.2736857e-06 -3.7265961e-05
    80 : -2.7752448e-16  3.1539748e-15 -8.7270199e-16
    81 :  4.3230134e-09  3.1952707e-07 -1.2659969e-07
    82 :  7.8241715e-03  3.3550133e-01 -3.4061709e-01
    83 : -1.7613048e-13 -1.1698754e-13  7.2563912e-13
    84 : -5.8031121e-12  4.0422682e-12  3.8617206e-12
    85 :  1.1695084e-02  1.5630156e-01 -1.4408855e-01
    86 :  3.3803415e-06  1.9087434e-06 -6.8786721e-06
    87 :  9.5186096e-06 -2.2977162e-05 -1.8823401e-05
    88 :  4.7063596e-03 -3.8114233e-02  6.3375280e-02
    89 : -2.0008089e-03  6.8178941e-03  6.9827627e-03
    90 : -2.6278723e-11 -3.4950338e-11  1.2986070e-11
    91 : -2.0411183e-03 -3.2934678e-03 -2.7834300e-03
    92 : -1.4606363e-03  8.7598207e-04 -5.4966136e-04
    93 : -2.2125203e-14  5.6675002e-15  7.2886657e-15
    94 :  6.6624329e-05 -2.2906179e-05 -2.0227873e-05
    95 : -6.2106510e-10  2.6108865e-10  1.3277436e-10
    96 :  5.3174514e-04 -2.3064832e-03  1.0549712e-02
    97 :  1.1695881e-03 -3.7921474e-03 -1.1396864e-04
    98 :  5.5351405e-03 -1.4452008e-03 -1.2119444e-03
    99 :  1.0603083e-08  1.3693223e-08 -6.4779682e-09
   100 : -6.2450569e-09 -9.7708919e-09  7.9813370e-09
   101 :  4.6731337e-03  1.1444800e-02  4.6240728e-03
   102 : -3.3714736e-03 -2.6737170e-02  2.5878355e-02
   103 : -1.3537522e-13  8.1577633e-14  8.5260522e-14
   104 : -2.2907471e-04  1.6827211e-04  2.7466983e-04
   105 : -3.6443851e-03  1.4525229e-02  1.3709506e-02
   106 :  1.4562017e-02  1.2201944e-02  2.5927436e-03
   107 :  7.3153765e-03 -6.2859204e-02  4.8276997e-02
   108 : -7.8962252e-03 -7.2148745e-03 -1.1481083e-02
   109 :  5.0082586e-03 -1.4805343e-03 -5.9456925e-03
   110 :  4.7638117e-03  7.0912867e-03  6.9073547e-03
   111 : -1.8897598e-02  1.3473572e-02  3.8576247e-03
   112 :  9.8217278e-08 -4.3833888e-08 -1.3953722e-07
   113 : -9.3941771e-03 -8.8270275e-04 -2.7339614e-03
   114 :  2.0170080e-02  2.5921880e-02 -1.3343344e-03
   115 : -1.1189317e-02  9.3036896e-03 -4.4700682e-02
   116 :  6.8703659e-03  2.4257582e-02 -1.9381288e-02
   117 : -2.0945413e-03 -2.6576564e-03 -2.4254941e-03
   118 : -1.0458936e-02  2.1763145e-02  4.9778927e-03
   119 :  1.0859666e-09  3.7707720e-10 -6.0785597e-10
   120 : -1.5850987e-03  5.9559192e-04 -1.0376406e-03
   121 : -2.1930672e-07  8.8042541e-07 -2.8208194e-07
   122 : -1.1104463e-03  4.5752221e-02 -5.9074820e-02
   123 :  4.3312298e-13 -1.5882736e-12 -1.3378735e-12
   124 : -1.8618971e-09  1.7501276e-09 -5.2242527e-10
   125 : -4.3371929e-17  1.6036189e-16 -5.8500238e-17
   126 :  2.3657937e-06  5.1204119e-06 -1.0481485e-05
   127 : -2.5012889e-06  5.2622202e-06  3.0243815e-06
   128 :  3.8314597e-03 -4.6641049e-03 -5.9997142e-03
   129 : -6.3670699e-05 -3.4079922e-05  1.9609383e-04
   130 : -6.8022119e-03 -4.8945419e-03 -5.0697323e-03
   131 :  3.2268072e-03 -3.5674244e-04  1.5510889e-03
   132 : -7.1437053e-03  9.6005264e-03  5.1355290e-03
   133 :  6.8513138e-03  2.0092237e-04  1.3118718e-02
   134 : -8.9969083e-03 -1.0882788e-03 -4.2646772e-03
   135 : -3.1348042e-01  3.3167030e-02  9.1920488e-02
   136 : -4.3615518e-03 -1.4338492e-02  1.4417983e-02
   137 : -5.1881420e-03 -2.1122594e-03 -6.8713408e-04
   138 : -2.2343497e-03 -3.5101207e-02  4.6379880e-02
   139 : -1.0693627e-02 -4.2818955e-02  3.6135993e-02
   140 :  5.3014977e-09 -9.0737187e-08  3.5593495e-08
   141 : -9.3263760e-09 -3.9281460e-08 -2.1193539e-07
   142 :  1.5696071e-02  5.6609289e-03  1.6462076e-02
   143 :  6.2150192e-11  1.2176454e-10  7.8595655e-10
   144 :  8.0916976e-03  1.3371105e-02  1.5039497e-02
   145 :  3.3680619e-02  1.2038492e-02  5.3623164e-02
   146 :  4.5050606e-06  2.3671687e-04  1.9229691e-04
   147 : -1.7458468e-10  1.0350021e-10  6.3448419e-11
   148 : -1.0217465e-04  2.4179606e-04 -2.2050195e-04
   149 : -3.5344678e-03 -8.5302031e-03 -5.7482042e-03
   150 :  3.9299582e-02  1.3051318e-03  1.1286101e-02
   151 : -5.2353788e-07  3.6226228e-07  1.4963799e-06
   152 :  5.7515225e-05 -2.3196729e-05 -2.0883588e-05
   153 :  4.7670790e-02 -1.4902580e-02 -2.9739417e-02
   154 : -9.9944418e-15  2.3470003e-15  7.2247615e-15
   155 :  3.1723269e-10  8.1100154e-10  1.1473448e-10
   156 : -1.5014152e-11  4.8496914e-12 -4.8195378e-12
   157 :  5.3975546e-05  2.6676183e-04 -1.6618006e-03
   158 : -2.1967559e-02  1.3515233e-02  1.9190464e-02
   159 : -1.6906788e-04  1.0123927e-02 -8.3218267e-03
   160 : -7.0538137e-15 -2.6599461e-15  6.0223208e-15
   161 : -2.2419989e-13  4.0174052e-14  3.6210011e-14
   162 : -1.1141718e-02 -6.1892783e-03 -8.2358004e-03
   163 : -1.8000283e-02 -1.0532032e-02 -1.4536086e-02
   164 :  9.0643609e-07 -1.6721658e-06  2.4335576e-06
   165 :  3.5303213e-03  2.4087168e-02  1.6050190e-02
   166 : -8.6166940e-11 -6.8616919e-11  6.3083104e-11
   167 : -7.2721401e-03  9.0760807e-03 -1.5541752e-02
   168 :  1.4411597e-02 -5.6459661e-03 -2.1386784e-03
   169 : -1.2776612e-02  1.7707199e-02  8.5903437e-03
   170 : -3.9392174e-10  2.3203855e-10 -7.6494639e-10
   171 :  6.6264893e-10  5.2203884e-10 -1.7599466e-09
   172 : -4.9391127e-03  3.0133801e-03 -9.5771977e-04
   173 : -6.0395107e-03  4.3212174e-03 -1.6030383e-02
   174 : -8.3570635e-03 -1.0274287e-02 -1.5127536e-02
   175 : -3.3738238e-04  8.2510344e-05  1.7102682e-04
   176 : -7.5008248e-09  1.4122861e-08  1.4908796e-08
   177 :  1.4356542e-02 -2.0479260e-03 -1.2259350e-03
   178 :  1.8291880e-02  4.9684522e-01 -5.0176871e-01
   179 : -1.1783964e-02 -6.4232532e-03  5.9419503e-03
   180 :  3.2949540e-11  6.2088042e-11 -3.7408477e-11
   181 : -7.4834323e-03 -1.1476268e-02  1.2193500e-02
   182 : -2.4855437e-05 -1.0219857e-05  2.8723871e-05
   183 : -9.7393045e-04 -6.8123891e-03  8.3418546e-03
   184 :  1.2784050e-13  4.7718039e-13 -1.8765294e-13
   185 :  6.1312047e-06  6.1147645e-06 -2.6327618e-06
   186 : -1.7290749e-03 -2.4701120e-04 -2.3349609e-03
   187 : -1.1720513e-02  8.1502546e-03  1.0213117e-02
   188 :  7.0681378e-03  3.1292729e-01 -3.1699075e-01
   189 : -1.2705402e-02 -2.5266491e-03 -1.2112192e-02
   190 :  1.4226763e-02  1.1783312e-02  1.0899472e-02
   191 :  2.0556371e-13 -1.8700479e-12 -2.0879186e-12
   192 :  5.1004701e-04  1.1868774e-02  1.1704574e-02
   193 : -7.1593008e-03 -3.4719550e-03 -1.4084308e-02
   194 :  1.0550991e-02  1.8439790e-01 -1.8050866e-01
   195 :  7.5403795e-03 -6.4638507e-05 -3.9580537e-03
   196 : -4.5762949e-11  9.6891413e-11  6.0993009e-11
   197 :  4.9328385e-10 -8.2032637e-10 -2.7792356e-10
   198 :  7.1498599e-03 -2.7594362e-03  9.1234351e-04
   199 : -5.9321937e-03 -1.7235177e-02 -3.5577014e-03
   200 : -5.9338451e-10  1.2745377e-09 -8.0932745e-10
   201 : -6.4617928e-03 -9.2292618e-03  2.1607575e-02
   202 : -1.5262256e-04  1.3881213e-02  1.3025508e-02
   203 : -6.0409835e-12 -1.0523331e-13  3.4858134e-12
   204 : -3.7884783e-03  1.2429256e-02  1.7189470e-04
   205 : -1.0102069e-04 -8.1462157e-04  1.5942169e-04
   206 : -7.6222988e-12  1.6097539e-12  5.8850636e-13
   207 :  2.2724961e-10 -2.1683523e-10  4.1631009e-11
   208 : -1.2441917e-06 -1.3405945e-06  2.9412325e-06
   209 : -1.0852987e-01  6.9427794e-02  4.2577604e-02
   210 :  1.5776961e-03  2.9735469e-03  2.5652926e-02
   211 : -7.0051037e-12  1.2459961e-12 -7.0556800e-12
   212 : -1.0342942e-03  7.3658374e-03 -1.7294486e-02
   213 :  4.8800416e-10  7.7312135e-10 -2.8967578e-10
   214 : -3.5426863e-03 -3.3780122e-03 -8.2058762e-03
   215 :  1.5291929e-03  4.8612804e-03  1.5487404e-03
   216 : -1.4423578e-02  7.4924312e-03  5.7224652e-03
   217 : -4.6269462e-15  3.9339497e-15  2.6710153e-15
   218 :  3.7106305e-07 -6.3808193e-07 -4.5967892e-07
   219 :  5.1277454e-03 -5.9275728e-03 -9.6997610e-03
   220 : -6.5593978e-07  2.9239773e-06 -1.0738940e-05
   221 : -6.1590563e-09  4.6897774e-09  1.3936895e-08
   222 : -6.1630290e-04  7.2129339e-03 -1.3988518e-03
   223 :  8.7325666e-03  5.9777072e-03  7.7485376e-03
   224 : -3.7582187e-03  8.4266849e-03 -3.0768937e-03
   225 :  1.4433231e-05  4.4862518e-06 -4.1132101e-05
   226 :  2.8761931e-08 -1.2573120e-08 -1.0356060e-08
   227 : -1.1426157e-03  2.3960932e-04  3.2517952e-04
   228 :  3.6258740e-04 -8.9944410e-02  1.0755111e-01
   229 :  1.4096758e-04  1.1207884e-04 -8.8798893e-05
   230 :  1.4853307e-10  9.2280404e-10 -8.7243651e-10
   231 : -1.7782767e-10  5.9165711e-10 -9.0485615e-10
   232 :  1.2656735e-15  1.8448291e-15 -1.7660740e-15
   233 : -7.0708412e-09  9.3476123e-09  1.4224571e-08
   234 : -4.2865574e-03 -6.4898012e-03 -4.9312133e-03
   235 : -2.2074774e-02  3.3657741e-02  2.3899660e-02
   236 :  4.9876148e-08 -1.0382196e-07 -7.2010118e-09
   237 :  8.6023775e-07 -1.1447493e-06  3.1342371e-06
   238 : -2.2361860e-12 -2.0612991e-13  1.1648842e-12
   239 :  9.1086624e-09 -3.9659398e-09  9.7981412e-09
   240 : -2.3426255e-11  6.3254607e-12  5.5463146e-11
   241 : -7.0374934e-03 -6.0751929e-03 -2.5297159e-03
   242 : -2.2311671e-02  1.9599682e-03 -9.3691410e-03
   243 : -1.8678732e-03  4.0118318e-03 -1.5102608e-03
   244 :  8.0379046e-03  1.0569180e-02  8.1108608e-03
   245 :  6.6063891e-08  1.1800830e-07 -1.3946725e-07
   246 :  1.7672159e-04  2.0483994e-03  2.4595074e-03
   247 : -2.4902312e-03  7.2941877e-03 -7.2463344e-03
   248 : -1.2941887e-14  7.8337954e-14 -2.3390181e-14
   249 :  5.3362228e-06 -6.4448861e-06 -1.6207791e-05
   250 : -1.1026989e-02  6.6268091e-03 -6.8375253e-03
   251 :  1.9571766e-03 -4.2866072e-03  8.2216749e-05
   252 :  7.1372800e-09 -1.1871231e-08 -7.8558234e-09
   253 :  7.5162476e-12  7.1930234e-12  3.9445130e-12
   254 : -6.9905085e-03 -2.6856017e-03 -2.1066901e-03
   255 : -2.1388411e-03 -1.6737243e-03  1.4460951e-04
   256 :  7.5717734e-03  6.9681624e-03 -1.6275366e-02
   257 :  8.3627047e-03  7.1339289e-03  6.5861070e-03
   258 :  8.5749450e-05  4.8658567e-04 -2.0642778e-03
   259 :  2.0428085e-07 -3.5785859e-07  9.4339412e-07
   260 : -1.4635196e-02  3.8346934e-03  2.5818504e-03
   261 :  2.0239204e-02  6.2482094e-03  2.5070680e-03
   262 :  1.1493074e-07 -1.0478807e-07 -4.3089414e-08
   263 :  3.5043025e-09 -3.0017501e-09 -4.8050403e-09
   264 : -4.9942214e-04 -4.5170206e-04 -1.9395557e-03
   265 : -1.1149682e-02 -5.3374098e-04 -8.3716907e-03
   266 : -3.8358593e-05 -4.3338447e-05  3.0861335e-06
   267 : -3.6818455e-05  2.3102195e-04 -5.1380192e-05
   268 : -9.6647646e-12 -1.4490688e-10  4.5207946e-10
   269 : -6.7224945e-03 -1.6786857e-03 -3.3746126e-03
   270 :  3.1850329e-04 -9.4500648e-04  2.7893022e-04
   271 : -5.7985258e-03 -6.4046080e-03 -2.8258336e-03
   272 :  1.2622329e-04 -4.5484060e-05  7.6841767e-05
   273 : -6.4862782e-09  7.7743686e-09  8.3958437e-09
   274 : -8.3679524e-03 -1.3787010e-03  8.6426511e-04
   275 :  1.2883948e-08 -1.0121882e-08 -2.0511653e-07
   276 :  1.6059706e-02 -4.1061722e-03 -9.5031710e-03
   277 : -6.7161510e-09  1.4637057e-08  1.1826726e-08
   278 : -8.6631290e-03 -1.4456349e-02 -3.8186307e-03
   279 :  1.4665101e-02  1.8813525e-02  6.5320323e-03
   280 :  1.0453369e-02 -1.3860045e-03 -3.3133445e-03
   281 : -2.1861319e-03  2.0800142e-03  8.0782139e-03
   282 : -9.6535369e-04  3.2213647e-04  6.3467621e-05
   283 : -2.9470090e-06  4.8685614e-06  7.9397841e-07
   284 :  1.2282625e-08  1.3736487e-08 -3.6488521e-08
   285 : -1.2487714e-02 -7.7370809e-03 -6.8623336e-03
   286 :  1.3954341e-03  1.5048893e-03  6.1578686e-03
   287 :  2.3656174e-02  4.5591475e-04 -2.2539433e-02
   288 : -1.6329200e-03 -3.0199560e-03 -9.7040390e-04
   289 :  1.4034949e-02  1.3674542e-02  1.3734241e-02
   290 : -1.0480832e-02 -8.1808580e-03 -9.1183720e-03
   291 :  1.8537144e-02  1.7750561e-02  4.6915921e-03
   292 :  5.9480070e-03  8.0278680e-03 -1.1780142e-03
   293 :  4.9680821e-06 -5.1216447e-06 -5.6625251e-06
   294 :  2.4464114e-04 -2.3039951e-03 -7.8434063e-04
   295 : -4.2080843e-12 -1.4352364e-11  4.3346282e-12
   296 :  1.2681147e-02  1.0730680e-02  1.4618446e-02
   297 :  6.1152413e-04  1.8065901e-02  1.2092656e-02
   298 :  3.1146823e-02  1.3167438e-02  6.8751491e-02
   299 :  8.1156109e-13  1.8749441e-13 -7.6747083e-13
   300 :  6.2806320e-03 -1.0418180e-02 -1.2984375e-02
   301 :  1.1519576e-03  1.3725367e-03  9.4292545e-03
   302 :  1.6095171e-03 -3.5218852e-02  4.3391733e-02
   303 : -1.1847164e-02  1.0235295e-02  2.6026788e-02
   304 : -7.3435066e-03 -8.5981162e-03 -4.6582132e-03
   305 : -1.4817421e-03 -5.2477253e-05  3.5482922e-04
   306 :  5.6771899e-03  6.3087005e-03  7.2254699e-03
   307 :  8.7043909e-03  1.4360903e-02  8.7690327e-03
   308 : -1.6402991e-03 -1.9489513e-03  5.8257220e-03
   309 :  4.9083576e-12  1.8410570e-11 -8.1719655e-12
   310 :  6.6741520e-03  2.6274276e-02  2.0932840e-02
   311 : -1.8723664e-02 -5.8167754e-04  1.8013383e-02
   312 : -7.1068427e-11 -6.6345988e-11  9.0252388e-12
   313 : -9.8023996e-07  5.2965311e-06 -1.7262125e-06
   314 : -2.8941364e-12 -4.2712640e-12  1.2749661e-11
   315 :  1.7854273e-08  7.4567569e-08 -3.1944338e-08
   316 :  9.1833082e-03  9.2267233e-03  8.8167178e-03
   317 : -7.6038690e-13  6.4267021e-13  1.3119038e-12
   318 : -1.2034042e-03 -1.7399555e-03 -3.9620360e-03
   319 :  4.7465847e-03 -1.0174693e-02 -6.5431433e-03
   320 : -1.7675291e-02  1.8357837e-02  1.1580229e-02
   321 : -1.2555769e-03  7.8890334e-03 -4.2442450e-04
   322 :  1.2802257e-12 -3.2679225e-12  5.8956652e-13
   323 :  3.1902986e-13 -1.7146706e-12  3.9704762e-13
   324 :  1.5191459e-07 -3.7526415e-07  8.2983473e-08
   325 :  2.6193748e-06 -9.3060881e-07  2.4407094e-06
   326 :  7.5688722e-02 -1.6948763e-02 -2.0033543e-02
   327 :  7.4813740e-03  3.9001574e-01 -3.9310262e-01
   328 : -7.6925006e-03 -2.5907153e-03 -3.8899113e-03
   329 : -2.9827492e-08 -2.0636185e-07  1.2831449e-07
   330 : -5.6283873e-14 -4.6923752e-15  1.2681353e-13
   331 :  5.0376751e-04  2.2745663e-04 -9.5139747e-04
   332 :  5.9454719e-03  7.8139752e-04  2.2591606e-02
   333 :  7.2239576e-07 -2.5956375e-07  3.0407170e-07
   334 :  3.9334822e-04  9.6248632e-04 -3.1609879e-03
   335 :  2.7513221e-04 -5.6218990e-02  6.6784555e-02
   336 : -1.0096847e-02 -3.8534869e-02 -1.7651751e-02
   337 :  1.8463528e-11 -7.5582407e-11 -4.0293754e-11
   338 :  7.5288649e-03  7.3030887e-03  5.7200899e-04
   339 :  4.8428512e-08 -1.2933601e-07 -9.7743086e-08
   340 : -3.8546301e-03 -9.7160473e-05 -3.7391795e-03
   341 :  1.8816161e-11  5.7768205e-11 -4.0535526e-11
   342 : -2.4408413e-08  3.0661924e-08  1.9319723e-08
   343 :  9.0475722e-03 -2.0811374e-03 -2.2445989e-03
   344 :  9.1859125e-04  2.5556298e-04  4.8980793e-04
   345 : -7.9943629e-03 -4.3542527e-03 -1.2449027e-03
   346 :  6.3371344e-08  3.2250501e-08 -3.3489691e-08
   347 : -2.4458702e-04  6.2473833e-03 -3.7657254e-03
   348 : -1.5051589e-03 -4.3309165e-03  2.5772366e-03
   349 : -2.1983923e-03  5.0634359e-04 -1.3190304e-03
   350 : -1.5151696e-03 -6.6417221e-03 -3.1514764e-03
   351 :  5.9294634e-06  2.8488107e-06 -1.7558627e-06
   352 : -2.0401024e-02  1.9472167e-02 -1.0480513e-02
   353 : -6.1009604e-03  2.6140303e-03 -7.8065500e-03
   354 : -2.3363151e-04 -2.9419931e-03 -5.5614398e-04
   355 :  3.4309887e-04 -4.7299585e-03 -3.5177277e-04
   356 : -2.9767865e-11 -3.7081332e-11 -4.8675519e-11
   357 :  6.2038509e-03 -4.5649974e-03  1.9970179e-02
   358 :  4.2326318e-04 -1.2878956e-03 -1.1592684e-03
   359 : -3.2316627e-16  3.8287758e-16  9.6708418e-17
   360 : -5.1260859e-03 -7.3510450e-03 -1.0429711e-02
   361 : -1.5129425e-05 -7.6431844e-06  4.4005853e-06
   362 : -1.1884340e-03 -1.1688449e-03 -4.2040039e-04
   363 :  2.9530383e-04 -7.5213793e-05  3.9503351e-04
   364 : -5.0157396e-05  5.5469105e-05 -1.8194859e-05
   365 :  1.6721414e-02  4.9537766e-02 -1.1363956e-02
   366 :  1.5536001e-10 -3.2720963e-10 -2.2873376e-10
   367 : -5.4843722e-03  1.0766207e-02 -2.2382130e-02
   368 : -2.2418885e-03  3.8018501e-04  2.1388422e-03
   369 : -2.6714428e-03 -1.4116436e-03  8.7539455e-03
   370 : -1.6539530e-03  6.2059210e-03  4.2751707e-04
   371 : -3.6259924e-10  3.4814042e-11 -1.6373412e-10
   372 :  1.3727027e-03  1.8502993e-02  9.9097728e-03
   373 : -6.1529756e-03 -7.9265175e-03  3.1574667e-03
   374 : -5.5676302e-03 -2.6513175e-03 -6.5341528e-03
   375 :  1.3176280e-06  1.6176692e-06 -5.5904699e-07
   376 :  2.9170345e-11 -5.9636614e-11 -3.1314923e-12
   377 :  1.2028515e-02  9.5909296e-03  2.4821897e-03
   378 :  9.4939015e-04  1.6444818e-02 -4.1414874e-03
   379 : -2.7891851e-14  6.7090295e-14 -1.8056822e-14
   380 :  4.9327730e-04  6.6421461e-03  1.2850781e-02
   381 : -4.0245341e-04  2.6437483e-04  1.3560766e-04
   382 : -4.6682921e-05  8.5073721e-05  3.8027821e-05
   383 :  3.8638738e-03  8.5061269e-03 -1.3863292e-03
   384 :  1.9882956e-06 -8.0400499e-06  3.0049393e-06
   385 : -1.6281615e-02  1.9327499e-03 -1.5593777e-02
   386 :  8.8603287e-03  7.7855366e-03  7.7632220e-03
   387 :  3.5917085e-07 -6.1658859e-07 -8.7165014e-07
   388 : -9.1795190e-03 -4.5911183e-03  2.7012127e-03
   389 :  3.8895540e-04 -6.8487821e-04 -4.2496337e-04
   390 :  2.0437658e-03 -2.8337836e-02  2.9635733e-02
   391 :  2.1717160e-04 -9.8779669e-04  4.4878405e-04
   392 : -2.6486492e-03 -6.6002753e-03 -7.9349621e-03
   393 : -6.1188145e-04  8.5109188e-03  1.0205374e-02
   394 :  1.9875194e-05 -4.7660029e-05 -3.3443008e-05
   395 :  1.4276656e-02 -3.2175983e-03  1.0360895e-02
   396 : -1.9149800e-13  3.9111286e-13 -7.5615541e-13
   397 : -7.3863951e-04  9.3565549e-03 -7.0118295e-03
   398 : -1.6851172e-02 -1.8775118e-02  1.6143918e-03
   399 :  9.6170304e-03  1.1603159e-02  4.1445459e-03
   400 : -1.4703884e-02  4.1912515e-03 -8.5413827e-03
   401 :  6.8929251e-03  3.6788263e-04 -1.0930529e-02
   402 :  4.7268814e-05 -1.6882743e-05 -1.3319605e-05
   403 : -8.3959350e-05  2.3355753e-04  1.6027106e-05
   404 :  5.0164954e-11  8.5711564e-11 -2.5596591e-10
   405 :  1.6333944e-02  9.6784827e-03  1.2613134e-02
   406 : -4.6070138e-03 -6.3493643e-03 -6.7163345e-03
   407 :  7.2026240e-03  3.3454023e-03  3.2407307e-03
   408 : -5.4978596e-03  6.6510118e-03  3.3740700e-03
   409 : -1.3984451e-02  3.9930201e-03  1.3996031e-02
   410 :  1.4588181e-03  3.6925608e-03  1.6504312e-03
   411 :  2.6382245e-02 -1.5364298e-02  5.3706313e-03
   412 :  3.7642834e-03  3.1138000e-03  1.5265267e-03
   413 : -9.8569197e-12 -6.5919810e-12  2.4296269e-11
   414 : -5.0226633e-03 -4.2617106e-03 -7.1880877e-03
   415 :  1.6078365e-02 -5.6313563e-03 -1.2053812e-02
   416 : -2.3431815e-08  2.0280079e-08 -1.3698581e-07
   417 :  1.2689271e-02  3.8640236e-03  1.0732145e-02
   418 :  8.8805294e-03  6.3577047e-03  4.6545958e-03
   419 : -1.3473953e-09  3.3967203e-09 -5.9463495e-10
   420 :  1.2387171e-09 -3.2818252e-09  7.1157851e-11
   421 :  1.1309234e-07 -4.4691006e-07  2.0540548e-07
   422 : -1.4559709e-03 -2.6030856e-03  5.0048315e-04
   423 : -1.6981715e-02  3.6227727e-02 -1.5048501e-02
   424 : -2.6328755e-05  3.2380377e-06  7.7982454e-06
   425 : -1.5399620e-06 -3.4233158e-06  1.1398337e-06
   426 :  1.4736636e-04  1.4352229e-04 -5.8527400e-05
   427 : -1.3755289e-03 -7.5825571e-04  4.1589871e-03
   428 : -6.3667000e-07 -4.1145209e-05 -5.3433241e-05
   429 :  1.2829635e-02  1.7287995e-02  5.3059378e-03
   430 : -6.8098859e-03 -9.8473741e-03 -5.6369644e-04
   431 :  1.7121360e-02  1.4331711e-02  1.3080547e-02
   432 :  9.6433038e-03 -2.7859794e-03  1.0254754e-02
   433 : -2.2202259e-11  5.0958376e-11  6.2317381e-12
   434 :  6.5243819e-04  9.3186267e-03  7.8344273e-03
   435 :  2.6970763e-02 -6.2859665e-03  1.8355981e-02
   436 :  1.5609304e-06  1.9571380e-06 -2.6660769e-06
   437 : -1.5211295e-02 -2.9117909e-02 -3.8081667e-03
   438 : -7.0557733e-03 -4.1758848e-03 -6.4946136e-03
   439 :  2.9218114e-03 -2.0516136e-04 -1.7545805e-03
   440 :  2.5516912e-09  1.2672839e-08 -1.0551632e-09
   441 : -1.4808426e-12 -1.5149954e-12  1.3040159e-11
   442 :  8.7570980e-03  7.3651887e-03  1.2003850e-02
   443 :  6.2780943e-02 -2.1203104e-02  3.4751325e-02
   444 :  1.1694934e-02  7.4703180e-03  7.4418167e-04
   445 :  4.9921569e-03  4.3638625e-03  9.3163546e-03
   446 : -4.9900205e-03 -5.4577452e-03 -3.0479928e-03
   447 :  1.4754669e-02 -3.5265672e-03  7.7642564e-03
   448 : -1.7809317e-03 -1.1691802e-02 -7.0160830e-03
   449 : -1.4486980e-11  2.9382737e-11  2.1064368e-11
   450 :  1.8954849e-12 -1.6962763e-12 -2.6735969e-12
   451 : -1.0141934e-02 -2.6234854e-03 -8.0374218e-04
   452 : -5.4709957e-04 -3.5741862e-03 -4.8179767e-03
   453 : -3.5727346e-03 -8.6944726e-03 -1.9268175e-03
   454 : -2.2222067e-03 -3.8704352e-03 -6.3179955e-04
   455 :  1.2704427e-04 -7.3927231e-05 -4.9517205e-05
   456 :  1.2117629e-02  6.4413780e-03  1.3876990e-02
   457 : -4.8330586e-12  1.4662915e-11 -1.7986562e-12
   458 :  2.9806431e-04 -8.7713760e-04  2.7072771e-04
   459 : -8.4004210e-03 -1.9420671e-02 -8.4907054e-03
   460 : -7.8631290e-03 -1.1483913e-02 -6.7345778e-03
   461 : -6.4787510e-04  1.1909806e-02  8.4318735e-03
   462 :  2.7393408e-02 -1.3576539e-02  2.3969021e-02
   463 :  3.2535804e-08  2.2195757e-08 -1.1239467e-07
   464 :  1.3325537e-03 -6.1835728e-03  7.2717791e-03
   465 : -3.7905795e-03  1.4247655e-02  9.3901224e-03
   466 :  9.5765900e-03  8.5657579e-03 -5.9564395e-04
   467 :  4.7612982e-09  3.5498090e-08 -5.5679306e-08
   468 : -1.2271655e-06  1.2558967e-06 -4.5193374e-07
   469 : -1.5089376e-13  4.8825254e-14  1.2143865e-13
   470 : -1.1988840e-11  1.4015980e-11  6.1563879e-13
   471 : -1.4405267e-05  6.4617343e-06  1.0215884e-05
   472 :  2.1699201e-07 -4.1163230e-07 -1.7669632e-07
   473 :  5.5906172e-03  1.2054917e-03  8.0587649e-04
   474 :  9.0339813e-10 -1.3697834e-10 -1.0469939e-09
   475 : -2.9225950e-05  1.6621359e-06 -2.0825677e-05
   476 : -2.4927271e-05 -1.2421177e-05  1.1434126e-05
   477 :  3.8587201e-13  2.0516077e-13 -1.2171118e-12
   478 :  1.5134191e-02 -9.4987303e-03 -1.6144532e-03
   479 : -3.9277341e-14  9.3154741e-14 -1.2359997e-14
   480 :  7.1693800e-03  5.6883082e-03 -1.0749868e-03
   481 : -5.6221841e-05 -5.6992425e-05  2.5898788e-04
   482 : -1.2431447e-08  2.4703608e-08 -7.7203439e-09
   483 :  8.3189424e-03  6.8713353e-03  4.1668844e-03
   484 : -2.5417893e-03 -2.1726643e-02 -2.3596083e-02
   485 :  2.6357044e-02 -1.8698563e-02  7.1931796e-02
   486 :  1.0019522e-03 -8.6522355e-04 -4.1564801e-03
   487 : -3.6994102e-04  2.3755112e-02 -3.7846351e-02
   488 : -1.6788711e-03  4.7075508e-03  3.8406181e-03
   489 : -4.9877578e-10  3.3334203e-10  2.3285220e-10
   490 : -1.5709467e-09  7.4078731e-09 -5.4586273e-09
   491 : -5.3888246e-09 -9.3531846e-09  4.1989777e-09
   492 :  1.1506171e-02 -1.2317408e-02  3.0116452e-02
   493 : -1.3203897e-03  3.0663887e-04 -1.6884327e-03
   494 : -2.1069816e-03 -2.5502595e-03 -2.7417519e-03
   495 :  1.0314782e-02  1.3477356e-02  1.7115332e-02
   496 :  5.2264122e-08  5.2450874e-06 -4.2573912e-06
   497 :  1.5868116e-11  7.1968459e-12  3.5027778e-12
   498 :  3.1358909e-12 -1.7896137e-10  1.2932947e-10
   499 :  1.0642595e-02 -3.9794186e-03 -1.4418023e-03
   500 : -5.2246528e-13  1.0043414e-12  1.3369050e-12
   501 :  4.3975794e-13 -1.9663554e-12  4.0586501e-13
   502 :  5.3690866e-03 -3.4599375e-03  6.7875866e-03
   503 :  1.2089644e-03  3.8671911e-04  8.7550973e-04
   504 :  1.5900747e-02 -1.1553044e-02  1.3260381e-02
   505 :  1.2628172e-03 -1.2944061e-03  8.7492456e-03
   506 :  1.7575217e-08 -3.7365835e-08  8.2885575e-09
   507 : -3.8204436e-07 -2.6062498e-07  6.9127668e-07
   508 : -1.7534228e-07  5.8965000e-07 -1.8971289e-07
   509 : -7.2823176e-03 -6.5900085e-03 -1.0834407e-02
   510 : -7.3624130e-07  3.2682305e-06 -1.2843354e-06
   511 : -2.7682377e-03  6.1641557e-03  5.8842809e-03
   512 :  2.1423960e-04  2.5528816e-04 -3.9071037e-05
   513 :  2.2239702e-02  3.0432701e-03 -8.5137501e-03
   514 : -7.4532695e-03 -5.5719450e-03  4.0325213e-04
   515 :  1.2075979e-02 -6.3346161e-03  1.4267130e-02
   516 : -4.9514885e-07 -9.5767282e-07  4.5159530e-07
   517 :  1.0324859e-02  4.6069148e-03  7.5710950e-03
   518 :  1.3602950e-02 -7.9896547e-03  2.7081614e-02
   519 :  3.1716540e-03  5.3722732e-03  1.0719965e-02
   520 :  2.4794452e-03 -2.9675325e-03  1.3853302e-02
   521 : -3.1584743e-03 -6.5054426e-03 -6.0407615e-03
   522 : -3.5080291e-04 -2.8453045e-03  5.4413063e-04
   523 :  9.7011403e-03  1.4650607e-01 -1.1309916e-01
   524 : -7.8788416e-03 -1.2454712e-01  1.1623637e-01
   525 : -2.1107415e-02  1.1584793e-02  6.3019413e-03
   526 : -5.0476709e-06 -4.4075431e-05  1.4337166e-04
   527 :  5.0784078e-11 -2.8766025e-10 -1.6915767e-10
   528 :  8.7271448e-03  3.9857768e-03  2.4844371e-03
   529 :  1.1044326e-03 -2.0743402e-03  3.7224938e-04
   530 : -1.0025479e-03 -1.2510680e-03 -2.6325942e-03
   531 : -1.8722041e-03 -6.4636412e-03  5.6062952e-03
   532 : -1.4254778e-03 -2.3309818e-03  6.9426676e-04
   533 :  4.9852940e-15 -6.5569703e-15  8.8195396e-15
   534 : -9.6271724e-16 -3.4836344e-15  5.6609666e-15
   535 : -4.9960179e-09 -1.3481737e-10 -1.8461331e-09
   536 :  9.4433539e-03 -3.9180973e-04  2.8543750e-03
   537 :  6.0387372e-04  1.1408895e-03  2.0690254e-03
   538 :  1.6778305e-03 -1.8614059e-02 -7.8448195e-04
   539 : -1.5533975e-10  1.0146321e-09 -1.0785659e-09
   540 :  1.7579022e-08 -5.5798459e-08  2.4239540e-08
   541 : -5.7340078e-08 -1.9600742e-07  4.3907757e-08
   542 :  6.9901142e-04  1.1575451e-02  2.4139068e-03
   543 : -4.2186936e-11 -1.3490012e-10  2.7837162e-10
   544 :  1.3193173e-02  1.4483146e-02  1.4841858e-02
   545 : -1.8334396e-06  4.8020816e-06  7.3637270e-06
   546 : -4.1211133e-04 -1.6664415e-03  6.9623127e-03
   547 : -1.5314469e-08  3.9663888e-08 -3.0772306e-10
   548 : -2.2822571e-04 -5.5225123e-03 -2.3598349e-03
   549 : -2.8080121e-07 -6.1538919e-07  1.6967160e-06
   550 :  1.5149604e-03 -3.8130548e-03  2.8075801e-02
   551 :  1.0243330e-02  1.1835118e-02  8.2873931e-03
   552 : -1.9690118e-03 -6.2070942e-03 -4.1503673e-03
   553 :  8.5173892e-03 -6.0246736e-04  2.4614891e-02
   554 : -9.4866570e-07  6.2165700e-06 -7.5459058e-07
   555 : -1.3094246e-03  7.6395232e-03  1.3343987e-03
   556 : -6.1963988e-07 -8.6089192e-07  3.4783618e-07
   557 :  9.4709827e-03 -1.1255964e-02 -1.5054878e-03
   558 : -5.0537472e-03 -1.0590469e-03  8.9284161e-04
   559 : -4.1380394e-03  8.8553371e-03 -2.4550052e-03
   560 : -3.9889374e-04  6.6761219e-03  2.3270789e-02
   561 : -1.1830076e-02 -6.9068788e-03  4.2935045e-03
   562 : -1.3732381e-03  4.6307333e-03 -1.0023615e-03
   563 : -2.5603903e-12  1.0725510e-12  6.6377672e-13
   564 :  7.2979212e-03  1.1889401e-02  1.2311172e-02
   565 :  7.2907532e-03  8.3355530e-03  5.9227134e-03
   566 :  1.6981348e-07  1.2362601e-07 -3.6451011e-07
   567 : -9.9199730e-03  2.8740344e-02  9.7398984e-03
   568 :  1.1825078e-04  2.5293011e-02 -2.9519199e-02
   569 :  1.2639029e-02  1.1560112e-02  1.2195205e-02
   570 : -7.8873967e-07  5.9389704e-06  5.3252511e-06
   571 : -4.5821881e-04  8.1119379e-04 -2.8644910e-03
   572 : -9.9749089e-13 -3.1660698e-12  1.4294339e-12
   573 :  2.1903419e-03 -3.7586990e-03 -8.4300903e-03
   574 :  3.4951393e-03 -5.7653385e-03  2.2133571e-03
   575 : -3.3912057e-03 -2.6445614e-03 -7.8635429e-04
   576 : -3.3052874e-03 -1.9426505e-03 -7.1144921e-03
   577 :  9.8960342e-04 -2.5007437e-03 -1.1364582e-03
   578 : -4.9148603e-14  1.5404577e-13 -8.7341696e-14
   579 : -7.8829697e-04 -4.7870371e-03  5.5081106e-03
   580 : -3.3869831e-03 -3.5449478e-03 -6.3003439e-03
   581 :  8.1489388e-07  8.7515453e-07  1.9265876e-06
   582 : -4.6038550e-14  7.4342565e-15 -5.2063794e-15
   583 : -9.5037677e-05  2.2006779e-04  1.8210116e-04
   584 :  2.3606094e-11 -5.3136826e-11  9.4624384e-13
   585 : -3.0714740e-03 -1.8564952e-03 -6.3368848e-03
   586 :  1.5232087e-08  6.2117317e-09 -6.8595220e-08
   587 : -5.8276063e-05  1.6766980e-04 -2.7781932e-05
   588 : -3.3645582e-07  2.0616987e-07  7.6912520e-08
   589 : -6.5583864e-03  9.0149316e-03 -1.1947610e-02
   590 : -4.4272422e-03 -6.8461110e-04  1.8879811e-03
   591 : -3.7358535e-13  5.8867867e-13  1.8577679e-13
   592 :  1.8484730e-07  7.7279510e-07 -2.0098639e-06
   593 :  6.5656777e-03  1.1225085e-04  2.8492950e-03
   594 : -1.0922220e-03 -6.1824195e-04  2.0217662e-05
   595 :  2.5111016e-02  2.0866797e-02  7.2198074e-03
   596 : -2.9666671e-03 -2.4390826e-01  2.7888230e-01
   597 : -2.1871481e-03 -2.7550758e-04 -9.2794714e-04
   598 :  8.7727327e-05  2.6443357e-04 -1.3700477e-04
   599 : -1.5981284e-02  3.2753477e-04 -2.5834050e-03
   600 : -5.0741023e-03 -2.5114313e-02 -4.2634877e-03
   601 : -7.2181429e-03 -1.8546050e-03 -2.7820541e-03
   602 :  3.3807145e-08  8.8293251e-08 -3.8168329e-08
   603 : -8.6137477e-10 -4.8507619e-10  6.2260819e-10
   604 : -7.8374475e-05  6.4775414e-05 -6.1348962e-05
   605 :  6.6152887e-04 -1.2461500e-03 -8.5882858e-04
   606 : -3.2111609e-03  5.1620108e-04 -2.8270090e-03
   607 :  3.6865843e-03  1.6030522e-02  1.7188740e-02
   608 : -1.2491719e-07 -1.9587435e-07  5.3894100e-08
   609 : -3.9328984e-07 -1.4324251e-05  4.0479588e-06
   610 : -2.1841288e-09 -3.7322989e-09  1.1285426e-08
   611 : -7.7751569e-03 -2.2951453e-03 -1.2857043e-03
   612 :  4.6290232e-02  6.2820528e-03  1.8171052e-02
   613 :  1.1824039e-02  1.1941838e-02  9.9152522e-03
   614 : -4.4640229e-02  7.1117236e-02 -9.5523200e-02
   615 :  1.2519410e-02  1.2625488e-02  4.8518585e-03
   616 :  2.0707335e-10 -2.3026399e-10 -2.1300916e-10
   617 :  4.5192953e-03  8.7398318e-03  5.2023111e-03
   618 : -4.6927189e-04 -9.2607019e-04  5.7705897e-04
   619 : -3.0722138e-08  8.7224768e-08 -4.1568601e-08
   620 :  3.3845211e-04  5.9053270e-05  3.2955915e-04
   621 :  5.0147312e-02  1.0826729e-02 -7.6886515e-03
   622 :  8.5399685e-03  6.1007634e-03 -9.2572912e-04
   623 : -1.2115300e-02  2.8933415e-03 -3.8768178e-04
   624 : -1.6485488e-03 -4.7032022e-03  3.8415023e-03
   625 :  3.4423129e-03  1.2791229e-02 -1.8438345e-04
   626 : -8.3813403e-14  3.5862285e-13 -1.3059788e-13
   627 : -3.9500688e-09  2.9125838e-09  4.8095953e-09
   628 : -7.9395812e-05  1.2028589e-04  6.4589015e-05
   629 : -9.9455664e-03  3.0177991e-03  6.3289912e-04
   630 :  9.9382646e-03  4.7486090e-03  7.7611621e-03
   631 :  1.0860976e-02  1.1115889e-02  8.1370277e-03
   632 :  3.7821501e-11 -4.1897941e-11  3.1086254e-11
   633 : -8.4378284e-03 -3.9050661e-04  5.9745860e-03
   634 :  1.2498295e-02  1.2568294e-02  1.4866924e-03
   635 : -5.8617276e-03 -6.4415280e-03 -6.7507231e-03
   636 :  2.1790730e-04  6.5459734e-04  1.1466565e-03
   637 :  8.9898647e-03  1.1176344e-02  9.2500035e-03
   638 :  6.8817305e-03 -3.4191239e-03 -1.5767285e-03
   639 : -2.2803080e-03 -6.9028080e-03 -6.6825631e-03
   640 : -3.3049662e-03 -7.8066352e-03 -3.4909157e-03
   641 :  8.3311301e-08 -1.9856457e-07  7.8674127e-08
   642 :  2.3522250e-02  3.9738296e-03 -2.8174535e-02
   643 :  1.1478997e-02  2.1743749e-03  3.5857776e-03
   644 : -3.2095403e-02 -2.7497657e-02 -1.5375453e-02
   645 : -9.1414251e-04 -6.9287718e-03 -7.4158816e-03
   646 :  1.2366134e-02  2.4395130e-03  1.9396877e-02
   647 : -1.4779763e-02  4.6335115e-03  3.1829362e-03
   648 : -3.3724587e-03 -1.4336072e-03  8.4322451e-04
   649 :  1.1942105e-02  1.3468135e-02  1.2126962e-02
   650 :  3.2279157e-03  1.7823140e-02  5.0355949e-03
   651 :  3.8518678e-02  3.4851032e-03 -2.8896366e-02
   652 : -4.0841601e-03 -5.4029383e-03  1.0347187e-02
   653 :  1.6936283e-02  1.3490897e-02 -1.4571586e-03
   654 : -2.6302696e-05  7.7858013e-06  3.9039909e-06
   655 :  3.4503973e-03  1.5928163e-02  3.2345705e-03
   656 :  6.5546332e-05 -4.8961539e-03 -1.6383983e-03
   657 : -1.4817376e-03  1.1190723e-02  6.7158695e-04
   658 :  2.4750854e-03  7.4317599e-04 -1.4610991e-03
   659 :  7.0997649e-03 -1.1130584e-02 -1.6772899e-03
   660 :  6.8872530e-03  8.7843842e-03 -1.9689122e-03
   661 : -1.6305480e-02  1.2535240e-02 -4.5343022e-03
   662 : -6.9692697e-04  1.5591159e-04 -9.3971143e-04
   663 : -6.3164600e-04 -2.9591818e-03  6.9972430e-03
   664 : -5.7035821e-03  2.1941611e-02  8.2733677e-03
   665 : -5.6539972e-03  3.6331355e-03 -1.6489666e-03
   666 : -4.9868454e-11  9.4999910e-11  4.7744785e-11
   667 :  9.3266383e-07  8.8677161e-07  1.5223154e-06
   668 : -3.3201151e-03  2.5363734e-03 -1.3012653e-04
   669 : -1.2353035e-13  1.4785396e-13  2.7132005e-13
   670 :  4.2723744e-03  2.3015216e-03 -1.1829402e-03
   671 : -3.4011131e-03 -4.7149498e-03 -3.1292025e-03
   672 : -6.0997501e-04 -1.5875672e-03  9.3355102e-04
   673 :  2.3763675e-03 -9.3254834e-05  7.1545747e-03
   674 : -3.3808198e-03  4.8251633e-03  3.9879068e-03
   675 :  1.1088224e-02  4.5836085e-03  1.2245248e-02
   676 : -1.1918260e-02 -1.6662172e-01  1.6084666e-01
   677 :  1.1067801e-02  1.3602606e-03  1.1892705e-02
   678 : -1.0783518e-03  5.4654059e-04  9.9159119e-06
   679 :  4.1307115e-03 -1.0267344e-02 -4.1997818e-03
   680 :  8.5331326e-03  7.4829649e-03  4.8207648e-04
   681 :  5.0526139e-07 -3.5627051e-07  1.1876400e-06
   682 : -4.7065562e-07  1.2558984e-06  6.3471063e-07
   683 :  3.5584902e-06 -8.8773190e-06 -1.1835442e-05
   684 :  9.7972722e-08 -9.7145615e-08  1.2286548e-07
   685 :  3.2151498e-03  7.3259761e-03 -7.6378924e-04
   686 :  1.1032827e-02  1.2059491e-02  8.4270428e-03
   687 :  1.5116366e-08  4.1534370e-07 -1.4769004e-06
   688 :  2.8176811e-03 -2.4151434e-03  1.2472836e-02
   689 : -2.6505536e-03 -1.4606912e-03  6.6552766e-03
   690 :  1.2589827e-02  1.1312351e-02  1.0188732e-02
   691 : -6.3939128e-03 -6.2671699e-03 -6.9277951e-03
   692 : -4.9348083e-03 -1.3605447e-03 -1.1157352e-03
   693 : -1.1016962e-13  3.6150658e-13  2.5158988e-13
   694 : -3.0740160e-09  5.3501507e-09  8.1841128e-09
   695 :  7.0449804e-03 -1.1619032e-03  3.6329134e-03
   696 : -1.2110764e-02 -2.4389116e-03 -2.8407432e-03
   697 : -8.8469844e-03 -3.1710189e-02 -2.7376112e-02
   698 :  6.2516249e-03  6.7766601e-04  6.2387501e-03
   699 : -1.3855503e-03  9.2145915e-05 -2.4615395e-03
   700 :  2.8342002e-12  4.5630194e-12 -1.3464279e-11
   701 : -6.0914601e-11  1.8331512e-10 -5.5194168e-11
   702 :  1.9536674e-06  4.9523571e-06  6.1258294e-06
   703 : -5.2921057e-04 -5.0048824e-03 -1.1373856e-03
   704 : -6.7666568e-03 -1.1477305e-02 -4.1633043e-02
   705 :  3.8134017e-09 -6.5564676e-08  4.6501994e-08
   706 : -2.3027654e-01  1.9349957e-01  4.1812630e-02
   707 :  2.5667834e-02 -6.2632100e-03  2.5323163e-02
   708 : -6.1405438e-03  5.5418764e-03  1.4419735e-02
   709 :  5.6631497e-03  3.8723835e-02 -1.1002431e-02
   710 :  3.8669834e-04 -7.6447635e-05 -4.4058730e-06
   711 :  3.8855893e-03  6.7530095e-03  1.4539496e-02
   712 :  1.1505116e-02  1.2096371e-02  7.7413583e-03
   713 :  2.9997677e-03  8.2481709e-03  4.9246869e-03
   714 : -6.4511898e-04 -2.2904742e-03 -1.1150460e-04
   715 :  1.1875552e-02  6.0811385e-03  5.3364884e-03
   716 :  6.3830926e-09 -7.9049626e-09  1.6081344e-08
   717 : -2.0016636e-03 -6.3479854e-03 -4.3055057e-03
   718 :  3.7946708e-03  1.7675836e-02 -6.9774442e-03
   719 : -5.5161684e-03  2.3681264e-03 -1.4468530e-03
   720 : -4.6440197e-03 -7.2862162e-03 -3.7906592e-03
   721 :  4.2636524e-02 -2.8210953e-02 -7.7922975e-03
   722 : -3.6042143e-07  2.6325230e-07 -2.1675275e-07
   723 : -7.1908699e-07 -5.9249736e-06  5.7286847e-06
   724 :  5.6890765e-07  1.5013838e-06 -4.7727431e-07
   725 :  9.0974275e-03  1.1718627e-02  1.2017208e-02
   726 :  5.9386972e-03  3.9181614e-04 -2.2069202e-03
   727 :  9.4421876e-03  8.9336377e-03  1.2288025e-02
   728 : -1.0670783e-03 -5.3754203e-03 -6.6028399e-03
   729 :  2.1781543e-02 -8.7018437e-04 -7.8164649e-03
   730 :  5.1707526e-03  5.4174963e-03  6.6548810e-03
   731 :  1.7802335e-06 -1.5513625e-06 -3.6968819e-08
   732 : -7.9557689e-04  1.0887751e-04  2.6851831e-04
   733 : -6.1380814e-03 -6.1424424e-04 -1.6673632e-03
   734 : -1.9899861e-02 -7.7198980e-01  9.0044368e-01
   735 : -8.2270901e-03 -6.7015876e-01  6.5396892e-01
   736 : -7.7739660e-03 -1.7577701e-03 -2.1579579e-03
   737 :  1.2332673e-02  7.9462817e-03  9.9691065e-03
   738 : -1.0035934e-03  5.3977016e-04  5.6813265e-04
   739 :  1.4615601e-03 -6.4857850e-03  1.9351804e-03
   740 :  5.1618473e-03  8.0184022e-03  2.9332580e-03
   741 :  1.0644934e-03  7.0950375e-03 -2.3742954e-03
   742 :  2.1432292e-02  9.3583652e-03 -1.1266512e-05
   743 :  3.6758502e-03 -1.4079574e-03 -4.4357027e-03
   744 : -7.7607210e-03  1.9451886e-02 -6.8401603e-03
   745 : -1.3987881e-07  1.9568022e-07 -2.0315427e-07
   746 : -1.5601016e-07 -1.3805788e-05 -1.8487588e-05
   747 : -1.1407598e-03 -1.9788495e-03 -2.1548854e-03
   748 :  4.9159217e-03  6.0014735e-03  9.2024517e-03
   749 : -4.0140197e-03 -1.2673556e-02 -5.7788748e-03
   750 :  3.5881049e-08  5.8758996e-08 -1.7670358e-07
   751 : -7.2028107e-04  8.7954355e-04  2.5071251e-03
   752 :  4.1824637e-02  2.7264285e-02  5.1364361e-03
   753 : -1.4026943e-02 -1.1804188e-02 -3.5338125e-03
   754 : -5.3744979e-05 -3.3136864e-05  1.7993463e-04
   755 : -6.0070111e-04  1.1192642e-02 -8.6208940e-03
   756 :  1.0751864e-02  2.1972674e-02  2.8927796e-03
   757 :  1.2273096e-13  5.8897427e-14 -1.1354896e-13
   758 :  3.2300889e-02  2.4147941e-02  2.2543688e-02
   759 :  7.1272169e-03  8.7679160e-03  4.0622557e-04
   760 : -1.8955390e-05  9.9009771e-03 -2.6752295e-03
   761 : -3.4427463e-04  3.8514284e-03  1.4772276e-04
   762 :  3.1193380e-02  6.3455715e-02 -2.3872880e-02
   763 :  1.6694614e-09 -5.6001237e-09  1.6935201e-09
   764 :  2.2179257e-10  4.8963721e-10 -2.8182258e-10
   765 : -3.1654766e-04 -1.5906917e-04  1.8880366e-03
   766 : -2.3210945e-03  1.3724898e-02 -6.4579205e-03
   767 :  1.7360210e-02  3.0110715e-01 -2.4086622e-01
   768 : -3.5140657e-08 -1.9084875e-07  1.0750486e-07
   769 : -8.4115189e-04  1.8797044e-04  1.2212039e-03
   770 :  1.5982155e-02  4.5304113e-03  3.3840954e-03
   771 : -8.4474843e-04  5.0611805e-03 -9.8536763e-03
   772 :  6.7808573e-03 -1.2931175e-03  8.0380586e-03
   773 : -1.1035572e-04  9.9488750e-03  1.9153312e-02
   774 :  8.6783542e-03  6.2206984e-05 -1.5339243e-03
   775 :  6.6437572e-02 -2.4255550e-01  2.6704264e-01
   776 :  8.9282497e-04  8.5852176e-03  1.2227356e-02
   777 :  3.5642649e-03  6.6815087e-03  3.6685614e-03
   778 : -2.5810998e-03 -5.5377160e-03 -6.6573458e-04
   779 :  4.8546072e-05 -6.1739206e-05  7.1686819e-06
   780 :  3.8749722e-02 -1.1054594e-02 -1.0798563e-02
   781 : -1.8047322e-07  8.8748903e-08 -1.0727326e-07
   782 :  5.8423299e-14  1.5576675e-14 -1.1696983e-13
   783 : -2.2756674e-02  6.4506569e-03 -2.5441653e-05
   784 : -1.9532068e-02 -3.2155355e-02 -1.8396763e-02
   785 :  1.6586464e-07 -5.4425591e-07 -1.1289575e-07
   786 :  1.9415303e-02 -1.3206203e-02  2.6985941e-03
   787 : -3.1085175e-03 -2.9309111e-03 -7.1190628e-04
   788 : -3.5236161e-07 -1.0262181e-07 -2.7364734e-07
   789 :  2.6353110e-06  7.4739755e-06  1.3345529e-05
   790 :  1.5070960e-02  1.3474044e-02  7.6610466e-03
   791 :  1.8683057e-02  1.0480840e-01 -6.8535547e-02
   792 :  7.7770790e-03 -2.7079183e-03  7.5016036e-03
   793 :  6.7869801e-03 -3.9737390e-03 -1.7186494e-03
   794 : -9.4514759e-04 -9.0117007e-03 -6.0252759e-03
   795 :  8.4924529e-03  4.4643624e-03  1.0573880e-02
   796 : -3.6345827e-03 -1.0554557e-02 -2.8939141e-03
   797 :  8.6102696e-08 -9.0317740e-08  2.6498683e-07
   798 : -5.7248817e-03  4.6181607e-02 -5.4574095e-02
   799 : -1.7332520e-03 -1.4735356e-03  1.9193010e-04
   800 : -6.0030969e-04 -1.1913850e-04  1.2763753e-03
   801 : -8.5076378e-06  2.1203535e-05 -4.6389321e-06
   802 : -1.3004236e-02 -3.8304502e-01  3.7815586e-01
   803 : -9.0125161e-04 -2.2069495e-03 -1.1085916e-05
   804 : -2.4937214e-04  1.8590040e-03  1.3398676e-03
   805 : -2.5983472e-03  4.8712026e-03  5.7012965e-03
   806 : -2.0809884e-05  3.8042253e-05  1.9986499e-05
   807 : -9.2432252e-08  4.9627424e-08  5.6631450e-08
   808 :  6.9206435e-03 -1.1605108e-03 -2.0809799e-04
   809 :  1.4931720e-03  1.1796923e-02  8.0705079e-03
   810 :  1.3029050e-06 -8.4159816e-07 -2.8323109e-06
   811 : -2.9154640e-14  1.7883018e-14 -3.2676569e-14
   812 :  1.0619992e-02  7.8211111e-03  3.8326459e-03
   813 : -5.5495966e-03 -1.9890578e-01  2.1939898e-01
   814 : -2.8069075e-13  8.9631836e-15  2.6110716e-13
   815 :  5.3047814e-15 -2.6212931e-15  1.6084258e-15
   816 :  4.2684265e-11 -1.0253338e-11 -1.4966624e-11
   817 : -1.6159260e-13 -3.6435435e-12  4.1851065e-12
   818 : -7.4041852e-14 -1.0820878e-12  8.9400093e-13
   819 :  2.2149470e-02 -1.3264934e-02  3.9775148e-03
   820 :  8.8322636e-14 -2.3310973e-13  5.0656768e-14
   821 :  1.3148091e-02  3.7954138e-02 -1.6910582e-02
   822 : -2.8387870e-02 -4.3253625e-02 -1.2675695e-02
   823 : -5.5010718e-05  2.1245153e-04 -1.7580685e-05
   824 : -1.0626001e-03  9.7929789e-04 -1.1504340e-03
   825 :  3.3898247e-09 -3.7776443e-10 -6.8786118e-09
   826 :  2.6095693e-03  3.9334980e-02 -4.4924233e-02
   827 :  1.4566283e-05 -1.0300913e-05 -9.2612738e-07
   828 : -8.7054203e-04 -2.6208547e-04  2.4529601e-04
   829 : -1.8356094e-03 -7.2389775e-02  8.3553365e-02
   830 :  1.6659358e-02 -6.6040778e-03  4.0141106e-02
   831 :  8.0527410e-03 -2.9067663e-01  3.1213873e-01
   832 :  1.1555219e-02  5.0900460e-02 -2.0173857e-02
   833 : -5.2905576e-03  1.3982533e-03 -2.5442990e-02
   834 : -3.7394482e-12  3.0699974e-12 -3.1421107e-12
   835 :  6.7610601e-16 -6.5596697e-15  6.6201461e-15
   836 :  8.0062255e-03 -2.9903409e-02  3.5601970e-02
   837 :  1.4811005e-06 -6.7143356e-07  3.6016960e-06
   838 : -7.7007583e-04  4.8045266e-03 -5.5325121e-03
   839 :  7.6549191e-04 -1.9228552e-03 -1.4003364e-03
   840 :  1.1792027e-07  1.1861531e-06 -3.4106922e-06
   841 : -1.6452543e-04  2.7213117e-05  9.9752829e-05
   842 :  7.4535613e-03 -4.7803280e-03  1.2330179e-02
   843 :  2.4138186e-05 -5.3395866e-05 -1.0085984e-05
   844 :  4.0220321e-03  2.2619216e-02 -4.8691010e-04
   845 :  9.8336057e-10 -3.1491412e-09  7.0018014e-09
   846 : -1.0081589e-03 -1.5781014e-01  1.7662976e-01
   847 :  1.2135899e-02  1.9977098e-02  5.3563449e-03
   848 : -3.0650406e-16 -5.5453895e-16  3.9476597e-16
   849 : -1.5039768e-03  1.2094204e-03  2.2833751e-04
   850 : -1.5457831e-03  1.3340237e-04 -2.2355787e-03
   851 : -3.7789093e-05  3.0035695e-04  2.4678897e-04
   852 :  2.4858903e-10 -4.1656152e-10  3.4434549e-10
   853 : -8.7316930e-03 -9.5832607e-03 -1.8974005e-02
   854 :  1.6486622e-16 -3.6422684e-16 -8.2681269e-17
   855 :  4.0726909e-03 -1.2187664e-02 -4.6312746e-03
   856 : -2.6635032e-03  1.2582813e-02  2.4179284e-03
   857 :  5.6653506e-03 -5.4453766e-03  9.0800157e-03
   858 :  1.5548571e-03 -2.6931165e-03 -2.2631920e-04
   859 :  1.8847949e-09 -1.7930258e-09 -6.4624566e-10
   860 : -2.6666075e-03 -3.8914860e-05 -2.0857228e-02
   861 : -9.8791021e-03  7.3358428e-03 -1.0127563e-02
   862 : -1.1184696e-02  9.4308789e-03  1.2572817e-02
   863 : -8.3724675e-03  4.2631223e-04  2.1239962e-04
   864 :  1.5747853e-03  1.2768490e-03  8.4385321e-03
   865 :  5.8853044e-03  1.6504396e-02  1.2132856e-02
   866 :  7.1180054e-02 -2.4108708e-02 -5.1849724e-02
   867 : -2.7606159e-03 -2.3866724e-03 -2.9118971e-03
   868 :  5.9608929e-04  1.3073813e-02  1.8221572e-02
   869 :  1.2224684e-02  1.2133861e-02 -2.8325442e-03
   870 :  2.3282732e-02 -2.2568113e-02  8.2342451e-02
   871 : -1.1190826e-02 -2.3931266e-02  2.6485205e-03
   872 : -3.1118809e-03 -1.1010813e-02 -1.5344817e-02
   873 : -5.6068469e-03 -3.6344051e-03 -2.6975910e-03
   874 : -2.5540898e-03 -3.3572842e-03 -5.9586913e-03
   875 :  2.7772212e-05 -1.0783317e-05 -2.1124308e-05
   876 : -4.1408903e-05  9.8424553e-05  6.5985049e-05
   877 :  3.8951538e-13 -2.8514759e-13  1.1935539e-13
   878 :  4.5528136e-11 -1.2743785e-10  3.5980228e-11
   879 :  4.8724063e-05 -2.2153323e-05 -5.2238243e-05
   880 :  7.9800301e-04 -2.6255952e-04 -3.2189547e-04
   881 : -8.1603992e-13  2.6053625e-13  2.7929437e-13
   882 :  5.3065754e-12 -2.5807097e-12 -8.6497531e-12
   883 :  4.3032650e-06 -5.7230419e-07 -1.9962659e-06
   884 : -1.7387743e-05 -3.9621860e-05  6.8329212e-06
   885 :  1.2359326e-02 -1.8635196e-02 -1.9111910e-02
   886 : -1.7830982e-02  1.4095430e-02  1.2801204e-02
   887 :  1.3107426e-03  2.1968043e-02  1.0027358e-02
   888 :  7.9627254e-03 -3.6738798e-05  2.1403471e-03
   889 : -1.2019010e-03 -1.9002262e-03  7.4190171e-03
   890 :  5.0732902e-03  6.5069879e-03  1.1370348e-03
   891 : -2.6486683e-05  1.8289713e-05 -1.0321886e-05
   892 :  1.5187401e-04  1.1042328e-04 -3.8758476e-04
   893 : -1.6319219e-02  6.2831215e-02  1.7384805e-02
   894 :  8.6614270e-03 -2.6991675e-03  3.7300890e-02
   895 : -1.6010439e-04 -3.8897439e-03  1.0609342e-02
   896 :  4.9260971e-03  6.7747844e-03  7.0065266e-03
   897 : -5.0108540e-06  1.2438300e-06  2.6198938e-06
   898 :  6.4572859e-06 -1.2125828e-05 -1.3859613e-05
   899 :  8.8085357e-03  4.1931205e-03  4.7586475e-03
   900 :  5.7434695e-03  9.2350424e-03  7.6658061e-03
   901 :  2.0997088e-02  1.1140198e-02 -6.1251649e-03
   902 : -7.9445938e-03 -1.0210963e-02  1.9591631e-02
   903 : -5.3141877e-03 -3.4997113e-03 -6.1453201e-03
   904 : -4.5344231e-03 -2.2200932e-03 -6.3275946e-03
   905 :  7.3431428e-03  8.4677369e-03  1.2966140e-03
   906 :  6.4558027e-03  8.0879946e-03  9.0899753e-03
   907 :  1.4144774e-02 -6.4813124e-03  7.1867903e-03
   908 :  6.4768555e-01 -1.1281871e+00 -1.3781095e-01
   909 : -2.0695771e-01  3.7114081e-02  4.5328317e-01
   910 :  4.5696977e-04  7.0425417e-03  1.6955541e-03
   911 :  8.4117933e-04 -8.4038234e-03  7.4561403e-04
