Number of elements 912
     0 : -1.2428500e-10  8.4119364e-12  2.6422524e-10
     1 :  1.5697908e-05 -3.5400457e-05 -3.7014271e-06
     2 :  5.5833687e-02  3.6215691e-02  2.8232263e-02
     3 : -4.1592347e-07  1.7394420e-07  8.1343421e-07
     4 :  4.0034675e-02  7.1288335e-03  1.7628521e-02
     5 : -1.2891943e-01  8.6592383e-03  9.2817081e-02
     6 :  3.2499162e-19 -5.4260470e-18  4.2491147e-18
     7 : -3.0693148e-05  4.9742055e-05 -1.4464660e-05
     8 :  5.0144667e-05  2.4125352e-04 -1.1539154e-04
     9 : -6.9366020e-17 -2.0932584e-16  3.3307379e-16
    10 : -1.0472852e-04  5.2371166e-04 -1.6892378e-04
    11 : -3.2223873e-18  5.3423481e-18  3.8893518e-18
    12 : -2.3661854e-02 -2.7830437e-01  3.7524211e-01
    13 : -3.7625082e-03  1.8004733e-03 -3.3852842e-03
    14 :  3.2468729e-08 -9.2079085e-08  9.6823023e-09
    15 : -2.2937272e-03  1.7260647e-03 -3.2931734e-03
    16 : -1.8652321e-19 -6.8231292e-19  9.1674213e-19
    17 : -6.0896520e-13 -6.8264402e-13  3.4758510e-12
    18 :  2.2800859e-04 -8.6995970e-04  9.4638227e-05
    19 : -2.5127650e-22  9.9455236e-23 -5.9788548e-24
    20 :  1.4494807e-12 -1.3740610e-12 -1.9612574e-12
    21 :  1.0535878e-02  3.3614143e-02  5.7096241e-02
    22 : -4.1489707e-03 -4.5918434e-03 -4.8922852e-04
    23 : -4.9642173e-22  9.4600545e-21  5.3703141e-21
    24 :  3.0208023e-06 -3.3449432e-05 -6.8558412e-06
    25 : -9.9886488e-23  2.1070351e-22 -1.3085558e-22
    26 : -1.7328951e-05 -6.1194863e-05 -1.9865939e-06
    27 : -1.2636731e-02  6.6796839e-03  1.9804840e-02
    28 : -1.5469048e-03  4.5751464e-03 -3.9462484e-03
    29 :  1.1026728e-06  5.6867048e-06 -4.4735408e-06
    30 :  3.7789343e-04 -1.0282443e-03  3.2223077e-04
    31 :  1.3342492e-07 -1.1251420e-07 -1.8289745e-07
    32 :  4.1745201e-17  1.9530209e-17 -1.0933851e-16
    33 :  8.5998024e-03  1.0470268e-02  1.0683660e-02
    34 :  1.7749796e-23 -1.8512735e-23 -2.6061676e-23
    35 :  5.0418364e-08  4.8680354e-09 -4.2949594e-07
    36 :  1.1354096e-03  2.2598153e-02 -2.2134697e-02
    37 :  3.9899084e-02  3.9427848e-02  3.9482396e-02
    38 :  9.3712867e-03  5.5813505e-02 -1.3551442e-02
    39 :  2.2518598e-06 -7.9903333e-07  5.3683135e-06
    40 :  6.8177137e-06  6.6989098e-06  6.6546347e-06
    41 : -6.9240340e-04 -8.2436537e-03 -1.8228305e-03
    42 :  2.7540526e-22  4.5929242e-22 -1.6945989e-22
    43 : -1.2725937e-11  1.4765679e-11  1.1634502e-11
    44 :  3.1359637e-02  3.7261770e-02  4.7314580e-02
    45 : -6.1266812e-09  1.3143835e-09  4.4496827e-09
    46 : -8.7249731e-09  3.9451445e-09 -4.2371231e-09
    47 : -1.6429065e-16  4.8952183e-17 -6.1006069e-17
    48 :  3.7337087e-19  1.4591307e-19 -2.0322100e-19
    49 :  1.9107267e-04 -6.1910755e-04  5.6363551e-04
    50 :  1.7486419e-02  1.0632377e-02  8.3266001e-03
    51 : -1.0149383e-01 -4.9385511e-02 -9.0230993e-02
    52 :  7.2275619e-04 -1.3844608e-03  1.5664642e-04
    53 :  2.1202511e-17 -4.4083558e-18 -1.3612439e-17
    54 :  8.2122594e-03  4.8140050e-04  6.5934409e-03
    55 :  1.2609103e-03  8.4795462e-04  7.1850205e-03
    56 : -2.0430853e-03  1.2956980e-02 -2.6219691e-02
    57 : -2.4770452e-03 -2.2766859e-05 -3.9194159e-03
    58 : -6.3642387e-02 -5.7470157e-01  5.0604648e-01
    59 :  7.1546822e-04  6.2840289e-04  6.1939070e-05
    60 : -7.4721304e-03 -5.2367209e-04  2.9527071e-02
    61 : -4.2080987e-03  5.6556698e-03 -1.9817667e-02
    62 : -7.1848043e-05 -3.6143959e-05  3.7003956e-05
    63 :  4.8066339e-02  4.9693842e-02  3.5130827e-02
    64 :  6.2458938e-07  4.1444532e-05 -9.0294767e-05
    65 : -3.6465794e-07  6.2120393e-06 -2.6997873e-06
    66 : -1.7592613e-07  6.2658611e-07 -2.7584326e-07
    67 : -5.8771119e-18  5.5904837e-18  1.1645926e-17
    68 :  1.1682943e-18 -2.7612021e-18  3.2087333e-19
    69 : -6.8531843e-18  7.4555870e-18  1.0340575e-17
    70 :  2.8580321e-10  3.0118410e-09 -1.9477237e-09
    71 :  1.1375384e-01  2.6694709e-02  5.3622205e-02
    72 : -2.2058835e-21  2.0499311e-21 -1.1035559e-21
    73 :  7.1390935e-02  6.1015389e-03  4.0580903e-03
    74 :  1.5275721e-13  6.1423742e-13 -3.5243796e-13
    75 :  1.4727349e-14 -4.4681475e-14  2.0265283e-14
    76 :  5.0915564e-21  1.3241225e-19 -4.6412025e-20
    77 :  2.6550576e-15 -4.3221748e-14  8.2792726e-15
    78 : -3.8510398e-17  1.8165049e-16 -3.0816169e-17
    79 : -1.7622252e-11  9.4882174e-12 -1.8047845e-11
    80 : -2.0477490e-27 -8.9037876e-27  4.9234688e-27
    81 : -8.2255118e-17  9.2405609e-16 -3.9714183e-16
    82 :  1.7998746e-01 -1.7444965e-01  6.1679980e-01
    83 :  2.8673545e-23 -4.3822361e-23 -3.5935173e-23
    84 :  6.4505634e-22 -2.2149768e-21  7.2767748e-22
    85 : -1.1033939e-01 -1.1271282e-01 -1.6278320e-01
    86 : -3.7364631e-13  7.3748207e-14  3.7111706e-13
    87 : -8.5026464e-12  5.6201410e-12  1.2345846e-11
    88 :  5.9410302e-07  5.5630142e-07 -8.0951209e-07
    89 : -6.1773795e-03  3.3567723e-02  4.0025087e-02
    90 : -4.9075762e-20 -1.1239991e-19  7.5472511e-20
    91 :  2.6483260e-02 -7.7733602e-03  9.4854927e-03
    92 : -2.5457203e-09  1.2796505e-08 -7.8267384e-09
    93 :  1.0152347e-25 -7.8028511e-27 -6.3916762e-26
    94 : -7.0039440e-11  3.6324460e-11  6.3107080e-13
    95 :  3.3493130e-18 -1.3257409e-18 -3.2578681e-19
    96 : -1.2727932e-07  2.8794795e-07 -4.4611626e-07
    97 :  2.5719338e-08  1.9324481e-09 -5.7502564e-08
    98 : -9.7474038e-03  1.0182758e-02 -6.3700480e-02
    99 :  1.0454224e-16  1.0005648e-16 -7.2208896e-17
   100 :  1.6337108e-17  1.4559648e-17 -3.8205731e-17
   101 :  2.0247084e-06  4.5368035e-09 -1.0276904e-06
   102 : -5.1330500e-04 -1.2783921e-03  5.3294106e-04
   103 :  1.5862093e-24 -9.0734271e-25  3.1399994e-25
   104 :  7.5038593e-10  1.1761622e-10 -1.8541061e-10
   105 :  7.3839277e-04 -3.6372811e-05 -8.6333449e-05
   106 :  4.9125030e-06  1.4419650e-06 -2.8680476e-06
   107 :  1.5016163e-06 -3.0180497e-05  1.5958323e-05
   108 : -8.3389385e-05 -5.0962784e-05  2.7881169e-04
   109 :  3.2790137e-04  2.2930331e-04 -4.2610757e-03
   110 :  6.5995169e-02  8.4421301e-03  5.3334992e-02
   111 : -6.1611807e-05  1.5454594e-05  2.0410881e-05
   112 : -1.8348472e-15 -2.4341919e-15  5.6184764e-15
   113 : -1.0607137e-01 -1.5511487e-02 -4.8084691e-02
   114 :  6.6011814e-08 -2.1126326e-08 -4.4820887e-08
   115 : -3.3850047e-03 -4.6684597e-03 -1.2430525e-03
   116 : -2.2981288e-02 -1.1423478e-01  1.4569146e-01
   117 :  2.6977093e-02  8.5629854e-03 -8.0432658e-03
   118 :  2.5903784e-01  1.4508195e-01  9.3614717e-02
   119 : -1.6330214e-18 -6.6453268e-19  3.2266998e-18
   120 :  5.4681250e-09  2.4641060e-09 -7.2585615e-09
   121 :  3.9327529e-15 -7.0328567e-14  2.5485772e-14
   122 :  7.2769291e-05  3.2759865e-03 -4.3477671e-03
   123 :  1.1385304e-23 -1.7958818e-24 -1.2032524e-23
   124 :  1.8892114e-17 -5.3163363e-17  1.3267550e-17
   125 : -3.4818440e-27  9.3926620e-27 -2.5312297e-27
   126 : -6.3267177e-14 -1.0003968e-12  3.4108274e-13
   127 :  2.3585391e-14  5.7101661e-14 -1.5611165e-13
   128 :  7.9137297e-04 -4.5093226e-03  5.3659725e-04
   129 : -3.8451855e-11 -3.1135187e-11  1.9259861e-10
   130 : -5.1605562e-03 -3.0027269e-02 -6.3064244e-02
   131 :  2.1798368e-02 -9.1796918e-03  6.1590619e-04
   132 : -5.0771037e-03  1.1651445e-02 -4.0843447e-03
   133 :  3.7310290e-02 -2.6045555e-02  4.4327777e-02
   134 : -4.5889026e-03  1.4305732e-03 -1.3891611e-04
   135 : -2.1969086e-04  8.7671679e-05  4.1373638e-04
   136 :  1.0642450e-05 -1.0233689e-05  2.9350223e-07
   137 : -2.6617125e-04  6.4274189e-04  6.1640355e-04
   138 : -3.2089476e-05  1.1443297e-04 -3.7403676e-05
   139 : -1.9557993e-05 -1.3118722e-05  1.0416183e-05
   140 : -4.2116809e-16  3.8441567e-15 -1.0742053e-15
   141 : -4.0958068e-15 -5.1018403e-15  1.2632164e-14
   142 : -6.5389305e-05 -1.0714905e-05 -6.8686705e-05
   143 : -4.1010650e-19  2.1280297e-18 -1.4732448e-18
   144 :  9.3774669e-06  8.7541013e-06 -5.3463977e-06
   145 :  1.8704201e-07 -6.9393389e-07  2.6299141e-07
   146 :  1.0110539e-09 -7.8793818e-10 -1.8678015e-09
   147 :  6.4165650e-19 -1.0955927e-19 -1.9210097e-19
   148 : -1.8904602e-11  3.7341470e-10 -4.2360961e-10
   149 : -1.8450410e-02 -7.6992436e-02 -5.0675659e-02
   150 :  5.9107715e-07 -1.0383678e-06 -5.1657137e-07
   151 :  2.8605378e-14  2.1058260e-14 -1.5791013e-13
   152 : -5.6995369e-11 -9.6992765e-13  1.7373843e-11
   153 :  1.5049618e-01  4.9683733e-02  1.1498575e-01
   154 :  4.6196716e-26 -3.6852129e-26 -7.7282939e-26
   155 : -1.1632165e-19  1.2049493e-19 -5.0623049e-19
   156 :  1.6491212e-20 -4.2452147e-20  1.2605499e-20
   157 : -1.1792693e-08  1.5848173e-08  1.6511774e-08
   158 :  7.4170848e-05 -1.3220445e-04  1.5141130e-04
   159 : -7.4232987e-07 -1.9382227e-06  1.2774303e-06
   160 :  8.4037780e-25 -4.2492684e-25 -2.0877665e-25
   161 :  1.0002918e-23  7.4329955e-26 -7.2419924e-24
   162 : -1.0166155e-01 -4.7544425e-02 -7.5608379e-02
   163 : -3.4991160e-03  7.8574852e-04 -3.8233876e-03
   164 :  2.6222862e-13  7.3062214e-14 -4.3905127e-13
   165 : -6.4949895e-06  2.8635929e-05 -1.5258404e-05
   166 :  1.3233349e-19 -6.6835208e-20 -2.6770596e-19
   167 :  1.1996875e-05 -3.7780690e-05  6.8853585e-06
   168 : -1.2093173e-02  2.4371641e-02 -8.9285298e-03
   169 :  2.0787662e-01  9.3278794e-02  3.3207129e-02
   170 : -1.0701555e-18 -5.8675281e-19  3.0690357e-18
   171 :  1.7725264e-18  5.1328580e-18 -1.2170245e-17
   172 : -7.3350160e-03  6.1606193e-03 -1.1479561e-03
   173 :  5.3119082e-04  6.4226682e-04 -2.1087027e-03
   174 :  3.8815002e-05 -7.9715209e-05 -5.4213915e-05
   175 : -5.1836096e-10  5.1836475e-10 -7.8292133e-11
   176 :  1.2347848e-16 -1.8647445e-16 -1.7245472e-16
   177 :  9.0630858e-06 -1.4512636e-05 -2.4175729e-05
   178 :  1.1322473e-01  1.2689114e-01  8.6076664e-03
   179 : -2.0677785e-05 -9.4953373e-05  6.5550482e-05
   180 : -6.0977514e-20  1.2845790e-20  1.4313338e-19
   181 : -6.2571091e-03 -2.1194817e-03  1.4049408e-02
   182 :  2.0283228e-11 -1.7608488e-11  1.7902452e-11
   183 :  5.7718372e-02  1.7551951e-02  4.8226486e-02
   184 : -6.2023117e-25 -2.9092454e-24  1.1128839e-24
   185 :  6.4092589e-13  3.5001375e-14 -2.8348153e-13
   186 :  4.0653068e-09 -2.0064239e-08  4.9066574e-08
   187 : -7.4100706e-05  1.5666763e-04 -3.5181789e-05
   188 :  1.0375052e-01  3.0682582e-03  5.0863463e-01
   189 :  1.3767124e-03 -1.2266574e-03 -2.3171352e-03
   190 :  3.2895029e-06  2.7013140e-06  1.3003258e-06
   191 :  4.4988454e-23 -3.6669413e-23 -3.8390533e-23
   192 :  4.3772342e-02  5.2733265e-02  5.6683399e-02
   193 : -5.9250608e-02 -4.7818505e-02 -1.1219333e-01
   194 : -4.1664783e-02 -2.7594702e-02 -2.0777504e-01
   195 :  6.4398878e-09  2.8015656e-09 -4.0900984e-09
   196 :  1.2530092e-19 -8.3042254e-20 -2.4085740e-19
   197 :  1.0406907e-19 -1.7494540e-19 -5.3607546e-20
   198 :  4.4753178e-07 -1.4052848e-07 -1.1852678e-07
   199 : -1.3911560e-01 -9.2340887e-02 -5.7266073e-02
   200 : -4.7165339e-18  1.1353248e-17 -3.5345627e-18
   201 :  2.1435213e-02 -1.8162259e-02  6.3976312e-02
   202 :  3.0430821e-08 -9.1717688e-09  1.3700415e-08
   203 :  2.9319032e-21  2.2749084e-21 -2.2447775e-21
   204 :  3.1476485e-09  3.9432201e-09 -4.2606150e-09
   205 :  9.2316126e-03  1.3903602e-02 -3.0804348e-03
   206 : -6.4326467e-21  2.2755369e-21  8.1916952e-22
   207 : -3.7981811e-19  2.1650146e-19 -1.7607128e-19
   208 :  3.5624818e-14 -5.0340074e-14 -9.9563665e-15
   209 :  1.9780510e-02  7.5830826e-02  9.8270027e-02
   210 : -1.2298145e-08  1.6915715e-08  9.7501584e-09
   211 :  2.9659621e-21  6.3140942e-23 -2.6648259e-21
   212 : -1.1286817e-04  6.3521798e-04 -1.5283460e-04
   213 : -5.5943591e-19 -1.0477104e-18  2.2874241e-18
   214 : -1.8060476e-02 -5.7431508e-03 -7.8689594e-02
   215 : -5.0801122e-02  8.6490622e-02  2.6932873e-02
   216 : -1.9389651e-04  2.1954455e-04  2.0802472e-04
   217 :  3.6682304e-26 -1.9849323e-25  5.1509597e-26
   218 : -1.6312537e-16 -3.6563402e-15  5.8812953e-15
   219 : -6.4013333e-04 -5.0196174e-03 -3.3152145e-03
   220 : -4.8076242e-13 -9.9318774e-13  2.9989029e-12
   221 :  9.8052865e-17 -6.5358635e-17 -1.9713001e-16
   222 : -1.8742958e-02 -9.0328471e-04 -3.7685356e-02
   223 :  2.1380029e-02 -7.7526865e-03  2.4391647e-02
   224 :  4.7587246e-08 -8.8403295e-07  9.2125575e-07
   225 :  1.3601681e-13  3.3258813e-12 -2.7626788e-12
   226 : -9.6015116e-17  3.0414322e-17  1.9935118e-17
   227 :  5.2437768e-09 -7.4967493e-10 -8.7232275e-10
   228 : -4.8240165e-07 -1.6972570e-07 -4.0889347e-07
   229 :  1.5834333e-11 -8.1087771e-11  2.0627654e-11
   230 : -7.2013988e-18 -6.5649881e-18  4.4360672e-18
   231 :  2.3222151e-18 -7.9389579e-18  1.9838400e-18
   232 : -1.4224602e-25 -1.0760928e-25  1.1239843e-25
   233 :  1.0122492e-16 -2.2646951e-16 -1.3510343e-17
   234 : -5.9359882e-02 -8.7855386e-03 -5.7820712e-02
   235 :  1.2956505e-01  1.1746376e-01  5.2481085e-02
   236 : -1.5052054e-15  4.3052487e-15  5.6810957e-16
   237 :  1.3910701e-14 -5.6039745e-14  1.6869276e-13
   238 : -1.2799366e-22 -1.2061706e-23  6.5608140e-23
   239 :  1.1226193e-16 -2.6901381e-17 -4.1020057e-17
   240 :  2.0371486e-20 -2.4046279e-20 -2.6587114e-20
   241 : -5.3614735e-03 -5.8083269e-03  1.2309656e-04
   242 : -2.9014437e-03  4.4634675e-04 -1.7514124e-04
   243 :  1.2370907e-03  1.3795095e-02 -1.0408804e-02
   244 :  3.8103446e-02  5.6232285e-02  8.7771646e-03
   245 : -7.1937501e-16 -1.8448933e-16  1.3980104e-15
   246 : -9.3482194e-04 -3.0158024e-04  1.6962378e-04
   247 : -1.0904659e-02  4.2835378e-02 -4.5971966e-03
   248 : -1.5503736e-25  4.4633990e-25 -2.2563799e-25
   249 : -4.8706173e-13 -2.8459090e-12  6.2413487e-12
   250 : -1.4632271e-03  6.2816615e-04  6.4694117e-04
   251 : -5.2220304e-07  7.3851249e-07 -5.0360874e-09
   252 : -6.0767429e-17  2.9439680e-17  1.8828824e-17
   253 :  3.4681351e-21 -3.6139709e-21  4.8132905e-21
   254 : -3.5601782e-02 -2.6398246e-03 -1.1779382e-02
   255 :  4.1158599e-09  1.0261232e-09 -1.9196869e-09
   256 :  8.3061919e-04  7.6960969e-04 -1.9817146e-04
   257 :  2.6292434e-02  5.4057318e-02  2.5390068e-03
   258 : -3.0882695e-09 -2.0966710e-09  2.8060993e-09
   259 : -2.0394740e-14  3.3022387e-14 -7.5689475e-14
   260 :  1.0502741e-03  1.9605377e-04 -1.8659746e-03
   261 :  4.7691252e-08  5.2916133e-08 -2.3181260e-07
   262 : -9.5861509e-16  2.6217939e-15 -1.6988261e-15
   263 : -6.1582042e-18  7.5397376e-18  1.0969458e-17
   264 :  3.2311035e-08 -8.9659198e-09  2.4382099e-08
   265 : -3.3149950e-03  1.5083460e-03 -4.7509590e-03
   266 : -2.7374496e-11 -2.4642911e-11  1.4742693e-11
   267 :  1.6810773e-10 -4.4436480e-10  1.2967325e-10
   268 : -7.1409530e-20 -1.7444993e-19  4.1949452e-19
   269 : -4.9627440e-03  3.4303630e-02 -9.9038192e-04
   270 :  5.7037352e-10 -6.0174333e-10 -8.6164489e-10
   271 : -6.1768622e-03 -8.4878320e-04 -4.8470548e-03
   272 : -2.1252713e-10  6.5988219e-12  1.1895063e-10
   273 :  1.3784748e-18  7.5875235e-19 -2.9369933e-18
   274 :  3.6059093e-04  2.6294770e-04 -2.7986274e-03
   275 :  1.9072105e-15 -4.2411996e-15 -3.3825230e-15
   276 :  7.0785319e-03  1.9405525e-02  1.2746171e-04
   277 :  1.6000683e-16 -1.3184905e-16 -2.9901632e-16
   278 :  1.0753927e-04  1.9449425e-04 -3.6406967e-04
   279 : -8.4482899e-08 -8.4654096e-09  3.4107098e-08
   280 : -1.7829417e-01 -2.2853537e-02 -6.3348233e-02
   281 :  3.2529461e-08  1.4712896e-08  1.8672136e-08
   282 :  2.3590182e-11 -1.2028911e-11 -1.1913915e-11
   283 : -3.6959190e-14  5.1034289e-14  2.7683632e-14
   284 :  6.5988021e-16 -2.8023497e-16 -9.1467960e-16
   285 : -9.7874785e-02 -8.6795015e-02 -7.3639673e-02
   286 : -5.2641907e-05  6.0117049e-04  8.8743651e-04
   287 : -5.2618358e-05 -8.4401589e-05  2.2398825e-05
   288 :  2.6623942e-02  6.3254898e-03  4.0248806e-02
   289 :  3.2178302e-06 -2.1445227e-06  1.0700704e-05
   290 : -9.4731011e-02 -8.5342421e-02 -9.6501124e-02
   291 :  2.7996971e-08 -1.0316663e-07  2.4620198e-08
   292 :  1.1795365e-02  5.9253746e-03 -3.0567148e-02
   293 : -5.4744674e-14  5.1836112e-14  6.2834206e-14
   294 : -1.4746545e-04 -1.7171985e-05  5.6132113e-04
   295 :  1.5410081e-21 -5.1998459e-21  2.2380151e-21
   296 :  2.0508976e-02  2.8895021e-02  5.7116734e-02
   297 : -1.1395477e-06  3.7692363e-06 -6.5255979e-07
   298 :  4.7512835e-08 -9.0407676e-07  4.7955469e-07
   299 : -2.8585273e-23 -2.2540680e-23  7.0156470e-23
   300 :  1.9795188e-02 -1.7543825e-04 -6.5568478e-03
   301 : -1.2882439e-07 -2.8650241e-07  1.2846499e-07
   302 :  3.2623205e-04 -1.2429617e-03  3.3726967e-04
   303 :  4.4373437e-05  7.9009179e-05 -5.8687971e-05
   304 : -1.2187823e-04 -7.2074346e-05  2.0132378e-04
   305 :  9.5453299e-09 -5.1863058e-09 -1.7787367e-09
   306 :  8.1402841e-03  5.3546223e-03  5.2469742e-02
   307 : -5.6402317e-05 -6.1854390e-05  1.9979468e-04
   308 : -4.5428327e-08 -2.8047957e-08  1.6265358e-07
   309 : -1.7498481e-22  3.4814965e-21 -1.6050377e-21
   310 : -2.9916690e-06 -6.5461405e-06  1.7046322e-05
   311 : -2.1215864e-04  4.5073747e-04  6.1201901e-04
   312 : -1.5670917e-21  4.5287651e-20 -1.7006322e-19
   313 : -1.0301371e-13  3.2450251e-13 -9.4960730e-14
   314 : -5.8839130e-23 -1.9464693e-22  5.1365664e-22
   315 : -7.3055175e-18 -1.3305082e-17 -4.3817578e-17
   316 : -2.1046940e-03  2.8048102e-02  4.6009026e-02
   317 :  3.0922398e-23 -1.4201121e-22  4.6914539e-23
   318 :  3.6953824e-03  7.1955520e-03  1.3698570e-03
   319 : -2.2329272e-03 -1.7415921e-03 -6.0776266e-03
   320 :  1.6111828e-01  6.4289667e-02  4.4890314e-02
   321 :  4.9606053e-02  2.5294880e-02 -5.5774149e-03
   322 : -1.2206847e-22  3.0029390e-22 -4.1165295e-23
   323 :  1.7440277e-24  9.1924585e-24 -3.0878042e-24
   324 :  6.4740231e-16 -3.9450057e-16  2.2366897e-16
   325 :  9.6133905e-14  1.1283661e-14  5.7313295e-14
   326 :  2.3725999e-02 -7.3054262e-02 -8.4854867e-03
   327 :  1.5258440e-01 -2.1138385e-01  5.5357437e-01
   328 : -5.1701490e-03  1.2794687e-04  6.3044716e-04
   329 : -1.7074502e-16  6.1482784e-15 -2.8743941e-15
   330 : -8.9560750e-25  5.3563705e-24 -3.7963352e-24
   331 :  3.9468243e-10 -4.9559631e-10 -2.2273278e-09
   332 :  2.2233918e-04  1.2367900e-04 -1.2043788e-04
   333 :  1.4080579e-14  2.5021198e-15 -5.5740617e-15
   334 : -1.2356131e-02  3.7530736e-02  1.4272321e-02
   335 :  7.8337430e-05 -8.5338057e-05  1.8132815e-04
   336 :  6.5494898e-04 -1.3285970e-04 -8.6063031e-04
   337 :  9.0885478e-21 -5.3173350e-20  3.8769774e-20
   338 : -3.3409390e-03 -3.6805223e-04  1.4340033e-03
   339 : -1.7244409e-15  3.3506090e-15  2.5852190e-15
   340 : -6.1478148e-04  3.9634926e-03  1.8540448e-03
   341 :  7.4573148e-21  2.7090694e-21 -4.8593152e-21
   342 :  7.6361845e-17 -7.7993074e-17 -1.1569479e-16
   343 : -1.5263225e-07  1.3158514e-07  5.2996427e-09
   344 :  7.7390052e-03  1.1073297e-02  3.4851570e-03
   345 : -1.0023631e-01 -3.5137864e-02 -1.9097109e-02
   346 : -1.1561554e-16 -8.0318511e-17  2.1091219e-17
   347 : -3.6363027e-03 -1.8052516e-03 -4.9877784e-03
   348 : -2.4854969e-08  1.3107567e-07 -5.7117626e-08
   349 :  1.7290472e-08 -1.0847953e-08  5.4389271e-09
   350 :  1.4412733e-02 -7.2519836e-03  9.0078500e-03
   351 :  2.6420741e-13  3.1133490e-13 -3.0240360e-13
   352 :  1.9662872e-02 -7.0040572e-03 -7.0310655e-03
   353 : -1.4786463e-04  3.5894415e-04 -1.1038940e-04
   354 :  4.1420814e-02  2.5703565e-03  2.7483899e-02
   355 : -4.2065702e-02 -4.7780934e-02 -7.6079407e-02
   356 :  2.2083610e-20  3.0788307e-20 -7.9784513e-20
   357 :  1.0198188e-01  3.6522513e-02  5.3066439e-02
   358 : -3.4885997e-09  2.5255863e-09  5.3537801e-09
   359 : -3.4270731e-27  8.8572721e-27 -3.2550087e-27
   360 :  5.6815070e-03 -6.1287271e-03 -1.1513580e-03
   361 :  4.6905997e-12  7.8419960e-13  1.2140005e-14
   362 : -4.0559495e-08  2.6495565e-08 -4.8368429e-08
   363 :  2.7440336e-10 -2.5044741e-11 -1.1588028e-10
   364 :  7.2745512e-12 -6.7701420e-11  9.6777976e-12
   365 :  3.2656335e-07 -5.4914327e-08 -4.5190348e-08
   366 :  9.7372576e-20 -8.2719502e-19  5.5358181e-19
   367 : -7.6436156e-07 -1.1368166e-06  4.1875987e-06
   368 : -1.7396582e-03  3.5480480e-03 -7.6320655e-04
   369 : -2.3446767e-08 -1.0985200e-08  1.1278700e-07
   370 :  1.0530996e-09 -2.1937541e-09  7.7871747e-12
   371 : -9.3301194e-20 -1.9075676e-20  9.9059949e-20
   372 :  1.5270881e-07 -2.6268774e-07  5.0413280e-09
   373 : -1.0000898e-04 -5.9834517e-05  2.5353041e-04
   374 : -6.8504411e-02 -1.9243056e-02 -6.1005493e-03
   375 : -7.5663210e-14 -1.9895330e-13  7.2703400e-14
   376 : -5.6206624e-21 -1.2758807e-20  2.5521386e-20
   377 : -8.5383205e-07 -3.7203930e-07 -5.1724247e-08
   378 : -4.4851538e-10  3.1170029e-09 -1.6308294e-09
   379 :  1.1520857e-24 -3.5865363e-24  1.3959030e-24
   380 : -2.5545517e-02  2.7675439e-03  4.5077186e-02
   381 : -1.3221847e-09 -6.9814718e-10  6.9259146e-10
   382 : -3.7438765e-13  1.0912419e-12 -2.1187028e-13
   383 :  5.8590641e-02  7.0423495e-02  2.1249994e-02
   384 :  8.9419096e-14  2.1322064e-12 -9.3307411e-13
   385 : -2.5420940e-04  5.8758422e-04  1.6591444e-04
   386 : -1.9884876e-03  4.6178850e-02  2.5609385e-02
   387 :  1.1886427e-14 -5.3717043e-15 -1.8673642e-14
   388 : -9.3241463e-03 -3.2022948e-02 -2.6441258e-02
   389 : -2.1129290e-11  1.8721837e-11  2.0663997e-11
   390 : -2.0772605e-04 -5.2503865e-04 -1.7992741e-03
   391 : -1.7974520e-09  6.9357754e-10  2.3688292e-10
   392 :  5.9701240e-02 -2.2822494e-03  1.0505765e-02
   393 :  2.2418499e-02  4.6743501e-02  4.7396135e-02
   394 :  2.5059589e-12 -4.3436629e-12 -3.4276728e-12
   395 :  3.1469843e-07 -5.1717240e-07  6.5957607e-07
   396 : -3.9826992e-24  1.0331632e-23 -1.9612371e-23
   397 :  1.6556235e-02  5.6426622e-02  1.1434335e-02
   398 : -5.4394060e-05 -1.1528846e-04  4.3035585e-05
   399 :  1.0751622e-01 -8.7109547e-03  6.2680732e-02
   400 : -5.6592207e-06  1.8842301e-05 -3.6238872e-05
   401 : -4.7016835e-05  3.3052936e-04  3.0574565e-04
   402 : -5.7458058e-11  1.2498992e-11  6.7487315e-12
   403 : -1.0498585e-10  3.1597394e-10  2.8412905e-11
   404 :  9.9368578e-20 -9.5193685e-20 -2.1382428e-19
   405 :  3.2971796e-06  1.5169013e-07 -1.5143759e-06
   406 :  3.5017692e-03 -5.4184678e-03 -4.9456190e-03
   407 :  4.4783289e-02  1.2245602e-02  3.2008879e-02
   408 :  1.0730567e-02  3.8633230e-02  3.6761197e-02
   409 : -9.0577410e-06  1.4576356e-05 -7.7591921e-07
   410 :  5.5565976e-03  3.9022009e-02  2.3068593e-02
   411 :  2.2255418e-06 -7.7955459e-06  5.9729512e-06
   412 :  8.6687165e-05  8.9213541e-05 -9.8550804e-05
   413 :  3.4195731e-22  2.8852108e-21 -4.3085546e-21
   414 : -5.2149845e-02 -4.1480750e-02 -8.3164005e-02
   415 :  2.5115666e-05 -1.3167702e-05 -4.6803203e-05
   416 : -1.1765995e-15 -1.5080000e-15  5.3453176e-15
   417 :  1.5476649e-02 -7.4096598e-03  2.1663490e-02
   418 :  2.2252676e-02  4.2699407e-03 -8.5831114e-03
   419 : -2.5717336e-19  6.5206135e-19 -1.2110725e-19
   420 :  4.4958068e-18 -1.5363284e-17  6.0251795e-18
   421 :  5.1237987e-16 -3.3538254e-15  2.1814336e-15
   422 :  2.3089068e-08  8.4453523e-09  5.2340682e-08
   423 :  5.3626268e-06 -3.3379152e-05  1.5980104e-05
   424 : -8.9722179e-12  5.5178597e-12  8.2481609e-13
   425 : -4.0643354e-15 -9.2072827e-15  3.0404406e-15
   426 : -2.2721769e-10 -2.4114823e-10  1.4364899e-10
   427 :  1.1401841e-10  1.6061882e-10 -4.7408266e-10
   428 :  1.1004009e-11 -2.5875296e-11 -1.1243671e-11
   429 : -6.7019898e-05 -6.3880447e-05 -2.0595545e-05
   430 : -8.6092978e-04  6.0063577e-04 -2.4912696e-03
   431 : -2.4274424e-06  3.9184791e-06  5.3155142e-07
   432 :  1.0850251e-07  2.4194115e-08  5.1294603e-09
   433 :  1.2485111e-21  1.9357785e-21 -4.4486338e-21
   434 : -1.8907650e-02  2.5023720e-02 -3.8374035e-03
   435 : -9.0576810e-06  6.8519391e-06 -9.8041640e-06
   436 : -2.0071938e-13 -3.3136161e-13  9.2480323e-13
   437 :  2.6177960e-02 -1.5961351e-02  1.3969889e-02
   438 : -5.7176828e-03  8.3759424e-04 -3.9710720e-03
   439 :  3.3736221e-02  9.3342787e-04  4.4961247e-02
   440 : -3.3973717e-16  1.3278136e-15 -4.4652192e-16
   441 : -4.0923303e-22 -3.3638393e-22  9.4372258e-22
   442 :  3.4420437e-02  1.3564191e-02  4.2266874e-02
   443 :  2.8497054e-07 -6.1536198e-07 -5.8272541e-08
   444 :  1.6391310e-02  1.0856565e-02 -4.7536134e-03
   445 :  2.7673045e-08 -7.1007863e-09 -2.8395704e-09
   446 : -5.2207784e-02 -4.2076858e-02 -2.7122456e-02
   447 : -2.5776619e-09  2.4497497e-09 -3.7966056e-09
   448 : -4.7112557e-05  2.2364833e-04 -2.9899262e-05
   449 : -2.0416001e-22 -8.5692417e-21  8.8907898e-21
   450 : -1.8450863e-22  3.1703010e-22  6.5044149e-23
   451 : -9.0028250e-02 -4.2312042e-02 -3.0531198e-02
   452 : -3.8229202e-02 -2.4113670e-02 -5.4295532e-02
   453 : -2.8824042e-02 -2.0392295e-02 -3.5315534e-03
   454 :  1.7302625e-02 -3.0387875e-02  4.2502161e-02
   455 :  1.0398113e-10 -1.8659301e-11 -5.8802198e-12
   456 : -6.6291589e-05  1.3902970e-05 -4.6701749e-05
   457 :  1.2057118e-22  4.4873208e-22 -6.7039002e-22
   458 :  8.0460799e-11  1.4574709e-09 -9.9793949e-10
   459 :  2.9758895e-05  1.3289677e-05 -7.8892974e-05
   460 : -1.1104782e-04  3.3684133e-04  6.7290441e-05
   461 :  1.7298743e-09 -1.3418518e-09 -2.9460713e-09
   462 :  1.8471602e-07 -3.3596320e-07 -2.9482624e-07
   463 : -7.6496646e-16 -6.6173113e-16  2.7608418e-15
   464 : -6.9010236e-03 -5.1677699e-05 -1.6814712e-03
   465 : -1.5941940e-05  6.8314770e-06 -5.6611242e-06
   466 :  4.7002462e-02  3.5845805e-02 -2.3544950e-03
   467 : -1.5135988e-16  4.1681564e-17  1.4762492e-16
   468 :  1.2437918e-14 -8.1621042e-14  1.7190043e-14
   469 :  2.7316461e-25 -1.1166707e-23 -1.7071444e-24
   470 : -6.1846520e-22  7.6870132e-22  1.0867841e-23
   471 :  2.9494451e-13 -4.7740043e-13  3.8150188e-13
   472 : -2.3635694e-15  3.3945215e-15  3.8184669e-15
   473 :  4.1415736e-04 -2.9682053e-04 -9.9541467e-04
   474 : -3.1439823e-18  2.0036802e-18  5.6311924e-18
   475 : -5.5543822e-13 -3.8710194e-12  6.8374979e-12
   476 :  3.1596838e-12  5.8565509e-12 -2.0937027e-12
   477 : -5.0730866e-25 -1.9422841e-24  9.1161400e-24
   478 : -6.9948205e-05  1.0170632e-05  1.9509160e-05
   479 : -5.7830885e-25  1.4536857e-24 -2.8264771e-25
   480 : -1.6850908e-03 -2.6099620e-03 -3.2633668e-02
   481 :  3.1292080e-12  7.8908951e-11 -2.0382651e-10
   482 : -1.2412695e-17  5.6344202e-17 -2.0383755e-17
   483 :  3.8063929e-02  4.2247239e-03  8.9518761e-03
   484 : -5.7578040e-05  2.1413204e-05  1.2890033e-05
   485 :  1.4839293e-05 -2.2708514e-05 -3.3152202e-05
   486 : -4.4464527e-02 -2.1818730e-03 -1.3972882e-02
   487 :  2.4226800e-05 -8.7133004e-05  1.2491565e-04
   488 : -1.2577778e-04  8.1770876e-03  1.3601755e-02
   489 : -7.2930646e-19 -3.6699330e-19  1.8929192e-18
   490 : -1.9187954e-16 -1.5701883e-17  9.2151945e-17
   491 : -2.9379612e-17 -7.8327266e-17  5.1135146e-17
   492 :  8.0251297e-05  9.9704492e-05  6.2918020e-04
   493 :  3.2330871e-03  9.5126571e-03  7.2492012e-03
   494 :  4.9774841e-02  2.8509632e-02  3.3170112e-02
   495 :  5.7466252e-08 -4.1958306e-07 -5.6380221e-07
   496 :  1.3233654e-14  9.5937668e-14 -1.2951586e-13
   497 :  2.1315917e-21  6.4227586e-21 -3.6838468e-21
   498 : -1.0660202e-19  1.2648062e-19 -2.1919698e-19
   499 :  1.3517369e-02 -3.1503545e-02 -8.5886217e-03
   500 : -7.9776154e-23  2.2123094e-23  1.0233526e-22
   501 : -1.3462328e-24  5.3215008e-24  1.7432613e-24
   502 :  2.8526751e-04 -7.3405549e-03  2.9268323e-04
   503 : -6.7643613e-04  2.4794088e-03 -7.4685972e-04
   504 :  9.3628282e-06 -2.5879015e-05  9.2867733e-06
   505 : -1.6080359e-02 -1.0081433e-03  2.2405611e-02
   506 : -3.2074681e-16  9.7520037e-16 -1.5377403e-16
   507 : -1.6444012e-14 -8.6288842e-15  4.5395978e-14
   508 :  9.4597858e-15 -3.9922698e-14  1.0463068e-14
   509 : -6.2942729e-05  1.4762776e-04  3.6858832e-04
   510 : -3.2343782e-14  4.5158522e-14 -1.1313889e-13
   511 :  1.8370361e-09 -9.2862834e-10 -3.7263668e-09
   512 : -7.8758035e-12  7.1977078e-11  4.2141051e-11
   513 : -9.3987895e-07 -1.8234032e-06  3.1156045e-06
   514 : -9.8305216e-07  7.4204838e-06  7.1021491e-06
   515 :  2.7370622e-02 -3.8086049e-03  6.0361977e-02
   516 : -1.4261103e-14 -4.0864455e-14  2.6234174e-14
   517 :  2.7463425e-02  1.3366116e-02  1.5725340e-02
   518 :  5.2978061e-06  1.3139311e-06 -6.8937191e-06
   519 : -2.6279212e-09 -4.8563334e-09  9.3665132e-09
   520 : -1.0134608e-07 -2.1927121e-09 -2.4679509e-07
   521 :  7.8552496e-03 -7.0648845e-03 -5.0624687e-03
   522 :  2.7325774e-02 -5.1319568e-03  2.3239656e-02
   523 : -2.2106111e-02  9.9842462e-03  7.1363593e-02
   524 :  2.2070316e-06  3.7027209e-06 -1.6669248e-06
   525 :  4.9912883e-06 -1.6606815e-06  8.7763945e-06
   526 :  1.2566332e-10  1.5418988e-11 -1.1696799e-10
   527 :  1.7644652e-19  1.0162026e-18 -2.0587431e-18
   528 : -1.2112268e-01 -7.1581891e-02 -6.0799683e-02
   529 : -4.9693036e-05  5.3196368e-04  6.0618392e-04
   530 :  4.9983951e-02 -7.0304870e-03  2.8798153e-02
   531 : -4.9403418e-04 -2.4457008e-03  9.3503787e-04
   532 :  4.6512279e-10 -1.0999894e-09 -2.0934913e-10
   533 :  5.5534822e-26 -2.1496182e-26 -7.8202206e-27
   534 : -1.0075477e-26 -4.0191966e-26  9.3229640e-26
   535 :  1.5492485e-17 -4.3245934e-17  1.9095705e-17
   536 :  4.6054043e-02 -2.0198685e-03  1.0079058e-02
   537 : -8.5480217e-04 -8.6482008e-04 -4.3165736e-04
   538 : -1.4803354e-04  2.7661199e-05 -5.8597478e-05
   539 : -2.8319555e-18  1.1062272e-17 -4.8907260e-18
   540 : -2.2379628e-16  1.8789505e-15 -8.5031111e-16
   541 :  3.4691639e-15  1.7298786e-14 -2.2569365e-14
   542 : -3.1006990e-07 -6.2906273e-07  9.6349317e-08
   543 : -1.2276021e-19 -2.6714384e-19  1.7980486e-19
   544 : -6.6079410e-07  5.8473307e-07 -9.6903037e-08
   545 : -7.8146900e-13  3.1198525e-13  1.6683455e-12
   546 : -2.8591438e-02 -1.7983957e-02  6.0367532e-03
   547 :  2.3814774e-17 -5.7900403e-17  1.1775700e-17
   548 : -1.8511683e-03 -4.5725895e-04  4.6863781e-02
   549 :  3.1656384e-14  3.2863776e-14 -1.3255145e-13
   550 :  2.5874158e-04  3.8035236e-04 -1.7834851e-05
   551 :  5.5098000e-02  4.8753035e-02  1.4332853e-02
   552 : -4.4196722e-05 -3.8339250e-03  6.2802427e-04
   553 : -2.5379811e-03  8.5872403e-04  1.0535317e-03
   554 : -1.2134119e-13  5.5751365e-13 -1.7210980e-13
   555 :  1.5918384e-08 -3.2896082e-07 -1.9999383e-07
   556 : -1.3875092e-14 -1.3237409e-14  1.3166283e-14
   557 :  4.1605965e-02  1.5324820e-02  5.9444387e-02
   558 : -2.3052967e-04  5.4278020e-04  6.6986124e-04
   559 : -2.8427509e-03  1.7107539e-02 -1.5568083e-03
   560 :  1.9503230e-04  5.6921041e-04  5.7975461e-05
   561 : -2.8976832e-02 -1.1842972e-02 -1.7900154e-02
   562 :  2.1162507e-10 -8.0333237e-10  2.9306334e-10
   563 :  4.9343502e-22 -2.4691713e-22  3.3937250e-23
   564 :  9.8034753e-03  4.7629324e-02  4.1242806e-02
   565 : -5.3293065e-03  2.5239580e-02 -5.3110490e-03
   566 : -6.0887338e-16  1.0579683e-15 -9.0575607e-17
   567 :  8.9040008e-08 -2.5961941e-07  7.4918852e-08
   568 :  4.0444362e-03 -1.7781185e-02  3.8123476e-02
   569 :  4.5149652e-02  4.7627452e-02  4.2715059e-02
   570 : -4.9697914e-13  1.1129659e-12  3.9638465e-13
   571 : -6.7966025e-08  6.7490767e-08  3.1406019e-08
   572 :  9.1659325e-24 -5.8887532e-23  2.9723134e-23
   573 :  4.9360410e-05  5.6495637e-05  7.3086701e-05
   574 :  2.3849911e-04 -2.3990879e-04  5.1145762e-04
   575 : -2.5352192e-02  1.3956131e-02  4.1970854e-02
   576 :  1.1153345e-05 -2.2603825e-05 -2.3979350e-05
   577 :  5.8185078e-02  2.5306551e-02  4.0674360e-02
   578 :  3.1123498e-25 -8.3592852e-25  3.1491465e-25
   579 :  1.3556422e-03 -1.8070274e-02  1.0851624e-03
   580 :  1.1070751e-03 -6.5384573e-03 -3.3527144e-02
   581 :  9.5167095e-14 -3.3187804e-13 -4.4281524e-13
   582 :  9.4348028e-25  4.9915611e-25 -6.9431929e-26
   583 :  3.6133157e-12 -8.7071053e-12 -7.2126437e-15
   584 :  2.2426826e-21 -2.7283136e-21 -1.0105594e-21
   585 :  5.7324400e-02  4.7029300e-02  1.8545523e-03
   586 :  3.2383827e-16 -7.3536183e-16  3.2855697e-17
   587 : -3.1800554e-12  3.0041567e-12 -1.4330022e-11
   588 : -5.2711769e-16  1.4769711e-15 -2.0799105e-16
   589 : -1.7341915e-02  4.3785247e-02  3.3797211e-02
   590 : -5.1423352e-03 -4.7695133e-03  2.0777395e-03
   591 :  3.5567653e-23 -5.2071441e-23 -2.3398410e-23
   592 : -8.4543323e-15  3.4797904e-15  1.6985440e-15
   593 : -3.2897860e-09  5.0235681e-10 -1.1178397e-09
   594 :  1.4737965e-11  1.7560595e-10 -7.3102263e-11
   595 : -5.1366933e-06 -5.6111650e-05  1.1244138e-04
   596 : -4.7082950e-05  2.9965295e-05 -9.8198248e-05
   597 : -7.2346195e-09 -1.2417290e-08  4.2277775e-08
   598 :  1.1472888e-10 -6.2457626e-11  1.9839154e-12
   599 : -8.2030170e-02 -2.8498957e-02 -7.4047343e-02
   600 : -7.4157561e-06  9.0960007e-06  1.2189684e-05
   601 : -5.7361067e-02 -1.5565647e-02 -2.2043538e-02
   602 : -1.0683317e-16 -1.2267954e-16  9.0432765e-18
   603 : -3.4838892e-19 -1.3935659e-18  4.4374363e-19
   604 : -3.3935632e-13 -4.0364702e-13  9.2431821e-13
   605 :  2.0858214e-10 -4.1356410e-09  7.9970110e-10
   606 : -2.2402210e-02  2.1217153e-02 -4.6692329e-03
   607 : -1.4920881e-06  1.2663662e-06  1.4393943e-06
   608 :  4.0197894e-15  8.2349909e-15 -3.0850314e-15
   609 : -4.2549304e-13  5.6036403e-12 -1.0933170e-12
   610 : -2.8063397e-19 -1.3231457e-19  9.2206237e-19
   611 : -3.8555999e-02 -1.5819524e-02 -3.1516240e-02
   612 : -1.0466661e-06  1.9245853e-06 -8.9981513e-07
   613 : -1.4420848e-08 -8.5235234e-09  3.8463881e-08
   614 : -3.3121615e-02  4.0771645e-02  3.6739877e-02
   615 :  2.2287434e-07  1.4518208e-08 -4.2699348e-07
   616 :  4.1180403e-20 -5.4939213e-20 -3.4505855e-20
   617 :  1.5665956e-08  3.4814832e-08 -6.9308390e-09
   618 :  2.6755448e-11  2.7880333e-11 -2.8020615e-11
   619 :  1.1210487e-15 -9.6631813e-16 -1.4346280e-15
   620 : -6.1158531e-10  4.3256398e-10  2.6184526e-10
   621 :  3.6031618e-07 -8.9787808e-07 -9.9964362e-07
   622 :  5.0008007e-02  3.3236173e-02 -4.2515665e-03
   623 : -1.7544921e-03  4.9388637e-04  8.3790836e-04
   624 : -5.7270242e-07  1.7524589e-07 -2.6151368e-07
   625 : -8.3851684e-08 -2.1907007e-07  1.4576047e-07
   626 :  4.6969376e-25 -2.0615143e-24  7.3949135e-25
   627 :  9.6148721e-18 -8.3802697e-17  6.5653371e-17
   628 :  2.4789830e-11  1.0346593e-11 -1.7938888e-11
   629 :  6.4045365e-04 -3.1236488e-03 -2.4231570e-03
   630 :  3.2314483e-02  6.6115416e-02  5.5206692e-02
   631 : -6.5075012e-09  2.8634035e-08 -4.9990475e-09
   632 : -9.6419266e-20  1.9835831e-19  2.2258523e-20
   633 : -1.6054057e-03  3.1295843e-04  6.8714659e-04
   634 :  4.1205577e-06  2.5394314e-06 -1.4817602e-05
   635 :  1.7885298e-03 -4.3341173e-03 -4.2222107e-03
   636 :  5.5013631e-03  3.6432560e-03 -1.5371519e-03
   637 :  4.9270936e-02  3.4556947e-02  5.3056916e-02
   638 :  3.7741247e-02 -2.5171000e-02 -3.6301033e-02
   639 :  1.2455162e-02  7.3296773e-03 -9.4850304e-03
   640 :  3.8000012e-03 -7.8446896e-02 -4.6139924e-03
   641 : -2.1811190e-15  4.7639682e-15  3.3983172e-16
   642 :  1.0415127e-04  2.7522266e-04 -1.9789864e-04
   643 :  1.0216805e-02 -2.1847195e-03 -3.6370890e-03
   644 : -7.9159904e-03 -1.6135934e-03  1.0226116e-02
   645 :  1.4658376e-05 -3.0001244e-05 -3.0955238e-06
   646 : -2.3250153e-07 -3.4242923e-07  3.6260940e-07
   647 : -6.4898809e-02 -1.7194778e-02 -2.4835092e-02
   648 :  2.8271688e-06  3.2700390e-06  1.0273887e-06
   649 :  2.0798472e-02  5.3871582e-02  4.0467944e-02
   650 : -2.0148400e-07 -3.4439133e-08  2.6640332e-07
   651 : -6.8835521e-02  1.0454344e-02 -2.3978507e-02
   652 : -1.4703488e-06  4.1591720e-06 -1.5689901e-06
   653 :  1.1612976e-01  8.1959797e-02 -5.4964560e-02
   654 : -7.5820382e-12  8.0637018e-13  3.5726372e-12
   655 : -4.1192656e-07 -9.1461406e-07  2.2846685e-06
   656 : -1.4565974e-02 -2.0480064e-02  8.2396187e-03
   657 :  1.7943565e-02  7.7145905e-02  5.3330767e-02
   658 :  1.6761338e-06  4.2975801e-06 -1.6151515e-06
   659 : -4.8799308e-05  2.2741587e-04 -5.2380480e-05
   660 :  3.8528709e-02  5.1871174e-02 -1.3285560e-02
   661 : -3.6287003e-02 -4.3583535e-02 -8.5833060e-02
   662 : -6.1994117e-11 -3.1598966e-11  1.4112376e-10
   663 :  1.9414386e-02  1.1081647e-02  4.9664014e-02
   664 : -2.3962313e-02  5.0291305e-02 -1.1610455e-02
   665 :  8.1286723e-03  4.1151203e-02  3.8277491e-02
   666 :  8.2592309e-21 -4.9738300e-21 -1.0434978e-20
   667 : -4.7412876e-13  1.3167517e-13 -2.4607002e-13
   668 : -1.2554236e-03 -9.2314266e-04  2.8307324e-03
   669 :  5.9604015e-25 -1.0254126e-24 -8.1275601e-25
   670 :  2.2707802e-02  7.8595619e-03 -9.9988870e-03
   671 : -2.3407695e-02 -4.6239089e-02  1.0479311e-02
   672 :  1.8500894e-03  1.0199517e-02  1.0806989e-02
   673 :  6.7075170e-10  5.1963823e-10 -3.1676144e-09
   674 :  7.7987054e-09  8.1838815e-10  1.8773400e-08
   675 : -4.8734000e-09 -5.3065250e-10  7.9478774e-09
   676 :  1.1034882e-05 -8.7582001e-05  1.0930478e-05
   677 :  1.7404713e-06 -6.2736874e-07  1.1742172e-06
   678 :  3.1393837e-03  3.9159960e-03  1.0072234e-02
   679 :  1.7371320e-04 -1.4454786e-04  3.6363602e-04
   680 : -9.6708756e-05  2.9742726e-04  3.7848252e-04
   681 : -6.8692704e-14  4.1105352e-14 -1.6616748e-13
   682 :  3.3295465e-14 -9.5691301e-14  6.3907436e-14
   683 : -1.8390769e-12  4.1216622e-12  4.3205887e-12
   684 :  1.9265168e-17 -4.4529492e-17  2.9502277e-16
   685 :  5.0104403e-07 -5.3038979e-05 -3.2568701e-05
   686 :  1.8016914e-08  7.9641283e-09 -7.7221124e-09
   687 :  6.3966227e-16  1.1322153e-15 -4.0900957e-15
   688 :  1.4584984e-09 -5.1518037e-09  5.3228041e-09
   689 : -1.7420810e-02 -9.9985434e-03  3.7153564e-02
   690 :  3.1278446e-06  2.1935954e-06  8.0061977e-07
   691 : -6.1506630e-05 -6.1005190e-06 -3.5325105e-05
   692 :  5.8743296e-06  5.5800369e-06 -1.4702533e-05
   693 :  9.4170759e-25 -2.1299857e-24 -1.7559625e-24
   694 :  2.0908108e-17 -4.8724139e-17 -3.6162191e-17
   695 :  5.4810654e-03 -1.2704502e-02  1.0915456e-02
   696 : -2.1677579e-03  1.0819717e-03 -4.3311673e-03
   697 : -7.6317154e-06  7.2141782e-06  1.3273747e-05
   698 :  1.0140813e-02 -8.0382243e-03  6.2045138e-03
   699 :  1.2450884e-10  3.7211074e-11 -1.1492258e-10
   700 : -3.2005111e-22 -3.9472187e-22  1.1945177e-21
   701 : -2.8955896e-21  1.0477928e-20 -4.1637513e-21
   702 :  1.2301659e-13  3.4993965e-14  3.0041277e-13
   703 :  2.7307832e-02  7.2230344e-03  2.8619174e-02
   704 : -3.0293375e-06 -2.9188196e-07  3.2251021e-06
   705 :  3.5397980e-16 -1.0413426e-15  7.0047685e-16
   706 : -2.2522484e-01  4.5262406e-02  5.9017297e-02
   707 : -4.9594962e-03 -6.4237256e-03  3.1140220e-03
   708 :  7.6643068e-04  4.2407696e-04 -1.6381452e-05
   709 : -2.1824386e-08  2.3132308e-08  4.8841778e-08
   710 : -6.5106101e-11 -2.1387498e-11 -1.0697176e-11
   711 : -5.6140400e-07  4.3838162e-08 -1.3207789e-07
   712 :  2.0547201e-02  4.0952341e-02  1.5032992e-02
   713 :  7.7195579e-07 -1.1440120e-06  6.1760462e-06
   714 :  4.2447758e-02  1.7013135e-02  4.2030685e-02
   715 : -4.2953480e-05  1.0517608e-05  8.4219202e-06
   716 :  4.3902889e-17 -1.2239627e-16  2.4431900e-16
   717 :  7.2956300e-04 -2.9742758e-03  3.3293488e-04
   718 :  2.6800033e-06 -1.2757167e-06  1.3780079e-06
   719 : -3.1679851e-03 -3.7892696e-03  7.1993011e-04
   720 : -4.3990139e-02 -7.1677968e-02  4.5945981e-04
   721 : -7.9575302e-02  8.9159923e-02 -2.2882105e-03
   722 :  1.5366067e-14  4.2158896e-14 -1.6131097e-14
   723 : -3.7971477e-15 -1.2358408e-13  1.0475652e-13
   724 :  4.5218128e-14 -2.2363135e-13  6.5644376e-14
   725 :  3.7547396e-02  4.0480714e-02  5.3493589e-02
   726 :  1.1417578e-09 -3.5147453e-09  6.8504270e-10
   727 :  5.3627884e-02  3.8272723e-02  5.1483303e-02
   728 :  9.8743723e-04 -2.7889729e-03 -3.4182243e-03
   729 : -1.4469754e-04  1.2199027e-04  1.4658986e-04
   730 :  5.1134061e-06 -6.1685856e-07  4.4821504e-06
   731 : -3.2636515e-15 -5.1561166e-15  4.2025652e-15
   732 : -7.9087158e-12 -1.0430520e-11  5.9262867e-12
   733 :  4.6439469e-07 -1.7365403e-06  5.6913756e-06
   734 : -3.3476473e-02 -1.1016230e+00  1.1471451e+00
   735 :  5.3570528e-06  2.8991609e-06  7.3945887e-06
   736 : -5.1439167e-02 -3.2249755e-02 -2.0326645e-02
   737 : -9.8512899e-10 -8.5834237e-09  3.7186886e-08
   738 :  2.9711302e-03 -1.3400790e-03  3.2237529e-03
   739 : -6.5209922e-02 -4.5729563e-02 -7.2576392e-02
   740 :  1.3071557e-05 -5.1616178e-05  4.5387682e-06
   741 :  8.4231491e-03 -1.1377202e-02  1.8789032e-02
   742 : -5.1891399e-07 -9.6955212e-07  1.9441520e-06
   743 : -1.9668551e-05 -8.1230817e-06 -4.3346601e-05
   744 :  7.3783037e-02  1.3519642e-01  6.6234063e-02
   745 : -1.2024872e-14  3.0807364e-14  2.1800726e-14
   746 : -4.0037202e-13  6.0755785e-12  6.4683355e-12
   747 :  7.1447234e-09 -5.6189532e-09  2.1719052e-08
   748 :  6.8230090e-06  8.2633920e-06 -3.8051314e-05
   749 : -4.0123285e-04 -3.5092968e-03 -3.5333034e-03
   750 :  7.6561561e-16  1.8999786e-15 -5.5887010e-15
   751 :  2.5432569e-02  2.6620349e-02  5.3995633e-02
   752 : -7.9363836e-07 -3.5488627e-07  1.1705966e-06
   753 : -2.1865805e-04 -3.8659097e-03 -1.8476154e-04
   754 :  1.3911532e-12  2.8005089e-13 -4.1642261e-12
   755 :  7.3606964e-02  7.2246079e-02  1.0160839e-01
   756 :  2.9418816e-10  7.7335192e-09  4.7115268e-08
   757 :  6.5515353e-24  3.2709568e-24 -4.3273798e-24
   758 : -1.7469173e-01 -1.0683975e-01 -5.7501853e-02
   759 :  5.3394668e-06 -2.5946316e-06  6.4310858e-06
   760 :  6.6902941e-10 -1.8202490e-09  4.9216378e-10
   761 :  1.1403213e-05  1.6139081e-06 -2.1830399e-05
   762 : -1.5736603e-01 -2.1501454e-01  6.1182045e-02
   763 :  2.1425855e-18 -6.5645599e-18  2.2102635e-18
   764 :  1.8573693e-19  5.6667169e-19 -3.7498735e-19
   765 :  4.0523185e-02  2.7596097e-02  5.3942588e-02
   766 :  1.9778216e-09  6.2131118e-08  2.7757501e-08
   767 :  6.5622443e-03 -5.1605408e-01  3.7038899e-01
   768 :  6.3379476e-16 -1.6264201e-15  3.5274257e-15
   769 :  6.6281458e-02  3.7933502e-02  6.9920945e-02
   770 : -4.4888100e-05  1.3479483e-05 -6.9481736e-07
   771 : -8.0164754e-04  6.5998262e-03 -4.9060321e-03
   772 :  4.2967199e-02  3.0560123e-02  3.4470357e-02
   773 :  1.8793201e-07 -1.5626154e-07 -2.9263792e-07
   774 :  4.7549649e-02  5.9152771e-02  2.8899658e-02
   775 :  1.3966361e-02 -4.3043294e-01  3.0855711e-01
   776 : -5.3342268e-07 -4.4483768e-08  1.3135463e-06
   777 :  1.0743171e-05  6.9832018e-06  2.3719485e-06
   778 : -1.3567544e-05 -4.9153475e-05 -5.0519330e-06
   779 :  4.4945000e-14 -7.9659159e-13  3.0817779e-13
   780 : -1.2269012e-01  2.4849255e-02  5.7225952e-02
   781 : -5.7812666e-15  2.8212306e-15 -2.7868721e-15
   782 :  9.2965478e-25 -6.3347810e-26 -1.6078620e-24
   783 :  1.0244999e-05 -3.1720936e-06 -6.5690016e-05
   784 :  8.2630506e-07  9.7804951e-06 -4.4359303e-06
   785 :  1.0566210e-14 -2.8648532e-14  1.1721155e-15
   786 :  1.0244343e-01  7.8229784e-02  1.6910520e-02
   787 :  2.2551016e-03 -3.2908214e-03  2.5706202e-02
   788 :  1.3124507e-14 -8.6972151e-15  1.1422103e-14
   789 : -5.8927002e-14  1.3632256e-13 -7.6654071e-14
   790 : -1.1117172e-04 -1.9167378e-06  2.9278375e-04
   791 : -1.0538374e-03  8.4987874e-04  3.5001237e-04
   792 :  3.4290606e-02  2.8896914e-02  4.9160797e-02
   793 :  4.8414744e-02  1.1273247e-02  2.9563499e-02
   794 : -3.9339424e-05 -7.3024044e-05 -1.1931447e-05
   795 :  2.5241719e-02  1.3587984e-02  6.6322816e-02
   796 :  1.1415413e-02 -1.8858643e-03  2.7613508e-02
   797 : -7.6028244e-16 -3.5243619e-17  1.2592772e-15
   798 :  3.7886975e-05 -9.5297895e-05  8.4394641e-04
   799 :  3.7199682e-08  1.4497680e-08 -7.8901556e-08
   800 :  4.2613723e-02  3.8467375e-02  6.6556540e-02
   801 : -8.2068346e-14  9.3596605e-15  1.4336768e-13
   802 :  6.3255750e-06 -8.0226270e-06  1.6719760e-05
   803 :  1.7649947e-10 -5.3178593e-10  2.3233320e-10
   804 :  3.7095887e-02  5.5442863e-02  6.6609623e-02
   805 :  4.3176590e-06  4.6983573e-06  5.6593879e-06
   806 : -1.1035318e-12  7.3626799e-13 -6.4787791e-13
   807 :  1.0294717e-15  4.9666992e-15 -1.5423715e-15
   808 :  8.4033214e-02  7.1437734e-02  5.3346279e-02
   809 :  3.1666325e-09 -7.2982703e-09 -3.3767258e-09
   810 : -4.2091571e-15 -3.8605279e-15  1.9697392e-15
   811 : -4.2036382e-25 -2.9046618e-25  1.3416403e-24
   812 : -1.9745107e-07  8.8952779e-08 -6.0087091e-07
   813 :  1.1034726e-06  8.5781481e-06  6.5758475e-06
   814 :  2.3899164e-23  9.7635241e-25 -2.5941441e-23
   815 :  1.6884051e-27  2.0726003e-26  5.2685287e-27
   816 :  7.1679925e-21 -2.3533057e-21 -2.3438374e-21
   817 : -3.7455769e-22 -8.2377739e-22  1.5953894e-21
   818 : -2.7261191e-24  1.1860322e-23 -7.2158470e-24
   819 :  4.3665521e-08 -4.1291005e-07  7.9071327e-07
   820 : -6.8387863e-24  1.9368304e-23 -4.0794061e-24
   821 :  4.1899453e-02  6.1300956e-02 -3.7993367e-02
   822 : -2.5996516e-05 -1.3489766e-04  2.0025617e-04
   823 : -1.2002301e-10  3.0969833e-10 -6.1759950e-11
   824 : -2.1060549e-10  3.7662170e-10  2.1877942e-10
   825 : -4.2301643e-18 -3.3764127e-18  1.4303444e-17
   826 : -1.4582004e-03  3.2727207e-03  1.5916850e-03
   827 :  7.1056749e-13  1.0254384e-13 -3.9828724e-13
   828 : -4.5482391e-09  2.5937677e-08 -9.7140588e-09
   829 :  9.4093531e-05  1.1982324e-04  1.4651473e-06
   830 : -1.3161923e-01  1.2521207e-02 -1.9264449e-01
   831 : -4.0083916e-02 -1.0790595e-01 -1.4581403e-01
   832 : -1.1022160e-07  5.1035869e-07 -2.5301553e-07
   833 : -6.8201606e-02 -1.5450593e-01 -1.3322463e-01
   834 :  3.2085084e-22 -2.7461758e-22  3.1072369e-22
   835 : -2.1420080e-25  5.9083565e-25 -1.0842333e-24
   836 :  8.4195687e-06 -2.3953134e-05  8.2933804e-06
   837 : -2.2302060e-13  1.2425226e-13 -3.7207651e-13
   838 :  6.9569910e-04  8.0540487e-04 -2.0205699e-03
   839 :  8.2825867e-10  3.8306383e-10 -2.1195891e-09
   840 :  1.2515441e-13  6.3801888e-13 -1.4226622e-12
   841 : -5.7007435e-11  2.0805919e-11  1.4556278e-11
   842 : -1.4642456e-07 -8.3493043e-08  9.8523883e-08
   843 :  5.1762896e-12 -5.3079726e-12 -5.4428128e-12
   844 :  6.2228497e-07 -6.0146214e-07  5.7730721e-07
   845 : -1.1593065e-17  2.5947612e-17 -4.8521460e-17
   846 : -4.1399718e-05  7.1088686e-06 -3.6373574e-05
   847 :  1.1229096e-08 -8.3851437e-09 -1.1018667e-09
   848 :  3.4284069e-27  2.4402501e-26 -1.3144048e-26
   849 :  1.1555358e-10 -3.8311441e-10  2.8975211e-10
   850 : -4.4822728e-09  6.2335984e-09 -1.6175837e-08
   851 :  2.2600661e-11 -9.1130245e-10  9.4175949e-10
   852 : -7.6676723e-19  2.2768978e-18 -9.7490103e-19
   853 : -3.0500595e-03  1.0341345e-03 -3.9148633e-03
   854 : -5.0993655e-28  3.1551964e-27 -1.1550162e-27
   855 :  1.6581451e-02 -5.7022904e-03 -5.4211828e-03
   856 :  6.6834528e-04 -4.3060157e-05  3.9482633e-04
   857 :  2.6607760e-02 -9.5344777e-03  3.3374184e-02
   858 :  6.7533104e-04  8.7856873e-06 -1.6063067e-04
   859 : -2.1326601e-18  3.6829398e-18  1.9407171e-18
   860 : -8.7753867e-05 -6.6748148e-05  2.9176288e-05
   861 : -3.2636966e-05  2.2237276e-05 -2.1490094e-05
   862 : -6.3209679e-06  3.6226728e-06  1.0980062e-05
   863 : -2.9892827e-03 -1.4793696e-04  2.5865056e-03
   864 :  1.1097292e-02  1.6973888e-03  3.1039389e-02
   865 : -2.9314664e-03  3.3501692e-01 -1.1400705e-01
   866 :  3.5905676e-02 -5.6260917e-03 -4.1003232e-03
   867 :  2.8840259e-02 -3.5744962e-04  3.8578941e-02
   868 : -5.7088587e-07 -1.6436896e-06  2.9845998e-06
   869 : -4.9975859e-07 -8.2752318e-07  4.8290921e-07
   870 :  2.4195102e-07 -2.5651603e-07  6.0389386e-08
   871 : -8.2370474e-03 -1.5030911e-02  2.9366464e-02
   872 :  2.4830336e-02 -1.9376508e-03 -8.4378532e-03
   873 : -3.0502871e-02 -2.8230663e-02  9.7208898e-03
   874 :  1.1051730e-02  2.0980169e-03 -3.6898629e-02
   875 : -7.8625247e-12 -4.8401103e-12  1.6208856e-12
   876 : -4.0499252e-11 -6.1605649e-11  7.0406347e-11
   877 :  6.1352412e-23 -7.9692187e-23  9.9030791e-23
   878 :  8.4516909e-21 -2.0497632e-20  4.7458515e-21
   879 : -1.4195067e-12 -7.5349577e-13  3.2946827e-12
   880 :  3.5527648e-13  4.1093923e-11 -2.0023352e-11
   881 :  5.4074068e-23 -1.5045788e-23 -2.3287436e-23
   882 : -4.3643441e-22  2.7408859e-22  6.6237377e-22
   883 :  1.5969411e-12 -7.7772044e-13  6.4354211e-14
   884 : -3.4771340e-13 -1.3578818e-11  4.0281357e-12
   885 :  2.1470957e-05 -1.1056286e-04 -1.8204348e-05
   886 : -3.3371342e-05  9.2960646e-07  2.1306242e-05
   887 : -1.1893785e-04 -4.3428451e-05  4.1107330e-04
   888 :  5.5162785e-04  7.2887822e-04 -1.7833480e-04
   889 : -2.0953834e-02 -3.6718590e-02  1.8750074e-03
   890 : -1.8217639e-03  6.6585265e-03 -1.6032175e-02
   891 : -5.0208597e-12  2.4973718e-11 -4.5063218e-11
   892 : -6.0606263e-10  1.6262454e-09 -2.5386318e-10
   893 : -3.8665786e-05  1.4995942e-05  1.1270817e-05
   894 : -2.9328743e-05  2.3410418e-05 -3.0278298e-05
   895 : -6.7516536e-02 -3.5301832e-02  1.1125018e-02
   896 : -4.0604495e-03  7.1494960e-02 -8.8904084e-02
   897 :  1.0271976e-12 -2.4662625e-13 -4.6262096e-13
   898 : -3.4933442e-12  2.9307620e-12  7.1935715e-12
   899 :  3.9923845e-02  1.0858622e-02  9.1693586e-03
   900 :  1.9261143e-03  4.7250324e-02  4.1088485e-02
   901 :  1.3308047e-06 -1.8256344e-07  6.9361333e-08
   902 : -1.1771852e-05 -4.1830330e-06 -1.8173605e-06
   903 : -5.2306967e-03 -5.6502324e-03 -2.5119343e-04
   904 :  1.2446433e-05  1.4894981e-03 -3.4783118e-03
   905 :  1.4238001e-02  3.0362316e-02  2.2761661e-03
   906 :  3.2235931e-02  4.2756253e-02  5.0628033e-02
   907 :  5.9876332e-02 -2.0437076e-03  3.0985642e-02
   908 : -3.4971521e-04  1.4395692e-04  4.5025249e-04
   909 : -2.0888923e-05  9.6418223e-04 -5.6832859e-04
   910 : -3.0170090e-03  8.9746526e-03  1.7870948e-03
   911 : -1.2257485e-03 -1.6280423e-03 -2.7570426e-03
