Number of elements 912
     0 :  9.7512166e-08 -1.2449037e-06  3.6231808e-07
     1 : -2.9672083e-03  1.0623308e-02 -7.7047032e-03
     2 :  4.0167425e-02  2.5960005e-02  2.2899854e-02
     3 : -2.8422373e-04  3.3928431e-04  7.9128760e-04
     4 :  2.9885159e-02  1.6760150e-02  2.1631133e-02
     5 : -4.0184465e-02  3.1812364e-02  6.9978087e-02
     6 :  1.5247206e-12 -3.9560856e-13 -3.7565593e-12
     7 : -5.7669259e-03  2.6500660e-02 -1.3510485e-02
     8 :  6.5929760e-03  2.8943851e-02  5.4355871e-04
     9 : -1.1026946e-11  2.3945321e-11  2.5888641e-11
    10 :  6.1523199e-03  2.5306488e-02  1.1977953e-02
    11 : -3.8689144e-14 -9.1709543e-15  4.4438197e-13
    12 :  9.3767655e-03 -3.1721170e-02  1.1191649e-01
    13 : -1.4375855e-02  2.2760193e-02 -3.9019912e-03
    14 : -8.1015430e-05  2.5467051e-04 -2.6067439e-05
    15 :  3.2221154e-03 -9.6179921e-03 -1.4941405e-02
    16 : -8.5567810e-14 -1.5065371e-14  2.0275392e-13
    17 :  4.7647325e-09  1.1897608e-08 -3.4041970e-08
    18 : -7.7570298e-03  3.5637053e-04  1.6956453e-03
    19 : -1.0809072e-16 -1.6886274e-15  4.0096327e-16
    20 :  2.4579554e-08  6.1729677e-08 -7.4985254e-08
    21 : -5.2715247e-03  4.4461368e-03  3.4021115e-03
    22 : -2.7988072e-02 -5.2917019e-03  7.5277147e-03
    23 : -2.0684321e-15  2.5317068e-14 -4.3547652e-15
    24 : -2.5653580e-03  5.6247075e-03 -3.1532994e-03
    25 :  1.5191783e-16  8.7032976e-16 -5.1657843e-16
    26 :  6.1997417e-03  3.6674518e-02  1.6465765e-02
    27 : -3.4514603e-02 -4.7558183e-02 -2.8947580e-02
    28 :  9.7762557e-03  3.5996394e-02 -1.6559779e-02
    29 : -1.7206945e-03 -2.8324101e-03  2.9522621e-03
    30 :  3.1201608e-02  1.5354190e-02  3.2411596e-02
    31 : -9.3024526e-05  2.2498654e-04  2.3125749e-04
    32 :  2.3126640e-11  1.2266136e-11 -5.9048765e-11
    33 :  7.0833315e-03  3.7045493e-03  4.2802959e-03
    34 : -5.3899088e-17  1.6936509e-16 -8.9527586e-17
    35 : -3.8971504e-05  1.6598632e-04  4.0850621e-04
    36 :  1.7482915e-02  2.5131207e-02  7.6015156e-03
    37 :  2.8379728e-03  4.9903060e-03  6.5551742e-03
    38 : -4.9392999e-03  5.0725321e-03 -2.3260559e-02
    39 : -6.3372271e-03  3.1012428e-03  8.6384491e-03
    40 :  8.8990370e-03  2.4711660e-02  3.5882328e-03
    41 : -1.9134567e-02 -1.4877141e-01  9.7883833e-02
    42 :  1.1614891e-15 -1.4907148e-15 -9.7569883e-16
    43 :  1.6464092e-07 -2.6425604e-07 -1.6626630e-07
    44 :  7.0374872e-03  5.7686274e-03  8.3240299e-03
    45 : -1.4382592e-05  6.9967903e-06 -1.1844091e-05
    46 : -3.2023170e-05  1.2414897e-05  7.0053701e-06
    47 : -8.4745336e-11  4.0710572e-11 -7.6289333e-11
    48 :  6.9391823e-14  1.2717032e-13  1.1203644e-13
    49 :  9.7522731e-03  1.4457620e-02  2.5650932e-02
    50 :  6.7718672e-03  2.0580993e-03  7.5303473e-03
    51 : -1.3388107e-02 -1.2519145e-02 -2.3623481e-02
    52 :  3.7427639e-02 -1.2903266e-02  3.2388934e-02
    53 : -7.8809045e-14  9.3650007e-13 -2.4505164e-12
    54 : -2.6910568e-03 -1.8213891e-03  2.8187701e-03
    55 : -6.6936826e-03 -2.7697498e-03  3.0784180e-03
    56 :  1.2070180e-02  2.2227257e-02  1.6110744e-02
    57 : -2.6381729e-02 -1.7598897e-02 -5.6844905e-02
    58 : -4.7594762e-02 -3.2491144e-01  2.8141549e-01
    59 : -7.4277332e-03 -9.3757268e-03  1.3068188e-02
    60 : -1.8983184e-02 -1.7801148e-02  2.1552498e-03
    61 : -8.2070990e-03  9.5634606e-03  3.2304021e-03
    62 :  8.9051588e-03  5.4444662e-03 -5.5694390e-03
    63 :  8.2301995e-03  8.5319803e-03  1.3424663e-02
    64 : -1.2627193e-02  2.8714476e-02  2.5418446e-02
    65 : -1.5414273e-04 -2.4089558e-03  6.5680338e-04
    66 :  4.4581359e-04 -1.8078461e-03  5.6215769e-04
    67 : -3.1530946e-12  2.9899989e-12  5.8970288e-12
    68 :  4.9490581e-13 -1.2263298e-12  1.2580346e-13
    69 : -3.7995023e-12  4.0651354e-12  5.1438631e-12
    70 :  2.3956915e-05  1.3367995e-06 -5.2807389e-05
    71 :  2.4215014e-02 -9.2710774e-03 -5.6282093e-03
    72 : -4.0117537e-15  1.4449938e-14 -8.9607939e-15
    73 :  1.2930475e-03  9.6187421e-03  1.1661148e-02
    74 :  2.6710904e-08 -8.3467182e-08  3.7546387e-08
    75 : -2.2444981e-10 -1.7137215e-09  8.9169829e-10
    76 : -1.1951642e-14  5.0066909e-14 -9.9253040e-15
    77 :  1.4119814e-09 -2.7441859e-09 -1.4590709e-09
    78 : -4.7307658e-12  2.8264245e-11 -1.3213408e-12
    79 : -9.2519445e-08  1.7025742e-07 -2.8035005e-07
    80 : -4.1709348e-21 -2.8487749e-19  9.0771071e-20
    81 : -6.8285860e-11 -3.6314682e-10  1.9677143e-10
    82 :  3.6507034e-02  2.1182130e-01 -1.0966108e-01
    83 :  3.0283752e-17  2.1723625e-17 -2.0266632e-16
    84 :  2.0925168e-16  1.6684874e-15 -1.2299512e-15
    85 :  4.5617522e-03  6.8447837e-03  7.8813332e-03
    86 :  2.5002951e-08  5.2972195e-09 -3.1148654e-08
    87 :  1.5770079e-07 -2.2590039e-07 -2.0362936e-07
    88 :  1.0575435e-03 -1.1291026e-03 -2.2789785e-03
    89 : -1.6898452e-02  1.3294061e-03  3.5455406e-03
    90 : -1.2773410e-14 -3.5060315e-14  2.7661264e-14
    91 :  2.5713728e-02  1.2364448e-02  1.6677165e-02
    92 : -2.5945065e-05  3.7005082e-05 -1.4941584e-05
    93 :  2.0882777e-18 -3.8738643e-19 -6.5565338e-19
    94 :  8.5889339e-07 -3.1055573e-07 -1.9929735e-07
    95 :  3.9297016e-13 -1.6825821e-13  1.0860278e-13
    96 :  1.5418539e-04 -1.2809953e-04  4.7795690e-04
    97 : -1.0729296e-05  1.2460018e-04 -1.4366018e-04
    98 :  2.6199001e-02  1.7738277e-02  2.2157423e-03
    99 :  1.5893269e-11 -5.7128770e-12 -6.7766023e-12
   100 :  9.2334071e-12  1.1397957e-11 -2.9200185e-11
   101 : -1.7813198e-03 -2.6118719e-04  5.9887665e-04
   102 : -1.7721740e-03  1.5647322e-03 -9.6599949e-03
   103 :  2.7233403e-17 -2.9243736e-17 -7.6827495e-17
   104 : -1.8877870e-06  1.6418319e-06  2.4384906e-06
   105 :  9.2170755e-03  3.5657913e-02  4.0053855e-02
   106 : -1.0586402e-03 -4.7912812e-04 -2.4076227e-03
   107 : -3.7309853e-03  2.4852080e-02 -9.5379330e-03
   108 :  2.3952253e-02  2.1810657e-02  2.5446680e-03
   109 :  5.4639994e-03 -1.3592162e-02 -2.9933425e-02
   110 : -2.6501596e-03  1.6308659e-02  1.2320514e-02
   111 :  3.5658860e-03 -3.2864447e-03 -3.2442324e-03
   112 :  2.9482811e-11  2.9379873e-11 -1.0135024e-10
   113 : -1.4429107e-02  3.2359688e-04 -1.1423990e-02
   114 :  1.3450082e-04 -5.0198359e-04  2.3477124e-04
   115 : -2.9558655e-02 -7.1675076e-02 -6.4111804e-03
   116 :  2.1130528e-03 -1.0297170e-01  1.1768050e-01
   117 :  2.5108667e-02  2.2386513e-02  1.2940959e-02
   118 :  4.5526139e-02  5.8235776e-02  3.9171496e-02
   119 : -1.1718651e-12 -4.0046987e-13  1.7673688e-12
   120 : -2.0404243e-05  4.8100840e-06 -1.7389433e-05
   121 : -2.0603658e-10  1.7092447e-09 -1.5210118e-09
   122 :  3.0634034e-03 -3.8130970e-02  3.0158460e-02
   123 : -8.1662382e-17  2.5704662e-16  2.1608278e-16
   124 : -1.2663883e-12 -2.9338389e-12  1.2993711e-12
   125 : -1.6701307e-20  5.0801496e-20 -1.7387194e-20
   126 :  1.8815904e-08  3.7050821e-08 -4.3639731e-08
   127 : -1.8175083e-09 -1.5642572e-09 -2.8282590e-09
   128 :  5.4050215e-02 -1.0424514e-02 -3.4183152e-02
   129 : -3.3056615e-07 -6.8620489e-07  1.1961298e-06
   130 : -7.4581439e-03  5.3294384e-03  8.9710876e-03
   131 : -1.8523879e-02 -6.1995821e-03 -2.3981840e-02
   132 : -1.5030062e-02  3.2510723e-03 -6.1032402e-03
   133 :  1.5447899e-03 -3.2554819e-02  4.0328309e-03
   134 : -2.4493840e-02  1.7164409e-02  3.8952732e-03
   135 : -9.0188910e-03  3.4375637e-02  2.8637381e-02
   136 : -2.4203224e-03  4.8468145e-04 -1.1132947e-03
   137 :  1.8321920e-02  2.5683042e-02  1.7561107e-02
   138 :  1.1618882e-02 -4.4152753e-03  1.3213622e-02
   139 : -2.6201676e-03  2.7331857e-02 -1.0724375e-02
   140 :  9.6293936e-11 -6.1690338e-11  9.5980104e-12
   141 :  4.3444623e-10 -8.2386801e-10 -5.6091872e-10
   142 :  2.9629036e-02  2.0292721e-02  3.6925251e-02
   143 : -1.9740245e-13  8.2570838e-13 -8.7775811e-13
   144 : -2.7295570e-03 -2.2832546e-03  8.4525480e-04
   145 :  7.8796990e-04 -1.5656717e-03  9.0922699e-04
   146 : -1.2162096e-06  4.4532749e-06  3.5155962e-06
   147 :  2.0817820e-13  1.0415045e-13 -9.2920404e-14
   148 : -4.4880601e-06  7.0328227e-06  3.5415065e-06
   149 :  7.3445782e-03 -1.0176572e-02 -4.4881473e-03
   150 :  1.7434752e-03 -2.7301415e-03 -1.6584552e-03
   151 : -1.9753378e-09 -1.6425914e-09  5.7535420e-09
   152 :  6.2702778e-07 -1.9651182e-07 -1.9213221e-07
   153 :  8.0189333e-02  2.2644325e-02  1.3522120e-02
   154 :  5.2267661e-20 -9.7676365e-20  1.0137379e-18
   155 : -4.0512886e-13  4.0931613e-13 -8.2845273e-14
   156 :  3.7123922e-15 -2.6839322e-14  8.7963027e-15
   157 : -1.0937530e-05  3.9618048e-05 -4.3536315e-05
   158 :  2.8553707e-02 -1.2368190e-02  1.8061927e-02
   159 :  2.6045772e-04 -9.6111166e-04  6.3803097e-04
   160 :  3.6156721e-18 -1.9652328e-18 -1.0763226e-18
   161 : -1.1401457e-17  3.3997799e-17 -6.0571451e-17
   162 : -2.5518896e-02 -4.3287891e-03 -9.2367792e-03
   163 : -2.7378529e-02 -1.0590396e-04 -2.2242581e-02
   164 : -5.2534542e-09  5.3808705e-09  1.8499025e-08
   165 : -2.4390039e-04  6.8598693e-04 -4.0092906e-03
   166 :  8.5515641e-14 -2.1142073e-15 -1.4624187e-13
   167 :  5.4081738e-03 -4.4286599e-03  8.7934577e-03
   168 : -5.8960712e-02 -2.4367623e-02 -3.5699752e-02
   169 :  3.0031967e-02  5.8130920e-02  3.2752689e-02
   170 : -1.1953959e-12  4.9942068e-13  1.1762265e-13
   171 : -4.2421133e-13 -6.2813971e-13  1.8536053e-12
   172 : -1.6424662e-02 -1.6705911e-02 -1.8768422e-02
   173 :  6.0847522e-03  2.6387044e-02 -2.3211889e-02
   174 : -4.2020208e-03  2.2555000e-02  6.6622582e-03
   175 : -7.8153147e-06  5.5553585e-07  2.5463585e-06
   176 : -9.9335743e-12  9.5283753e-12  8.0194142e-12
   177 : -1.7196243e-03  1.3494849e-03 -8.1586994e-04
   178 :  2.4591263e-02  3.7147731e-01 -3.1675522e-01
   179 :  8.3380662e-03  1.1015716e-02  3.4025167e-02
   180 : -4.4721412e-14  1.4297752e-14  1.3107573e-13
   181 : -1.4849632e-02 -1.6122094e-02  6.9414417e-03
   182 : -3.2499272e-07 -1.5242023e-08  2.3827884e-07
   183 :  7.8680585e-03 -2.5732191e-02  2.2813480e-02
   184 : -1.7741976e-17 -8.7544267e-17  3.8227401e-17
   185 :  1.5977450e-08 -2.0933704e-09 -1.1057250e-08
   186 : -3.2379094e-06  3.2917429e-07 -8.3560150e-05
   187 :  8.4856257e-03  3.3343468e-02  3.5689763e-02
   188 :  2.6415972e-02  1.3477475e-01 -1.9040894e-02
   189 :  4.6914092e-02 -1.4603440e-02 -1.8678916e-02
   190 : -1.6924935e-03 -2.2993334e-03  5.5882714e-04
   191 : -9.8928065e-17  4.2721975e-16  4.2988106e-16
   192 : -1.4270646e-02  5.3716595e-03  2.0167941e-03
   193 : -5.5633299e-03 -1.4972211e-03 -3.2728180e-02
   194 :  1.9007911e-02  9.6842381e-02 -6.8992988e-02
   195 :  9.1421689e-05  6.1145850e-05 -7.0000178e-05
   196 :  1.1153304e-14  5.2040187e-15 -6.5630762e-14
   197 : -1.8178768e-13  3.0419067e-13  9.3906931e-14
   198 :  1.2358195e-04 -2.4757533e-05  1.4760555e-04
   199 : -3.8247881e-02 -5.0917669e-02 -2.3749768e-02
   200 : -7.9875004e-13  2.8406245e-12 -1.7716842e-12
   201 : -3.6046838e-02 -3.0275205e-02  2.4523954e-02
   202 : -8.7466576e-04  4.2889627e-04  2.4921316e-04
   203 :  2.2997236e-15  2.9886186e-15 -1.5268211e-15
   204 :  4.1222061e-05  2.4614634e-05  1.0274713e-05
   205 :  4.4976636e-03  1.9713306e-02  4.5791711e-03
   206 : -9.8348407e-15  3.1990834e-15  1.8236884e-15
   207 : -3.1218076e-13  1.8525177e-13 -9.7736343e-14
   208 :  1.5658432e-09 -1.1285659e-09 -6.0611375e-09
   209 : -6.1804160e-02  9.1864449e-02  7.2611668e-02
   210 :  5.1181407e-05  1.8420007e-06  5.3496536e-05
   211 : -1.4407756e-16  2.5913326e-15 -6.7078984e-15
   212 :  2.1958834e-02  2.0410873e-02  9.3184104e-03
   213 : -6.5126929e-13 -7.9624380e-13  1.7835452e-12
   214 :  7.2582730e-03  1.2805814e-02 -1.0341638e-02
   215 : -7.3392002e-03  4.5355771e-02  3.0603948e-02
   216 : -2.5452245e-03  2.1725173e-02  2.5605704e-02
   217 :  4.9092251e-19  1.8212810e-18 -9.4206691e-19
   218 : -2.0427465e-10  6.6490965e-10  7.1717041e-10
   219 :  3.5693086e-03 -2.8933057e-02 -3.8180513e-02
   220 :  1.4595841e-08  1.7106147e-08 -5.5296637e-08
   221 : -3.8668344e-12 -4.9020541e-12  7.3319124e-12
   222 : -3.9045585e-05  1.0138636e-02 -7.7056570e-03
   223 :  1.2426650e-02  7.5088936e-03  7.3525615e-03
   224 :  9.6665206e-05 -5.2769531e-04  5.6244074e-04
   225 :  1.5827683e-08  9.8434154e-08 -7.2351146e-08
   226 : -5.1452608e-11  1.6982720e-11  1.3367400e-11
   227 : -2.1759877e-05  3.7179222e-06  5.2800604e-06
   228 : -1.6680351e-03  1.6892620e-03 -4.4392719e-03
   229 :  1.7726891e-07  1.1851451e-06 -6.8942356e-07
   230 : -2.4116730e-12 -1.9746646e-12  6.4787082e-13
   231 :  8.8749115e-13 -2.1344158e-12 -7.7027180e-13
   232 : -4.2702260e-19 -3.3239296e-19  3.0455601e-19
   233 : -5.3210387e-12 -5.2626520e-12  1.5124714e-11
   234 :  9.1996059e-03 -9.5345785e-03  1.1870970e-02
   235 : -4.9844040e-02  5.4961618e-02  4.9913259e-02
   236 : -1.9061551e-11 -2.6629385e-11  6.4857046e-11
   237 : -3.1285322e-09 -5.0845795e-09  7.1039248e-09
   238 :  4.2205162e-16  2.8636577e-17 -2.2346702e-16
   239 :  1.2667334e-11 -9.4263988e-12  1.3895491e-11
   240 : -2.7618572e-15 -2.1341335e-14  1.5794994e-14
   241 : -2.7895245e-02 -2.8330529e-02 -1.4003720e-02
   242 :  4.4063769e-02  3.9403869e-02 -2.8229524e-02
   243 : -2.1750956e-02 -2.0922311e-02 -2.5557040e-02
   244 : -7.5021320e-03  3.2840362e-03 -1.5070315e-02
   245 : -7.6937415e-11 -1.1804827e-10  3.5204110e-10
   246 :  1.1143930e-03 -2.1419514e-03  4.5506444e-04
   247 : -1.6673302e-02  3.0275978e-03 -1.1452916e-02
   248 : -9.9331090e-19 -4.7498150e-18  5.5793655e-18
   249 :  5.1744182e-08 -1.2750175e-08 -1.4636417e-07
   250 : -1.8036301e-02  1.4481594e-02  4.1053999e-03
   251 : -1.8658399e-03  5.4204939e-03  2.9946132e-03
   252 : -2.5744563e-11  1.4269394e-11  1.0732865e-11
   253 :  2.8369484e-15 -4.7990387e-15  2.2548174e-15
   254 : -7.5048931e-03 -2.1669431e-02 -2.7763920e-02
   255 : -2.0534775e-05 -3.4807864e-05  1.1257543e-05
   256 :  1.6276668e-02  1.8247105e-02  1.7299023e-02
   257 :  1.2532731e-02  1.1781081e-02  1.1491431e-02
   258 :  7.3454214e-06  1.6204065e-05 -4.7284401e-05
   259 :  1.6734399e-10 -1.5579153e-09  3.0694684e-09
   260 :  2.1666049e-02  1.5037865e-02  5.1508514e-03
   261 : -1.7935901e-04 -1.8851601e-04 -8.4283906e-04
   262 : -2.2277570e-11  8.8473374e-11  3.6165994e-11
   263 : -3.7675352e-12  4.4324191e-12  7.1310193e-12
   264 :  2.8374794e-05 -2.5943671e-05 -2.0725542e-05
   265 : -1.9090018e-02  1.7440206e-02 -2.2597830e-02
   266 : -1.5284145e-07 -7.4438264e-07  3.5047958e-07
   267 : -9.1742003e-07  2.6276208e-06 -6.3109219e-07
   268 : -6.9271382e-15 -1.0845742e-13  2.4394366e-13
   269 : -4.2796358e-03  3.0771016e-04  1.1001064e-02
   270 :  4.9062002e-06 -1.7320975e-05  6.5561091e-06
   271 : -2.2715379e-02  5.9604161e-04 -2.4115484e-02
   272 :  1.8388569e-06 -6.2034501e-07  8.1956481e-07
   273 :  8.7782656e-13 -3.1412686e-13 -2.4167176e-12
   274 :  2.9272837e-03 -4.7986780e-03 -9.1226435e-03
   275 :  3.0149141e-10 -3.3248193e-10 -4.0065897e-10
   276 : -1.9865915e-02  9.9415301e-03 -1.6854183e-02
   277 : -1.0426034e-11  2.1620563e-11 -1.7403313e-13
   278 :  7.7388846e-03  1.4742666e-02  1.8921477e-02
   279 : -1.7565350e-03  2.2842427e-04  6.4309833e-04
   280 :  6.2979086e-03  1.1336744e-02 -2.9448074e-04
   281 : -1.2964951e-04  1.6226226e-04  2.1615888e-04
   282 :  3.4207837e-06 -1.2880647e-06  1.4552098e-06
   283 :  6.8358961e-09 -1.2000499e-08 -2.8263096e-09
   284 :  6.0801319e-11  4.0168927e-11 -1.4831426e-10
   285 : -3.2039480e-02 -2.2518724e-02 -2.5059617e-02
   286 :  2.0939075e-02 -1.0511784e-02  6.2141626e-03
   287 :  2.6116082e-02  1.9453815e-02  1.3828041e-02
   288 :  2.5350164e-02  1.6490323e-02  2.9555769e-02
   289 : -1.9678980e-03  7.0165768e-04 -2.4382410e-03
   290 : -2.6009499e-02 -9.4081900e-03 -2.4277637e-02
   291 :  2.1027709e-04 -1.7644080e-03  4.9900829e-04
   292 :  1.2103245e-02  7.4190521e-03 -1.5971467e-02
   293 : -1.6896913e-09  5.5901921e-10  4.0858821e-09
   294 :  2.0888347e-02  1.3332982e-02 -6.1212887e-03
   295 : -2.5570013e-15 -1.4036086e-15  1.9699373e-15
   296 :  8.2456597e-03  1.0272618e-02  1.2710438e-02
   297 :  4.7510643e-04 -1.0463932e-03  4.1035335e-04
   298 :  5.5909914e-04 -6.6373670e-04  9.5961599e-04
   299 : -1.4539938e-16 -1.3056057e-16  4.2906798e-16
   300 :  4.1530358e-03 -1.5720385e-02 -2.0240236e-02
   301 : -9.9645812e-04  6.8273905e-05 -5.1266213e-04
   302 : -7.4844418e-03 -8.9505709e-03 -2.8718044e-03
   303 :  3.0631184e-02  1.2307956e-02 -1.3159515e-02
   304 :  1.3885623e-02  5.6878356e-05  3.0710792e-02
   305 : -2.8886510e-05 -9.3094591e-07  6.9565085e-06
   306 :  1.0213544e-02  1.1450517e-02  1.2043532e-02
   307 :  1.7678970e-02  2.8268258e-02  1.7793766e-02
   308 :  3.2415694e-05 -3.5820049e-05  1.7072784e-04
   309 : -1.5089537e-15 -3.8040376e-15  1.6652142e-15
   310 : -3.8830425e-04 -5.8408002e-03  1.0391825e-03
   311 :  3.5359608e-02  1.9682211e-02 -3.6000586e-03
   312 :  2.0164074e-14 -5.3982323e-14 -3.7193830e-14
   313 : -2.3426887e-09  2.6392358e-09 -2.1537459e-09
   314 :  4.6783662e-16  8.4781363e-16 -2.3266182e-15
   315 : -2.4856396e-11 -1.0839272e-10  3.6051754e-11
   316 :  1.5492622e-02  1.9921341e-02  8.3992154e-03
   317 : -1.8074666e-16 -2.1449968e-16  5.0375519e-16
   318 :  6.0341329e-03  1.6155539e-03 -1.8427740e-03
   319 :  2.6442085e-03 -3.7560410e-02 -3.6637841e-02
   320 : -1.6167342e-02  5.7520476e-02  3.9427845e-02
   321 :  8.4865923e-03  2.0215421e-02  1.5809861e-02
   322 : -1.3202341e-16  3.3688590e-16 -3.5442296e-17
   323 : -9.0845563e-17  3.1743439e-16 -6.7493829e-17
   324 : -1.5732476e-10  6.8519538e-10 -1.1000717e-10
   325 :  5.8464583e-09 -6.7165658e-09  9.4295848e-09
   326 :  3.5082220e-02 -3.4796438e-02  6.0506217e-04
   327 :  2.2760703e-02  2.5917986e-01 -2.0599428e-01
   328 : -2.9554195e-02 -1.3712740e-02 -1.0025354e-02
   329 : -1.3012890e-11  2.8084474e-10 -1.1405966e-10
   330 :  2.6571953e-17  5.6502666e-18 -6.9928512e-17
   331 :  5.7676775e-06  7.2418762e-06 -8.3210513e-06
   332 :  1.8098885e-02  2.0716122e-02 -1.3336407e-02
   333 :  2.0231101e-09 -1.3540631e-09  3.1994447e-10
   334 : -3.9981808e-02 -1.9597085e-02 -2.2242005e-02
   335 : -2.5524817e-03 -2.8823258e-02  1.6315330e-02
   336 :  9.3936818e-03  5.6525722e-02  3.7138483e-02
   337 : -4.7263838e-15 -3.3523818e-15  3.6201405e-14
   338 : -3.6918094e-02 -1.4161996e-02  2.4956355e-02
   339 :  1.7102285e-10 -2.3279283e-10 -1.2270919e-10
   340 :  8.7328981e-03  5.8952087e-03 -2.9091613e-03
   341 :  2.2374543e-14 -3.9934511e-14  9.8103714e-15
   342 :  2.4979511e-11 -5.0949654e-11 -2.8160828e-11
   343 :  2.8769293e-04 -8.1850457e-05 -4.7570568e-05
   344 :  7.0515384e-03  4.4323926e-03  5.1978519e-03
   345 : -9.7616600e-03  4.1466178e-03 -7.5108243e-04
   346 : -8.9941963e-11 -5.3984449e-11  3.8638164e-11
   347 : -2.8513716e-02  8.8960626e-03 -3.5736554e-02
   348 : -2.9187792e-05  2.2077232e-04 -1.3202991e-04
   349 : -5.9662661e-05  2.0113641e-05 -2.4843896e-05
   350 : -1.7184414e-02 -2.6576836e-02 -1.8376817e-02
   351 :  1.6654523e-08  1.0273604e-08 -1.1704013e-08
   352 : -1.0821002e-02  1.0425892e-02 -3.0262044e-02
   353 :  1.5433417e-02  2.8212429e-02  8.7795971e-03
   354 :  3.2130466e-02  1.8388445e-02  2.7495647e-02
   355 :  8.4144059e-03 -2.0508977e-03 -1.3090815e-03
   356 :  3.0785718e-14  2.8288392e-14 -5.3206701e-14
   357 :  4.8464018e-03 -2.1909120e-02  2.2861062e-02
   358 :  1.2244623e-05 -3.2490919e-05 -1.9985830e-05
   359 :  2.7627645e-20 -2.8354626e-20 -3.2923180e-20
   360 : -2.1291946e-02 -2.8359218e-02 -3.0438377e-02
   361 : -8.4100362e-08 -1.2600692e-08  2.3354626e-08
   362 : -8.5863270e-06 -3.2232420e-05  7.1133364e-05
   363 :  1.5214806e-06 -2.1364406e-06  5.4926752e-06
   364 : -2.2422537e-07  6.0540055e-07 -7.3871056e-08
   365 :  2.1000100e-03 -7.4245506e-04 -5.5903493e-04
   366 :  1.3546312e-13 -5.6115955e-13  2.0775134e-13
   367 : -4.2057047e-03 -1.8206738e-03 -1.6331813e-04
   368 : -3.9912616e-04  1.1970875e-02  3.5308534e-03
   369 : -6.5798844e-05 -9.0373336e-05  2.1774883e-04
   370 : -2.0166847e-05  4.3006893e-05 -1.4962775e-05
   371 :  6.5609439e-14 -1.1195331e-13  2.9637588e-13
   372 :  8.0100058e-05 -3.4141764e-04  5.1400754e-04
   373 :  1.2030680e-02  8.2241641e-03  2.9524941e-02
   374 :  3.8179978e-03 -1.7519837e-02 -8.7028346e-03
   375 :  4.1824910e-09  7.6273544e-09 -4.1972452e-09
   376 : -1.1912689e-14  1.4704094e-14  1.2013121e-14
   377 :  5.2037699e-04  3.9348086e-04  2.2520590e-04
   378 : -1.7853409e-05  1.1250458e-04 -5.3190943e-05
   379 :  7.4494639e-18 -1.5160911e-17  4.5401550e-18
   380 : -3.0800933e-02 -1.9235610e-02  4.0052828e-03
   381 : -8.5850258e-06  4.0031902e-06  1.8246314e-06
   382 :  1.0744657e-07 -1.8322440e-07 -6.9940670e-08
   383 : -5.4069731e-03  1.9888920e-02 -2.1481094e-02
   384 :  1.0512323e-08 -4.9855518e-08  2.3610080e-08
   385 :  1.2986656e-02  2.5484392e-02  1.4214751e-02
   386 :  1.4706890e-02  6.8633625e-03  7.4553416e-03
   387 :  4.4659927e-11  8.3212146e-10  5.3592740e-10
   388 :  1.0997440e-02  1.0030456e-02 -7.3477232e-03
   389 :  5.0479782e-07 -6.1133879e-08 -2.1601980e-07
   390 : -5.4850622e-03  8.0911727e-04  2.9554399e-03
   391 :  3.0686116e-06 -1.9126441e-05  8.1059780e-06
   392 :  1.0281808e-03 -3.3292268e-02 -2.5859379e-02
   393 : -1.6001576e-02  8.4082247e-03  2.2674265e-02
   394 :  1.0597126e-07 -1.7588491e-07  1.5896399e-08
   395 : -3.9609294e-05  2.1959946e-04  7.7488215e-06
   396 :  1.1151203e-17 -4.1702202e-17  6.8200121e-17
   397 : -1.6508378e-02  2.1830963e-02 -2.5835015e-02
   398 :  4.2629212e-03  8.4467804e-03 -5.0688890e-03
   399 :  2.5990396e-02  7.2330052e-03 -8.6961662e-03
   400 :  5.5569868e-03 -4.2068643e-03  8.5182396e-03
   401 :  1.9255494e-02 -1.2316803e-03  5.4354243e-04
   402 :  5.1788314e-07 -1.6139527e-07 -7.0973126e-08
   403 : -6.4726725e-07  1.8588563e-06 -1.5743916e-06
   404 :  6.4333297e-14  5.6912977e-14 -2.7606589e-13
   405 : -1.4387662e-03  4.2987201e-04  5.4190351e-04
   406 : -2.2390963e-02 -2.5350653e-02 -2.3749598e-02
   407 :  4.2318241e-03 -1.4126730e-02 -7.8466564e-03
   408 : -3.9739594e-03  2.1889404e-03 -6.2504299e-03
   409 : -5.8187656e-04 -3.0017341e-03 -4.5230152e-04
   410 :  1.8423913e-02  2.8477122e-02  2.5279939e-02
   411 : -2.3605872e-03  3.9147448e-03 -3.0417252e-03
   412 : -1.0496244e-05  1.4522428e-03 -5.0013236e-03
   413 : -2.5166467e-15  1.3409318e-15  1.2168156e-15
   414 :  1.0172176e-02  4.0239000e-03 -5.9634112e-03
   415 : -3.8668534e-03 -8.0997786e-04  5.6343566e-03
   416 : -1.7145622e-10  1.5650042e-10 -3.4801111e-10
   417 :  7.1278982e-03 -6.8548269e-03  7.4833020e-03
   418 :  1.3037139e-02  1.0689028e-02  3.7631024e-03
   419 :  3.5832035e-13 -1.2846128e-12  3.1332969e-13
   420 :  1.0495474e-12 -3.6700217e-12  1.5197645e-12
   421 : -1.1413461e-10  6.1971840e-10 -1.6970089e-10
   422 : -2.6053357e-05 -8.0683269e-05  4.9101986e-05
   423 : -1.6820904e-03  3.2925325e-02  1.3038492e-02
   424 :  3.7072449e-08  1.4318649e-07 -7.4966983e-09
   425 :  8.2990972e-10  5.7567568e-09 -1.9123592e-09
   426 :  2.1135008e-06  1.8603929e-06 -9.4336298e-07
   427 : -1.5028167e-06 -3.4992915e-06  7.5110730e-06
   428 :  3.6077407e-07 -6.8374926e-07 -4.0628708e-07
   429 :  3.7978801e-02  3.8527786e-02  1.9911159e-02
   430 :  3.2190597e-03  3.8767351e-03 -4.0813871e-03
   431 :  1.0646783e-03 -2.0629645e-03 -1.8587488e-03
   432 :  2.9077292e-04 -1.4394720e-04  3.0601728e-04
   433 :  1.1507341e-14 -2.3137123e-14 -1.2315999e-15
   434 :  3.5373182e-03  2.0791759e-02  1.1351731e-02
   435 : -3.8541135e-03  1.8769351e-03 -2.9584982e-03
   436 : -2.0354996e-09  7.2916587e-09  2.2737345e-09
   437 : -2.5816053e-02  3.7578006e-02 -3.4902960e-02
   438 : -2.8044624e-02 -1.0256431e-02 -2.3301073e-02
   439 : -8.1518718e-03 -2.6309728e-02 -6.5776961e-03
   440 : -4.0676475e-11  1.6166973e-10 -5.0537802e-11
   441 :  1.0169556e-17  4.0933599e-16 -2.5273616e-15
   442 :  5.4054237e-03  3.9291879e-03  9.1590331e-03
   443 :  1.0777925e-03 -2.4564390e-03  7.4191356e-06
   444 :  6.5659728e-03  2.9163605e-03 -2.8781059e-03
   445 : -4.9530754e-04  1.2451418e-04  1.2881684e-04
   446 :  8.4995209e-03 -6.7744110e-03 -1.8643272e-02
   447 :  7.3723002e-05 -6.8123550e-05  7.4686407e-05
   448 :  2.0604604e-02  3.6399353e-03  2.1651116e-02
   449 : -1.0746385e-14  1.0385824e-14  9.8826798e-15
   450 :  3.0295411e-17  2.9444102e-16  2.5115560e-16
   451 : -2.5957917e-02 -9.5287466e-03 -7.9508973e-03
   452 :  5.3411475e-03  8.5380586e-03 -3.2460511e-03
   453 : -9.5440867e-04 -1.6321333e-02 -2.1473224e-02
   454 :  2.1724422e-02  1.0986265e-02  3.1419597e-02
   455 : -4.0438664e-07 -1.0318420e-07 -7.0703881e-07
   456 :  2.2892952e-02  1.3179593e-02  2.7762684e-02
   457 :  1.2606663e-15 -3.7221951e-15  3.9292264e-16
   458 :  4.7144298e-06 -1.2136661e-05  6.8056099e-06
   459 : -5.4596293e-03  1.1597308e-02  2.3915076e-02
   460 :  2.4149330e-02  3.1878669e-03  2.2421733e-02
   461 : -3.0997197e-05 -9.9166042e-06  4.9158096e-05
   462 : -3.3648299e-04  2.0817035e-04 -2.0823202e-03
   463 :  5.9301661e-11  5.4434667e-11 -1.0116154e-10
   464 : -3.5974468e-02 -3.9989274e-02 -1.7727106e-02
   465 :  1.2022416e-03 -1.8083823e-03 -2.7405780e-03
   466 :  5.9709388e-03  4.7143126e-03 -1.8696135e-02
   467 :  2.8978338e-11 -1.7218759e-11 -1.2320825e-11
   468 : -6.9073070e-11 -2.1351512e-09  6.9819252e-10
   469 :  3.0985359e-17 -8.5560087e-18 -1.6976473e-17
   470 :  3.7871710e-15 -4.2332701e-15 -2.1915695e-17
   471 :  4.5940225e-08 -6.2388464e-09  2.5834769e-08
   472 : -1.2027739e-10  4.2248052e-10  2.3390600e-10
   473 : -1.0159300e-02 -3.1646248e-03 -2.8361094e-04
   474 : -4.6764400e-13  1.1819565e-12  2.1660690e-13
   475 : -1.6024675e-07  9.1456383e-08 -1.4170723e-07
   476 : -2.9268202e-08 -5.2963019e-08  3.5603117e-08
   477 : -6.5620111e-17 -2.5033360e-17  2.0086449e-16
   478 :  3.7963433e-02  1.8302416e-02  3.4899711e-02
   479 :  1.1469820e-18 -1.2153722e-18 -8.8775395e-19
   480 :  9.9876854e-03  6.2304740e-03 -6.5029238e-03
   481 : -9.4957012e-07 -5.0576394e-07  2.7038140e-06
   482 :  7.8664822e-12 -1.4136921e-11  4.1724232e-12
   483 : -7.2470908e-03 -1.7374243e-02 -2.0559555e-02
   484 :  2.3320360e-02  1.4949307e-02  1.1390245e-02
   485 : -1.0287034e-03 -2.8962903e-03 -1.1246391e-02
   486 :  3.9220014e-03  1.6089251e-02  1.2532380e-02
   487 :  2.1196387e-04 -1.4011754e-02  4.8403148e-02
   488 : -2.2713129e-02 -2.1411184e-02 -2.0476501e-02
   489 :  4.3212448e-14 -2.6211703e-13  4.1884399e-13
   490 : -2.3550957e-11 -7.5783952e-13  8.9560562e-12
   491 : -7.6241900e-12 -1.6869073e-11  1.1067386e-11
   492 :  1.1873358e-02  4.2266527e-02 -2.0713829e-02
   493 :  4.8433319e-03  4.8054102e-03  1.7884842e-03
   494 :  5.9140148e-03  6.4273199e-03 -3.3245584e-03
   495 :  3.7972496e-04  5.1295108e-04 -9.7588425e-04
   496 : -2.0907010e-09 -1.7222989e-08  2.2449160e-08
   497 : -4.0308759e-15  2.2852267e-15 -2.5322105e-15
   498 : -1.4870848e-13  1.5349533e-13 -1.9700762e-13
   499 :  2.4315879e-02 -2.2305338e-02 -8.0235443e-03
   500 : -4.0370148e-16  3.8335714e-16  5.6107920e-16
   501 : -7.8525532e-17  4.0181088e-16 -1.1772150e-16
   502 :  4.9324066e-03 -3.8973442e-02  9.7777379e-03
   503 :  2.8945206e-03  5.7777514e-03  1.5787187e-03
   504 : -2.3171864e-03  2.9680900e-03 -2.4834929e-03
   505 :  5.3041123e-03  1.2460860e-02  1.9994419e-02
   506 :  7.5695733e-12 -4.7977820e-12  4.3670619e-11
   507 : -1.4232240e-09 -1.9724406e-10  5.9948076e-10
   508 : -8.4620466e-10  1.1428914e-09 -4.6727891e-10
   509 :  5.1418024e-03  2.3308283e-02  2.7649244e-03
   510 :  2.8310972e-10 -8.1711702e-09 -2.3086753e-09
   511 : -4.8751023e-05  3.4321143e-05  7.1631014e-05
   512 :  2.2654105e-06  3.4795537e-06 -1.8334233e-06
   513 :  1.6267928e-03 -1.7932861e-03 -3.4510199e-03
   514 : -6.9019274e-03  9.5273660e-03  6.4803488e-03
   515 :  1.1533268e-02 -1.0669687e-02  2.0721422e-02
   516 : -2.8304403e-10 -4.2228081e-10  6.8246037e-10
   517 :  1.4850431e-02 -4.2994707e-02  5.2535467e-03
   518 :  6.5194499e-04  1.5636355e-03 -3.9764375e-03
   519 : -1.2831043e-05  1.0693734e-04  6.1950741e-05
   520 :  1.9173729e-04  3.9945653e-05  1.3477511e-04
   521 : -2.1644677e-02 -2.8734890e-02 -2.5901501e-02
   522 :  2.7443860e-02  1.3805014e-02  2.5462383e-02
   523 : -1.6462402e-02  2.2152302e-02 -5.3531255e-02
   524 :  8.7992190e-03  1.4069135e-02 -3.8013598e-03
   525 :  1.4937023e-03 -2.5950379e-03 -2.7265062e-03
   526 : -4.2952762e-07 -6.2052837e-07  1.8002726e-06
   527 :  2.4210826e-13  2.9941599e-13 -1.2296711e-12
   528 :  7.8425226e-03  5.9994835e-03  3.1793150e-03
   529 :  2.2873491e-02 -7.8773799e-03 -1.0890049e-02
   530 :  8.0080308e-03  1.4499477e-02  6.7940225e-03
   531 : -2.1287321e-02 -2.7516192e-02 -5.2238478e-03
   532 :  8.0286384e-06 -2.9920629e-05 -1.9605119e-05
   533 :  4.2938781e-19  1.5687042e-19 -5.9545297e-19
   534 : -1.0834261e-19 -3.6539666e-19  1.0652653e-18
   535 :  6.1745697e-12 -5.6279229e-12 -6.2213774e-13
   536 :  4.6246845e-03 -1.7872260e-02 -1.4996381e-02
   537 :  2.9592450e-03  9.2922068e-04 -2.7816795e-03
   538 :  2.1398856e-02  1.8566871e-02  1.8201826e-02
   539 :  1.2733290e-12 -4.2663481e-12  7.0144586e-13
   540 : -2.3652091e-11  1.9900193e-11  6.6759763e-11
   541 :  2.7015033e-10 -1.3332313e-10 -6.4912692e-10
   542 :  1.9878504e-04  5.1037477e-04  1.6616178e-04
   543 :  2.7303381e-13  3.2085242e-13 -3.0708869e-13
   544 :  4.8708285e-04 -1.4255828e-03 -4.5748499e-04
   545 : -1.9935180e-08 -3.9886782e-09  3.7323473e-08
   546 : -3.0473888e-02 -2.8529879e-02 -1.8116797e-02
   547 : -6.5060592e-13  9.7648127e-13 -2.8345802e-12
   548 : -2.6704975e-02 -3.2154885e-02 -8.1075341e-03
   549 : -4.4971174e-10 -3.3340315e-10 -1.4557815e-10
   550 : -2.6658689e-03 -2.7857974e-02  2.3059142e-02
   551 :  3.0620835e-03  3.2483206e-03 -1.3988395e-02
   552 : -7.9793352e-03 -2.1681537e-02 -2.5529670e-03
   553 : -4.2473165e-02  2.3449667e-02  9.5696638e-03
   554 : -3.4705380e-09  5.9125015e-09 -5.0455780e-09
   555 :  1.2882879e-06  3.2104580e-04  1.9081779e-04
   556 :  2.5883903e-10  5.0146501e-10  3.6053790e-10
   557 :  3.8242227e-02  1.5098905e-02  3.1089654e-02
   558 :  1.9316700e-02  1.6438217e-02  2.0730022e-02
   559 : -1.2438085e-02 -1.5764401e-03 -2.4499895e-02
   560 : -2.2287343e-02 -5.5630531e-03  2.4904642e-02
   561 : -1.1365391e-02  7.1496144e-03 -2.5134357e-03
   562 : -8.3443630e-06  1.4744894e-05 -5.1973908e-06
   563 :  5.7689920e-16 -2.8589767e-16  6.4456892e-16
   564 : -1.6725966e-02  2.9084805e-03  3.1782785e-03
   565 :  1.0244886e-02  8.9180231e-03  6.9923366e-03
   566 : -2.0505547e-10 -6.0038093e-11  6.9404023e-10
   567 : -1.0505131e-04  1.7674982e-04  2.5395144e-04
   568 : -3.8478757e-04 -2.0283996e-02  2.7391186e-02
   569 :  4.6921573e-03  2.5867384e-03  9.2382642e-03
   570 : -1.0936664e-08  1.5539409e-08 -2.8045535e-09
   571 :  8.0243279e-05  7.1985805e-05 -1.0680961e-04
   572 :  1.9629966e-16  7.4315259e-16 -3.4459424e-16
   573 :  3.3726117e-02  2.4439487e-02  5.1110242e-03
   574 :  2.7277020e-02  1.4606351e-02  2.2909943e-02
   575 :  1.3600999e-02  2.2614036e-02  3.0932340e-02
   576 :  2.4674384e-02  1.8740840e-02  2.4005785e-02
   577 :  3.3792250e-02  2.4264245e-02  2.9108363e-02
   578 :  7.6880960e-18 -1.7842113e-17  7.8249189e-18
   579 : -1.9570463e-02 -1.9946869e-02 -2.4354055e-02
   580 :  1.5098295e-02  9.1241000e-03 -1.0211223e-02
   581 : -8.9730831e-10  1.0304437e-08  7.3817047e-09
   582 : -5.1912790e-20 -3.0226010e-17  1.0673597e-17
   583 :  6.1927095e-08  1.1587353e-07 -4.7103110e-07
   584 :  4.5929978e-15 -9.2205907e-15  7.0636574e-16
   585 :  2.2305013e-03 -2.2084812e-03 -3.3770664e-02
   586 : -6.8350756e-11  1.4884665e-10  1.3156483e-11
   587 : -1.9439665e-07  1.1948669e-06 -7.7635061e-07
   588 :  5.9880410e-10 -1.1237353e-10 -1.4241858e-10
   589 : -1.0527609e-01  9.4125129e-03  2.9019892e-02
   590 : -1.4424558e-02 -4.0239581e-03 -2.1962263e-02
   591 :  3.5859495e-17 -5.1353736e-17 -3.2567534e-17
   592 : -4.7774394e-10  1.2464285e-09 -2.1857793e-09
   593 :  2.3535357e-05 -2.1850081e-05 -1.7971179e-05
   594 :  4.0183339e-06 -4.2755046e-06  1.7788933e-06
   595 : -4.5415855e-03 -7.3779592e-03  1.4630928e-02
   596 :  4.1375437e-02 -9.5169292e-02  2.1431993e-01
   597 : -5.5447560e-05  1.3222218e-06  6.9040913e-06
   598 :  6.8700119e-07  3.1741789e-06 -1.8637309e-06
   599 : -4.4575771e-02 -1.5701637e-03 -1.4228656e-02
   600 : -3.8193318e-03  6.7677219e-03 -2.5188556e-03
   601 : -1.3321230e-02 -2.5694424e-02 -1.6268308e-02
   602 : -6.2096962e-11 -1.1694314e-10  3.8938415e-11
   603 :  1.5920527e-13 -3.3445269e-13  2.9692888e-13
   604 :  1.6704617e-07 -9.6643732e-08  6.5732186e-08
   605 :  1.0193727e-05 -1.0779953e-05 -6.8818140e-06
   606 :  6.9104448e-03  2.5172545e-02  1.3752515e-02
   607 :  7.1852384e-04 -7.0473195e-04 -9.6740288e-04
   608 : -8.0908485e-11 -4.8089564e-10  2.4371863e-10
   609 :  1.2431105e-08 -7.6562350e-08  2.0347227e-08
   610 :  7.8405698e-13  1.3177802e-12 -4.0254224e-12
   611 : -1.0713198e-02 -2.8278318e-02 -3.3593110e-02
   612 :  1.2782386e-03 -2.7594711e-03 -1.4470244e-03
   613 :  4.3356150e-05  1.6729641e-04 -2.7240434e-05
   614 : -4.5710457e-02 -1.1794855e-01  5.7249393e-02
   615 :  1.0662343e-03 -5.2159185e-04 -1.6296052e-03
   616 : -6.5972964e-14  6.6845387e-14  7.5225257e-14
   617 : -6.1724381e-04 -1.6711732e-04  2.1443285e-04
   618 :  6.4325776e-07  4.2409882e-07 -1.8781339e-07
   619 :  5.6734029e-11 -5.4635641e-12 -1.3142124e-10
   620 :  8.3141656e-06 -3.4693002e-06  7.0195199e-06
   621 :  1.6757936e-03 -1.3521966e-03 -3.0825549e-03
   622 :  1.0211775e-02 -1.3072395e-04 -2.1723651e-02
   623 : -1.8066074e-02  2.4375789e-02  1.6057513e-02
   624 : -1.4092516e-03  4.1649652e-03 -1.4262561e-03
   625 : -1.0012984e-03 -7.1930532e-04  7.6988174e-04
   626 :  1.3138901e-17 -5.3193518e-17  1.9239162e-17
   627 :  4.9847939e-13 -1.0498596e-11  9.3100079e-12
   628 :  8.6544222e-07  1.4488874e-06 -1.0023951e-06
   629 :  2.8677971e-03 -6.9442673e-03 -2.4564091e-03
   630 :  1.6266193e-02  2.8228197e-03  1.3177139e-02
   631 :  3.9723233e-05  1.7954357e-05  6.9958540e-05
   632 : -6.8389081e-14  1.3919221e-13  4.0160204e-14
   633 : -1.5084687e-02 -3.3189282e-03  1.4092252e-02
   634 : -6.5601930e-04 -9.0421935e-04 -4.4084585e-04
   635 : -2.4354773e-02 -2.3568592e-02 -2.6865535e-02
   636 :  8.2891749e-03  5.2794391e-03  3.1161708e-03
   637 :  9.0268795e-03  1.2427769e-02  1.2491168e-02
   638 : -5.4940431e-04 -2.8394136e-02 -3.4816783e-02
   639 : -1.9015059e-02 -2.6359678e-02 -2.9839806e-02
   640 :  1.8285116e-02 -9.3576253e-03  1.2902053e-02
   641 : -9.2329093e-11  1.9959358e-10  9.0757601e-11
   642 : -1.1812948e-02  2.7800620e-02  4.7108499e-02
   643 :  4.6484237e-03 -1.3410741e-03 -5.0825570e-03
   644 :  8.8601213e-03  5.7409197e-02 -3.8229251e-02
   645 :  3.0781048e-02  2.2692856e-02  3.3473705e-02
   646 :  3.8841537e-04  4.4117262e-04 -6.5131224e-04
   647 : -1.1377302e-02 -5.7093905e-03  1.9697979e-02
   648 :  7.6693694e-03  2.0309775e-02  3.5023957e-03
   649 :  8.9821433e-03  8.5584211e-03  8.7630023e-03
   650 :  3.0298346e-04 -8.8249715e-04  1.3142314e-03
   651 : -2.3610728e-02 -2.1775524e-02 -3.9778648e-02
   652 : -4.3428634e-03  2.7084262e-03 -2.3202362e-03
   653 : -7.7388547e-03 -5.7151252e-03  3.8780054e-02
   654 :  4.0803298e-08 -1.9076187e-09  6.4214823e-08
   655 : -1.8677182e-03 -1.8075774e-03 -6.2705442e-05
   656 :  2.7656807e-03  1.1366015e-03  1.1020960e-02
   657 : -2.4201295e-02  2.3057001e-02 -2.7032748e-03
   658 :  2.7510255e-02 -2.5935562e-04  1.9571573e-02
   659 :  1.7990068e-02  3.9394555e-03  1.9556839e-02
   660 :  1.5096304e-03  1.1547825e-02 -2.5879293e-02
   661 : -1.2474896e-02  9.8926613e-03 -3.9036515e-03
   662 :  2.8649173e-06 -5.2791099e-08 -9.6728005e-07
   663 : -1.4231261e-02 -1.8070606e-02  5.7808300e-03
   664 : -3.6837356e-02  4.2179394e-03 -2.3807605e-02
   665 : -5.0475995e-05 -6.9421052e-03 -1.5472324e-03
   666 :  2.8790318e-14 -3.7683769e-14 -3.3526908e-14
   667 :  1.2790189e-08 -1.2605593e-09  7.5455153e-09
   668 :  5.9875726e-03  2.4195694e-03  6.7609270e-03
   669 :  1.7076796e-17 -1.7775816e-17 -3.4410727e-17
   670 : -1.6093312e-02 -1.7372327e-02 -8.0457149e-03
   671 :  1.5071060e-02  1.1178193e-02  2.0874961e-02
   672 :  1.3243226e-03  3.5050768e-03  6.3288947e-03
   673 : -2.3726267e-05 -1.4498317e-05  9.5779833e-06
   674 : -1.3725490e-04  1.2543778e-04  2.1011447e-04
   675 :  1.2723956e-04 -2.2235087e-05  1.0164815e-04
   676 :  1.9205924e-02 -2.4645742e-02  9.8881757e-02
   677 : -2.9202209e-04  3.9182826e-04 -4.4654472e-04
   678 :  5.0323855e-03  5.3918683e-03  4.5713676e-03
   679 :  3.3031609e-02 -1.7758809e-03  3.1261351e-02
   680 :  1.9696733e-02  1.4996937e-02  2.8520410e-04
   681 : -7.9192181e-10 -3.5461422e-10  2.3213104e-09
   682 : -1.1010202e-09  3.8181097e-09 -5.8704731e-10
   683 :  2.6398882e-08 -5.4959228e-08 -7.8589506e-08
   684 : -7.3585930e-11  7.5755646e-11 -1.2489491e-10
   685 :  1.4911619e-02  1.9307446e-02  1.8175495e-02
   686 :  1.3445131e-04  1.0080191e-04 -6.0999865e-06
   687 : -3.4423788e-10 -5.3292459e-10  1.7876345e-09
   688 : -1.4656277e-05 -5.5960340e-05  9.7104182e-05
   689 : -1.9501858e-02 -2.2106184e-02  6.6067198e-04
   690 : -2.0949689e-03 -8.9842199e-04  4.1060697e-04
   691 :  2.4282554e-02  3.0146711e-02  2.1810591e-02
   692 :  1.7117842e-02  2.2534373e-03  2.6370292e-02
   693 :  2.7634882e-17 -6.4767548e-17 -3.9623349e-17
   694 : -5.9333097e-12  1.2893920e-13  1.3137066e-11
   695 : -1.7545482e-02 -2.7682641e-02 -2.0689914e-02
   696 : -9.2483990e-03 -1.0581250e-04 -2.4782486e-02
   697 : -7.2498930e-03  9.1469522e-03  1.1225797e-02
   698 :  1.1091819e-02 -2.5617809e-03  1.1255879e-02
   699 :  3.7369390e-06  4.2384747e-06 -1.4463229e-05
   700 : -1.2198033e-16  1.1828039e-16 -3.6677037e-17
   701 : -6.8986031e-15  3.3759271e-14 -1.3172322e-14
   702 : -2.1023855e-08  4.6097409e-08 -1.5309984e-10
   703 :  2.6000316e-02  1.9942814e-02  2.6555462e-02
   704 : -4.3213873e-03 -2.9157730e-03  5.8849811e-03
   705 :  6.2076802e-11  7.0630448e-11  2.3980756e-11
   706 : -1.6802583e-01  1.5121203e-01  6.5559929e-02
   707 : -3.9616740e-02 -5.5741827e-02  8.8202585e-03
   708 :  5.5030300e-03  1.2295565e-02  3.5314995e-02
   709 : -7.2301941e-04  4.7388678e-04 -9.3599300e-04
   710 :  4.8539293e-06 -1.2327727e-06 -1.5597170e-06
   711 : -2.4740138e-03 -6.2019074e-04 -6.7277933e-04
   712 :  7.8576883e-03  9.5936685e-03  4.1885045e-03
   713 :  1.0581985e-03 -2.3139881e-03  8.1194415e-03
   714 :  3.0219630e-02  2.2029404e-02  3.1972427e-02
   715 :  2.5102427e-02  1.3109871e-03  1.1147667e-02
   716 :  1.0406573e-12 -1.0231030e-12 -9.6174558e-12
   717 : -7.3849132e-03 -2.4155053e-02 -9.6751541e-03
   718 :  1.4258045e-02 -4.4580509e-03  5.1548291e-03
   719 : -1.3151719e-02 -8.7709272e-03 -3.8978674e-03
   720 :  1.1184812e-02 -6.5586663e-03  1.6866342e-02
   721 :  7.0122934e-03  3.2709607e-02 -2.3509072e-02
   722 : -6.4116735e-10 -1.0404159e-09  6.4070679e-11
   723 :  1.3912711e-09  2.1027395e-08 -1.8381088e-08
   724 : -5.3070888e-10  3.5687287e-09 -1.2383031e-09
   725 :  6.0233922e-03  8.5661245e-03  4.2082694e-03
   726 :  3.0007241e-05 -4.0459583e-05 -1.4840129e-06
   727 :  1.5831315e-03  5.9603783e-03  3.8454106e-03
   728 : -7.5168880e-03 -2.5286463e-02 -2.3766765e-02
   729 :  5.8527898e-02  8.9984360e-03  4.0690774e-02
   730 :  7.0522507e-03 -1.6630056e-03  2.3442272e-03
   731 :  1.8085334e-09 -2.1340619e-09  1.8671145e-10
   732 :  2.9262486e-06 -1.1657618e-07 -9.9410413e-07
   733 :  1.6260960e-02  2.0712580e-02  8.5328217e-03
   734 : -4.1921525e-02 -8.4673300e-01  9.7946881e-01
   735 :  2.1508219e-02  1.7668228e-03  8.1127715e-02
   736 : -1.5040186e-02 -3.3668831e-02 -2.6189590e-02
   737 :  1.9409339e-04  1.2386733e-04 -1.1995628e-04
   738 :  6.5318541e-03  2.1561952e-03  5.3128823e-03
   739 :  3.3913890e-03 -1.6261694e-03 -9.9032474e-04
   740 :  8.8274659e-03  2.1842113e-02  1.4228767e-02
   741 :  3.5488869e-03  1.3136818e-03  7.5285113e-03
   742 : -8.8949909e-04 -2.3779686e-03 -9.7612028e-04
   743 :  3.0046179e-02  2.0850310e-02  2.5172027e-02
   744 :  2.6555746e-02  6.0715373e-02  3.1117490e-02
   745 :  2.7825125e-11 -8.8765854e-10 -4.0754339e-10
   746 :  2.8999265e-08 -9.5649074e-08 -1.3117423e-07
   747 : -1.4590878e-05 -3.9947094e-05 -4.2341446e-05
   748 :  7.4385270e-03  1.3701557e-03  2.3813976e-02
   749 : -2.1387778e-02 -3.4834149e-02 -2.6065690e-02
   750 :  7.0944397e-11  2.7476390e-11  7.2111509e-11
   751 :  2.6725998e-02  2.6432430e-02  3.6621083e-02
   752 :  1.2021548e-03 -6.7849409e-04 -2.8492438e-03
   753 : -2.5972081e-02 -3.5417718e-02 -2.0891073e-02
   754 : -1.4413984e-08 -9.6901094e-08  9.7184595e-08
   755 :  3.5614463e-02  4.6967774e-02  2.9247874e-02
   756 :  3.5927699e-04  3.7366408e-06 -4.2432216e-04
   757 : -5.6381305e-18  1.6056063e-18  6.6865613e-18
   758 :  2.4939218e-02  7.6497790e-02 -5.2629105e-04
   759 :  1.9980118e-03 -4.0815628e-03  6.6212956e-03
   760 : -6.9472196e-06  1.0103824e-05 -2.1482464e-05
   761 :  7.2144490e-03  1.4147395e-02  2.1224489e-02
   762 :  3.0550670e-02 -9.3103694e-02  1.3108787e-01
   763 :  9.5672429e-13 -2.5085430e-12  7.9914910e-13
   764 :  6.7170035e-14  3.2952046e-13 -1.9646101e-13
   765 :  3.1541271e-02  2.8048464e-02  3.5859514e-02
   766 : -9.9008192e-05  3.2588459e-04 -8.3893443e-05
   767 :  7.8381677e-02 -3.3403018e-02  1.8040663e-01
   768 : -1.2190950e-10  3.3530837e-10 -6.4419087e-10
   769 :  3.3780151e-02  3.0047714e-02  3.7462052e-02
   770 :  3.0427967e-02  9.9781006e-03  1.7383166e-02
   771 :  4.2607957e-03 -6.6936798e-03  2.2584914e-02
   772 :  5.6784511e-03 -1.3607369e-02  8.5186682e-03
   773 :  3.1090345e-05  3.6224498e-04  3.1006161e-05
   774 :  3.8118055e-02  3.5760703e-02  2.4505283e-02
   775 :  7.3109700e-02 -2.9739565e-01  3.5108252e-01
   776 :  3.0469374e-04  2.3774968e-04 -3.7016485e-04
   777 :  1.2466950e-02  8.9841285e-03  1.4730716e-02
   778 :  2.5846937e-02  2.4324874e-02  2.0056229e-02
   779 : -5.2939103e-08  1.3509247e-07 -3.4939361e-08
   780 :  2.4664714e-06 -1.4690503e-02  2.6002616e-02
   781 : -8.1314091e-11  1.2900241e-10  4.8173720e-11
   782 : -9.8699848e-19 -1.0051687e-18  1.4159223e-18
   783 :  3.3128102e-02  2.8454443e-02  2.3990647e-02
   784 : -2.4652051e-03  1.2488935e-02 -6.5105547e-03
   785 :  5.4669767e-10 -8.6895747e-10  4.4736503e-10
   786 :  6.1516213e-02  2.5839732e-02  2.5462671e-02
   787 :  1.7966685e-02  1.4652130e-02  2.6675910e-02
   788 : -4.5360581e-10  5.2009447e-11 -5.1187695e-11
   789 :  3.3214585e-09 -1.3740253e-09 -1.9651848e-08
   790 :  2.9323875e-02  3.2906322e-02  1.6271319e-02
   791 : -1.4355586e-02 -3.7835437e-02  8.6709703e-02
   792 :  9.0366320e-03 -1.6315507e-02  3.3617351e-03
   793 :  5.4804975e-03 -1.9129194e-02 -1.2926059e-02
   794 :  3.2298217e-02  2.2567414e-02  1.9031624e-02
   795 :  1.2716584e-02  9.8218270e-04  1.1244650e-02
   796 : -1.7908333e-02 -3.0002996e-02 -1.4817549e-02
   797 :  1.8359144e-10  3.7689920e-10 -1.0044249e-09
   798 : -2.2140496e-02 -1.1700146e-01  7.7367116e-02
   799 : -5.5255063e-05 -3.4238892e-06  1.1258550e-04
   800 :  3.0295351e-02  3.1241241e-02  3.7241968e-02
   801 :  8.3022375e-09 -3.0951269e-08  1.7457160e-08
   802 :  2.0955240e-02 -1.5795288e-02  8.8569258e-02
   803 :  7.7353671e-07 -1.8827461e-05  6.6543496e-06
   804 :  3.0932928e-02  3.6098438e-02  3.7208243e-02
   805 :  7.1687806e-03  1.6479167e-02  6.4359400e-03
   806 :  4.1449829e-08 -7.3997950e-08 -3.8607486e-08
   807 : -6.7271360e-11 -8.3133778e-10  6.9871314e-11
   808 :  4.2998314e-02  3.5690256e-02  3.4353184e-02
   809 : -6.6996909e-05  7.8516436e-05 -2.4678211e-05
   810 :  6.7864573e-10 -1.6644206e-09  7.0229048e-09
   811 :  1.0598165e-17  2.2286526e-18 -1.5801617e-17
   812 : -1.8371810e-03 -4.5473303e-04 -2.1039262e-03
   813 :  2.1508137e-03  1.8354208e-02  1.1437260e-03
   814 :  3.2644093e-17  1.6363255e-18 -3.6090732e-17
   815 : -3.6765716e-19  5.6459117e-19 -6.0122671e-19
   816 : -1.2774023e-14  3.4646458e-15  4.4651369e-15
   817 : -1.1151426e-16  8.9097375e-16 -7.2858565e-16
   818 :  6.2043019e-18  8.9258183e-17 -7.8016836e-17
   819 : -1.9420006e-03  9.0815224e-04  1.0269333e-04
   820 : -1.6918277e-17  4.9892888e-17 -1.0784786e-17
   821 : -8.9097402e-03 -6.6149111e-02 -3.8368789e-02
   822 : -4.5470893e-03 -4.5909956e-05  6.4659700e-02
   823 : -5.6192877e-07  1.1372576e-06 -3.1567476e-07
   824 :  8.1223816e-06 -9.4992467e-06 -4.7839443e-06
   825 : -3.7049958e-12 -1.3497067e-12  1.0001128e-11
   826 : -3.5411964e-03 -7.8587310e-03 -8.3097594e-04
   827 :  5.4121928e-08 -4.5262247e-08 -3.6150386e-09
   828 : -2.1487243e-05  2.0514719e-05  5.4510019e-07
   829 : -4.9758841e-03 -1.9755134e-02  3.4022201e-02
   830 : -3.6460612e-03  2.4577644e-02  1.7300241e-02
   831 : -4.7611904e-04  3.3029802e-02 -1.6382636e-03
   832 : -1.7397279e-04 -5.0007000e-03  3.1533553e-03
   833 : -1.4663713e-02 -5.7387315e-02 -3.4959026e-02
   834 :  2.2357073e-17 -3.5199342e-17  1.6964417e-16
   835 : -8.8940824e-19  1.7648852e-18 -3.1669799e-18
   836 : -4.7045420e-03  8.7687961e-03 -2.5566359e-03
   837 :  4.0888352e-09 -1.6056633e-09  4.1932498e-09
   838 : -7.0655521e-03 -5.6658822e-03 -2.6328844e-02
   839 :  4.1924238e-06  1.9696741e-06 -1.4884665e-05
   840 : -8.0305121e-09  7.6430721e-09 -5.5930416e-09
   841 : -1.0414494e-06  3.0909492e-07  3.9388791e-07
   842 : -1.0736388e-03 -1.1910611e-03  3.1967708e-04
   843 :  9.7320585e-08 -2.2557210e-07  1.0201443e-07
   844 :  1.8161422e-03 -1.4890079e-03 -5.5397516e-04
   845 : -3.0333644e-12 -1.5280825e-12  4.7026421e-13
   846 :  1.7513310e-02 -5.1857483e-02  1.5252453e-01
   847 : -1.5012079e-04 -1.7182944e-04  1.6814317e-04
   848 :  1.0894159e-19 -2.0414014e-19  5.1006924e-20
   849 :  6.8533404e-06 -1.9457929e-05 -1.3855597e-05
   850 : -1.6940733e-05  2.3460490e-05 -5.9120882e-05
   851 : -3.6227060e-06  6.2346765e-06  3.6109540e-06
   852 : -4.2997331e-13  1.1073849e-12 -5.1873551e-13
   853 : -1.4893532e-02 -2.1896330e-04 -2.7333835e-02
   854 : -7.1500797e-21 -2.4572980e-20  2.6915318e-20
   855 : -7.1722614e-04 -1.9402669e-02 -1.8168384e-02
   856 :  1.0647928e-02  3.9579979e-02  2.3458183e-02
   857 :  4.9361972e-03 -2.0304085e-02  5.0165034e-03
   858 : -6.4128504e-03  1.2054613e-02  1.6584298e-02
   859 : -1.9387939e-12  3.2046046e-12  2.2224592e-12
   860 :  1.8099192e-02  1.7319658e-02  1.8311532e-02
   861 :  8.1395208e-03 -5.2064456e-03  5.8257524e-03
   862 :  1.7405072e-03 -2.4978092e-03 -2.9058178e-03
   863 :  1.2741538e-03 -6.3951368e-03 -8.9014774e-03
   864 : -5.2234520e-03 -3.8938637e-03  4.2538902e-03
   865 : -1.8076418e-02  2.4615713e-01 -2.1030576e-01
   866 :  8.9166450e-02  4.5676840e-03 -2.0523389e-02
   867 :  5.9396473e-03  1.2842327e-02 -2.7613622e-03
   868 :  4.6894315e-04  5.4203587e-04 -9.8721926e-04
   869 :  2.8822077e-04  5.1143061e-04 -4.6023722e-05
   870 :  9.4986661e-04 -1.3892017e-03  5.8176546e-04
   871 : -2.9288287e-02 -7.8774759e-02 -9.3118457e-03
   872 : -1.3775965e-02 -2.6740264e-02 -4.4179762e-02
   873 : -7.1044999e-03  1.3155692e-02  2.0184990e-02
   874 :  2.1594158e-02  1.5088727e-02 -9.8531098e-03
   875 :  2.2360447e-07 -1.0189647e-08 -1.7205881e-07
   876 : -4.2797456e-07  1.1716744e-06  5.3135357e-07
   877 : -7.5302334e-17  9.0091578e-17 -9.8435352e-17
   878 : -1.4421643e-14  3.7583908e-14 -9.7089810e-15
   879 :  6.1445693e-08  1.2380403e-07 -3.2239130e-07
   880 : -2.5973458e-06 -6.3826409e-07  1.6394591e-06
   881 :  7.4522892e-17 -1.7763810e-17 -3.6427912e-17
   882 : -2.0373606e-17  1.8457100e-16 -3.7478015e-17
   883 :  4.4107658e-08 -2.5077007e-08  1.6472235e-08
   884 : -8.9226761e-09 -2.9168008e-07  1.2851934e-07
   885 : -6.1977824e-03  7.2462426e-03  9.3550404e-03
   886 :  5.1141941e-03 -2.3618328e-03 -3.9096461e-03
   887 :  1.6478001e-02  2.1785384e-02 -2.1366386e-03
   888 : -3.4137251e-03 -7.3799530e-03  1.8441971e-02
   889 : -4.3395147e-03 -9.0805514e-03  8.5018501e-03
   890 :  2.5449564e-03  1.0657089e-02  1.4385683e-03
   891 :  1.2305577e-07  7.3851565e-08 -2.3800854e-07
   892 : -2.5501315e-06  6.6969556e-06 -5.9862460e-07
   893 :  2.1801508e-02 -1.9146599e-02  6.0379303e-03
   894 :  1.5633660e-02  2.2027986e-02  1.6732857e-02
   895 : -4.1089510e-02 -1.9955376e-02  2.7200283e-02
   896 :  1.0062989e-02  3.7938299e-04 -1.5040518e-02
   897 : -2.3888345e-08  4.1312104e-09  1.7892553e-08
   898 :  6.8889343e-08 -9.0437053e-08 -1.1950110e-07
   899 : -6.1921042e-03 -2.0481551e-02 -2.1512476e-02
   900 : -2.3031267e-02 -4.9506280e-03 -5.9756674e-03
   901 : -4.6744458e-03 -1.3677045e-03  7.9032385e-03
   902 :  2.5540477e-02  3.4547949e-02 -1.4473667e-02
   903 : -1.6717943e-02 -2.6332022e-02  1.7344129e-03
   904 :  3.3317979e-03  2.3297191e-02 -1.6320304e-02
   905 :  4.1098191e-03  4.5542229e-03 -3.7688615e-03
   906 :  8.0808568e-03  4.8904398e-03  1.1859507e-02
   907 :  2.1220546e-02 -1.0365047e-02  9.0439694e-03
   908 :  3.5305084e-02 -4.8911027e-02 -4.6470098e-03
   909 : -2.3275549e-02  2.4472767e-02  2.8990248e-02
   910 : -1.7280368e-03  2.1262270e-03 -3.2015170e-03
   911 : -5.8980377e-03  1.0276352e-03 -2.3770505e-03
