Number of elements 912
     0 :  1.9218189e-07  1.4943969e-07 -4.8050038e-07
     1 :  1.5482825e-03 -2.1593956e-03 -4.1620258e-03
     2 :  1.6659812e-02  6.4752027e-03  1.0128865e-02
     3 : -1.2642067e-04  5.2908088e-06  2.7292614e-04
     4 : -3.8646798e-03 -1.1704601e-02 -1.1323310e-02
     5 : -5.0999659e-02  7.1575912e-03  4.1547339e-02
     6 : -1.0982253e-14  2.2141488e-13 -1.0367740e-13
     7 : -6.7966040e-03  1.0909751e-02 -5.8899247e-03
     8 : -1.1747029e-03  1.5889363e-02 -4.8380904e-03
     9 : -3.1867214e-12 -4.9704832e-12  1.0591132e-11
    10 : -4.4045798e-03  2.4770263e-02 -5.9421926e-04
    11 : -3.3369031e-14  1.0437745e-13  8.3927946e-15
    12 : -2.2403901e-03  2.6008804e-02 -2.5153195e-02
    13 :  1.5356147e-02  2.8991092e-02  1.8837745e-02
    14 : -9.4740316e-06  2.7255909e-05 -1.0638715e-05
    15 :  1.8082168e-02 -5.9749341e-03  2.8980632e-03
    16 :  3.6436286e-15 -1.0797893e-14 -5.8869679e-15
    17 :  2.1321966e-09 -1.7610203e-09  2.5066036e-09
    18 :  2.3071880e-03 -7.2379540e-03  3.0958808e-03
    19 :  1.3340066e-16 -1.6983823e-16  2.1824416e-17
    20 : -1.0780992e-08 -7.8588345e-09  3.2805021e-08
    21 : -9.0334950e-03 -5.8449155e-03 -1.3141179e-02
    22 : -5.9861516e-03  1.5582386e-02  2.5858203e-02
    23 : -4.8232917e-16 -3.4698097e-15  5.5639537e-15
    24 : -1.7815076e-05 -2.5133323e-03 -8.7510560e-04
    25 : -2.6606103e-17  2.8734793e-17 -3.8413965e-18
    26 : -3.6299985e-03  8.1007705e-03 -4.2654463e-03
    27 :  1.5822075e-02 -6.8379076e-02 -5.3808269e-02
    28 : -5.8640048e-03  7.9803196e-03 -2.3748520e-02
    29 :  7.1642093e-04 -4.8849451e-05 -2.9712900e-03
    30 :  1.8469011e-02  4.8748723e-02  3.4738695e-03
    31 : -6.4183384e-05 -2.6101166e-05  1.2669323e-04
    32 : -8.1345127e-13 -3.3565277e-13  3.5974226e-12
    33 :  6.2405140e-03  1.5526280e-02  9.0270984e-03
    34 :  1.0350047e-17 -2.5979291e-17 -3.9648419e-18
    35 : -4.2952433e-05 -7.5520357e-05  5.9720355e-05
    36 :  1.4424295e-02  8.7862334e-03  1.1147781e-02
    37 : -2.6823851e-03  1.1048394e-02 -1.4626362e-02
    38 : -8.0876472e-03 -1.9924781e-02 -8.6342100e-03
    39 :  3.7773810e-04 -3.2153358e-03 -4.5506457e-03
    40 : -2.6787981e-03  4.4170288e-03 -1.1725194e-02
    41 : -1.1978949e-02 -1.3538897e-01  1.3892956e-01
    42 : -6.4050595e-16 -1.6266485e-17  2.7864679e-16
    43 : -3.9801200e-09  1.6756489e-08  1.7340294e-08
    44 : -1.8863726e-02 -1.5010112e-02  1.0191282e-02
    45 : -4.0823315e-06  1.9010160e-06  1.6289337e-06
    46 :  8.6632375e-06 -2.7339245e-06  3.2835097e-06
    47 :  2.3784065e-12  2.1698688e-12 -2.9453761e-13
    48 : -1.1521723e-15  4.5481563e-14 -2.9775231e-14
    49 : -3.4797039e-03  2.9020376e-02  2.2408906e-02
    50 :  2.1243460e-02  1.3194432e-02  2.9411658e-03
    51 :  8.7763217e-03  1.4352174e-02  7.4477177e-03
    52 :  1.2570095e-02  3.7959496e-02  1.2647873e-02
    53 :  3.6436621e-13 -1.5009188e-13  1.8739961e-14
    54 : -6.3253424e-03 -4.8916443e-03  5.8243599e-03
    55 : -8.6280465e-03 -5.2246137e-03  3.0674839e-03
    56 : -1.2524163e-02  6.9081692e-04 -9.4027925e-03
    57 :  2.8458699e-02  1.9759991e-02 -5.9665894e-02
    58 :  1.9465533e-02 -3.1853637e-01  3.3870304e-01
    59 :  1.2512186e-02  1.3939285e-02  2.4983257e-02
    60 : -9.5520856e-03 -1.3271034e-02 -2.5359091e-02
    61 : -2.7824959e-03  1.1098616e-02  6.6958011e-03
    62 : -2.8333223e-03 -2.7643066e-03 -4.6291044e-04
    63 :  1.0948302e-02  9.6573207e-03 -1.1763245e-02
    64 : -8.8998591e-03  1.3860410e-02  4.6929915e-03
    65 :  3.9665073e-04  2.1710257e-04  2.2863256e-04
    66 :  2.6320062e-05  1.6846703e-04 -4.9828149e-05
    67 :  2.2537733e-13 -4.0907035e-13 -4.8380301e-13
    68 : -5.9696040e-14  1.9706322e-13 -4.2234143e-14
    69 :  3.3758338e-13 -4.6058263e-13 -5.4248421e-13
    70 : -7.0764637e-07  5.5343916e-06  6.3357132e-06
    71 : -2.0969220e-02  2.4882364e-03  2.5283351e-03
    72 :  1.0774281e-15 -3.5389755e-15  1.1568089e-15
    73 : -4.4348570e-02 -1.8183679e-03 -5.2047486e-03
    74 : -1.4688346e-09  1.6328245e-08 -7.9020565e-09
    75 : -3.0579079e-10  2.3289732e-10  2.6809196e-10
    76 :  1.1622375e-15 -3.8302828e-15  8.7519594e-16
    77 : -5.3960788e-11  6.3233923e-10  5.1773129e-11
    78 : -1.2598052e-12  4.9229568e-12 -1.5797004e-12
    79 :  5.6505682e-08 -2.9664503e-08  6.9425474e-08
    80 : -1.5454438e-23  1.1467745e-20 -3.0651260e-21
    81 :  3.1263187e-13  4.4859738e-11 -2.0479621e-11
    82 :  4.4801607e-03  2.1574049e-01 -1.9440933e-01
    83 :  9.6715917e-19 -5.6820049e-18  5.1749451e-18
    84 :  2.6405377e-17 -2.7585287e-16  1.4233071e-16
    85 :  3.0630308e-02  1.4976593e-01 -8.3185699e-02
    86 : -3.1171636e-09 -2.5633876e-09  1.0163938e-08
    87 : -4.1260148e-10  2.0965390e-08  5.0621979e-09
    88 : -1.9861064e-03 -1.9228428e-03  1.5716854e-03
    89 :  9.3813223e-03  1.1397128e-02 -2.4657430e-03
    90 :  4.7741041e-15  9.8656151e-15 -6.8864272e-15
    91 : -2.8192991e-03 -1.4162099e-02 -1.1532851e-02
    92 : -5.1392835e-06 -2.2365240e-05  1.5964108e-05
    93 : -8.0666378e-20  1.7066414e-20  1.3807002e-20
    94 : -7.6209886e-08 -1.9197866e-08  1.0559188e-10
    95 :  5.2939635e-14 -1.7716350e-14 -1.9942616e-14
    96 : -6.1198051e-05 -5.1219640e-05 -1.0382572e-05
    97 :  2.5631911e-05 -4.4135466e-05 -2.8616450e-05
    98 :  2.9889778e-02  1.1957906e-02  1.4444870e-02
    99 : -1.7443646e-12 -3.5737736e-12  2.0113592e-12
   100 : -7.3795453e-13 -3.3512281e-13  2.4166544e-12
   101 :  5.3092042e-05  3.9133772e-04  9.9093816e-07
   102 : -7.0724228e-03 -1.6850934e-02  7.6838417e-03
   103 :  1.6317036e-18  1.7426342e-19 -2.3782052e-18
   104 :  1.5898536e-06  4.4232956e-07 -1.0632134e-06
   105 :  4.5391013e-02  2.3560069e-02  1.6544659e-02
   106 :  5.0510174e-04  3.6415497e-04 -1.5272067e-03
   107 : -1.5524785e-03  5.1713932e-03 -2.5264816e-03
   108 :  1.8972735e-02  1.7382918e-02  2.3064505e-02
   109 :  2.5066300e-02  1.2870860e-02 -2.6736468e-03
   110 : -4.5822466e-02 -1.0156726e-03 -2.3087720e-02
   111 : -3.7074567e-03 -1.4290607e-05 -4.3933522e-04
   112 : -1.0576702e-11  2.0787743e-11  1.7535804e-11
   113 :  8.5536998e-03  1.8760150e-02  1.6134027e-02
   114 :  6.9358011e-05  1.2796728e-04 -9.5731443e-05
   115 : -2.4137376e-02 -1.0005385e-01  6.1121554e-02
   116 :  2.8426841e-02  3.0416194e-02  2.2380390e-02
   117 : -2.8766601e-03 -2.7681750e-03 -1.3157359e-02
   118 : -3.3987060e-03  2.4506978e-02  4.1732334e-03
   119 :  1.0206360e-13  5.2951421e-14 -2.3917125e-13
   120 : -1.3256435e-05  7.6400014e-06 -4.3260982e-06
   121 :  6.8766848e-11 -5.4339836e-10  1.7091719e-10
   122 : -1.6185136e-03 -7.9752774e-02  6.2528764e-02
   123 : -9.4521388e-18  1.0574507e-17 -1.1961953e-18
   124 :  3.3056703e-13 -3.5077263e-13  3.3328122e-14
   125 :  1.2915320e-21 -3.9880261e-21  1.2996831e-21
   126 : -2.8278888e-09 -4.4258187e-09  1.2764680e-08
   127 :  1.1619850e-09 -2.5027720e-09 -5.5969887e-10
   128 :  3.5060381e-02  2.9017413e-02  1.1026319e-02
   129 :  1.2672415e-07  9.7949828e-08 -5.0284635e-07
   130 : -4.1475820e-03  3.4493456e-03 -9.7733808e-03
   131 : -2.9202454e-02  1.7206790e-02 -1.0247022e-02
   132 : -1.5155843e-03 -1.9364853e-02 -5.3862156e-03
   133 :  1.5397407e-02  2.0486562e-02  1.0921314e-02
   134 :  3.5883394e-03  2.6124329e-02  2.6885873e-02
   135 : -1.8583461e-02  1.5653848e-02  2.8913277e-02
   136 : -1.0345126e-03 -2.6718666e-03  1.0747524e-03
   137 : -1.2048985e-03  2.3775384e-02  3.0877501e-02
   138 :  3.5502198e-04  2.1784396e-03  5.3097896e-03
   139 : -5.0618294e-03  8.8193988e-03 -3.5733317e-03
   140 : -6.1878729e-12  3.1457261e-11 -8.9835891e-12
   141 : -1.4047990e-11  2.3740627e-11  9.1000752e-11
   142 :  1.0719059e-02 -5.1792246e-03  1.9199799e-02
   143 :  5.0529880e-14 -1.8216064e-13  9.5418531e-14
   144 :  6.9740296e-05  2.6988134e-04  4.7047913e-04
   145 : -1.1870116e-04  7.2931627e-04 -3.3593660e-04
   146 : -9.6632996e-07  4.4413601e-07  1.2059137e-06
   147 :  1.1914754e-14 -8.6107943e-15 -3.6012490e-15
   148 : -5.8014708e-07  2.6253726e-06 -1.9989928e-06
   149 :  1.0174469e-02  8.9055176e-03  7.5612421e-03
   150 : -2.5317902e-04  7.1633609e-04  4.4150991e-04
   151 :  2.6375355e-10 -1.8574007e-10 -9.0580591e-10
   152 : -9.9204279e-08 -1.9329855e-08  8.1683137e-09
   153 :  4.6138678e-02 -1.0730507e-02 -2.2410588e-02
   154 : -1.0789072e-20 -1.1684088e-20 -3.3821396e-20
   155 :  3.9708736e-14 -6.7311019e-14  5.1287295e-15
   156 :  4.7303697e-16  4.4798123e-16 -1.4103709e-16
   157 :  1.3474680e-05 -2.3168966e-05 -8.3001790e-06
   158 :  6.0653099e-03  1.3107501e-03  1.0569414e-02
   159 :  5.0066166e-04  3.0146674e-04 -1.7735909e-04
   160 :  1.3141820e-21  2.2975979e-22  1.1358350e-20
   161 :  3.9743122e-18 -2.4100681e-18  2.3491332e-18
   162 :  3.1079565e-03  5.4310548e-03  9.8444496e-03
   163 : -1.9758862e-02  3.8642292e-02  1.7092064e-03
   164 : -1.0104817e-09  2.0217557e-09 -8.7227603e-10
   165 :  1.2401451e-03 -4.4382916e-03 -9.2773231e-04
   166 : -1.3206592e-14  7.8432332e-15  2.7187212e-14
   167 : -2.0283553e-03 -1.8352559e-03 -7.2654637e-04
   168 :  1.5382838e-03 -7.4657515e-02 -4.3206004e-03
   169 :  2.2080638e-02  1.3074236e-02  9.4791873e-03
   170 :  1.1206632e-15 -2.7151519e-14  1.0767318e-13
   171 : -3.8832126e-14 -1.1755469e-13  2.6642110e-13
   172 :  8.6672870e-03 -2.0574760e-02 -1.3447603e-02
   173 :  3.7836255e-02  2.7444045e-02  1.3834824e-02
   174 : -3.0538317e-03  6.3432220e-03 -2.8695553e-03
   175 : -4.1198022e-07  1.5952489e-07  1.7886194e-07
   176 :  2.3889973e-12 -2.8186190e-12 -4.3769545e-12
   177 :  6.0168962e-04 -2.1831095e-03 -2.3354972e-03
   178 :  4.2042164e-02  4.9685167e-01 -4.5126346e-01
   179 : -4.1061633e-03 -1.2595606e-03  1.9646324e-02
   180 : -1.8027060e-15 -3.8556818e-15  2.1142786e-15
   181 : -5.1787479e-05 -2.8875681e-02 -2.1950099e-02
   182 : -2.5306063e-08  2.7710452e-08 -6.2447097e-08
   183 : -2.8790456e-02 -3.5937630e-02 -1.4844832e-02
   184 :  1.1290751e-18  2.4748578e-18 -8.1944347e-19
   185 : -5.6987424e-09 -2.8343710e-09  3.1243102e-09
   186 : -3.2599826e-05  1.7594848e-05 -5.9765254e-06
   187 : -6.8057211e-03  2.4268314e-02  1.2458637e-02
   188 :  4.5162642e-03  1.9571655e-01 -1.9084370e-01
   189 :  5.1313104e-02 -8.9777141e-03  2.2492414e-02
   190 :  7.5439926e-05 -3.3590475e-04  3.7817977e-04
   191 : -2.4854385e-17  5.1699030e-18  2.5361880e-17
   192 : -4.5423637e-02 -8.1742973e-03  9.4533464e-04
   193 : -9.8067392e-03  8.8727239e-03 -1.2995089e-03
   194 :  2.5292218e-02  2.3093094e-01 -1.6922723e-01
   195 : -1.0060329e-06 -7.7563485e-06  3.0705785e-06
   196 :  3.0452149e-15 -4.6288269e-15 -2.3790378e-15
   197 :  1.4170737e-14 -2.3952660e-14 -8.0902733e-15
   198 :  1.3573565e-04 -4.2202511e-05 -1.3990737e-05
   199 :  4.0461623e-02 -2.0546332e-02  1.0689214e-02
   200 :  9.8282123e-14 -1.9324615e-13  3.6520402e-14
   201 : -4.1802803e-02 -2.7628672e-03 -3.0658860e-02
   202 :  1.5056258e-04 -5.7885770e-05  1.6178077e-05
   203 :  3.4130845e-17 -1.0490180e-16 -2.4843511e-17
   204 : -5.9103564e-06  3.0914876e-05 -3.0157559e-05
   205 :  9.9468694e-03  3.9729925e-02 -3.2267161e-02
   206 :  5.3546924e-16 -1.5653832e-16 -8.9826957e-17
   207 :  4.1813977e-14 -2.0649437e-14  1.8945541e-14
   208 :  9.4970802e-11  8.2367352e-10 -6.0135859e-10
   209 : -1.0032808e-01  7.0250349e-02  4.1322623e-02
   210 : -3.7551266e-05  4.5978070e-05  1.7900546e-05
   211 :  3.3492398e-16 -1.5862506e-16  4.1919277e-16
   212 :  1.5205667e-02  2.8213310e-02 -6.1244588e-03
   213 :  7.2502827e-14  6.7913002e-14 -2.3827052e-13
   214 :  1.0001083e-02  7.6651899e-03  9.5155026e-03
   215 : -1.5594216e-02  4.2847304e-02  2.9103967e-02
   216 : -1.1956595e-02  2.0639241e-02  2.0281564e-02
   217 :  3.7792617e-20 -8.0621627e-20  9.0345190e-21
   218 : -7.8788664e-11  1.2546159e-10  6.7329142e-12
   219 :  2.9108241e-02 -4.2811858e-03 -2.6636604e-02
   220 :  3.8011566e-09 -6.0722314e-10  8.9497129e-09
   221 :  1.3991801e-12 -3.5151586e-13 -3.0090921e-12
   222 :  2.0787103e-02  1.3709924e-02  1.6437980e-02
   223 :  1.1786358e-03  1.2436383e-02 -2.6260467e-03
   224 : -2.0743972e-04  3.9515229e-04  1.6364002e-04
   225 : -1.1260527e-08 -1.5464370e-08  3.6599841e-08
   226 :  4.4049350e-12 -8.6442344e-13 -8.7511693e-13
   227 : -2.1978531e-06  5.3840698e-07  1.5635239e-06
   228 :  2.7999040e-04 -1.1923170e-03 -7.9796873e-04
   229 : -3.8022340e-07 -1.1664223e-08  8.3489216e-08
   230 : -1.9146155e-13 -2.9063040e-13  2.2985813e-13
   231 :  7.7303262e-14 -2.7244965e-13  1.5350067e-13
   232 :  2.3877914e-20  1.4282008e-20 -1.3249124e-20
   233 :  8.1786827e-13 -7.9077659e-14 -2.0656747e-12
   234 : -2.5735445e-02 -1.1988234e-03 -1.0466168e-02
   235 : -1.1453870e-01 -1.3490415e-02  7.9056833e-02
   236 : -3.2285416e-13  6.4827815e-12 -4.1007939e-12
   237 :  4.5974192e-11  1.1055603e-09 -2.4749428e-09
   238 : -4.0504049e-17 -3.3351196e-18  2.1017414e-17
   239 : -1.8870717e-12  1.3579433e-12 -2.2786143e-12
   240 :  1.4026234e-15  9.3911470e-17 -3.4676550e-15
   241 : -1.1905984e-02 -6.6873092e-03  1.2329022e-02
   242 :  4.8223216e-02  2.2715032e-02  2.3273184e-02
   243 : -1.9619478e-02 -3.6597827e-03 -1.1647734e-02
   244 : -4.1501000e-03 -9.8912736e-03  1.1555145e-02
   245 :  4.5210289e-12 -9.3752168e-12 -1.0092798e-11
   246 : -4.8654102e-03 -6.4865207e-04  2.3753540e-03
   247 :  4.3573630e-03  5.1270034e-04  3.5886290e-04
   248 :  5.6895275e-20  4.2228453e-19 -4.7325323e-19
   249 : -5.1571684e-10  8.1888490e-09  8.6424640e-09
   250 :  8.5937328e-03  3.0752036e-02  3.6660415e-02
   251 :  1.7695969e-04 -1.6181294e-03 -1.6026521e-03
   252 :  2.9558367e-12 -2.2095223e-13 -1.0810701e-12
   253 : -1.1574093e-15  9.2979060e-16 -1.0493127e-15
   254 : -2.8367558e-02 -2.1671963e-02 -1.2070352e-02
   255 : -2.2858806e-05  7.3086351e-06  6.3674322e-06
   256 :  2.7537524e-02  2.8797774e-02 -5.4419264e-04
   257 : -3.9330017e-04 -2.3804543e-02  3.1744981e-03
   258 :  4.0914741e-06 -1.4408841e-06  6.7431064e-06
   259 : -3.2525193e-10  2.9288193e-10 -8.2037522e-10
   260 :  5.2048630e-03  2.6875438e-02  2.7450544e-02
   261 :  1.3571277e-04  1.2964308e-04 -3.8499063e-04
   262 : -1.1875961e-11 -1.7904869e-12  1.8221921e-11
   263 :  1.9683803e-13 -3.7488202e-13 -5.7944631e-13
   264 : -3.0158874e-05  2.0330898e-05 -3.1509588e-05
   265 :  5.2664574e-03  2.8518264e-02 -7.9274366e-04
   266 :  8.4056361e-08  9.7092293e-08 -3.9360710e-08
   267 : -1.1850232e-07 -2.0296632e-08 -2.2220600e-08
   268 :  3.0400824e-15  1.0646049e-14 -2.7756688e-14
   269 :  6.3629101e-03 -2.0650211e-02  6.7144149e-03
   270 : -1.2313702e-06  3.4225243e-06  3.1959532e-07
   271 : -7.8811974e-03  3.0090967e-02 -1.2409147e-02
   272 :  1.4007236e-07 -1.0151720e-07 -8.6867108e-08
   273 :  2.9537775e-14  7.1890269e-14 -5.8484755e-14
   274 :  1.4884874e-02  1.5543331e-02 -7.0376807e-03
   275 : -4.8415300e-12 -6.8799349e-11  1.6847336e-10
   276 : -2.5122742e-02  1.1986773e-02 -1.0840395e-02
   277 :  1.8286115e-12 -3.2432160e-12 -2.4793876e-12
   278 : -3.7182241e-03  2.4381832e-03  2.8639063e-02
   279 : -2.2401732e-04  1.9105969e-04  3.8254724e-05
   280 :  3.0745869e-02  2.4911437e-02  1.8036534e-02
   281 : -1.2084654e-06 -6.0193301e-05 -3.7935100e-05
   282 : -3.7162529e-07  1.2260300e-07 -3.1444398e-07
   283 : -7.4449651e-10  1.2106030e-09  4.6918502e-10
   284 : -5.7058172e-12 -3.4324897e-12 -9.4120389e-12
   285 : -9.2544306e-04  4.1318807e-03  1.1719916e-02
   286 :  2.0434348e-02  2.0294856e-02  2.5853667e-02
   287 :  2.1659385e-02  1.8742456e-02 -3.2354329e-03
   288 : -4.1132228e-03 -1.2010118e-02 -4.1911497e-03
   289 :  1.9503191e-04  4.4575743e-04  2.0395215e-04
   290 :  4.8825339e-03  9.2095091e-03  6.1654418e-03
   291 :  1.5618429e-04 -6.8274732e-05 -1.5831893e-05
   292 : -7.2588607e-03 -6.7855697e-03 -4.0697738e-03
   293 : -4.9298363e-10  7.0386422e-10  1.5531317e-10
   294 :  1.9128874e-02  2.3360254e-02  2.1612593e-02
   295 :  3.5223314e-16  2.6353683e-16 -1.6969878e-16
   296 : -5.2731060e-03 -1.0938168e-02  7.3130678e-03
   297 : -1.2528915e-04  5.2312873e-04  2.1939965e-04
   298 : -6.5583112e-05  5.7718136e-04 -2.8880786e-04
   299 : -2.0655700e-17  2.3813739e-19  2.0192309e-17
   300 : -3.1453204e-02 -2.8470055e-02 -8.2674485e-05
   301 :  5.6005317e-06 -7.2379876e-04  3.0075075e-04
   302 :  1.1180939e-03 -2.8747435e-02  2.0312656e-02
   303 :  9.5198600e-03 -3.4730305e-03 -5.4490891e-03
   304 : -8.1036105e-04 -5.1698761e-03  1.6382438e-02
   305 : -5.1557903e-06  4.5829213e-06  1.4024017e-06
   306 : -7.6696848e-03  1.1945318e-03 -2.2924252e-02
   307 :  1.5293223e-02  1.2408784e-02  2.9993725e-02
   308 : -4.8390589e-05 -1.1993400e-05  8.2449985e-05
   309 :  1.1571750e-16 -4.6829516e-16  2.1639294e-16
   310 :  2.0161208e-03 -1.0009425e-03 -5.3322665e-03
   311 :  1.4283371e-02  1.9933930e-02  3.5728159e-02
   312 : -3.1508052e-15  1.0732549e-14 -1.2620246e-16
   313 :  9.8355332e-10 -3.4325087e-09  1.2193560e-09
   314 : -4.1448720e-17 -7.7361225e-17  2.1581565e-16
   315 :  1.5207575e-12  1.1157584e-12  1.5211450e-12
   316 :  1.5677104e-02 -3.7555141e-03 -1.7497506e-02
   317 :  2.1747458e-17 -6.0653191e-19 -4.4984775e-17
   318 :  2.9183247e-03  2.2607398e-03 -4.9838787e-03
   319 :  2.9200653e-02 -2.7517745e-02 -1.6863173e-02
   320 :  1.2639890e-02  3.7046896e-02  2.4858144e-02
   321 : -2.3974358e-02 -2.7738459e-03  1.2064199e-02
   322 : -1.4471620e-18  2.8471625e-18 -2.0294286e-18
   323 : -2.3367749e-18 -5.1369095e-18  1.0757883e-18
   324 : -2.0020486e-11  6.7007476e-12 -3.5688701e-12
   325 : -1.9357478e-09  1.0617279e-09 -2.5343907e-09
   326 :  7.6243563e-02 -5.1609132e-02  9.6587043e-03
   327 :  3.2167536e-02  3.1698131e-01 -2.4084410e-01
   328 : -1.1654722e-02  1.1541410e-02  1.2107242e-02
   329 :  6.8978475e-13  6.2186228e-11 -3.2360101e-11
   330 : -1.5822353e-18  4.2627052e-19  3.2508226e-18
   331 : -2.2989156e-06  1.6199944e-06  5.3224979e-06
   332 :  8.7793402e-04  4.0907222e-03 -6.1775837e-03
   333 : -7.0126712e-10  2.3944194e-10 -3.6098075e-10
   334 : -9.5932348e-03 -6.1302341e-02 -4.3423385e-02
   335 :  4.7069899e-03 -1.5999708e-02  2.5817193e-02
   336 : -1.8867834e-02  4.0971959e-02  5.3639646e-02
   337 : -1.3542891e-15  7.0368994e-15 -5.7710576e-15
   338 :  4.8314335e-03  2.0963465e-02  2.4388750e-02
   339 : -2.8023917e-11  4.8203441e-11  6.0808742e-11
   340 :  8.9936344e-04  3.8485336e-03 -6.2659510e-03
   341 : -3.3149123e-15  3.1754903e-15 -1.4100571e-16
   342 : -4.2792032e-13  1.8088378e-12  1.5416693e-12
   343 :  3.2832070e-05 -3.7249853e-05 -7.3459038e-06
   344 :  5.9541341e-03  9.7992248e-03  1.4701461e-03
   345 :  8.6745747e-03  5.1318997e-03  1.9905715e-02
   346 :  3.0700660e-12  2.0721045e-12  8.0820913e-13
   347 : -9.0283175e-03  2.9534721e-02 -1.3815823e-02
   348 : -9.2796681e-05 -1.3380310e-05  1.8931424e-05
   349 : -4.9523113e-07  3.8735343e-06 -6.7690813e-07
   350 : -3.0343572e-02 -1.1843159e-02 -2.5716035e-02
   351 : -2.2847161e-09 -2.8324550e-09  1.4382168e-09
   352 : -2.6401949e-02  2.5493779e-02 -7.2829012e-03
   353 : -3.0810758e-05  2.3918311e-02 -3.3914700e-03
   354 : -5.0381751e-03  5.7950466e-04  2.7588764e-03
   355 :  2.1189123e-02  5.0325797e-03  1.3397847e-02
   356 : -4.6837596e-15 -4.3475424e-15  1.3810738e-14
   357 : -4.6302532e-02 -4.2526139e-02  2.2065749e-02
   358 :  2.3893025e-06  1.7563656e-06 -2.0468402e-06
   359 : -4.9908205e-22  3.5329472e-23  1.9124274e-21
   360 : -2.7546793e-02 -1.7911363e-03 -2.1859129e-02
   361 :  3.6422481e-09 -3.7133682e-10  2.4009692e-09
   362 : -1.4271720e-05  2.1506495e-06 -2.3726754e-05
   363 : -8.9307578e-07  1.2406871e-07 -2.4374193e-07
   364 :  6.1409312e-08 -6.6951716e-08 -1.8931620e-08
   365 : -4.5612951e-04 -2.1671800e-05  3.4518022e-05
   366 : -1.4628668e-14  1.6289646e-14  3.0809814e-14
   367 :  5.5655967e-04  7.4728610e-04 -2.7004058e-03
   368 : -1.2397033e-02  2.0941333e-03 -3.1064964e-03
   369 :  7.2280279e-06 -2.4889336e-06 -6.3368383e-05
   370 :  5.1175345e-06 -1.0583921e-05  4.7686825e-07
   371 : -4.8596644e-15  4.8184002e-15 -1.6898206e-14
   372 : -1.3953970e-04  3.6087189e-04 -9.0089425e-05
   373 : -1.4918650e-03 -2.6675854e-03  2.2665302e-02
   374 : -2.9903800e-02 -5.5161015e-03 -1.9641153e-03
   375 : -6.5264486e-10 -1.2132775e-09  2.7131652e-10
   376 :  9.8279334e-16  9.6323073e-16 -3.4662433e-15
   377 :  1.5799615e-04  1.3697948e-04 -1.0551155e-04
   378 : -1.1716745e-06  5.2542210e-07 -7.0486109e-07
   379 : -3.9582790e-19  6.8489324e-19 -2.1255055e-19
   380 :  1.6654882e-02  1.1410303e-02  1.2995013e-02
   381 : -6.4798506e-08  1.6762162e-06 -3.1606334e-07
   382 : -1.3467282e-08  2.7181572e-08  5.8199616e-09
   383 : -4.7693071e-02 -2.2217040e-02 -4.6769395e-02
   384 : -8.2735434e-10  9.8122996e-09 -1.7590360e-09
   385 : -1.4994286e-03  2.6893065e-02  1.9418467e-03
   386 :  1.4256256e-02 -1.7711115e-02 -2.9799741e-03
   387 : -1.8962734e-10  6.8862839e-11  2.7847513e-10
   388 : -1.5952954e-02 -1.0823673e-02 -2.1057017e-02
   389 : -2.5638657e-07  2.8723989e-07  2.1273120e-07
   390 : -4.6655535e-03 -2.4475403e-02  8.9564488e-03
   391 :  1.3109262e-06  2.5852375e-06 -1.3421993e-06
   392 : -3.8776938e-02 -2.0134087e-02 -3.1999909e-02
   393 : -3.3566787e-02 -1.8969822e-02 -1.1581444e-02
   394 : -2.8314918e-08  5.5460132e-08  3.7007305e-08
   395 :  2.8179905e-04 -1.3355625e-04  2.1614760e-04
   396 : -1.4861422e-18  4.3394490e-18 -7.7068879e-18
   397 : -3.1809057e-02 -2.1294802e-02 -3.3618861e-02
   398 : -3.1574071e-03 -2.7195029e-03 -1.3662735e-03
   399 : -1.4503233e-02  1.0568069e-02 -5.4832726e-02
   400 : -2.7918437e-03 -1.0957253e-03 -2.3387422e-03
   401 :  1.8587162e-02  2.1322831e-02  1.9962172e-02
   402 : -1.0023272e-07  6.6096506e-09 -5.3092676e-09
   403 :  2.7942057e-07 -7.6251983e-07 -6.4221716e-08
   404 : -2.3355169e-15 -7.3945037e-15  1.8344940e-14
   405 :  3.4656479e-04  1.6868093e-04  2.5784462e-04
   406 : -2.6234672e-02 -1.1714722e-02 -3.1539784e-03
   407 : -9.5558499e-03 -2.0245873e-02 -2.0799672e-02
   408 :  4.6263686e-03 -3.2990320e-03 -2.3127013e-02
   409 : -2.5673158e-03 -5.3034416e-04  9.3089837e-04
   410 :  1.4541375e-02  1.6949159e-02  6.7048488e-03
   411 :  9.0981861e-04 -3.0610618e-03 -5.0860114e-04
   412 :  6.8674764e-03  9.2737290e-04 -2.4544988e-04
   413 :  5.3036973e-16  2.3644059e-16 -1.2706376e-15
   414 : -6.8263619e-03  4.3158672e-03  1.0623414e-02
   415 :  7.5376903e-04 -2.7461747e-03 -3.2163365e-03
   416 : -3.8692690e-11 -1.0746018e-11  9.0358854e-11
   417 : -5.5243876e-03 -5.0012209e-03 -1.3632394e-02
   418 :  2.4171049e-05  3.0149006e-03  1.1392359e-02
   419 : -2.7783469e-14  9.8028298e-14 -2.1287295e-14
   420 : -1.2288583e-13  3.3844826e-13 -6.3002157e-14
   421 : -8.4507382e-13  2.8033107e-11 -4.7079187e-11
   422 : -2.4641951e-05  1.8759542e-05 -6.0610330e-05
   423 : -4.7961091e-03  1.9530599e-02 -2.2968484e-03
   424 :  3.1460481e-08 -2.0797019e-08 -7.9038939e-09
   425 : -1.8349548e-10 -5.5355504e-10  1.9080791e-10
   426 :  9.9951241e-08  1.8616106e-08 -1.6736415e-07
   427 :  1.0161878e-06  1.0197192e-06 -3.4717468e-06
   428 : -2.7272604e-08  9.1995514e-08  7.2428220e-08
   429 :  1.3557071e-02  1.9808545e-02 -5.4315108e-03
   430 :  1.2691981e-02  1.4907633e-02  2.8195291e-03
   431 :  1.8424919e-04  3.6306862e-04  3.9185824e-04
   432 : -4.9805309e-05 -1.4151466e-05 -3.9422725e-05
   433 : -8.0377127e-16  1.7102024e-15  1.4687917e-17
   434 :  2.6622808e-02 -3.0780118e-03  1.4996872e-02
   435 : -1.3916552e-03  7.8030934e-04 -4.0327843e-05
   436 : -4.0381623e-10  5.0737807e-10  5.9237021e-10
   437 : -3.3439866e-02  6.5920088e-02 -2.8257459e-02
   438 : -1.1604175e-02  1.2510336e-02 -4.0930123e-03
   439 : -2.4261734e-02 -1.3520632e-02 -2.8714138e-02
   440 :  2.2570076e-13 -3.6476239e-12  1.2387105e-12
   441 :  1.6883105e-16  7.8497539e-17 -2.4274930e-16
   442 : -5.4154730e-03 -3.0891893e-03 -1.8595658e-03
   443 : -1.0793821e-04  4.8207142e-04  2.7039077e-04
   444 : -5.7470375e-03 -2.3079575e-03  3.5942908e-03
   445 :  1.1144782e-04 -2.0237175e-05 -1.8825428e-05
   446 : -2.9619122e-02 -2.5348810e-02 -5.4098739e-03
   447 : -1.5607623e-05  1.2545422e-05 -1.8162765e-05
   448 :  1.1153703e-02  2.5477152e-02  1.6536595e-02
   449 :  1.0130452e-15 -1.6379842e-15 -1.5668188e-15
   450 : -6.6676516e-17  3.2117612e-17  1.2724471e-16
   451 :  3.0119410e-03  1.1791511e-02  1.4237912e-02
   452 :  1.5871792e-02  1.1293407e-02  8.1190079e-03
   453 : -2.3375269e-02 -2.9838617e-02 -2.0703446e-02
   454 : -1.1927326e-02 -1.9946726e-02 -3.8620566e-03
   455 : -3.1999891e-07  1.1554145e-07  9.2195546e-08
   456 :  1.5009843e-02 -4.5229050e-03  9.9137712e-03
   457 : -8.3821955e-17  3.9955360e-17  1.8828224e-16
   458 : -3.7075978e-07  1.2140300e-06 -1.5945175e-08
   459 : -3.8930806e-03 -2.1909958e-03  7.6775555e-03
   460 :  2.0171288e-02  2.0362512e-02  2.1084937e-02
   461 :  7.3321142e-06 -3.1120333e-06 -1.3388386e-05
   462 :  5.4454574e-04 -1.1859102e-03  9.0916046e-05
   463 : -1.5284699e-11 -6.6869630e-12  4.3471851e-11
   464 : -7.3259021e-03 -4.8275456e-02  2.0497697e-02
   465 : -2.6060612e-03  5.1372365e-04 -9.2943965e-04
   466 : -1.1952026e-02 -1.7742600e-02 -1.6631221e-02
   467 : -6.4091310e-12  2.8490894e-12  4.7586788e-12
   468 :  3.8318315e-10 -1.2722897e-10 -6.0051709e-11
   469 : -5.1971987e-19  1.0014541e-18 -1.0189420e-19
   470 : -2.8404722e-16  3.2981837e-16  2.8077670e-18
   471 :  1.1728898e-08 -1.0478174e-09 -9.8280218e-09
   472 : -2.4323639e-11  4.8863938e-11 -1.0382856e-11
   473 :  5.1551771e-03 -1.5214022e-03 -7.2994076e-03
   474 :  1.4394870e-14 -1.1208169e-13  6.1914299e-14
   475 :  3.6597709e-08 -4.2391419e-09  1.9637858e-08
   476 :  2.2316602e-08 -5.6526867e-10 -3.6544169e-09
   477 :  5.2045018e-19  3.9840350e-19 -5.2926322e-18
   478 :  1.6315092e-02  2.1442612e-02  2.8685374e-02
   479 : -2.1047427e-19  4.3271055e-19 -1.5706681e-20
   480 :  1.3405315e-02  9.5607646e-03  1.6347346e-02
   481 :  1.1210233e-07  1.3379370e-08 -2.6977647e-07
   482 : -9.1231300e-13  2.6564522e-12 -8.8959941e-13
   483 : -3.8229717e-03  7.6251622e-03 -1.9867325e-03
   484 :  1.6817943e-02 -1.8631369e-03 -2.2813657e-03
   485 :  2.6728944e-03 -3.0907636e-03 -6.4132090e-03
   486 :  1.5649472e-02  1.2991278e-02  1.2497450e-02
   487 : -9.6090480e-03 -9.9140724e-03  2.0388941e-02
   488 : -1.8245320e-02 -4.8271780e-03 -4.4513214e-03
   489 : -3.2822995e-14  6.3432821e-15  4.5139381e-14
   490 :  4.9154976e-13 -8.6075748e-13  4.2824603e-13
   491 :  6.1828157e-13  1.4931288e-12 -8.7049579e-13
   492 :  4.7031738e-02  1.6237981e-02  3.1816429e-02
   493 :  1.2909175e-03  8.9645361e-03  2.8479270e-03
   494 : -2.4475045e-02 -1.3382830e-02 -2.0385396e-02
   495 : -2.8632034e-05  3.4188209e-05  4.0469432e-04
   496 :  4.0988392e-10  1.8109407e-09 -2.8683314e-09
   497 : -2.6742884e-16 -1.3879677e-15  7.5897709e-16
   498 :  2.3621633e-14 -1.6315580e-14  2.6949953e-14
   499 :  6.2183458e-04 -7.2185573e-03 -2.0690836e-03
   500 :  3.0540675e-17 -3.5088595e-17 -5.6733506e-17
   501 :  3.8529538e-18 -1.1469926e-17 -2.8032336e-18
   502 :  2.4957121e-02 -7.9282796e-03  2.6585163e-02
   503 : -2.9724008e-03  1.0648300e-03 -3.5814520e-03
   504 :  8.4827628e-04 -3.3143927e-03  1.2015227e-04
   505 :  2.7554994e-02  1.1052652e-02 -1.8507608e-03
   506 : -1.0269983e-11  2.6484052e-11 -7.6383061e-13
   507 :  3.0882593e-10  1.9317101e-10 -7.0529567e-10
   508 :  7.0139936e-11 -5.4142037e-10  1.4510874e-10
   509 :  1.4319055e-02  2.2102996e-02  1.6498018e-02
   510 :  4.1478857e-10 -2.0191005e-10  1.1076228e-09
   511 :  8.3245392e-06 -7.5515049e-06 -1.4929895e-05
   512 : -3.4245294e-07 -5.1585583e-07  5.4767720e-08
   513 :  2.3387740e-04  5.7121793e-04 -2.6061988e-04
   514 :  3.2409440e-04 -4.4141560e-03 -3.1633172e-03
   515 : -1.0050144e-02 -3.6142127e-02  3.2797534e-03
   516 :  1.7340777e-10  4.7823578e-10 -3.1176073e-10
   517 : -3.1230928e-03 -1.9547334e-02  1.3872711e-03
   518 :  1.2959354e-03  1.1534802e-04 -8.1389085e-04
   519 : -1.1136651e-05 -1.6548212e-05  2.4033565e-05
   520 : -4.7199883e-05 -8.5564874e-05  2.2007383e-04
   521 : -3.1622840e-02 -7.3409548e-03 -1.1299901e-02
   522 :  2.5458308e-03  7.7858220e-03  7.8671803e-03
   523 : -1.4346729e-02 -6.6529845e-02  1.5940280e-02
   524 :  9.3599243e-04 -1.3792275e-03 -1.9195896e-03
   525 : -2.8967984e-03  7.6631405e-04 -6.9523418e-04
   526 : -1.2587110e-07  1.9122716e-08 -1.6294899e-07
   527 : -4.4232683e-15  4.8132662e-14 -2.1494315e-14
   528 :  3.1711417e-02  2.2372126e-02  7.0574979e-03
   529 :  2.1601434e-02  1.7912441e-02  1.7970776e-02
   530 : -2.3693142e-02  1.0798342e-02 -1.3142118e-02
   531 :  6.8444140e-03 -1.6025271e-03  1.6690611e-02
   532 :  3.6301719e-08  4.3078055e-06  1.9918995e-06
   533 : -8.0344053e-21 -1.4097190e-20  2.8772058e-20
   534 :  2.2469165e-21  7.4708445e-21 -2.9389450e-20
   535 : -3.5642937e-13  3.6140097e-13  1.3752699e-13
   536 : -1.6858116e-02 -1.4718207e-02 -1.9224116e-02
   537 : -3.4361269e-03 -4.0295386e-03 -1.1538212e-03
   538 :  1.8042425e-02 -2.8897900e-03  2.4633447e-02
   539 :  1.7630923e-15 -7.6508154e-14  1.3408930e-13
   540 : -8.9317100e-13  1.4136099e-11 -1.0436664e-11
   541 : -2.6080380e-12 -9.1918309e-12  2.5152008e-11
   542 : -6.0680995e-05  1.1524789e-04 -8.0316891e-05
   543 : -1.6364105e-14 -1.3530632e-15  7.7440796e-15
   544 :  7.3858519e-05  2.7870421e-04  2.3423170e-04
   545 :  4.7934879e-09 -2.7390085e-09 -1.0711473e-08
   546 :  9.1069628e-03 -8.1747871e-03  8.8864168e-03
   547 :  1.1997987e-12 -2.7631398e-12  5.8602519e-13
   548 : -1.1735180e-02 -1.9575469e-02 -3.3955493e-02
   549 : -1.1392102e-10  7.8194046e-11 -3.3065018e-10
   550 :  3.7716300e-02  1.5984124e-03  2.4634039e-02
   551 : -9.3245490e-03  3.9501494e-03  1.1992926e-02
   552 : -8.1587038e-03 -1.0065881e-02 -7.8038327e-03
   553 :  6.7185705e-03  2.0576943e-02  3.8073662e-02
   554 :  8.6010864e-10 -4.5053183e-09  1.4448452e-09
   555 : -4.7713668e-05  7.6741079e-05 -1.7214595e-05
   556 :  2.1902541e-10  2.7867463e-10 -2.2878653e-10
   557 :  1.2786622e-02 -1.5466019e-02 -1.0187753e-03
   558 : -1.2370668e-04  2.9592048e-02  2.5464604e-02
   559 : -1.1613799e-02 -1.7001874e-03 -1.0496719e-02
   560 :  1.0787731e-02  1.7232769e-02  2.7941586e-02
   561 : -2.8816231e-02 -1.8098880e-02 -1.9457186e-02
   562 :  2.1094155e-06 -4.9704562e-06  1.5327534e-06
   563 :  8.4905056e-17 -2.6073000e-17 -4.6012007e-17
   564 :  1.3107876e-02  4.0689041e-03  1.2517857e-02
   565 :  1.3760970e-02 -2.8461201e-03  1.1761520e-02
   566 : -7.6721363e-12 -3.1719854e-11  1.7004989e-11
   567 : -7.2390226e-05  1.7314872e-04 -5.6296252e-05
   568 :  3.5401571e-04 -9.4036615e-04  1.1605914e-02
   569 :  1.0953489e-02  5.0898943e-03 -1.7440265e-03
   570 :  2.7819741e-09 -6.5713754e-09 -2.5456685e-09
   571 : -5.5296941e-05 -6.6186627e-05  2.0462226e-05
   572 : -1.5021768e-17  9.1197071e-18 -4.9190496e-18
   573 :  2.7810301e-02  2.1516365e-02  1.8029985e-02
   574 :  2.3204674e-02 -2.9828102e-03  2.5470432e-02
   575 : -2.0496969e-02 -3.3554076e-05 -5.0695292e-03
   576 : -4.1808572e-03  1.1842342e-02  1.6846533e-02
   577 :  1.4953822e-03 -4.9921013e-03 -4.9705926e-03
   578 : -2.4773591e-19  9.5298754e-19 -4.3171324e-19
   579 : -1.9982125e-02 -2.0015691e-02 -3.7969920e-03
   580 : -1.4107900e-02 -1.5951270e-02 -2.5338152e-02
   581 : -8.0208049e-10  1.0595496e-09  3.1989856e-10
   582 :  7.8492636e-19  4.7037274e-19 -2.6383392e-19
   583 :  2.0431068e-08 -8.4521446e-08  5.6972735e-08
   584 : -8.6836606e-16  1.6290946e-15  1.3763578e-16
   585 : -3.3476231e-02 -2.7450269e-02 -2.3314016e-02
   586 :  1.0374094e-11 -2.6097504e-11  2.0787507e-12
   587 :  7.9155367e-08 -2.9001748e-07  7.1592665e-08
   588 :  1.1017093e-11 -5.4211439e-11  5.9667909e-12
   589 : -7.4745459e-02 -3.7750878e-02  7.1794650e-03
   590 :  9.1904101e-03  1.6872108e-02 -1.8919856e-02
   591 :  6.2162064e-19 -1.2213046e-18  7.3685272e-19
   592 : -2.9605789e-10 -2.1966873e-10  7.8252064e-10
   593 : -1.2076423e-05  4.7136374e-06 -2.3152773e-06
   594 : -3.0787085e-07  1.3438693e-06 -5.5358681e-07
   595 : -4.1020796e-03 -1.5938850e-03  2.4799176e-04
   596 :  2.1785522e-02  3.5809706e-02  2.6628100e-02
   597 :  5.9092507e-06  1.2061791e-05 -2.9073739e-05
   598 : -2.9344655e-07 -4.0880714e-07  2.1535980e-07
   599 : -1.7437760e-02  1.6976242e-02  2.1343465e-02
   600 :  8.2888893e-04 -3.0644499e-03 -1.5071916e-03
   601 : -3.0198992e-02  9.7971573e-03 -5.8519452e-03
   602 :  3.3344506e-12 -2.7171464e-12  3.5951526e-12
   603 : -3.4736925e-14 -4.9547786e-14  3.9704849e-14
   604 : -5.5507741e-09 -3.9259054e-09  8.9767101e-09
   605 : -2.6235924e-06  7.1601760e-06  3.4513344e-06
   606 :  1.1267424e-02  8.9740515e-03  7.4793413e-03
   607 : -9.1096786e-05  4.8255008e-04  3.3140042e-04
   608 :  3.2348117e-11  9.5182986e-11 -2.7995602e-11
   609 :  3.1048320e-09  4.4069138e-09  6.8361941e-10
   610 : -4.0258437e-14 -3.5444736e-14  1.6188788e-13
   611 : -3.3191442e-02 -1.1062129e-02  8.5702403e-03
   612 :  1.4551122e-04 -3.0115363e-05  4.3413593e-04
   613 : -2.9442343e-05 -5.6444325e-05  8.0968137e-05
   614 :  4.0310077e-02 -1.6547064e-01  7.2111445e-02
   615 : -2.9329927e-04  1.7816361e-04  5.8969966e-04
   616 :  6.0481879e-15 -6.6537567e-15 -6.7938755e-15
   617 :  1.0719123e-04  9.7649178e-05 -3.3325894e-05
   618 :  8.2560600e-08  2.9792416e-07 -2.2859646e-07
   619 :  9.6320757e-12 -1.8221901e-11  6.6172430e-13
   620 :  4.4499374e-07 -5.2549645e-07 -1.1978772e-06
   621 : -1.1805048e-04  5.5852869e-04  7.6595192e-04
   622 :  1.0494377e-02  1.1175594e-02  1.7981023e-02
   623 :  1.5957018e-02  2.5949958e-02  2.3734609e-02
   624 : -5.1521945e-04 -1.6774000e-03  1.7518022e-04
   625 : -3.4105554e-05  2.5242834e-04 -8.5050359e-05
   626 : -5.2330285e-19  2.3660453e-18 -7.5266692e-19
   627 :  4.4641816e-13 -3.6085746e-13 -5.6248413e-13
   628 : -5.6696334e-08 -2.6172756e-07  1.1783759e-07
   629 :  1.6650933e-02 -4.7927017e-03  1.8296856e-03
   630 :  5.3671352e-03 -3.5756897e-02 -2.0233508e-02
   631 : -1.8721189e-05  5.9042264e-05 -1.8128260e-05
   632 : -2.3880220e-15  3.3365701e-15 -2.4437208e-15
   633 :  6.6906719e-03  1.6980334e-02  3.1256511e-02
   634 :  4.9868923e-04  3.3549688e-04 -2.1160514e-03
   635 : -2.7058217e-02 -2.5146162e-03 -1.8406110e-03
   636 :  3.2675674e-03  2.2203303e-03 -4.7811032e-03
   637 :  1.1907615e-02 -1.2194693e-02  7.0095876e-03
   638 :  2.1614177e-02  9.7907745e-03  1.1811034e-02
   639 : -3.2271111e-02 -3.1180428e-02 -7.2646740e-03
   640 :  5.0470669e-04  1.1379214e-02  7.3967196e-03
   641 : -2.4001127e-11  5.4060049e-11 -1.1317117e-11
   642 : -1.4180964e-02  1.2028692e-02  2.7880874e-02
   643 : -6.1342304e-03  3.4154046e-03 -4.4949043e-03
   644 :  7.3551884e-02  6.0251512e-02 -1.5632109e-02
   645 : -5.6222105e-03  1.7428739e-02  6.7047852e-03
   646 :  2.5228556e-05 -1.1452175e-04  3.8557195e-04
   647 : -1.2670469e-02 -1.8536661e-02 -1.0149744e-03
   648 : -1.4022160e-03  3.0586805e-03 -2.1827679e-03
   649 : -6.3211159e-03  8.1494396e-03 -9.7283344e-04
   650 :  5.0344739e-05  8.6928318e-05 -2.5556022e-04
   651 :  2.9266950e-02 -5.5679081e-03 -3.2451506e-02
   652 :  5.4068739e-04 -2.7933112e-03  4.1962399e-04
   653 : -3.6717514e-02 -2.0937473e-02  2.5996661e-02
   654 :  2.4979868e-08 -5.7281581e-09 -1.4096410e-08
   655 : -7.2138865e-04  9.7012834e-04 -1.8774684e-03
   656 :  2.1114919e-02  9.3953748e-03  1.0740970e-02
   657 : -4.8950686e-02 -1.6988672e-02 -4.8483328e-02
   658 :  3.5629533e-03 -3.6119558e-03  5.2285669e-03
   659 :  1.6065538e-02  2.5688724e-02  1.1241583e-02
   660 :  1.7564379e-02  9.2217838e-03  1.8376441e-02
   661 : -3.3372402e-02  2.1159368e-02  1.6584248e-02
   662 : -6.4256779e-07 -1.5354454e-07  8.2261389e-07
   663 : -2.9723571e-02 -2.5239706e-02 -2.4054006e-02
   664 :  1.0372967e-02  7.3179583e-03 -3.0884570e-03
   665 :  4.7645733e-03 -2.4659533e-02 -2.2604775e-02
   666 : -1.4802653e-15  2.9693883e-15  1.6177757e-15
   667 :  1.1426377e-09 -8.5662315e-10 -3.7584042e-10
   668 : -4.8520843e-03 -3.8664407e-03  3.7060006e-03
   669 : -3.1759688e-19  5.8313338e-19  1.0943207e-18
   670 : -2.7548457e-02 -1.8301072e-02  1.7111277e-02
   671 : -2.1794532e-02 -6.0590656e-03 -7.1887241e-04
   672 :  9.2710611e-03  1.7583871e-03  1.0851614e-02
   673 :  4.3196244e-06  3.5745247e-06 -1.0072188e-05
   674 :  1.5279196e-05 -1.5942379e-05 -4.9664393e-05
   675 : -3.1789868e-05 -3.9144844e-06  1.0710138e-05
   676 :  8.4687782e-03  2.9431763e-02  9.9525499e-03
   677 :  2.8509474e-04 -2.4501152e-05  2.4697771e-04
   678 :  1.6003816e-03  2.2402593e-03  8.5906801e-03
   679 :  2.7492561e-02  1.4729238e-02  3.7517253e-02
   680 :  1.5762699e-02  2.7855452e-02  2.4352435e-02
   681 : -1.6086485e-11 -2.0826820e-11 -1.0282606e-10
   682 :  8.4079029e-11 -3.3832986e-10 -4.5252442e-10
   683 :  4.3840897e-09 -1.8092521e-09  5.9817729e-09
   684 :  6.0352492e-12 -5.0413892e-12  1.5087430e-11
   685 : -9.8171200e-04  1.4037278e-02  9.9984574e-03
   686 : -1.8754017e-05  1.0227341e-05 -1.7473696e-05
   687 :  3.0437885e-11  5.7617336e-11 -2.0670686e-10
   688 :  1.1356192e-06  3.5613349e-06 -5.2298527e-06
   689 : -1.9417007e-04  1.0487374e-02  1.3252251e-02
   690 : -2.4773362e-04  1.9541680e-04  3.2435759e-04
   691 :  1.9325865e-02  6.9651978e-03  1.6113354e-02
   692 : -3.9755402e-03 -5.1137713e-03  9.8271862e-03
   693 : -1.5663720e-19  1.7533061e-18  1.2225113e-18
   694 :  1.0907425e-12 -2.1157209e-12 -1.4237213e-12
   695 :  8.8382826e-03 -7.8483858e-03 -4.6863134e-03
   696 : -1.7923351e-02 -3.3234012e-03 -1.1241798e-02
   697 :  3.9939203e-04 -2.9428549e-03 -3.4548307e-03
   698 : -8.1972559e-03  1.4325688e-03  9.7987895e-04
   699 :  6.1669189e-10 -7.8529708e-07  3.0831175e-06
   700 : -3.4094190e-17 -6.7458522e-17  1.7415794e-16
   701 :  1.6991456e-15 -5.5831045e-15  1.8708939e-15
   702 :  1.4652044e-09 -7.2218267e-09 -3.5534988e-09
   703 :  5.6965685e-04 -5.0383342e-03 -3.4968770e-03
   704 :  7.6256028e-04  5.5982655e-04 -3.5395985e-03
   705 :  1.8341975e-12  3.9199566e-11 -2.2798627e-11
   706 : -1.7077214e-01  1.3814318e-01  4.3111658e-02
   707 :  1.7483122e-02 -2.2224217e-02  4.7692078e-02
   708 :  4.0272799e-02  2.9594853e-02  2.5933819e-02
   709 :  1.4643466e-04 -4.1553544e-05  2.6905327e-04
   710 : -4.2229002e-07  1.1990503e-07  1.4450245e-08
   711 : -2.0364497e-04  1.8451865e-04  3.6418848e-04
   712 : -4.5404544e-03 -1.9530575e-03 -2.7710667e-03
   713 : -2.3154977e-03 -6.0126928e-04 -3.1827853e-03
   714 : -3.9803898e-03 -1.1216581e-02 -3.3491950e-03
   715 :  9.3695690e-03 -3.3592718e-03 -2.8685175e-03
   716 : -1.1623052e-12  2.6945019e-12 -4.9035786e-12
   717 :  1.1906650e-02 -3.1156174e-03  1.1479405e-02
   718 : -4.8432354e-04 -1.4929296e-04 -1.9555472e-03
   719 :  4.5744026e-04 -9.4102157e-03  1.6870094e-02
   720 : -6.0442098e-03  1.2797817e-02 -4.0712972e-04
   721 :  9.1233570e-02 -1.9988144e-02 -2.0301035e-02
   722 :  3.0898790e-11 -1.7912342e-10  1.0211810e-10
   723 : -1.3394884e-10 -2.3443591e-09  2.0438612e-09
   724 : -3.2727938e-10 -1.7148659e-10  4.1932837e-11
   725 : -6.0877746e-03 -7.5440664e-04  3.4510928e-03
   726 : -9.2446133e-06 -4.4803621e-07  4.0298974e-06
   727 : -9.1948128e-03 -6.3872521e-03  4.5334754e-03
   728 :  1.2883357e-02 -6.0990672e-04 -2.7939783e-03
   729 :  1.8613909e-02  2.1221472e-02  4.0703272e-02
   730 : -2.6912905e-03 -9.5466994e-04 -2.0877356e-03
   731 : -5.2304395e-10  8.6629962e-10 -1.8337161e-10
   732 : -3.9134124e-07 -4.6174346e-08  1.2248036e-07
   733 :  3.8231067e-03  5.0256046e-03 -1.9613448e-03
   734 : -9.1554413e-03 -6.9381236e-01  7.9667995e-01
   735 : -2.6708044e-03  3.1634046e-02 -3.1740037e-02
   736 : -3.3229582e-02  9.2839300e-03  1.0664767e-02
   737 : -2.5849006e-05 -3.1112104e-05  9.6515526e-05
   738 :  2.1717620e-03 -4.8632419e-03  1.8591491e-03
   739 :  1.7566896e-02  6.0193232e-03  6.0149293e-03
   740 : -4.1448198e-03  1.2425692e-02 -9.9945329e-04
   741 :  1.5540443e-02  2.5334079e-02  5.0475599e-03
   742 :  6.8488669e-04  1.8825094e-04 -1.6619599e-03
   743 :  1.1023924e-02  4.8958993e-03  2.4823877e-02
   744 : -1.0130720e-02  2.5678758e-02 -7.3043953e-03
   745 :  7.0988874e-11 -1.1719557e-10  1.2942791e-11
   746 :  8.3754776e-09  6.0921942e-09 -5.0108340e-09
   747 :  2.2600257e-06  1.2582188e-05 -1.4391016e-05
   748 : -2.6828078e-03 -3.1599815e-03  8.6839328e-03
   749 :  6.7213770e-03 -2.3049885e-02 -1.4838611e-03
   750 : -1.5537590e-11 -3.1650788e-11  7.6853117e-11
   751 :  2.3368688e-03  7.4461484e-03  3.5387064e-03
   752 :  8.2669138e-05  4.5607267e-04  6.7789451e-05
   753 : -1.4872097e-03 -2.6558818e-02  6.7910961e-03
   754 :  1.4956793e-08  2.2808456e-08 -5.8156623e-08
   755 :  1.0172704e-03  9.4475788e-03 -6.2684713e-03
   756 : -1.0710306e-04  1.4354753e-04  1.7927315e-04
   757 :  1.5061278e-18  6.0090525e-19 -1.1540067e-18
   758 :  9.1636615e-02  1.0446639e-01  6.4978949e-02
   759 : -2.3243894e-03  3.7263531e-04 -3.0271440e-03
   760 :  2.6208312e-06 -7.1132765e-06  5.2442621e-06
   761 : -5.0050062e-03 -7.9700882e-04  8.5599289e-03
   762 :  9.3242650e-02  9.3032069e-02  5.1181814e-02
   763 : -1.2956977e-13  3.9408966e-13 -1.2662816e-13
   764 : -1.2579711e-14 -3.3752806e-14  2.1492110e-14
   765 : -4.3996722e-03  2.7695891e-03  3.2332667e-03
   766 : -5.3965590e-06 -4.4859392e-05 -2.2754809e-05
   767 :  9.0431485e-02  4.4223705e-01 -1.9952770e-01
   768 :  2.3721978e-11 -4.1485708e-11  9.2943652e-11
   769 : -8.8759800e-04 -3.6172082e-03  1.3491653e-03
   770 :  7.1365563e-03 -2.9176934e-03 -3.8147228e-03
   771 : -9.5369108e-04  2.8300999e-03 -2.3202077e-03
   772 : -1.6946885e-02 -2.7925460e-02 -5.7052424e-03
   773 : -9.3201229e-05  2.1255112e-05  1.8137571e-04
   774 :  1.1604394e-02  1.7175278e-03  5.7400698e-03
   775 :  3.7656041e-02 -2.2597444e-01  2.4986966e-01
   776 : -4.2298721e-05  1.6430707e-04  2.7874478e-04
   777 : -4.3974514e-03 -2.6831948e-03 -2.7897545e-04
   778 :  9.6807061e-03  2.4705997e-02  4.5020526e-03
   779 : -4.6564564e-09 -9.3615324e-09  5.6983470e-09
   780 :  9.5536700e-02 -9.8778956e-03 -4.1061021e-03
   781 :  8.8092896e-11 -5.3581320e-11  6.5233437e-11
   782 :  2.7104594e-19  5.5935409e-20 -4.8001899e-19
   783 :  9.1127977e-03  6.5149089e-03  2.0708559e-02
   784 : -1.9788948e-03 -4.3044831e-03  1.0964409e-03
   785 : -1.4761749e-10  3.8602638e-10 -2.8170276e-11
   786 :  2.7201103e-02 -8.1348481e-03 -3.3238215e-03
   787 :  4.9459753e-04  7.7156547e-03  2.3966259e-03
   788 : -8.1636968e-12  5.1654316e-11  3.1122879e-12
   789 : -7.6384471e-10  1.4233634e-09  5.3143304e-10
   790 :  1.0998458e-02  2.3240936e-02  3.2469935e-02
   791 :  2.3025664e-02  2.3298850e-02  3.5191410e-02
   792 : -2.9631643e-03 -2.9652698e-02 -1.9490104e-02
   793 : -2.1145811e-02 -2.6593718e-02 -2.7658461e-02
   794 :  1.3668654e-02  2.0578588e-02  2.2247811e-02
   795 :  2.2333785e-03  1.6265077e-03 -2.0982035e-02
   796 : -2.4960988e-02 -2.1942785e-02 -3.2158523e-02
   797 : -3.2566465e-11 -1.7340568e-11  7.5279532e-11
   798 : -4.7758344e-03 -7.7788292e-02  1.1326830e-01
   799 :  6.1571618e-06 -2.7524618e-05 -3.5102970e-05
   800 : -4.3190352e-03 -3.7124393e-03  9.8312241e-04
   801 : -2.0187661e-09  3.3036157e-09  5.5022675e-10
   802 : -3.2663005e-03  1.9575779e-02 -8.5263388e-03
   803 :  6.8381811e-07  2.9759375e-06 -8.1784893e-07
   804 : -3.8465130e-03  3.2228743e-03  5.1924342e-04
   805 : -4.5857397e-03  1.2332338e-06 -4.0610349e-03
   806 : -1.3647807e-08  1.1532528e-08 -1.0991522e-09
   807 :  1.5023509e-11  1.2626214e-10 -7.9745565e-12
   808 :  7.1314644e-03 -1.3097472e-03  1.3755925e-03
   809 :  1.5504155e-05 -3.0244470e-05 -3.2976359e-06
   810 : -1.1850151e-10  2.5223620e-11 -4.5486778e-10
   811 :  1.3451512e-19 -3.0962100e-19  7.2814112e-19
   812 :  2.7814674e-04  2.3925791e-04 -3.8341704e-04
   813 : -2.0359013e-03  1.5698118e-04 -8.5732107e-03
   814 : -2.1861510e-19 -1.3391682e-19  5.0896745e-19
   815 :  2.3198515e-20 -3.1499259e-20  2.5219116e-20
   816 :  1.2893125e-15 -4.4198258e-16 -4.0713911e-16
   817 :  4.0002580e-17  6.0592648e-17 -1.4054154e-16
   818 : -8.4473509e-19 -1.7465264e-18  2.1406636e-18
   819 : -2.3177859e-04 -2.4740931e-05  3.1168577e-04
   820 :  7.7847637e-19 -2.4030557e-18  5.2628793e-19
   821 : -3.2169263e-02 -1.9648331e-01  9.0563767e-02
   822 : -1.2634860e-02 -1.7661988e-03  3.8670267e-02
   823 :  2.0105535e-07 -5.4226896e-07  8.6948902e-08
   824 : -1.4723984e-06  2.2825785e-06  1.5167298e-06
   825 :  7.6525842e-14  2.5126391e-13 -5.8134312e-13
   826 : -1.0634374e-02 -3.5963422e-02  1.5542405e-02
   827 : -8.5363547e-09  1.0065038e-08 -9.6010978e-10
   828 :  5.2764498e-06 -2.2636123e-05  8.0735267e-06
   829 :  1.8098273e-03  1.8949795e-03  1.3323634e-02
   830 :  4.6429600e-02 -1.5044384e-02  8.9332611e-02
   831 : -5.2113334e-03 -9.3845335e-02  1.5612704e-01
   832 :  2.7219441e-04 -4.1063629e-04  1.1050933e-03
   833 : -6.0396427e-03 -6.8811844e-02  9.5290878e-02
   834 :  4.2244347e-17 -3.6451622e-17  2.8010121e-17
   835 :  5.5386337e-20 -9.7797459e-20  1.8995465e-19
   836 : -1.1545769e-03 -2.3881009e-03  1.6280142e-03
   837 :  4.1983080e-10 -2.0511761e-10 -6.5121926e-10
   838 :  1.1961774e-02  1.5569871e-02 -1.9843481e-04
   839 :  2.1346769e-06 -2.1172071e-06 -2.2977651e-06
   840 : -8.3316635e-10 -1.7284131e-09  4.6872684e-09
   841 :  1.1593458e-07 -5.1298290e-08 -3.7383825e-09
   842 : -3.1012467e-05  5.8460729e-05  9.7313594e-05
   843 : -3.5499461e-08  7.0580167e-08  6.1812945e-09
   844 : -1.1776292e-03  1.0601217e-03 -1.5266561e-03
   845 : -4.6133912e-13  8.1202319e-13 -1.4952857e-12
   846 :  1.0332890e-02  2.2042305e-02  3.3192456e-02
   847 : -1.1089189e-04  3.8871053e-05  8.2397919e-05
   848 :  2.4032494e-21  1.1382677e-20 -6.4407877e-21
   849 : -2.1563667e-07  1.4303386e-06  2.7279452e-06
   850 :  3.9059845e-06 -1.1693632e-06  8.7091569e-06
   851 :  1.2335452e-07  1.2498664e-07 -1.1079790e-06
   852 :  6.0673971e-14 -1.5991714e-13  6.5095712e-14
   853 :  1.2714200e-03  3.8842778e-02 -2.2180168e-02
   854 :  5.3473578e-23  2.3391220e-21 -1.7402373e-21
   855 : -3.0642651e-02 -4.0029558e-04 -8.5529502e-03
   856 :  4.2264989e-02  1.7852704e-02  2.5579651e-02
   857 : -2.2890396e-02 -1.0930187e-02 -2.0755443e-02
   858 :  1.6628024e-02  2.3723528e-02  2.0832757e-02
   859 :  1.3071305e-13 -2.8770376e-13 -2.1994815e-13
   860 :  1.9969092e-02  2.5077352e-02 -3.1103331e-03
   861 : -2.3838048e-03 -5.5477278e-04 -2.4394758e-03
   862 : -2.8782920e-03  1.8636603e-04  4.9345754e-05
   863 :  1.5924892e-02 -7.6889610e-04 -4.5731385e-03
   864 : -7.5082503e-03 -2.1016596e-03 -7.6533870e-03
   865 :  5.1584737e-04  2.0345331e-01 -2.1062063e-01
   866 :  7.1106701e-02 -2.3209962e-02 -4.4546786e-02
   867 : -1.3583120e-02  7.5577924e-03 -2.3097644e-02
   868 : -1.4407559e-04  1.7066068e-04  5.3985065e-04
   869 :  1.7567352e-04  5.4020808e-05 -1.3078361e-04
   870 : -1.7169377e-04  4.9074696e-04 -1.4072510e-04
   871 : -2.5755842e-02  4.8636930e-03 -9.1366101e-02
   872 : -3.2336954e-02 -1.8416572e-02 -3.2888987e-02
   873 : -2.2665587e-02 -2.1187648e-02 -1.4122601e-02
   874 : -1.2879081e-02 -1.4212315e-02 -2.4337067e-02
   875 : -9.7040412e-09  2.7440642e-09 -6.9926711e-09
   876 : -6.9788968e-08 -4.5299183e-08  7.3134814e-08
   877 :  1.3035483e-17 -1.6142493e-17  1.9161747e-17
   878 :  1.4845869e-15 -3.8347585e-15  9.5523181e-16
   879 : -1.7909781e-08 -1.5813021e-08  5.4344360e-08
   880 :  2.5737039e-07  2.4075437e-07 -2.4363873e-07
   881 :  1.3785507e-19 -4.5236517e-19  6.6116445e-19
   882 : -5.8867443e-17  2.1480233e-17  9.3192070e-17
   883 : -9.4585126e-09  3.5362456e-09  1.5343013e-09
   884 :  1.6356764e-08  6.4595570e-08 -2.0297540e-08
   885 : -1.2839947e-03 -2.9629809e-03 -1.6922880e-03
   886 : -2.8626589e-03  1.7413454e-04 -2.2339688e-04
   887 :  1.9295116e-02  2.3351444e-02  2.1294589e-02
   888 :  1.7500752e-02  1.4027379e-02  2.1658515e-02
   889 :  5.5553989e-03  1.4910590e-02  1.1739837e-02
   890 :  9.4417053e-03  2.0003471e-03  7.4502763e-03
   891 :  2.9458777e-08 -4.6661182e-08  6.5800087e-08
   892 :  1.5312652e-07 -1.1401306e-06  6.2611605e-07
   893 :  1.9710525e-02 -8.7254660e-03 -6.8973281e-03
   894 : -2.1827217e-03  2.9620257e-02  3.0247152e-02
   895 : -1.3282072e-02 -3.6546285e-03  5.3891448e-03
   896 : -2.8755678e-04 -2.0454928e-02 -1.3142921e-03
   897 :  7.5367743e-09 -1.7202523e-09 -1.6529122e-09
   898 : -5.6523027e-10  9.8664380e-09  9.8621225e-09
   899 : -1.7086333e-03 -2.9278369e-03 -2.8508384e-03
   900 :  1.2863450e-04  1.9543324e-03 -3.2846984e-03
   901 : -1.4919924e-03  5.6953834e-04 -4.7762774e-04
   902 :  4.1854595e-03  1.4719070e-02 -7.7246988e-03
   903 :  9.2079855e-03 -1.1475911e-02  2.8758097e-02
   904 :  2.7667519e-02  2.7613471e-02  1.7273515e-02
   905 : -2.6505006e-03 -7.0018759e-03 -2.1788151e-03
   906 : -2.0506664e-02  1.2853184e-02  8.3787695e-03
   907 :  2.0640486e-03 -3.6344763e-02 -1.9777237e-02
   908 :  2.0275205e-02 -3.2660306e-02  6.5499838e-04
   909 : -1.0975629e-02  2.3536546e-02  1.1426097e-02
   910 :  4.6500954e-03 -2.6957160e-03 -5.8812154e-04
   911 :  4.6784642e-04  1.4487629e-02  4.0810423e-03
