Number of elements 912
     0 :  3.8347976e-07 -7.5322733e-07 -4.7734718e-07
     1 : -1.3705010e-03  6.5360934e-03 -7.6929959e-03
     2 :  3.7351269e-02  2.5937898e-02  2.2838342e-02
     3 : -2.7637486e-04  2.4637893e-04  7.1019976e-04
     4 :  2.5602784e-02  1.2282757e-02  1.6036909e-02
     5 : -3.4393498e-02  3.0026232e-02  6.7918494e-02
     6 :  1.0388009e-12  2.8486467e-13 -2.8772787e-12
     7 : -7.1976028e-03  2.4422517e-02 -1.2917476e-02
     8 :  4.4018417e-03  2.7701982e-02 -1.8824635e-03
     9 : -1.3219691e-11  7.0765717e-12  3.5801250e-11
    10 :  2.7377943e-03  2.7770158e-02  8.7987520e-03
    11 : -9.0905219e-14  2.2174964e-13  2.9599506e-13
    12 :  1.2186998e-02  1.0898941e-02  6.5795986e-02
    13 : -8.7163402e-03  2.6904262e-02  1.3371294e-03
    14 : -7.4280508e-05  2.1751328e-04 -2.8479725e-05
    15 :  6.1292661e-03 -1.1612905e-02 -1.3159632e-02
    16 : -4.5055661e-14 -3.2178352e-14  1.0639878e-13
    17 :  6.5113061e-09  4.7160617e-09 -2.1091568e-08
    18 : -6.5049483e-03 -2.2716370e-03  2.0962165e-03
    19 :  5.5134699e-16 -2.0353377e-15  4.6831281e-16
    20 : -1.6111969e-09  3.4347773e-08  1.1568950e-09
    21 : -8.3696595e-03  2.6816455e-03  1.8086444e-03
    22 : -2.5099655e-02 -6.8957179e-04  1.3369494e-02
    23 : -5.5566740e-15  5.1690187e-15  2.0233246e-14
    24 : -1.9144764e-03  2.8689398e-03 -2.8040128e-03
    25 : -6.5394845e-18  6.6885255e-16 -3.5082696e-16
    26 :  2.0642902e-03  3.1487752e-02  9.4751163e-03
    27 : -2.5035491e-02 -5.7695193e-02 -3.8331268e-02
    28 :  7.2829678e-03  3.5654196e-02 -2.3563079e-02
    29 : -7.8451399e-04 -2.2503557e-03  2.4634050e-04
    30 :  2.9685997e-02  2.5025492e-02  2.6147056e-02
    31 : -1.3290483e-04  1.6009267e-04  2.8380138e-04
    32 :  1.6075638e-11  9.1879626e-12 -3.6460572e-11
    33 :  7.3821288e-03  6.2945576e-03  5.4839901e-03
    34 : -1.6122992e-18  2.5978061e-17 -6.4425107e-17
    35 : -7.1849307e-05  6.1428946e-05  3.5427719e-04
    36 :  1.9105199e-02  2.4270005e-02  8.2513764e-03
    37 :  4.2580460e-03  9.7030028e-03  3.5895209e-03
    38 : -7.8841803e-03  9.8692111e-04 -2.4620256e-02
    39 : -4.8199236e-03 -1.4698315e-04  2.8221973e-03
    40 :  4.9914107e-03  2.5050599e-02 -9.3864863e-03
    41 : -2.0214338e-02 -1.5832679e-01  1.1586642e-01
    42 : -1.9669876e-15 -1.7612645e-15  6.9900536e-16
    43 :  1.2020974e-07 -1.7648842e-07 -1.0165513e-07
    44 :  2.1653398e-03  2.6455164e-03  1.2768917e-02
    45 : -1.3387743e-05  6.8607503e-06 -7.3487505e-06
    46 : -1.5378489e-05  7.5666430e-06  9.2946949e-06
    47 : -5.8129525e-11  3.9388630e-11 -6.2005797e-11
    48 :  3.2527968e-14  2.0799266e-13  4.6537767e-15
    49 :  6.2525710e-03  1.9731997e-02  2.7174033e-02
    50 :  1.0368476e-02  4.1336611e-03  7.0884562e-03
    51 : -9.7664772e-03 -7.8088467e-03 -1.9487671e-02
    52 :  3.3123454e-02 -1.8323126e-03  2.8714718e-02
    53 :  7.9050226e-13  2.8138563e-13 -1.5065230e-12
    54 : -3.0023589e-03 -2.7261159e-03  3.4450846e-03
    55 : -7.6836433e-03 -3.7186083e-03  3.5464718e-03
    56 :  8.5794194e-03  2.1975652e-02  1.4786550e-02
    57 : -1.3760104e-02 -8.4489709e-03 -6.3605115e-02
    58 : -3.7594480e-02 -3.4182286e-01  3.0715260e-01
    59 : -2.5184180e-03 -4.2454761e-03  1.7165715e-02
    60 : -2.0190717e-02 -1.9566535e-02 -3.8228495e-03
    61 : -8.7367900e-03  1.2319997e-02  2.8983984e-03
    62 :  5.1450416e-03  2.4744838e-03 -4.5503567e-03
    63 :  1.3344885e-02  1.4204051e-02  7.9023192e-03
    64 : -1.3473607e-02  2.6944681e-02  2.0837867e-02
    65 :  1.7798022e-04 -1.7231273e-03  7.0568067e-04
    66 :  4.0098762e-04 -1.3076205e-03  4.1034582e-04
    67 : -1.8640231e-12  9.9953195e-13  3.2164181e-12
    68 :  1.8244531e-13 -2.3506825e-13 -6.8738524e-14
    69 : -2.0068414e-12  1.7502692e-12  2.3911543e-12
    70 :  1.6182554e-05  4.6827113e-06 -3.1947469e-05
    71 :  1.8212556e-02 -5.2534336e-03  1.6393579e-04
    72 :  1.4434431e-15 -4.0831852e-15 -2.0264394e-15
    73 : -8.7544237e-03  9.2975906e-03  9.5113508e-03
    74 :  2.0000000e-08 -1.2931910e-08  4.1650045e-09
    75 : -1.0250252e-09 -8.5798404e-10  1.6018414e-09
    76 : -4.2648533e-15  1.7737475e-14 -2.6636866e-15
    77 :  1.0708369e-09 -1.0082199e-09 -9.0913613e-10
    78 : -5.4462671e-12  2.7589897e-11 -3.9095302e-12
    79 :  2.0193895e-08  9.1676418e-08 -1.0832395e-07
    80 : -1.0475247e-20 -1.6179273e-19  6.0791719e-20
    81 : -8.7376692e-11 -1.6910753e-10  1.2091636e-10
    82 :  3.3296389e-02  2.3063541e-01 -1.4202153e-01
    83 :  1.9267946e-17 -6.5197371e-18 -1.0575661e-16
    84 :  4.1685126e-16 -4.4789000e-16 -1.3780111e-16
    85 :  1.4310839e-02  3.0115332e-02  3.2280831e-03
    86 :  1.4092263e-08 -1.8625955e-10 -7.7474186e-09
    87 :  1.1963209e-07 -1.3890338e-07 -1.4717450e-07
    88 : -1.4157504e-03 -3.2742624e-03 -1.8386479e-05
    89 : -1.2743540e-02  6.2647524e-03  4.9488590e-03
    90 :  7.0992001e-15  7.6032594e-15 -2.9804931e-15
    91 :  2.2953974e-02  8.6387197e-03  1.2044345e-02
    92 : -3.1411695e-05  3.7693874e-07  1.0043536e-05
    93 :  1.2653304e-18 -1.7817497e-19 -4.8907626e-19
    94 :  5.2181449e-07 -2.5022297e-07 -1.4080473e-07
    95 :  3.8304141e-13 -1.5328259e-13  1.6294672e-14
    96 :  6.8966252e-05 -1.5407227e-04  3.7388192e-04
    97 :  9.0262795e-06  5.8058333e-05 -1.1903219e-04
    98 :  3.3131639e-02  1.9004185e-02  6.8964916e-03
    99 :  6.8507069e-12 -1.1833301e-11 -4.1998547e-13
   100 :  4.2700825e-12  8.0708191e-12 -1.4168273e-11
   101 : -1.3422330e-03  9.4011200e-05  4.9009789e-04
   102 : -3.9965668e-03 -4.1666211e-03 -6.7787825e-03
   103 :  2.0816915e-17 -1.6842843e-17 -5.0120286e-17
   104 :  4.0093776e-07  1.5308341e-06  6.0491004e-07
   105 :  2.1809503e-02  3.7557257e-02  3.8372425e-02
   106 : -4.9292504e-04 -1.1998021e-04 -2.7049093e-03
   107 : -3.5076914e-03  2.0451115e-02 -8.3723084e-03
   108 :  2.4028074e-02  2.2338615e-02  6.0701163e-03
   109 :  1.1807958e-02 -7.8057886e-03 -2.5430486e-02
   110 : -1.2825720e-02  1.4762176e-02  6.0392455e-03
   111 :  8.4133456e-04 -2.5365509e-03 -2.8001136e-03
   112 : -1.8014869e-12  5.6233489e-11 -3.2744601e-11
   113 : -1.0607876e-02  4.1971030e-03 -6.4962655e-03
   114 :  2.2807505e-04 -2.0587683e-04  4.6601089e-05
   115 : -3.0844744e-02 -8.5193158e-02  1.0819935e-02
   116 :  8.6087296e-03 -8.3222210e-02  1.0682511e-01
   117 :  2.2417597e-02  2.1135862e-02  9.3423789e-03
   118 :  3.9996232e-02  5.5845394e-02  3.5758842e-02
   119 : -5.8689077e-13 -1.3433469e-13  5.8320023e-13
   120 : -2.6391116e-05  1.0193116e-05 -1.6026565e-05
   121 :  1.2081810e-11  2.8743880e-10 -8.1693450e-10
   122 :  2.9712963e-03 -4.5658912e-02  3.3736080e-02
   123 : -1.2066086e-16  2.4802695e-16  1.7054024e-16
   124 : -1.3520620e-13 -2.5644711e-12  9.1737284e-13
   125 : -5.0683758e-21  1.5154662e-20 -5.3483458e-21
   126 :  9.3287408e-09  2.1770184e-08 -1.4353834e-08
   127 :  1.1730398e-09 -6.2289280e-09 -3.4459148e-09
   128 :  5.3524349e-02 -2.2536647e-03 -2.7231657e-02
   129 : -6.6049224e-08 -4.1107111e-07  2.2434769e-07
   130 : -8.6136716e-03  4.5387516e-03  4.4974855e-03
   131 : -2.3008744e-02 -1.2173736e-03 -2.2962301e-02
   132 : -1.4491638e-02 -3.1769262e-03 -7.4800406e-03
   133 :  9.4726162e-03 -2.2588249e-02  1.0537386e-02
   134 : -2.0982226e-02  2.1385653e-02  1.0577939e-02
   135 : -1.3045155e-02  3.2266132e-02  3.2840443e-02
   136 : -2.6029033e-03 -1.2029091e-03 -1.7212262e-04
   137 :  1.3780852e-02  2.7845122e-02  2.3439561e-02
   138 :  8.9817363e-03 -2.2795161e-03  1.1402402e-02
   139 : -4.3969297e-03  2.3983086e-02 -9.7219666e-03
   140 :  5.7091057e-11  1.5106059e-11 -1.1799932e-11
   141 :  2.9360834e-10 -5.4561609e-10 -2.3323639e-10
   142 :  2.7735373e-02  1.2507084e-02  3.7056669e-02
   143 :  3.5287994e-14  6.1282598e-15 -3.7662625e-13
   144 : -2.0810926e-03 -1.6026177e-03  1.0020419e-03
   145 :  5.0768077e-04 -3.5868742e-04  2.9189315e-04
   146 : -2.0393581e-06  3.8670133e-06  3.9951092e-06
   147 :  1.6275974e-13  4.6221510e-14 -6.9131460e-14
   148 : -3.5184149e-06  6.6152404e-06  9.6344238e-07
   149 :  7.4032802e-03 -7.5076153e-03 -3.5396790e-03
   150 :  1.1939609e-03 -1.4177530e-03 -8.2138813e-04
   151 : -9.4718968e-10 -1.5921345e-09  2.6397172e-09
   152 :  3.1533941e-07 -1.5323472e-07 -1.2779550e-07
   153 :  7.7264972e-02  1.9579751e-02  1.0239753e-02
   154 : -3.5135015e-21 -1.0030101e-19  4.5011911e-19
   155 : -1.5598939e-13  1.3439785e-16 -5.0204961e-15
   156 :  3.9510905e-15 -1.5360917e-14  5.0115802e-15
   157 :  4.5645904e-06  8.4071871e-06 -4.2228931e-05
   158 :  2.3484624e-02 -8.4540212e-03  1.6732901e-02
   159 :  4.1502839e-04 -5.2596768e-04  3.5939030e-04
   160 :  4.0572426e-18 -2.3037149e-18 -1.0204532e-18
   161 :  5.1413829e-18  1.1882221e-17 -2.6466779e-17
   162 : -2.3020865e-02 -3.8659286e-03 -6.1490360e-03
   163 : -3.1231602e-02  1.0305975e-02 -2.0130442e-02
   164 : -5.6579052e-09  7.6216947e-09  1.1964889e-08
   165 :  3.8480515e-04 -1.2952339e-03 -3.3117669e-03
   166 :  1.8181556e-14  2.9205691e-14 -1.3659678e-14
   167 :  3.1020321e-03 -4.2208465e-03  6.0757090e-03
   168 : -4.8282417e-02 -4.0122619e-02 -3.1406407e-02
   169 :  2.3044845e-02  5.5229098e-02  2.9053042e-02
   170 : -7.6702847e-13  2.6185928e-13  3.2528167e-13
   171 : -4.1218830e-13 -7.3822790e-13  1.9982915e-12
   172 : -1.2640625e-02 -1.9829853e-02 -2.0510205e-02
   173 :  1.5996735e-02  3.0123080e-02 -1.7176308e-02
   174 : -5.0745242e-03  1.9960775e-02  3.7052696e-03
   175 : -5.6246254e-06  4.4488177e-07  2.0175009e-06
   176 : -1.9211584e-12  2.6044741e-13 -3.2141383e-12
   177 : -9.6035685e-04 -8.2327770e-05 -1.8616632e-03
   178 :  2.6588105e-02  4.0171289e-01 -3.4209897e-01
   179 :  3.8185026e-03  7.5719602e-03  3.3429983e-02
   180 : -3.4271384e-14 -4.4466547e-16  9.0812414e-14
   181 : -1.4143879e-02 -2.2665814e-02 -8.4847612e-05
   182 : -2.6377573e-07  2.6608788e-08  7.6714010e-08
   183 :  1.0983612e-03 -3.2139976e-02  1.7839102e-02
   184 : -7.0772265e-18 -5.4691630e-17  2.5973372e-17
   185 :  1.2256902e-09 -7.7711017e-09 -2.4004772e-09
   186 : -3.2813454e-05  1.8782354e-05 -7.4838767e-05
   187 :  2.7357350e-03  3.4899061e-02  3.2462943e-02
   188 :  2.6047830e-02  1.8215957e-01 -7.8899386e-02
   189 :  5.0686744e-02 -1.5566223e-02 -1.0958736e-02
   190 : -1.1918106e-03 -1.9056878e-03  6.5406309e-04
   191 : -2.1496141e-16  3.6525885e-16  4.6672965e-16
   192 : -2.5112295e-02  4.7823792e-03  5.3914259e-03
   193 : -7.9941394e-03  9.3061406e-04 -3.0302617e-02
   194 :  2.5926580e-02  1.2549370e-01 -7.7204735e-02
   195 :  7.0976283e-05  3.4097998e-05 -4.9937935e-05
   196 :  1.6045529e-14 -1.1268509e-14 -4.7869156e-14
   197 : -1.0894832e-13  1.7973243e-13  4.6436574e-14
   198 :  1.7965820e-04 -4.8264214e-05  9.8973212e-05
   199 : -2.3401893e-02 -5.5264859e-02 -1.8550721e-02
   200 : -3.3767735e-13  1.6603221e-12 -1.2649483e-12
   201 : -4.4013537e-02 -2.9377779e-02  1.5877602e-02
   202 : -5.5791645e-04  2.9961124e-04  2.7835298e-04
   203 :  1.5742512e-15  1.5044376e-15 -1.0499591e-15
   204 :  1.9855956e-05  6.6042371e-05 -3.3170679e-05
   205 :  6.1156256e-03  2.8832364e-02 -5.6227660e-03
   206 : -4.5030303e-15  1.5305132e-15  8.2147246e-16
   207 : -8.9821280e-14  7.1265612e-14 -5.4384160e-15
   208 :  1.5505966e-09  9.2565276e-10 -5.9025551e-09
   209 : -6.3773906e-02  9.0730841e-02  6.9095190e-02
   210 : -3.6127511e-05  1.0630601e-04  8.4169743e-05
   211 :  7.5163940e-16  1.2039191e-15 -3.0001826e-15
   212 :  2.2599207e-02  2.4955665e-02  4.9341072e-03
   213 : -2.2029669e-13 -4.0877271e-13  5.3993369e-13
   214 :  7.2686396e-03  1.1791876e-02 -7.4702304e-03
   215 : -3.3189802e-03  4.6997517e-02  3.3174408e-02
   216 : -6.6471362e-03  2.4435602e-02  2.7155838e-02
   217 :  3.8995678e-19  7.8941834e-19 -5.0883771e-19
   218 : -3.6325884e-10  8.2030683e-10  5.6412998e-10
   219 :  1.1576334e-02 -2.5259481e-02 -3.9803949e-02
   220 :  1.5571603e-08  1.1567215e-08 -2.6211798e-08
   221 :  4.4201913e-13 -4.2299507e-12 -1.4106742e-12
   222 :  4.3163897e-03  1.3367276e-02 -2.9733613e-03
   223 :  1.2860777e-02  1.0800491e-02  7.5140519e-03
   224 : -3.4413040e-05 -1.7648801e-04  4.8092095e-04
   225 : -1.1390900e-08  5.2415712e-08  1.2190138e-08
   226 : -2.8244097e-11  1.1419805e-11  8.3378450e-12
   227 : -1.7972681e-05  3.2771941e-06  5.3845937e-06
   228 : -1.2316642e-03 -1.8789666e-04 -4.4551390e-03
   229 : -3.8246194e-07  7.9745806e-07 -3.7586770e-07
   230 : -1.9588746e-12 -1.9093159e-12  9.0546939e-13
   231 :  7.3949228e-13 -1.9563049e-12 -1.6633707e-13
   232 : -2.0514737e-19 -1.8153722e-19  1.7178153e-19
   233 : -1.3399723e-12 -3.1692170e-12  4.2753590e-12
   234 :  1.0633900e-03 -1.0034259e-02  6.9455408e-03
   235 : -6.2775199e-02  4.1032560e-02  6.7743100e-02
   236 : -1.6477643e-11 -2.6742325e-12  3.3841541e-11
   237 : -2.2554791e-09 -1.9816004e-09  9.5627775e-10
   238 :  9.3677839e-17  2.5578208e-18 -5.5274890e-17
   239 :  4.4009009e-12 -3.7353990e-12  4.8123121e-12
   240 :  1.8351948e-15 -1.3336772e-14  1.5049512e-15
   241 : -2.6407454e-02 -2.5502117e-02 -8.1636447e-03
   242 :  4.7558218e-02  3.7577024e-02 -1.8427044e-02
   243 : -2.4540084e-02 -1.8964245e-02 -2.6868077e-02
   244 : -5.3520829e-03  2.6156278e-03 -9.1488569e-03
   245 : -4.4321516e-11 -1.1645646e-10  2.2189736e-10
   246 : -6.3921513e-04 -1.9220777e-03  8.8965478e-04
   247 : -1.4381583e-02  5.5308606e-03 -1.0466140e-02
   248 : -1.5135381e-19 -1.5279682e-18  1.4689282e-18
   249 :  3.6328414e-08  4.1421068e-09 -9.2958238e-08
   250 : -1.5051287e-02  2.0661916e-02  1.3630007e-02
   251 : -1.4861172e-03  2.6288522e-03  6.0378004e-04
   252 : -1.1338746e-11  1.1209942e-11  5.3605878e-12
   253 : -2.9839343e-15  3.9914593e-16 -2.8696599e-15
   254 : -1.3106315e-02 -2.5156252e-02 -2.9283507e-02
   255 : -3.7068790e-05 -1.9718030e-05  1.6302823e-05
   256 :  2.1255269e-02  2.2999954e-02  1.3207168e-02
   257 :  1.2602965e-02  5.7232448e-03  1.2074792e-02
   258 :  1.0566177e-05  1.1842199e-05 -3.0649984e-05
   259 : -3.6166243e-10 -6.7495269e-10  9.2696881e-10
   260 :  1.8599527e-02  1.9748214e-02  1.1620896e-02
   261 :  7.6292628e-05  5.3674827e-05 -1.2820836e-03
   262 : -4.3449651e-11  4.7983688e-11  5.5029354e-11
   263 : -2.4428620e-12  2.3524680e-12  3.7228021e-12
   264 : -6.0014101e-06 -2.2511192e-06 -4.3308099e-05
   265 : -1.6173044e-02  2.2309746e-02 -2.0715782e-02
   266 :  9.4544734e-09 -4.4758492e-07  2.2920802e-07
   267 : -8.5058881e-07  1.9298277e-06 -5.0126149e-07
   268 :  4.3159467e-15 -4.6610251e-14  8.9577568e-14
   269 : -2.0174569e-03 -3.2119719e-03  1.2660378e-02
   270 :  2.3274521e-06 -9.1652607e-06  5.4914982e-06
   271 : -2.2862684e-02  8.5438504e-03 -2.5101596e-02
   272 :  1.4621353e-06 -5.5498411e-07  4.6356265e-07
   273 :  1.0808952e-12  5.6317266e-13 -3.3115342e-12
   274 :  5.2043580e-03 -1.9873682e-03 -9.9612863e-03
   275 :  2.1453506e-10 -3.4289653e-10 -6.7391255e-12
   276 : -2.0609118e-02  1.1318990e-02 -1.6033534e-02
   277 : -3.4725344e-12  7.8764385e-12 -5.0609840e-12
   278 :  4.4667911e-03  1.2017297e-02  2.3268641e-02
   279 : -1.6366768e-03  4.4370390e-04  5.4190292e-04
   280 :  1.9399974e-02  1.4944639e-02  3.2838324e-03
   281 : -1.1403959e-04  7.6584609e-05  1.3381101e-04
   282 :  2.1828999e-06 -9.8312423e-07  4.6573949e-07
   283 :  4.4118604e-09 -7.7604795e-09 -1.2812474e-09
   284 :  3.2298026e-11  2.1155932e-11 -1.1391725e-10
   285 : -3.0148560e-02 -1.8572325e-02 -2.0502929e-02
   286 :  2.3029790e-02 -3.5295087e-03  1.2410493e-02
   287 :  2.8913897e-02  2.1412411e-02  9.5564839e-03
   288 :  2.2249660e-02  1.1913263e-02  2.5254828e-02
   289 : -1.3588884e-03  8.5427197e-04 -1.7695527e-03
   290 : -2.2738993e-02 -6.2827825e-03 -2.0426626e-02
   291 :  3.9345748e-04 -1.4673433e-03  3.7363485e-04
   292 :  9.5285503e-03  6.4423769e-03 -1.4240229e-02
   293 : -3.1832522e-09  2.9314648e-09  4.1083449e-09
   294 :  2.2890155e-02  1.7588651e-02  1.7734044e-05
   295 : -5.3830954e-16  2.2948016e-16  6.6691948e-16
   296 :  5.1095268e-03  5.3129106e-03  1.6857162e-02
   297 :  2.7728900e-04 -4.6440684e-04  4.8262401e-04
   298 :  3.6128988e-04  1.3291793e-04  4.3071883e-04
   299 : -1.4128398e-16 -7.7015214e-17  3.0433628e-16
   300 : -4.3205107e-03 -2.2790025e-02 -1.9057720e-02
   301 : -9.3254956e-04 -9.4111232e-04 -4.5347455e-07
   302 : -6.7531319e-03 -1.5789692e-02  1.7237808e-03
   303 :  2.6169051e-02  7.7537955e-03 -1.2259264e-02
   304 :  1.0040917e-02 -2.5030627e-03  2.9438326e-02
   305 : -2.6327243e-05  3.8208606e-06  6.7559153e-06
   306 :  7.8231524e-03  1.1598917e-02  6.1567556e-03
   307 :  1.9527337e-02  2.7331796e-02  2.3664212e-02
   308 : -1.3431701e-05 -3.6316037e-05  1.8100720e-04
   309 : -5.9627207e-16 -4.9406324e-15  2.2164343e-15
   310 :  6.9342865e-04 -4.8377649e-03 -1.5183191e-03
   311 :  3.2587361e-02  2.1777487e-02  7.7711852e-03
   312 : -1.0771325e-17  3.9047160e-15 -1.1965634e-14
   313 :  2.6450976e-10 -5.1641953e-09  9.2638167e-10
   314 :  1.5084307e-16  2.7293453e-16 -6.8793741e-16
   315 : -1.5767493e-11 -8.5914091e-11  3.4974383e-11
   316 :  1.9231127e-02  1.8055043e-02  4.9922987e-03
   317 : -3.8106057e-17 -1.3294321e-16  1.6138520e-16
   318 :  6.4734100e-03  1.9491573e-03 -2.7609040e-03
   319 :  1.0828782e-02 -3.9550916e-02 -3.5644569e-02
   320 : -1.4356050e-02  5.3813493e-02  3.9525898e-02
   321 :  3.1380765e-03  1.8442189e-02  1.8531590e-02
   322 : -1.1978476e-16  2.9902308e-16 -4.0384577e-17
   323 : -8.7511641e-17  2.1388325e-16 -4.5823038e-17
   324 : -1.9317270e-10  5.6919457e-10 -9.5417715e-11
   325 :  9.5684895e-10 -3.3939644e-09  3.1950144e-09
   326 :  4.7904931e-02 -4.1734378e-02  8.5367271e-03
   327 :  2.0307145e-02  2.5998030e-01 -2.0839061e-01
   328 : -2.7277187e-02 -8.2890886e-03 -4.9907858e-03
   329 : -5.8616873e-12  4.0441557e-10 -1.8635027e-10
   330 :  9.9527025e-18  4.6534565e-18 -2.8065826e-17
   331 :  1.7414377e-06  7.5857698e-06  1.3067526e-08
   332 :  1.3896070e-02  1.6656194e-02 -1.2354717e-02
   333 :  3.7032952e-10 -6.2311306e-10 -3.5357716e-10
   334 : -3.6159632e-02 -3.2018737e-02 -3.0221597e-02
   335 : -4.8788311e-04 -2.9312204e-02  2.1542735e-02
   336 :  1.1405171e-03  5.5928783e-02  4.4718761e-02
   337 : -9.7547649e-15  2.5532786e-14  5.2729092e-15
   338 : -2.8671095e-02 -5.3266126e-03  2.7472440e-02
   339 :  7.2926750e-11 -7.3146316e-11  1.5817367e-11
   340 :  8.8283083e-03  6.6792641e-03 -4.0314450e-03
   341 :  6.4450788e-15 -1.8726177e-14  6.4523058e-15
   342 :  1.7336026e-11 -3.2690066e-11 -1.4459479e-11
   343 :  2.4859662e-04 -1.0424707e-04 -4.3542000e-05
   344 :  7.2309921e-03  5.8807207e-03  4.8085209e-03
   345 : -6.1665884e-03  4.3013772e-03  3.5653485e-03
   346 : -6.5867277e-11 -3.7341382e-11  3.5179051e-11
   347 : -2.6394675e-02  1.5588928e-02 -3.3771165e-02
   348 : -6.9459106e-05  1.4284589e-04 -8.0445910e-05
   349 : -4.8842685e-05  2.0802633e-05 -1.9550117e-05
   350 : -2.2966728e-02 -2.5388593e-02 -2.2594435e-02
   351 :  8.4248080e-09  2.6199774e-09 -6.9053197e-09
   352 : -1.3357573e-02  1.5638342e-02 -2.6641099e-02
   353 :  1.1708833e-02  3.0067677e-02  4.9605870e-03
   354 :  2.6861055e-02  1.5554171e-02  2.4528879e-02
   355 :  1.2208777e-02 -1.9313945e-03  2.2935458e-03
   356 :  4.3370572e-15  4.9111698e-15  1.3738947e-14
   357 : -6.0180277e-03 -3.1673713e-02  2.9549094e-02
   358 :  1.2326572e-05 -2.3475315e-05 -1.6791583e-05
   359 :  2.2954017e-20 -2.9411223e-20 -1.4767827e-20
   360 : -2.5874995e-02 -2.3744973e-02 -3.1562238e-02
   361 : -5.0488294e-08 -4.8216131e-09  1.7188225e-08
   362 : -1.6884493e-05 -2.3455558e-05  3.2097884e-05
   363 : -3.4601414e-08 -1.5327395e-06  3.8302233e-06
   364 : -6.9939511e-08  3.3875087e-07 -6.9234105e-08
   365 :  9.7955924e-04 -5.3578920e-04 -4.3979742e-04
   366 :  5.2348793e-14 -3.2378968e-13  2.0891348e-13
   367 : -2.8769105e-03 -6.8737447e-04 -2.3277637e-03
   368 : -4.4602692e-03  1.0992653e-02  1.9803028e-03
   369 : -4.7958543e-05 -8.3294692e-05  1.0985375e-04
   370 : -6.5732105e-06  1.4753096e-05 -1.4522777e-05
   371 :  3.9910096e-14 -1.0701570e-13  2.3467306e-13
   372 : -1.1429578e-04  1.8149439e-04  3.1947050e-04
   373 :  8.2671110e-03  4.7476085e-03  3.0719332e-02
   374 : -5.1281987e-03 -1.7847465e-02 -9.3830046e-03
   375 :  1.8215315e-09  3.6455149e-09 -2.6080774e-09
   376 : -5.2344675e-15  1.4871429e-14 -4.6624412e-15
   377 :  5.3433601e-04  4.0029468e-04  9.0992854e-05
   378 : -2.2785185e-05  1.1058651e-04 -5.3612204e-05
   379 :  3.7372379e-18 -8.3085504e-18  2.4536745e-18
   380 : -2.3135006e-02 -1.3806113e-02  1.0873946e-02
   381 : -5.8805063e-06  4.5293409e-06  9.8424452e-07
   382 :  6.2379805e-08 -8.1784558e-08 -5.3538588e-08
   383 : -1.5805084e-02  1.3072635e-02 -3.0284046e-02
   384 :  6.0423052e-09 -2.1815982e-08  1.4624420e-08
   385 :  9.3740315e-03  2.8352755e-02  1.1392368e-02
   386 :  1.8239251e-02  3.4212939e-03  7.6994574e-03
   387 : -4.6254077e-10  9.0701589e-10  1.1206432e-09
   388 :  8.0666770e-03  9.9314650e-03 -1.1526337e-02
   389 : -4.6892267e-07  1.0448465e-06  6.5997396e-07
   390 : -6.7043571e-03 -3.0732286e-03  1.9521390e-03
   391 :  3.7254201e-06 -1.1425806e-05  4.6794536e-06
   392 : -8.2867196e-03 -3.4245786e-02 -3.1065637e-02
   393 : -2.2771231e-02  4.2952649e-03  1.8734927e-02
   394 :  3.3254312e-08 -4.0293700e-08  7.6755982e-08
   395 :  1.7478771e-04  7.2574330e-05  1.5288406e-04
   396 : -2.6117516e-18 -3.6510689e-18 -1.1549175e-18
   397 : -2.2915927e-02  1.5145267e-02 -3.1756114e-02
   398 :  1.5872708e-03  5.1296186e-03 -4.6907870e-03
   399 :  2.0387934e-02  1.0018100e-02 -1.9460232e-02
   400 :  2.2469979e-03 -4.0062861e-03  4.9295391e-03
   401 :  2.1533305e-02  2.9389206e-03  3.7815291e-03
   402 :  2.3803448e-07 -1.0810632e-07 -5.5269944e-08
   403 : -1.2570595e-07  4.4777981e-07 -1.4021143e-06
   404 :  3.5996784e-14  1.8374031e-14 -1.3515016e-13
   405 : -8.4022876e-04  4.4337853e-04  6.1906302e-04
   406 : -2.6399408e-02 -2.4246496e-02 -1.9869777e-02
   407 :  3.6473233e-03 -1.7301536e-02 -1.0977464e-02
   408 : -1.3218040e-03  3.4201229e-03 -1.0022872e-02
   409 : -1.9667229e-03 -2.6526855e-03  2.5081009e-04
   410 :  2.0136542e-02  2.8915824e-02  2.4119028e-02
   411 : -1.1357932e-03  9.2501693e-04 -2.7731778e-03
   412 :  2.2908056e-03  1.2240416e-03 -4.3336001e-03
   413 : -2.5718926e-16  1.4622262e-15 -2.3426387e-15
   414 :  7.3138740e-03  4.1456119e-03 -2.1683395e-03
   415 : -2.5329321e-03 -2.1978208e-03  2.3873994e-03
   416 : -1.7301664e-10  9.4934997e-11 -9.9415304e-11
   417 :  3.6050808e-03 -8.1901769e-03  1.8373359e-03
   418 :  1.3120850e-02  1.1327931e-02  7.0862196e-03
   419 :  2.0553417e-13 -7.7294112e-13  2.2200270e-13
   420 :  4.3053948e-13 -1.8233175e-12  1.0349575e-12
   421 : -1.0025861e-10  5.7985130e-10 -2.7069193e-10
   422 : -4.5782639e-05 -4.6372299e-05 -2.2805322e-05
   423 : -4.3983485e-03  3.4870071e-02  9.0112281e-03
   424 :  8.5109865e-08  8.2334964e-08 -2.2878148e-08
   425 : -2.7215933e-10  4.0741871e-09 -1.3294092e-09
   426 :  1.6213325e-06  1.3633234e-06 -8.7398238e-07
   427 :  2.2814387e-06 -3.8600296e-07 -4.1487305e-06
   428 :  2.5294608e-07 -4.0443477e-07 -1.9488165e-07
   429 :  3.5228845e-02  3.8653979e-02  1.2097085e-02
   430 :  5.3039915e-03  6.2397858e-03 -2.8527054e-03
   431 :  1.0167791e-03 -1.3488288e-03 -1.1541102e-03
   432 :  1.9087298e-04 -1.4130862e-04  2.1060313e-04
   433 :  6.9774932e-15 -1.3310179e-14 -1.0870328e-15
   434 :  9.1596637e-03  1.9019713e-02  1.4817107e-02
   435 : -3.3582801e-03  1.7220172e-03 -2.1657299e-03
   436 : -2.6549989e-09  5.0072081e-09  3.8750344e-09
   437 : -3.1780981e-02  4.6515343e-02 -3.7936210e-02
   438 : -2.6251592e-02 -4.8617169e-03 -1.9612873e-02
   439 : -1.2334088e-02 -2.6006339e-02 -1.1983845e-02
   440 : -3.2868828e-11  1.2173420e-10 -3.8093530e-11
   441 :  8.2564319e-16  7.1596476e-16 -3.0908185e-15
   442 :  3.6160652e-03  1.4261358e-03  8.9735292e-03
   443 :  8.0056785e-04 -1.4208665e-03  4.1329915e-04
   444 :  3.2849593e-03  6.3753646e-04 -2.8136422e-03
   445 : -2.3953767e-04  8.9456072e-05  8.2136772e-05
   446 :  4.5170187e-04 -1.1483728e-02 -1.8732323e-02
   447 :  2.8113312e-05 -3.5318581e-05  2.4383130e-05
   448 :  2.0675967e-02  7.7429680e-03  2.2209853e-02
   449 : -4.3057555e-15  2.4223270e-15  2.6734041e-15
   450 : -1.6074693e-16  2.7429464e-16  4.6037576e-16
   451 : -2.2892629e-02 -5.6495406e-03 -3.3433074e-03
   452 :  8.2882026e-03  9.0427043e-03 -2.0386181e-03
   453 : -6.0791614e-03 -2.0774396e-02 -2.4719933e-02
   454 :  1.6032689e-02  4.8125251e-03  2.6294294e-02
   455 : -7.8257288e-07  1.1384539e-07 -4.1592019e-07
   456 :  2.4387262e-02  7.7076728e-03  2.5779339e-02
   457 :  5.7335642e-16 -2.6717970e-15  1.2338996e-15
   458 :  3.1370399e-06 -7.3465437e-06  5.4562812e-06
   459 : -6.5790365e-03  7.7706424e-03  2.1823415e-02
   460 :  2.4514824e-02  6.1911043e-03  2.2322985e-02
   461 : -9.4909357e-06 -2.2856215e-05  7.0024354e-06
   462 :  4.0829760e-04 -1.3042928e-03 -1.5542971e-03
   463 :  1.3879496e-11  2.3237036e-11  1.0543845e-11
   464 : -3.1890604e-02 -4.6514749e-02 -8.2079651e-03
   465 : -3.8614292e-04 -1.0977081e-03 -2.5434022e-03
   466 :  4.6733171e-03  9.2465542e-04 -2.1381775e-02
   467 : -6.5189959e-12  3.5817803e-13  1.3125726e-11
   468 :  8.3434914e-10 -1.7397452e-09  4.2807706e-10
   469 :  2.0861314e-17 -2.4078710e-18 -1.3480157e-17
   470 :  1.8386199e-15 -2.0235721e-15  5.8303144e-17
   471 :  5.4740569e-08 -8.2656399e-09  1.5975184e-09
   472 : -1.5410539e-10  4.2379284e-10  1.4604336e-10
   473 : -7.8170991e-03 -3.2198287e-03 -2.5970026e-03
   474 : -2.3365052e-13  3.8273740e-13  2.1661655e-13
   475 : -6.2461757e-08  6.4743662e-08 -7.8600080e-08
   476 :  1.5953771e-08 -3.6556798e-08  1.7453021e-08
   477 : -5.0068416e-17 -1.5604800e-17  1.2013770e-16
   478 :  3.5851347e-02  1.9091500e-02  3.6161875e-02
   479 : -1.2412285e-18  3.8610157e-18 -1.1739963e-18
   480 :  1.3355033e-02  9.0522246e-03 -1.8928002e-03
   481 : -5.7810484e-07 -3.5380305e-07  1.6818505e-06
   482 :  3.0149913e-12  1.1617014e-12 -9.9860470e-13
   483 : -4.9395030e-03 -1.2977438e-02 -1.8185624e-02
   484 :  2.4662109e-02  1.1022040e-02  7.4035402e-03
   485 :  4.6951518e-04 -3.6099410e-03 -1.0837626e-02
   486 :  7.4870919e-03  1.7902588e-02  1.2353875e-02
   487 : -3.5135663e-03 -1.4438133e-02  4.2987602e-02
   488 : -2.5203692e-02 -1.9463511e-02 -1.8704061e-02
   489 : -2.1281777e-13 -2.6017814e-13  8.6710827e-13
   490 : -1.7849466e-11 -3.4572524e-12  8.9114138e-12
   491 : -4.0636777e-12 -8.8425161e-12  6.2073871e-12
   492 :  2.3728964e-02  3.9182886e-02 -7.3423419e-03
   493 :  4.9540505e-03  6.1070739e-03  2.2262648e-03
   494 :  4.6271691e-04  3.8621797e-03 -6.8085793e-03
   495 :  2.9068142e-04  4.5348573e-04 -4.1799479e-04
   496 : -2.1476317e-10 -1.1613903e-08  1.1915784e-08
   497 : -4.3573770e-15 -4.3097823e-15  1.4019539e-15
   498 : -1.7897666e-14  5.7134102e-14 -5.2949042e-14
   499 :  2.2869887e-02 -2.1111870e-02 -7.8036073e-03
   500 : -1.5245395e-16  1.2024632e-16  1.7589005e-16
   501 : -3.9907791e-17  2.5215935e-16 -1.1178429e-16
   502 :  1.1341121e-02 -3.4528956e-02  1.5407899e-02
   503 :  1.4891921e-03  5.3148314e-03  5.5843484e-04
   504 : -1.2630644e-03  2.7743154e-04 -1.8352800e-03
   505 :  1.0939045e-02  1.4874193e-02  1.8460869e-02
   506 : -1.2447759e-11  4.1195226e-11  2.8457853e-11
   507 : -5.1986933e-10  1.7665666e-10 -6.8957397e-10
   508 : -4.7763851e-10 -3.7454094e-11 -1.0392240e-10
   509 :  7.0980725e-03  2.3165952e-02  5.3700141e-03
   510 :  1.3764825e-09 -7.2711191e-09  5.7353912e-10
   511 : -2.9681072e-05  1.2854360e-05  3.7204288e-05
   512 :  1.2318423e-06  2.0747139e-06 -1.4232522e-06
   513 :  1.6131096e-03 -9.6049070e-04 -3.0228618e-03
   514 : -5.3311665e-03  3.6322437e-03  2.1973720e-03
   515 :  6.7795097e-03 -1.9359960e-02  2.0816155e-02
   516 :  2.2954336e-10  8.1235741e-10 -2.1604076e-10
   517 :  1.2679287e-02 -4.0050138e-02  5.4838431e-03
   518 :  1.1420241e-03  1.1907265e-03 -3.2174271e-03
   519 : -4.6229108e-05  7.5094271e-05  1.1660603e-04
   520 :  1.1213037e-04 -3.7757591e-05  2.7232083e-04
   521 : -2.7394532e-02 -2.6216736e-02 -2.4670378e-02
   522 :  2.4512051e-02  1.2954677e-02  2.4274322e-02
   523 : -1.6073535e-02  1.7631235e-03 -3.8530336e-02
   524 :  7.1585732e-03  1.0038688e-02 -5.4037965e-03
   525 : -1.0322901e-03 -1.3770923e-03 -2.6104378e-03
   526 : -4.9483131e-07 -4.4010608e-07  1.1293649e-06
   527 :  1.4788080e-13  3.0766916e-13 -8.4867775e-13
   528 :  1.5404974e-02  1.0911620e-02  4.3899143e-03
   529 :  2.5030602e-02 -2.2049448e-03 -4.5952048e-03
   530 :  2.6749136e-03  1.7055154e-02  4.2684531e-03
   531 : -1.5825850e-02 -2.2702499e-02  2.9247384e-04
   532 :  8.5135774e-06 -1.7766276e-05 -1.2534837e-05
   533 :  4.5089574e-19 -4.0744845e-20 -2.7097044e-19
   534 : -1.0915426e-19 -3.6865125e-19  9.4602180e-19
   535 :  3.2481575e-12 -1.8205519e-12 -2.9495528e-13
   536 :  2.0060341e-03 -2.0105080e-02 -1.7799681e-02
   537 :  1.4934429e-03 -2.5941151e-04 -2.7055339e-03
   538 :  2.3422225e-02  1.4239119e-02  2.2874673e-02
   539 :  8.9785931e-13 -3.2002236e-12  8.4136357e-13
   540 : -2.0333975e-11  4.1999424e-11  2.6486808e-11
   541 :  1.8050361e-10 -6.1403992e-11 -4.1047481e-10
   542 :  1.0446055e-04  4.9027864e-04  6.0269075e-05
   543 :  1.5461700e-13  2.4400695e-13 -2.2336449e-13
   544 :  4.5729448e-04 -8.8321304e-04 -1.5803459e-04
   545 : -6.9597545e-09 -9.3722012e-09  9.6390607e-09
   546 : -2.5846760e-02 -2.9320466e-02 -1.3402599e-02
   547 :  7.6850028e-12 -1.7922761e-11  4.9666223e-13
   548 : -2.5792578e-02 -3.3006541e-02 -1.5143066e-02
   549 : -4.3679303e-10 -7.3346834e-11 -6.8927038e-10
   550 :  7.7929621e-03 -2.3673070e-02  2.7123020e-02
   551 :  2.4858629e-03  6.3483575e-03 -7.7717394e-03
   552 : -8.5446556e-03 -2.1533056e-02 -4.4084282e-03
   553 : -3.3026694e-02  2.5174836e-02  2.0155659e-02
   554 : -8.3336411e-10 -4.8940332e-09 -9.7867914e-10
   555 : -4.0659926e-05  2.9534288e-04  1.3395943e-04
   556 :  7.4350077e-10  1.0547084e-09 -2.6400520e-10
   557 :  3.6920129e-02  1.1747063e-02  2.8113064e-02
   558 :  1.4979251e-02  2.2086192e-02  2.4308056e-02
   559 : -1.3004653e-02 -7.1821765e-04 -2.3674528e-02
   560 : -1.5634196e-02 -1.5784894e-04  2.9075557e-02
   561 : -1.6252767e-02  3.5042780e-03 -6.9141457e-03
   562 : -1.8605384e-06 -2.4393055e-07 -8.2821583e-07
   563 :  5.6430402e-16 -2.4523477e-16  2.6667579e-16
   564 : -1.0259809e-02  6.0348272e-03  9.5679583e-03
   565 :  1.3820616e-02  9.0095284e-03  1.0205655e-02
   566 : -1.8260775e-10 -1.3459658e-10  5.8144855e-10
   567 : -1.6516204e-04  3.1089088e-04  1.4662357e-04
   568 : -4.0163082e-05 -1.6489382e-02  2.5250794e-02
   569 :  1.0586532e-02  6.1314946e-03  8.9782983e-03
   570 : -3.2430417e-09 -8.3763307e-10 -8.0934802e-09
   571 :  1.3442016e-05 -8.2039392e-06 -6.6937016e-05
   572 :  6.9760202e-17  6.3236236e-16 -2.9897018e-16
   573 :  3.4378420e-02  2.4166729e-02  7.7444209e-03
   574 :  2.9091354e-02  9.9810089e-03  2.6139765e-02
   575 :  6.9322370e-03  1.9124834e-02  2.5557755e-02
   576 :  1.6294828e-02  1.9368533e-02  2.4486542e-02
   577 :  3.0842751e-02  2.1134501e-02  2.4685577e-02
   578 :  4.5088435e-18 -7.2821293e-18  3.0413155e-18
   579 : -2.2505603e-02 -2.2859985e-02 -2.2228310e-02
   580 :  1.0469523e-02  5.0741887e-03 -1.4906272e-02
   581 : -1.8075989e-09  8.5340275e-09  5.1031235e-09
   582 :  2.3278997e-18 -1.6006842e-17  5.4309601e-18
   583 :  1.4580974e-07 -1.7090824e-07 -2.8640340e-07
   584 : -4.2444313e-17 -2.8278627e-16  1.0748927e-15
   585 : -5.5636246e-03 -7.8898378e-03 -3.5637151e-02
   586 : -2.3133460e-11  2.3136065e-11  3.0375352e-11
   587 : -7.6370108e-09  4.6469147e-07 -5.2203437e-07
   588 :  5.1178677e-10 -2.3862821e-10 -1.0085128e-10
   589 : -1.0852757e-01 -1.0652511e-03  2.6552583e-02
   590 : -1.0605181e-02  7.3210231e-04 -2.4033854e-02
   591 :  3.4025764e-17 -5.0166011e-17 -2.3486794e-17
   592 : -1.0564001e-09  4.3441534e-10  1.9503279e-10
   593 : -9.1521186e-06 -1.0141238e-05 -2.3437984e-05
   594 :  3.4581933e-06  3.7627154e-07 -1.8016683e-07
   595 : -4.9392487e-03 -6.1542594e-03  1.0685790e-02
   596 :  4.2048136e-02 -5.0300711e-02  1.6559205e-01
   597 : -3.9594529e-05  1.4026415e-05 -2.2645010e-05
   598 :  1.2732554e-07  1.8691302e-06 -1.1528041e-06
   599 : -4.4969244e-02  3.0992943e-03 -7.8167243e-03
   600 : -2.7402774e-03  2.9234687e-03 -3.0455624e-03
   601 : -1.9594730e-02 -2.0520292e-02 -1.6523924e-02
   602 : -4.0725531e-11 -1.0339104e-10  4.3360218e-11
   603 : -7.7199538e-14 -7.2176845e-13  5.0404810e-13
   604 :  1.7329577e-07 -1.3282955e-07  1.1721407e-07
   605 :  4.9541862e-06  3.2302941e-07 -1.0291484e-06
   606 :  7.7394973e-03  2.4293928e-02  1.2719550e-02
   607 :  5.0120719e-04 -2.0160865e-04 -4.9483249e-04
   608 :  1.4640719e-11 -1.7198819e-10  1.2115997e-10
   609 :  1.3141738e-08 -4.4815806e-08  1.3768439e-08
   610 :  6.5966550e-13  1.3904240e-12 -3.7674559e-12
   611 : -1.7928886e-02 -2.9770748e-02 -2.9392580e-02
   612 :  1.1419914e-03 -2.1820638e-03 -7.1752383e-04
   613 : -3.5816354e-05  3.9664913e-05  1.6662689e-04
   614 : -2.8760965e-02 -1.3405013e-01  5.7776492e-02
   615 :  5.5925423e-04 -1.6948236e-04 -6.8414984e-04
   616 : -2.8574885e-14  2.4328045e-14  3.2183702e-14
   617 : -3.7311946e-04  3.0179484e-05  1.5679530e-04
   618 :  1.2558903e-06  1.6317149e-06 -1.2384475e-06
   619 :  7.3509157e-11 -5.8799056e-11 -1.0164620e-10
   620 :  7.1167595e-06 -3.6355317e-06  4.2780755e-06
   621 :  1.2695094e-03 -4.6704490e-04 -1.6275897e-03
   622 :  1.4000008e-02  4.8306324e-03 -1.3825252e-02
   623 : -1.1899515e-02  2.7752355e-02  1.9652014e-02
   624 : -1.8811466e-03  1.5452908e-03 -1.1109776e-03
   625 : -7.9032726e-04 -3.0436427e-04  5.1422145e-04
   626 :  7.1955936e-18 -2.6955861e-17  1.0426103e-17
   627 :  1.8951541e-12 -9.7690912e-12  5.7449888e-12
   628 :  6.3030482e-07  6.6931570e-07 -6.2904942e-07
   629 :  5.9172161e-03 -7.4686967e-03 -1.6754720e-03
   630 :  1.7364466e-02 -4.2091263e-03  7.7916096e-03
   631 : -1.3048808e-05  1.6569240e-04  2.3375396e-05
   632 : -5.1183200e-14  9.9974726e-14  1.9852631e-14
   633 : -1.2759120e-02 -4.9650194e-05  2.0376537e-02
   634 : -2.0446022e-04 -4.7547671e-04 -1.3943684e-03
   635 : -2.8514611e-02 -1.9539413e-02 -2.2345227e-02
   636 :  7.7508026e-03  5.0729605e-03  1.1742081e-03
   637 :  1.3544206e-02  7.0756596e-03  1.4465119e-02
   638 :  9.3804491e-03 -2.3134374e-02 -2.8249488e-02
   639 : -2.5313880e-02 -3.1484042e-02 -2.7161915e-02
   640 :  1.5351482e-02 -5.9724311e-03  1.1770920e-02
   641 : -1.4354078e-10  3.1810285e-10  3.7981654e-11
   642 : -1.3879504e-02  2.4904022e-02  4.4255589e-02
   643 :  1.0453647e-03 -1.0541403e-03 -6.0932443e-03
   644 :  2.6551099e-02  6.2424995e-02 -3.7494499e-02
   645 :  2.0200884e-02  2.3698603e-02  2.8153991e-02
   646 :  3.3669150e-04  2.5793309e-04 -2.0238906e-04
   647 : -5.9263061e-03 -1.0657890e-02  2.0602088e-02
   648 :  4.7719364e-03  1.6934327e-02  8.0034625e-04
   649 :  5.4103230e-03  1.3603966e-02  8.7118792e-03
   650 :  2.3932995e-04 -5.1273934e-04  6.8206534e-04
   651 : -1.8312738e-02 -1.9936231e-02 -4.1832516e-02
   652 : -3.0359445e-03 -6.1252582e-04 -1.5244886e-03
   653 : -1.2995451e-02 -9.5387930e-03  3.9974867e-02
   654 :  7.7600165e-08 -1.4328504e-08  2.7325974e-08
   655 : -2.4732881e-03 -3.7334383e-04 -1.9341506e-03
   656 :  6.9776647e-03  2.2181646e-03  1.3342140e-02
   657 : -3.3208298e-02  1.7838897e-02 -1.2835232e-02
   658 :  2.2121834e-02 -2.5845957e-03  1.7599624e-02
   659 :  1.9965420e-02  8.3770872e-03  1.9704070e-02
   660 :  8.9984735e-03  1.4617072e-02 -1.7071110e-02
   661 : -1.4752369e-02  1.2843205e-02 -1.8428431e-03
   662 :  4.2544272e-07 -7.4618560e-07  2.2813003e-06
   663 : -2.0080547e-02 -2.2194217e-02  3.0583894e-04
   664 : -2.8056073e-02  8.7305375e-03 -2.2699654e-02
   665 :  2.2392914e-03 -1.1049084e-02 -5.6109708e-03
   666 :  2.2285202e-14 -2.1548769e-14 -2.7654734e-14
   667 :  1.0512586e-08 -2.2859914e-09  4.8183854e-09
   668 :  4.6887356e-03  1.0529438e-03  7.5564307e-03
   669 :  1.1699975e-17 -9.5318477e-18 -2.0597913e-17
   670 : -2.0354014e-02 -1.9688940e-02 -2.8755314e-03
   671 :  7.7083779e-03  8.1639523e-03  1.7659565e-02
   672 :  3.4819583e-03  3.4378063e-03  7.7901639e-03
   673 : -1.1924600e-05 -5.0611787e-06 -1.9755924e-05
   674 : -9.9634005e-05  8.4142650e-05  1.2494204e-04
   675 :  4.9290132e-05 -3.3086236e-05  1.0809933e-04
   676 :  1.9557316e-02 -5.1593037e-03  7.8787038e-02
   677 : -3.8212818e-05  2.8334902e-04 -1.6581516e-04
   678 :  5.2247088e-03  5.2087243e-03  5.7913980e-03
   679 :  3.3856705e-02  9.8955392e-04  3.4377733e-02
   680 :  2.1186949e-02  2.0305982e-02  5.3219077e-03
   681 : -7.2717306e-10 -1.2487964e-10  1.2517825e-09
   682 : -5.7080996e-10  2.1802617e-09 -1.2057283e-09
   683 :  2.5131209e-08 -4.1708529e-08 -4.7715929e-08
   684 : -4.7480458e-11  6.2473984e-11 -5.6900594e-11
   685 :  1.0818111e-02  2.0701616e-02  1.7916028e-02
   686 :  8.7840255e-05  1.0239889e-04 -4.1842631e-05
   687 : -2.8165306e-10 -3.2264774e-10  9.6193434e-10
   688 : -1.0989700e-05 -4.3856443e-05  7.2774752e-05
   689 : -1.8092879e-02 -1.6790225e-02  6.2230349e-03
   690 : -1.7045514e-03 -5.5494455e-04  5.0876960e-04
   691 :  2.4733535e-02  2.5651714e-02  2.1464596e-02
   692 :  9.0947517e-03 -2.6323399e-03  2.5568994e-02
   693 :  2.1727769e-17 -4.0888001e-17 -2.3365082e-17
   694 : -1.9338689e-12 -3.8780055e-12  5.8660716e-12
   695 : -1.2706316e-02 -2.8063008e-02 -1.9172080e-02
   696 : -1.4073748e-02 -7.8696037e-04 -2.4333111e-02
   697 : -5.9398818e-03  4.8212704e-03  6.3942956e-03
   698 :  8.5730564e-03 -1.5728980e-03  1.1357918e-02
   699 :  3.8568886e-06  1.9247432e-06 -5.6540121e-06
   700 : -2.7367033e-16 -2.3980443e-16  8.4323803e-16
   701 :  1.8655264e-15  2.7874159e-15 -2.4691950e-15
   702 : -1.4183960e-08  2.3022570e-08 -7.3394914e-09
   703 :  2.4904596e-02  1.8655782e-02  2.3183609e-02
   704 : -3.0893871e-03 -1.8023596e-03  1.3598455e-03
   705 :  4.7223532e-11  1.2152292e-10 -2.6915738e-11
   706 : -1.5629239e-01  1.5289486e-01  6.4330876e-02
   707 : -2.7613083e-02 -5.3110272e-02  2.2188050e-02
   708 :  1.6194427e-02  1.8515005e-02  3.8133451e-02
   709 : -4.2003587e-04  4.0053639e-04 -3.6285561e-04
   710 :  3.1335598e-06 -7.7926701e-07 -1.2782593e-06
   711 : -2.4076515e-03 -2.3966195e-04 -4.1146175e-05
   712 :  5.2225437e-03  9.1313541e-03  1.8920604e-03
   713 : -1.5556296e-03 -2.7340771e-03  3.7555793e-03
   714 :  2.5938908e-02  1.6458834e-02  2.7069325e-02
   715 :  2.4028206e-02 -1.3609194e-03  6.5267052e-03
   716 : -2.0616707e-12  5.0895913e-12 -1.7371778e-11
   717 : -2.2174097e-03 -1.9694642e-02 -4.8413152e-03
   718 :  9.7484654e-03 -3.7406752e-03  2.1964797e-03
   719 : -1.2374193e-02 -1.0596941e-02 -6.5881512e-04
   720 :  8.4577480e-03 -2.7565711e-03  1.4021862e-02
   721 :  2.8153589e-02  2.2946750e-02 -2.5132701e-02
   722 : -3.7560259e-10 -1.0588124e-09  2.1770632e-10
   723 :  8.6702392e-10  1.3486148e-08 -1.1752395e-08
   724 : -8.9979415e-10  2.0213922e-09 -6.8923587e-10
   725 :  4.1288209e-03  8.6337483e-03  7.5194425e-03
   726 :  8.4064091e-06 -3.7922771e-05  7.0820200e-06
   727 :  1.2097340e-03  4.0480512e-03  7.3805159e-03
   728 : -2.0594652e-03 -2.0537387e-02 -1.9653575e-02
   729 :  5.2605649e-02  1.3513801e-02  4.3256545e-02
   730 :  3.2006740e-03 -2.5328132e-03  6.7412913e-05
   731 :  7.7516457e-11  3.2336662e-10 -2.1879140e-10
   732 :  1.6330568e-06 -3.4582625e-07 -6.7419620e-07
   733 :  1.4342476e-02  1.8001183e-02  5.1489258e-03
   734 : -3.1653405e-02 -7.9772218e-01  9.3814013e-01
   735 :  1.4749534e-02  3.6910927e-02  2.3356632e-02
   736 : -2.2788750e-02 -2.8821016e-02 -2.0767453e-02
   737 :  1.3934875e-04  5.2761826e-05  1.0780090e-04
   738 :  6.8162648e-03  7.2957191e-04  5.1105843e-03
   739 :  6.9851124e-03 -1.2044389e-03  1.2943784e-03
   740 :  4.2240649e-03  2.2609277e-02  1.0161296e-02
   741 :  6.3046068e-03  6.9258051e-03  7.4703983e-03
   742 :  9.9529018e-05 -1.7827310e-03 -2.4688697e-03
   743 :  2.7636368e-02  1.8158921e-02  2.6180777e-02
   744 :  2.3233449e-02  5.7716731e-02  2.7028923e-02
   745 :  1.2828710e-10 -8.1900542e-10 -2.2404089e-10
   746 :  3.1465858e-08 -5.9115954e-08 -9.3735002e-08
   747 : -8.1520364e-06 -1.8225053e-05 -4.7488628e-05
   748 :  3.6850059e-03 -1.2855925e-03  2.2704406e-02
   749 : -1.5752976e-02 -3.5382984e-02 -2.1814360e-02
   750 :  1.7859739e-11 -4.0186061e-11  2.0297425e-10
   751 :  2.3951652e-02  2.5061037e-02  3.3684636e-02
   752 :  1.0436672e-03 -1.1582416e-04 -2.1825694e-03
   753 : -2.1137952e-02 -3.6552515e-02 -1.5235094e-02
   754 :  3.1411308e-08 -1.9231557e-08 -8.6960127e-08
   755 :  3.2051183e-02  4.3131034e-02  2.6021714e-02
   756 :  1.4211516e-04  2.4918580e-04 -2.6195750e-05
   757 :  9.6654712e-18  8.7743881e-18 -5.2020323e-18
   758 :  4.3665243e-02  9.0990833e-02  1.8036943e-02
   759 : -3.8134428e-04 -3.0969149e-03  2.5332324e-03
   760 :  2.1136766e-06 -1.4972173e-05 -4.5194055e-06
   761 :  1.4200587e-03  1.0089975e-02  2.0240041e-02
   762 :  4.9937719e-02 -5.6292098e-02  1.2640549e-01
   763 :  2.8712500e-13 -5.6016945e-13  1.7903398e-13
   764 :  6.6440668e-15  1.3690283e-13 -7.7550896e-14
   765 :  2.6645300e-02  2.5136763e-02  3.2907495e-02
   766 : -9.0639775e-05  2.1725151e-04 -9.4055196e-05
   767 :  9.1452326e-02  7.5485290e-02  1.1524679e-01
   768 : -4.4291651e-12  1.7968042e-10 -2.6282631e-10
   769 :  3.0103588e-02  2.5875152e-02  3.3943168e-02
   770 :  2.6858546e-02  5.5332837e-03  1.0504784e-02
   771 :  4.3833082e-03 -5.3133773e-04  1.6454732e-02
   772 :  2.3047368e-03 -1.8049394e-02  8.0131577e-03
   773 : -7.4357998e-05  3.1900111e-04  1.9446760e-04
   774 :  3.5109869e-02  3.3144205e-02  2.3627441e-02
   775 :  7.1306618e-02 -2.6840940e-01  3.3372998e-01
   776 :  2.0678797e-04  2.8662696e-04 -9.3475211e-05
   777 :  6.3777901e-03  5.0162275e-03  1.1017376e-02
   778 :  2.4299787e-02  2.5478272e-02  1.7354102e-02
   779 : -8.6299436e-08  1.2347577e-07 -1.7522186e-08
   780 :  2.2810973e-02 -1.4575855e-02  2.0833417e-02
   781 :  1.0654440e-10 -3.5441605e-12  1.4962861e-10
   782 :  2.1561421e-18 -5.0269670e-19 -4.3761938e-18
   783 :  3.0030754e-02  2.4144608e-02  2.5093920e-02
   784 : -3.6295752e-03  6.4402308e-03 -4.5848348e-03
   785 :  1.3484494e-10  5.9937377e-11  2.8550507e-10
   786 :  5.8902592e-02  2.3650581e-02  2.1364925e-02
   787 :  1.5168986e-02  1.3682987e-02  2.3629739e-02
   788 : -2.9981181e-10  1.1507711e-10 -2.5205140e-11
   789 : -1.6929079e-10  7.9470586e-09 -2.2681053e-08
   790 :  2.7704164e-02  3.4993003e-02  2.3368885e-02
   791 : -4.8505553e-03 -1.9846169e-02  7.8809687e-02
   792 :  9.0055582e-03 -2.0861547e-02 -3.1542595e-04
   793 :  9.3445006e-04 -2.3545371e-02 -1.7311686e-02
   794 :  3.1469221e-02  2.3808768e-02  1.9671074e-02
   795 :  1.3394361e-02  2.5729329e-03  6.7028408e-03
   796 : -2.1944207e-02 -3.1207297e-02 -2.0354729e-02
   797 :  1.5051481e-11  4.2922931e-10 -9.1606330e-10
   798 : -1.9121577e-02 -1.1647467e-01  9.2180406e-02
   799 : -3.7783743e-05 -2.7459185e-05  5.6357631e-05
   800 :  2.5963702e-02  2.6439147e-02  3.3595774e-02
   801 : -2.8113302e-09 -1.8978686e-08  2.7806066e-08
   802 :  1.3296428e-02  6.4293675e-03  5.2898566e-02
   803 :  2.3487595e-06 -1.0177459e-05  4.3429596e-06
   804 :  2.6206732e-02  3.3096327e-02  3.3508580e-02
   805 :  1.2944234e-03  1.3157225e-02  1.0172263e-03
   806 : -2.5952338e-08 -3.0212840e-08 -5.3551073e-08
   807 : -9.9699375e-12 -3.0959213e-10  9.2195962e-11
   808 :  3.9741823e-02  3.1979796e-02  3.1306399e-02
   809 : -2.9585927e-05 -7.0227374e-07 -3.5049452e-05
   810 :  2.0933887e-10 -2.4263944e-09  6.8613675e-09
   811 :  6.4692936e-18  3.0371600e-19 -6.7275429e-18
   812 : -1.2562500e-03 -3.3748309e-05 -2.3326992e-03
   813 : -1.4022268e-04  1.6096692e-02 -7.8346817e-03
   814 :  2.5624673e-17  8.3717073e-19 -2.7328380e-17
   815 : -1.4627172e-19  3.4637515e-19 -5.0641689e-19
   816 : -3.9380847e-15  3.2895744e-17  1.8869092e-15
   817 :  7.3949090e-17  8.6652015e-16 -1.0586904e-15
   818 : -2.4774389e-18  8.5992383e-17 -6.8144911e-17
   819 : -1.4645199e-03  6.0711985e-04  2.5650755e-04
   820 : -9.4708249e-18  2.7040758e-17 -5.7880999e-18
   821 : -1.3549011e-02 -1.0455328e-01 -8.4629396e-03
   822 : -8.9659588e-03  8.6421081e-04  6.0703353e-02
   823 : -1.5998107e-07  8.9536205e-08 -1.3206686e-07
   824 :  4.3064297e-06 -2.8899851e-06  6.9773131e-07
   825 : -2.8910364e-12 -2.6619857e-13  6.4410080e-12
   826 : -4.4050243e-03 -1.1511714e-02  7.3497195e-04
   827 :  2.3123934e-08 -1.1987883e-08 -5.4415707e-09
   828 : -1.1674373e-05 -6.7298040e-06  8.8347728e-06
   829 : -3.7589761e-03 -1.4686680e-02  3.0577731e-02
   830 :  7.6526987e-03  1.5620246e-02  3.2587549e-02
   831 : -2.7779536e-03  1.2439881e-02  2.2580504e-02
   832 :  1.3547448e-04 -3.7521828e-03  2.7769569e-03
   833 : -1.5262278e-02 -8.1888079e-02  1.0743085e-03
   834 :  2.2951207e-16 -2.1161501e-16  2.8054643e-16
   835 : -3.6653163e-19  8.6235343e-19 -1.4630700e-18
   836 : -4.1260881e-03  4.9947192e-03 -9.1732572e-04
   837 :  3.5205309e-09 -1.2247422e-09  1.4766234e-09
   838 : -2.0097696e-03 -4.0731447e-04 -2.1042699e-02
   839 :  7.4560544e-06 -2.1069986e-06 -1.6610481e-05
   840 : -8.0072810e-09  3.1257620e-09  4.1556715e-09
   841 : -6.5096204e-07  1.6585972e-07  3.1532818e-07
   842 : -9.7661565e-04 -1.0450068e-03  4.7743277e-04
   843 :  1.2014986e-08 -5.2742026e-08  9.5722826e-08
   844 : -2.2571710e-05  2.6756287e-05 -2.1308557e-03
   845 : -2.9065181e-12  6.6582004e-13 -2.8085005e-12
   846 :  1.8065686e-02 -2.7573460e-02  1.2607688e-01
   847 : -2.7171506e-04 -7.3601180e-05  2.5236461e-04
   848 :  6.4758049e-20 -7.7549864e-20  9.4483209e-21
   849 :  7.1778320e-06 -1.4651833e-05 -6.2444887e-06
   850 : -8.6857803e-06  1.9727744e-05 -4.0243382e-05
   851 : -2.7962169e-06  4.9618365e-06  1.4785494e-06
   852 : -1.3148726e-13  3.4272769e-13 -1.9478517e-13
   853 : -1.4041162e-02  1.0045693e-02 -3.1601620e-02
   854 : -3.1888749e-21 -6.8326545e-21  8.7206119e-21
   855 : -8.7735461e-03 -1.8419823e-02 -1.9120495e-02
   856 :  2.1865310e-02  3.8265785e-02  2.6944725e-02
   857 : -1.0644593e-03 -2.1872401e-02  1.8169477e-04
   858 : -1.2161014e-03  1.6184560e-02  1.8994858e-02
   859 : -1.0286247e-12  1.5015143e-12  7.8503001e-13
   860 :  2.0710888e-02  2.2006898e-02  1.4016536e-02
   861 :  4.6234002e-03 -4.3732501e-03  2.8261694e-03
   862 : -5.3416234e-04 -1.8514394e-03 -2.2034593e-03
   863 :  4.1385341e-03 -7.6041683e-03 -1.0666261e-02
   864 : -7.8768577e-03 -6.0558332e-03  1.6986632e-03
   865 : -1.3067547e-02  2.3370516e-01 -1.9557423e-01
   866 :  9.1418308e-02  2.8242592e-03 -2.0630749e-02
   867 :  3.3412565e-03  1.4637350e-02 -6.9030656e-03
   868 :  2.5862159e-04  5.7085964e-04 -4.0052660e-04
   869 :  3.7035558e-04  4.5827534e-04 -1.5258509e-04
   870 :  6.0316587e-04 -4.6480609e-04  2.7809409e-04
   871 : -3.2197480e-02 -6.5744088e-02 -3.1369592e-02
   872 : -1.9958582e-02 -2.7628702e-02 -4.6162021e-02
   873 : -1.1146378e-02  6.6745597e-03  1.4545090e-02
   874 :  1.6098580e-02  1.0400862e-02 -1.4122608e-02
   875 :  1.2166917e-07  5.5986243e-09 -1.2429806e-07
   876 : -3.6924570e-07  7.6421275e-07  4.0186591e-07
   877 :  4.0798206e-17 -5.2731328e-17  7.1374679e-17
   878 : -4.1842765e-15  1.0909386e-14 -3.0574203e-15
   879 : -2.7321495e-08  6.8175663e-08 -1.0022487e-07
   880 : -1.8152464e-06  3.6223014e-07  7.8880644e-07
   881 :  6.1547131e-17 -1.6889151e-17 -2.6384967e-17
   882 : -3.1703584e-16  2.6089193e-16  4.4437327e-16
   883 :  1.7594015e-08 -1.3460535e-08  1.5364914e-08
   884 :  2.4199223e-08 -1.2163520e-07  6.9325545e-08
   885 : -5.3827855e-03  4.0804423e-03  6.0899431e-03
   886 :  2.3076265e-03 -1.6765333e-03 -3.1496041e-03
   887 :  1.8446256e-02  2.5168978e-02  3.3423466e-03
   888 :  1.6469310e-03 -2.2643706e-03  2.0598292e-02
   889 : -2.3684102e-03 -4.4440343e-03  1.1688743e-02
   890 :  5.7125360e-03  1.1088323e-02  3.4088165e-03
   891 :  1.5531063e-07 -1.1293689e-08 -1.0242989e-07
   892 : -2.1874516e-06  4.3304571e-06  5.7337405e-07
   893 :  2.5673958e-02 -1.8933787e-02  7.9663589e-04
   894 :  1.2819803e-02  2.5728884e-02  2.5342190e-02
   895 : -3.8588037e-02 -1.7735492e-02  2.8106093e-02
   896 :  1.0302618e-02 -3.8867983e-03 -1.0833911e-02
   897 : -6.5085676e-09  4.8135576e-10  1.0510529e-08
   898 :  4.9346530e-08 -5.0810986e-08 -7.3338362e-08
   899 : -3.2591241e-03 -1.8290704e-02 -1.8862674e-02
   900 : -1.9619157e-02 -3.1189779e-04 -3.6462300e-03
   901 : -4.3059721e-03 -6.0855942e-04  5.0609355e-03
   902 :  2.0417392e-02  3.1139578e-02 -1.4283712e-02
   903 : -1.2707945e-02 -2.6780838e-02  9.1292495e-03
   904 :  1.0295749e-02  2.7032385e-02 -9.9251626e-03
   905 :  1.7415732e-03  2.1110415e-03 -5.9281106e-03
   906 :  2.7404517e-03  1.0305143e-02  1.4983715e-02
   907 :  2.1860450e-02 -1.9781173e-02  3.9300057e-03
   908 :  3.1059282e-02 -4.4944836e-02 -1.9209096e-03
   909 : -1.9621547e-02  2.3740334e-02  2.4144687e-02
   910 : -1.4403091e-03 -3.9118937e-04 -5.0678507e-03
   911 : -6.9111320e-03  3.6117750e-03 -1.9504064e-03
